0 95
1 81
2 75
3 67
4 63
5 62
6 63
7 58
8 61
9 60
10 60
11 61
12 60
13 61
14 60
15 61
16 62
17 61
18 57
19 60
20 61
21 60
22 61
23 64
24 64
25 64
26 61
27 60
28 59
29 61
30 64
31 63
32 63
33 59
34 64
35 59
36 61
37 62
38 62
39 62
40 63
41 61
42 61
43 66
44 65
45 65
46 66
47 65
48 64
49 66
50 63
51 61
52 61
53 58
54 57
55 57
56 58
57 60
58 61
59 61
60 57
61 59
62 64
63 61
64 61
65 59
66 59
67 61
68 62
69 58
70 60
71 60
72 59
73 58
74 63
75 62
76 62
77 59
78 60
79 60
80 61
81 61
82 58
83 60
84 64
85 65
86 63
87 60
88 56
89 59
90 62
91 64
92 63
93 60
94 64
95 62
96 59
97 58
98 58
99 58
100 61
101 61
102 56
103 58
104 62
105 60
106 58
107 55
108 57
109 60
110 60
111 60
112 64
113 58
114 56
115 62
116 65
117 63
118 60
119 58
120 62
121 60
122 61
123 61
124 60
125 59
126 63
127 59
128 55
129 56
130 60
131 57
132 60
133 61
134 60
135 58
136 61
137 63
138 58
139 57
140 53
141 59
142 60
143 60
144 59
145 55
146 50
147 53
148 56
149 56
150 60
151 62
152 60
153 60
154 61
155 59
156 62
157 63
158 63
159 58
160 59
161 57
162 61
163 61
164 60
165 64
166 63
167 61
168 61
169 59
170 64
171 66
172 66
173 64
174 62
175 61
176 64
177 63
178 58
179 57
180 57
181 57
182 58
183 62
184 59
185 53
186 52
187 56
188 60
189 62
190 62
191 59
192 54
193 60
194 59
195 60
196 57
197 55
198 57
199 58
200 60
201 59
202 63
203 64
204 60
205 62
206 58
207 57
208 59
209 61
210 59
211 63
212 63
213 64
214 63
215 62
216 61
217 59
218 59
219 54
220 53
221 54
222 55
223 57
224 52
225 55
226 60
227 62
228 61
229 60
230 55
231 59
232 59
233 56
234 60
235 57
236 59
237 57
238 58
239 58
240 59
241 62
242 65
243 64
244 61
245 60
246 60
247 61
248 59
249 59
250 63
251 67
252 66
253 63
254 60
255 58
256 61
257 61
258 55
259 55
260 57
261 60
262 56
263 57
264 55
265 54
266 57
267 61
268 64
269 64
270 59
271 57
272 60
273 62
274 58
275 59
276 60
277 64
278 61
279 58
280 58
281 56
282 58
283 61
284 60
285 61
286 60
287 60
288 57
289 56
290 57
291 56
292 59
293 62
294 62
295 62
296 61
297 58
298 58
299 62
300 65
301 63
302 64
303 59
304 66
305 65
306 62
307 59
308 56
309 59
310 57
311 59
312 57
313 63
314 62
315 62
316 63
317 61
318 61
319 62
320 61
321 60
322 60
323 63
324 64
325 64
326 63
327 59
328 58
329 61
330 62
331 62
332 58
333 58
334 55
335 58
336 60
337 65
338 65
339 66
340 63
341 63
342 58
343 58
344 58
345 58
346 59
347 61
348 57
349 61
350 62
351 63
352 61
353 63
354 55
355 58
356 56
357 57
358 58
359 55
360 54
361 56
362 58
363 58
364 59
365 60
366 59
367 57
368 60
369 57
370 61
371 67
372 65
373 63
374 63
375 58
376 59
377 63
378 65
379 63
380 62
381 58
382 61
383 63
384 63
385 62
386 63
387 60
388 59
389 61
390 59
391 60
392 56
393 56
394 59
395 61
396 60
397 58
398 58
399 57
400 55
401 56
402 57
403 58
404 61
405 62
406 63
407 58
408 58
409 58
410 61
411 61
412 62
413 65
414 64
415 63
416 55
417 56
418 59
419 57
420 57
421 60
422 61
423 60
424 57
425 58
426 61
427 65
428 62
429 60
430 61
431 62
432 61
433 62
434 60
435 62
436 59
437 54
438 59
439 61
440 64
441 60
442 60
443 58
444 59
445 60
446 58
447 61
448 62
449 59
450 61
451 65
452 65
453 64
454 62
455 63
456 64
457 60
458 61
459 62
460 64
461 60
462 59
463 58
464 55
465 61
466 60
467 60
468 65
469 60
470 59
471 58
472 56
473 56
474 50
475 56
476 59
477 57
478 59
479 61
480 62
481 62
482 60
483 61
484 62
485 60
486 60
487 61
488 61
489 61
490 58
491 59
492 58
493 60
494 62
495 62
496 62
497 66
498 58
499 61
500 60
501 60
502 57
503 59
504 57
505 59
506 62
507 53
508 55
509 62
510 63
511 67
512 63
513 56
514 54
515 58
516 61
517 59
518 59
519 58
520 56
521 58
522 58
523 59
524 60
525 61
526 63
527 64
528 64
529 61
530 63
531 61
532 61
533 62
534 58
535 61
536 62
537 63
538 61
539 63
540 60
541 59
542 60
543 56
544 59
545 60
546 58
547 57
548 56
549 59
550 56
551 60
552 57
553 57
554 59
555 58
556 55
557 57
558 60
559 60
560 58
561 59
562 62
563 64
564 59
565 57
566 58
567 58
568 59
569 64
570 60
571 59
572 58
573 62
574 63
575 63
576 62
577 63
578 64
579 57
580 58
581 59
582 55
583 56
584 57
585 58
586 62
587 63
588 60
589 54
590 57
591 59
592 58
593 58
594 59
595 54
596 58
597 57
598 58
599 60
600 57
601 60
602 60
603 58
604 57
605 58
606 59
607 58
608 57
609 59
610 58
611 63
612 66
613 62
614 63
615 60
616 56
617 59
618 61
619 60
620 59
621 58
622 62
623 63
624 61
625 61
626 60
627 59
628 59
629 61
630 58
631 60
632 58
633 57
634 57
635 56
636 60
637 55
638 59
639 57
640 59
641 59
642 59
643 61
644 60
645 57
646 60
647 59
648 61
649 56
650 62
651 58
652 57
653 60
654 65
655 63
656 66
657 70
658 65
659 63
660 63
661 62
662 61
663 61
664 60
665 62
666 64
667 63
668 64
669 61
670 60
671 61
672 62
673 60
674 61
675 61
676 60
677 62
678 63
679 59
680 60
681 62
682 60
683 59
684 61
685 64
686 61
687 63
688 60
689 62
690 65
691 62
692 61
693 60
694 56
695 58
696 58
697 59
698 60
699 52
700 58
701 58
702 56
703 60
704 57
705 58
706 59
707 59
708 58
709 56
710 57
711 59
712 54
713 59
714 62
715 66
716 65
717 58
718 58
719 54
720 55
721 57
722 56
723 58
724 57
725 61
726 58
727 57
728 53
729 55
730 61
731 62
732 58
733 57
734 59
735 61
736 61
737 58
738 54
739 56
740 59
741 59
742 61
743 57
744 58
745 60
746 59
747 61
748 58
749 60
750 61
751 56
752 60
753 56
754 59
755 60
756 63
757 61
758 60
759 58
760 58
761 57
762 57
763 56
764 58
765 60
766 52
767 56
768 57
769 59
770 59
771 59
772 58
773 60
774 63
775 66
776 66
777 61
778 57
779 57
780 59
781 64
782 64
783 59
784 58
785 56
786 54
787 54
788 55
789 55
790 55
791 56
792 57
793 58
794 56
795 56
796 59
797 61
798 59
799 54
800 58
801 59
802 60
803 61
804 56
805 55
806 58
807 54
808 59
809 58
810 57
811 58
812 58
813 61
814 62
815 61
816 54
817 60
818 62
819 59
820 56
821 58
822 59
823 58
824 57
825 58
826 58
827 57
828 56
829 60
830 60
831 59
832 57
833 56
834 58
835 57
836 60
837 58
838 59
839 60
840 58
841 58
842 61
843 62
844 61
845 59
846 60
847 63
848 63
849 63
850 60
851 57
852 58
853 58
854 60
855 63
856 67
857 60
858 63
859 65
860 63
861 61
862 61
863 61
864 61
865 60
866 57
867 54
868 56
869 56
870 53
871 52
872 55
873 61
874 61
875 61
876 62
877 62
878 65
879 61
880 63
881 63
882 65
883 62
884 64
885 61
886 51
887 56
888 56
889 56
890 55
891 62
892 60
893 60
894 56
895 58
896 52
897 59
898 61
899 57
900 59
901 55
902 54
903 57
904 57
905 57
906 62
907 57
908 63
909 63
910 63
911 58
912 55
913 53
914 56
915 52
916 53
917 58
918 59
919 59
920 61
921 62
922 57
923 55
924 54
925 58
926 59
927 54
928 57
929 58
930 58
931 55
932 58
933 59
934 60
935 61
936 57
937 58
938 60
939 62
940 62
941 61
942 63
943 62
944 63
945 66
946 61
947 59
948 60
949 60
950 58
951 58
952 60
953 61
954 62
955 65
956 62
957 59
958 60
959 59
960 59
961 62
962 59
963 62
964 60
965 63
966 60
967 62
968 60
969 58
970 62
971 60
972 56
973 53
974 54
975 57
976 58
977 58
978 62
979 54
980 59
981 61
982 61
983 59
984 55
985 53
986 57
987 59
988 61
989 58
990 58
991 61
992 62
993 62
994 63
995 61
996 62
997 59
998 58
999 61
1000 64
