0 75
1 68
2 63
3 58
4 53
5 49
6 46
7 43
8 45
9 45
10 44
11 44
12 43
13 43
14 40
15 36
16 36
17 35
18 39
19 42
20 43
21 44
22 42
23 41
24 43
25 47
26 45
27 46
28 45
29 43
30 42
31 44
32 44
33 42
34 41
35 40
36 41
37 40
38 41
39 39
40 39
41 39
42 41
43 39
44 43
45 47
46 44
47 40
48 42
49 38
50 38
51 40
52 39
53 42
54 43
55 46
56 47
57 47
58 44
59 42
60 44
61 44
62 43
63 44
64 45
65 44
66 45
67 46
68 46
69 46
70 43
71 41
72 43
73 45
74 44
75 42
76 43
77 43
78 43
79 41
80 40
81 40
82 41
83 45
84 45
85 44
86 46
87 42
88 43
89 43
90 42
91 38
92 38
93 39
94 41
95 38
96 37
97 40
98 43
99 41
100 40
101 40
102 40
103 42
104 43
105 45
106 45
107 43
108 40
109 37
110 42
111 42
112 42
113 42
114 42
115 40
116 40
117 39
118 40
119 42
120 39
121 40
122 38
123 40
124 35
125 36
126 36
127 34
128 34
129 33
130 36
131 38
132 39
133 40
134 40
135 40
136 43
137 43
138 45
139 46
140 44
141 44
142 46
143 44
144 41
145 41
146 42
147 41
148 41
149 42
150 41
151 41
152 42
153 40
154 40
155 42
156 39
157 42
158 44
159 39
160 37
161 39
162 38
163 39
164 40
165 44
166 45
167 43
168 40
169 43
170 42
171 43
172 43
173 42
174 42
175 39
176 39
177 39
178 37
179 38
180 42
181 41
182 42
183 42
184 41
185 43
186 41
187 38
188 37
189 41
190 41
191 42
192 43
193 43
194 42
195 44
196 44
197 44
198 44
199 44
200 44
201 45
202 44
203 43
204 41
205 40
206 39
207 39
208 39
209 38
210 42
211 41
212 41
213 40
214 40
215 41
216 42
217 42
218 41
219 42
220 42
221 41
222 39
223 41
224 42
225 40
226 38
227 41
228 42
229 40
230 38
231 41
232 41
233 40
234 37
235 39
236 41
237 40
238 40
239 37
240 37
241 39
242 42
243 43
244 44
245 44
246 45
247 45
248 40
249 38
250 39
251 41
252 40
253 40
254 39
255 41
256 42
257 39
258 38
259 44
260 46
261 47
262 45
263 45
264 43
265 44
266 43
267 42
268 42
269 43
270 41
271 41
272 42
273 43
274 42
275 39
276 38
277 37
278 37
279 38
280 41
281 41
282 40
283 38
284 35
285 37
286 41
287 39
288 39
289 39
290 38
291 38
292 40
293 39
294 40
295 43
296 42
297 42
298 42
299 40
300 39
301 40
302 41
303 42
304 42
305 43
306 42
307 43
308 47
309 47
310 47
311 46
312 43
313 41
314 39
315 39
316 40
317 42
318 40
319 42
320 39
321 42
322 42
323 40
324 41
325 41
326 40
327 40
328 43
329 43
330 42
331 40
332 43
333 42
334 37
335 37
336 38
337 39
338 42
339 42
340 43
341 43
342 42
343 41
344 43
345 40
346 40
347 44
348 42
349 42
350 42
351 39
352 41
353 42
354 41
355 40
356 42
357 43
358 39
359 37
360 37
361 39
362 39
363 41
364 42
365 43
366 44
367 44
368 45
369 47
370 40
371 41
372 40
373 40
374 39
375 40
376 42
377 41
378 42
379 41
380 42
381 43
382 39
383 38
384 33
385 38
386 39
387 41
388 42
389 40
390 39
391 41
392 39
393 41
394 41
395 44
396 42
397 47
398 44
399 44
400 43
401 46
402 43
403 42
404 41
405 43
406 45
407 45
408 44
409 45
410 46
411 45
412 46
413 41
414 41
415 40
416 40
417 43
418 40
419 40
420 39
421 42
422 41
423 40
424 41
425 42
426 43
427 43
428 43
429 45
430 42
431 40
432 38
433 42
434 43
435 42
436 40
437 39
438 42
439 43
440 44
441 44
442 43
443 45
444 45
445 45
446 42
447 41
448 43
449 43
450 41
451 44
452 39
453 38
454 39
455 40
456 43
457 44
458 46
459 45
460 45
461 45
462 46
463 42
464 43
465 44
466 44
467 46
468 46
469 46
470 42
471 41
472 41
473 42
474 42
475 44
476 41
477 44
478 42
479 43
480 41
481 39
482 40
483 42
484 43
485 44
486 40
487 42
488 42
489 41
490 41
491 41
492 45
493 45
494 45
495 43
496 42
497 41
498 41
499 45
500 44
501 44
502 45
503 40
504 40
505 39
506 40
507 41
508 38
509 39
510 40
511 42
512 43
513 45
514 45
515 45
516 44
517 42
518 40
519 41
520 45
521 46
522 48
523 48
524 45
525 45
526 44
527 43
528 42
529 39
530 41
531 39
532 42
533 42
534 39
535 42
536 38
537 39
538 40
539 40
540 42
541 43
542 44
543 40
544 43
545 42
546 45
547 45
548 43
549 42
550 41
551 41
552 39
553 40
554 42
555 44
556 45
557 43
558 44
559 42
560 41
561 43
562 42
563 39
564 38
565 38
566 40
567 40
568 43
569 43
570 44
571 43
572 41
573 42
574 39
575 34
576 37
577 37
578 39
579 42
580 41
581 42
582 42
583 44
584 45
585 42
586 46
587 47
588 41
589 39
590 37
591 39
592 39
593 37
594 41
595 42
596 44
597 41
598 39
599 38
600 40
601 39
602 37
603 37
604 36
605 39
606 40
607 41
608 42
609 43
610 41
611 41
612 40
613 44
614 42
615 42
616 42
617 43
618 42
619 42
620 40
621 41
622 44
623 46
624 42
625 42
626 45
627 46
628 45
629 42
630 44
631 43
632 42
633 42
634 37
635 37
636 38
637 41
638 43
639 41
640 43
641 43
642 44
643 43
644 43
645 41
646 43
647 42
648 40
649 40
650 39
651 40
652 41
653 43
654 42
655 42
656 41
657 44
658 42
659 42
660 43
661 42
662 43
663 43
664 42
665 43
666 44
667 46
668 42
669 39
670 40
671 41
672 41
673 42
674 42
675 40
676 38
677 40
678 38
679 39
680 38
681 37
682 37
683 39
684 39
685 40
686 40
687 41
688 41
689 42
690 43
691 42
692 43
693 45
694 43
695 40
696 43
697 41
698 37
699 40
700 44
701 44
702 46
703 45
704 45
705 40
706 38
707 41
708 42
709 43
710 46
711 46
712 46
713 46
714 46
715 46
716 44
717 46
718 43
719 43
720 43
721 43
722 46
723 44
724 42
725 42
726 41
727 40
728 41
729 43
730 45
731 46
732 45
733 43
734 40
735 40
736 40
737 44
738 43
739 42
740 43
741 40
742 41
743 41
744 43
745 43
746 43
747 43
748 44
749 41
750 44
751 44
752 43
753 45
754 49
755 47
756 44
757 45
758 47
759 47
760 47
761 45
762 43
763 42
764 44
765 44
766 46
767 44
768 44
769 41
770 41
771 44
772 46
773 42
774 41
775 41
776 40
777 40
778 40
779 36
780 37
781 39
782 36
783 40
784 41
785 39
786 40
787 41
788 41
789 41
790 43
791 43
792 42
793 41
794 40
795 42
796 45
797 47
798 44
799 41
800 43
801 42
802 45
803 44
804 44
805 40
806 37
807 41
808 44
809 41
810 44
811 45
812 42
813 40
814 39
815 40
816 42
817 44
818 44
819 41
820 41
821 40
822 39
823 42
824 43
825 44
826 42
827 40
828 41
829 41
830 40
831 39
832 40
833 39
834 38
835 37
836 39
837 37
838 38
839 40
840 40
841 41
842 40
843 45
844 44
845 41
846 38
847 36
848 37
849 39
850 40
851 42
852 43
853 42
854 43
855 42
856 41
857 40
858 41
859 43
860 44
861 46
862 43
863 43
864 42
865 40
866 41
867 41
868 36
869 39
870 43
871 39
872 40
873 43
874 41
875 40
876 39
877 39
878 41
879 41
880 42
881 41
882 40
883 40
884 40
885 41
886 43
887 44
888 42
889 43
890 40
891 40
892 37
893 39
894 42
895 39
896 44
897 46
898 48
899 46
900 45
901 46
902 45
903 41
904 43
905 44
906 42
907 41
908 44
909 42
910 43
911 44
912 43
913 43
914 43
915 44
916 42
917 41
918 38
919 39
920 41
921 41
922 41
923 42
924 42
925 41
926 39
927 39
928 41
929 38
930 38
931 38
932 40
933 42
934 40
935 41
936 42
937 43
938 43
939 43
940 41
941 42
942 40
943 42
944 39
945 40
946 42
947 40
948 41
949 38
950 39
951 42
952 42
953 43
954 42
955 44
956 43
957 42
958 41
959 40
960 39
961 39
962 41
963 43
964 42
965 39
966 42
967 42
968 43
969 43
970 42
971 41
972 40
973 37
974 39
975 40
976 36
977 39
978 41
979 41
980 42
981 42
982 43
983 43
984 43
985 42
986 43
987 43
988 41
989 39
990 42
991 44
992 46
993 48
994 46
995 46
996 44
997 40
998 41
999 43
1000 45
