0 25
1 15
2 18
3 15
4 14
5 16
6 17
7 15
8 16
9 15
10 16
11 16
12 15
13 17
14 17
15 17
16 16
17 15
18 16
19 14
20 17
21 14
22 16
23 16
24 15
25 17
26 16
27 16
28 15
29 16
30 14
31 17
32 15
33 15
34 15
35 17
36 17
37 14
38 17
39 16
40 15
41 15
42 16
43 16
44 18
45 16
46 16
47 16
48 14
49 14
50 17
51 14
52 14
53 18
54 16
55 15
56 15
57 16
58 18
59 19
60 16
61 15
62 16
63 15
64 16
65 16
66 16
67 17
68 16
69 13
70 15
71 18
72 16
73 16
74 15
75 16
76 14
77 15
78 17
79 18
80 16
81 16
82 16
83 14
84 11
85 17
86 16
87 16
88 14
89 15
90 16
91 16
92 16
93 17
94 16
95 17
96 13
97 17
98 14
99 16
100 14
101 16
102 15
103 16
104 17
105 14
106 15
107 18
108 17
109 18
110 16
111 16
112 17
113 15
114 16
115 16
116 18
117 17
118 15
119 18
120 13
121 17
122 17
123 16
124 15
125 14
126 15
127 14
128 14
129 12
130 15
131 16
132 15
133 17
134 14
135 15
136 17
137 16
138 16
139 17
140 17
141 15
142 15
143 16
144 17
145 16
146 14
147 14
148 17
149 13
150 15
151 16
152 15
153 17
154 15
155 18
156 14
157 15
158 16
159 15
160 17
161 16
162 18
163 17
164 19
165 18
166 15
167 17
168 15
169 15
170 14
171 14
172 14
173 17
174 13
175 13
176 12
177 17
178 12
179 14
180 13
181 17
182 15
183 16
184 16
185 17
186 17
187 15
188 18
189 14
190 14
191 18
192 18
193 14
194 16
195 16
196 14
197 16
198 15
199 14
200 16
201 16
202 16
203 18
204 17
205 13
206 16
207 15
208 16
209 15
210 15
211 16
212 17
213 16
214 14
215 17
216 15
217 17
218 17
219 15
220 16
221 14
222 15
223 14
224 14
225 17
226 16
227 18
228 16
229 17
230 17
231 17
232 16
233 16
234 13
235 15
236 18
237 17
238 16
239 18
240 15
241 13
242 16
243 16
244 13
245 15
246 19
247 18
248 17
249 14
250 16
251 15
252 14
253 14
254 13
255 17
256 16
257 14
258 17
259 16
260 18
261 16
262 15
263 17
264 15
265 17
266 15
267 18
268 11
269 15
270 14
271 15
272 14
273 14
274 17
275 12
276 15
277 16
278 15
279 15
280 16
281 16
282 17
283 14
284 15
285 17
286 14
287 16
288 15
289 17
290 15
291 16
292 15
293 15
294 15
295 16
296 15
297 12
298 13
299 17
300 16
301 17
302 14
303 11
304 15
305 16
306 15
307 16
308 18
309 13
310 17
311 15
312 16
313 16
314 16
315 16
316 17
317 15
318 13
319 14
320 16
321 15
322 13
323 15
324 15
325 11
326 16
327 14
328 17
329 13
330 15
331 13
332 17
333 15
334 15
335 15
336 16
337 15
338 16
339 15
340 17
341 17
342 14
343 18
344 14
345 16
346 17
347 16
348 14
349 15
350 16
351 17
352 16
353 18
354 15
355 16
356 16
357 16
358 17
359 14
360 16
361 15
362 17
363 16
364 17
365 19
366 16
367 16
368 17
369 16
370 14
371 17
372 14
373 16
374 14
375 16
376 16
377 17
378 18
379 16
380 16
381 13
382 16
383 14
384 17
385 15
386 15
387 16
388 17
389 16
390 14
391 16
392 16
393 14
394 16
395 15
396 16
397 14
398 17
399 16
400 16
401 16
402 19
403 17
404 16
405 15
406 15
407 13
408 14
409 16
410 16
411 16
412 17
413 15
414 16
415 16
416 16
417 18
418 17
419 14
420 16
421 15
422 17
423 15
424 14
425 16
426 15
427 16
428 16
429 17
430 16
431 13
432 14
433 17
434 14
435 16
436 14
437 16
438 16
439 16
440 16
441 16
442 17
443 17
444 14
445 17
446 14
447 17
448 17
449 17
450 14
451 12
452 16
453 17
454 16
455 16
456 12
457 17
458 17
459 16
460 16
461 17
462 13
463 16
464 15
465 18
466 14
467 14
468 13
469 13
470 15
471 16
472 18
473 16
474 16
475 16
476 14
477 16
478 14
479 17
480 16
481 16
482 13
483 16
484 16
485 14
486 14
487 15
488 16
489 17
490 14
491 15
492 15
493 17
494 16
495 16
496 14
497 14
498 17
499 16
500 17
501 18
502 16
503 15
504 18
505 16
506 16
507 14
508 16
509 17
510 15
511 14
512 16
513 15
514 16
515 16
516 17
517 17
518 18
519 17
520 16
521 16
522 16
523 13
524 14
525 14
526 16
527 14
528 16
529 17
530 16
531 15
532 15
533 16
534 12
535 16
536 16
537 18
538 16
539 15
540 15
541 16
542 17
543 15
544 16
545 19
546 11
547 15
548 16
549 15
550 16
551 15
552 17
553 16
554 15
555 15
556 11
557 16
558 15
559 17
560 14
561 16
562 17
563 16
564 14
565 16
566 15
567 14
568 17
569 15
570 17
571 15
572 19
573 16
574 17
575 16
576 14
577 16
578 14
579 17
580 15
581 16
582 14
583 18
584 13
585 17
586 14
587 17
588 16
589 16
590 14
591 15
592 13
593 13
594 16
595 17
596 15
597 15
598 16
599 14
600 12
601 16
602 15
603 15
604 16
605 16
606 15
607 16
608 16
609 17
610 16
611 14
612 16
613 15
614 16
615 16
616 14
617 17
618 16
619 16
620 17
621 13
622 17
623 16
624 17
625 16
626 16
627 15
628 14
629 14
630 15
631 14
632 16
633 15
634 15
635 15
636 17
637 18
638 16
639 10
640 17
641 14
642 17
643 15
644 14
645 16
646 15
647 17
648 17
649 16
650 15
651 16
652 12
653 17
654 15
655 13
656 17
657 14
658 14
659 16
660 16
661 18
662 16
663 16
664 17
665 18
666 16
667 18
668 16
669 17
670 18
671 16
672 17
673 17
674 14
675 16
676 17
677 17
678 18
679 17
680 16
681 16
682 15
683 16
684 16
685 13
686 14
687 14
688 14
689 15
690 14
691 16
692 11
693 14
694 15
695 14
696 15
697 18
698 14
699 15
700 13
701 19
702 15
703 15
704 14
705 17
706 14
707 16
708 15
709 16
710 11
711 18
712 17
713 17
714 16
715 15
716 17
717 16
718 17
719 14
720 19
721 17
722 16
723 17
724 16
725 16
726 12
727 14
728 15
729 16
730 17
731 11
732 16
733 16
734 16
735 16
736 16
737 16
738 15
739 16
740 13
741 16
742 16
743 16
744 16
745 17
746 16
747 13
748 15
749 18
750 17
751 16
752 17
753 17
754 16
755 17
756 15
757 12
758 14
759 14
760 16
761 16
762 15
763 14
764 13
765 16
766 14
767 16
768 15
769 15
770 17
771 13
772 16
773 16
774 16
775 16
776 15
777 16
778 18
779 17
780 14
781 16
782 18
783 15
784 14
785 14
786 17
787 14
788 17
789 18
790 15
791 16
792 15
793 14
794 14
795 16
796 18
797 15
798 15
799 14
800 17
801 14
802 14
803 16
804 14
805 15
806 14
807 13
808 13
809 16
810 15
811 17
812 16
813 15
814 17
815 16
816 16
817 16
818 18
819 15
820 17
821 14
822 18
823 14
824 15
825 12
826 15
827 15
828 18
829 17
830 13
831 15
832 13
833 16
834 17
835 16
836 15
837 15
838 15
839 18
840 15
841 12
842 16
843 16
844 16
845 17
846 17
847 19
848 15
849 16
850 16
851 16
852 11
853 17
854 13
855 18
856 16
857 15
858 15
859 17
860 18
861 16
862 17
863 12
864 15
865 16
866 17
867 16
868 16
869 16
870 16
871 18
872 15
873 16
874 16
875 15
876 16
877 16
878 17
879 15
880 16
881 16
882 17
883 14
884 16
885 17
886 14
887 14
888 17
889 15
890 16
891 16
892 16
893 17
894 16
895 15
896 17
897 15
898 17
899 17
900 16
901 14
902 18
903 14
904 15
905 13
906 15
907 16
908 16
909 13
910 17
911 15
912 16
913 16
914 17
915 17
916 15
917 15
918 13
919 15
920 15
921 14
922 15
923 15
924 14
925 17
926 14
927 17
928 18
929 17
930 16
931 16
932 17
933 15
934 15
935 15
936 17
937 17
938 16
939 16
940 15
941 17
942 15
943 14
944 17
945 17
946 15
947 17
948 15
949 17
950 15
951 16
952 16
953 16
954 16
955 16
956 15
957 17
958 14
959 17
960 17
961 15
962 16
963 17
964 14
965 15
966 15
967 13
968 11
969 16
970 15
971 15
972 15
973 17
974 17
975 10
976 16
977 15
978 16
979 16
980 16
981 16
982 16
983 14
984 16
985 16
986 15
987 14
988 17
989 17
990 17
991 15
992 16
993 16
994 16
995 16
996 14
997 15
998 18
999 16
1000 17
