0 20
1 17
2 16
3 14
4 13
5 12
6 14
7 14
8 11
9 11
10 10
11 9
12 11
13 12
14 13
15 12
16 11
17 12
18 13
19 12
20 9
21 10
22 10
23 10
24 10
25 9
26 9
27 8
28 6
29 7
30 9
31 12
32 10
33 12
34 10
35 13
36 12
37 11
38 12
39 9
40 10
41 10
42 8
43 11
44 12
45 13
46 12
47 12
48 12
49 10
50 11
51 10
52 12
53 11
54 11
55 10
56 13
57 12
58 11
59 12
60 12
61 11
62 12
63 11
64 11
65 12
66 11
67 10
68 10
69 9
70 10
71 9
72 10
73 10
74 13
75 13
76 12
77 12
78 10
79 11
80 11
81 12
82 10
83 11
84 11
85 11
86 12
87 11
88 11
89 11
90 10
91 11
92 11
93 12
94 11
95 11
96 10
97 11
98 9
99 9
100 11
101 9
102 9
103 12
104 13
105 11
106 12
107 12
108 11
109 11
110 11
111 12
112 13
113 13
114 12
115 13
116 13
117 12
118 12
119 12
120 12
121 13
122 10
123 10
124 11
125 9
126 10
127 10
128 10
129 11
130 13
131 12
132 10
133 10
134 7
135 10
136 10
137 9
138 10
139 8
140 10
141 11
142 12
143 11
144 10
145 10
146 9
147 10
148 10
149 12
150 12
151 10
152 10
153 11
154 11
155 11
156 11
157 10
158 11
159 9
160 12
161 14
162 13
163 11
164 12
165 12
166 13
167 12
168 13
169 13
170 10
171 10
172 10
173 12
174 11
175 12
176 13
177 13
178 11
179 13
180 12
181 12
182 11
183 10
184 10
185 11
186 12
187 12
188 11
189 12
190 10
191 9
192 11
193 12
194 13
195 9
196 11
197 13
198 14
199 13
200 12
201 13
202 14
203 13
204 10
205 11
206 13
207 13
208 13
209 13
210 12
211 11
212 10
213 10
214 10
215 13
216 12
217 12
218 13
219 13
220 12
221 12
222 13
223 13
224 13
225 15
226 14
227 13
228 11
229 11
230 13
231 13
232 13
233 13
234 11
235 12
236 11
237 12
238 12
239 12
240 12
241 12
242 11
243 13
244 12
245 13
246 14
247 15
248 14
249 14
250 11
251 12
252 12
253 11
254 10
255 12
256 12
257 13
258 13
259 12
260 13
261 11
262 11
263 10
264 11
265 12
266 12
267 11
268 11
269 8
270 8
271 11
272 13
273 10
274 11
275 12
276 12
277 13
278 11
279 11
280 9
281 10
282 11
283 13
284 15
285 13
286 12
287 12
288 13
289 9
290 11
291 12
292 13
293 12
294 14
295 13
296 13
297 13
298 14
299 13
300 14
301 13
302 11
303 11
304 12
305 12
306 11
307 13
308 10
309 8
310 8
311 8
312 8
313 8
314 8
315 9
316 10
317 11
318 11
319 9
320 10
321 8
322 10
323 10
324 10
325 12
326 13
327 13
328 13
329 12
330 12
331 10
332 10
333 9
334 10
335 8
336 10
337 9
338 10
339 12
340 12
341 13
342 12
343 9
344 6
345 6
346 7
347 9
348 10
349 10
350 10
351 9
352 10
353 11
354 10
355 7
356 8
357 8
358 9
359 11
360 9
361 10
362 12
363 12
364 11
365 12
366 11
367 12
368 11
369 10
370 10
371 9
372 12
373 13
374 12
375 11
376 8
377 7
378 7
379 5
380 8
381 10
382 10
383 12
384 11
385 11
386 9
387 10
388 11
389 11
390 12
391 14
392 12
393 11
394 7
395 8
396 8
397 11
398 8
399 10
400 11
401 11
402 12
403 12
404 13
405 13
406 12
407 11
408 11
409 12
410 11
411 12
412 12
413 13
414 14
415 13
416 13
417 10
418 11
419 11
420 9
421 8
422 10
423 12
424 12
425 14
426 13
427 13
428 11
429 10
430 9
431 10
432 10
433 9
434 10
435 11
436 12
437 13
438 13
439 12
440 12
441 11
442 10
443 12
444 12
445 12
446 12
447 13
448 10
449 11
450 10
451 11
452 10
453 10
454 10
455 12
456 11
457 11
458 9
459 8
460 10
461 10
462 9
463 8
464 10
465 11
466 10
467 10
468 9
469 9
470 9
471 10
472 9
473 10
474 9
475 11
476 9
477 9
478 10
479 10
480 12
481 13
482 12
483 11
484 11
485 12
486 11
487 13
488 13
489 12
490 14
491 13
492 12
493 11
494 11
495 8
496 9
497 10
498 9
499 10
500 9
501 10
502 9
503 10
504 9
505 10
506 10
507 11
508 11
509 10
510 11
511 13
512 13
513 11
514 13
515 10
516 13
517 12
518 12
519 13
520 11
521 12
522 11
523 13
524 12
525 11
526 10
527 9
528 10
529 11
530 11
531 10
532 11
533 10
534 13
535 13
536 13
537 11
538 12
539 11
540 11
541 13
542 13
543 11
544 12
545 10
546 12
547 11
548 12
549 12
550 12
551 11
552 11
553 12
554 11
555 10
556 11
557 10
558 8
559 9
560 9
561 11
562 10
563 9
564 11
565 9
566 10
567 9
568 8
569 9
570 8
571 8
572 9
573 8
574 10
575 9
576 10
577 8
578 11
579 7
580 7
581 8
582 9
583 9
584 10
585 8
586 8
587 9
588 10
589 12
590 11
591 11
592 10
593 11
594 9
595 9
596 7
597 7
598 8
599 11
600 11
601 10
602 12
603 11
604 13
605 11
606 13
607 12
608 10
609 12
610 12
611 11
612 10
613 11
614 10
615 11
616 12
617 14
618 12
619 9
620 9
621 9
622 11
623 11
624 11
625 12
626 11
627 11
628 8
629 9
630 11
631 10
632 11
633 11
634 10
635 10
636 11
637 11
638 11
639 11
640 11
641 13
642 13
643 13
644 11
645 12
646 13
647 10
648 9
649 8
650 9
651 7
652 8
653 11
654 10
655 8
656 8
657 9
658 8
659 9
660 10
661 11
662 11
663 11
664 10
665 12
666 14
667 12
668 10
669 13
670 14
671 12
672 10
673 10
674 10
675 8
676 8
677 10
678 9
679 12
680 12
681 12
682 13
683 12
684 11
685 11
686 11
687 13
688 11
689 10
690 10
691 12
692 12
693 12
694 12
695 15
696 13
697 13
698 12
699 12
700 10
701 9
702 9
703 8
704 8
705 9
706 9
707 7
708 8
709 8
710 7
711 9
712 10
713 11
714 11
715 10
716 12
717 11
718 10
719 10
720 10
721 10
722 10
723 10
724 11
725 9
726 9
727 10
728 10
729 12
730 10
731 8
732 9
733 8
734 8
735 9
736 11
737 8
738 8
739 8
740 8
741 9
742 9
743 10
744 10
745 10
746 12
747 10
748 11
749 10
750 10
751 10
752 9
753 9
754 9
755 10
756 10
757 11
758 12
759 10
760 8
761 5
762 7
763 8
764 10
765 12
766 13
767 15
768 15
769 9
770 12
771 11
772 11
773 11
774 11
775 11
776 11
777 13
778 12
779 12
780 12
781 12
782 11
783 11
784 13
785 13
786 13
787 12
788 12
789 10
790 10
791 9
792 8
793 10
794 11
795 11
796 10
797 12
798 13
799 12
800 8
801 9
802 10
803 10
804 10
805 10
806 11
807 11
808 10
809 10
810 11
811 10
812 12
813 11
814 12
815 11
816 10
817 12
818 12
819 12
820 10
821 11
822 13
823 11
824 10
825 11
826 11
827 10
828 10
829 10
830 11
831 12
832 12
833 10
834 10
835 12
836 12
837 13
838 14
839 13
840 13
841 14
842 13
843 13
844 11
845 10
846 11
847 11
848 11
849 11
850 11
851 12
852 12
853 11
854 11
855 13
856 12
857 13
858 12
859 11
860 12
861 12
862 12
863 10
864 10
865 10
866 10
867 11
868 10
869 10
870 12
871 9
872 10
873 11
874 11
875 10
876 10
877 12
878 10
879 10
880 11
881 12
882 12
883 12
884 11
885 10
886 9
887 9
888 9
889 10
890 8
891 6
892 7
893 8
894 9
895 10
896 9
897 9
898 8
899 7
900 7
901 9
902 10
903 8
904 8
905 8
906 8
907 9
908 10
909 10
910 10
911 12
912 10
913 10
914 9
915 7
916 8
917 11
918 12
919 11
920 11
921 14
922 12
923 12
924 12
925 13
926 13
927 13
928 12
929 10
930 12
931 11
932 12
933 11
934 11
935 9
936 12
937 9
938 9
939 9
940 8
941 7
942 9
943 9
944 10
945 10
946 7
947 7
948 9
949 9
950 12
951 11
952 11
953 10
954 10
955 10
956 9
957 10
958 10
959 10
960 11
961 10
962 7
963 8
964 9
965 10
966 11
967 10
968 12
969 11
970 10
971 11
972 11
973 10
974 10
975 9
976 10
977 11
978 11
979 10
980 12
981 12
982 13
983 11
984 11
985 11
986 11
987 11
988 11
989 12
990 12
991 13
992 12
993 12
994 11
995 12
996 13
997 12
998 12
999 13
1000 12
