0 50
1 47
2 42
3 37
4 37
5 37
6 34
7 30
8 29
9 29
10 29
11 27
12 26
13 27
14 27
15 27
16 28
17 28
18 27
19 27
20 26
21 27
22 27
23 28
24 26
25 26
26 24
27 24
28 25
29 24
30 26
31 26
32 25
33 27
34 27
35 28
36 28
37 27
38 27
39 26
40 26
41 27
42 29
43 28
44 27
45 25
46 27
47 26
48 27
49 26
50 26
51 26
52 25
53 21
54 23
55 22
56 23
57 22
58 20
59 21
60 22
61 23
62 24
63 23
64 24
65 25
66 26
67 23
68 25
69 23
70 22
71 22
72 24
73 25
74 25
75 25
76 25
77 26
78 27
79 26
80 26
81 27
82 29
83 27
84 28
85 27
86 26
87 26
88 26
89 27
90 28
91 26
92 27
93 26
94 27
95 27
96 26
97 26
98 28
99 28
100 26
101 25
102 25
103 26
104 26
105 26
106 26
107 26
108 24
109 26
110 26
111 27
112 30
113 30
114 25
115 26
116 25
117 26
118 28
119 28
120 29
121 30
122 29
123 28
124 26
125 26
126 26
127 28
128 26
129 23
130 22
131 20
132 21
133 22
134 21
135 23
136 22
137 24
138 24
139 25
140 25
141 25
142 25
143 27
144 27
145 27
146 26
147 26
148 26
149 26
150 22
151 26
152 26
153 26
154 24
155 24
156 23
157 22
158 21
159 22
160 22
161 23
162 23
163 22
164 22
165 20
166 22
167 25
168 24
169 23
170 26
171 26
172 26
173 27
174 26
175 27
176 27
177 28
178 25
179 26
180 27
181 27
182 28
183 27
184 28
185 24
186 22
187 24
188 23
189 25
190 25
191 24
192 24
193 23
194 23
195 25
196 25
197 26
198 26
199 24
200 23
201 22
202 21
203 23
204 24
205 25
206 25
207 28
208 28
209 29
210 29
211 28
212 29
213 28
214 28
215 27
216 26
217 27
218 27
219 28
220 30
221 29
222 29
223 31
224 32
225 32
226 32
227 31
228 32
229 32
230 30
231 29
232 27
233 26
234 25
235 25
236 27
237 26
238 27
239 26
240 24
241 27
242 26
243 26
244 26
245 26
246 26
247 27
248 26
249 26
250 26
251 26
252 24
253 25
254 27
255 30
256 28
257 27
258 28
259 26
260 26
261 27
262 28
263 27
264 26
265 25
266 24
267 24
268 25
269 28
270 27
271 28
272 26
273 28
274 26
275 25
276 25
277 24
278 27
279 26
280 25
281 23
282 24
283 25
284 25
285 27
286 28
287 26
288 26
289 27
290 25
291 26
292 27
293 26
294 25
295 27
296 28
297 28
298 27
299 29
300 29
301 27
302 25
303 24
304 27
305 28
306 27
307 24
308 24
309 23
310 24
311 23
312 22
313 24
314 24
315 20
316 19
317 19
318 21
319 21
320 21
321 21
322 19
323 22
324 23
325 24
326 24
327 24
328 26
329 26
330 25
331 26
332 27
333 28
334 25
335 26
336 26
337 26
338 27
339 28
340 27
341 25
342 23
343 26
344 27
345 28
346 29
347 29
348 28
349 28
350 27
351 27
352 25
353 24
354 24
355 25
356 23
357 24
358 23
359 23
360 25
361 28
362 30
363 28
364 27
365 29
366 30
367 29
368 30
369 29
370 29
371 29
372 30
373 29
374 28
375 27
376 28
377 28
378 30
379 29
380 29
381 30
382 30
383 29
384 27
385 26
386 26
387 25
388 26
389 27
390 25
391 24
392 23
393 23
394 24
395 25
396 26
397 26
398 26
399 27
400 28
401 29
402 28
403 29
404 27
405 28
406 28
407 28
408 29
409 28
410 27
411 25
412 24
413 24
414 25
415 25
416 24
417 23
418 22
419 25
420 24
421 23
422 23
423 23
424 24
425 24
426 25
427 25
428 25
429 25
430 28
431 30
432 30
433 28
434 27
435 25
436 26
437 26
438 26
439 24
440 25
441 24
442 24
443 24
444 25
445 25
446 25
447 23
448 22
449 22
450 22
451 22
452 24
453 25
454 24
455 24
456 26
457 25
458 25
459 23
460 24
461 25
462 26
463 27
464 27
465 28
466 30
467 29
468 28
469 28
470 25
471 25
472 26
473 25
474 25
475 23
476 24
477 24
478 24
479 24
480 26
481 26
482 27
483 24
484 25
485 25
486 25
487 25
488 25
489 25
490 25
491 26
492 26
493 24
494 25
495 25
496 26
497 27
498 25
499 24
500 23
501 23
502 24
503 27
504 26
505 25
506 23
507 26
508 26
509 26
510 26
511 25
512 27
513 27
514 29
515 28
516 28
517 26
518 28
519 28
520 29
521 27
522 27
523 28
524 28
525 27
526 26
527 26
528 24
529 21
530 23
531 21
532 21
533 21
534 21
535 23
536 25
537 24
538 23
539 24
540 24
541 23
542 24
543 25
544 24
545 25
546 24
547 23
548 24
549 24
550 22
551 23
552 23
553 23
554 19
555 22
556 25
557 27
558 27
559 26
560 24
561 25
562 25
563 25
564 26
565 27
566 27
567 27
568 26
569 25
570 26
571 26
572 26
573 26
574 26
575 24
576 23
577 23
578 24
579 23
580 22
581 23
582 24
583 24
584 23
585 23
586 22
587 23
588 24
589 25
590 26
591 27
592 28
593 29
594 30
595 29
596 30
597 26
598 26
599 28
600 27
601 28
602 27
603 27
604 26
605 25
606 26
607 27
608 27
609 25
610 26
611 27
612 26
613 26
614 28
615 26
616 28
617 27
618 26
619 26
620 26
621 29
622 30
623 30
624 29
625 28
626 30
627 28
628 27
629 28
630 27
631 24
632 22
633 21
634 22
635 23
636 25
637 26
638 24
639 20
640 20
641 19
642 22
643 22
644 22
645 21
646 22
647 22
648 22
649 22
650 24
651 24
652 24
653 23
654 24
655 25
656 25
657 25
658 27
659 25
660 26
661 27
662 28
663 29
664 29
665 30
666 30
667 29
668 29
669 29
670 29
671 27
672 28
673 27
674 29
675 30
676 28
677 29
678 28
679 28
680 28
681 27
682 26
683 25
684 26
685 27
686 28
687 27
688 27
689 26
690 27
691 24
692 24
693 23
694 22
695 24
696 24
697 23
698 24
699 23
700 26
701 25
702 24
703 25
704 25
705 25
706 24
707 23
708 24
709 26
710 27
711 28
712 26
713 26
714 27
715 28
716 28
717 29
718 31
719 31
720 29
721 30
722 29
723 26
724 27
725 25
726 24
727 24
728 24
729 22
730 22
731 22
732 22
733 24
734 21
735 21
736 24
737 23
738 24
739 24
740 24
741 24
742 24
743 25
744 25
745 25
746 24
747 23
748 23
749 23
750 25
751 26
752 26
753 26
754 24
755 24
756 24
757 26
758 26
759 25
760 25
761 26
762 26
763 26
764 26
765 25
766 25
767 25
768 26
769 26
770 24
771 24
772 23
773 24
774 25
775 24
776 24
777 23
778 21
779 23
780 25
781 25
782 24
783 23
784 23
785 22
786 22
787 22
788 24
789 26
790 26
791 27
792 27
793 29
794 28
795 27
796 27
797 27
798 29
799 26
800 25
801 26
802 27
803 27
804 26
805 26
806 27
807 26
808 25
809 25
810 26
811 25
812 24
813 24
814 24
815 24
816 25
817 25
818 26
819 26
820 26
821 25
822 24
823 25
824 24
825 26
826 27
827 27
828 27
829 28
830 27
831 26
832 26
833 26
834 26
835 26
836 27
837 28
838 30
839 29
840 26
841 25
842 26
843 26
844 25
845 26
846 27
847 24
848 24
849 23
850 25
851 27
852 26
853 26
854 27
855 25
856 25
857 24
858 24
859 24
860 23
861 25
862 27
863 26
864 27
865 25
866 24
867 22
868 23
869 25
870 24
871 23
872 23
873 23
874 22
875 23
876 23
877 24
878 26
879 28
880 28
881 27
882 26
883 26
884 26
885 25
886 23
887 25
888 22
889 24
890 25
891 25
892 24
893 25
894 26
895 28
896 30
897 31
898 28
899 29
900 29
901 29
902 29
903 26
904 24
905 24
906 24
907 24
908 22
909 21
910 22
911 23
912 24
913 25
914 27
915 27
916 27
917 25
918 25
919 24
920 20
921 24
922 25
923 27
924 23
925 24
926 26
927 25
928 24
929 22
930 25
931 25
932 24
933 25
934 26
935 26
936 26
937 27
938 27
939 25
940 25
941 25
942 24
943 26
944 26
945 24
946 25
947 27
948 29
949 29
950 26
951 24
952 23
953 25
954 24
955 24
956 25
957 22
958 24
959 24
960 24
961 25
962 27
963 28
964 27
965 29
966 29
967 27
968 27
969 29
970 30
971 30
972 29
973 29
974 29
975 28
976 27
977 26
978 26
979 27
980 29
981 28
982 29
983 28
984 28
985 27
986 28
987 26
988 24
989 25
990 24
991 26
992 26
993 26
994 26
995 26
996 24
997 26
998 26
999 22
1000 24
