0 75
1 55
2 48
3 49
4 51
5 51
6 50
7 50
8 50
9 48
10 47
11 45
12 47
13 50
14 48
15 53
16 52
17 53
18 52
19 51
20 54
21 54
22 46
23 49
24 44
25 45
26 47
27 52
28 48
29 48
30 50
31 50
32 51
33 49
34 47
35 50
36 50
37 52
38 50
39 45
40 43
41 50
42 51
43 49
44 50
45 53
46 53
47 52
48 50
49 45
50 47
51 50
52 46
53 45
54 52
55 49
56 48
57 50
58 51
59 53
60 50
61 52
62 48
63 50
64 55
65 47
66 50
67 52
68 51
69 52
70 52
71 52
72 47
73 54
74 49
75 47
76 45
77 46
78 50
79 53
80 51
81 51
82 52
83 52
84 49
85 49
86 46
87 48
88 50
89 50
90 46
91 49
92 50
93 49
94 49
95 49
96 55
97 50
98 45
99 47
100 48
101 50
102 53
103 50
104 49
105 52
106 47
107 48
108 48
109 50
110 53
111 51
112 55
113 53
114 52
115 50
116 51
117 51
118 52
119 45
120 49
121 48
122 54
123 50
124 48
125 45
126 45
127 51
128 49
129 47
130 51
131 52
132 48
133 51
134 53
135 50
136 52
137 49
138 50
139 46
140 46
141 48
142 49
143 48
144 48
145 51
146 48
147 48
148 50
149 51
150 52
151 50
152 51
153 49
154 47
155 46
156 50
157 50
158 52
159 51
160 51
161 45
162 47
163 50
164 49
165 52
166 52
167 51
168 48
169 46
170 49
171 52
172 50
173 52
174 52
175 51
176 49
177 50
178 49
179 51
180 49
181 47
182 48
183 46
184 49
185 49
186 50
187 51
188 49
189 47
190 47
191 46
192 47
193 45
194 48
195 52
196 47
197 45
198 49
199 51
200 49
201 53
202 52
203 51
204 49
205 49
206 46
207 52
208 50
209 47
210 48
211 54
212 47
213 49
214 53
215 50
216 48
217 45
218 51
219 51
220 48
221 48
222 50
223 50
224 44
225 49
226 49
227 48
228 50
229 51
230 52
231 50
232 50
233 51
234 51
235 50
236 50
237 46
238 48
239 50
240 50
241 45
242 53
243 47
244 45
245 48
246 46
247 46
248 49
249 49
250 49
251 48
252 48
253 51
254 50
255 47
256 47
257 47
258 47
259 48
260 49
261 51
262 50
263 50
264 53
265 53
266 48
267 47
268 44
269 48
270 50
271 52
272 51
273 49
274 52
275 48
276 47
277 48
278 51
279 48
280 53
281 47
282 48
283 52
284 45
285 47
286 50
287 49
288 51
289 51
290 49
291 52
292 49
293 48
294 47
295 51
296 48
297 51
298 50
299 48
300 54
301 53
302 54
303 49
304 48
305 50
306 50
307 40
308 42
309 51
310 54
311 52
312 50
313 51
314 49
315 48
316 49
317 44
318 48
319 52
320 52
321 42
322 47
323 49
324 48
325 53
326 51
327 49
328 50
329 49
330 48
331 49
332 45
333 47
334 47
335 47
336 48
337 51
338 48
339 48
340 43
341 46
342 48
343 50
344 46
345 47
346 46
347 47
348 52
349 48
350 47
351 46
352 45
353 49
354 51
355 49
356 48
357 49
358 51
359 50
360 51
361 49
362 49
363 49
364 52
365 51
366 46
367 47
368 48
369 48
370 50
371 44
372 47
373 49
374 44
375 51
376 53
377 52
378 49
379 48
380 51
381 48
382 48
383 50
384 46
385 51
386 49
387 48
388 47
389 49
390 51
391 48
392 49
393 53
394 46
395 48
396 49
397 46
398 50
399 44
400 45
401 54
402 49
403 53
404 50
405 52
406 49
407 53
408 52
409 52
410 47
411 50
412 50
413 49
414 43
415 45
416 47
417 45
418 52
419 53
420 52
421 49
422 49
423 49
424 48
425 50
426 50
427 51
428 50
429 49
430 46
431 49
432 51
433 49
434 49
435 53
436 52
437 51
438 51
439 52
440 53
441 50
442 53
443 51
444 49
445 49
446 49
447 49
448 49
449 51
450 51
451 48
452 50
453 51
454 50
455 49
456 50
457 51
458 47
459 47
460 46
461 52
462 51
463 54
464 50
465 50
466 51
467 54
468 47
469 50
470 48
471 52
472 48
473 49
474 52
475 53
476 52
477 48
478 48
479 50
480 50
481 48
482 46
483 47
484 52
485 56
486 52
487 50
488 54
489 53
490 48
491 48
492 50
493 47
494 47
495 48
496 49
497 50
498 52
499 50
500 48
501 48
502 51
503 50
504 48
505 52
506 49
507 46
508 49
509 48
510 51
511 46
512 51
513 47
514 49
515 46
516 50
517 53
518 47
519 48
520 49
521 49
522 48
523 46
524 47
525 49
526 46
527 48
528 51
529 50
530 50
531 48
532 47
533 50
534 50
535 49
536 52
537 52
538 51
539 47
540 47
541 48
542 48
543 48
544 49
545 49
546 49
547 50
548 50
549 50
550 43
551 46
552 50
553 49
554 48
555 49
556 48
557 45
558 47
559 49
560 47
561 51
562 53
563 52
564 48
565 47
566 50
567 52
568 52
569 51
570 51
571 52
572 48
573 52
574 51
575 47
576 50
577 53
578 48
579 47
580 46
581 46
582 49
583 51
584 50
585 48
586 49
587 49
588 46
589 51
590 48
591 49
592 48
593 50
594 46
595 49
596 47
597 48
598 53
599 52
600 50
601 51
602 51
603 49
604 46
605 47
606 44
607 45
608 48
609 54
610 49
611 48
612 46
613 49
614 48
615 46
616 52
617 54
618 51
619 46
620 49
621 50
622 45
623 48
624 52
625 48
626 45
627 50
628 48
629 47
630 49
631 50
632 51
633 47
634 50
635 51
636 49
637 50
638 47
639 48
640 50
641 52
642 51
643 48
644 49
645 51
646 52
647 47
648 52
649 50
650 47
651 47
652 43
653 50
654 39
655 50
656 51
657 51
658 49
659 49
660 50
661 53
662 52
663 45
664 47
665 48
666 50
667 47
668 50
669 46
670 48
671 54
672 51
673 51
674 48
675 52
676 51
677 48
678 42
679 48
680 49
681 51
682 50
683 51
684 47
685 43
686 51
687 51
688 47
689 48
690 45
691 50
692 50
693 47
694 49
695 50
696 47
697 49
698 52
699 48
700 41
701 43
702 46
703 48
704 45
705 48
706 52
707 45
708 48
709 47
710 50
711 50
712 48
713 48
714 49
715 45
716 47
717 51
718 49
719 53
720 48
721 45
722 49
723 49
724 48
725 51
726 52
727 52
728 50
729 50
730 48
731 44
732 51
733 52
734 51
735 51
736 51
737 48
738 48
739 50
740 46
741 46
742 46
743 52
744 54
745 56
746 49
747 48
748 49
749 44
750 47
751 52
752 51
753 48
754 45
755 49
756 51
757 52
758 46
759 46
760 48
761 50
762 53
763 55
764 52
765 52
766 49
767 52
768 49
769 48
770 50
771 49
772 53
773 54
774 47
775 49
776 46
777 47
778 51
779 52
780 52
781 46
782 46
783 47
784 50
785 51
786 50
787 53
788 47
789 49
790 52
791 52
792 45
793 50
794 53
795 53
796 48
797 52
798 47
799 48
800 48
801 49
802 46
803 50
804 50
805 48
806 49
807 51
808 52
809 46
810 44
811 50
812 49
813 49
814 50
815 50
816 52
817 49
818 50
819 48
820 49
821 50
822 53
823 53
824 55
825 54
826 53
827 47
828 53
829 48
830 47
831 47
832 51
833 53
834 53
835 52
836 48
837 50
838 52
839 49
840 51
841 49
842 49
843 50
844 48
845 50
846 50
847 46
848 50
849 51
850 50
851 46
852 43
853 47
854 49
855 50
856 52
857 46
858 48
859 49
860 48
861 49
862 49
863 49
864 51
865 48
866 46
867 47
868 46
869 49
870 50
871 52
872 50
873 52
874 52
875 52
876 54
877 54
878 51
879 49
880 47
881 45
882 48
883 49
884 49
885 50
886 47
887 50
888 49
889 47
890 48
891 46
892 49
893 48
894 44
895 46
896 47
897 49
898 46
899 46
900 50
901 50
902 47
903 52
904 48
905 49
906 52
907 49
908 50
909 52
910 55
911 50
912 48
913 53
914 49
915 46
916 51
917 51
918 46
919 51
920 52
921 52
922 50
923 52
924 48
925 52
926 50
927 48
928 47
929 45
930 50
931 52
932 51
933 52
934 50
935 46
936 49
937 44
938 49
939 51
940 54
941 48
942 50
943 48
944 53
945 52
946 51
947 52
948 52
949 46
950 52
951 47
952 44
953 48
954 46
955 49
956 49
957 50
958 51
959 50
960 51
961 47
962 51
963 49
964 51
965 47
966 53
967 55
968 45
969 51
970 53
971 51
972 52
973 51
974 48
975 49
976 49
977 50
978 51
979 49
980 51
981 49
982 46
983 51
984 51
985 50
986 47
987 47
988 48
989 48
990 40
991 43
992 49
993 50
994 47
995 49
996 50
997 48
998 45
999 49
1000 52
