0 30
1 30
2 30
3 30
4 30
5 30
6 30
7 30
8 29
9 28
10 28
11 27
12 27
13 26
14 26
15 25
16 25
17 25
18 25
19 25
20 25
21 25
22 25
23 25
24 25
25 24
26 24
27 24
28 24
29 23
30 23
31 23
32 21
33 20
34 20
35 20
36 20
37 19
38 19
39 18
40 19
41 18
42 18
43 18
44 16
45 16
46 16
47 16
48 15
49 15
50 14
51 14
52 13
53 13
54 14
55 14
56 14
57 13
58 12
59 12
60 12
61 12
62 12
63 12
64 12
65 12
66 12
67 13
68 12
69 13
70 14
71 13
72 12
73 12
74 12
75 12
76 12
77 13
78 12
79 12
80 12
81 11
82 11
83 11
84 11
85 12
86 12
87 12
88 12
89 12
90 12
91 13
92 12
93 13
94 13
95 13
96 13
97 12
98 11
99 11
100 12
101 13
102 13
103 13
104 12
105 12
106 13
107 11
108 11
109 11
110 12
111 12
112 12
113 12
114 12
115 13
116 13
117 13
118 13
119 12
120 11
121 11
122 12
123 12
124 12
125 13
126 12
127 13
128 13
129 13
130 14
131 14
132 14
133 15
134 15
135 14
136 13
137 13
138 13
139 13
140 13
141 12
142 12
143 12
144 12
145 12
146 12
147 11
148 11
149 11
150 11
151 10
152 10
153 10
154 10
155 10
156 11
157 11
158 11
159 11
160 11
161 11
162 10
163 10
164 11
165 11
166 11
167 11
168 11
169 11
170 11
171 11
172 11
173 11
174 11
175 11
176 11
177 11
178 11
179 11
180 12
181 12
182 12
183 12
184 13
185 14
186 14
187 14
188 14
189 13
190 13
191 13
192 12
193 12
194 12
195 12
196 11
197 11
198 11
199 11
200 12
201 12
202 11
203 11
204 11
205 11
206 11
207 10
208 11
209 11
210 12
211 12
212 12
213 12
214 12
215 12
216 11
217 11
218 11
219 11
220 12
221 12
222 12
223 12
224 12
225 12
226 12
227 12
228 12
229 12
230 11
231 11
232 11
233 11
234 11
235 12
236 13
237 13
238 13
239 13
240 14
241 14
242 14
243 15
244 14
245 14
246 14
247 13
248 13
249 13
250 13
251 13
252 13
253 13
254 14
255 15
256 14
257 14
258 14
259 13
260 13
261 13
262 13
263 13
264 13
265 12
266 13
267 13
268 13
269 15
270 15
271 15
272 15
273 15
274 15
275 15
276 14
277 14
278 14
279 14
280 14
281 13
282 13
283 14
284 14
285 14
286 15
287 16
288 16
289 16
290 17
291 17
292 17
293 17
294 16
295 16
296 16
297 16
298 16
299 15
300 15
301 14
302 14
303 14
304 13
305 13
306 13
307 13
308 13
309 13
310 13
311 13
312 12
313 12
314 12
315 12
316 12
317 12
318 12
319 12
320 13
321 14
322 14
323 14
324 13
325 12
326 12
327 12
328 12
329 12
330 13
331 13
332 13
333 12
334 12
335 12
336 12
337 13
338 13
339 13
340 13
341 13
342 13
343 12
344 12
345 14
346 14
347 14
348 14
349 14
350 13
351 13
352 13
353 12
354 11
355 11
356 11
357 11
358 11
359 10
360 10
361 11
362 12
363 12
364 12
365 13
366 12
367 12
368 12
369 13
370 13
371 13
372 13
373 14
374 14
375 14
376 14
377 13
378 14
379 14
380 14
381 14
382 14
383 14
384 15
385 15
386 16
387 16
388 15
389 15
390 15
391 15
392 15
393 15
394 14
395 14
396 14
397 14
398 15
399 15
400 15
401 15
402 13
403 13
404 13
405 13
406 13
407 13
408 11
409 11
410 11
411 11
412 12
413 12
414 12
415 12
416 12
417 12
418 11
419 13
420 13
421 13
422 12
423 12
424 12
425 12
426 12
427 12
428 12
429 12
430 12
431 12
432 13
433 13
434 13
435 14
436 14
437 15
438 14
439 14
440 16
441 16
442 16
443 15
444 14
445 14
446 14
447 14
448 14
449 14
450 15
451 14
452 14
453 15
454 15
455 15
456 15
457 16
458 16
459 16
460 16
461 16
462 16
463 16
464 16
465 15
466 15
467 15
468 16
469 16
470 14
471 14
472 14
473 14
474 14
475 14
476 14
477 14
478 14
479 14
480 14
481 13
482 13
483 13
484 13
485 13
486 13
487 13
488 13
489 13
490 13
491 13
492 13
493 13
494 13
495 13
496 13
497 13
498 13
499 13
500 13
501 12
502 12
503 14
504 14
505 14
506 14
507 14
508 14
509 14
510 14
511 14
512 14
513 14
514 14
515 14
516 14
517 15
518 15
519 16
520 16
521 15
522 15
523 15
524 15
525 15
526 17
527 17
528 17
529 16
530 16
531 17
532 17
533 17
534 17
535 17
536 17
537 17
538 17
539 17
540 16
541 16
542 16
543 15
544 15
545 14
546 14
547 14
548 14
549 14
550 14
551 14
552 14
553 13
554 13
555 12
556 11
557 11
558 11
559 11
560 12
561 12
562 12
563 12
564 13
565 13
566 13
567 13
568 13
569 13
570 13
571 13
572 13
573 15
574 15
575 14
576 14
577 14
578 15
579 15
580 15
581 15
582 15
583 15
584 15
585 15
586 15
587 15
588 15
589 15
590 15
591 15
592 15
593 15
594 15
595 15
596 15
597 15
598 15
599 16
600 17
601 17
602 17
603 17
604 17
605 17
606 17
607 16
608 15
609 15
610 15
611 14
612 14
613 13
614 14
615 14
616 14
617 14
618 14
619 14
620 14
621 14
622 14
623 14
624 15
625 15
626 15
627 15
628 14
629 14
630 14
631 14
632 13
633 13
634 12
635 12
636 12
637 12
638 14
639 14
640 15
641 15
642 14
643 15
644 15
645 15
646 15
647 13
648 14
649 14
650 14
651 14
652 14
653 14
654 14
655 14
656 14
657 14
658 14
659 14
660 14
661 14
662 14
663 14
664 13
665 13
666 13
667 13
668 13
669 13
670 12
671 12
672 12
673 12
674 12
675 12
676 12
677 12
678 12
679 12
680 11
681 11
682 10
683 9
684 8
685 7
686 7
687 7
688 7
689 6
690 7
691 7
692 7
693 8
694 8
695 9
696 9
697 11
698 11
699 11
700 10
701 10
702 10
703 10
704 9
705 9
706 9
707 9
708 9
709 9
710 9
711 9
712 10
713 10
714 10
715 11
716 11
717 11
718 11
719 11
720 11
721 11
722 10
723 10
724 10
725 10
726 10
727 10
728 10
729 10
730 9
731 9
732 9
733 9
734 9
735 9
736 10
737 10
738 10
739 10
740 10
741 10
742 10
743 10
744 11
745 11
746 11
747 12
748 12
749 11
750 11
751 11
752 11
753 11
754 10
755 10
756 10
757 8
758 9
759 10
760 10
761 10
762 10
763 10
764 11
765 12
766 12
767 13
768 13
769 13
770 13
771 13
772 13
773 13
774 14
775 14
776 14
777 14
778 14
779 14
780 15
781 15
782 14
783 14
784 13
785 13
786 12
787 12
788 12
789 12
790 12
791 11
792 10
793 10
794 11
795 10
796 10
797 10
798 10
799 10
800 11
801 11
802 11
803 11
804 11
805 11
806 11
807 11
808 12
809 11
810 11
811 11
812 12
813 11
814 11
815 11
816 11
817 11
818 11
819 11
820 11
821 10
822 10
823 11
824 11
825 11
826 11
827 11
828 11
829 11
830 11
831 11
832 11
833 11
834 12
835 13
836 13
837 13
838 14
839 13
840 13
841 13
842 13
843 13
844 13
845 14
846 14
847 15
848 15
849 15
850 15
851 16
852 16
853 16
854 15
855 15
856 15
857 15
858 16
859 16
860 16
861 16
862 16
863 17
864 17
865 18
866 18
867 18
868 18
869 18
870 18
871 18
872 18
873 18
874 18
875 18
876 17
877 17
878 17
879 17
880 16
881 16
882 16
883 16
884 16
885 16
886 17
887 17
888 17
889 17
890 17
891 17
892 17
893 17
894 17
895 16
896 15
897 16
898 16
899 16
900 16
901 16
902 16
903 15
904 15
905 15
906 14
907 13
908 13
909 14
910 13
911 13
912 13
913 13
914 12
915 13
916 14
917 14
918 14
919 14
920 14
921 14
922 15
923 17
924 17
925 17
926 17
927 17
928 16
929 16
930 16
931 15
932 15
933 15
934 15
935 15
936 15
937 15
938 15
939 15
940 15
941 15
942 15
943 15
944 15
945 15
946 14
947 13
948 13
949 13
950 13
951 13
952 13
953 15
954 15
955 15
956 16
957 16
958 16
959 16
960 17
961 17
962 17
963 17
964 17
965 17
966 17
967 17
968 17
969 17
970 17
971 17
972 16
973 16
974 15
975 15
976 15
977 15
978 15
979 15
980 15
981 15
982 15
983 15
984 16
985 16
986 16
987 16
988 15
989 15
990 14
991 14
992 15
993 15
994 15
995 15
996 15
997 15
998 14
999 15
1000 15
