0 45
1 38
2 36
3 34
4 32
5 32
6 29
7 30
8 30
9 28
10 28
11 28
12 27
13 28
14 29
15 31
16 30
17 30
18 29
19 28
20 25
21 27
22 26
23 27
24 26
25 28
26 28
27 27
28 25
29 24
30 25
31 27
32 28
33 28
34 28
35 28
36 29
37 30
38 30
39 29
40 30
41 31
42 31
43 28
44 29
45 27
46 26
47 26
48 26
49 27
50 28
51 27
52 26
53 28
54 30
55 28
56 28
57 28
58 25
59 26
60 28
61 28
62 26
63 27
64 28
65 28
66 28
67 27
68 29
69 25
70 25
71 24
72 26
73 26
74 29
75 23
76 27
77 28
78 27
79 25
80 25
81 23
82 21
83 23
84 24
85 25
86 26
87 28
88 31
89 32
90 30
91 28
92 28
93 27
94 26
95 29
96 27
97 27
98 28
99 29
100 29
101 32
102 32
103 31
104 34
105 31
106 30
107 27
108 26
109 30
110 26
111 26
112 28
113 29
114 26
115 27
116 28
117 29
118 29
119 29
120 29
121 27
122 25
123 28
124 29
125 32
126 34
127 33
128 30
129 27
130 30
131 26
132 22
133 25
134 27
135 26
136 27
137 29
138 32
139 28
140 26
141 27
142 27
143 26
144 30
145 27
146 27
147 27
148 25
149 30
150 25
151 27
152 25
153 25
154 26
155 26
156 26
157 26
158 29
159 28
160 29
161 28
162 28
163 25
164 22
165 21
166 25
167 27
168 29
169 27
170 26
171 28
172 28
173 25
174 26
175 23
176 25
177 25
178 25
179 28
180 29
181 30
182 28
183 26
184 28
185 26
186 25
187 26
188 26
189 24
190 26
191 27
192 31
193 29
194 29
195 27
196 27
197 28
198 28
199 26
200 30
201 30
202 27
203 30
204 25
205 27
206 29
207 26
208 26
209 26
210 27
211 28
212 28
213 27
214 25
215 25
216 24
217 28
218 28
219 27
220 27
221 28
222 27
223 27
224 25
225 25
226 26
227 24
228 25
229 28
230 28
231 29
232 26
233 27
234 30
235 28
236 28
237 26
238 27
239 29
240 29
241 27
242 29
243 30
244 28
245 29
246 30
247 30
248 28
249 28
250 26
251 27
252 25
253 26
254 22
255 25
256 25
257 29
258 30
259 29
260 33
261 32
262 32
263 31
264 31
265 29
266 31
267 30
268 31
269 25
270 25
271 25
272 26
273 27
274 25
275 26
276 28
277 29
278 26
279 26
280 26
281 29
282 28
283 28
284 28
285 29
286 29
287 27
288 25
289 23
290 22
291 23
292 29
293 30
294 30
295 29
296 24
297 26
298 28
299 28
300 28
301 32
302 34
303 34
304 32
305 28
306 28
307 30
308 31
309 26
310 25
311 26
312 27
313 31
314 27
315 28
316 30
317 30
318 26
319 28
320 26
321 26
322 25
323 26
324 28
325 28
326 26
327 25
328 25
329 22
330 28
331 26
332 27
333 27
334 25
335 26
336 28
337 29
338 31
339 30
340 30
341 29
342 29
343 28
344 28
345 27
346 27
347 27
348 27
349 27
350 24
351 25
352 28
353 27
354 27
355 29
356 30
357 33
358 31
359 29
360 28
361 29
362 29
363 27
364 30
365 29
366 30
367 29
368 31
369 28
370 25
371 24
372 23
373 26
374 26
375 29
376 27
377 28
378 27
379 29
380 25
381 24
382 24
383 26
384 29
385 29
386 29
387 26
388 27
389 29
390 31
391 28
392 28
393 29
394 27
395 27
396 25
397 24
398 24
399 24
400 24
401 27
402 28
403 28
404 30
405 28
406 28
407 24
408 25
409 29
410 28
411 27
412 27
413 28
414 28
415 28
416 29
417 27
418 26
419 24
420 24
421 27
422 27
423 28
424 31
425 32
426 31
427 32
428 30
429 31
430 31
431 31
432 29
433 30
434 30
435 30
436 29
437 30
438 28
439 28
440 29
441 26
442 27
443 27
444 28
445 29
446 29
447 29
448 31
449 29
450 25
451 26
452 26
453 26
454 23
455 24
456 24
457 23
458 26
459 29
460 30
461 30
462 30
463 27
464 27
465 28
466 25
467 24
468 27
469 29
470 27
471 27
472 27
473 23
474 27
475 24
476 25
477 24
478 23
479 26
480 24
481 26
482 24
483 27
484 26
485 23
486 25
487 27
488 26
489 28
490 30
491 27
492 26
493 26
494 25
495 29
496 25
497 24
498 26
499 25
500 29
501 29
502 30
503 29
504 30
505 26
506 26
507 26
508 26
509 29
510 32
511 32
512 30
513 31
514 29
515 33
516 31
517 30
518 29
519 28
520 27
521 27
522 26
523 25
524 26
525 26
526 23
527 27
528 26
529 25
530 27
531 25
532 23
533 27
534 26
535 26
536 26
537 25
538 28
539 27
540 30
541 32
542 33
543 30
544 28
545 30
546 29
547 26
548 27
549 27
550 30
551 30
552 29
553 30
554 29
555 29
556 30
557 28
558 28
559 28
560 32
561 33
562 32
563 32
564 32
565 31
566 30
567 31
568 29
569 26
570 26
571 25
572 26
573 26
574 29
575 28
576 29
577 26
578 30
579 29
580 29
581 29
582 24
583 27
584 27
585 31
586 31
587 30
588 29
589 28
590 31
591 25
592 27
593 28
594 26
595 25
596 28
597 30
598 29
599 28
600 29
601 27
602 28
603 28
604 26
605 27
606 29
607 27
608 28
609 29
610 29
611 30
612 31
613 34
614 31
615 32
616 30
617 29
618 28
619 25
620 27
621 24
622 26
623 27
624 25
625 26
626 26
627 24
628 28
629 28
630 28
631 29
632 28
633 27
634 26
635 26
636 25
637 25
638 24
639 25
640 25
641 25
642 24
643 26
644 26
645 21
646 22
647 24
648 25
649 27
650 23
651 23
652 26
653 28
654 27
655 28
656 26
657 27
658 27
659 25
660 27
661 28
662 28
663 28
664 27
665 24
666 28
667 26
668 27
669 30
670 31
671 22
672 24
673 27
674 27
675 29
676 29
677 29
678 31
679 29
680 30
681 30
682 28
683 26
684 28
685 29
686 30
687 28
688 28
689 29
690 28
691 28
692 30
693 26
694 29
695 27
696 27
697 27
698 23
699 26
700 23
701 23
702 26
703 28
704 28
705 29
706 27
707 28
708 26
709 27
710 27
711 27
712 28
713 27
714 25
715 25
716 27
717 29
718 31
719 28
720 28
721 29
722 29
723 29
724 27
725 26
726 27
727 26
728 26
729 25
730 22
731 24
732 26
733 25
734 25
735 24
736 24
737 23
738 25
739 24
740 26
741 23
742 23
743 23
744 25
745 23
746 24
747 25
748 23
749 23
750 27
751 28
752 27
753 29
754 28
755 27
756 27
757 26
758 24
759 27
760 24
761 27
762 25
763 21
764 22
765 23
766 24
767 25
768 28
769 30
770 28
771 26
772 28
773 28
774 26
775 21
776 27
777 26
778 28
779 29
780 27
781 25
782 27
783 25
784 25
785 25
786 25
787 26
788 26
789 28
790 27
791 31
792 27
793 28
794 28
795 30
796 30
797 25
798 25
799 25
800 26
801 27
802 28
803 27
804 26
805 25
806 27
807 26
808 27
809 26
810 26
811 29
812 24
813 24
814 25
815 24
816 22
817 25
818 26
819 28
820 28
821 28
822 30
823 28
824 30
825 27
826 27
827 27
828 28
829 30
830 26
831 25
832 26
833 26
834 28
835 30
836 31
837 29
838 28
839 28
840 28
841 29
842 26
843 23
844 24
845 24
846 23
847 20
848 21
849 24
850 25
851 27
852 26
853 28
854 27
855 27
856 26
857 24
858 28
859 26
860 29
861 27
862 28
863 28
864 25
865 26
866 24
867 26
868 27
869 26
870 28
871 25
872 27
873 24
874 25
875 25
876 27
877 28
878 28
879 29
880 30
881 27
882 25
883 25
884 29
885 30
886 31
887 31
888 30
889 31
890 29
891 28
892 27
893 27
894 25
895 27
896 29
897 28
898 27
899 28
900 26
901 28
902 26
903 27
904 29
905 31
906 27
907 27
908 27
909 27
910 25
911 24
912 26
913 28
914 27
915 24
916 24
917 23
918 24
919 25
920 24
921 28
922 31
923 29
924 28
925 27
926 28
927 25
928 28
929 25
930 31
931 30
932 29
933 27
934 28
935 31
936 30
937 29
938 28
939 26
940 27
941 27
942 31
943 29
944 29
945 29
946 29
947 29
948 29
949 28
950 28
951 30
952 31
953 29
954 26
955 29
956 26
957 21
958 24
959 27
960 27
961 29
962 30
963 31
964 30
965 28
966 28
967 29
968 29
969 29
970 29
971 28
972 29
973 28
974 28
975 30
976 30
977 26
978 25
979 24
980 27
981 29
982 30
983 29
984 32
985 32
986 33
987 33
988 30
989 30
990 29
991 30
992 29
993 29
994 31
995 32
996 32
997 30
998 30
999 27
1000 24
