0 65
1 47
2 43
3 43
4 45
5 47
6 42
7 43
8 37
9 42
10 43
11 43
12 44
13 39
14 43
15 44
16 45
17 41
18 43
19 42
20 47
21 42
22 39
23 42
24 44
25 44
26 42
27 42
28 44
29 38
30 45
31 43
32 45
33 44
34 42
35 42
36 38
37 39
38 41
39 43
40 43
41 44
42 42
43 45
44 44
45 46
46 41
47 44
48 46
49 46
50 42
51 46
52 44
53 43
54 43
55 43
56 39
57 43
58 44
59 45
60 45
61 42
62 42
63 45
64 42
65 43
66 38
67 40
68 45
69 44
70 43
71 40
72 38
73 44
74 45
75 43
76 43
77 45
78 40
79 46
80 43
81 47
82 47
83 42
84 46
85 44
86 45
87 44
88 41
89 44
90 44
91 45
92 44
93 44
94 42
95 43
96 40
97 43
98 46
99 41
100 43
101 43
102 45
103 43
104 44
105 43
106 42
107 43
108 41
109 46
110 42
111 45
112 46
113 45
114 44
115 43
116 43
117 44
118 46
119 48
120 45
121 44
122 41
123 41
124 44
125 41
126 40
127 40
128 44
129 45
130 43
131 43
132 44
133 41
134 46
135 45
136 39
137 43
138 44
139 44
140 44
141 45
142 40
143 39
144 44
145 44
146 46
147 47
148 42
149 40
150 47
151 43
152 43
153 46
154 46
155 40
156 39
157 44
158 47
159 45
160 41
161 45
162 43
163 40
164 42
165 44
166 42
167 42
168 43
169 45
170 45
171 43
172 44
173 46
174 46
175 41
176 44
177 47
178 44
179 42
180 43
181 44
182 41
183 45
184 44
185 43
186 46
187 44
188 38
189 41
190 43
191 44
192 44
193 43
194 43
195 41
196 42
197 42
198 41
199 42
200 41
201 41
202 44
203 42
204 43
205 44
206 41
207 42
208 48
209 45
210 42
211 42
212 43
213 44
214 40
215 41
216 44
217 42
218 41
219 42
220 40
221 45
222 40
223 45
224 42
225 43
226 46
227 43
228 46
229 44
230 42
231 44
232 39
233 45
234 42
235 45
236 45
237 41
238 43
239 43
240 43
241 44
242 40
243 44
244 40
245 42
246 46
247 45
248 45
249 42
250 44
251 42
252 44
253 42
254 41
255 42
256 43
257 47
258 43
259 43
260 45
261 40
262 45
263 46
264 47
265 42
266 42
267 42
268 44
269 44
270 46
271 44
272 40
273 46
274 45
275 44
276 43
277 45
278 46
279 42
280 47
281 46
282 41
283 41
284 44
285 45
286 44
287 46
288 39
289 43
290 39
291 40
292 44
293 41
294 43
295 41
296 40
297 45
298 46
299 47
300 45
301 44
302 45
303 42
304 44
305 45
306 44
307 45
308 45
309 41
310 45
311 40
312 46
313 45
314 41
315 46
316 46
317 45
318 45
319 45
320 45
321 44
322 44
323 45
324 42
325 42
326 44
327 42
328 43
329 41
330 40
331 42
332 45
333 39
334 44
335 44
336 44
337 46
338 46
339 42
340 39
341 40
342 45
343 41
344 43
345 46
346 44
347 47
348 45
349 43
350 41
351 46
352 44
353 43
354 40
355 42
356 38
357 40
358 46
359 39
360 42
361 44
362 45
363 41
364 44
365 45
366 43
367 45
368 41
369 43
370 46
371 42
372 43
373 39
374 44
375 47
376 40
377 43
378 45
379 44
380 48
381 44
382 45
383 44
384 44
385 42
386 42
387 46
388 43
389 39
390 42
391 41
392 44
393 46
394 43
395 42
396 44
397 41
398 44
399 44
400 46
401 37
402 39
403 42
404 44
405 47
406 45
407 43
408 45
409 41
410 42
411 46
412 44
413 39
414 39
415 41
416 37
417 43
418 45
419 42
420 44
421 44
422 45
423 42
424 45
425 46
426 43
427 41
428 43
429 41
430 42
431 43
432 44
433 42
434 44
435 43
436 43
437 38
438 38
439 44
440 45
441 45
442 47
443 42
444 44
445 43
446 41
447 46
448 42
449 45
450 44
451 45
452 40
453 44
454 45
455 45
456 42
457 46
458 43
459 44
460 43
461 45
462 47
463 44
464 44
465 41
466 43
467 43
468 41
469 46
470 45
471 47
472 42
473 41
474 42
475 45
476 42
477 44
478 45
479 42
480 41
481 43
482 44
483 43
484 43
485 45
486 44
487 42
488 47
489 42
490 41
491 42
492 41
493 43
494 43
495 41
496 44
497 43
498 45
499 43
500 46
501 43
502 43
503 45
504 42
505 46
506 43
507 42
508 44
509 43
510 46
511 41
512 39
513 46
514 43
515 48
516 46
517 45
518 46
519 44
520 41
521 37
522 42
523 41
524 43
525 45
526 44
527 44
528 43
529 40
530 44
531 46
532 44
533 43
534 41
535 47
536 44
537 39
538 42
539 43
540 41
541 42
542 40
543 39
544 41
545 41
546 45
547 44
548 45
549 38
550 42
551 42
552 41
553 39
554 45
555 46
556 44
557 46
558 41
559 44
560 44
561 45
562 45
563 43
564 41
565 40
566 42
567 42
568 43
569 43
570 44
571 43
572 45
573 41
574 39
575 43
576 42
577 44
578 47
579 45
580 45
581 46
582 43
583 43
584 44
585 42
586 42
587 42
588 45
589 42
590 43
591 42
592 43
593 44
594 44
595 42
596 42
597 45
598 45
599 44
600 43
601 42
602 43
603 47
604 42
605 45
606 43
607 43
608 49
609 41
610 43
611 44
612 44
613 43
614 45
615 45
616 46
617 43
618 45
619 40
620 40
621 45
622 43
623 44
624 42
625 46
626 41
627 45
628 40
629 44
630 43
631 45
632 42
633 44
634 43
635 42
636 43
637 45
638 40
639 43
640 40
641 44
642 42
643 36
644 40
645 41
646 43
647 43
648 40
649 44
650 41
651 42
652 42
653 41
654 45
655 45
656 41
657 42
658 44
659 43
660 44
661 45
662 43
663 43
664 47
665 46
666 39
667 41
668 41
669 45
670 41
671 45
672 46
673 39
674 39
675 43
676 41
677 42
678 43
679 45
680 41
681 41
682 45
683 40
684 43
685 45
686 42
687 44
688 44
689 46
690 45
691 46
692 44
693 44
694 44
695 42
696 39
697 40
698 43
699 44
700 43
701 41
702 45
703 43
704 40
705 41
706 46
707 44
708 47
709 45
710 47
711 39
712 44
713 44
714 43
715 43
716 45
717 46
718 43
719 45
720 44
721 42
722 40
723 40
724 46
725 43
726 45
727 43
728 41
729 36
730 46
731 44
732 43
733 45
734 43
735 40
736 43
737 45
738 41
739 43
740 40
741 43
742 42
743 48
744 42
745 40
746 41
747 45
748 43
749 47
750 43
751 45
752 42
753 46
754 44
755 39
756 39
757 48
758 45
759 44
760 45
761 45
762 46
763 40
764 39
765 45
766 42
767 46
768 43
769 44
770 37
771 42
772 44
773 42
774 42
775 43
776 40
777 42
778 39
779 40
780 45
781 39
782 43
783 41
784 45
785 41
786 44
787 42
788 38
789 44
790 47
791 37
792 42
793 41
794 45
795 44
796 42
797 41
798 42
799 43
800 43
801 41
802 46
803 46
804 43
805 47
806 44
807 46
808 46
809 42
810 41
811 47
812 43
813 42
814 40
815 41
816 36
817 41
818 40
819 42
820 40
821 40
822 41
823 41
824 41
825 44
826 42
827 41
828 40
829 41
830 43
831 45
832 43
833 43
834 47
835 45
836 38
837 42
838 42
839 42
840 44
841 46
842 45
843 43
844 41
845 44
846 42
847 43
848 40
849 42
850 44
851 43
852 43
853 46
854 44
855 44
856 42
857 46
858 40
859 41
860 41
861 43
862 43
863 45
864 39
865 43
866 44
867 43
868 40
869 47
870 43
871 45
872 44
873 40
874 43
875 41
876 39
877 37
878 40
879 43
880 37
881 44
882 45
883 41
884 43
885 42
886 46
887 41
888 40
889 42
890 41
891 44
892 41
893 44
894 44
895 44
896 42
897 39
898 45
899 41
900 42
901 45
902 45
903 42
904 43
905 46
906 43
907 46
908 42
909 45
910 45
911 44
912 43
913 38
914 44
915 41
916 43
917 43
918 41
919 40
920 43
921 45
922 44
923 46
924 44
925 44
926 42
927 43
928 44
929 40
930 42
931 45
932 44
933 45
934 44
935 45
936 45
937 45
938 45
939 42
940 44
941 43
942 42
943 45
944 45
945 47
946 42
947 44
948 45
949 44
950 43
951 42
952 44
953 43
954 42
955 46
956 41
957 44
958 47
959 46
960 45
961 43
962 42
963 45
964 45
965 43
966 43
967 45
968 40
969 45
970 46
971 43
972 41
973 42
974 46
975 44
976 42
977 41
978 45
979 44
980 37
981 42
982 42
983 44
984 41
985 41
986 46
987 42
988 43
989 44
990 42
991 43
992 41
993 44
994 43
995 45
996 44
997 45
998 42
999 41
1000 44
