0 90
1 74
2 72
3 69
4 65
5 65
6 62
7 65
8 67
9 65
10 69
11 67
12 59
13 64
14 57
15 63
16 66
17 63
18 66
19 66
20 63
21 57
22 67
23 64
24 62
25 60
26 58
27 57
28 62
29 63
30 56
31 64
32 63
33 66
34 68
35 61
36 60
37 67
38 67
39 67
40 69
41 71
42 60
43 65
44 64
45 63
46 62
47 62
48 60
49 58
50 60
51 66
52 60
53 63
54 63
55 59
56 62
57 66
58 61
59 62
60 62
61 61
62 61
63 51
64 59
65 59
66 58
67 60
68 65
69 65
70 59
71 59
72 59
73 64
74 62
75 67
76 65
77 68
78 64
79 62
80 63
81 59
82 61
83 63
84 65
85 65
86 66
87 63
88 63
89 63
90 64
91 60
92 64
93 63
94 64
95 65
96 64
97 62
98 63
99 63
100 66
101 63
102 67
103 65
104 67
105 68
106 64
107 67
108 66
109 66
110 65
111 63
112 61
113 59
114 60
115 62
116 59
117 62
118 66
119 60
120 60
121 66
122 64
123 60
124 61
125 61
126 64
127 65
128 58
129 57
130 62
131 68
132 63
133 66
134 66
135 65
136 65
137 63
138 68
139 64
140 63
141 65
142 63
143 67
144 66
145 60
146 62
147 60
148 60
149 61
150 62
151 62
152 65
153 67
154 63
155 61
156 61
157 58
158 59
159 61
160 63
161 63
162 66
163 66
164 64
165 61
166 61
167 61
168 63
169 59
170 61
171 56
172 57
173 60
174 63
175 64
176 65
177 63
178 62
179 61
180 68
181 65
182 66
183 64
184 64
185 63
186 64
187 65
188 67
189 72
190 66
191 66
192 63
193 63
194 69
195 63
196 64
197 65
198 57
199 63
200 63
201 63
202 56
203 62
204 64
205 53
206 65
207 67
208 67
209 65
210 66
211 67
212 65
213 63
214 66
215 63
216 64
217 64
218 68
219 61
220 59
221 63
222 59
223 62
224 63
225 69
226 64
227 63
228 64
229 65
230 60
231 60
232 59
233 64
234 60
235 61
236 61
237 64
238 61
239 64
240 66
241 64
242 60
243 61
244 66
245 64
246 66
247 64
248 60
249 63
250 56
251 61
252 62
253 63
254 60
255 64
256 67
257 61
258 61
259 59
260 57
261 59
262 66
263 63
264 61
265 67
266 63
267 63
268 64
269 69
270 67
271 61
272 63
273 64
274 62
275 63
276 64
277 66
278 66
279 60
280 63
281 69
282 61
283 62
284 61
285 67
286 66
287 65
288 65
289 65
290 62
291 64
292 67
293 68
294 67
295 57
296 58
297 63
298 66
299 63
300 62
301 63
302 65
303 63
304 70
305 64
306 71
307 66
308 58
309 61
310 60
311 64
312 62
313 63
314 64
315 67
316 66
317 66
318 65
319 67
320 68
321 65
322 64
323 63
324 63
325 58
326 61
327 61
328 64
329 67
330 68
331 63
332 65
333 65
334 62
335 67
336 68
337 66
338 62
339 64
340 65
341 64
342 68
343 67
344 66
345 63
346 62
347 62
348 66
349 63
350 60
351 57
352 60
353 60
354 59
355 61
356 60
357 62
358 62
359 66
360 66
361 74
362 70
363 69
364 70
365 65
366 68
367 67
368 67
369 69
370 68
371 60
372 66
373 65
374 68
375 64
376 62
377 63
378 63
379 59
380 59
381 65
382 61
383 60
384 60
385 63
386 57
387 56
388 57
389 57
390 63
391 65
392 63
393 67
394 67
395 61
396 59
397 59
398 62
399 64
400 65
401 64
402 57
403 57
404 57
405 65
406 66
407 64
408 64
409 61
410 58
411 66
412 65
413 66
414 68
415 61
416 64
417 64
418 61
419 65
420 67
421 68
422 61
423 65
424 64
425 64
426 63
427 62
428 57
429 60
430 55
431 59
432 57
433 62
434 65
435 67
436 66
437 64
438 63
439 69
440 66
441 63
442 63
443 64
444 57
445 66
446 64
447 59
448 65
449 63
450 66
451 69
452 63
453 64
454 65
455 62
456 66
457 64
458 62
459 65
460 64
461 66
462 67
463 65
464 65
465 61
466 63
467 62
468 64
469 64
470 66
471 66
472 64
473 66
474 71
475 65
476 68
477 62
478 62
479 64
480 67
481 62
482 58
483 64
484 66
485 71
486 69
487 74
488 73
489 64
490 70
491 62
492 61
493 62
494 60
495 60
496 66
497 67
498 68
499 58
500 60
501 56
502 56
503 54
504 60
505 62
506 62
507 66
508 68
509 66
510 64
511 69
512 66
513 64
514 67
515 64
516 65
517 66
518 69
519 65
520 63
521 58
522 57
523 63
524 63
525 65
526 68
527 62
528 64
529 70
530 69
531 63
532 68
533 63
534 58
535 64
536 61
537 67
538 67
539 65
540 62
541 68
542 68
543 57
544 60
545 61
546 62
547 65
548 69
549 69
550 65
551 62
552 69
553 67
554 67
555 66
556 63
557 69
558 64
559 61
560 67
561 68
562 66
563 61
564 65
565 66
566 70
567 66
568 67
569 67
570 65
571 63
572 65
573 67
574 68
575 64
576 64
577 66
578 73
579 67
580 69
581 70
582 71
583 71
584 65
585 65
586 64
587 61
588 63
589 65
590 69
591 65
592 67
593 62
594 66
595 62
596 62
597 61
598 62
599 66
600 63
601 64
602 65
603 63
604 68
605 69
606 70
607 66
608 63
609 66
610 67
611 63
612 68
613 64
614 65
615 68
616 65
617 68
618 65
619 64
620 67
621 73
622 70
623 66
624 62
625 65
626 66
627 66
628 65
629 64
630 67
631 66
632 67
633 61
634 61
635 64
636 67
637 68
638 68
639 67
640 70
641 63
642 62
643 60
644 61
645 59
646 63
647 66
648 65
649 68
650 61
651 55
652 57
653 61
654 65
655 67
656 69
657 66
658 63
659 66
660 65
661 63
662 64
663 56
664 66
665 60
666 60
667 63
668 63
669 64
670 64
671 61
672 63
673 59
674 61
675 64
676 65
677 64
678 63
679 64
680 68
681 70
682 71
683 69
684 66
685 62
686 63
687 66
688 61
689 60
690 64
691 64
692 65
693 70
694 69
695 68
696 66
697 67
698 67
699 62
700 62
701 56
702 62
703 68
704 62
705 65
706 66
707 66
708 63
709 65
710 66
711 66
712 68
713 64
714 61
715 69
716 63
717 68
718 65
719 62
720 65
721 63
722 63
723 59
724 66
725 62
726 62
727 65
728 61
729 62
730 62
731 68
732 72
733 68
734 67
735 68
736 66
737 69
738 71
739 70
740 61
741 64
742 61
743 59
744 57
745 56
746 61
747 61
748 58
749 63
750 60
751 67
752 62
753 58
754 64
755 62
756 61
757 66
758 64
759 63
760 61
761 60
762 60
763 62
764 60
765 66
766 68
767 68
768 64
769 71
770 65
771 68
772 59
773 59
774 64
775 70
776 66
777 61
778 66
779 65
780 62
781 61
782 64
783 56
784 62
785 65
786 66
787 66
788 70
789 68
790 65
791 66
792 64
793 62
794 65
795 63
796 64
797 60
798 55
799 62
800 64
801 65
802 64
803 64
804 62
805 65
806 71
807 67
808 55
809 63
810 68
811 61
812 65
813 64
814 60
815 60
816 62
817 65
818 54
819 56
820 66
821 67
822 64
823 60
824 62
825 59
826 63
827 60
828 59
829 63
830 61
831 63
832 66
833 71
834 68
835 63
836 62
837 62
838 64
839 58
840 63
841 65
842 66
843 61
844 52
845 54
846 58
847 60
848 65
849 61
850 62
851 68
852 65
853 66
854 63
855 63
856 61
857 64
858 68
859 63
860 60
861 59
862 62
863 62
864 60
865 61
866 63
867 60
868 58
869 64
870 62
871 62
872 60
873 65
874 67
875 68
876 69
877 61
878 61
879 57
880 63
881 65
882 61
883 63
884 70
885 68
886 68
887 67
888 65
889 66
890 65
891 66
892 62
893 60
894 54
895 61
896 58
897 58
898 62
899 63
900 63
901 66
902 66
903 67
904 63
905 63
906 61
907 62
908 59
909 57
910 58
911 57
912 59
913 56
914 61
915 65
916 65
917 61
918 62
919 62
920 56
921 61
922 59
923 59
924 64
925 63
926 63
927 67
928 66
929 64
930 67
931 66
932 66
933 67
934 61
935 63
936 67
937 66
938 58
939 62
940 64
941 66
942 64
943 67
944 67
945 67
946 67
947 65
948 67
949 70
950 64
951 64
952 64
953 60
954 60
955 56
956 57
957 57
958 59
959 61
960 60
961 64
962 66
963 64
964 66
965 63
966 62
967 64
968 64
969 62
970 62
971 62
972 57
973 65
974 61
975 64
976 62
977 64
978 65
979 67
980 58
981 61
982 68
983 68
984 62
985 67
986 70
987 64
988 65
989 68
990 65
991 64
992 63
993 60
994 63
995 61
996 62
997 60
998 66
999 63
1000 64
