0 65
1 45
2 45
3 43
4 41
5 44
6 44
7 39
8 42
9 45
10 46
11 40
12 43
13 43
14 45
15 45
16 41
17 45
18 42
19 47
20 42
21 43
22 43
23 40
24 42
25 44
26 44
27 45
28 45
29 47
30 47
31 43
32 47
33 44
34 44
35 42
36 39
37 45
38 44
39 47
40 45
41 43
42 46
43 46
44 42
45 44
46 44
47 40
48 44
49 43
50 44
51 44
52 42
53 45
54 47
55 46
56 45
57 48
58 43
59 45
60 46
61 43
62 42
63 46
64 44
65 48
66 45
67 46
68 44
69 49
70 42
71 48
72 48
73 44
74 46
75 44
76 45
77 49
78 45
79 42
80 40
81 49
82 43
83 44
84 43
85 48
86 43
87 47
88 46
89 41
90 44
91 44
92 46
93 43
94 43
95 36
96 42
97 43
98 48
99 47
100 42
101 46
102 44
103 45
104 45
105 47
106 46
107 39
108 46
109 41
110 46
111 39
112 44
113 44
114 42
115 40
116 46
117 43
118 45
119 42
120 48
121 43
122 45
123 45
124 49
125 44
126 42
127 42
128 40
129 43
130 45
131 44
132 46
133 42
134 44
135 42
136 42
137 44
138 43
139 46
140 41
141 43
142 43
143 46
144 44
145 49
146 45
147 46
148 45
149 46
150 44
151 48
152 45
153 48
154 50
155 44
156 47
157 47
158 44
159 48
160 41
161 47
162 39
163 41
164 44
165 47
166 46
167 40
168 40
169 49
170 45
171 47
172 42
173 46
174 44
175 38
176 43
177 47
178 46
179 46
180 46
181 46
182 46
183 47
184 44
185 46
186 44
187 41
188 46
189 45
190 45
191 45
192 45
193 43
194 44
195 45
196 47
197 46
198 44
199 43
200 42
201 44
202 44
203 47
204 46
205 42
206 44
207 47
208 42
209 45
210 42
211 46
212 47
213 47
214 45
215 43
216 45
217 48
218 47
219 41
220 43
221 43
222 43
223 45
224 44
225 46
226 43
227 44
228 47
229 44
230 48
231 44
232 44
233 43
234 42
235 47
236 38
237 46
238 45
239 48
240 40
241 44
242 51
243 45
244 40
245 45
246 46
247 43
248 45
249 44
250 44
251 45
252 44
253 48
254 48
255 45
256 42
257 46
258 46
259 43
260 40
261 44
262 45
263 45
264 46
265 46
266 48
267 46
268 45
269 40
270 47
271 47
272 44
273 38
274 48
275 41
276 41
277 46
278 48
279 43
280 47
281 44
282 47
283 44
284 41
285 42
286 46
287 46
288 46
289 42
290 41
291 45
292 46
293 43
294 44
295 44
296 47
297 44
298 45
299 45
300 43
301 45
302 42
303 45
304 43
305 47
306 44
307 45
308 45
309 42
310 39
311 42
312 44
313 44
314 47
315 42
316 44
317 44
318 46
319 45
320 44
321 39
322 45
323 46
324 45
325 41
326 49
327 43
328 39
329 40
330 46
331 47
332 44
333 46
334 47
335 45
336 49
337 43
338 43
339 43
340 44
341 42
342 46
343 44
344 46
345 43
346 47
347 40
348 43
349 48
350 44
351 45
352 42
353 41
354 48
355 43
356 45
357 43
358 43
359 45
360 43
361 46
362 43
363 47
364 44
365 37
366 46
367 48
368 44
369 42
370 45
371 41
372 43
373 46
374 42
375 49
376 43
377 45
378 44
379 39
380 49
381 40
382 43
383 48
384 44
385 47
386 44
387 46
388 46
389 45
390 47
391 45
392 43
393 44
394 43
395 43
396 42
397 48
398 42
399 39
400 43
401 48
402 43
403 47
404 44
405 44
406 43
407 45
408 46
409 49
410 46
411 43
412 45
413 47
414 47
415 47
416 46
417 40
418 44
419 44
420 43
421 42
422 48
423 44
424 47
425 46
426 44
427 42
428 47
429 46
430 46
431 47
432 48
433 47
434 46
435 44
436 46
437 43
438 41
439 42
440 45
441 45
442 40
443 46
444 46
445 47
446 45
447 44
448 48
449 44
450 46
451 42
452 47
453 45
454 46
455 46
456 47
457 44
458 43
459 45
460 46
461 43
462 45
463 47
464 43
465 45
466 43
467 40
468 44
469 41
470 42
471 42
472 46
473 48
474 48
475 41
476 47
477 43
478 45
479 45
480 45
481 42
482 43
483 44
484 49
485 46
486 42
487 43
488 48
489 45
490 43
491 45
492 44
493 41
494 45
495 45
496 44
497 43
498 42
499 44
500 47
501 47
502 45
503 43
504 46
505 43
506 48
507 45
508 41
509 42
510 43
511 47
512 40
513 45
514 42
515 43
516 43
517 45
518 47
519 42
520 42
521 46
522 47
523 44
524 44
525 39
526 45
527 44
528 47
529 50
530 46
531 43
532 42
533 46
534 44
535 43
536 39
537 44
538 46
539 42
540 44
541 43
542 45
543 41
544 42
545 43
546 42
547 44
548 42
549 44
550 45
551 45
552 44
553 47
554 44
555 38
556 44
557 40
558 43
559 46
560 42
561 45
562 42
563 48
564 44
565 47
566 45
567 44
568 46
569 42
570 45
571 45
572 45
573 48
574 49
575 45
576 43
577 46
578 45
579 45
580 44
581 41
582 43
583 46
584 42
585 45
586 47
587 45
588 47
589 40
590 46
591 41
592 47
593 46
594 47
595 45
596 49
597 46
598 43
599 45
600 48
601 40
602 43
603 42
604 42
605 43
606 45
607 43
608 43
609 44
610 47
611 45
612 43
613 49
614 48
615 45
616 44
617 46
618 43
619 41
620 44
621 38
622 42
623 43
624 46
625 44
626 44
627 47
628 43
629 45
630 42
631 43
632 43
633 46
634 40
635 46
636 47
637 39
638 41
639 43
640 49
641 42
642 43
643 45
644 46
645 43
646 45
647 43
648 42
649 45
650 45
651 45
652 39
653 44
654 45
655 43
656 43
657 43
658 45
659 43
660 49
661 39
662 42
663 47
664 37
665 46
666 46
667 44
668 42
669 41
670 45
671 41
672 46
673 46
674 45
675 40
676 44
677 43
678 44
679 46
680 47
681 47
682 42
683 42
684 42
685 47
686 43
687 47
688 43
689 46
690 39
691 47
692 42
693 46
694 40
695 45
696 46
697 44
698 46
699 45
700 46
701 45
702 42
703 45
704 47
705 46
706 43
707 44
708 42
709 43
710 44
711 41
712 41
713 42
714 46
715 43
716 44
717 50
718 42
719 47
720 47
721 44
722 35
723 46
724 42
725 36
726 43
727 38
728 42
729 45
730 42
731 42
732 42
733 43
734 45
735 42
736 45
737 45
738 47
739 45
740 38
741 45
742 40
743 45
744 45
745 46
746 43
747 44
748 47
749 42
750 46
751 44
752 45
753 44
754 46
755 45
756 47
757 46
758 43
759 45
760 44
761 43
762 41
763 42
764 47
765 43
766 42
767 43
768 43
769 43
770 42
771 48
772 46
773 43
774 47
775 45
776 45
777 43
778 44
779 39
780 43
781 46
782 49
783 47
784 41
785 42
786 44
787 45
788 41
789 44
790 42
791 41
792 44
793 43
794 48
795 47
796 48
797 48
798 45
799 47
800 40
801 45
802 49
803 43
804 44
805 45
806 46
807 43
808 39
809 45
810 43
811 43
812 40
813 43
814 44
815 45
816 43
817 46
818 45
819 45
820 46
821 46
822 48
823 47
824 44
825 43
826 46
827 44
828 45
829 43
830 47
831 40
832 42
833 43
834 45
835 42
836 45
837 42
838 46
839 47
840 45
841 47
842 44
843 41
844 39
845 42
846 43
847 44
848 43
849 44
850 45
851 44
852 46
853 44
854 46
855 41
856 43
857 44
858 46
859 47
860 47
861 42
862 46
863 49
864 43
865 44
866 44
867 49
868 45
869 42
870 46
871 48
872 47
873 43
874 48
875 44
876 46
877 48
878 41
879 39
880 43
881 47
882 44
883 43
884 44
885 47
886 45
887 48
888 44
889 46
890 44
891 46
892 45
893 46
894 46
895 45
896 44
897 46
898 44
899 42
900 45
901 44
902 39
903 41
904 42
905 47
906 44
907 40
908 44
909 45
910 41
911 47
912 47
913 48
914 39
915 48
916 43
917 42
918 43
919 47
920 44
921 47
922 42
923 42
924 43
925 43
926 44
927 43
928 45
929 45
930 44
931 43
932 44
933 43
934 42
935 45
936 40
937 46
938 47
939 41
940 45
941 50
942 48
943 44
944 45
945 47
946 42
947 43
948 46
949 42
950 42
951 44
952 44
953 46
954 43
955 44
956 43
957 45
958 49
959 44
960 46
961 46
962 44
963 40
964 46
965 46
966 40
967 43
968 43
969 43
970 44
971 44
972 45
973 45
974 43
975 45
976 46
977 47
978 42
979 43
980 43
981 47
982 45
983 44
984 42
985 49
986 44
987 42
988 46
989 44
990 44
991 46
992 47
993 44
994 44
995 46
996 47
997 45
998 45
999 43
1000 40
