0 55
1 49
2 44
3 39
4 35
5 34
6 34
7 34
8 34
9 34
10 36
11 38
12 37
13 37
14 36
15 34
16 37
17 35
18 32
19 34
20 33
21 37
22 35
23 33
24 32
25 30
26 28
27 28
28 30
29 29
30 32
31 34
32 32
33 32
34 33
35 31
36 32
37 33
38 34
39 31
40 32
41 31
42 31
43 32
44 33
45 36
46 31
47 33
48 34
49 37
50 35
51 35
52 36
53 36
54 33
55 34
56 35
57 37
58 36
59 35
60 34
61 30
62 32
63 33
64 33
65 34
66 34
67 33
68 33
69 32
70 35
71 32
72 32
73 32
74 30
75 35
76 34
77 33
78 32
79 33
80 33
81 32
82 30
83 33
84 36
85 32
86 32
87 33
88 35
89 33
90 32
91 32
92 33
93 30
94 32
95 31
96 32
97 34
98 31
99 29
100 30
101 31
102 32
103 33
104 33
105 32
106 31
107 31
108 29
109 31
110 30
111 30
112 32
113 30
114 31
115 32
116 34
117 33
118 34
119 32
120 28
121 29
122 31
123 33
124 37
125 36
126 34
127 33
128 33
129 28
130 27
131 32
132 31
133 30
134 28
135 27
136 26
137 30
138 29
139 29
140 31
141 31
142 32
143 32
144 33
145 33
146 34
147 34
148 34
149 34
150 31
151 33
152 33
153 35
154 32
155 32
156 33
157 34
158 32
159 33
160 30
161 31
162 34
163 33
164 35
165 35
166 35
167 34
168 33
169 33
170 31
171 32
172 30
173 29
174 30
175 29
176 29
177 33
178 34
179 34
180 35
181 29
182 27
183 24
184 29
185 33
186 34
187 32
188 33
189 29
190 31
191 31
192 30
193 32
194 30
195 32
196 32
197 30
198 30
199 34
200 33
201 35
202 33
203 32
204 32
205 34
206 34
207 32
208 33
209 31
210 31
211 31
212 30
213 30
214 32
215 31
216 34
217 33
218 30
219 31
220 31
221 33
222 33
223 34
224 32
225 33
226 32
227 34
228 32
229 30
230 34
231 31
232 31
233 32
234 32
235 33
236 29
237 27
238 29
239 29
240 33
241 35
242 36
243 32
244 35
245 37
246 37
247 36
248 36
249 36
250 36
251 36
252 33
253 37
254 34
255 30
256 32
257 34
258 35
259 36
260 33
261 32
262 30
263 30
264 32
265 31
266 32
267 33
268 36
269 34
270 33
271 29
272 29
273 33
274 31
275 31
276 31
277 35
278 34
279 33
280 36
281 34
282 32
283 33
284 32
285 32
286 29
287 30
288 30
289 26
290 28
291 32
292 34
293 34
294 34
295 32
296 29
297 33
298 29
299 31
300 33
301 34
302 34
303 32
304 32
305 31
306 30
307 30
308 30
309 31
310 31
311 33
312 31
313 31
314 34
315 33
316 31
317 31
318 30
319 31
320 32
321 31
322 28
323 32
324 30
325 33
326 30
327 31
328 32
329 34
330 33
331 31
332 31
333 32
334 32
335 31
336 32
337 31
338 29
339 33
340 31
341 33
342 35
343 37
344 37
345 37
346 32
347 32
348 33
349 34
350 29
351 31
352 33
353 38
354 35
355 37
356 34
357 35
358 37
359 35
360 32
361 35
362 32
363 31
364 31
365 32
366 33
367 35
368 34
369 33
370 33
371 34
372 34
373 34
374 33
375 36
376 34
377 35
378 35
379 34
380 36
381 33
382 33
383 32
384 32
385 35
386 33
387 35
388 36
389 37
390 34
391 32
392 32
393 32
394 35
395 34
396 33
397 33
398 32
399 33
400 32
401 33
402 33
403 33
404 32
405 31
406 32
407 35
408 34
409 35
410 37
411 34
412 34
413 34
414 34
415 33
416 33
417 34
418 35
419 34
420 32
421 33
422 33
423 32
424 29
425 33
426 34
427 34
428 35
429 32
430 31
431 32
432 33
433 34
434 34
435 35
436 33
437 34
438 37
439 32
440 35
441 37
442 32
443 32
444 30
445 30
446 32
447 34
448 33
449 32
450 35
451 35
452 34
453 33
454 33
455 31
456 31
457 32
458 33
459 32
460 36
461 33
462 34
463 35
464 37
465 34
466 33
467 33
468 35
469 34
470 33
471 34
472 34
473 34
474 34
475 33
476 31
477 35
478 35
479 34
480 33
481 34
482 32
483 33
484 32
485 29
486 33
487 34
488 31
489 33
490 34
491 34
492 32
493 33
494 30
495 28
496 28
497 30
498 30
499 29
500 32
501 32
502 33
503 32
504 34
505 31
506 32
507 31
508 32
509 34
510 33
511 35
512 35
513 35
514 33
515 34
516 35
517 35
518 37
519 36
520 36
521 34
522 34
523 34
524 33
525 32
526 33
527 35
528 32
529 32
530 30
531 32
532 33
533 35
534 33
535 37
536 37
537 33
538 32
539 33
540 34
541 35
542 35
543 38
544 36
545 34
546 35
547 33
548 37
549 36
550 34
551 31
552 34
553 33
554 31
555 36
556 34
557 35
558 34
559 33
560 33
561 35
562 36
563 34
564 35
565 37
566 36
567 33
568 32
569 34
570 34
571 35
572 34
573 33
574 32
575 30
576 32
577 32
578 34
579 32
580 31
581 28
582 29
583 28
584 32
585 34
586 33
587 35
588 36
589 36
590 37
591 37
592 35
593 34
594 35
595 36
596 33
597 35
598 32
599 31
600 32
601 33
602 31
603 31
604 33
605 33
606 33
607 36
608 33
609 37
610 34
611 32
612 30
613 32
614 32
615 29
616 32
617 31
618 33
619 32
620 33
621 34
622 35
623 35
624 36
625 35
626 35
627 29
628 28
629 28
630 34
631 34
632 31
633 31
634 29
635 25
636 29
637 28
638 31
639 30
640 34
641 35
642 36
643 37
644 36
645 38
646 36
647 32
648 31
649 31
650 29
651 30
652 32
653 32
654 34
655 35
656 30
657 30
658 32
659 31
660 30
661 30
662 31
663 31
664 30
665 29
666 32
667 34
668 32
669 33
670 32
671 31
672 29
673 30
674 29
675 25
676 29
677 29
678 33
679 33
680 34
681 34
682 32
683 31
684 31
685 32
686 34
687 31
688 32
689 32
690 33
691 33
692 29
693 32
694 31
695 32
696 32
697 32
698 33
699 30
700 33
701 32
702 34
703 33
704 36
705 37
706 34
707 32
708 34
709 34
710 34
711 32
712 35
713 37
714 36
715 33
716 36
717 29
718 28
719 29
720 31
721 32
722 32
723 33
724 33
725 34
726 32
727 34
728 35
729 36
730 32
731 33
732 33
733 33
734 34
735 34
736 30
737 31
738 31
739 33
740 33
741 35
742 34
743 34
744 32
745 30
746 33
747 32
748 32
749 34
750 35
751 35
752 33
753 36
754 33
755 35
756 34
757 33
758 33
759 31
760 30
761 29
762 29
763 26
764 30
765 30
766 29
767 34
768 36
769 35
770 35
771 37
772 35
773 34
774 33
775 32
776 34
777 33
778 34
779 33
780 33
781 35
782 30
783 31
784 30
785 32
786 28
787 30
788 33
789 32
790 34
791 32
792 32
793 34
794 36
795 36
796 36
797 35
798 36
799 32
800 31
801 30
802 29
803 26
804 30
805 31
806 34
807 36
808 33
809 32
810 32
811 33
812 31
813 32
814 36
815 37
816 38
817 34
818 32
819 31
820 31
821 32
822 32
823 30
824 34
825 33
826 34
827 32
828 34
829 30
830 29
831 31
832 33
833 35
834 34
835 36
836 36
837 35
838 34
839 29
840 32
841 33
842 34
843 32
844 34
845 32
846 32
847 35
848 31
849 32
850 34
851 33
852 30
853 33
854 36
855 29
856 28
857 31
858 33
859 34
860 32
861 32
862 30
863 31
864 32
865 33
866 36
867 36
868 36
869 37
870 34
871 32
872 36
873 35
874 32
875 33
876 28
877 31
878 34
879 33
880 32
881 34
882 33
883 35
884 34
885 32
886 33
887 32
888 33
889 33
890 33
891 35
892 32
893 30
894 32
895 35
896 33
897 34
898 36
899 37
900 36
901 33
902 34
903 36
904 37
905 36
906 33
907 32
908 31
909 34
910 32
911 30
912 30
913 30
914 32
915 32
916 31
917 32
918 28
919 32
920 35
921 34
922 37
923 37
924 32
925 28
926 29
927 29
928 27
929 28
930 32
931 29
932 26
933 27
934 26
935 29
936 33
937 32
938 32
939 35
940 33
941 33
942 32
943 33
944 31
945 32
946 29
947 29
948 31
949 29
950 33
951 31
952 30
953 29
954 32
955 33
956 33
957 29
958 33
959 34
960 32
961 32
962 33
963 35
964 34
965 37
966 35
967 34
968 34
969 34
970 34
971 34
972 33
973 34
974 35
975 35
976 34
977 34
978 34
979 34
980 35
981 32
982 33
983 31
984 30
985 30
986 32
987 33
988 32
989 33
990 34
991 32
992 31
993 31
994 31
995 33
996 30
997 32
998 31
999 31
1000 31
