0 15
1 14
2 9
3 10
4 9
5 6
6 7
7 10
8 10
9 9
10 8
11 9
12 6
13 8
14 10
15 9
16 10
17 11
18 10
19 9
20 9
21 8
22 7
23 7
24 9
25 9
26 10
27 9
28 9
29 11
30 9
31 5
32 6
33 9
34 10
35 8
36 7
37 7
38 8
39 9
40 8
41 7
42 8
43 10
44 8
45 7
46 8
47 9
48 8
49 7
50 10
51 9
52 9
53 9
54 8
55 9
56 9
57 7
58 8
59 7
60 8
61 9
62 10
63 10
64 9
65 8
66 7
67 8
68 9
69 8
70 9
71 11
72 8
73 11
74 6
75 10
76 6
77 9
78 9
79 9
80 9
81 10
82 9
83 6
84 7
85 8
86 8
87 6
88 7
89 8
90 8
91 11
92 8
93 10
94 9
95 7
96 8
97 6
98 7
99 8
100 7
101 8
102 6
103 7
104 8
105 8
106 10
107 9
108 8
109 10
110 7
111 6
112 8
113 8
114 9
115 9
116 9
117 7
118 6
119 6
120 8
121 11
122 8
123 9
124 8
125 9
126 9
127 10
128 9
129 9
130 10
131 9
132 9
133 7
134 7
135 9
136 8
137 8
138 8
139 8
140 7
141 8
142 8
143 8
144 8
145 8
146 8
147 9
148 10
149 9
150 8
151 7
152 8
153 11
154 8
155 11
156 10
157 10
158 6
159 7
160 7
161 7
162 8
163 9
164 9
165 9
166 8
167 9
168 7
169 7
170 8
171 10
172 10
173 9
174 10
175 9
176 10
177 9
178 11
179 11
180 9
181 9
182 10
183 7
184 8
185 9
186 10
187 10
188 8
189 5
190 9
191 8
192 9
193 10
194 10
195 8
196 8
197 7
198 9
199 9
200 8
201 6
202 5
203 7
204 6
205 9
206 7
207 8
208 7
209 10
210 10
211 10
212 7
213 9
214 10
215 8
216 10
217 9
218 9
219 10
220 10
221 10
222 9
223 7
224 8
225 9
226 9
227 7
228 6
229 10
230 9
231 8
232 8
233 8
234 8
235 8
236 9
237 9
238 8
239 9
240 8
241 8
242 10
243 9
244 8
245 7
246 5
247 8
248 6
249 7
250 10
251 9
252 9
253 10
254 10
255 9
256 9
257 11
258 11
259 10
260 10
261 10
262 8
263 7
264 8
265 6
266 9
267 8
268 7
269 9
270 9
271 6
272 9
273 10
274 10
275 8
276 10
277 9
278 9
279 7
280 10
281 9
282 10
283 8
284 10
285 10
286 7
287 9
288 8
289 7
290 8
291 8
292 8
293 7
294 7
295 9
296 9
297 9
298 9
299 9
300 10
301 8
302 8
303 9
304 9
305 8
306 8
307 8
308 8
309 10
310 10
311 8
312 6
313 9
314 9
315 8
316 9
317 8
318 8
319 7
320 9
321 5
322 7
323 7
324 8
325 7
326 9
327 8
328 6
329 8
330 10
331 7
332 8
333 9
334 9
335 9
336 7
337 6
338 9
339 6
340 8
341 7
342 8
343 9
344 9
345 8
346 6
347 8
348 5
349 7
350 8
351 9
352 7
353 10
354 9
355 8
356 8
357 8
358 9
359 8
360 9
361 11
362 8
363 9
364 7
365 8
366 7
367 7
368 9
369 9
370 10
371 9
372 9
373 8
374 9
375 10
376 9
377 9
378 8
379 9
380 6
381 6
382 10
383 6
384 7
385 9
386 10
387 7
388 8
389 7
390 10
391 8
392 9
393 9
394 7
395 7
396 9
397 9
398 8
399 9
400 8
401 6
402 9
403 11
404 9
405 9
406 8
407 5
408 7
409 8
410 8
411 9
412 9
413 9
414 10
415 9
416 8
417 9
418 11
419 9
420 10
421 7
422 8
423 5
424 8
425 7
426 9
427 8
428 9
429 8
430 10
431 8
432 8
433 8
434 8
435 7
436 8
437 9
438 9
439 9
440 7
441 9
442 9
443 10
444 9
445 10
446 10
447 11
448 7
449 7
450 8
451 10
452 10
453 9
454 7
455 10
456 9
457 7
458 9
459 8
460 8
461 9
462 9
463 7
464 6
465 6
466 8
467 8
468 10
469 11
470 10
471 8
472 7
473 9
474 11
475 9
476 9
477 9
478 9
479 8
480 10
481 9
482 8
483 8
484 8
485 10
486 10
487 10
488 10
489 10
490 9
491 7
492 9
493 10
494 9
495 8
496 9
497 8
498 8
499 7
500 8
501 9
502 8
503 8
504 9
505 11
506 10
507 10
508 9
509 9
510 6
511 9
512 7
513 8
514 9
515 8
516 8
517 9
518 9
519 10
520 10
521 9
522 9
523 9
524 8
525 9
526 8
527 9
528 10
529 11
530 9
531 10
532 11
533 9
534 7
535 8
536 7
537 8
538 7
539 8
540 9
541 9
542 8
543 7
544 7
545 8
546 7
547 9
548 7
549 9
550 9
551 11
552 12
553 9
554 10
555 8
556 9
557 9
558 8
559 8
560 9
561 9
562 9
563 8
564 8
565 9
566 8
567 6
568 10
569 9
570 9
571 9
572 9
573 10
574 10
575 8
576 8
577 10
578 9
579 9
580 9
581 8
582 10
583 9
584 8
585 9
586 10
587 8
588 8
589 9
590 7
591 8
592 6
593 7
594 8
595 3
596 9
597 9
598 8
599 8
600 8
601 8
602 8
603 8
604 8
605 7
606 6
607 7
608 10
609 8
610 6
611 8
612 8
613 10
614 7
615 4
616 7
617 9
618 10
619 12
620 10
621 9
622 8
623 10
624 11
625 10
626 8
627 7
628 8
629 7
630 8
631 9
632 10
633 9
634 6
635 8
636 10
637 11
638 9
639 11
640 10
641 9
642 9
643 11
644 12
645 5
646 9
647 8
648 9
649 8
650 10
651 8
652 7
653 5
654 8
655 6
656 9
657 10
658 10
659 8
660 8
661 9
662 8
663 10
664 8
665 8
666 8
667 10
668 9
669 8
670 8
671 9
672 10
673 9
674 10
675 6
676 6
677 7
678 7
679 8
680 8
681 7
682 8
683 8
684 8
685 9
686 7
687 10
688 9
689 10
690 8
691 9
692 7
693 8
694 9
695 7
696 8
697 9
698 9
699 9
700 9
701 8
702 7
703 8
704 7
705 7
706 8
707 10
708 8
709 9
710 9
711 8
712 7
713 9
714 9
715 8
716 6
717 6
718 6
719 6
720 8
721 8
722 7
723 8
724 7
725 9
726 9
727 9
728 10
729 9
730 8
731 7
732 5
733 5
734 9
735 9
736 9
737 10
738 9
739 9
740 10
741 9
742 8
743 8
744 8
745 9
746 10
747 9
748 8
749 8
750 7
751 6
752 5
753 9
754 9
755 8
756 9
757 9
758 9
759 8
760 10
761 8
762 9
763 7
764 8
765 7
766 8
767 7
768 7
769 8
770 10
771 9
772 9
773 8
774 9
775 6
776 8
777 9
778 8
779 8
780 10
781 7
782 8
783 9
784 8
785 11
786 9
787 10
788 8
789 6
790 9
791 6
792 8
793 9
794 10
795 9
796 9
797 8
798 7
799 6
800 6
801 6
802 8
803 9
804 11
805 7
806 7
807 8
808 8
809 6
810 9
811 8
812 6
813 9
814 7
815 7
816 7
817 9
818 10
819 9
820 6
821 8
822 6
823 9
824 9
825 11
826 10
827 10
828 10
829 9
830 9
831 11
832 11
833 9
834 10
835 11
836 10
837 8
838 9
839 10
840 11
841 9
842 8
843 8
844 8
845 9
846 9
847 10
848 8
849 9
850 8
851 4
852 6
853 8
854 9
855 10
856 11
857 8
858 7
859 9
860 9
861 10
862 6
863 6
864 7
865 9
866 9
867 9
868 9
869 10
870 8
871 9
872 8
873 7
874 8
875 10
876 9
877 9
878 9
879 9
880 10
881 9
882 9
883 8
884 8
885 9
886 7
887 9
888 6
889 10
890 9
891 11
892 8
893 7
894 6
895 8
896 9
897 8
898 8
899 6
900 8
901 10
902 8
903 7
904 8
905 11
906 9
907 8
908 9
909 11
910 11
911 9
912 6
913 7
914 9
915 9
916 9
917 9
918 9
919 10
920 9
921 10
922 11
923 10
924 7
925 7
926 8
927 8
928 10
929 10
930 10
931 8
932 10
933 8
934 10
935 10
936 10
937 9
938 10
939 9
940 9
941 9
942 10
943 9
944 9
945 7
946 9
947 8
948 9
949 10
950 8
951 9
952 9
953 10
954 11
955 11
956 7
957 7
958 6
959 9
960 7
961 8
962 10
963 8
964 9
965 8
966 9
967 9
968 7
969 9
970 9
971 8
972 8
973 9
974 10
975 10
976 9
977 8
978 8
979 9
980 6
981 8
982 9
983 9
984 9
985 7
986 8
987 7
988 8
989 9
990 8
991 10
992 10
993 8
994 8
995 11
996 10
997 10
998 8
999 9
1000 8
