0 30
1 28
2 26
3 26
4 25
5 24
6 25
7 25
8 21
9 20
10 18
11 20
12 20
13 20
14 18
15 19
16 17
17 20
18 20
19 20
20 20
21 18
22 19
23 17
24 17
25 17
26 19
27 17
28 18
29 19
30 19
31 18
32 18
33 15
34 19
35 18
36 16
37 16
38 18
39 16
40 17
41 17
42 15
43 17
44 18
45 22
46 23
47 23
48 21
49 20
50 19
51 19
52 20
53 18
54 17
55 20
56 19
57 19
58 22
59 23
60 23
61 23
62 21
63 21
64 21
65 20
66 19
67 21
68 19
69 20
70 20
71 19
72 17
73 17
74 16
75 17
76 16
77 17
78 17
79 15
80 17
81 16
82 16
83 15
84 17
85 20
86 19
87 20
88 20
89 21
90 20
91 20
92 20
93 20
94 21
95 18
96 21
97 20
98 20
99 21
100 22
101 23
102 21
103 21
104 23
105 22
106 21
107 19
108 19
109 18
110 19
111 17
112 19
113 21
114 23
115 22
116 23
117 22
118 23
119 22
120 23
121 19
122 18
123 18
124 20
125 18
126 18
127 18
128 18
129 18
130 15
131 18
132 17
133 20
134 21
135 21
136 23
137 24
138 25
139 24
140 24
141 24
142 24
143 21
144 20
145 20
146 20
147 19
148 19
149 16
150 19
151 18
152 20
153 16
154 17
155 16
156 14
157 14
158 14
159 14
160 13
161 12
162 14
163 16
164 17
165 16
166 16
167 16
168 16
169 17
170 17
171 16
172 15
173 14
174 16
175 19
176 17
177 16
178 17
179 18
180 20
181 16
182 18
183 17
184 17
185 17
186 18
187 20
188 21
189 19
190 18
191 18
192 18
193 18
194 16
195 17
196 16
197 17
198 19
199 18
200 17
201 18
202 18
203 20
204 20
205 21
206 22
207 22
208 23
209 22
210 19
211 20
212 18
213 19
214 19
215 18
216 19
217 20
218 19
219 20
220 21
221 20
222 20
223 20
224 20
225 21
226 23
227 21
228 21
229 20
230 20
231 22
232 21
233 21
234 20
235 19
236 17
237 17
238 17
239 18
240 20
241 21
242 21
243 22
244 21
245 21
246 19
247 18
248 16
249 18
250 16
251 14
252 16
253 17
254 15
255 15
256 17
257 18
258 17
259 20
260 18
261 18
262 17
263 21
264 21
265 21
266 19
267 20
268 18
269 18
270 18
271 19
272 20
273 16
274 16
275 17
276 16
277 17
278 19
279 20
280 19
281 19
282 19
283 18
284 18
285 19
286 20
287 21
288 20
289 21
290 16
291 15
292 16
293 19
294 20
295 20
296 22
297 22
298 22
299 21
300 21
301 18
302 15
303 15
304 16
305 17
306 17
307 17
308 16
309 15
310 16
311 16
312 14
313 16
314 15
315 17
316 16
317 20
318 20
319 18
320 20
321 17
322 20
323 17
324 17
325 18
326 19
327 21
328 19
329 19
330 15
331 16
332 16
333 16
334 19
335 19
336 19
337 20
338 20
339 23
340 21
341 21
342 20
343 21
344 21
345 23
346 23
347 23
348 22
349 23
350 21
351 21
352 20
353 23
354 21
355 20
356 19
357 20
358 20
359 20
360 20
361 21
362 22
363 22
364 21
365 23
366 23
367 23
368 23
369 23
370 21
371 24
372 25
373 22
374 23
375 23
376 20
377 21
378 22
379 22
380 22
381 21
382 22
383 21
384 21
385 19
386 21
387 24
388 21
389 20
390 18
391 18
392 17
393 18
394 19
395 17
396 20
397 22
398 20
399 21
400 21
401 19
402 15
403 18
404 18
405 18
406 18
407 18
408 20
409 20
410 21
411 18
412 21
413 20
414 21
415 22
416 24
417 25
418 22
419 22
420 22
421 21
422 21
423 21
424 23
425 25
426 23
427 21
428 21
429 19
430 20
431 19
432 21
433 21
434 20
435 20
436 21
437 19
438 21
439 20
440 20
441 20
442 18
443 20
444 19
445 17
446 20
447 18
448 15
449 15
450 16
451 17
452 16
453 18
454 19
455 17
456 16
457 16
458 16
459 17
460 17
461 18
462 17
463 19
464 20
465 19
466 18
467 17
468 20
469 17
470 17
471 17
472 15
473 17
474 15
475 16
476 17
477 17
478 18
479 20
480 20
481 20
482 19
483 20
484 19
485 17
486 18
487 21
488 21
489 22
490 20
491 20
492 21
493 22
494 22
495 22
496 20
497 19
498 18
499 18
500 20
501 18
502 20
503 22
504 18
505 20
506 19
507 20
508 21
509 20
510 21
511 22
512 21
513 20
514 19
515 19
516 19
517 20
518 19
519 19
520 19
521 20
522 20
523 17
524 15
525 14
526 15
527 15
528 15
529 14
530 15
531 17
532 19
533 21
534 22
535 20
536 21
537 19
538 20
539 21
540 19
541 18
542 17
543 15
544 16
545 17
546 19
547 18
548 15
549 11
550 16
551 17
552 20
553 20
554 19
555 19
556 20
557 19
558 20
559 21
560 23
561 21
562 23
563 25
564 26
565 22
566 19
567 19
568 17
569 19
570 19
571 19
572 19
573 17
574 17
575 17
576 17
577 14
578 15
579 17
580 18
581 16
582 16
583 18
584 20
585 21
586 20
587 18
588 18
589 18
590 17
591 20
592 23
593 23
594 23
595 23
596 24
597 21
598 19
599 21
600 21
601 22
602 21
603 21
604 21
605 20
606 20
607 19
608 19
609 18
610 19
611 18
612 19
613 19
614 20
615 18
616 20
617 17
618 21
619 20
620 20
621 21
622 19
623 20
624 19
625 19
626 20
627 17
628 17
629 16
630 18
631 16
632 16
633 16
634 17
635 18
636 18
637 17
638 15
639 14
640 16
641 17
642 17
643 15
644 16
645 16
646 16
647 19
648 17
649 16
650 16
651 18
652 16
653 16
654 16
655 15
656 15
657 18
658 16
659 16
660 17
661 16
662 16
663 17
664 18
665 19
666 20
667 18
668 19
669 19
670 20
671 20
672 20
673 22
674 23
675 22
676 22
677 19
678 20
679 20
680 21
681 20
682 18
683 17
684 17
685 17
686 17
687 16
688 16
689 15
690 17
691 16
692 18
693 18
694 19
695 18
696 17
697 20
698 20
699 22
700 21
701 18
702 20
703 21
704 21
705 21
706 21
707 21
708 20
709 19
710 21
711 21
712 22
713 21
714 18
715 16
716 18
717 17
718 16
719 14
720 17
721 21
722 21
723 20
724 20
725 18
726 16
727 15
728 17
729 17
730 21
731 20
732 22
733 22
734 21
735 20
736 17
737 17
738 17
739 18
740 18
741 18
742 17
743 17
744 19
745 20
746 20
747 18
748 16
749 16
750 16
751 17
752 18
753 20
754 19
755 18
756 19
757 18
758 18
759 19
760 21
761 23
762 23
763 22
764 21
765 20
766 18
767 21
768 20
769 20
770 21
771 20
772 19
773 18
774 20
775 19
776 20
777 19
778 18
779 17
780 15
781 17
782 18
783 18
784 17
785 16
786 17
787 18
788 18
789 17
790 17
791 18
792 19
793 21
794 19
795 18
796 21
797 21
798 22
799 23
800 22
801 23
802 21
803 18
804 15
805 16
806 18
807 19
808 20
809 19
810 19
811 19
812 18
813 17
814 17
815 15
816 14
817 15
818 16
819 17
820 17
821 19
822 18
823 18
824 17
825 18
826 20
827 18
828 17
829 19
830 20
831 19
832 20
833 20
834 21
835 21
836 20
837 22
838 20
839 20
840 19
841 16
842 19
843 19
844 21
845 22
846 22
847 21
848 18
849 17
850 15
851 16
852 16
853 16
854 17
855 18
856 18
857 18
858 17
859 18
860 19
861 20
862 21
863 18
864 20
865 20
866 21
867 20
868 21
869 18
870 13
871 15
872 12
873 13
874 16
875 15
876 16
877 18
878 19
879 17
880 17
881 18
882 18
883 19
884 19
885 20
886 21
887 20
888 18
889 22
890 20
891 21
892 21
893 20
894 20
895 21
896 22
897 22
898 22
899 21
900 22
901 20
902 17
903 17
904 17
905 18
906 18
907 21
908 18
909 19
910 23
911 23
912 22
913 21
914 21
915 22
916 20
917 20
918 20
919 21
920 19
921 19
922 20
923 19
924 17
925 18
926 19
927 18
928 16
929 15
930 16
931 16
932 17
933 17
934 17
935 14
936 18
937 16
938 16
939 14
940 16
941 19
942 19
943 22
944 22
945 21
946 19
947 18
948 20
949 21
950 18
951 18
952 18
953 16
954 17
955 17
956 17
957 14
958 18
959 21
960 20
961 20
962 22
963 23
964 23
965 21
966 18
967 17
968 17
969 17
970 19
971 18
972 18
973 18
974 17
975 17
976 21
977 20
978 18
979 18
980 18
981 18
982 20
983 20
984 19
985 19
986 18
987 19
988 18
989 17
990 17
991 17
992 19
993 18
994 19
995 20
996 21
997 21
998 19
999 18
1000 19
