0 75
1 61
2 53
3 50
4 48
5 41
6 44
7 45
8 47
9 50
10 50
11 49
12 49
13 46
14 47
15 50
16 50
17 43
18 42
19 45
20 49
21 50
22 47
23 49
24 48
25 46
26 46
27 48
28 50
29 50
30 49
31 49
32 46
33 46
34 49
35 48
36 49
37 45
38 42
39 45
40 48
41 48
42 45
43 48
44 48
45 46
46 43
47 47
48 46
49 45
50 48
51 48
52 46
53 46
54 47
55 48
56 50
57 48
58 45
59 49
60 50
61 48
62 48
63 47
64 49
65 46
66 45
67 45
68 42
69 43
70 46
71 46
72 40
73 41
74 40
75 40
76 39
77 42
78 44
79 46
80 43
81 44
82 49
83 45
84 49
85 51
86 47
87 48
88 45
89 43
90 46
91 46
92 48
93 48
94 51
95 49
96 50
97 48
98 45
99 47
100 47
101 48
102 48
103 46
104 49
105 49
106 46
107 51
108 47
109 46
110 42
111 44
112 42
113 45
114 46
115 42
116 44
117 44
118 47
119 48
120 44
121 43
122 44
123 45
124 47
125 45
126 49
127 47
128 48
129 45
130 45
131 47
132 48
133 49
134 48
135 50
136 52
137 48
138 46
139 44
140 45
141 41
142 44
143 44
144 47
145 45
146 46
147 48
148 46
149 44
150 41
151 46
152 48
153 49
154 48
155 42
156 47
157 48
158 49
159 47
160 46
161 46
162 47
163 47
164 48
165 49
166 49
167 51
168 52
169 49
170 46
171 40
172 47
173 49
174 47
175 48
176 45
177 47
178 49
179 50
180 50
181 48
182 48
183 47
184 49
185 48
186 46
187 45
188 46
189 47
190 51
191 46
192 45
193 45
194 46
195 47
196 49
197 47
198 47
199 46
200 44
201 49
202 48
203 47
204 48
205 47
206 48
207 49
208 45
209 45
210 49
211 46
212 43
213 43
214 45
215 43
216 45
217 50
218 46
219 48
220 48
221 51
222 47
223 48
224 48
225 46
226 44
227 47
228 45
229 48
230 48
231 48
232 43
233 42
234 45
235 41
236 49
237 52
238 51
239 47
240 47
241 47
242 46
243 46
244 48
245 46
246 47
247 49
248 48
249 46
250 43
251 50
252 48
253 46
254 43
255 47
256 47
257 48
258 51
259 49
260 46
261 45
262 47
263 48
264 44
265 46
266 44
267 44
268 44
269 45
270 44
271 46
272 45
273 48
274 45
275 48
276 48
277 51
278 50
279 49
280 46
281 48
282 47
283 48
284 46
285 44
286 42
287 47
288 50
289 51
290 50
291 46
292 44
293 45
294 46
295 48
296 44
297 44
298 47
299 46
300 47
301 45
302 45
303 48
304 48
305 44
306 41
307 45
308 46
309 47
310 47
311 48
312 47
313 47
314 46
315 46
316 47
317 45
318 46
319 45
320 46
321 45
322 47
323 48
324 45
325 46
326 46
327 45
328 46
329 46
330 46
331 49
332 50
333 48
334 47
335 48
336 48
337 51
338 45
339 47
340 49
341 45
342 45
343 41
344 44
345 46
346 41
347 44
348 43
349 45
350 43
351 45
352 41
353 41
354 45
355 47
356 49
357 46
358 46
359 46
360 41
361 42
362 43
363 46
364 47
365 48
366 46
367 46
368 48
369 49
370 47
371 49
372 49
373 50
374 50
375 49
376 45
377 43
378 40
379 41
380 44
381 47
382 46
383 42
384 46
385 45
386 45
387 48
388 48
389 46
390 46
391 46
392 47
393 46
394 45
395 43
396 41
397 44
398 48
399 47
400 48
401 44
402 44
403 50
404 49
405 45
406 40
407 42
408 40
409 45
410 46
411 45
412 47
413 44
414 44
415 44
416 45
417 43
418 43
419 46
420 44
421 43
422 40
423 47
424 49
425 46
426 48
427 46
428 44
429 45
430 47
431 48
432 42
433 43
434 43
435 43
436 45
437 47
438 47
439 42
440 46
441 47
442 49
443 48
444 48
445 48
446 48
447 45
448 43
449 42
450 44
451 44
452 46
453 44
454 41
455 45
456 48
457 51
458 48
459 45
460 46
461 48
462 49
463 47
464 49
465 46
466 49
467 47
468 47
469 46
470 49
471 47
472 50
473 50
474 47
475 48
476 49
477 51
478 48
479 47
480 45
481 46
482 48
483 48
484 44
485 46
486 46
487 47
488 47
489 51
490 48
491 49
492 47
493 49
494 46
495 43
496 42
497 42
498 45
499 46
500 47
501 43
502 45
503 44
504 45
505 47
506 48
507 45
508 45
509 45
510 45
511 46
512 47
513 45
514 43
515 45
516 47
517 47
518 46
519 43
520 46
521 48
522 47
523 49
524 49
525 48
526 49
527 47
528 48
529 48
530 41
531 42
532 49
533 50
534 50
535 49
536 51
537 50
538 47
539 46
540 47
541 49
542 48
543 44
544 41
545 45
546 46
547 48
548 48
549 47
550 42
551 48
552 48
553 47
554 47
555 45
556 50
557 47
558 47
559 49
560 50
561 46
562 43
563 45
564 47
565 48
566 50
567 51
568 51
569 50
570 48
571 47
572 41
573 43
574 45
575 47
576 47
577 47
578 44
579 46
580 41
581 49
582 47
583 47
584 45
585 49
586 50
587 51
588 47
589 45
590 48
591 49
592 46
593 47
594 48
595 44
596 43
597 43
598 47
599 42
600 44
601 41
602 38
603 44
604 47
605 48
606 47
607 49
608 48
609 48
610 49
611 51
612 49
613 45
614 42
615 49
616 48
617 46
618 50
619 49
620 47
621 49
622 47
623 48
624 47
625 45
626 43
627 41
628 45
629 48
630 44
631 45
632 48
633 44
634 47
635 49
636 47
637 47
638 47
639 51
640 52
641 51
642 47
643 44
644 48
645 42
646 46
647 44
648 44
649 47
650 47
651 50
652 50
653 46
654 47
655 47
656 48
657 46
658 46
659 45
660 44
661 45
662 49
663 51
664 47
665 46
666 47
667 43
668 47
669 48
670 48
671 48
672 50
673 50
674 49
675 46
676 43
677 44
678 44
679 46
680 42
681 46
682 50
683 46
684 47
685 46
686 50
687 50
688 49
689 48
690 52
691 45
692 47
693 46
694 49
695 49
696 42
697 40
698 43
699 43
700 43
701 45
702 46
703 42
704 43
705 45
706 46
707 46
708 45
709 49
710 46
711 46
712 46
713 43
714 45
715 47
716 47
717 43
718 43
719 46
720 44
721 44
722 45
723 44
724 44
725 42
726 42
727 44
728 45
729 47
730 48
731 47
732 48
733 46
734 48
735 45
736 43
737 47
738 48
739 49
740 48
741 50
742 48
743 43
744 43
745 44
746 46
747 47
748 48
749 46
750 47
751 49
752 51
753 50
754 51
755 47
756 48
757 49
758 50
759 49
760 50
761 47
762 48
763 47
764 50
765 49
766 46
767 49
768 44
769 46
770 41
771 44
772 44
773 46
774 49
775 48
776 50
777 50
778 51
779 49
780 43
781 45
782 47
783 50
784 49
785 47
786 47
787 45
788 50
789 49
790 44
791 46
792 43
793 48
794 44
795 44
796 44
797 45
798 46
799 47
800 43
801 45
802 44
803 48
804 50
805 51
806 50
807 50
808 47
809 50
810 50
811 49
812 48
813 49
814 49
815 49
816 48
817 49
818 48
819 49
820 51
821 49
822 47
823 49
824 49
825 50
826 52
827 51
828 48
829 49
830 46
831 47
832 47
833 48
834 43
835 46
836 43
837 43
838 46
839 51
840 47
841 48
842 50
843 43
844 46
845 46
846 48
847 50
848 46
849 46
850 47
851 48
852 50
853 49
854 48
855 47
856 45
857 46
858 45
859 46
860 46
861 48
862 47
863 47
864 47
865 45
866 47
867 45
868 46
869 49
870 49
871 46
872 47
873 49
874 50
875 49
876 48
877 45
878 48
879 46
880 46
881 48
882 51
883 42
884 44
885 46
886 48
887 43
888 44
889 44
890 42
891 44
892 41
893 46
894 47
895 46
896 48
897 48
898 47
899 44
900 46
901 50
902 48
903 45
904 48
905 48
906 50
907 46
908 50
909 48
910 52
911 50
912 45
913 47
914 48
915 49
916 45
917 45
918 48
919 48
920 48
921 48
922 51
923 50
924 45
925 44
926 47
927 50
928 50
929 48
930 49
931 51
932 47
933 48
934 48
935 48
936 47
937 47
938 47
939 48
940 45
941 41
942 43
943 47
944 44
945 49
946 50
947 42
948 47
949 45
950 45
951 48
952 45
953 48
954 47
955 43
956 43
957 43
958 46
959 45
960 44
961 44
962 46
963 47
964 49
965 46
966 43
967 42
968 46
969 46
970 47
971 46
972 47
973 45
974 46
975 45
976 44
977 45
978 47
979 49
980 48
981 47
982 48
983 51
984 46
985 46
986 48
987 44
988 46
989 45
990 46
991 45
992 48
993 47
994 47
995 48
996 52
997 49
998 42
999 44
1000 44
