0 15
1 13
2 12
3 11
4 10
5 9
6 7
7 7
8 7
9 7
10 6
11 6
12 4
13 4
14 5
15 6
16 6
17 6
18 5
19 5
20 5
21 4
22 3
23 4
24 3
25 3
26 4
27 4
28 5
29 6
30 5
31 5
32 5
33 4
34 4
35 3
36 2
37 3
38 4
39 5
40 4
41 5
42 4
43 6
44 7
45 6
46 6
47 7
48 7
49 7
50 5
51 3
52 4
53 4
54 5
55 5
56 4
57 4
58 3
59 3
60 4
61 4
62 4
63 5
64 5
65 5
66 5
67 4
68 4
69 4
70 4
71 3
72 2
73 3
74 3
75 2
76 2
77 1
78 1
79 2
80 2
81 3
82 3
83 4
84 3
85 3
86 2
87 3
88 3
89 4
90 4
91 3
92 4
93 4
94 3
95 3
96 3
97 3
98 4
99 4
100 3
101 5
102 5
103 5
104 5
105 4
106 4
107 4
108 4
109 4
110 3
111 4
112 5
113 5
114 5
115 3
116 4
117 4
118 3
119 3
120 4
121 5
122 6
123 5
124 4
125 4
126 5
127 5
128 6
129 5
130 5
131 4
132 5
133 4
134 5
135 5
136 5
137 4
138 3
139 2
140 1
141 2
142 3
143 4
144 4
145 3
146 3
147 4
148 3
149 4
150 4
151 5
152 5
153 5
154 5
155 6
156 5
157 5
158 6
159 6
160 5
161 5
162 5
163 6
164 6
165 5
166 5
167 5
168 5
169 4
170 4
171 3
172 3
173 4
174 4
175 4
176 5
177 5
178 5
179 4
180 4
181 4
182 4
183 4
184 3
185 3
186 5
187 5
188 5
189 5
190 5
191 4
192 4
193 3
194 4
195 3
196 2
197 2
198 3
199 3
200 4
201 4
202 4
203 4
204 5
205 5
206 4
207 4
208 3
209 2
210 2
211 3
212 4
213 4
214 3
215 2
216 3
217 5
218 4
219 3
220 3
221 3
222 2
223 1
224 3
225 5
226 4
227 4
228 4
229 4
230 5
231 7
232 6
233 6
234 5
235 5
236 5
237 7
238 6
239 5
240 6
241 6
242 6
243 6
244 5
245 4
246 4
247 4
248 2
249 4
250 5
251 5
252 3
253 4
254 4
255 5
256 4
257 4
258 4
259 4
260 4
261 4
262 4
263 4
264 4
265 3
266 4
267 4
268 4
269 5
270 3
271 3
272 3
273 4
274 5
275 5
276 4
277 4
278 4
279 4
280 4
281 5
282 5
283 5
284 5
285 5
286 4
287 3
288 4
289 5
290 5
291 5
292 5
293 5
294 5
295 5
296 3
297 4
298 4
299 3
300 3
301 4
302 3
303 3
304 3
305 3
306 3
307 3
308 2
309 3
310 5
311 5
312 5
313 5
314 2
315 3
316 3
317 3
318 3
319 3
320 3
321 3
322 4
323 3
324 3
325 2
326 2
327 3
328 3
329 3
330 3
331 3
332 3
333 3
334 2
335 3
336 2
337 3
338 2
339 3
340 3
341 3
342 2
343 2
344 2
345 3
346 3
347 2
348 2
349 3
350 3
351 4
352 4
353 4
354 4
355 5
356 5
357 5
358 7
359 6
360 6
361 6
362 6
363 5
364 5
365 5
366 5
367 5
368 6
369 6
370 6
371 4
372 4
373 5
374 5
375 5
376 4
377 4
378 5
379 6
380 6
381 4
382 4
383 3
384 5
385 5
386 5
387 5
388 4
389 5
390 5
391 6
392 6
393 5
394 5
395 5
396 4
397 4
398 4
399 5
400 6
401 6
402 5
403 5
404 5
405 5
406 5
407 5
408 5
409 5
410 5
411 6
412 6
413 7
414 7
415 6
416 6
417 5
418 6
419 6
420 6
421 6
422 5
423 4
424 3
425 4
426 3
427 3
428 3
429 4
430 3
431 3
432 3
433 4
434 3
435 3
436 4
437 5
438 5
439 4
440 5
441 4
442 4
443 5
444 6
445 7
446 6
447 6
448 5
449 5
450 5
451 7
452 7
453 6
454 5
455 4
456 4
457 4
458 4
459 5
460 5
461 4
462 4
463 5
464 5
465 4
466 5
467 5
468 4
469 5
470 5
471 6
472 7
473 7
474 7
475 6
476 6
477 5
478 5
479 5
480 5
481 6
482 5
483 4
484 4
485 4
486 4
487 4
488 4
489 6
490 5
491 5
492 5
493 5
494 6
495 5
496 6
497 6
498 5
499 4
500 3
501 3
502 4
503 4
504 3
505 4
506 4
507 4
508 4
509 4
510 4
511 5
512 6
513 6
514 6
515 5
516 5
517 3
518 5
519 6
520 5
521 5
522 5
523 5
524 4
525 5
526 5
527 5
528 5
529 5
530 4
531 5
532 4
533 3
534 4
535 3
536 4
537 5
538 3
539 3
540 3
541 3
542 4
543 4
544 6
545 7
546 5
547 3
548 4
549 5
550 6
551 5
552 4
553 4
554 6
555 7
556 7
557 7
558 7
559 6
560 5
561 6
562 5
563 6
564 7
565 6
566 5
567 4
568 5
569 4
570 4
571 4
572 5
573 4
574 4
575 4
576 4
577 4
578 5
579 5
580 4
581 5
582 4
583 5
584 4
585 5
586 5
587 5
588 5
589 6
590 6
591 4
592 4
593 5
594 6
595 6
596 5
597 5
598 5
599 6
600 5
601 5
602 6
603 5
604 5
605 5
606 6
607 6
608 7
609 8
610 7
611 8
612 7
613 6
614 5
615 5
616 5
617 5
618 3
619 3
620 3
621 4
622 5
623 4
624 3
625 2
626 1
627 1
628 1
629 1
630 0
631 0
632 2
633 3
634 3
635 3
636 4
637 4
638 4
639 4
640 4
641 4
642 5
643 5
644 5
645 5
646 6
647 5
648 5
649 6
650 5
651 6
652 5
653 5
654 5
655 5
656 6
657 6
658 6
659 6
660 4
661 4
662 3
663 2
664 3
665 2
666 3
667 3
668 4
669 4
670 5
671 4
672 4
673 5
674 6
675 7
676 7
677 7
678 7
679 6
680 6
681 6
682 6
683 7
684 5
685 6
686 6
687 5
688 6
689 6
690 7
691 8
692 8
693 7
694 7
695 6
696 6
697 6
698 4
699 5
700 5
701 5
702 5
703 5
704 6
705 7
706 6
707 5
708 6
709 5
710 5
711 6
712 6
713 7
714 6
715 6
716 6
717 6
718 5
719 6
720 6
721 5
722 5
723 4
724 4
725 4
726 4
727 5
728 5
729 5
730 6
731 7
732 7
733 6
734 6
735 6
736 7
737 6
738 5
739 5
740 5
741 5
742 4
743 3
744 4
745 3
746 4
747 4
748 4
749 4
750 5
751 5
752 6
753 7
754 6
755 6
756 5
757 5
758 5
759 5
760 3
761 4
762 4
763 4
764 5
765 5
766 5
767 4
768 4
769 4
770 5
771 4
772 4
773 6
774 4
775 5
776 5
777 4
778 4
779 4
780 5
781 5
782 5
783 5
784 6
785 5
786 4
787 4
788 3
789 5
790 6
791 6
792 5
793 5
794 6
795 5
796 5
797 4
798 3
799 3
800 3
801 4
802 5
803 5
804 5
805 5
806 5
807 5
808 6
809 6
810 6
811 5
812 4
813 5
814 5
815 5
816 5
817 5
818 5
819 5
820 5
821 3
822 5
823 5
824 5
825 4
826 4
827 4
828 3
829 4
830 4
831 4
832 4
833 5
834 5
835 4
836 4
837 5
838 5
839 5
840 4
841 5
842 4
843 5
844 5
845 6
846 6
847 5
848 4
849 5
850 5
851 5
852 5
853 4
854 3
855 4
856 5
857 5
858 6
859 7
860 7
861 7
862 6
863 5
864 6
865 6
866 4
867 4
868 5
869 5
870 6
871 7
872 7
873 7
874 8
875 7
876 6
877 5
878 5
879 5
880 5
881 5
882 5
883 5
884 5
885 5
886 4
887 5
888 5
889 5
890 5
891 5
892 5
893 4
894 4
895 3
896 4
897 3
898 4
899 4
900 4
901 3
902 4
903 2
904 2
905 2
906 3
907 3
908 4
909 4
910 3
911 5
912 4
913 3
914 4
915 2
916 2
917 3
918 3
919 2
920 3
921 3
922 4
923 4
924 5
925 6
926 5
927 4
928 5
929 5
930 5
931 5
932 5
933 5
934 5
935 5
936 4
937 4
938 4
939 4
940 4
941 3
942 3
943 3
944 3
945 3
946 3
947 3
948 4
949 5
950 5
951 5
952 3
953 4
954 3
955 4
956 3
957 2
958 3
959 3
960 3
961 4
962 4
963 4
964 3
965 3
966 4
967 4
968 4
969 4
970 4
971 5
972 4
973 4
974 3
975 4
976 5
977 6
978 6
979 5
980 4
981 4
982 5
983 5
984 4
985 4
986 5
987 5
988 4
989 3
990 4
991 5
992 3
993 4
994 4
995 4
996 4
997 4
998 4
999 6
1000 5
