0 50
1 31
2 34
3 32
4 30
5 30
6 32
7 29
8 30
9 32
10 32
11 33
12 33
13 31
14 34
15 34
16 27
17 30
18 34
19 31
20 32
21 31
22 33
23 34
24 32
25 32
26 31
27 26
28 31
29 33
30 31
31 34
32 31
33 30
34 32
35 32
36 32
37 29
38 32
39 32
40 29
41 29
42 25
43 28
44 30
45 31
46 29
47 31
48 35
49 33
50 29
51 27
52 29
53 31
54 32
55 32
56 31
57 33
58 33
59 33
60 31
61 34
62 33
63 33
64 31
65 31
66 33
67 31
68 34
69 33
70 32
71 33
72 34
73 33
74 31
75 31
76 31
77 31
78 34
79 30
80 34
81 34
82 34
83 29
84 30
85 28
86 30
87 32
88 35
89 30
90 31
91 30
92 30
93 31
94 28
95 32
96 31
97 33
98 32
99 34
100 33
101 29
102 31
103 33
104 34
105 27
106 33
107 25
108 27
109 27
110 32
111 31
112 31
113 32
114 31
115 32
116 33
117 31
118 28
119 27
120 32
121 31
122 34
123 37
124 32
125 30
126 34
127 29
128 32
129 36
130 31
131 32
132 30
133 30
134 26
135 31
136 32
137 32
138 31
139 32
140 32
141 36
142 31
143 28
144 30
145 32
146 35
147 34
148 32
149 32
150 34
151 33
152 30
153 32
154 31
155 33
156 33
157 30
158 29
159 30
160 32
161 31
162 33
163 34
164 32
165 29
166 31
167 31
168 31
169 30
170 30
171 34
172 28
173 32
174 29
175 31
176 29
177 30
178 32
179 33
180 29
181 32
182 31
183 32
184 32
185 32
186 30
187 31
188 31
189 29
190 32
191 31
192 31
193 33
194 34
195 35
196 35
197 32
198 33
199 31
200 32
201 33
202 32
203 32
204 34
205 32
206 32
207 31
208 28
209 32
210 32
211 34
212 33
213 28
214 28
215 31
216 33
217 33
218 32
219 30
220 35
221 36
222 31
223 28
224 30
225 33
226 31
227 32
228 28
229 31
230 33
231 30
232 32
233 34
234 35
235 31
236 34
237 33
238 34
239 33
240 33
241 31
242 33
243 33
244 30
245 32
246 30
247 32
248 33
249 32
250 29
251 33
252 34
253 33
254 32
255 30
256 29
257 33
258 35
259 32
260 33
261 30
262 33
263 29
264 30
265 33
266 31
267 32
268 31
269 27
270 31
271 31
272 31
273 30
274 30
275 29
276 31
277 32
278 31
279 33
280 33
281 32
282 33
283 31
284 30
285 35
286 33
287 31
288 32
289 32
290 30
291 32
292 29
293 32
294 32
295 32
296 37
297 35
298 32
299 28
300 31
301 33
302 29
303 32
304 31
305 30
306 32
307 30
308 28
309 34
310 33
311 28
312 33
313 31
314 31
315 32
316 28
317 27
318 31
319 33
320 30
321 33
322 33
323 30
324 31
325 32
326 28
327 33
328 33
329 32
330 33
331 34
332 33
333 30
334 33
335 32
336 32
337 32
338 34
339 32
340 33
341 31
342 31
343 32
344 33
345 29
346 33
347 32
348 32
349 31
350 31
351 27
352 31
353 31
354 29
355 29
356 30
357 32
358 32
359 29
360 32
361 30
362 28
363 29
364 34
365 31
366 29
367 31
368 33
369 28
370 31
371 32
372 32
373 32
374 36
375 35
376 35
377 34
378 29
379 30
380 34
381 31
382 30
383 27
384 30
385 31
386 27
387 33
388 27
389 28
390 29
391 33
392 35
393 34
394 35
395 33
396 34
397 30
398 28
399 31
400 31
401 32
402 31
403 32
404 30
405 30
406 34
407 32
408 35
409 26
410 29
411 33
412 32
413 33
414 31
415 31
416 36
417 34
418 34
419 31
420 32
421 34
422 32
423 33
424 28
425 34
426 32
427 31
428 32
429 33
430 35
431 33
432 35
433 31
434 31
435 37
436 32
437 29
438 32
439 31
440 32
441 27
442 29
443 34
444 33
445 31
446 33
447 31
448 34
449 35
450 33
451 30
452 32
453 33
454 34
455 35
456 33
457 34
458 33
459 33
460 32
461 33
462 30
463 32
464 31
465 29
466 27
467 30
468 29
469 30
470 32
471 33
472 33
473 31
474 27
475 31
476 33
477 31
478 32
479 27
480 29
481 33
482 33
483 33
484 31
485 30
486 33
487 30
488 33
489 30
490 29
491 30
492 35
493 34
494 33
495 35
496 32
497 33
498 30
499 33
500 32
501 34
502 33
503 30
504 28
505 29
506 30
507 30
508 33
509 28
510 28
511 30
512 28
513 33
514 27
515 31
516 33
517 32
518 32
519 30
520 32
521 33
522 31
523 31
524 34
525 27
526 29
527 33
528 30
529 30
530 30
531 32
532 29
533 29
534 32
535 34
536 33
537 35
538 34
539 31
540 31
541 31
542 28
543 30
544 31
545 28
546 30
547 33
548 36
549 33
550 33
551 29
552 28
553 34
554 34
555 33
556 33
557 31
558 30
559 34
560 31
561 31
562 32
563 30
564 34
565 34
566 32
567 33
568 33
569 33
570 33
571 32
572 33
573 31
574 34
575 30
576 34
577 35
578 33
579 34
580 33
581 29
582 31
583 31
584 31
585 34
586 31
587 35
588 33
589 32
590 33
591 33
592 31
593 33
594 30
595 35
596 27
597 30
598 27
599 34
600 31
601 32
602 35
603 32
604 29
605 32
606 32
607 32
608 34
609 34
610 34
611 31
612 32
613 33
614 34
615 31
616 30
617 32
618 33
619 35
620 33
621 34
622 29
623 31
624 32
625 33
626 34
627 32
628 33
629 32
630 31
631 29
632 29
633 32
634 34
635 32
636 32
637 30
638 28
639 33
640 29
641 27
642 30
643 30
644 29
645 33
646 32
647 32
648 35
649 34
650 32
651 31
652 31
653 32
654 35
655 32
656 32
657 34
658 33
659 34
660 36
661 31
662 25
663 33
664 32
665 31
666 32
667 34
668 33
669 33
670 31
671 32
672 31
673 30
674 31
675 29
676 35
677 30
678 32
679 33
680 32
681 34
682 31
683 29
684 31
685 32
686 29
687 28
688 29
689 33
690 33
691 32
692 34
693 35
694 33
695 32
696 33
697 28
698 29
699 34
700 32
701 34
702 31
703 31
704 32
705 35
706 30
707 33
708 33
709 33
710 31
711 31
712 31
713 32
714 30
715 35
716 36
717 33
718 33
719 33
720 33
721 35
722 33
723 31
724 31
725 29
726 29
727 31
728 32
729 30
730 30
731 32
732 32
733 27
734 30
735 27
736 32
737 33
738 31
739 30
740 31
741 33
742 36
743 34
744 33
745 33
746 30
747 33
748 32
749 30
750 28
751 34
752 33
753 32
754 30
755 29
756 30
757 33
758 35
759 30
760 32
761 33
762 32
763 30
764 28
765 31
766 32
767 31
768 33
769 33
770 33
771 30
772 30
773 34
774 33
775 32
776 28
777 30
778 30
779 33
780 32
781 34
782 34
783 32
784 32
785 31
786 34
787 34
788 32
789 35
790 31
791 34
792 33
793 30
794 33
795 33
796 33
797 32
798 32
799 29
800 32
801 30
802 30
803 32
804 32
805 34
806 32
807 33
808 30
809 33
810 34
811 32
812 32
813 32
814 34
815 35
816 33
817 31
818 33
819 32
820 28
821 35
822 32
823 34
824 32
825 33
826 33
827 30
828 31
829 33
830 35
831 33
832 34
833 32
834 32
835 30
836 31
837 33
838 32
839 30
840 32
841 31
842 32
843 32
844 31
845 32
846 27
847 29
848 31
849 31
850 33
851 34
852 31
853 29
854 29
855 31
856 34
857 33
858 31
859 31
860 35
861 32
862 30
863 32
864 32
865 32
866 31
867 31
868 31
869 35
870 35
871 32
872 31
873 29
874 30
875 32
876 35
877 34
878 35
879 31
880 33
881 34
882 32
883 31
884 34
885 32
886 32
887 33
888 32
889 32
890 25
891 30
892 31
893 31
894 30
895 29
896 32
897 34
898 34
899 32
900 31
901 34
902 31
903 35
904 34
905 33
906 31
907 33
908 31
909 28
910 29
911 28
912 30
913 31
914 28
915 31
916 33
917 33
918 33
919 32
920 30
921 31
922 31
923 32
924 32
925 35
926 35
927 26
928 32
929 34
930 28
931 29
932 31
933 28
934 34
935 34
936 30
937 29
938 32
939 34
940 32
941 33
942 33
943 31
944 30
945 34
946 33
947 36
948 35
949 29
950 32
951 27
952 29
953 34
954 33
955 30
956 35
957 31
958 29
959 32
960 30
961 31
962 27
963 32
964 34
965 32
966 30
967 34
968 34
969 35
970 36
971 31
972 31
973 33
974 28
975 32
976 28
977 33
978 32
979 30
980 30
981 27
982 32
983 27
984 32
985 33
986 30
987 34
988 33
989 31
990 32
991 31
992 33
993 33
994 29
995 26
996 29
997 32
998 34
999 35
1000 35
