0 65
1 59
2 56
3 51
4 45
5 43
6 41
7 39
8 39
9 37
10 36
11 37
12 36
13 35
14 35
15 38
16 38
17 35
18 34
19 35
20 34
21 34
22 32
23 31
24 31
25 31
26 29
27 29
28 30
29 31
30 31
31 32
32 31
33 31
34 31
35 32
36 31
37 31
38 30
39 30
40 32
41 31
42 31
43 31
44 31
45 28
46 28
47 28
48 30
49 30
50 29
51 29
52 28
53 29
54 31
55 30
56 30
57 32
58 32
59 31
60 31
61 33
62 32
63 30
64 31
65 31
66 28
67 29
68 28
69 28
70 26
71 26
72 25
73 29
74 28
75 28
76 28
77 27
78 28
79 29
80 32
81 31
82 31
83 31
84 33
85 34
86 34
87 33
88 33
89 32
90 32
91 29
92 29
93 30
94 30
95 32
96 31
97 31
98 30
99 30
100 30
101 29
102 29
103 27
104 29
105 28
106 29
107 30
108 31
109 28
110 28
111 30
112 31
113 32
114 31
115 32
116 33
117 33
118 33
119 34
120 35
121 36
122 34
123 35
124 35
125 34
126 31
127 31
128 30
129 32
130 33
131 33
132 34
133 30
134 30
135 31
136 31
137 28
138 28
139 29
140 29
141 29
142 30
143 31
144 31
145 31
146 31
147 30
148 31
149 31
150 32
151 33
152 35
153 33
154 34
155 35
156 35
157 36
158 35
159 33
160 30
161 31
162 32
163 34
164 32
165 31
166 29
167 30
168 29
169 28
170 30
171 30
172 27
173 27
174 27
175 28
176 28
177 28
178 29
179 29
180 30
181 31
182 32
183 30
184 29
185 28
186 26
187 27
188 29
189 32
190 33
191 32
192 31
193 31
194 32
195 31
196 30
197 31
198 31
199 29
200 30
201 29
202 31
203 31
204 30
205 29
206 29
207 31
208 30
209 30
210 30
211 28
212 28
213 28
214 29
215 28
216 29
217 30
218 29
219 33
220 33
221 34
222 34
223 34
224 33
225 33
226 32
227 33
228 35
229 36
230 35
231 35
232 33
233 33
234 34
235 34
236 34
237 33
238 33
239 33
240 31
241 32
242 31
243 29
244 28
245 27
246 28
247 28
248 29
249 29
250 29
251 29
252 31
253 31
254 31
255 31
256 33
257 34
258 35
259 32
260 31
261 29
262 30
263 30
264 32
265 32
266 31
267 31
268 31
269 31
270 30
271 30
272 30
273 29
274 27
275 25
276 25
277 27
278 26
279 26
280 29
281 29
282 30
283 33
284 33
285 34
286 31
287 30
288 28
289 28
290 29
291 32
292 30
293 30
294 30
295 29
296 29
297 31
298 31
299 32
300 30
301 30
302 26
303 27
304 27
305 27
306 26
307 25
308 25
309 26
310 26
311 27
312 28
313 28
314 28
315 28
316 28
317 29
318 29
319 28
320 28
321 28
322 29
323 27
324 29
325 29
326 28
327 28
328 29
329 30
330 29
331 30
332 31
333 32
334 31
335 29
336 29
337 29
338 29
339 29
340 30
341 28
342 27
343 27
344 26
345 27
346 28
347 29
348 29
349 29
350 30
351 30
352 31
353 30
354 30
355 30
356 31
357 33
358 34
359 34
360 34
361 35
362 33
363 32
364 33
365 32
366 33
367 32
368 33
369 33
370 31
371 29
372 30
373 33
374 32
375 34
376 32
377 29
378 30
379 31
380 31
381 33
382 35
383 34
384 32
385 34
386 33
387 31
388 30
389 30
390 30
391 31
392 29
393 27
394 28
395 27
396 27
397 28
398 24
399 25
400 26
401 27
402 28
403 30
404 30
405 31
406 32
407 32
408 30
409 30
410 30
411 28
412 28
413 28
414 29
415 30
416 29
417 30
418 30
419 30
420 28
421 28
422 29
423 29
424 29
425 30
426 30
427 28
428 29
429 29
430 27
431 28
432 29
433 25
434 26
435 26
436 28
437 29
438 30
439 32
440 33
441 30
442 30
443 31
444 31
445 32
446 32
447 32
448 30
449 31
450 31
451 31
452 31
453 31
454 30
455 29
456 29
457 29
458 29
459 29
460 29
461 28
462 28
463 29
464 30
465 32
466 31
467 32
468 32
469 35
470 35
471 34
472 33
473 33
474 33
475 32
476 31
477 31
478 31
479 29
480 31
481 33
482 34
483 34
484 35
485 37
486 36
487 34
488 34
489 32
490 32
491 31
492 30
493 28
494 29
495 29
496 30
497 31
498 30
499 31
500 33
501 32
502 32
503 32
504 33
505 31
506 28
507 26
508 28
509 29
510 30
511 31
512 31
513 30
514 28
515 28
516 27
517 29
518 32
519 33
520 33
521 34
522 32
523 32
524 32
525 32
526 32
527 31
528 30
529 27
530 27
531 27
532 28
533 28
534 28
535 29
536 27
537 29
538 28
539 29
540 31
541 29
542 29
543 30
544 30
545 29
546 30
547 32
548 33
549 32
550 32
551 30
552 31
553 30
554 32
555 32
556 32
557 31
558 32
559 32
560 31
561 30
562 29
563 30
564 31
565 31
566 32
567 33
568 33
569 30
570 30
571 30
572 29
573 29
574 30
575 31
576 30
577 31
578 28
579 30
580 32
581 31
582 31
583 30
584 30
585 33
586 32
587 32
588 34
589 34
590 32
591 34
592 34
593 35
594 32
595 32
596 31
597 32
598 31
599 30
600 30
601 30
602 30
603 29
604 31
605 33
606 31
607 29
608 29
609 29
610 29
611 30
612 31
613 31
614 32
615 30
616 31
617 31
618 30
619 30
620 31
621 30
622 30
623 30
624 30
625 31
626 30
627 28
628 28
629 29
630 29
631 28
632 27
633 28
634 29
635 29
636 27
637 28
638 29
639 29
640 30
641 32
642 33
643 33
644 30
645 31
646 30
647 32
648 30
649 31
650 30
651 31
652 32
653 32
654 32
655 33
656 34
657 33
658 33
659 33
660 33
661 30
662 32
663 30
664 31
665 32
666 33
667 31
668 30
669 31
670 31
671 31
672 32
673 33
674 31
675 31
676 33
677 34
678 31
679 31
680 31
681 30
682 30
683 29
684 28
685 29
686 27
687 28
688 27
689 28
690 28
691 27
692 30
693 31
694 32
695 28
696 27
697 29
698 29
699 31
700 30
701 31
702 28
703 27
704 27
705 28
706 27
707 28
708 27
709 26
710 26
711 27
712 28
713 29
714 29
715 28
716 28
717 29
718 27
719 26
720 26
721 28
722 30
723 30
724 29
725 29
726 28
727 27
728 28
729 30
730 31
731 31
732 33
733 32
734 33
735 32
736 31
737 31
738 30
739 30
740 32
741 32
742 31
743 31
744 32
745 32
746 32
747 34
748 31
749 30
750 31
751 31
752 32
753 33
754 33
755 32
756 34
757 35
758 34
759 32
760 31
761 31
762 32
763 33
764 32
765 32
766 32
767 32
768 32
769 33
770 33
771 32
772 32
773 32
774 33
775 34
776 33
777 31
778 29
779 30
780 30
781 30
782 31
783 29
784 29
785 28
786 26
787 28
788 30
789 31
790 30
791 28
792 27
793 26
794 28
795 29
796 30
797 29
798 27
799 27
800 25
801 26
802 28
803 28
804 32
805 32
806 32
807 30
808 30
809 30
810 27
811 26
812 25
813 27
814 27
815 29
816 30
817 32
818 33
819 33
820 31
821 29
822 30
823 29
824 31
825 31
826 31
827 31
828 35
829 35
830 33
831 33
832 29
833 27
834 27
835 27
836 27
837 28
838 28
839 29
840 30
841 29
842 31
843 33
844 32
845 33
846 34
847 31
848 31
849 32
850 30
851 29
852 29
853 29
854 27
855 27
856 28
857 27
858 28
859 27
860 28
861 26
862 26
863 27
864 26
865 27
866 29
867 29
868 29
869 29
870 29
871 29
872 27
873 26
874 26
875 28
876 29
877 30
878 30
879 30
880 29
881 28
882 28
883 28
884 28
885 28
886 28
887 28
888 31
889 31
890 32
891 31
892 31
893 31
894 32
895 28
896 27
897 26
898 28
899 29
900 29
901 29
902 30
903 28
904 28
905 30
906 29
907 29
908 30
909 30
910 30
911 30
912 30
913 30
914 31
915 34
916 34
917 33
918 33
919 31
920 32
921 33
922 30
923 30
924 29
925 29
926 28
927 31
928 29
929 28
930 28
931 31
932 32
933 33
934 33
935 32
936 33
937 33
938 33
939 31
940 31
941 30
942 26
943 28
944 29
945 28
946 28
947 27
948 28
949 30
950 31
951 31
952 31
953 31
954 31
955 32
956 32
957 32
958 31
959 31
960 29
961 32
962 32
963 31
964 30
965 30
966 31
967 30
968 29
969 28
970 29
971 28
972 29
973 27
974 28
975 28
976 30
977 29
978 27
979 28
980 29
981 28
982 28
983 30
984 30
985 31
986 30
987 30
988 29
989 29
990 29
991 29
992 27
993 29
994 31
995 29
996 29
997 29
998 29
999 30
1000 30
