0 25
1 17
2 18
3 16
4 16
5 15
6 14
7 16
8 18
9 17
10 18
11 14
12 14
13 17
14 15
15 15
16 16
17 18
18 20
19 19
20 16
21 16
22 17
23 17
24 17
25 18
26 19
27 18
28 19
29 15
30 18
31 17
32 19
33 17
34 16
35 19
36 19
37 20
38 17
39 18
40 20
41 19
42 13
43 15
44 17
45 15
46 18
47 19
48 18
49 20
50 16
51 18
52 17
53 19
54 21
55 15
56 17
57 16
58 14
59 15
60 16
61 18
62 17
63 19
64 17
65 17
66 16
67 18
68 19
69 17
70 15
71 16
72 18
73 16
74 17
75 19
76 18
77 18
78 19
79 20
80 18
81 18
82 17
83 16
84 18
85 19
86 15
87 19
88 18
89 17
90 16
91 15
92 16
93 18
94 19
95 19
96 20
97 18
98 18
99 16
100 17
101 15
102 17
103 18
104 18
105 17
106 16
107 17
108 16
109 18
110 15
111 17
112 16
113 20
114 20
115 17
116 17
117 16
118 13
119 18
120 17
121 17
122 19
123 13
124 14
125 18
126 19
127 17
128 17
129 18
130 16
131 21
132 17
133 18
134 17
135 15
136 19
137 15
138 20
139 17
140 18
141 15
142 16
143 16
144 16
145 16
146 17
147 19
148 16
149 15
150 15
151 15
152 17
153 16
154 17
155 18
156 18
157 19
158 20
159 22
160 21
161 18
162 20
163 18
164 13
165 18
166 19
167 20
168 18
169 18
170 16
171 19
172 16
173 18
174 13
175 19
176 18
177 17
178 20
179 20
180 19
181 17
182 15
183 15
184 19
185 16
186 19
187 20
188 17
189 17
190 18
191 18
192 17
193 20
194 17
195 19
196 16
197 16
198 21
199 19
200 19
201 18
202 21
203 21
204 17
205 15
206 15
207 14
208 19
209 18
210 16
211 17
212 20
213 15
214 17
215 18
216 20
217 20
218 20
219 14
220 18
221 18
222 20
223 18
224 17
225 18
226 16
227 19
228 22
229 19
230 13
231 15
232 15
233 16
234 18
235 15
236 16
237 15
238 19
239 15
240 15
241 18
242 18
243 17
244 16
245 17
246 19
247 19
248 18
249 19
250 20
251 14
252 15
253 18
254 13
255 18
256 18
257 17
258 20
259 17
260 18
261 19
262 14
263 17
264 17
265 16
266 16
267 16
268 15
269 16
270 17
271 14
272 17
273 17
274 19
275 16
276 18
277 12
278 17
279 16
280 14
281 16
282 15
283 21
284 18
285 18
286 18
287 16
288 17
289 21
290 15
291 20
292 17
293 18
294 18
295 17
296 19
297 17
298 17
299 17
300 17
301 17
302 17
303 18
304 15
305 18
306 18
307 18
308 19
309 16
310 14
311 20
312 17
313 17
314 15
315 16
316 17
317 18
318 17
319 18
320 15
321 19
322 17
323 19
324 18
325 21
326 18
327 20
328 18
329 19
330 17
331 20
332 20
333 14
334 18
335 17
336 16
337 16
338 20
339 18
340 16
341 19
342 21
343 19
344 18
345 17
346 19
347 22
348 22
349 19
350 18
351 20
352 16
353 17
354 18
355 16
356 16
357 19
358 17
359 21
360 18
361 19
362 16
363 15
364 17
365 16
366 17
367 15
368 12
369 16
370 19
371 17
372 18
373 17
374 20
375 16
376 19
377 15
378 15
379 20
380 13
381 18
382 18
383 16
384 16
385 18
386 21
387 17
388 18
389 16
390 19
391 18
392 15
393 18
394 19
395 20
396 20
397 18
398 19
399 17
400 17
401 18
402 17
403 17
404 19
405 17
406 20
407 16
408 17
409 15
410 18
411 19
412 15
413 19
414 17
415 16
416 17
417 16
418 18
419 14
420 18
421 19
422 18
423 17
424 19
425 16
426 15
427 18
428 19
429 16
430 18
431 18
432 18
433 16
434 20
435 17
436 19
437 17
438 14
439 16
440 17
441 18
442 19
443 16
444 16
445 18
446 20
447 17
448 19
449 14
450 17
451 19
452 21
453 22
454 20
455 18
456 17
457 21
458 11
459 17
460 17
461 19
462 18
463 18
464 15
465 20
466 19
467 19
468 18
469 16
470 16
471 17
472 17
473 16
474 17
475 16
476 20
477 17
478 18
479 17
480 17
481 21
482 19
483 19
484 19
485 17
486 17
487 15
488 18
489 18
490 16
491 19
492 17
493 19
494 16
495 20
496 12
497 17
498 18
499 17
500 20
501 18
502 18
503 18
504 20
505 15
506 16
507 18
508 16
509 12
510 17
511 19
512 18
513 15
514 19
515 17
516 18
517 15
518 17
519 16
520 22
521 19
522 19
523 18
524 19
525 15
526 16
527 19
528 12
529 17
530 16
531 21
532 18
533 17
534 19
535 16
536 18
537 20
538 20
539 18
540 17
541 16
542 14
543 17
544 17
545 20
546 14
547 17
548 16
549 18
550 19
551 15
552 15
553 12
554 15
555 17
556 20
557 19
558 22
559 17
560 15
561 14
562 16
563 17
564 14
565 14
566 16
567 19
568 15
569 19
570 15
571 19
572 15
573 19
574 17
575 15
576 19
577 17
578 22
579 17
580 15
581 13
582 19
583 18
584 16
585 18
586 20
587 20
588 21
589 20
590 19
591 18
592 16
593 18
594 18
595 16
596 19
597 15
598 17
599 20
600 19
601 15
602 18
603 19
604 18
605 17
606 14
607 15
608 20
609 18
610 16
611 17
612 21
613 17
614 16
615 14
616 18
617 16
618 17
619 15
620 19
621 16
622 20
623 19
624 15
625 16
626 17
627 14
628 19
629 19
630 18
631 18
632 18
633 16
634 19
635 19
636 19
637 16
638 16
639 18
640 19
641 19
642 14
643 16
644 16
645 17
646 18
647 18
648 17
649 19
650 18
651 14
652 21
653 19
654 17
655 18
656 18
657 17
658 18
659 20
660 17
661 14
662 16
663 20
664 16
665 17
666 18
667 18
668 15
669 19
670 15
671 13
672 19
673 20
674 18
675 19
676 19
677 18
678 16
679 18
680 18
681 17
682 19
683 18
684 19
685 17
686 18
687 16
688 17
689 15
690 18
691 21
692 15
693 20
694 19
695 16
696 17
697 18
698 18
699 21
700 20
701 18
702 19
703 14
704 19
705 16
706 19
707 16
708 19
709 17
710 19
711 18
712 16
713 20
714 17
715 18
716 15
717 20
718 20
719 17
720 18
721 18
722 18
723 17
724 21
725 19
726 15
727 14
728 13
729 17
730 19
731 20
732 19
733 18
734 17
735 21
736 21
737 17
738 19
739 17
740 18
741 17
742 18
743 18
744 18
745 15
746 18
747 14
748 17
749 18
750 16
751 17
752 16
753 13
754 17
755 17
756 17
757 17
758 17
759 18
760 15
761 19
762 15
763 17
764 20
765 19
766 19
767 20
768 18
769 14
770 19
771 20
772 20
773 21
774 15
775 18
776 18
777 18
778 19
779 15
780 19
781 16
782 17
783 19
784 19
785 18
786 14
787 18
788 16
789 18
790 19
791 15
792 19
793 19
794 18
795 18
796 21
797 17
798 19
799 11
800 16
801 20
802 19
803 18
804 15
805 21
806 15
807 14
808 16
809 16
810 22
811 16
812 21
813 13
814 17
815 16
816 15
817 21
818 16
819 20
820 17
821 19
822 18
823 20
824 20
825 17
826 21
827 18
828 18
829 14
830 15
831 18
832 18
833 16
834 16
835 19
836 20
837 17
838 16
839 18
840 17
841 21
842 18
843 18
844 19
845 16
846 20
847 15
848 17
849 19
850 20
851 15
852 18
853 18
854 16
855 14
856 20
857 17
858 14
859 17
860 17
861 20
862 17
863 18
864 18
865 19
866 19
867 21
868 12
869 15
870 19
871 17
872 18
873 14
874 20
875 19
876 17
877 18
878 20
879 21
880 20
881 18
882 17
883 19
884 20
885 15
886 17
887 19
888 17
889 17
890 19
891 19
892 19
893 15
894 16
895 18
896 22
897 19
898 17
899 17
900 19
901 17
902 15
903 18
904 18
905 15
906 17
907 19
908 17
909 19
910 17
911 21
912 19
913 12
914 15
915 16
916 16
917 17
918 16
919 18
920 19
921 15
922 21
923 18
924 18
925 18
926 18
927 15
928 20
929 17
930 16
931 15
932 17
933 19
934 16
935 14
936 15
937 16
938 18
939 19
940 20
941 16
942 13
943 18
944 20
945 22
946 19
947 17
948 17
949 19
950 17
951 18
952 15
953 16
954 21
955 13
956 16
957 16
958 17
959 18
960 14
961 16
962 20
963 17
964 20
965 18
966 19
967 21
968 16
969 19
970 16
971 17
972 17
973 16
974 21
975 19
976 18
977 15
978 18
979 13
980 18
981 13
982 16
983 18
984 19
985 17
986 19
987 15
988 17
989 16
990 20
991 17
992 17
993 17
994 19
995 21
996 17
997 17
998 18
999 18
1000 18
