0 15
1 11
2 11
3 11
4 8
5 8
6 11
7 11
8 10
9 9
10 9
11 9
12 8
13 10
14 9
15 7
16 9
17 11
18 10
19 10
20 10
21 9
22 9
23 11
24 9
25 11
26 11
27 11
28 7
29 9
30 12
31 8
32 12
33 9
34 10
35 9
36 10
37 7
38 9
39 9
40 8
41 8
42 10
43 8
44 10
45 9
46 8
47 11
48 10
49 10
50 9
51 10
52 10
53 7
54 11
55 9
56 9
57 10
58 10
59 11
60 9
61 10
62 8
63 12
64 7
65 11
66 9
67 8
68 10
69 10
70 9
71 9
72 11
73 10
74 10
75 10
76 10
77 8
78 8
79 11
80 10
81 9
82 9
83 9
84 7
85 7
86 10
87 8
88 11
89 9
90 6
91 9
92 7
93 8
94 10
95 11
96 9
97 7
98 8
99 10
100 11
101 10
102 9
103 10
104 10
105 11
106 8
107 6
108 9
109 10
110 11
111 11
112 11
113 11
114 12
115 7
116 10
117 9
118 10
119 8
120 9
121 9
122 10
123 9
124 9
125 10
126 12
127 10
128 7
129 8
130 10
131 9
132 10
133 10
134 8
135 9
136 10
137 8
138 10
139 10
140 7
141 11
142 10
143 11
144 10
145 7
146 9
147 11
148 8
149 9
150 8
151 8
152 9
153 11
154 8
155 9
156 11
157 12
158 11
159 10
160 10
161 8
162 12
163 10
164 10
165 9
166 9
167 10
168 10
169 11
170 8
171 9
172 10
173 9
174 11
175 10
176 10
177 10
178 10
179 9
180 11
181 12
182 12
183 10
184 9
185 10
186 10
187 8
188 11
189 10
190 8
191 10
192 8
193 10
194 12
195 9
196 9
197 9
198 8
199 10
200 9
201 8
202 8
203 6
204 9
205 9
206 8
207 8
208 10
209 11
210 11
211 12
212 11
213 7
214 10
215 10
216 9
217 10
218 7
219 8
220 11
221 11
222 8
223 10
224 12
225 11
226 10
227 10
228 8
229 9
230 9
231 10
232 11
233 10
234 11
235 10
236 10
237 9
238 8
239 9
240 10
241 8
242 10
243 12
244 8
245 10
246 9
247 9
248 10
249 11
250 9
251 10
252 11
253 9
254 9
255 13
256 8
257 10
258 10
259 10
260 11
261 9
262 12
263 7
264 9
265 10
266 8
267 10
268 9
269 9
270 11
271 10
272 8
273 12
274 7
275 11
276 11
277 10
278 11
279 10
280 9
281 8
282 8
283 8
284 11
285 12
286 7
287 12
288 10
289 10
290 9
291 12
292 10
293 8
294 10
295 10
296 10
297 13
298 9
299 10
300 8
301 11
302 10
303 10
304 10
305 10
306 9
307 11
308 8
309 7
310 11
311 10
312 10
313 11
314 9
315 10
316 11
317 7
318 8
319 7
320 11
321 10
322 10
323 9
324 8
325 10
326 7
327 9
328 8
329 6
330 10
331 9
332 11
333 8
334 11
335 7
336 11
337 12
338 11
339 8
340 8
341 11
342 7
343 8
344 9
345 10
346 9
347 11
348 10
349 9
350 9
351 11
352 8
353 11
354 11
355 9
356 7
357 9
358 11
359 10
360 10
361 8
362 9
363 10
364 9
365 9
366 11
367 9
368 10
369 9
370 11
371 9
372 9
373 10
374 9
375 8
376 10
377 9
378 12
379 9
380 6
381 8
382 8
383 10
384 8
385 10
386 9
387 10
388 8
389 10
390 9
391 9
392 12
393 11
394 11
395 10
396 10
397 10
398 9
399 9
400 9
401 10
402 10
403 11
404 10
405 10
406 10
407 10
408 11
409 6
410 9
411 11
412 7
413 12
414 10
415 10
416 13
417 9
418 7
419 9
420 11
421 8
422 10
423 10
424 10
425 10
426 10
427 10
428 10
429 10
430 11
431 10
432 11
433 10
434 7
435 11
436 10
437 11
438 9
439 10
440 9
441 10
442 10
443 12
444 9
445 8
446 8
447 9
448 8
449 8
450 10
451 10
452 7
453 9
454 10
455 7
456 10
457 8
458 9
459 11
460 10
461 9
462 11
463 10
464 9
465 8
466 10
467 11
468 10
469 9
470 10
471 9
472 9
473 10
474 9
475 11
476 7
477 11
478 7
479 11
480 10
481 10
482 11
483 10
484 9
485 9
486 9
487 12
488 7
489 11
490 11
491 8
492 10
493 10
494 10
495 11
496 11
497 12
498 9
499 9
500 9
501 10
502 10
503 10
504 11
505 9
506 8
507 11
508 9
509 11
510 12
511 11
512 11
513 10
514 12
515 9
516 11
517 12
518 8
519 9
520 9
521 9
522 11
523 11
524 10
525 8
526 8
527 9
528 10
529 10
530 9
531 9
532 7
533 9
534 8
535 11
536 9
537 10
538 9
539 11
540 10
541 7
542 8
543 10
544 10
545 10
546 8
547 12
548 9
549 9
550 10
551 8
552 8
553 10
554 9
555 10
556 9
557 9
558 11
559 10
560 11
561 10
562 11
563 11
564 11
565 11
566 9
567 9
568 10
569 10
570 9
571 7
572 8
573 10
574 12
575 10
576 10
577 10
578 7
579 10
580 10
581 9
582 11
583 10
584 8
585 9
586 10
587 9
588 10
589 9
590 12
591 10
592 11
593 10
594 11
595 10
596 9
597 11
598 11
599 10
600 10
601 9
602 9
603 9
604 10
605 8
606 11
607 10
608 10
609 11
610 10
611 10
612 10
613 8
614 11
615 7
616 7
617 7
618 10
619 9
620 8
621 10
622 11
623 8
624 6
625 10
626 9
627 11
628 11
629 8
630 9
631 11
632 10
633 7
634 10
635 11
636 12
637 10
638 9
639 11
640 11
641 12
642 11
643 8
644 6
645 8
646 10
647 10
648 10
649 11
650 7
651 9
652 9
653 10
654 6
655 9
656 10
657 10
658 9
659 9
660 10
661 7
662 7
663 10
664 8
665 10
666 12
667 10
668 12
669 7
670 10
671 8
672 10
673 10
674 11
675 9
676 9
677 10
678 11
679 10
680 10
681 10
682 8
683 9
684 10
685 10
686 9
687 10
688 9
689 10
690 10
691 10
692 11
693 8
694 11
695 7
696 9
697 7
698 11
699 9
700 12
701 10
702 9
703 10
704 10
705 10
706 10
707 10
708 8
709 9
710 9
711 11
712 8
713 7
714 7
715 7
716 8
717 10
718 10
719 10
720 9
721 11
722 11
723 11
724 8
725 11
726 9
727 10
728 8
729 8
730 12
731 7
732 8
733 9
734 6
735 8
736 6
737 9
738 11
739 9
740 6
741 10
742 7
743 9
744 10
745 12
746 9
747 10
748 9
749 10
750 7
751 12
752 10
753 9
754 11
755 7
756 10
757 11
758 7
759 10
760 7
761 11
762 8
763 9
764 9
765 10
766 10
767 10
768 11
769 9
770 8
771 12
772 10
773 10
774 8
775 10
776 11
777 10
778 11
779 10
780 10
781 9
782 11
783 9
784 11
785 10
786 9
787 11
788 11
789 8
790 11
791 9
792 10
793 9
794 9
795 12
796 10
797 11
798 10
799 9
800 10
801 11
802 9
803 12
804 8
805 12
806 7
807 8
808 9
809 8
810 10
811 10
812 9
813 9
814 9
815 9
816 12
817 12
818 10
819 10
820 12
821 10
822 9
823 10
824 9
825 10
826 10
827 11
828 8
829 8
830 7
831 10
832 11
833 13
834 10
835 10
836 10
837 12
838 11
839 11
840 9
841 9
842 9
843 10
844 11
845 13
846 10
847 10
848 13
849 9
850 10
851 9
852 10
853 8
854 10
855 12
856 11
857 10
858 10
859 9
860 8
861 12
862 6
863 9
864 10
865 11
866 10
867 10
868 9
869 9
870 10
871 9
872 11
873 8
874 8
875 8
876 10
877 8
878 11
879 10
880 9
881 11
882 8
883 9
884 10
885 9
886 9
887 7
888 11
889 7
890 11
891 11
892 10
893 9
894 10
895 11
896 10
897 9
898 8
899 11
900 10
901 9
902 10
903 10
904 7
905 10
906 7
907 9
908 12
909 9
910 7
911 8
912 9
913 11
914 9
915 9
916 11
917 12
918 10
919 11
920 9
921 11
922 8
923 9
924 11
925 6
926 11
927 9
928 10
929 10
930 9
931 11
932 7
933 10
934 10
935 8
936 10
937 7
938 10
939 10
940 11
941 9
942 11
943 11
944 12
945 11
946 9
947 9
948 8
949 10
950 11
951 9
952 11
953 10
954 11
955 9
956 10
957 11
958 9
959 9
960 9
961 10
962 10
963 9
964 9
965 12
966 8
967 10
968 10
969 8
970 9
971 6
972 7
973 12
974 9
975 9
976 11
977 11
978 10
979 9
980 11
981 10
982 10
983 9
984 9
985 9
986 8
987 11
988 9
989 10
990 10
991 9
992 9
993 10
994 8
995 12
996 8
997 11
998 8
999 8
1000 10
