0 55
1 51
2 48
3 45
4 44
5 41
6 39
7 39
8 38
9 38
10 38
11 38
12 38
13 34
14 34
15 31
16 30
17 30
18 29
19 30
20 31
21 30
22 31
23 32
24 33
25 31
26 33
27 32
28 30
29 29
30 30
31 30
32 30
33 28
34 30
35 29
36 30
37 29
38 29
39 29
40 28
41 27
42 25
43 25
44 25
45 25
46 24
47 25
48 24
49 25
50 26
51 23
52 22
53 21
54 20
55 22
56 26
57 27
58 26
59 26
60 27
61 29
62 28
63 28
64 27
65 28
66 31
67 30
68 29
69 26
70 26
71 26
72 26
73 26
74 27
75 27
76 26
77 24
78 27
79 27
80 26
81 26
82 26
83 26
84 26
85 27
86 27
87 29
88 30
89 29
90 30
91 29
92 30
93 32
94 32
95 31
96 29
97 28
98 29
99 29
100 30
101 29
102 28
103 29
104 28
105 27
106 29
107 29
108 27
109 29
110 28
111 28
112 28
113 26
114 25
115 27
116 28
117 27
118 25
119 24
120 26
121 25
122 26
123 29
124 31
125 31
126 28
127 27
128 28
129 29
130 30
131 30
132 29
133 31
134 29
135 28
136 28
137 29
138 28
139 29
140 30
141 31
142 31
143 30
144 29
145 27
146 27
147 26
148 27
149 29
150 29
151 28
152 27
153 28
154 30
155 29
156 28
157 28
158 28
159 28
160 28
161 27
162 27
163 29
164 30
165 30
166 31
167 30
168 30
169 28
170 29
171 30
172 28
173 28
174 28
175 28
176 26
177 28
178 27
179 29
180 30
181 30
182 29
183 29
184 28
185 28
186 28
187 25
188 26
189 24
190 23
191 25
192 24
193 25
194 24
195 24
196 24
197 25
198 26
199 25
200 26
201 27
202 27
203 28
204 30
205 30
206 31
207 31
208 31
209 31
210 30
211 31
212 30
213 29
214 31
215 31
216 30
217 32
218 30
219 29
220 28
221 28
222 28
223 27
224 27
225 30
226 32
227 32
228 30
229 29
230 29
231 29
232 31
233 28
234 25
235 26
236 26
237 28
238 26
239 25
240 28
241 29
242 31
243 31
244 30
245 23
246 24
247 25
248 23
249 23
250 26
251 26
252 27
253 28
254 26
255 26
256 30
257 30
258 28
259 27
260 25
261 26
262 27
263 25
264 25
265 26
266 28
267 30
268 29
269 29
270 27
271 28
272 28
273 27
274 29
275 27
276 25
277 23
278 24
279 27
280 27
281 25
282 26
283 26
284 27
285 27
286 27
287 25
288 24
289 24
290 28
291 30
292 32
293 30
294 30
295 26
296 26
297 26
298 27
299 27
300 26
301 25
302 24
303 22
304 23
305 26
306 27
307 29
308 28
309 29
310 29
311 27
312 29
313 32
314 33
315 34
316 35
317 31
318 29
319 28
320 27
321 28
322 26
323 27
324 30
325 30
326 29
327 29
328 28
329 27
330 26
331 26
332 30
333 29
334 29
335 29
336 29
337 28
338 27
339 27
340 26
341 27
342 26
343 27
344 29
345 28
346 29
347 29
348 28
349 27
350 27
351 30
352 31
353 33
354 31
355 29
356 28
357 29
358 31
359 28
360 29
361 27
362 30
363 28
364 28
365 29
366 29
367 27
368 27
369 27
370 28
371 29
372 31
373 32
374 31
375 33
376 33
377 33
378 33
379 31
380 30
381 31
382 30
383 29
384 31
385 31
386 31
387 28
388 27
389 31
390 31
391 30
392 30
393 32
394 32
395 33
396 33
397 32
398 32
399 32
400 30
401 29
402 30
403 31
404 31
405 31
406 31
407 29
408 28
409 26
410 26
411 26
412 28
413 28
414 26
415 26
416 25
417 26
418 26
419 27
420 28
421 28
422 30
423 29
424 29
425 29
426 29
427 27
428 27
429 28
430 28
431 27
432 29
433 29
434 30
435 30
436 30
437 30
438 30
439 30
440 28
441 25
442 27
443 25
444 26
445 27
446 28
447 28
448 29
449 25
450 26
451 24
452 24
453 25
454 26
455 24
456 23
457 23
458 24
459 24
460 25
461 25
462 28
463 28
464 28
465 31
466 32
467 30
468 29
469 29
470 30
471 31
472 31
473 29
474 29
475 30
476 31
477 31
478 29
479 27
480 28
481 27
482 28
483 29
484 28
485 27
486 28
487 28
488 29
489 28
490 30
491 29
492 30
493 30
494 32
495 32
496 30
497 30
498 26
499 25
500 27
501 27
502 27
503 30
504 31
505 28
506 29
507 28
508 28
509 26
510 27
511 26
512 26
513 26
514 26
515 26
516 23
517 24
518 25
519 26
520 27
521 30
522 30
523 31
524 30
525 31
526 31
527 34
528 33
529 33
530 32
531 32
532 31
533 30
534 29
535 27
536 27
537 26
538 25
539 27
540 26
541 26
542 27
543 27
544 28
545 28
546 29
547 26
548 28
549 25
550 27
551 29
552 28
553 29
554 29
555 32
556 31
557 32
558 32
559 30
560 31
561 32
562 32
563 32
564 32
565 32
566 34
567 34
568 31
569 30
570 27
571 27
572 27
573 28
574 28
575 26
576 26
577 29
578 29
579 27
580 26
581 28
582 26
583 27
584 27
585 25
586 27
587 27
588 27
589 28
590 29
591 30
592 31
593 30
594 30
595 29
596 30
597 31
598 29
599 29
600 27
601 29
602 29
603 30
604 30
605 31
606 30
607 31
608 31
609 30
610 29
611 31
612 30
613 29
614 30
615 30
616 30
617 29
618 29
619 29
620 29
621 30
622 28
623 28
624 29
625 29
626 28
627 28
628 27
629 29
630 29
631 28
632 27
633 28
634 26
635 27
636 28
637 29
638 27
639 26
640 26
641 25
642 26
643 27
644 28
645 29
646 28
647 28
648 27
649 29
650 28
651 29
652 30
653 31
654 33
655 32
656 31
657 31
658 33
659 34
660 32
661 31
662 30
663 30
664 30
665 29
666 32
667 31
668 28
669 28
670 28
671 25
672 25
673 25
674 24
675 25
676 26
677 27
678 27
679 24
680 26
681 25
682 26
683 27
684 26
685 26
686 26
687 29
688 31
689 32
690 31
691 31
692 30
693 29
694 28
695 27
696 27
697 29
698 28
699 27
700 27
701 25
702 23
703 25
704 27
705 27
706 27
707 27
708 28
709 28
710 27
711 24
712 24
713 25
714 24
715 27
716 28
717 28
718 28
719 27
720 28
721 29
722 29
723 30
724 31
725 30
726 30
727 29
728 27
729 27
730 27
731 27
732 29
733 29
734 29
735 29
736 28
737 29
738 28
739 28
740 29
741 30
742 27
743 28
744 27
745 27
746 27
747 25
748 26
749 25
750 26
751 26
752 28
753 25
754 27
755 30
756 28
757 25
758 26
759 25
760 26
761 27
762 28
763 28
764 28
765 29
766 28
767 30
768 32
769 33
770 30
771 31
772 29
773 32
774 30
775 29
776 28
777 28
778 28
779 29
780 29
781 31
782 31
783 31
784 32
785 31
786 29
787 30
788 30
789 28
790 29
791 30
792 30
793 31
794 30
795 30
796 29
797 28
798 27
799 27
800 27
801 28
802 29
803 31
804 31
805 32
806 32
807 33
808 33
809 33
810 33
811 32
812 32
813 32
814 33
815 32
816 30
817 31
818 31
819 30
820 31
821 31
822 31
823 31
824 31
825 32
826 31
827 31
828 30
829 30
830 31
831 28
832 27
833 27
834 26
835 27
836 27
837 28
838 27
839 25
840 22
841 23
842 24
843 25
844 26
845 27
846 28
847 29
848 26
849 27
850 26
851 26
852 24
853 25
854 24
855 24
856 24
857 25
858 26
859 27
860 28
861 27
862 29
863 29
864 29
865 29
866 30
867 31
868 30
869 32
870 30
871 29
872 29
873 28
874 26
875 25
876 25
877 27
878 29
879 31
880 31
881 31
882 31
883 29
884 29
885 29
886 30
887 29
888 29
889 29
890 27
891 26
892 25
893 25
894 27
895 28
896 27
897 27
898 28
899 28
900 31
901 31
902 30
903 32
904 31
905 31
906 32
907 31
908 31
909 30
910 27
911 27
912 29
913 30
914 30
915 32
916 31
917 28
918 28
919 28
920 30
921 30
922 30
923 30
924 31
925 31
926 30
927 31
928 32
929 33
930 32
931 32
932 33
933 34
934 33
935 34
936 33
937 33
938 32
939 32
940 31
941 32
942 33
943 33
944 33
945 33
946 34
947 32
948 30
949 28
950 27
951 28
952 28
953 29
954 27
955 28
956 28
957 29
958 30
959 29
960 29
961 28
962 29
963 27
964 30
965 31
966 32
967 33
968 33
969 33
970 30
971 31
972 32
973 31
974 31
975 31
976 33
977 32
978 30
979 28
980 27
981 28
982 26
983 25
984 24
985 23
986 23
987 23
988 24
989 24
990 25
991 29
992 27
993 28
994 27
995 30
996 30
997 32
998 32
999 31
1000 32
