0 15
1 12
2 11
3 11
4 8
5 12
6 9
7 11
8 11
9 10
10 11
11 11
12 10
13 8
14 11
15 12
16 11
17 10
18 8
19 9
20 8
21 7
22 9
23 12
24 10
25 7
26 12
27 11
28 11
29 10
30 8
31 9
32 6
33 7
34 12
35 10
36 9
37 12
38 11
39 8
40 9
41 9
42 9
43 11
44 9
45 10
46 11
47 8
48 10
49 11
50 11
51 10
52 9
53 9
54 8
55 10
56 10
57 9
58 10
59 12
60 8
61 10
62 10
63 11
64 9
65 8
66 11
67 10
68 11
69 12
70 10
71 10
72 11
73 11
74 9
75 10
76 11
77 8
78 8
79 10
80 12
81 8
82 7
83 11
84 9
85 10
86 9
87 10
88 11
89 7
90 10
91 9
92 10
93 11
94 10
95 10
96 10
97 11
98 12
99 13
100 8
101 8
102 7
103 11
104 10
105 11
106 11
107 10
108 13
109 13
110 12
111 8
112 9
113 10
114 11
115 10
116 10
117 12
118 12
119 10
120 9
121 9
122 9
123 11
124 9
125 9
126 11
127 11
128 10
129 10
130 10
131 10
132 10
133 10
134 12
135 11
136 10
137 12
138 10
139 11
140 9
141 10
142 10
143 9
144 11
145 11
146 9
147 10
148 10
149 11
150 10
151 12
152 12
153 9
154 14
155 12
156 11
157 11
158 11
159 13
160 14
161 11
162 7
163 9
164 8
165 10
166 8
167 7
168 10
169 11
170 10
171 11
172 11
173 11
174 8
175 10
176 8
177 9
178 11
179 10
180 13
181 10
182 11
183 9
184 11
185 12
186 9
187 9
188 10
189 11
190 10
191 12
192 10
193 10
194 11
195 9
196 11
197 10
198 10
199 9
200 10
201 11
202 11
203 10
204 11
205 10
206 12
207 11
208 11
209 10
210 10
211 10
212 11
213 9
214 10
215 10
216 10
217 12
218 12
219 11
220 11
221 8
222 11
223 11
224 10
225 12
226 10
227 11
228 10
229 11
230 10
231 7
232 12
233 10
234 10
235 11
236 9
237 10
238 10
239 8
240 11
241 11
242 9
243 10
244 11
245 9
246 11
247 10
248 11
249 11
250 10
251 8
252 10
253 10
254 11
255 12
256 12
257 11
258 12
259 10
260 10
261 9
262 10
263 8
264 11
265 9
266 11
267 12
268 10
269 11
270 11
271 13
272 10
273 9
274 9
275 10
276 9
277 11
278 10
279 10
280 10
281 9
282 6
283 9
284 12
285 12
286 11
287 8
288 11
289 12
290 10
291 10
292 7
293 8
294 7
295 11
296 12
297 13
298 11
299 11
300 11
301 12
302 9
303 11
304 10
305 10
306 11
307 12
308 12
309 10
310 10
311 11
312 13
313 11
314 11
315 10
316 12
317 12
318 10
319 9
320 10
321 9
322 9
323 8
324 10
325 12
326 10
327 9
328 9
329 11
330 11
331 11
332 11
333 10
334 10
335 7
336 9
337 10
338 8
339 9
340 10
341 9
342 8
343 8
344 12
345 14
346 9
347 11
348 12
349 11
350 7
351 9
352 11
353 7
354 9
355 10
356 9
357 8
358 10
359 11
360 11
361 12
362 12
363 11
364 11
365 11
366 12
367 7
368 8
369 10
370 9
371 11
372 13
373 10
374 9
375 11
376 12
377 12
378 11
379 11
380 10
381 8
382 10
383 12
384 11
385 13
386 12
387 10
388 12
389 11
390 11
391 10
392 11
393 6
394 12
395 10
396 12
397 11
398 9
399 11
400 11
401 10
402 7
403 9
404 12
405 8
406 8
407 11
408 11
409 13
410 9
411 11
412 11
413 10
414 10
415 9
416 12
417 11
418 9
419 9
420 9
421 11
422 11
423 11
424 7
425 10
426 12
427 11
428 10
429 11
430 10
431 12
432 12
433 12
434 10
435 8
436 12
437 10
438 8
439 10
440 10
441 12
442 14
443 11
444 11
445 12
446 8
447 9
448 12
449 12
450 11
451 10
452 11
453 10
454 12
455 12
456 11
457 8
458 10
459 9
460 11
461 10
462 10
463 10
464 11
465 10
466 9
467 9
468 11
469 8
470 7
471 9
472 10
473 10
474 9
475 9
476 9
477 9
478 10
479 13
480 10
481 11
482 10
483 10
484 12
485 10
486 10
487 9
488 10
489 8
490 12
491 10
492 9
493 8
494 9
495 10
496 11
497 9
498 11
499 10
500 9
501 9
502 8
503 10
504 9
505 10
506 7
507 9
508 10
509 12
510 11
511 10
512 10
513 11
514 10
515 10
516 11
517 12
518 12
519 10
520 11
521 11
522 10
523 11
524 7
525 12
526 10
527 11
528 11
529 12
530 11
531 9
532 10
533 9
534 10
535 8
536 10
537 10
538 8
539 9
540 9
541 9
542 7
543 8
544 11
545 12
546 7
547 9
548 10
549 11
550 10
551 11
552 10
553 11
554 8
555 9
556 10
557 11
558 11
559 12
560 11
561 9
562 8
563 9
564 8
565 11
566 9
567 11
568 9
569 9
570 10
571 9
572 12
573 12
574 10
575 8
576 9
577 9
578 11
579 8
580 10
581 12
582 9
583 10
584 8
585 11
586 8
587 7
588 11
589 11
590 11
591 10
592 9
593 9
594 7
595 11
596 12
597 8
598 12
599 11
600 10
601 12
602 11
603 10
604 13
605 12
606 11
607 11
608 12
609 12
610 10
611 11
612 7
613 9
614 9
615 8
616 9
617 12
618 12
619 11
620 10
621 10
622 9
623 11
624 11
625 11
626 12
627 11
628 8
629 9
630 11
631 11
632 12
633 9
634 11
635 9
636 10
637 11
638 9
639 13
640 11
641 8
642 11
643 11
644 9
645 10
646 11
647 9
648 9
649 11
650 11
651 11
652 11
653 11
654 12
655 10
656 10
657 11
658 8
659 6
660 11
661 8
662 10
663 11
664 11
665 8
666 11
667 8
668 11
669 11
670 10
671 11
672 10
673 12
674 9
675 10
676 9
677 7
678 13
679 12
680 10
681 10
682 11
683 9
684 11
685 9
686 9
687 8
688 11
689 8
690 9
691 8
692 11
693 9
694 9
695 10
696 9
697 12
698 11
699 8
700 7
701 9
702 11
703 11
704 11
705 10
706 11
707 12
708 11
709 11
710 10
711 10
712 13
713 12
714 13
715 13
716 8
717 9
718 11
719 12
720 13
721 12
722 7
723 9
724 9
725 8
726 8
727 10
728 12
729 12
730 10
731 11
732 12
733 11
734 9
735 12
736 10
737 9
738 8
739 9
740 8
741 8
742 8
743 10
744 12
745 8
746 12
747 12
748 10
749 10
750 9
751 9
752 11
753 12
754 10
755 6
756 11
757 11
758 10
759 12
760 9
761 8
762 9
763 11
764 9
765 11
766 10
767 12
768 10
769 9
770 11
771 8
772 8
773 10
774 8
775 10
776 9
777 7
778 11
779 9
780 10
781 12
782 9
783 11
784 7
785 8
786 11
787 10
788 12
789 12
790 12
791 9
792 10
793 11
794 12
795 12
796 13
797 12
798 11
799 13
800 9
801 11
802 10
803 5
804 10
805 9
806 9
807 10
808 12
809 8
810 9
811 8
812 10
813 12
814 8
815 9
816 8
817 9
818 11
819 11
820 10
821 10
822 10
823 10
824 11
825 11
826 11
827 11
828 9
829 12
830 14
831 11
832 12
833 9
834 10
835 9
836 11
837 11
838 8
839 10
840 12
841 12
842 12
843 10
844 10
845 12
846 10
847 11
848 10
849 13
850 10
851 8
852 12
853 12
854 11
855 13
856 11
857 10
858 10
859 9
860 10
861 11
862 9
863 9
864 8
865 10
866 10
867 7
868 12
869 10
870 11
871 10
872 12
873 12
874 9
875 12
876 11
877 10
878 10
879 11
880 9
881 10
882 10
883 8
884 10
885 8
886 9
887 10
888 10
889 7
890 10
891 11
892 10
893 10
894 5
895 10
896 11
897 12
898 11
899 11
900 10
901 9
902 10
903 9
904 9
905 10
906 13
907 11
908 12
909 9
910 12
911 11
912 12
913 12
914 11
915 10
916 11
917 11
918 11
919 10
920 10
921 10
922 9
923 9
924 12
925 11
926 13
927 13
928 10
929 10
930 12
931 11
932 12
933 9
934 9
935 11
936 11
937 11
938 11
939 9
940 11
941 9
942 9
943 11
944 9
945 11
946 9
947 8
948 10
949 10
950 8
951 8
952 11
953 11
954 12
955 10
956 10
957 11
958 9
959 8
960 11
961 8
962 10
963 11
964 12
965 10
966 10
967 12
968 9
969 9
970 10
971 10
972 11
973 11
974 13
975 11
976 12
977 12
978 9
979 10
980 11
981 12
982 9
983 8
984 10
985 11
986 12
987 10
988 10
989 7
990 8
991 9
992 13
993 11
994 10
995 8
996 8
997 10
998 9
999 10
1000 11
