0 95
1 94
2 89
3 88
4 87
5 86
6 84
7 84
8 83
9 81
10 80
11 78
12 78
13 80
14 79
15 78
16 77
17 77
18 76
19 71
20 69
21 69
22 68
23 68
24 68
25 68
26 69
27 67
28 66
29 65
30 64
31 64
32 64
33 64
34 63
35 62
36 62
37 61
38 61
39 61
40 60
41 59
42 58
43 56
44 57
45 57
46 56
47 55
48 56
49 55
50 54
51 54
52 54
53 52
54 53
55 52
56 54
57 54
58 54
59 53
60 54
61 55
62 57
63 55
64 54
65 55
66 54
67 54
68 52
69 53
70 54
71 54
72 54
73 54
74 54
75 54
76 54
77 53
78 53
79 55
80 54
81 54
82 55
83 57
84 57
85 57
86 58
87 56
88 56
89 55
90 56
91 56
92 54
93 56
94 57
95 59
96 59
97 59
98 57
99 55
100 55
101 53
102 53
103 53
104 53
105 53
106 52
107 53
108 52
109 52
110 52
111 53
112 53
113 52
114 51
115 50
116 49
117 47
118 46
119 45
120 46
121 47
122 48
123 46
124 45
125 47
126 47
127 45
128 45
129 46
130 46
131 45
132 45
133 45
134 45
135 44
136 44
137 44
138 45
139 47
140 47
141 46
142 50
143 49
144 50
145 50
146 51
147 51
148 51
149 51
150 50
151 52
152 53
153 52
154 53
155 52
156 53
157 52
158 52
159 52
160 52
161 52
162 53
163 54
164 52
165 52
166 53
167 52
168 53
169 53
170 54
171 53
172 53
173 53
174 54
175 53
176 54
177 54
178 54
179 54
180 54
181 52
182 52
183 52
184 52
185 52
186 51
187 54
188 54
189 54
190 55
191 55
192 55
193 54
194 53
195 52
196 51
197 51
198 54
199 54
200 52
201 52
202 54
203 54
204 54
205 55
206 54
207 53
208 54
209 54
210 53
211 50
212 49
213 49
214 48
215 49
216 49
217 49
218 50
219 50
220 49
221 49
222 49
223 50
224 49
225 49
226 50
227 50
228 50
229 50
230 51
231 51
232 50
233 49
234 50
235 49
236 50
237 51
238 51
239 51
240 50
241 51
242 51
243 52
244 51
245 52
246 52
247 51
248 52
249 51
250 52
251 53
252 54
253 55
254 54
255 55
256 55
257 55
258 54
259 54
260 54
261 54
262 55
263 55
264 54
265 55
266 54
267 53
268 53
269 51
270 50
271 51
272 51
273 51
274 50
275 51
276 52
277 53
278 53
279 51
280 49
281 49
282 49
283 47
284 48
285 46
286 48
287 48
288 48
289 50
290 51
291 51
292 51
293 52
294 52
295 52
296 54
297 56
298 57
299 57
300 54
301 54
302 53
303 52
304 54
305 55
306 53
307 53
308 52
309 52
310 54
311 55
312 57
313 57
314 57
315 57
316 55
317 54
318 54
319 54
320 53
321 52
322 52
323 53
324 53
325 54
326 53
327 53
328 53
329 53
330 54
331 52
332 52
333 53
334 54
335 54
336 55
337 56
338 56
339 56
340 56
341 56
342 56
343 55
344 56
345 56
346 56
347 56
348 57
349 57
350 57
351 58
352 58
353 58
354 58
355 57
356 59
357 58
358 59
359 59
360 58
361 58
362 58
363 58
364 57
365 57
366 57
367 57
368 58
369 58
370 59
371 57
372 58
373 57
374 57
375 57
376 58
377 57
378 55
379 56
380 56
381 55
382 54
383 54
384 53
385 54
386 55
387 54
388 56
389 55
390 56
391 56
392 55
393 56
394 55
395 54
396 53
397 54
398 55
399 55
400 56
401 57
402 58
403 56
404 58
405 57
406 58
407 57
408 56
409 57
410 56
411 57
412 56
413 55
414 55
415 55
416 53
417 55
418 53
419 53
420 54
421 54
422 53
423 53
424 53
425 53
426 53
427 53
428 55
429 54
430 54
431 54
432 53
433 54
434 55
435 54
436 54
437 55
438 54
439 54
440 55
441 54
442 54
443 54
444 51
445 51
446 52
447 53
448 54
449 54
450 54
451 55
452 54
453 54
454 54
455 54
456 54
457 53
458 55
459 53
460 55
461 55
462 56
463 56
464 56
465 56
466 56
467 56
468 56
469 56
470 56
471 56
472 56
473 56
474 57
475 58
476 59
477 59
478 60
479 60
480 59
481 60
482 61
483 61
484 60
485 61
486 59
487 58
488 60
489 61
490 60
491 60
492 60
493 59
494 57
495 57
496 58
497 61
498 60
499 59
500 59
501 60
502 59
503 58
504 59
505 57
506 57
507 58
508 58
509 59
510 59
511 59
512 57
513 57
514 56
515 56
516 58
517 58
518 58
519 58
520 56
521 56
522 55
523 54
524 53
525 52
526 51
527 52
528 52
529 51
530 49
531 49
532 49
533 49
534 48
535 49
536 50
537 49
538 49
539 48
540 48
541 48
542 49
543 49
544 49
545 49
546 48
547 48
548 48
549 48
550 48
551 51
552 51
553 52
554 52
555 50
556 50
557 50
558 50
559 52
560 48
561 49
562 49
563 48
564 48
565 47
566 47
567 48
568 48
569 47
570 46
571 47
572 48
573 48
574 47
575 50
576 49
577 48
578 49
579 49
580 48
581 50
582 50
583 49
584 51
585 51
586 49
587 49
588 49
589 48
590 47
591 50
592 52
593 51
594 53
595 53
596 53
597 54
598 54
599 52
600 52
601 50
602 49
603 49
604 48
605 47
606 46
607 48
608 47
609 47
610 46
611 47
612 47
613 48
614 46
615 46
616 46
617 46
618 48
619 48
620 48
621 49
622 50
623 49
624 50
625 49
626 49
627 47
628 48
629 48
630 48
631 46
632 47
633 49
634 49
635 50
636 51
637 52
638 52
639 53
640 54
641 55
642 55
643 55
644 55
645 54
646 54
647 53
648 55
649 55
650 54
651 57
652 57
653 58
654 59
655 59
656 58
657 56
658 55
659 54
660 55
661 55
662 55
663 55
664 55
665 54
666 54
667 54
668 52
669 51
670 52
671 52
672 51
673 48
674 49
675 49
676 49
677 49
678 47
679 47
680 44
681 45
682 46
683 45
684 45
685 44
686 44
687 44
688 43
689 44
690 46
691 46
692 45
693 46
694 47
695 48
696 47
697 48
698 48
699 49
700 50
701 51
702 51
703 51
704 52
705 52
706 52
707 54
708 54
709 53
710 55
711 55
712 56
713 56
714 57
715 55
716 55
717 54
718 53
719 53
720 53
721 54
722 53
723 53
724 53
725 53
726 55
727 54
728 55
729 54
730 51
731 51
732 50
733 50
734 48
735 48
736 47
737 48
738 46
739 46
740 46
741 44
742 43
743 42
744 42
745 42
746 43
747 44
748 43
749 44
750 45
751 45
752 48
753 47
754 45
755 45
756 44
757 43
758 43
759 45
760 45
761 46
762 45
763 47
764 47
765 47
766 47
767 49
768 50
769 51
770 50
771 51
772 51
773 51
774 50
775 50
776 49
777 49
778 48
779 50
780 50
781 50
782 50
783 50
784 48
785 50
786 53
787 54
788 55
789 57
790 59
791 58
792 59
793 60
794 59
795 59
796 60
797 59
798 59
799 59
800 58
801 59
802 58
803 58
804 58
805 54
806 53
807 53
808 53
809 53
810 54
811 52
812 53
813 54
814 55
815 56
816 57
817 57
818 56
819 55
820 55
821 54
822 54
823 52
824 53
825 54
826 54
827 54
828 54
829 54
830 52
831 50
832 50
833 50
834 50
835 49
836 48
837 47
838 47
839 46
840 45
841 44
842 45
843 46
844 46
845 45
846 46
847 47
848 46
849 46
850 45
851 45
852 47
853 46
854 46
855 44
856 44
857 45
858 43
859 41
860 41
861 42
862 44
863 46
864 45
865 43
866 41
867 42
868 43
869 43
870 43
871 45
872 45
873 45
874 45
875 45
876 46
877 47
878 48
879 48
880 48
881 48
882 47
883 48
884 48
885 48
886 48
887 49
888 48
889 50
890 52
891 54
892 53
893 53
894 53
895 53
896 53
897 52
898 52
899 51
900 51
901 52
902 53
903 52
904 53
905 53
906 54
907 52
908 53
909 55
910 56
911 56
912 55
913 54
914 55
915 54
916 53
917 52
918 52
919 52
920 53
921 55
922 55
923 57
924 57
925 58
926 57
927 58
928 58
929 58
930 55
931 54
932 52
933 51
934 51
935 51
936 50
937 49
938 49
939 50
940 51
941 52
942 53
943 54
944 54
945 53
946 54
947 54
948 54
949 53
950 52
951 51
952 51
953 52
954 52
955 51
956 50
957 50
958 51
959 50
960 51
961 53
962 53
963 52
964 53
965 55
966 55
967 55
968 56
969 57
970 57
971 55
972 54
973 53
974 54
975 55
976 56
977 55
978 55
979 57
980 57
981 55
982 57
983 55
984 56
985 56
986 54
987 52
988 54
989 54
990 55
991 55
992 55
993 54
994 54
995 53
996 52
997 53
998 52
999 52
1000 54
