0 45
1 42
2 41
3 39
4 37
5 36
6 35
7 33
8 32
9 31
10 30
11 30
12 29
13 29
14 28
15 27
16 26
17 24
18 24
19 23
20 22
21 21
22 20
23 20
24 20
25 20
26 19
27 18
28 18
29 17
30 16
31 16
32 15
33 15
34 14
35 14
36 14
37 13
38 13
39 12
40 11
41 11
42 11
43 11
44 10
45 10
46 10
47 10
48 9
49 8
50 8
51 7
52 7
53 6
54 6
55 6
56 6
57 6
58 6
59 5
60 5
61 6
62 6
63 5
64 5
65 5
66 5
67 5
68 5
69 5
70 5
71 4
72 4
73 4
74 4
75 4
76 4
77 4
78 4
79 4
80 4
81 4
82 4
83 4
84 4
85 3
86 3
87 3
88 4
89 4
90 5
91 5
92 5
93 5
94 5
95 5
96 4
97 4
98 4
99 4
100 4
101 3
102 3
103 3
104 3
105 3
106 4
107 4
108 5
109 4
110 4
111 4
112 4
113 4
114 4
115 4
116 4
117 3
118 3
119 3
120 3
121 3
122 3
123 3
124 3
125 3
126 3
127 3
128 3
129 3
130 3
131 3
132 3
133 3
134 3
135 3
136 2
137 2
138 2
139 3
140 3
141 3
142 3
143 2
144 2
145 2
146 2
147 2
148 2
149 2
150 2
151 2
152 2
153 3
154 3
155 3
156 2
157 2
158 2
159 2
160 2
161 2
162 2
163 3
164 3
165 3
166 3
167 3
168 2
169 2
170 2
171 3
172 3
173 3
174 3
175 2
176 3
177 3
178 3
179 3
180 3
181 3
182 3
183 3
184 3
185 3
186 3
187 3
188 3
189 3
190 3
191 3
192 3
193 3
194 3
195 3
196 3
197 3
198 3
199 3
200 4
201 4
202 4
203 5
204 5
205 5
206 5
207 5
208 4
209 4
210 4
211 4
212 4
213 4
214 4
215 4
216 4
217 4
218 5
219 5
220 5
221 5
222 5
223 5
224 5
225 4
226 3
227 3
228 2
229 2
230 2
231 2
232 2
233 2
234 2
235 2
236 2
237 2
238 2
239 2
240 2
241 2
242 2
243 2
244 2
245 2
246 2
247 2
248 2
249 2
250 2
251 2
252 2
253 2
254 2
255 2
256 2
257 2
258 2
259 3
260 3
261 3
262 3
263 3
264 3
265 4
266 4
267 4
268 4
269 4
270 4
271 4
272 4
273 4
274 3
275 2
276 2
277 2
278 2
279 2
280 2
281 2
282 2
283 2
284 2
285 2
286 2
287 2
288 2
289 2
290 2
291 2
292 2
293 2
294 3
295 3
296 3
297 3
298 3
299 3
300 3
301 3
302 3
303 3
304 3
305 3
306 3
307 4
308 4
309 4
310 4
311 4
312 4
313 4
314 4
315 5
316 5
317 5
318 5
319 5
320 5
321 5
322 5
323 5
324 5
325 5
326 5
327 5
328 4
329 4
330 4
331 4
332 4
333 4
334 4
335 4
336 4
337 4
338 4
339 4
340 4
341 5
342 5
343 5
344 5
345 5
346 5
347 5
348 4
349 4
350 4
351 3
352 3
353 3
354 2
355 2
356 2
357 2
358 2
359 2
360 2
361 2
362 2
363 2
364 3
365 3
366 3
367 3
368 3
369 3
370 3
371 3
372 4
373 4
374 4
375 4
376 4
377 4
378 4
379 4
380 4
381 4
382 4
383 4
384 4
385 4
386 4
387 4
388 3
389 3
390 3
391 3
392 3
393 3
394 3
395 4
396 4
397 4
398 4
399 4
400 4
401 5
402 4
403 4
404 4
405 4
406 4
407 4
408 4
409 3
410 3
411 3
412 2
413 2
414 2
415 2
416 2
417 2
418 2
419 2
420 2
421 2
422 2
423 2
424 2
425 2
426 2
427 2
428 2
429 2
430 2
431 2
432 2
433 2
434 2
435 2
436 2
437 2
438 2
439 2
440 2
441 2
442 2
443 1
444 2
445 3
446 3
447 3
448 3
449 3
450 4
451 4
452 4
453 3
454 3
455 3
456 3
457 3
458 3
459 3
460 3
461 3
462 3
463 3
464 4
465 4
466 4
467 4
468 4
469 4
470 4
471 4
472 4
473 3
474 3
475 4
476 4
477 3
478 3
479 3
480 2
481 2
482 2
483 2
484 2
485 2
486 2
487 2
488 2
489 2
490 2
491 2
492 2
493 2
494 2
495 2
496 2
497 3
498 3
499 3
500 3
501 2
502 2
503 2
504 2
505 2
506 2
507 2
508 2
509 2
510 2
511 2
512 2
513 2
514 2
515 2
516 2
517 2
518 3
519 3
520 3
521 3
522 3
523 3
524 3
525 3
526 3
527 3
528 3
529 2
530 2
531 2
532 2
533 1
534 1
535 1
536 1
537 1
538 1
539 1
540 1
541 1
542 2
543 2
544 2
545 2
546 1
547 1
548 1
549 1
550 1
551 1
552 1
553 1
554 1
555 1
556 0
557 0
558 0
559 0
560 0
561 0
562 0
563 0
564 0
565 0
566 1
567 1
568 1
569 1
570 1
571 1
572 1
573 1
574 1
575 1
576 1
577 1
578 1
579 2
580 2
581 2
582 2
583 2
584 3
585 2
586 2
587 2
588 2
589 2
590 1
591 1
592 1
593 1
594 1
595 1
596 1
597 1
598 1
599 1
600 1
601 1
602 1
603 2
604 2
605 2
606 3
607 2
608 2
609 2
610 2
611 2
612 2
613 2
614 2
615 2
616 2
617 2
618 3
619 3
620 3
621 3
622 3
623 2
624 2
625 2
626 2
627 1
628 2
629 2
630 2
631 2
632 2
633 2
634 1
635 1
636 1
637 1
638 1
639 1
640 1
641 1
642 1
643 1
644 1
645 0
646 0
647 0
648 0
649 0
650 0
651 0
652 0
653 0
654 1
655 1
656 1
657 1
658 1
659 1
660 1
661 1
662 1
663 2
664 1
665 1
666 1
667 1
668 1
669 1
670 1
671 1
672 1
673 1
674 1
675 1
676 1
677 1
678 1
679 1
680 1
681 1
682 1
683 1
684 1
685 1
686 1
687 1
688 1
689 1
690 1
691 1
692 1
693 1
694 1
695 1
696 2
697 2
698 2
699 2
700 2
701 2
702 2
703 3
704 3
705 3
706 3
707 3
708 3
709 3
710 2
711 2
712 2
713 2
714 2
715 2
716 2
717 2
718 2
719 2
720 1
721 1
722 1
723 1
724 1
725 1
726 1
727 1
728 1
729 1
730 1
731 2
732 2
733 2
734 2
735 2
736 2
737 2
738 2
739 3
740 3
741 3
742 3
743 3
744 3
745 2
746 2
747 2
748 2
749 2
750 2
751 2
752 2
753 2
754 2
755 2
756 2
757 2
758 2
759 2
760 2
761 2
762 2
763 3
764 3
765 3
766 3
767 3
768 3
769 3
770 3
771 3
772 3
773 3
774 2
775 2
776 2
777 2
778 2
779 2
780 2
781 2
782 3
783 3
784 3
785 5
786 5
787 5
788 5
789 5
790 5
791 5
792 5
793 5
794 5
795 5
796 4
797 4
798 4
799 4
800 4
801 4
802 4
803 4
804 4
805 3
806 3
807 3
808 3
809 3
810 3
811 3
812 3
813 2
814 2
815 2
816 2
817 2
818 3
819 3
820 3
821 3
822 3
823 3
824 3
825 3
826 4
827 5
828 5
829 5
830 4
831 3
832 3
833 3
834 4
835 4
836 4
837 4
838 3
839 4
840 4
841 4
842 4
843 4
844 4
845 4
846 4
847 4
848 4
849 5
850 6
851 6
852 5
853 5
854 6
855 7
856 7
857 7
858 7
859 7
860 6
861 6
862 6
863 6
864 6
865 6
866 6
867 6
868 5
869 5
870 5
871 5
872 5
873 5
874 4
875 4
876 5
877 5
878 5
879 5
880 4
881 4
882 4
883 4
884 4
885 4
886 4
887 4
888 4
889 4
890 4
891 4
892 4
893 4
894 4
895 4
896 4
897 4
898 4
899 4
900 4
901 4
902 4
903 4
904 4
905 4
906 4
907 4
908 4
909 4
910 4
911 4
912 5
913 5
914 5
915 5
916 5
917 5
918 5
919 5
920 5
921 5
922 5
923 6
924 6
925 6
926 6
927 6
928 6
929 6
930 6
931 6
932 6
933 6
934 6
935 6
936 6
937 6
938 5
939 5
940 4
941 4
942 4
943 4
944 4
945 4
946 4
947 3
948 3
949 3
950 3
951 3
952 3
953 3
954 3
955 3
956 3
957 4
958 4
959 4
960 4
961 4
962 4
963 4
964 3
965 3
966 3
967 3
968 3
969 3
970 3
971 3
972 3
973 2
974 2
975 2
976 2
977 2
978 2
979 2
980 2
981 2
982 2
983 2
984 2
985 2
986 2
987 2
988 3
989 3
990 4
991 4
992 4
993 4
994 4
995 4
996 4
997 4
998 4
999 4
1000 4
