0 15
1 14
2 13
3 13
4 13
5 13
6 13
7 13
8 12
9 10
10 10
11 10
12 9
13 9
14 9
15 8
16 8
17 8
18 8
19 8
20 8
21 8
22 7
23 7
24 7
25 6
26 5
27 5
28 5
29 5
30 5
31 5
32 5
33 5
34 5
35 5
36 5
37 5
38 5
39 5
40 5
41 5
42 5
43 5
44 5
45 5
46 5
47 5
48 5
49 5
50 5
51 4
52 4
53 4
54 4
55 4
56 4
57 4
58 4
59 4
60 4
61 4
62 4
63 4
64 4
65 4
66 4
67 4
68 4
69 4
70 4
71 4
72 3
73 3
74 3
75 3
76 3
77 3
78 3
79 3
80 3
81 3
82 3
83 3
84 3
85 3
86 3
87 3
88 3
89 3
90 3
91 3
92 3
93 3
94 2
95 2
96 2
97 2
98 2
99 2
100 2
101 2
102 2
103 2
104 2
105 2
106 2
107 2
108 2
109 2
110 2
111 2
112 1
113 1
114 1
115 1
116 1
117 1
118 1
119 1
120 1
121 1
122 1
123 1
124 1
125 1
126 1
127 1
128 1
129 1
130 1
131 1
132 1
133 1
134 1
135 1
136 1
137 1
138 1
139 1
140 1
141 1
142 1
143 1
144 1
145 1
146 1
147 1
148 1
149 1
150 1
151 1
152 1
153 1
154 2
155 2
156 3
157 3
158 3
159 3
160 3
161 2
162 2
163 2
164 1
165 1
166 1
167 1
168 1
169 1
170 1
171 1
172 1
173 1
174 1
175 1
176 1
177 1
178 1
179 1
180 1
181 1
182 1
183 1
184 1
185 1
186 1
187 1
188 1
189 1
190 1
191 1
192 1
193 1
194 1
195 1
196 0
197 0
198 0
199 0
200 0
201 0
202 0
203 0
204 0
205 0
206 0
207 0
208 0
209 0
210 0
211 0
212 0
213 0
214 0
215 0
216 0
217 0
218 0
219 0
220 0
221 0
222 0
223 0
224 0
225 0
226 0
227 0
228 0
229 0
230 0
231 0
232 0
233 0
234 0
235 0
236 0
237 0
238 0
239 0
240 0
241 0
242 0
243 0
244 0
245 0
246 0
247 0
248 0
249 0
250 0
251 0
252 0
253 0
254 0
255 0
256 0
257 0
258 0
259 0
260 0
261 0
262 0
263 0
264 0
265 1
266 1
267 1
268 1
269 1
270 1
271 0
272 0
273 0
274 0
275 0
276 0
277 0
278 0
279 0
280 0
281 0
282 0
283 0
284 0
285 0
286 0
287 0
288 0
289 0
290 0
291 0
292 0
293 0
294 0
295 0
296 0
297 0
298 0
299 0
300 0
301 0
302 0
303 0
304 0
305 0
306 0
307 0
308 0
309 0
310 0
311 0
312 0
313 0
314 0
315 0
316 0
317 0
318 0
319 0
320 0
321 0
322 0
323 0
324 0
325 1
326 1
327 1
328 1
329 1
330 1
331 1
332 1
333 1
334 1
335 1
336 1
337 1
338 1
339 1
340 2
341 2
342 2
343 2
344 2
345 2
346 2
347 2
348 2
349 2
350 2
351 2
352 2
353 2
354 2
355 2
356 2
357 2
358 2
359 2
360 2
361 2
362 2
363 2
364 2
365 2
366 1
367 1
368 1
369 1
370 1
371 1
372 1
373 0
374 0
375 0
376 0
377 0
378 0
379 0
380 0
381 0
382 0
383 0
384 0
385 0
386 0
387 0
388 0
389 0
390 0
391 0
392 0
393 0
394 0
395 0
396 0
397 0
398 1
399 1
400 1
401 1
402 1
403 1
404 1
405 1
406 1
407 1
408 1
409 1
410 1
411 1
412 1
413 0
414 0
415 0
416 0
417 0
418 0
419 0
420 0
421 0
422 0
423 0
424 0
425 0
426 0
427 0
428 0
429 0
430 0
431 0
432 0
433 0
434 0
435 0
436 0
437 0
438 0
439 0
440 0
441 0
442 0
443 0
444 0
445 0
446 0
447 0
448 0
449 0
450 0
451 0
452 0
453 0
454 0
455 0
456 0
457 0
458 0
459 0
460 0
461 0
462 0
463 0
464 0
465 0
466 0
467 0
468 0
469 0
470 0
471 0
472 0
473 0
474 0
475 0
476 0
477 0
478 0
479 0
480 0
481 0
482 0
483 0
484 0
485 0
486 0
487 0
488 0
489 0
490 0
491 0
492 0
493 0
494 0
495 0
496 0
497 0
498 0
499 0
500 0
501 0
502 0
503 0
504 0
505 0
506 0
507 0
508 0
509 0
510 0
511 0
512 0
513 0
514 0
515 0
516 0
517 0
518 0
519 0
520 0
521 0
522 0
523 0
524 0
525 0
526 0
527 0
528 0
529 0
530 0
531 0
532 0
533 0
534 0
535 0
536 0
537 0
538 0
539 0
540 0
541 0
542 0
543 0
544 0
545 0
546 0
547 0
548 0
549 0
550 0
551 0
552 0
553 0
554 0
555 0
556 0
557 0
558 0
559 0
560 0
561 0
562 0
563 0
564 0
565 0
566 0
567 0
568 0
569 0
570 0
571 0
572 0
573 0
574 0
575 0
576 0
577 0
578 0
579 0
580 0
581 0
582 0
583 0
584 0
585 0
586 0
587 0
588 0
589 0
590 0
591 0
592 0
593 0
594 0
595 0
596 0
597 0
598 0
599 0
600 0
601 0
602 0
603 1
604 1
605 1
606 1
607 1
608 1
609 1
610 1
611 1
612 1
613 1
614 1
615 1
616 1
617 1
618 1
619 1
620 1
621 1
622 1
623 1
624 1
625 1
626 1
627 1
628 1
629 2
630 2
631 2
632 2
633 2
634 2
635 3
636 3
637 3
638 3
639 3
640 4
641 4
642 4
643 4
644 4
645 4
646 4
647 4
648 4
649 4
650 3
651 3
652 3
653 3
654 3
655 3
656 3
657 3
658 3
659 3
660 3
661 3
662 3
663 3
664 3
665 3
666 3
667 3
668 3
669 3
670 3
671 3
672 3
673 3
674 3
675 3
676 3
677 3
678 3
679 3
680 3
681 3
682 3
683 3
684 3
685 3
686 3
687 3
688 3
689 2
690 2
691 2
692 1
693 1
694 1
695 1
696 1
697 1
698 1
699 1
700 1
701 1
702 1
703 1
704 1
705 1
706 1
707 1
708 1
709 1
710 1
711 1
712 1
713 1
714 1
715 1
716 1
717 1
718 1
719 1
720 1
721 1
722 1
723 1
724 1
725 0
726 0
727 0
728 0
729 0
730 0
731 0
732 0
733 0
734 0
735 0
736 0
737 0
738 0
739 0
740 0
741 0
742 0
743 0
744 0
745 0
746 0
747 0
748 0
749 0
750 0
751 0
752 0
753 0
754 0
755 0
756 0
757 0
758 0
759 1
760 1
761 1
762 1
763 1
764 1
765 0
766 0
767 0
768 0
769 0
770 0
771 0
772 0
773 0
774 0
775 0
776 0
777 0
778 0
779 0
780 0
781 0
782 0
783 0
784 0
785 0
786 0
787 0
788 0
789 0
790 0
791 0
792 0
793 0
794 0
795 0
796 0
797 0
798 0
799 0
800 0
801 0
802 0
803 0
804 0
805 0
806 0
807 0
808 0
809 0
810 0
811 1
812 1
813 1
814 1
815 1
816 1
817 1
818 1
819 1
820 1
821 1
822 1
823 1
824 1
825 1
826 1
827 1
828 1
829 1
830 1
831 1
832 1
833 1
834 1
835 1
836 1
837 1
838 1
839 1
840 1
841 1
842 1
843 1
844 1
845 1
846 1
847 1
848 1
849 1
850 1
851 1
852 1
853 1
854 1
855 1
856 1
857 1
858 1
859 1
860 1
861 1
862 1
863 1
864 1
865 1
866 1
867 1
868 2
869 2
870 2
871 2
872 1
873 1
874 1
875 1
876 1
877 1
878 1
879 1
880 1
881 1
882 1
883 1
884 1
885 0
886 0
887 0
888 0
889 0
890 0
891 0
892 0
893 0
894 0
895 0
896 0
897 0
898 0
899 0
900 0
901 0
902 0
903 0
904 0
905 0
906 0
907 0
908 0
909 0
910 0
911 0
912 0
913 0
914 0
915 0
916 1
917 1
918 1
919 1
920 1
921 1
922 1
923 1
924 1
925 1
926 0
927 0
928 0
929 0
930 0
931 0
932 0
933 0
934 0
935 0
936 0
937 0
938 0
939 0
940 0
941 0
942 0
943 1
944 1
945 1
946 1
947 1
948 1
949 1
950 1
951 1
952 1
953 1
954 1
955 1
956 1
957 1
958 1
959 1
960 1
961 1
962 1
963 1
964 1
965 1
966 1
967 1
968 1
969 1
970 1
971 1
972 1
973 1
974 1
975 1
976 1
977 1
978 1
979 1
980 1
981 1
982 1
983 1
984 1
985 1
986 1
987 1
988 1
989 1
990 1
991 1
992 1
993 1
994 1
995 1
996 1
997 1
998 1
999 1
1000 1
