0 80
1 61
2 54
3 59
4 59
5 58
6 58
7 53
8 57
9 54
10 57
11 57
12 51
13 62
14 62
15 64
16 61
17 59
18 60
19 61
20 54
21 59
22 59
23 59
24 59
25 56
26 64
27 63
28 56
29 55
30 52
31 54
32 60
33 60
34 57
35 61
36 63
37 54
38 59
39 58
40 61
41 60
42 58
43 58
44 59
45 55
46 57
47 59
48 58
49 61
50 58
51 60
52 59
53 54
54 57
55 57
56 58
57 58
58 61
59 60
60 59
61 60
62 60
63 59
64 58
65 57
66 57
67 58
68 57
69 57
70 56
71 59
72 56
73 59
74 55
75 50
76 51
77 56
78 56
79 57
80 61
81 59
82 58
83 59
84 59
85 57
86 58
87 53
88 64
89 60
90 56
91 60
92 57
93 56
94 62
95 63
96 56
97 56
98 56
99 62
100 51
101 59
102 61
103 58
104 56
105 56
106 57
107 58
108 54
109 56
110 57
111 57
112 57
113 58
114 64
115 62
116 62
117 55
118 57
119 57
120 54
121 56
122 53
123 57
124 60
125 59
126 65
127 60
128 58
129 59
130 55
131 57
132 48
133 52
134 55
135 60
136 55
137 55
138 64
139 63
140 59
141 60
142 60
143 60
144 60
145 64
146 61
147 57
148 50
149 58
150 58
151 59
152 59
153 56
154 55
155 59
156 61
157 62
158 65
159 56
160 56
161 54
162 54
163 56
164 60
165 54
166 53
167 54
168 58
169 56
170 65
171 60
172 56
173 61
174 55
175 57
176 53
177 57
178 55
179 58
180 61
181 58
182 59
183 61
184 65
185 57
186 63
187 60
188 55
189 58
190 58
191 60
192 60
193 60
194 57
195 59
196 55
197 64
198 54
199 58
200 62
201 64
202 54
203 59
204 62
205 52
206 55
207 51
208 59
209 58
210 60
211 54
212 54
213 59
214 56
215 56
216 54
217 53
218 52
219 55
220 60
221 65
222 65
223 52
224 58
225 59
226 56
227 58
228 58
229 59
230 59
231 58
232 60
233 60
234 54
235 54
236 57
237 62
238 65
239 56
240 53
241 58
242 59
243 58
244 58
245 55
246 56
247 58
248 55
249 56
250 62
251 59
252 60
253 54
254 58
255 60
256 55
257 60
258 63
259 61
260 60
261 60
262 61
263 55
264 55
265 55
266 61
267 63
268 55
269 51
270 55
271 60
272 59
273 60
274 55
275 65
276 56
277 58
278 61
279 62
280 59
281 62
282 57
283 54
284 59
285 58
286 64
287 56
288 55
289 56
290 59
291 60
292 56
293 56
294 57
295 58
296 57
297 58
298 56
299 61
300 58
301 53
302 57
303 61
304 59
305 54
306 63
307 57
308 64
309 63
310 63
311 59
312 61
313 66
314 54
315 61
316 57
317 60
318 60
319 58
320 56
321 60
322 57
323 60
324 58
325 59
326 57
327 60
328 56
329 53
330 57
331 60
332 59
333 64
334 56
335 59
336 56
337 57
338 55
339 59
340 60
341 61
342 50
343 57
344 57
345 57
346 55
347 54
348 51
349 61
350 61
351 53
352 60
353 58
354 59
355 58
356 59
357 57
358 60
359 55
360 57
361 55
362 57
363 64
364 58
365 55
366 57
367 53
368 58
369 59
370 59
371 55
372 57
373 59
374 58
375 55
376 56
377 55
378 56
379 54
380 59
381 60
382 60
383 61
384 61
385 55
386 54
387 62
388 60
389 58
390 59
391 62
392 56
393 60
394 58
395 55
396 59
397 64
398 58
399 63
400 61
401 61
402 60
403 57
404 52
405 57
406 61
407 52
408 61
409 49
410 55
411 61
412 57
413 60
414 62
415 58
416 53
417 57
418 54
419 55
420 57
421 50
422 57
423 55
424 57
425 58
426 59
427 57
428 55
429 54
430 59
431 60
432 58
433 56
434 59
435 52
436 58
437 56
438 55
439 58
440 59
441 58
442 59
443 56
444 56
445 59
446 61
447 55
448 58
449 58
450 57
451 54
452 62
453 60
454 53
455 58
456 61
457 56
458 59
459 55
460 61
461 53
462 49
463 53
464 58
465 55
466 57
467 60
468 52
469 59
470 60
471 59
472 53
473 56
474 58
475 54
476 56
477 62
478 61
479 58
480 56
481 63
482 62
483 51
484 53
485 52
486 56
487 58
488 58
489 57
490 63
491 57
492 55
493 55
494 57
495 61
496 55
497 51
498 61
499 57
500 61
501 61
502 60
503 55
504 58
505 57
506 62
507 54
508 59
509 66
510 54
511 56
512 57
513 52
514 58
515 50
516 58
517 54
518 56
519 52
520 58
521 54
522 60
523 55
524 56
525 51
526 50
527 58
528 56
529 54
530 57
531 56
532 60
533 59
534 60
535 61
536 59
537 51
538 57
539 60
540 61
541 59
542 57
543 56
544 56
545 63
546 55
547 57
548 61
549 67
550 58
551 55
552 61
553 52
554 53
555 57
556 52
557 58
558 61
559 60
560 59
561 59
562 56
563 59
564 57
565 53
566 53
567 54
568 59
569 59
570 56
571 55
572 58
573 57
574 58
575 60
576 61
577 61
578 60
579 61
580 63
581 58
582 60
583 62
584 57
585 54
586 57
587 61
588 60
589 58
590 55
591 55
592 57
593 60
594 57
595 58
596 61
597 60
598 58
599 60
600 58
601 57
602 50
603 60
604 62
605 57
606 57
607 55
608 55
609 59
610 57
611 60
612 57
613 53
614 54
615 64
616 59
617 61
618 60
619 60
620 59
621 57
622 55
623 51
624 58
625 56
626 60
627 56
628 53
629 56
630 53
631 58
632 62
633 53
634 59
635 56
636 56
637 56
638 58
639 54
640 60
641 56
642 59
643 56
644 53
645 59
646 46
647 55
648 58
649 56
650 58
651 50
652 58
653 59
654 63
655 55
656 59
657 53
658 56
659 60
660 58
661 62
662 60
663 59
664 63
665 60
666 59
667 55
668 59
669 52
670 58
671 56
672 54
673 58
674 56
675 61
676 61
677 59
678 58
679 51
680 55
681 55
682 58
683 58
684 55
685 57
686 54
687 61
688 60
689 60
690 60
691 56
692 61
693 53
694 54
695 61
696 54
697 59
698 63
699 57
700 59
701 58
702 56
703 57
704 60
705 57
706 57
707 57
708 57
709 55
710 58
711 56
712 58
713 57
714 55
715 60
716 54
717 57
718 54
719 62
720 56
721 56
722 58
723 61
724 52
725 57
726 59
727 57
728 64
729 61
730 57
731 60
732 62
733 64
734 62
735 52
736 58
737 61
738 57
739 61
740 58
741 52
742 52
743 60
744 55
745 53
746 55
747 55
748 61
749 53
750 57
751 56
752 60
753 55
754 62
755 59
756 58
757 64
758 52
759 57
760 60
761 61
762 61
763 58
764 55
765 63
766 54
767 51
768 55
769 60
770 61
771 59
772 56
773 53
774 52
775 55
776 61
777 61
778 59
779 58
780 56
781 55
782 61
783 64
784 55
785 61
786 61
787 60
788 57
789 54
790 54
791 59
792 54
793 59
794 64
795 55
796 57
797 56
798 62
799 58
800 57
801 55
802 58
803 57
804 59
805 58
806 62
807 60
808 56
809 56
810 59
811 58
812 60
813 61
814 61
815 65
816 62
817 60
818 58
819 57
820 53
821 53
822 56
823 62
824 59
825 59
826 65
827 61
828 57
829 54
830 51
831 55
832 58
833 60
834 58
835 58
836 59
837 55
838 57
839 58
840 56
841 56
842 55
843 55
844 63
845 60
846 62
847 56
848 57
849 55
850 55
851 56
852 56
853 55
854 49
855 59
856 53
857 58
858 56
859 60
860 57
861 58
862 52
863 55
864 62
865 56
866 55
867 58
868 59
869 57
870 59
871 54
872 57
873 57
874 56
875 56
876 65
877 58
878 54
879 55
880 57
881 56
882 59
883 60
884 61
885 55
886 56
887 57
888 58
889 59
890 59
891 59
892 58
893 56
894 52
895 57
896 56
897 57
898 44
899 54
900 62
901 54
902 56
903 56
904 57
905 53
906 59
907 59
908 55
909 57
910 59
911 62
912 58
913 54
914 52
915 61
916 61
917 54
918 60
919 54
920 58
921 62
922 58
923 57
924 57
925 54
926 57
927 54
928 59
929 60
930 55
931 61
932 62
933 62
934 59
935 57
936 59
937 57
938 59
939 58
940 56
941 57
942 54
943 62
944 58
945 59
946 58
947 60
948 57
949 55
950 60
951 47
952 57
953 51
954 58
955 58
956 61
957 59
958 55
959 59
960 59
961 62
962 58
963 59
964 57
965 62
966 60
967 58
968 57
969 59
970 58
971 61
972 60
973 59
974 52
975 60
976 60
977 58
978 53
979 56
980 59
981 62
982 60
983 59
984 57
985 57
986 60
987 61
988 54
989 58
990 60
991 61
992 55
993 53
994 53
995 58
996 53
997 58
998 61
999 58
1000 61
