0 45
1 35
2 35
3 31
4 28
5 34
6 32
7 29
8 34
9 30
10 30
11 32
12 31
13 33
14 28
15 32
16 31
17 30
18 30
19 32
20 32
21 33
22 31
23 35
24 33
25 36
26 31
27 37
28 36
29 33
30 34
31 35
32 28
33 34
34 35
35 32
36 34
37 33
38 29
39 32
40 33
41 32
42 35
43 32
44 35
45 30
46 32
47 30
48 32
49 30
50 33
51 30
52 34
53 32
54 31
55 32
56 33
57 30
58 30
59 32
60 34
61 33
62 32
63 32
64 33
65 34
66 36
67 35
68 32
69 33
70 32
71 34
72 31
73 30
74 33
75 31
76 31
77 34
78 34
79 28
80 31
81 31
82 32
83 31
84 36
85 33
86 33
87 31
88 33
89 29
90 32
91 29
92 33
93 33
94 29
95 32
96 32
97 32
98 35
99 34
100 31
101 34
102 34
103 32
104 33
105 31
106 30
107 36
108 30
109 30
110 33
111 34
112 37
113 35
114 29
115 28
116 27
117 30
118 30
119 29
120 29
121 33
122 33
123 33
124 29
125 35
126 29
127 30
128 34
129 33
130 29
131 29
132 31
133 33
134 35
135 27
136 33
137 29
138 30
139 25
140 26
141 36
142 35
143 35
144 29
145 36
146 31
147 32
148 30
149 29
150 30
151 28
152 31
153 31
154 33
155 26
156 34
157 35
158 30
159 29
160 28
161 36
162 34
163 33
164 33
165 32
166 29
167 30
168 31
169 35
170 36
171 27
172 27
173 34
174 31
175 30
176 31
177 32
178 28
179 27
180 32
181 28
182 35
183 33
184 29
185 38
186 33
187 30
188 32
189 35
190 32
191 35
192 34
193 36
194 35
195 26
196 33
197 34
198 32
199 28
200 31
201 26
202 34
203 29
204 30
205 31
206 31
207 31
208 29
209 32
210 30
211 29
212 33
213 31
214 36
215 30
216 34
217 36
218 31
219 32
220 31
221 29
222 32
223 31
224 30
225 27
226 32
227 33
228 28
229 35
230 34
231 30
232 37
233 35
234 36
235 33
236 32
237 31
238 33
239 30
240 33
241 33
242 32
243 31
244 30
245 27
246 33
247 34
248 30
249 29
250 32
251 30
252 30
253 28
254 29
255 32
256 32
257 29
258 35
259 29
260 28
261 30
262 33
263 31
264 34
265 36
266 28
267 33
268 35
269 30
270 32
271 31
272 30
273 32
274 33
275 34
276 31
277 30
278 31
279 33
280 32
281 35
282 35
283 32
284 36
285 35
286 33
287 29
288 28
289 30
290 32
291 31
292 30
293 29
294 33
295 29
296 32
297 33
298 37
299 34
300 36
301 35
302 38
303 29
304 32
305 30
306 27
307 28
308 29
309 32
310 32
311 31
312 29
313 31
314 36
315 34
316 34
317 32
318 31
319 34
320 36
321 30
322 27
323 27
324 31
325 35
326 33
327 32
328 31
329 31
330 31
331 30
332 27
333 31
334 28
335 30
336 29
337 33
338 37
339 37
340 30
341 35
342 34
343 35
344 34
345 32
346 38
347 31
348 35
349 33
350 36
351 35
352 32
353 34
354 29
355 31
356 30
357 30
358 34
359 31
360 32
361 29
362 34
363 31
364 33
365 35
366 28
367 32
368 31
369 33
370 34
371 32
372 30
373 33
374 34
375 39
376 34
377 37
378 33
379 29
380 24
381 29
382 32
383 33
384 33
385 31
386 34
387 29
388 27
389 34
390 33
391 32
392 33
393 33
394 28
395 31
396 29
397 35
398 32
399 32
400 33
401 29
402 34
403 33
404 30
405 32
406 31
407 30
408 30
409 32
410 34
411 30
412 31
413 35
414 32
415 25
416 30
417 33
418 35
419 36
420 35
421 33
422 32
423 32
424 34
425 30
426 28
427 31
428 36
429 34
430 35
431 34
432 31
433 28
434 30
435 33
436 32
437 35
438 37
439 37
440 33
441 35
442 26
443 28
444 31
445 29
446 30
447 30
448 32
449 28
450 32
451 34
452 31
453 29
454 30
455 34
456 33
457 30
458 31
459 33
460 29
461 33
462 32
463 29
464 37
465 32
466 31
467 34
468 32
469 35
470 37
471 29
472 33
473 28
474 32
475 32
476 34
477 33
478 34
479 32
480 31
481 32
482 34
483 32
484 31
485 31
486 35
487 33
488 30
489 32
490 33
491 33
492 31
493 26
494 36
495 34
496 28
497 34
498 33
499 32
500 29
501 31
502 35
503 32
504 32
505 33
506 33
507 30
508 32
509 30
510 34
511 29
512 29
513 28
514 31
515 32
516 32
517 35
518 29
519 30
520 28
521 37
522 35
523 33
524 32
525 36
526 31
527 31
528 33
529 32
530 27
531 31
532 36
533 33
534 35
535 37
536 32
537 32
538 34
539 31
540 34
541 30
542 32
543 35
544 36
545 25
546 32
547 31
548 32
549 32
550 33
551 31
552 31
553 31
554 30
555 30
556 32
557 33
558 34
559 35
560 31
561 32
562 29
563 34
564 33
565 32
566 29
567 35
568 32
569 31
570 31
571 34
572 27
573 30
574 27
575 30
576 33
577 32
578 37
579 31
580 33
581 36
582 35
583 36
584 34
585 28
586 31
587 29
588 33
589 38
590 35
591 32
592 31
593 28
594 33
595 33
596 32
597 37
598 29
599 31
600 32
601 32
602 28
603 30
604 33
605 30
606 35
607 34
608 26
609 33
610 31
611 30
612 28
613 24
614 32
615 32
616 33
617 33
618 30
619 32
620 34
621 35
622 32
623 33
624 35
625 36
626 30
627 30
628 34
629 32
630 32
631 27
632 32
633 27
634 28
635 35
636 35
637 33
638 34
639 31
640 32
641 31
642 31
643 33
644 32
645 34
646 30
647 35
648 33
649 28
650 32
651 31
652 33
653 33
654 32
655 29
656 33
657 31
658 31
659 30
660 32
661 31
662 33
663 33
664 33
665 37
666 33
667 32
668 36
669 33
670 33
671 34
672 34
673 35
674 32
675 34
676 30
677 36
678 32
679 33
680 30
681 31
682 34
683 32
684 34
685 31
686 34
687 32
688 34
689 33
690 29
691 32
692 35
693 37
694 30
695 31
696 31
697 28
698 31
699 28
700 33
701 30
702 31
703 31
704 32
705 33
706 34
707 35
708 30
709 31
710 29
711 32
712 30
713 31
714 28
715 27
716 29
717 33
718 31
719 30
720 33
721 35
722 30
723 33
724 32
725 31
726 30
727 33
728 33
729 31
730 33
731 30
732 28
733 32
734 29
735 30
736 30
737 29
738 33
739 29
740 34
741 35
742 36
743 36
744 32
745 33
746 32
747 33
748 32
749 33
750 33
751 34
752 36
753 27
754 32
755 33
756 34
757 25
758 28
759 32
760 31
761 33
762 32
763 31
764 35
765 34
766 38
767 37
768 28
769 32
770 32
771 31
772 36
773 31
774 31
775 28
776 27
777 31
778 29
779 32
780 28
781 37
782 35
783 35
784 32
785 31
786 29
787 35
788 33
789 35
790 33
791 31
792 33
793 34
794 34
795 32
796 30
797 33
798 34
799 32
800 33
801 33
802 32
803 33
804 32
805 31
806 34
807 30
808 32
809 31
810 34
811 29
812 34
813 33
814 30
815 33
816 33
817 30
818 33
819 33
820 32
821 33
822 30
823 31
824 26
825 29
826 32
827 33
828 30
829 28
830 31
831 35
832 36
833 34
834 35
835 34
836 35
837 31
838 29
839 36
840 33
841 30
842 30
843 28
844 30
845 33
846 32
847 33
848 35
849 31
850 29
851 30
852 32
853 35
854 28
855 35
856 32
857 33
858 29
859 33
860 37
861 33
862 31
863 37
864 32
865 33
866 28
867 34
868 25
869 32
870 30
871 32
872 36
873 33
874 27
875 25
876 30
877 33
878 36
879 32
880 29
881 35
882 33
883 30
884 28
885 28
886 30
887 24
888 26
889 33
890 30
891 33
892 35
893 34
894 32
895 31
896 31
897 31
898 34
899 31
900 32
901 33
902 34
903 35
904 33
905 32
906 34
907 30
908 30
909 30
910 34
911 30
912 32
913 32
914 32
915 34
916 35
917 31
918 31
919 34
920 32
921 35
922 29
923 32
924 35
925 31
926 30
927 29
928 31
929 34
930 34
931 31
932 28
933 26
934 32
935 36
936 27
937 33
938 34
939 31
940 33
941 30
942 31
943 32
944 35
945 33
946 33
947 34
948 33
949 32
950 33
951 30
952 33
953 35
954 32
955 27
956 34
957 29
958 32
959 28
960 33
961 32
962 32
963 33
964 37
965 31
966 31
967 30
968 30
969 30
970 29
971 29
972 31
973 34
974 36
975 32
976 33
977 29
978 37
979 34
980 33
981 31
982 33
983 36
984 33
985 33
986 34
987 30
988 31
989 28
990 29
991 33
992 35
993 29
994 31
995 33
996 32
997 30
998 34
999 33
1000 33
