0 80
1 79
2 77
3 76
4 75
5 75
6 74
7 71
8 71
9 71
10 70
11 69
12 68
13 68
14 67
15 66
16 64
17 63
18 62
19 60
20 60
21 59
22 59
23 60
24 60
25 59
26 59
27 59
28 59
29 59
30 58
31 58
32 58
33 57
34 57
35 56
36 57
37 56
38 55
39 55
40 54
41 53
42 52
43 51
44 50
45 50
46 50
47 49
48 49
49 50
50 50
51 49
52 48
53 49
54 50
55 51
56 51
57 51
58 52
59 50
60 49
61 49
62 49
63 50
64 49
65 48
66 46
67 46
68 48
69 48
70 48
71 48
72 48
73 49
74 48
75 47
76 47
77 47
78 47
79 48
80 48
81 48
82 48
83 47
84 45
85 43
86 42
87 42
88 41
89 42
90 42
91 42
92 41
93 43
94 44
95 44
96 43
97 42
98 42
99 43
100 43
101 41
102 40
103 41
104 41
105 40
106 41
107 42
108 43
109 44
110 44
111 44
112 44
113 45
114 44
115 43
116 43
117 44
118 45
119 45
120 45
121 45
122 45
123 45
124 46
125 46
126 47
127 45
128 45
129 45
130 46
131 44
132 44
133 43
134 43
135 45
136 44
137 43
138 43
139 43
140 42
141 42
142 42
143 42
144 43
145 45
146 46
147 47
148 47
149 47
150 47
151 47
152 46
153 46
154 47
155 47
156 47
157 47
158 47
159 48
160 49
161 48
162 50
163 50
164 49
165 49
166 48
167 48
168 48
169 46
170 46
171 47
172 47
173 47
174 47
175 47
176 47
177 46
178 47
179 46
180 45
181 44
182 44
183 44
184 46
185 43
186 43
187 42
188 43
189 44
190 45
191 43
192 45
193 45
194 45
195 45
196 45
197 45
198 46
199 45
200 46
201 46
202 46
203 46
204 45
205 45
206 46
207 47
208 48
209 48
210 49
211 48
212 48
213 48
214 48
215 48
216 48
217 48
218 48
219 47
220 45
221 43
222 43
223 43
224 44
225 43
226 44
227 45
228 43
229 42
230 42
231 42
232 41
233 41
234 41
235 42
236 42
237 42
238 43
239 43
240 42
241 42
242 41
243 42
244 44
245 45
246 46
247 46
248 45
249 45
250 46
251 46
252 45
253 46
254 47
255 48
256 47
257 47
258 48
259 47
260 47
261 45
262 44
263 43
264 43
265 41
266 41
267 41
268 41
269 40
270 40
271 41
272 40
273 39
274 39
275 39
276 39
277 39
278 40
279 40
280 39
281 40
282 40
283 41
284 42
285 43
286 44
287 43
288 43
289 42
290 43
291 43
292 43
293 44
294 42
295 42
296 41
297 40
298 40
299 41
300 41
301 39
302 39
303 39
304 39
305 41
306 39
307 40
308 40
309 38
310 37
311 37
312 37
313 36
314 37
315 37
316 37
317 37
318 36
319 36
320 36
321 37
322 37
323 36
324 34
325 35
326 34
327 34
328 34
329 35
330 35
331 36
332 37
333 38
334 40
335 40
336 41
337 40
338 39
339 39
340 40
341 41
342 45
343 45
344 43
345 45
346 46
347 47
348 46
349 48
350 47
351 45
352 45
353 44
354 43
355 44
356 44
357 47
358 47
359 47
360 47
361 46
362 45
363 44
364 43
365 43
366 41
367 41
368 41
369 41
370 41
371 40
372 40
373 41
374 42
375 41
376 41
377 41
378 41
379 43
380 42
381 42
382 42
383 41
384 41
385 41
386 40
387 40
388 40
389 40
390 41
391 43
392 42
393 41
394 43
395 45
396 45
397 45
398 46
399 47
400 47
401 45
402 46
403 45
404 46
405 45
406 45
407 46
408 47
409 45
410 44
411 44
412 42
413 42
414 42
415 43
416 43
417 43
418 44
419 43
420 43
421 42
422 41
423 40
424 40
425 40
426 39
427 38
428 38
429 38
430 39
431 39
432 39
433 40
434 40
435 39
436 39
437 39
438 41
439 41
440 39
441 40
442 40
443 41
444 41
445 41
446 40
447 41
448 38
449 38
450 38
451 38
452 38
453 38
454 37
455 36
456 37
457 37
458 36
459 37
460 37
461 37
462 37
463 38
464 37
465 39
466 40
467 41
468 40
469 41
470 41
471 40
472 39
473 39
474 40
475 40
476 41
477 43
478 42
479 42
480 41
481 41
482 42
483 42
484 41
485 41
486 41
487 40
488 40
489 40
490 40
491 41
492 41
493 39
494 40
495 40
496 40
497 39
498 38
499 40
500 41
501 41
502 43
503 42
504 40
505 40
506 41
507 42
508 41
509 40
510 41
511 40
512 40
513 39
514 38
515 39
516 38
517 38
518 39
519 40
520 41
521 41
522 41
523 40
524 41
525 41
526 38
527 37
528 37
529 36
530 35
531 36
532 37
533 37
534 37
535 37
536 36
537 36
538 38
539 38
540 38
541 38
542 38
543 38
544 38
545 36
546 37
547 37
548 37
549 37
550 37
551 36
552 37
553 38
554 39
555 39
556 39
557 40
558 39
559 40
560 38
561 39
562 40
563 40
564 39
565 40
566 41
567 42
568 43
569 44
570 45
571 44
572 44
573 42
574 41
575 41
576 42
577 42
578 43
579 43
580 43
581 44
582 44
583 43
584 43
585 44
586 44
587 43
588 43
589 43
590 43
591 43
592 43
593 42
594 43
595 43
596 43
597 41
598 41
599 43
600 43
601 43
602 43
603 41
604 41
605 41
606 41
607 41
608 41
609 42
610 44
611 44
612 45
613 45
614 46
615 47
616 46
617 46
618 45
619 43
620 44
621 44
622 46
623 46
624 48
625 47
626 48
627 48
628 48
629 48
630 47
631 46
632 47
633 48
634 49
635 50
636 50
637 50
638 49
639 47
640 47
641 48
642 47
643 45
644 44
645 45
646 45
647 45
648 44
649 45
650 47
651 45
652 47
653 45
654 44
655 44
656 44
657 44
658 45
659 44
660 45
661 45
662 46
663 45
664 44
665 45
666 45
667 44
668 44
669 45
670 45
671 46
672 46
673 43
674 43
675 43
676 43
677 44
678 43
679 43
680 44
681 44
682 44
683 44
684 42
685 43
686 42
687 42
688 43
689 43
690 43
691 43
692 43
693 43
694 43
695 43
696 42
697 42
698 43
699 43
700 43
701 45
702 46
703 46
704 47
705 47
706 46
707 46
708 47
709 46
710 46
711 46
712 44
713 45
714 44
715 45
716 46
717 47
718 48
719 48
720 50
721 49
722 49
723 48
724 48
725 48
726 47
727 45
728 45
729 46
730 46
731 46
732 48
733 48
734 46
735 46
736 45
737 45
738 46
739 46
740 46
741 46
742 48
743 47
744 47
745 46
746 46
747 46
748 45
749 45
750 44
751 42
752 41
753 41
754 42
755 42
756 43
757 43
758 43
759 41
760 41
761 41
762 42
763 41
764 41
765 41
766 42
767 41
768 41
769 41
770 41
771 40
772 40
773 40
774 41
775 40
776 40
777 42
778 43
779 41
780 40
781 40
782 39
783 40
784 39
785 39
786 39
787 40
788 39
789 38
790 38
791 38
792 37
793 38
794 38
795 38
796 38
797 39
798 39
799 40
800 40
801 39
802 40
803 40
804 41
805 42
806 42
807 42
808 42
809 42
810 43
811 44
812 43
813 42
814 42
815 42
816 43
817 44
818 45
819 44
820 45
821 44
822 44
823 44
824 44
825 46
826 44
827 45
828 43
829 43
830 42
831 42
832 42
833 42
834 42
835 42
836 43
837 42
838 43
839 43
840 43
841 43
842 43
843 43
844 44
845 46
846 46
847 46
848 46
849 46
850 46
851 46
852 46
853 46
854 46
855 45
856 45
857 46
858 45
859 44
860 43
861 44
862 44
863 45
864 45
865 44
866 44
867 44
868 45
869 45
870 44
871 45
872 45
873 46
874 44
875 44
876 44
877 44
878 46
879 46
880 45
881 45
882 45
883 44
884 43
885 43
886 43
887 43
888 42
889 42
890 42
891 41
892 41
893 40
894 41
895 41
896 42
897 44
898 44
899 43
900 43
901 42
902 42
903 43
904 43
905 42
906 42
907 41
908 42
909 40
910 40
911 39
912 39
913 40
914 39
915 39
916 38
917 38
918 39
919 40
920 42
921 43
922 43
923 43
924 43
925 42
926 42
927 42
928 43
929 44
930 44
931 42
932 42
933 42
934 40
935 39
936 40
937 40
938 40
939 38
940 40
941 41
942 41
943 41
944 41
945 41
946 41
947 40
948 41
949 42
950 41
951 38
952 39
953 40
954 40
955 41
956 39
957 40
958 40
959 40
960 40
961 40
962 42
963 43
964 41
965 42
966 42
967 42
968 42
969 43
970 42
971 42
972 42
973 43
974 43
975 41
976 41
977 41
978 41
979 42
980 42
981 42
982 42
983 44
984 44
985 47
986 48
987 48
988 48
989 47
990 47
991 47
992 47
993 46
994 45
995 46
996 42
997 42
998 44
999 45
1000 45
