0 45
1 43
2 41
3 38
4 37
5 37
6 36
7 35
8 34
9 33
10 32
11 31
12 31
13 30
14 30
15 30
16 30
17 30
18 30
19 30
20 28
21 27
22 27
23 27
24 26
25 25
26 24
27 24
28 24
29 24
30 24
31 23
32 22
33 21
34 21
35 22
36 22
37 21
38 21
39 19
40 19
41 20
42 19
43 19
44 19
45 19
46 19
47 19
48 19
49 18
50 18
51 18
52 19
53 18
54 18
55 17
56 18
57 18
58 18
59 18
60 18
61 18
62 18
63 17
64 16
65 15
66 14
67 14
68 13
69 12
70 12
71 14
72 14
73 14
74 13
75 13
76 13
77 13
78 14
79 14
80 14
81 15
82 16
83 16
84 15
85 16
86 15
87 15
88 15
89 16
90 15
91 15
92 16
93 15
94 15
95 15
96 15
97 15
98 15
99 15
100 14
101 14
102 14
103 14
104 13
105 12
106 12
107 12
108 11
109 10
110 11
111 12
112 12
113 11
114 11
115 11
116 11
117 11
118 11
119 11
120 11
121 11
122 11
123 11
124 11
125 11
126 11
127 10
128 10
129 10
130 11
131 11
132 11
133 11
134 11
135 10
136 10
137 10
138 10
139 10
140 10
141 10
142 8
143 8
144 8
145 7
146 6
147 6
148 6
149 6
150 7
151 7
152 7
153 8
154 8
155 8
156 8
157 8
158 8
159 8
160 8
161 8
162 9
163 10
164 10
165 10
166 10
167 10
168 10
169 10
170 11
171 11
172 12
173 13
174 14
175 15
176 15
177 15
178 15
179 16
180 16
181 16
182 16
183 17
184 16
185 16
186 16
187 16
188 15
189 15
190 13
191 13
192 13
193 13
194 13
195 13
196 13
197 13
198 12
199 12
200 13
201 14
202 13
203 14
204 14
205 14
206 13
207 13
208 13
209 13
210 12
211 11
212 11
213 11
214 11
215 10
216 10
217 10
218 11
219 11
220 11
221 11
222 11
223 11
224 11
225 11
226 11
227 10
228 10
229 10
230 10
231 11
232 11
233 12
234 12
235 12
236 12
237 12
238 12
239 12
240 12
241 12
242 12
243 12
244 12
245 12
246 13
247 12
248 12
249 12
250 12
251 12
252 12
253 12
254 12
255 12
256 12
257 12
258 12
259 12
260 13
261 13
262 12
263 12
264 12
265 13
266 13
267 12
268 12
269 12
270 11
271 11
272 11
273 11
274 11
275 12
276 12
277 12
278 11
279 10
280 10
281 11
282 11
283 11
284 11
285 11
286 11
287 10
288 10
289 10
290 10
291 9
292 9
293 8
294 8
295 8
296 8
297 7
298 7
299 7
300 7
301 7
302 7
303 8
304 10
305 9
306 9
307 10
308 10
309 10
310 11
311 12
312 13
313 13
314 13
315 13
316 13
317 12
318 13
319 13
320 13
321 14
322 14
323 14
324 15
325 15
326 15
327 15
328 15
329 15
330 15
331 16
332 16
333 15
334 14
335 13
336 13
337 12
338 12
339 13
340 13
341 12
342 12
343 12
344 12
345 11
346 11
347 10
348 9
349 9
350 10
351 10
352 10
353 9
354 9
355 10
356 10
357 10
358 10
359 10
360 10
361 11
362 11
363 10
364 9
365 9
366 9
367 9
368 9
369 9
370 8
371 8
372 9
373 8
374 9
375 9
376 10
377 11
378 10
379 9
380 9
381 8
382 8
383 8
384 9
385 9
386 9
387 9
388 9
389 10
390 10
391 10
392 10
393 10
394 10
395 9
396 9
397 8
398 8
399 9
400 9
401 9
402 9
403 9
404 9
405 9
406 9
407 8
408 8
409 8
410 8
411 8
412 8
413 8
414 8
415 8
416 7
417 7
418 7
419 7
420 7
421 7
422 7
423 7
424 6
425 6
426 5
427 5
428 4
429 4
430 4
431 4
432 4
433 5
434 6
435 7
436 7
437 7
438 7
439 8
440 8
441 8
442 9
443 9
444 10
445 10
446 10
447 10
448 10
449 10
450 10
451 10
452 10
453 9
454 9
455 10
456 10
457 10
458 10
459 10
460 10
461 10
462 10
463 11
464 11
465 11
466 11
467 11
468 12
469 12
470 12
471 11
472 10
473 10
474 9
475 9
476 9
477 10
478 10
479 10
480 10
481 10
482 11
483 11
484 11
485 12
486 11
487 11
488 10
489 10
490 10
491 10
492 10
493 10
494 10
495 11
496 11
497 11
498 11
499 11
500 11
501 11
502 11
503 11
504 11
505 11
506 11
507 11
508 11
509 11
510 10
511 10
512 10
513 11
514 11
515 10
516 10
517 9
518 9
519 9
520 9
521 9
522 8
523 8
524 8
525 8
526 8
527 8
528 8
529 8
530 7
531 8
532 8
533 8
534 8
535 8
536 8
537 9
538 9
539 8
540 8
541 9
542 9
543 9
544 9
545 10
546 10
547 9
548 9
549 9
550 9
551 8
552 8
553 7
554 7
555 7
556 7
557 7
558 7
559 7
560 8
561 8
562 9
563 9
564 8
565 8
566 8
567 9
568 8
569 8
570 8
571 8
572 7
573 7
574 7
575 8
576 8
577 8
578 7
579 6
580 6
581 6
582 6
583 6
584 6
585 6
586 6
587 7
588 7
589 7
590 8
591 8
592 8
593 8
594 8
595 9
596 9
597 8
598 9
599 9
600 9
601 10
602 10
603 10
604 10
605 10
606 10
607 10
608 10
609 11
610 10
611 10
612 10
613 9
614 8
615 8
616 8
617 7
618 7
619 8
620 8
621 8
622 8
623 8
624 9
625 9
626 9
627 9
628 9
629 9
630 9
631 9
632 9
633 9
634 9
635 9
636 9
637 9
638 9
639 9
640 9
641 9
642 9
643 9
644 9
645 9
646 10
647 10
648 10
649 10
650 10
651 10
652 10
653 10
654 10
655 10
656 10
657 10
658 10
659 10
660 10
661 10
662 10
663 10
664 9
665 8
666 8
667 8
668 9
669 9
670 9
671 9
672 10
673 10
674 10
675 11
676 11
677 11
678 11
679 11
680 10
681 9
682 9
683 8
684 9
685 9
686 9
687 9
688 9
689 10
690 9
691 9
692 9
693 9
694 9
695 9
696 9
697 8
698 8
699 9
700 9
701 10
702 10
703 10
704 10
705 9
706 9
707 9
708 9
709 9
710 8
711 8
712 8
713 8
714 8
715 9
716 9
717 10
718 10
719 10
720 10
721 10
722 10
723 10
724 10
725 10
726 10
727 9
728 9
729 9
730 10
731 10
732 11
733 11
734 11
735 11
736 11
737 12
738 12
739 12
740 12
741 12
742 12
743 12
744 12
745 11
746 11
747 11
748 12
749 12
750 13
751 13
752 13
753 13
754 12
755 12
756 12
757 13
758 12
759 12
760 12
761 11
762 11
763 11
764 11
765 11
766 11
767 11
768 11
769 10
770 10
771 10
772 10
773 10
774 11
775 12
776 12
777 12
778 11
779 11
780 13
781 13
782 13
783 13
784 13
785 13
786 13
787 12
788 12
789 12
790 12
791 12
792 11
793 10
794 10
795 10
796 10
797 10
798 10
799 9
800 9
801 9
802 9
803 9
804 9
805 9
806 9
807 9
808 9
809 9
810 10
811 10
812 10
813 10
814 10
815 11
816 11
817 11
818 11
819 10
820 11
821 11
822 11
823 11
824 11
825 12
826 12
827 12
828 12
829 12
830 12
831 12
832 12
833 12
834 13
835 13
836 13
837 13
838 13
839 14
840 14
841 14
842 13
843 12
844 12
845 12
846 12
847 12
848 13
849 12
850 12
851 12
852 11
853 10
854 10
855 10
856 9
857 9
858 9
859 9
860 9
861 9
862 9
863 9
864 9
865 9
866 10
867 10
868 10
869 10
870 10
871 10
872 11
873 12
874 12
875 11
876 12
877 12
878 12
879 12
880 13
881 12
882 12
883 13
884 13
885 13
886 12
887 12
888 12
889 11
890 11
891 11
892 10
893 10
894 11
895 11
896 13
897 13
898 12
899 12
900 12
901 12
902 12
903 12
904 12
905 12
906 11
907 11
908 11
909 11
910 9
911 10
912 10
913 10
914 9
915 9
916 10
917 10
918 9
919 9
920 9
921 10
922 11
923 11
924 11
925 12
926 12
927 12
928 12
929 11
930 11
931 11
932 12
933 12
934 12
935 12
936 12
937 11
938 10
939 10
940 11
941 11
942 11
943 11
944 11
945 10
946 10
947 9
948 9
949 9
950 10
951 10
952 10
953 11
954 11
955 11
956 11
957 11
958 11
959 12
960 13
961 13
962 12
963 12
964 11
965 11
966 11
967 11
968 10
969 10
970 10
971 10
972 10
973 11
974 11
975 11
976 11
977 11
978 10
979 10
980 10
981 10
982 10
983 9
984 9
985 9
986 9
987 9
988 10
989 10
990 11
991 11
992 12
993 12
994 13
995 13
996 13
997 13
998 13
999 13
1000 13
