0 40
1 38
2 36
3 34
4 31
5 31
6 29
7 26
8 25
9 25
10 23
11 21
12 21
13 19
14 20
15 18
16 18
17 18
18 19
19 19
20 18
21 17
22 18
23 18
24 18
25 16
26 17
27 15
28 15
29 16
30 15
31 15
32 16
33 18
34 18
35 17
36 19
37 19
38 19
39 19
40 21
41 19
42 20
43 19
44 20
45 20
46 20
47 20
48 19
49 19
50 20
51 19
52 17
53 15
54 14
55 15
56 15
57 16
58 15
59 16
60 17
61 16
62 16
63 15
64 16
65 17
66 17
67 17
68 18
69 18
70 18
71 19
72 20
73 19
74 19
75 18
76 17
77 16
78 16
79 17
80 17
81 15
82 14
83 14
84 15
85 15
86 16
87 16
88 17
89 17
90 17
91 18
92 17
93 17
94 17
95 17
96 17
97 18
98 19
99 18
100 19
101 19
102 19
103 18
104 17
105 18
106 17
107 16
108 15
109 15
110 17
111 16
112 17
113 15
114 16
115 16
116 16
117 16
118 17
119 18
120 18
121 17
122 17
123 18
124 18
125 16
126 14
127 14
128 15
129 13
130 14
131 12
132 13
133 11
134 13
135 14
136 14
137 15
138 14
139 14
140 14
141 14
142 13
143 13
144 13
145 14
146 15
147 15
148 16
149 16
150 16
151 14
152 14
153 14
154 16
155 18
156 18
157 18
158 19
159 19
160 18
161 17
162 19
163 18
164 16
165 15
166 14
167 14
168 15
169 15
170 18
171 18
172 18
173 18
174 17
175 17
176 19
177 17
178 17
179 17
180 17
181 17
182 14
183 14
184 15
185 14
186 13
187 12
188 13
189 14
190 13
191 12
192 14
193 16
194 12
195 12
196 15
197 16
198 15
199 13
200 13
201 13
202 14
203 15
204 14
205 14
206 13
207 13
208 13
209 13
210 14
211 13
212 13
213 14
214 15
215 14
216 14
217 14
218 15
219 16
220 16
221 17
222 18
223 19
224 19
225 20
226 21
227 20
228 21
229 22
230 22
231 22
232 21
233 21
234 19
235 18
236 17
237 16
238 18
239 17
240 16
241 15
242 14
243 13
244 12
245 13
246 14
247 17
248 17
249 16
250 15
251 13
252 13
253 15
254 15
255 16
256 16
257 15
258 14
259 15
260 16
261 14
262 13
263 14
264 14
265 14
266 12
267 14
268 16
269 15
270 16
271 15
272 14
273 15
274 13
275 13
276 12
277 11
278 13
279 13
280 13
281 11
282 13
283 14
284 14
285 17
286 16
287 19
288 20
289 20
290 20
291 20
292 19
293 18
294 18
295 18
296 18
297 17
298 15
299 15
300 16
301 16
302 16
303 16
304 16
305 17
306 16
307 14
308 15
309 17
310 18
311 17
312 16
313 15
314 16
315 16
316 16
317 16
318 16
319 14
320 13
321 14
322 16
323 15
324 16
325 16
326 17
327 17
328 15
329 15
330 15
331 14
332 14
333 14
334 14
335 15
336 15
337 15
338 17
339 18
340 17
341 17
342 16
343 15
344 16
345 17
346 16
347 16
348 16
349 15
350 14
351 14
352 15
353 14
354 16
355 17
356 17
357 18
358 18
359 19
360 20
361 19
362 18
363 16
364 15
365 17
366 17
367 17
368 17
369 18
370 19
371 18
372 19
373 18
374 18
375 17
376 15
377 14
378 14
379 14
380 15
381 16
382 16
383 16
384 17
385 19
386 20
387 21
388 18
389 18
390 17
391 16
392 16
393 17
394 19
395 18
396 19
397 19
398 20
399 19
400 18
401 18
402 18
403 18
404 18
405 17
406 16
407 18
408 18
409 16
410 15
411 15
412 16
413 15
414 17
415 16
416 17
417 16
418 15
419 14
420 14
421 16
422 14
423 14
424 16
425 17
426 17
427 17
428 15
429 16
430 16
431 15
432 16
433 16
434 17
435 16
436 14
437 15
438 15
439 14
440 14
441 15
442 16
443 15
444 16
445 14
446 15
447 14
448 16
449 18
450 16
451 16
452 16
453 16
454 17
455 18
456 17
457 17
458 16
459 18
460 17
461 20
462 19
463 19
464 19
465 20
466 20
467 20
468 20
469 19
470 18
471 19
472 18
473 19
474 18
475 19
476 19
477 17
478 17
479 18
480 18
481 18
482 17
483 17
484 17
485 17
486 18
487 18
488 18
489 18
490 17
491 18
492 16
493 16
494 17
495 16
496 17
497 17
498 16
499 19
500 18
501 17
502 19
503 18
504 17
505 18
506 19
507 19
508 19
509 20
510 19
511 20
512 20
513 20
514 20
515 19
516 19
517 19
518 18
519 17
520 18
521 18
522 16
523 14
524 13
525 16
526 15
527 16
528 17
529 16
530 15
531 16
532 16
533 15
534 16
535 15
536 15
537 15
538 16
539 16
540 15
541 16
542 16
543 15
544 15
545 15
546 16
547 16
548 17
549 18
550 20
551 19
552 19
553 19
554 17
555 19
556 19
557 17
558 15
559 16
560 17
561 16
562 16
563 16
564 15
565 12
566 14
567 15
568 16
569 15
570 15
571 15
572 16
573 17
574 20
575 20
576 20
577 20
578 19
579 18
580 17
581 17
582 17
583 18
584 19
585 18
586 18
587 17
588 16
589 16
590 15
591 15
592 15
593 15
594 15
595 14
596 14
597 16
598 16
599 16
600 17
601 15
602 15
603 14
604 16
605 15
606 15
607 16
608 17
609 17
610 18
611 16
612 14
613 14
614 15
615 15
616 17
617 18
618 17
619 18
620 17
621 17
622 18
623 18
624 18
625 20
626 19
627 18
628 17
629 18
630 16
631 16
632 15
633 15
634 15
635 17
636 15
637 15
638 14
639 14
640 14
641 14
642 13
643 12
644 14
645 14
646 15
647 16
648 16
649 16
650 15
651 14
652 13
653 14
654 15
655 14
656 14
657 15
658 16
659 18
660 17
661 19
662 20
663 20
664 19
665 18
666 17
667 16
668 17
669 18
670 16
671 17
672 18
673 18
674 16
675 16
676 15
677 15
678 12
679 13
680 14
681 14
682 14
683 16
684 18
685 18
686 17
687 19
688 18
689 17
690 16
691 15
692 14
693 14
694 16
695 14
696 15
697 17
698 17
699 18
700 18
701 19
702 19
703 20
704 19
705 19
706 20
707 20
708 22
709 23
710 23
711 22
712 21
713 20
714 21
715 21
716 20
717 18
718 19
719 19
720 19
721 19
722 19
723 19
724 19
725 17
726 19
727 19
728 18
729 17
730 18
731 18
732 18
733 18
734 19
735 19
736 18
737 18
738 17
739 17
740 18
741 18
742 17
743 17
744 16
745 16
746 16
747 14
748 15
749 17
750 17
751 16
752 15
753 16
754 15
755 17
756 19
757 19
758 21
759 21
760 22
761 20
762 20
763 19
764 18
765 17
766 18
767 17
768 19
769 20
770 20
771 18
772 19
773 19
774 19
775 19
776 17
777 17
778 17
779 18
780 17
781 17
782 17
783 15
784 14
785 15
786 15
787 16
788 17
789 16
790 17
791 19
792 19
793 22
794 22
795 19
796 19
797 18
798 17
799 17
800 16
801 17
802 16
803 15
804 13
805 13
806 14
807 16
808 16
809 17
810 16
811 17
812 15
813 15
814 14
815 15
816 16
817 16
818 15
819 15
820 15
821 15
822 16
823 17
824 17
825 16
826 16
827 15
828 16
829 17
830 18
831 18
832 18
833 18
834 19
835 19
836 20
837 20
838 19
839 19
840 19
841 20
842 21
843 19
844 19
845 19
846 19
847 18
848 19
849 19
850 19
851 19
852 18
853 19
854 18
855 18
856 18
857 19
858 20
859 21
860 20
861 18
862 17
863 19
864 21
865 21
866 21
867 20
868 18
869 15
870 14
871 16
872 16
873 17
874 16
875 14
876 13
877 15
878 16
879 17
880 18
881 20
882 20
883 20
884 20
885 20
886 18
887 17
888 16
889 17
890 17
891 17
892 17
893 19
894 18
895 17
896 18
897 17
898 15
899 15
900 17
901 16
902 15
903 15
904 16
905 17
906 16
907 17
908 17
909 17
910 17
911 17
912 17
913 17
914 19
915 20
916 21
917 21
918 20
919 18
920 18
921 18
922 17
923 17
924 18
925 16
926 15
927 16
928 16
929 18
930 18
931 19
932 18
933 18
934 17
935 17
936 17
937 17
938 16
939 16
940 17
941 17
942 17
943 16
944 16
945 15
946 15
947 15
948 16
949 16
950 16
951 15
952 15
953 13
954 12
955 12
956 12
957 10
958 11
959 9
960 11
961 13
962 14
963 14
964 15
965 14
966 13
967 13
968 13
969 12
970 13
971 13
972 13
973 14
974 12
975 13
976 14
977 14
978 14
979 14
980 15
981 13
982 14
983 12
984 14
985 14
986 14
987 14
988 16
989 16
990 17
991 16
992 15
993 15
994 16
995 17
996 19
997 19
998 19
999 20
1000 20
