0 90
1 88
2 85
3 84
4 82
5 82
6 81
7 79
8 77
9 76
10 75
11 73
12 69
13 68
14 66
15 66
16 64
17 63
18 62
19 61
20 60
21 59
22 57
23 56
24 56
25 56
26 55
27 54
28 53
29 51
30 49
31 48
32 47
33 47
34 46
35 45
36 45
37 43
38 41
39 41
40 41
41 41
42 39
43 38
44 38
45 38
46 38
47 37
48 37
49 35
50 35
51 35
52 35
53 36
54 34
55 34
56 34
57 33
58 33
59 33
60 34
61 34
62 35
63 36
64 34
65 34
66 34
67 32
68 31
69 30
70 29
71 28
72 26
73 26
74 27
75 29
76 29
77 29
78 30
79 30
80 29
81 28
82 28
83 29
84 29
85 29
86 29
87 29
88 29
89 29
90 29
91 29
92 29
93 27
94 27
95 28
96 27
97 27
98 27
99 27
100 28
101 28
102 28
103 27
104 27
105 26
106 26
107 26
108 26
109 26
110 26
111 26
112 27
113 26
114 26
115 26
116 27
117 27
118 27
119 26
120 27
121 27
122 27
123 27
124 28
125 28
126 28
127 27
128 26
129 26
130 27
131 27
132 27
133 28
134 27
135 27
136 27
137 27
138 26
139 26
140 25
141 25
142 24
143 25
144 25
145 25
146 25
147 23
148 23
149 23
150 24
151 24
152 24
153 22
154 22
155 22
156 22
157 23
158 23
159 23
160 23
161 24
162 24
163 24
164 25
165 26
166 27
167 28
168 28
169 28
170 28
171 28
172 28
173 28
174 25
175 24
176 24
177 23
178 24
179 25
180 23
181 23
182 23
183 23
184 24
185 24
186 24
187 24
188 25
189 25
190 25
191 26
192 24
193 24
194 24
195 24
196 24
197 23
198 24
199 26
200 25
201 25
202 25
203 24
204 24
205 24
206 23
207 22
208 23
209 22
210 22
211 22
212 23
213 22
214 24
215 24
216 25
217 25
218 27
219 26
220 26
221 26
222 26
223 25
224 26
225 25
226 26
227 26
228 27
229 27
230 28
231 28
232 29
233 29
234 28
235 28
236 26
237 26
238 26
239 26
240 27
241 26
242 26
243 27
244 27
245 25
246 25
247 24
248 23
249 22
250 22
251 22
252 23
253 22
254 22
255 22
256 23
257 24
258 25
259 25
260 26
261 27
262 27
263 27
264 27
265 28
266 27
267 28
268 28
269 27
270 27
271 26
272 26
273 26
274 26
275 25
276 25
277 26
278 27
279 27
280 27
281 27
282 27
283 28
284 28
285 28
286 28
287 28
288 28
289 29
290 29
291 29
292 29
293 28
294 28
295 27
296 26
297 27
298 28
299 28
300 28
301 25
302 25
303 25
304 25
305 25
306 25
307 24
308 24
309 23
310 24
311 25
312 26
313 25
314 24
315 24
316 26
317 26
318 25
319 25
320 26
321 27
322 27
323 27
324 27
325 26
326 25
327 26
328 24
329 22
330 22
331 22
332 22
333 22
334 23
335 23
336 23
337 23
338 23
339 24
340 23
341 22
342 22
343 20
344 20
345 19
346 20
347 20
348 21
349 22
350 22
351 23
352 24
353 24
354 24
355 24
356 25
357 25
358 26
359 26
360 25
361 26
362 25
363 25
364 25
365 27
366 27
367 27
368 28
369 28
370 27
371 27
372 26
373 27
374 28
375 29
376 29
377 30
378 29
379 29
380 29
381 28
382 29
383 30
384 30
385 29
386 29
387 29
388 30
389 30
390 30
391 30
392 30
393 29
394 30
395 30
396 28
397 28
398 28
399 28
400 27
401 27
402 27
403 26
404 27
405 27
406 28
407 28
408 26
409 23
410 23
411 24
412 24
413 25
414 25
415 25
416 25
417 25
418 25
419 25
420 25
421 25
422 25
423 25
424 25
425 24
426 24
427 24
428 25
429 25
430 24
431 26
432 25
433 25
434 27
435 26
436 26
437 26
438 27
439 27
440 27
441 27
442 28
443 27
444 26
445 25
446 25
447 24
448 24
449 25
450 25
451 26
452 26
453 26
454 27
455 27
456 26
457 27
458 28
459 27
460 27
461 26
462 26
463 24
464 24
465 25
466 24
467 24
468 23
469 23
470 23
471 22
472 22
473 20
474 20
475 21
476 21
477 21
478 22
479 23
480 24
481 25
482 26
483 26
484 26
485 26
486 27
487 27
488 27
489 27
490 27
491 27
492 27
493 28
494 29
495 29
496 29
497 28
498 27
499 26
500 26
501 26
502 27
503 27
504 27
505 28
506 28
507 28
508 28
509 27
510 27
511 26
512 25
513 26
514 26
515 26
516 25
517 25
518 25
519 26
520 26
521 26
522 26
523 25
524 25
525 24
526 24
527 25
528 25
529 25
530 26
531 26
532 26
533 26
534 26
535 25
536 25
537 26
538 24
539 24
540 24
541 24
542 25
543 25
544 25
545 25
546 25
547 23
548 23
549 24
550 24
551 25
552 24
553 24
554 25
555 25
556 26
557 27
558 25
559 25
560 26
561 27
562 28
563 28
564 28
565 29
566 29
567 28
568 27
569 27
570 27
571 26
572 25
573 26
574 26
575 28
576 28
577 26
578 26
579 27
580 28
581 29
582 28
583 28
584 28
585 28
586 28
587 27
588 27
589 28
590 27
591 27
592 27
593 27
594 27
595 27
596 27
597 27
598 26
599 25
600 25
601 25
602 25
603 22
604 22
605 22
606 22
607 22
608 21
609 22
610 22
611 23
612 23
613 24
614 25
615 24
616 24
617 23
618 24
619 23
620 23
621 23
622 23
623 23
624 23
625 23
626 23
627 22
628 21
629 21
630 22
631 21
632 22
633 22
634 21
635 21
636 20
637 21
638 20
639 21
640 22
641 23
642 23
643 24
644 25
645 23
646 22
647 22
648 22
649 23
650 23
651 23
652 24
653 24
654 26
655 26
656 25
657 24
658 24
659 23
660 24
661 23
662 23
663 23
664 23
665 23
666 23
667 22
668 23
669 23
670 23
671 25
672 24
673 23
674 23
675 24
676 24
677 24
678 24
679 24
680 24
681 24
682 25
683 25
684 25
685 25
686 26
687 25
688 25
689 24
690 25
691 25
692 26
693 27
694 26
695 24
696 23
697 23
698 24
699 24
700 25
701 25
702 24
703 24
704 24
705 24
706 23
707 23
708 23
709 22
710 21
711 22
712 21
713 21
714 19
715 19
716 20
717 20
718 21
719 21
720 22
721 22
722 22
723 22
724 21
725 20
726 22
727 22
728 22
729 22
730 22
731 22
732 23
733 23
734 25
735 26
736 26
737 26
738 27
739 25
740 24
741 24
742 24
743 24
744 24
745 24
746 24
747 24
748 25
749 25
750 26
751 26
752 26
753 25
754 24
755 23
756 22
757 20
758 21
759 22
760 23
761 22
762 22
763 22
764 23
765 24
766 23
767 23
768 24
769 23
770 23
771 22
772 22
773 22
774 22
775 23
776 23
777 23
778 23
779 24
780 24
781 26
782 26
783 25
784 26
785 26
786 27
787 27
788 27
789 27
790 27
791 27
792 28
793 27
794 27
795 27
796 27
797 25
798 25
799 25
800 25
801 25
802 24
803 23
804 23
805 22
806 24
807 25
808 26
809 26
810 26
811 25
812 25
813 25
814 25
815 24
816 24
817 26
818 26
819 26
820 27
821 26
822 26
823 26
824 26
825 26
826 26
827 26
828 26
829 26
830 26
831 25
832 25
833 24
834 24
835 24
836 25
837 26
838 25
839 26
840 26
841 26
842 26
843 25
844 26
845 26
846 27
847 28
848 28
849 29
850 29
851 30
852 30
853 30
854 29
855 27
856 28
857 27
858 27
859 27
860 27
861 29
862 29
863 29
864 28
865 28
866 28
867 29
868 28
869 29
870 29
871 28
872 29
873 28
874 28
875 28
876 28
877 27
878 26
879 24
880 24
881 21
882 22
883 21
884 20
885 19
886 20
887 21
888 22
889 23
890 23
891 24
892 24
893 23
894 24
895 25
896 26
897 26
898 26
899 26
900 26
901 27
902 27
903 27
904 26
905 26
906 25
907 26
908 26
909 25
910 24
911 23
912 22
913 23
914 24
915 23
916 23
917 23
918 24
919 25
920 23
921 24
922 25
923 25
924 25
925 24
926 26
927 27
928 27
929 27
930 27
931 27
932 26
933 25
934 24
935 24
936 24
937 25
938 26
939 25
940 24
941 25
942 25
943 25
944 23
945 24
946 24
947 24
948 23
949 22
950 22
951 23
952 23
953 23
954 22
955 22
956 21
957 21
958 22
959 22
960 21
961 21
962 21
963 21
964 20
965 21
966 21
967 22
968 22
969 22
970 22
971 23
972 23
973 24
974 25
975 25
976 25
977 24
978 24
979 23
980 23
981 23
982 22
983 23
984 24
985 23
986 23
987 22
988 22
989 23
990 22
991 22
992 22
993 22
994 22
995 23
996 23
997 23
998 23
999 23
1000 24
