0 85
1 79
2 73
3 70
4 65
5 64
6 61
7 59
8 54
9 55
10 55
11 55
12 53
13 48
14 49
15 47
16 44
17 44
18 45
19 46
20 46
21 44
22 43
23 39
24 39
25 38
26 36
27 38
28 40
29 39
30 44
31 45
32 46
33 49
34 48
35 46
36 46
37 44
38 45
39 44
40 47
41 48
42 47
43 47
44 46
45 47
46 46
47 46
48 47
49 46
50 46
51 48
52 48
53 48
54 49
55 48
56 48
57 49
58 48
59 49
60 51
61 50
62 50
63 50
64 47
65 48
66 49
67 47
68 48
69 44
70 45
71 47
72 47
73 43
74 44
75 44
76 44
77 45
78 43
79 43
80 43
81 43
82 43
83 43
84 44
85 46
86 44
87 44
88 43
89 45
90 47
91 47
92 44
93 46
94 45
95 44
96 45
97 48
98 47
99 46
100 47
101 48
102 48
103 50
104 51
105 49
106 48
107 48
108 50
109 50
110 50
111 51
112 49
113 48
114 48
115 50
116 48
117 49
118 51
119 50
120 50
121 48
122 47
123 48
124 48
125 48
126 45
127 44
128 44
129 46
130 44
131 42
132 44
133 44
134 47
135 48
136 48
137 46
138 45
139 46
140 42
141 42
142 41
143 41
144 41
145 42
146 43
147 42
148 45
149 47
150 44
151 43
152 45
153 43
154 41
155 42
156 40
157 40
158 40
159 39
160 40
161 42
162 44
163 45
164 46
165 42
166 43
167 40
168 38
169 40
170 40
171 41
172 44
173 45
174 43
175 41
176 40
177 37
178 39
179 41
180 41
181 41
182 42
183 42
184 42
185 41
186 42
187 44
188 44
189 46
190 46
191 48
192 48
193 47
194 46
195 45
196 44
197 46
198 46
199 45
200 45
201 45
202 45
203 46
204 46
205 47
206 47
207 47
208 46
209 47
210 45
211 44
212 44
213 46
214 42
215 47
216 48
217 47
218 47
219 43
220 42
221 43
222 44
223 45
224 43
225 42
226 44
227 45
228 45
229 45
230 46
231 47
232 46
233 44
234 45
235 45
236 40
237 41
238 44
239 45
240 44
241 44
242 46
243 49
244 50
245 49
246 48
247 47
248 47
249 43
250 44
251 42
252 41
253 42
254 43
255 45
256 44
257 47
258 48
259 48
260 47
261 47
262 47
263 47
264 44
265 41
266 41
267 43
268 45
269 46
270 46
271 44
272 44
273 45
274 47
275 48
276 49
277 49
278 48
279 47
280 47
281 47
282 47
283 47
284 45
285 46
286 44
287 44
288 43
289 43
290 42
291 43
292 42
293 44
294 44
295 45
296 44
297 42
298 40
299 41
300 43
301 43
302 46
303 46
304 44
305 46
306 44
307 46
308 44
309 43
310 45
311 44
312 42
313 43
314 44
315 42
316 44
317 45
318 47
319 46
320 44
321 43
322 42
323 39
324 40
325 41
326 42
327 41
328 41
329 44
330 44
331 44
332 43
333 45
334 45
335 46
336 47
337 44
338 41
339 41
340 44
341 42
342 43
343 45
344 46
345 46
346 46
347 48
348 47
349 47
350 47
351 45
352 46
353 44
354 45
355 44
356 44
357 42
358 40
359 42
360 42
361 45
362 46
363 46
364 46
365 45
366 46
367 48
368 47
369 46
370 46
371 46
372 47
373 47
374 47
375 47
376 43
377 42
378 45
379 45
380 47
381 49
382 51
383 50
384 51
385 51
386 50
387 52
388 50
389 52
390 51
391 52
392 52
393 53
394 51
395 50
396 47
397 46
398 46
399 46
400 45
401 44
402 44
403 44
404 43
405 44
406 44
407 44
408 44
409 46
410 46
411 48
412 51
413 51
414 50
415 48
416 48
417 48
418 48
419 50
420 48
421 48
422 45
423 46
424 44
425 46
426 45
427 44
428 46
429 45
430 45
431 45
432 46
433 44
434 44
435 46
436 47
437 48
438 48
439 47
440 48
441 47
442 47
443 47
444 47
445 44
446 47
447 48
448 48
449 48
450 48
451 45
452 43
453 42
454 43
455 42
456 40
457 38
458 38
459 39
460 42
461 41
462 42
463 43
464 43
465 44
466 45
467 47
468 45
469 46
470 49
471 48
472 49
473 47
474 48
475 49
476 50
477 50
478 50
479 51
480 48
481 47
482 48
483 49
484 47
485 45
486 45
487 45
488 43
489 41
490 40
491 40
492 41
493 43
494 43
495 45
496 46
497 44
498 42
499 43
500 43
501 43
502 41
503 42
504 43
505 41
506 40
507 39
508 42
509 39
510 38
511 36
512 39
513 37
514 37
515 38
516 42
517 42
518 42
519 43
520 44
521 45
522 44
523 45
524 44
525 46
526 45
527 45
528 46
529 44
530 44
531 45
532 45
533 45
534 45
535 45
536 44
537 47
538 47
539 47
540 46
541 44
542 44
543 43
544 45
545 46
546 43
547 45
548 46
549 47
550 48
551 46
552 46
553 43
554 44
555 45
556 46
557 48
558 49
559 50
560 49
561 50
562 49
563 45
564 44
565 41
566 39
567 40
568 42
569 42
570 44
571 45
572 43
573 45
574 42
575 42
576 42
577 45
578 45
579 48
580 49
581 50
582 50
583 50
584 50
585 49
586 50
587 52
588 52
589 51
590 49
591 48
592 48
593 49
594 50
595 53
596 52
597 51
598 49
599 48
600 47
601 45
602 45
603 47
604 44
605 45
606 44
607 43
608 42
609 44
610 42
611 40
612 42
613 43
614 42
615 44
616 44
617 44
618 44
619 47
620 47
621 46
622 48
623 49
624 50
625 47
626 48
627 48
628 47
629 47
630 48
631 49
632 49
633 49
634 49
635 43
636 45
637 47
638 46
639 45
640 45
641 45
642 44
643 44
644 45
645 44
646 44
647 42
648 42
649 42
650 44
651 42
652 44
653 44
654 45
655 47
656 47
657 49
658 48
659 48
660 46
661 47
662 47
663 44
664 43
665 42
666 42
667 42
668 42
669 44
670 44
671 45
672 47
673 47
674 45
675 45
676 45
677 47
678 48
679 47
680 47
681 47
682 46
683 44
684 42
685 40
686 41
687 41
688 42
689 40
690 40
691 41
692 43
693 41
694 40
695 40
696 44
697 46
698 43
699 43
700 43
701 42
702 41
703 44
704 45
705 43
706 44
707 43
708 40
709 41
710 40
711 40
712 41
713 43
714 44
715 45
716 47
717 46
718 43
719 42
720 44
721 45
722 45
723 48
724 49
725 48
726 49
727 47
728 47
729 47
730 48
731 49
732 47
733 45
734 45
735 43
736 44
737 44
738 43
739 44
740 44
741 44
742 45
743 46
744 44
745 44
746 44
747 46
748 46
749 44
750 43
751 44
752 40
753 40
754 42
755 45
756 47
757 45
758 41
759 40
760 41
761 42
762 41
763 38
764 38
765 39
766 42
767 44
768 45
769 43
770 46
771 45
772 41
773 41
774 41
775 40
776 41
777 41
778 40
779 41
780 44
781 46
782 47
783 44
784 47
785 45
786 45
787 43
788 43
789 40
790 42
791 39
792 36
793 40
794 44
795 43
796 44
797 43
798 44
799 46
800 44
801 43
802 44
803 42
804 42
805 40
806 40
807 41
808 42
809 43
810 42
811 42
812 44
813 46
814 47
815 46
816 45
817 45
818 44
819 45
820 45
821 43
822 43
823 42
824 43
825 42
826 43
827 45
828 45
829 42
830 44
831 44
832 45
833 46
834 43
835 44
836 46
837 46
838 47
839 49
840 46
841 45
842 43
843 43
844 41
845 38
846 39
847 39
848 37
849 36
850 35
851 36
852 39
853 40
854 39
855 38
856 40
857 42
858 41
859 41
860 40
861 40
862 44
863 43
864 45
865 46
866 47
867 47
868 48
869 49
870 50
871 49
872 46
873 48
874 48
875 49
876 48
877 47
878 47
879 48
880 45
881 47
882 47
883 50
884 48
885 46
886 45
887 45
888 42
889 41
890 40
891 38
892 39
893 40
894 39
895 38
896 38
897 39
898 39
899 39
900 39
901 40
902 41
903 40
904 42
905 42
906 43
907 45
908 45
909 45
910 44
911 46
912 44
913 46
914 42
915 42
916 42
917 40
918 41
919 41
920 41
921 44
922 43
923 42
924 42
925 43
926 43
927 41
928 41
929 41
930 43
931 42
932 41
933 41
934 43
935 43
936 41
937 41
938 41
939 43
940 43
941 42
942 40
943 41
944 43
945 42
946 44
947 42
948 44
949 42
950 46
951 47
952 46
953 46
954 48
955 47
956 46
957 45
958 44
959 45
960 46
961 47
962 47
963 43
964 41
965 39
966 40
967 41
968 42
969 46
970 48
971 49
972 50
973 47
974 49
975 49
976 49
977 48
978 44
979 45
980 44
981 45
982 44
983 42
984 40
985 40
986 43
987 44
988 44
989 46
990 46
991 45
992 47
993 47
994 46
995 45
996 46
997 46
998 46
999 48
1000 48
