0 65
1 63
2 62
3 61
4 59
5 57
6 55
7 55
8 54
9 53
10 52
11 51
12 50
13 48
14 47
15 46
16 45
17 44
18 43
19 42
20 39
21 39
22 36
23 34
24 34
25 33
26 32
27 32
28 31
29 30
30 29
31 29
32 28
33 28
34 27
35 27
36 26
37 26
38 26
39 26
40 26
41 26
42 25
43 25
44 26
45 25
46 24
47 24
48 24
49 24
50 24
51 22
52 20
53 19
54 21
55 20
56 20
57 20
58 19
59 18
60 18
61 18
62 19
63 19
64 19
65 19
66 19
67 19
68 20
69 20
70 20
71 20
72 19
73 20
74 20
75 20
76 20
77 20
78 19
79 19
80 19
81 19
82 19
83 19
84 19
85 19
86 18
87 17
88 16
89 16
90 16
91 15
92 15
93 16
94 16
95 17
96 17
97 17
98 18
99 18
100 17
101 17
102 16
103 15
104 15
105 14
106 14
107 14
108 12
109 12
110 13
111 13
112 12
113 12
114 13
115 13
116 13
117 13
118 13
119 13
120 12
121 13
122 12
123 12
124 13
125 13
126 14
127 15
128 15
129 16
130 16
131 15
132 15
133 15
134 15
135 16
136 16
137 17
138 17
139 16
140 16
141 16
142 16
143 15
144 14
145 14
146 14
147 14
148 14
149 13
150 12
151 12
152 13
153 13
154 13
155 13
156 13
157 13
158 13
159 14
160 15
161 15
162 15
163 15
164 14
165 14
166 14
167 14
168 14
169 14
170 14
171 13
172 12
173 12
174 12
175 11
176 11
177 10
178 11
179 11
180 12
181 11
182 11
183 11
184 11
185 11
186 11
187 11
188 11
189 11
190 11
191 11
192 11
193 11
194 11
195 10
196 10
197 10
198 10
199 10
200 8
201 8
202 9
203 9
204 9
205 9
206 8
207 8
208 8
209 9
210 9
211 9
212 11
213 11
214 11
215 11
216 11
217 11
218 11
219 11
220 11
221 11
222 12
223 12
224 11
225 11
226 12
227 13
228 13
229 13
230 14
231 14
232 13
233 13
234 14
235 13
236 13
237 12
238 12
239 11
240 11
241 10
242 10
243 10
244 10
245 11
246 11
247 11
248 12
249 12
250 12
251 12
252 12
253 12
254 13
255 13
256 13
257 13
258 14
259 15
260 15
261 14
262 14
263 13
264 13
265 13
266 13
267 13
268 13
269 14
270 14
271 15
272 14
273 15
274 14
275 14
276 15
277 15
278 15
279 14
280 15
281 15
282 14
283 14
284 14
285 14
286 14
287 13
288 13
289 13
290 14
291 14
292 13
293 14
294 13
295 12
296 12
297 11
298 12
299 13
300 14
301 14
302 14
303 15
304 15
305 15
306 15
307 16
308 16
309 17
310 17
311 17
312 16
313 16
314 16
315 16
316 15
317 15
318 15
319 15
320 15
321 15
322 16
323 16
324 16
325 16
326 17
327 18
328 17
329 16
330 17
331 17
332 16
333 15
334 15
335 15
336 15
337 16
338 16
339 17
340 17
341 18
342 18
343 17
344 17
345 17
346 18
347 18
348 18
349 18
350 19
351 20
352 20
353 20
354 19
355 20
356 19
357 19
358 19
359 18
360 17
361 17
362 16
363 16
364 16
365 16
366 16
367 16
368 16
369 17
370 18
371 18
372 18
373 18
374 18
375 17
376 16
377 16
378 16
379 15
380 15
381 15
382 16
383 16
384 16
385 16
386 16
387 16
388 18
389 18
390 18
391 18
392 16
393 15
394 15
395 15
396 15
397 15
398 14
399 16
400 15
401 15
402 15
403 14
404 14
405 14
406 14
407 14
408 14
409 14
410 14
411 14
412 15
413 16
414 16
415 16
416 16
417 16
418 16
419 16
420 17
421 17
422 16
423 17
424 17
425 17
426 16
427 16
428 16
429 17
430 18
431 18
432 17
433 18
434 17
435 17
436 17
437 18
438 18
439 17
440 17
441 17
442 17
443 18
444 18
445 18
446 17
447 16
448 16
449 17
450 17
451 16
452 15
453 16
454 16
455 16
456 17
457 17
458 16
459 16
460 16
461 15
462 15
463 15
464 15
465 16
466 16
467 16
468 16
469 16
470 16
471 16
472 16
473 16
474 17
475 16
476 16
477 17
478 16
479 16
480 15
481 14
482 14
483 14
484 14
485 15
486 15
487 15
488 15
489 15
490 15
491 16
492 15
493 15
494 15
495 16
496 16
497 17
498 17
499 16
500 16
501 16
502 15
503 15
504 14
505 14
506 14
507 13
508 13
509 12
510 12
511 12
512 13
513 15
514 15
515 16
516 17
517 16
518 16
519 16
520 17
521 17
522 17
523 17
524 17
525 17
526 17
527 18
528 19
529 19
530 19
531 19
532 19
533 19
534 19
535 18
536 18
537 19
538 19
539 19
540 19
541 20
542 19
543 18
544 19
545 19
546 19
547 19
548 18
549 17
550 18
551 17
552 16
553 18
554 18
555 18
556 18
557 17
558 16
559 15
560 15
561 15
562 15
563 15
564 15
565 15
566 15
567 15
568 14
569 14
570 15
571 14
572 13
573 13
574 12
575 13
576 12
577 11
578 11
579 11
580 10
581 10
582 10
583 10
584 9
585 9
586 9
587 9
588 9
589 9
590 8
591 8
592 7
593 7
594 7
595 7
596 7
597 8
598 9
599 9
600 9
601 8
602 8
603 8
604 8
605 8
606 9
607 9
608 9
609 10
610 10
611 10
612 10
613 10
614 10
615 11
616 12
617 12
618 12
619 12
620 12
621 12
622 12
623 12
624 13
625 13
626 13
627 13
628 14
629 14
630 14
631 14
632 14
633 14
634 13
635 13
636 13
637 12
638 12
639 12
640 13
641 12
642 11
643 12
644 11
645 11
646 11
647 11
648 12
649 12
650 13
651 12
652 12
653 13
654 13
655 13
656 14
657 13
658 14
659 14
660 14
661 15
662 14
663 14
664 14
665 14
666 15
667 16
668 16
669 16
670 17
671 16
672 16
673 16
674 16
675 14
676 14
677 15
678 15
679 15
680 14
681 15
682 16
683 15
684 15
685 15
686 15
687 16
688 16
689 15
690 14
691 14
692 15
693 14
694 14
695 13
696 13
697 13
698 15
699 16
700 16
701 16
702 16
703 16
704 16
705 17
706 18
707 17
708 17
709 16
710 16
711 16
712 16
713 16
714 16
715 15
716 15
717 15
718 15
719 15
720 14
721 14
722 13
723 14
724 14
725 13
726 12
727 12
728 12
729 12
730 12
731 12
732 13
733 11
734 11
735 12
736 11
737 11
738 12
739 12
740 11
741 11
742 11
743 12
744 12
745 12
746 12
747 12
748 12
749 12
750 12
751 12
752 12
753 12
754 14
755 15
756 15
757 14
758 14
759 13
760 14
761 14
762 14
763 14
764 14
765 14
766 14
767 14
768 14
769 14
770 14
771 14
772 15
773 16
774 16
775 16
776 15
777 15
778 15
779 15
780 15
781 13
782 13
783 13
784 13
785 12
786 12
787 12
788 12
789 12
790 13
791 13
792 13
793 13
794 13
795 13
796 13
797 12
798 12
799 12
800 13
801 13
802 13
803 13
804 11
805 10
806 10
807 9
808 9
809 8
810 9
811 9
812 9
813 10
814 10
815 10
816 10
817 10
818 10
819 11
820 12
821 11
822 11
823 11
824 11
825 11
826 11
827 11
828 10
829 11
830 11
831 12
832 12
833 12
834 13
835 13
836 12
837 12
838 12
839 12
840 12
841 13
842 13
843 14
844 13
845 12
846 12
847 12
848 12
849 12
850 12
851 11
852 11
853 12
854 12
855 12
856 12
857 11
858 11
859 11
860 11
861 11
862 12
863 12
864 11
865 11
866 11
867 12
868 11
869 10
870 10
871 11
872 11
873 11
874 11
875 11
876 12
877 12
878 12
879 12
880 12
881 13
882 13
883 12
884 12
885 13
886 13
887 13
888 13
889 14
890 14
891 14
892 14
893 13
894 13
895 13
896 13
897 13
898 13
899 14
900 14
901 14
902 15
903 15
904 15
905 14
906 14
907 14
908 13
909 13
910 13
911 12
912 12
913 12
914 12
915 13
916 13
917 13
918 13
919 12
920 13
921 12
922 12
923 12
924 12
925 12
926 12
927 13
928 13
929 13
930 13
931 14
932 14
933 13
934 14
935 15
936 15
937 16
938 16
939 16
940 16
941 16
942 17
943 17
944 17
945 18
946 17
947 16
948 16
949 16
950 16
951 15
952 16
953 16
954 17
955 16
956 17
957 16
958 16
959 16
960 16
961 16
962 16
963 15
964 15
965 15
966 15
967 15
968 15
969 15
970 14
971 15
972 15
973 14
974 15
975 15
976 15
977 14
978 14
979 14
980 14
981 15
982 15
983 15
984 16
985 16
986 16
987 16
988 15
989 15
990 15
991 15
992 16
993 16
994 16
995 14
996 13
997 12
998 11
999 11
1000 11
