0 5
1 3
2 2
3 4
4 3
5 1
6 2
7 1
8 2
9 2
10 2
11 3
12 2
13 2
14 1
15 2
16 3
17 3
18 2
19 2
20 2
21 2
22 3
23 3
24 4
25 3
26 2
27 2
28 2
29 1
30 3
31 3
32 2
33 4
34 3
35 2
36 4
37 3
38 3
39 2
40 3
41 2
42 2
43 2
44 1
45 1
46 2
47 2
48 2
49 3
50 3
51 3
52 4
53 3
54 3
55 4
56 2
57 2
58 1
59 2
60 1
61 2
62 3
63 2
64 3
65 3
66 2
67 3
68 3
69 2
70 2
71 2
72 2
73 1
74 3
75 3
76 4
77 3
78 2
79 2
80 2
81 3
82 3
83 3
84 2
85 2
86 2
87 2
88 2
89 2
90 2
91 2
92 3
93 3
94 2
95 3
96 1
97 2
98 1
99 1
100 2
101 2
102 2
103 2
104 4
105 3
106 3
107 3
108 3
109 3
110 2
111 2
112 2
113 2
114 2
115 1
116 3
117 3
118 3
119 1
120 2
121 3
122 4
123 3
124 2
125 2
126 3
127 4
128 4
129 3
130 3
131 4
132 4
133 2
134 3
135 3
136 3
137 1
138 2
139 1
140 2
141 2
142 2
143 3
144 4
145 3
146 3
147 3
148 3
149 2
150 2
151 3
152 1
153 3
154 2
155 4
156 2
157 3
158 2
159 3
160 2
161 2
162 2
163 2
164 2
165 2
166 3
167 3
168 3
169 2
170 3
171 3
172 3
173 3
174 4
175 2
176 3
177 1
178 2
179 3
180 3
181 2
182 2
183 2
184 2
185 3
186 3
187 2
188 2
189 2
190 2
191 3
192 3
193 2
194 2
195 2
196 2
197 2
198 2
199 0
200 1
201 2
202 2
203 3
204 4
205 3
206 3
207 3
208 3
209 2
210 3
211 3
212 2
213 2
214 3
215 3
216 3
217 2
218 2
219 2
220 2
221 3
222 3
223 4
224 3
225 3
226 2
227 2
228 3
229 3
230 3
231 3
232 3
233 2
234 2
235 2
236 4
237 3
238 3
239 2
240 2
241 3
242 3
243 3
244 3
245 3
246 1
247 3
248 1
249 2
250 2
251 3
252 2
253 3
254 3
255 3
256 4
257 3
258 3
259 2
260 2
261 2
262 2
263 1
264 2
265 4
266 2
267 3
268 1
269 2
270 1
271 2
272 2
273 2
274 1
275 1
276 2
277 3
278 3
279 3
280 3
281 4
282 3
283 3
284 2
285 2
286 2
287 2
288 3
289 3
290 2
291 3
292 3
293 3
294 4
295 2
296 1
297 1
298 1
299 3
300 1
301 2
302 2
303 3
304 2
305 2
306 2
307 3
308 3
309 3
310 3
311 1
312 3
313 2
314 3
315 3
316 3
317 3
318 2
319 3
320 2
321 3
322 3
323 3
324 2
325 2
326 2
327 4
328 3
329 2
330 3
331 4
332 3
333 3
334 2
335 3
336 4
337 0
338 1
339 3
340 3
341 2
342 3
343 1
344 1
345 3
346 3
347 3
348 2
349 2
350 2
351 3
352 2
353 3
354 2
355 2
356 3
357 3
358 3
359 0
360 1
361 1
362 3
363 3
364 2
365 1
366 2
367 3
368 4
369 3
370 3
371 3
372 3
373 2
374 2
375 2
376 3
377 3
378 2
379 2
380 2
381 2
382 3
383 3
384 2
385 3
386 3
387 3
388 2
389 3
390 3
391 1
392 2
393 2
394 3
395 2
396 3
397 4
398 3
399 3
400 2
401 2
402 3
403 4
404 4
405 1
406 3
407 2
408 2
409 4
410 3
411 2
412 3
413 3
414 3
415 2
416 1
417 2
418 3
419 2
420 2
421 3
422 3
423 3
424 3
425 3
426 3
427 2
428 2
429 3
430 3
431 4
432 2
433 2
434 2
435 3
436 2
437 2
438 3
439 2
440 2
441 2
442 4
443 4
444 2
445 2
446 3
447 1
448 2
449 2
450 2
451 1
452 2
453 3
454 3
455 3
456 3
457 3
458 3
459 3
460 3
461 3
462 2
463 3
464 3
465 3
466 3
467 3
468 3
469 3
470 4
471 3
472 2
473 3
474 4
475 2
476 2
477 2
478 1
479 2
480 2
481 1
482 2
483 3
484 3
485 4
486 1
487 3
488 3
489 2
490 2
491 3
492 2
493 2
494 2
495 1
496 1
497 1
498 2
499 3
500 2
501 2
502 2
503 2
504 1
505 1
506 2
507 2
508 2
509 3
510 3
511 2
512 3
513 3
514 2
515 2
516 2
517 3
518 1
519 2
520 1
521 2
522 3
523 2
524 2
525 3
526 3
527 3
528 1
529 2
530 3
531 4
532 2
533 3
534 3
535 2
536 3
537 2
538 2
539 3
540 2
541 3
542 3
543 2
544 2
545 2
546 2
547 3
548 3
549 2
550 3
551 3
552 2
553 2
554 4
555 2
556 2
557 3
558 3
559 4
560 1
561 3
562 4
563 3
564 2
565 3
566 3
567 2
568 3
569 4
570 3
571 2
572 2
573 1
574 2
575 3
576 1
577 1
578 1
579 3
580 1
581 3
582 3
583 4
584 3
585 2
586 2
587 2
588 3
589 1
590 3
591 3
592 2
593 1
594 2
595 2
596 3
597 3
598 2
599 2
600 2
601 2
602 2
603 2
604 3
605 2
606 2
607 2
608 3
609 2
610 1
611 1
612 4
613 3
614 3
615 2
616 4
617 3
618 3
619 2
620 3
621 3
622 3
623 3
624 2
625 2
626 1
627 3
628 3
629 3
630 3
631 2
632 2
633 3
634 2
635 2
636 3
637 3
638 3
639 2
640 2
641 3
642 3
643 2
644 3
645 2
646 2
647 1
648 2
649 2
650 2
651 1
652 2
653 3
654 3
655 2
656 1
657 3
658 3
659 3
660 2
661 2
662 3
663 2
664 3
665 3
666 2
667 2
668 2
669 3
670 3
671 2
672 2
673 2
674 3
675 2
676 2
677 3
678 2
679 2
680 2
681 3
682 2
683 3
684 3
685 1
686 3
687 3
688 2
689 2
690 2
691 3
692 2
693 3
694 1
695 1
696 4
697 4
698 2
699 3
700 2
701 2
702 1
703 2
704 3
705 3
706 3
707 2
708 2
709 2
710 3
711 1
712 2
713 3
714 2
715 2
716 2
717 3
718 2
719 3
720 2
721 1
722 3
723 2
724 2
725 3
726 2
727 2
728 2
729 1
730 1
731 3
732 3
733 1
734 0
735 2
736 3
737 2
738 2
739 1
740 2
741 2
742 3
743 3
744 3
745 3
746 1
747 3
748 0
749 2
750 3
751 1
752 1
753 2
754 2
755 3
756 3
757 3
758 3
759 3
760 3
761 3
762 3
763 2
764 2
765 2
766 2
767 1
768 3
769 3
770 3
771 4
772 3
773 3
774 2
775 2
776 3
777 3
778 2
779 3
780 2
781 2
782 2
783 3
784 3
785 2
786 3
787 3
788 1
789 2
790 3
791 2
792 2
793 2
794 2
795 3
796 3
797 3
798 2
799 3
800 3
801 4
802 3
803 2
804 1
805 2
806 3
807 3
808 2
809 3
810 3
811 3
812 2
813 2
814 2
815 3
816 3
817 2
818 3
819 3
820 3
821 2
822 3
823 3
824 3
825 2
826 2
827 3
828 1
829 2
830 2
831 3
832 4
833 3
834 2
835 3
836 3
837 3
838 3
839 2
840 1
841 3
842 1
843 1
844 2
845 2
846 4
847 3
848 2
849 3
850 2
851 2
852 3
853 3
854 3
855 1
856 2
857 2
858 2
859 1
860 1
861 2
862 1
863 1
864 2
865 2
866 3
867 3
868 3
869 4
870 4
871 3
872 2
873 3
874 4
875 3
876 2
877 2
878 2
879 2
880 2
881 2
882 2
883 4
884 2
885 2
886 2
887 3
888 2
889 3
890 2
891 2
892 2
893 1
894 2
895 3
896 3
897 3
898 3
899 2
900 2
901 1
902 1
903 2
904 2
905 3
906 2
907 2
908 2
909 1
910 2
911 3
912 3
913 3
914 2
915 3
916 3
917 3
918 1
919 3
920 2
921 2
922 2
923 2
924 2
925 3
926 3
927 3
928 3
929 2
930 2
931 4
932 2
933 2
934 4
935 3
936 3
937 2
938 3
939 2
940 2
941 1
942 3
943 2
944 2
945 3
946 2
947 3
948 3
949 4
950 3
951 2
952 4
953 2
954 3
955 2
956 2
957 2
958 2
959 2
960 1
961 2
962 1
963 2
964 4
965 4
966 3
967 3
968 3
969 2
970 3
971 2
972 1
973 0
974 1
975 2
976 2
977 3
978 4
979 2
980 3
981 2
982 2
983 2
984 3
985 3
986 2
987 2
988 2
989 3
990 1
991 2
992 2
993 2
994 3
995 3
996 2
997 4
998 2
999 3
1000 3
