0 30
1 23
2 21
3 21
4 20
5 19
6 17
7 18
8 20
9 21
10 18
11 22
12 19
13 18
14 18
15 16
16 21
17 18
18 20
19 19
20 20
21 20
22 20
23 17
24 18
25 19
26 19
27 18
28 19
29 16
30 18
31 18
32 21
33 19
34 20
35 18
36 17
37 19
38 21
39 22
40 22
41 19
42 20
43 19
44 19
45 18
46 14
47 19
48 20
49 16
50 18
51 16
52 16
53 20
54 19
55 21
56 19
57 18
58 21
59 20
60 20
61 19
62 19
63 16
64 19
65 19
66 20
67 22
68 20
69 22
70 20
71 16
72 13
73 16
74 17
75 17
76 19
77 22
78 18
79 19
80 19
81 17
82 16
83 14
84 19
85 22
86 19
87 22
88 21
89 22
90 21
91 20
92 21
93 19
94 18
95 15
96 18
97 21
98 18
99 20
100 20
101 20
102 18
103 19
104 19
105 19
106 21
107 19
108 20
109 18
110 19
111 20
112 22
113 19
114 16
115 20
116 20
117 18
118 20
119 18
120 20
121 19
122 21
123 18
124 19
125 18
126 19
127 19
128 16
129 17
130 18
131 19
132 19
133 20
134 20
135 19
136 18
137 18
138 20
139 19
140 18
141 21
142 20
143 20
144 19
145 19
146 22
147 18
148 18
149 19
150 20
151 18
152 19
153 22
154 18
155 18
156 15
157 18
158 16
159 17
160 22
161 19
162 20
163 22
164 19
165 15
166 15
167 19
168 16
169 20
170 19
171 17
172 18
173 19
174 23
175 20
176 21
177 17
178 20
179 20
180 17
181 16
182 21
183 19
184 22
185 19
186 18
187 16
188 18
189 18
190 19
191 17
192 17
193 19
194 20
195 21
196 16
197 17
198 21
199 19
200 17
201 19
202 19
203 20
204 19
205 20
206 20
207 20
208 22
209 20
210 23
211 20
212 19
213 19
214 21
215 22
216 20
217 16
218 17
219 18
220 16
221 18
222 17
223 19
224 20
225 22
226 20
227 18
228 20
229 20
230 19
231 18
232 19
233 20
234 20
235 21
236 19
237 19
238 18
239 19
240 17
241 19
242 20
243 15
244 18
245 15
246 18
247 18
248 19
249 21
250 17
251 19
252 20
253 17
254 19
255 18
256 19
257 17
258 16
259 17
260 18
261 21
262 19
263 18
264 24
265 23
266 21
267 22
268 21
269 16
270 20
271 18
272 19
273 18
274 14
275 21
276 20
277 18
278 19
279 19
280 19
281 18
282 17
283 18
284 18
285 17
286 18
287 20
288 17
289 17
290 16
291 17
292 18
293 20
294 20
295 22
296 18
297 21
298 18
299 21
300 22
301 22
302 19
303 16
304 19
305 20
306 20
307 20
308 22
309 22
310 22
311 17
312 21
313 20
314 20
315 19
316 19
317 18
318 19
319 15
320 16
321 19
322 19
323 21
324 20
325 19
326 19
327 17
328 20
329 21
330 19
331 18
332 17
333 20
334 19
335 16
336 20
337 20
338 21
339 20
340 21
341 21
342 18
343 18
344 18
345 18
346 19
347 19
348 18
349 18
350 18
351 22
352 19
353 19
354 21
355 23
356 22
357 21
358 20
359 19
360 17
361 19
362 16
363 20
364 20
365 18
366 19
367 19
368 17
369 20
370 18
371 20
372 22
373 22
374 19
375 20
376 18
377 16
378 19
379 19
380 18
381 20
382 20
383 18
384 18
385 18
386 16
387 18
388 16
389 17
390 19
391 18
392 21
393 22
394 23
395 16
396 19
397 20
398 20
399 17
400 15
401 18
402 17
403 15
404 16
405 19
406 18
407 16
408 19
409 19
410 19
411 18
412 18
413 19
414 21
415 18
416 22
417 19
418 19
419 21
420 15
421 17
422 19
423 20
424 18
425 19
426 19
427 19
428 17
429 16
430 15
431 13
432 17
433 19
434 16
435 14
436 18
437 19
438 21
439 19
440 18
441 19
442 17
443 18
444 19
445 17
446 22
447 19
448 19
449 22
450 18
451 17
452 17
453 20
454 20
455 19
456 21
457 19
458 19
459 20
460 18
461 17
462 19
463 20
464 17
465 15
466 17
467 20
468 20
469 19
470 21
471 20
472 20
473 20
474 19
475 18
476 20
477 18
478 19
479 20
480 20
481 21
482 21
483 20
484 19
485 21
486 21
487 17
488 16
489 19
490 19
491 19
492 21
493 18
494 19
495 18
496 20
497 20
498 18
499 17
500 15
501 17
502 16
503 14
504 16
505 17
506 16
507 15
508 15
509 17
510 18
511 20
512 20
513 17
514 18
515 20
516 21
517 20
518 18
519 16
520 20
521 19
522 20
523 16
524 17
525 19
526 20
527 18
528 19
529 19
530 17
531 19
532 18
533 14
534 15
535 15
536 17
537 20
538 21
539 20
540 20
541 20
542 20
543 19
544 16
545 15
546 18
547 19
548 18
549 20
550 19
551 18
552 22
553 21
554 19
555 20
556 21
557 19
558 19
559 21
560 22
561 20
562 21
563 21
564 20
565 18
566 19
567 21
568 21
569 19
570 18
571 17
572 20
573 21
574 17
575 19
576 19
577 18
578 16
579 20
580 21
581 19
582 15
583 18
584 18
585 17
586 16
587 14
588 17
589 21
590 19
591 20
592 20
593 20
594 20
595 19
596 19
597 18
598 19
599 15
600 15
601 16
602 15
603 19
604 19
605 19
606 17
607 16
608 15
609 18
610 17
611 21
612 20
613 13
614 13
615 15
616 15
617 19
618 18
619 18
620 19
621 21
622 18
623 18
624 17
625 18
626 18
627 15
628 19
629 21
630 20
631 22
632 23
633 19
634 18
635 22
636 18
637 18
638 16
639 17
640 17
641 15
642 18
643 20
644 17
645 16
646 17
647 20
648 21
649 22
650 17
651 18
652 20
653 18
654 20
655 20
656 22
657 19
658 19
659 19
660 17
661 19
662 20
663 19
664 19
665 20
666 20
667 21
668 19
669 18
670 18
671 20
672 21
673 18
674 16
675 16
676 19
677 19
678 17
679 18
680 19
681 20
682 20
683 20
684 21
685 19
686 21
687 21
688 20
689 19
690 18
691 19
692 22
693 21
694 18
695 14
696 18
697 19
698 19
699 17
700 17
701 17
702 19
703 17
704 17
705 21
706 21
707 22
708 19
709 18
710 18
711 20
712 21
713 20
714 19
715 17
716 16
717 16
718 19
719 19
720 20
721 21
722 18
723 16
724 15
725 17
726 18
727 19
728 21
729 19
730 19
731 21
732 18
733 19
734 20
735 18
736 19
737 21
738 18
739 19
740 17
741 17
742 18
743 18
744 17
745 19
746 16
747 17
748 20
749 18
750 18
751 20
752 17
753 18
754 20
755 18
756 21
757 15
758 19
759 18
760 17
761 22
762 19
763 20
764 20
765 20
766 16
767 17
768 18
769 20
770 20
771 17
772 19
773 17
774 14
775 18
776 16
777 19
778 20
779 20
780 17
781 17
782 19
783 18
784 16
785 17
786 21
787 21
788 19
789 19
790 18
791 16
792 20
793 19
794 20
795 17
796 20
797 18
798 21
799 17
800 19
801 22
802 21
803 22
804 19
805 21
806 18
807 21
808 20
809 19
810 20
811 19
812 17
813 17
814 15
815 16
816 16
817 18
818 18
819 16
820 17
821 21
822 21
823 21
824 20
825 18
826 19
827 19
828 18
829 18
830 21
831 18
832 20
833 18
834 16
835 19
836 20
837 19
838 21
839 18
840 18
841 19
842 20
843 19
844 21
845 20
846 20
847 19
848 20
849 19
850 20
851 21
852 22
853 22
854 17
855 18
856 18
857 19
858 18
859 13
860 17
861 17
862 20
863 19
864 20
865 21
866 20
867 19
868 19
869 18
870 19
871 20
872 19
873 18
874 20
875 20
876 19
877 19
878 14
879 15
880 19
881 20
882 17
883 18
884 21
885 22
886 19
887 17
888 19
889 20
890 20
891 19
892 20
893 21
894 21
895 21
896 20
897 20
898 18
899 21
900 19
901 20
902 17
903 19
904 19
905 18
906 20
907 20
908 19
909 19
910 19
911 21
912 23
913 22
914 21
915 21
916 20
917 17
918 15
919 17
920 18
921 20
922 22
923 19
924 20
925 21
926 16
927 17
928 23
929 21
930 20
931 22
932 18
933 17
934 17
935 19
936 22
937 21
938 21
939 20
940 19
941 19
942 16
943 19
944 19
945 18
946 17
947 18
948 19
949 17
950 20
951 22
952 21
953 20
954 19
955 18
956 15
957 17
958 21
959 18
960 22
961 19
962 19
963 18
964 14
965 16
966 20
967 18
968 16
969 17
970 19
971 20
972 16
973 17
974 16
975 20
976 18
977 17
978 18
979 18
980 19
981 19
982 20
983 22
984 16
985 20
986 22
987 22
988 21
989 20
990 21
991 22
992 23
993 22
994 20
995 20
996 18
997 17
998 19
999 20
1000 21
