0 55
1 39
2 36
3 40
4 41
5 39
6 37
7 39
8 36
9 32
10 36
11 38
12 36
13 37
14 39
15 40
16 38
17 37
18 36
19 39
20 35
21 41
22 37
23 38
24 39
25 37
26 38
27 40
28 39
29 40
30 40
31 34
32 37
33 36
34 37
35 37
36 38
37 36
38 42
39 41
40 34
41 35
42 39
43 36
44 37
45 37
46 38
47 32
48 36
49 35
50 32
51 35
52 31
53 39
54 37
55 37
56 38
57 38
58 42
59 36
60 35
61 37
62 36
63 36
64 38
65 35
66 39
67 39
68 39
69 39
70 40
71 39
72 35
73 38
74 37
75 39
76 37
77 34
78 40
79 40
80 35
81 37
82 36
83 36
84 32
85 39
86 37
87 39
88 37
89 36
90 35
91 39
92 40
93 39
94 39
95 37
96 40
97 37
98 36
99 38
100 39
101 39
102 38
103 34
104 36
105 38
106 39
107 39
108 38
109 38
110 40
111 38
112 34
113 30
114 39
115 36
116 39
117 35
118 34
119 40
120 39
121 37
122 37
123 41
124 36
125 36
126 38
127 39
128 36
129 36
130 37
131 39
132 34
133 38
134 38
135 40
136 39
137 42
138 37
139 37
140 35
141 32
142 35
143 38
144 41
145 39
146 37
147 39
148 38
149 38
150 40
151 38
152 40
153 38
154 36
155 39
156 35
157 35
158 35
159 36
160 38
161 39
162 41
163 41
164 38
165 38
166 32
167 37
168 40
169 37
170 37
171 33
172 38
173 40
174 38
175 39
176 37
177 34
178 39
179 40
180 37
181 39
182 39
183 37
184 38
185 35
186 38
187 37
188 35
189 39
190 36
191 39
192 34
193 39
194 39
195 35
196 38
197 34
198 38
199 34
200 41
201 34
202 39
203 40
204 37
205 39
206 36
207 34
208 34
209 34
210 34
211 38
212 38
213 38
214 33
215 39
216 39
217 38
218 39
219 39
220 39
221 36
222 38
223 38
224 39
225 36
226 40
227 40
228 37
229 33
230 35
231 35
232 39
233 40
234 33
235 35
236 37
237 36
238 33
239 39
240 37
241 34
242 36
243 38
244 38
245 35
246 34
247 36
248 35
249 38
250 36
251 36
252 36
253 34
254 37
255 36
256 38
257 36
258 37
259 36
260 38
261 38
262 39
263 32
264 33
265 36
266 37
267 37
268 39
269 34
270 30
271 36
272 36
273 31
274 37
275 34
276 37
277 35
278 42
279 42
280 37
281 38
282 30
283 38
284 40
285 36
286 35
287 35
288 37
289 35
290 36
291 38
292 39
293 38
294 38
295 39
296 39
297 35
298 34
299 38
300 35
301 35
302 37
303 36
304 38
305 36
306 35
307 37
308 38
309 35
310 39
311 38
312 40
313 35
314 37
315 39
316 41
317 38
318 35
319 39
320 37
321 36
322 38
323 34
324 40
325 39
326 38
327 40
328 38
329 40
330 40
331 36
332 40
333 37
334 38
335 41
336 35
337 41
338 38
339 37
340 39
341 37
342 36
343 38
344 37
345 39
346 35
347 38
348 36
349 39
350 30
351 38
352 36
353 40
354 39
355 40
356 34
357 35
358 40
359 39
360 38
361 39
362 33
363 37
364 37
365 39
366 39
367 37
368 38
369 34
370 39
371 38
372 36
373 36
374 33
375 37
376 39
377 33
378 37
379 39
380 38
381 38
382 38
383 35
384 36
385 38
386 38
387 36
388 37
389 39
390 33
391 38
392 38
393 37
394 36
395 37
396 38
397 39
398 33
399 28
400 39
401 38
402 35
403 36
404 35
405 35
406 36
407 31
408 35
409 37
410 30
411 33
412 39
413 39
414 38
415 37
416 36
417 37
418 35
419 38
420 34
421 35
422 35
423 35
424 36
425 39
426 36
427 38
428 38
429 39
430 37
431 35
432 39
433 40
434 33
435 37
436 39
437 39
438 40
439 35
440 38
441 38
442 37
443 34
444 39
445 38
446 39
447 36
448 37
449 38
450 36
451 38
452 39
453 38
454 36
455 35
456 34
457 35
458 40
459 34
460 32
461 37
462 41
463 38
464 38
465 37
466 33
467 38
468 42
469 33
470 38
471 39
472 36
473 38
474 36
475 38
476 39
477 39
478 36
479 38
480 37
481 41
482 39
483 38
484 40
485 38
486 42
487 34
488 34
489 36
490 38
491 37
492 35
493 39
494 37
495 39
496 39
497 36
498 40
499 40
500 37
501 38
502 38
503 38
504 39
505 35
506 36
507 38
508 36
509 38
510 38
511 39
512 40
513 41
514 34
515 34
516 39
517 36
518 38
519 37
520 38
521 36
522 35
523 38
524 38
525 36
526 36
527 37
528 34
529 35
530 37
531 36
532 35
533 36
534 36
535 40
536 37
537 37
538 37
539 36
540 32
541 39
542 40
543 38
544 40
545 38
546 39
547 38
548 35
549 38
550 37
551 38
552 32
553 37
554 36
555 37
556 38
557 38
558 35
559 37
560 39
561 34
562 35
563 37
564 38
565 37
566 35
567 41
568 39
569 38
570 34
571 37
572 36
573 39
574 33
575 35
576 32
577 36
578 36
579 37
580 35
581 37
582 35
583 36
584 39
585 40
586 40
587 38
588 34
589 40
590 36
591 35
592 39
593 40
594 40
595 37
596 37
597 34
598 39
599 36
600 36
601 38
602 34
603 36
604 34
605 36
606 39
607 35
608 37
609 40
610 33
611 36
612 38
613 38
614 40
615 40
616 34
617 37
618 34
619 37
620 35
621 36
622 37
623 37
624 41
625 35
626 37
627 39
628 38
629 38
630 34
631 38
632 36
633 37
634 36
635 39
636 36
637 39
638 38
639 38
640 39
641 38
642 41
643 35
644 38
645 38
646 38
647 34
648 36
649 37
650 37
651 39
652 38
653 37
654 36
655 36
656 37
657 36
658 36
659 40
660 38
661 32
662 40
663 36
664 34
665 38
666 39
667 38
668 34
669 35
670 38
671 36
672 39
673 37
674 40
675 40
676 38
677 38
678 36
679 39
680 38
681 39
682 39
683 36
684 34
685 36
686 36
687 35
688 36
689 38
690 39
691 37
692 37
693 36
694 41
695 38
696 38
697 37
698 39
699 36
700 37
701 38
702 39
703 37
704 34
705 35
706 36
707 35
708 35
709 39
710 37
711 37
712 37
713 36
714 38
715 33
716 36
717 37
718 37
719 38
720 33
721 38
722 39
723 36
724 30
725 41
726 37
727 35
728 36
729 39
730 39
731 42
732 38
733 37
734 39
735 39
736 34
737 35
738 38
739 31
740 37
741 39
742 39
743 36
744 38
745 37
746 36
747 38
748 37
749 41
750 37
751 35
752 37
753 32
754 37
755 40
756 35
757 39
758 37
759 37
760 40
761 37
762 39
763 39
764 35
765 37
766 35
767 36
768 33
769 36
770 36
771 38
772 35
773 38
774 35
775 37
776 41
777 37
778 37
779 37
780 36
781 42
782 38
783 39
784 41
785 40
786 35
787 35
788 37
789 35
790 38
791 38
792 40
793 39
794 39
795 34
796 35
797 40
798 40
799 35
800 38
801 37
802 35
803 37
804 40
805 39
806 39
807 41
808 39
809 39
810 36
811 39
812 36
813 39
814 38
815 35
816 37
817 36
818 39
819 37
820 37
821 39
822 36
823 38
824 35
825 36
826 32
827 39
828 34
829 38
830 37
831 38
832 36
833 36
834 36
835 38
836 34
837 34
838 39
839 36
840 36
841 38
842 35
843 38
844 35
845 40
846 38
847 37
848 40
849 37
850 35
851 39
852 38
853 38
854 39
855 39
856 39
857 40
858 37
859 36
860 39
861 39
862 40
863 36
864 38
865 40
866 36
867 37
868 37
869 36
870 39
871 35
872 37
873 39
874 37
875 33
876 42
877 37
878 37
879 35
880 40
881 36
882 36
883 41
884 39
885 39
886 38
887 39
888 39
889 38
890 38
891 38
892 38
893 37
894 33
895 37
896 37
897 38
898 37
899 36
900 38
901 38
902 37
903 38
904 31
905 38
906 34
907 40
908 37
909 35
910 38
911 39
912 37
913 40
914 32
915 38
916 38
917 39
918 34
919 39
920 35
921 38
922 40
923 28
924 41
925 35
926 39
927 38
928 39
929 38
930 37
931 39
932 36
933 38
934 38
935 38
936 37
937 38
938 38
939 37
940 34
941 38
942 35
943 38
944 40
945 35
946 37
947 34
948 35
949 39
950 36
951 39
952 37
953 36
954 36
955 40
956 38
957 37
958 36
959 35
960 38
961 38
962 35
963 36
964 38
965 36
966 38
967 37
968 36
969 37
970 40
971 40
972 36
973 33
974 35
975 37
976 34
977 37
978 37
979 36
980 40
981 32
982 36
983 39
984 37
985 37
986 33
987 38
988 42
989 38
990 35
991 39
992 34
993 36
994 38
995 35
996 37
997 38
998 38
999 37
1000 38
