0 75
1 73
2 69
3 65
4 61
5 60
6 60
7 59
8 60
9 57
10 55
11 51
12 50
13 49
14 50
15 50
16 49
17 46
18 48
19 44
20 43
21 41
22 43
23 42
24 40
25 43
26 47
27 43
28 43
29 44
30 45
31 45
32 43
33 41
34 41
35 40
36 42
37 43
38 45
39 48
40 48
41 47
42 48
43 50
44 50
45 49
46 51
47 53
48 48
49 47
50 49
51 44
52 45
53 44
54 45
55 45
56 43
57 43
58 44
59 47
60 43
61 44
62 46
63 45
64 45
65 47
66 50
67 48
68 51
69 53
70 53
71 52
72 52
73 51
74 52
75 50
76 47
77 47
78 45
79 44
80 45
81 46
82 49
83 50
84 47
85 49
86 48
87 48
88 46
89 46
90 44
91 42
92 44
93 45
94 46
95 50
96 51
97 52
98 50
99 49
100 48
101 49
102 45
103 47
104 49
105 48
106 48
107 52
108 54
109 55
110 51
111 49
112 48
113 53
114 54
115 54
116 53
117 51
118 50
119 48
120 49
121 50
122 53
123 54
124 55
125 53
126 54
127 53
128 53
129 54
130 52
131 54
132 51
133 53
134 52
135 51
136 54
137 55
138 56
139 56
140 58
141 56
142 53
143 54
144 55
145 56
146 55
147 55
148 55
149 53
150 51
151 48
152 48
153 47
154 48
155 48
156 48
157 48
158 50
159 47
160 48
161 49
162 48
163 49
164 50
165 46
166 50
167 50
168 51
169 47
170 48
171 50
172 53
173 51
174 51
175 48
176 48
177 48
178 47
179 46
180 44
181 44
182 44
183 43
184 43
185 42
186 43
187 47
188 47
189 47
190 47
191 47
192 47
193 46
194 46
195 44
196 44
197 45
198 43
199 42
200 42
201 43
202 43
203 43
204 45
205 48
206 46
207 48
208 47
209 48
210 45
211 47
212 49
213 49
214 50
215 46
216 47
217 48
218 47
219 49
220 47
221 43
222 43
223 45
224 47
225 48
226 50
227 50
228 50
229 52
230 50
231 50
232 50
233 50
234 47
235 49
236 49
237 49
238 48
239 50
240 51
241 53
242 51
243 52
244 49
245 50
246 47
247 46
248 47
249 47
250 48
251 46
252 46
253 46
254 46
255 44
256 45
257 46
258 45
259 47
260 45
261 47
262 46
263 45
264 45
265 43
266 43
267 46
268 46
269 45
270 44
271 44
272 46
273 49
274 49
275 48
276 50
277 48
278 47
279 47
280 48
281 48
282 50
283 49
284 51
285 46
286 47
287 47
288 47
289 46
290 45
291 43
292 45
293 44
294 46
295 46
296 47
297 48
298 49
299 49
300 50
301 51
302 48
303 55
304 53
305 55
306 51
307 53
308 52
309 52
310 52
311 50
312 49
313 49
314 49
315 50
316 52
317 51
318 50
319 50
320 51
321 51
322 53
323 52
324 52
325 53
326 53
327 52
328 50
329 50
330 51
331 51
332 50
333 51
334 50
335 51
336 51
337 51
338 49
339 47
340 49
341 50
342 49
343 46
344 48
345 46
346 44
347 47
348 48
349 48
350 50
351 52
352 51
353 53
354 52
355 50
356 50
357 48
358 48
359 48
360 48
361 50
362 48
363 51
364 51
365 52
366 51
367 50
368 47
369 49
370 51
371 52
372 50
373 47
374 47
375 46
376 45
377 45
378 43
379 41
380 44
381 46
382 48
383 49
384 47
385 47
386 48
387 51
388 51
389 50
390 48
391 47
392 49
393 49
394 45
395 49
396 48
397 48
398 48
399 45
400 45
401 45
402 47
403 46
404 46
405 47
406 48
407 50
408 50
409 50
410 52
411 52
412 49
413 52
414 52
415 52
416 51
417 52
418 53
419 52
420 55
421 54
422 56
423 54
424 55
425 54
426 57
427 56
428 54
429 55
430 52
431 53
432 52
433 52
434 51
435 51
436 46
437 44
438 43
439 43
440 43
441 43
442 42
443 44
444 47
445 46
446 45
447 45
448 47
449 45
450 46
451 47
452 46
453 48
454 49
455 48
456 49
457 50
458 51
459 49
460 49
461 48
462 48
463 48
464 49
465 47
466 45
467 45
468 45
469 45
470 47
471 45
472 49
473 51
474 53
475 50
476 49
477 49
478 48
479 48
480 48
481 46
482 47
483 49
484 48
485 53
486 55
487 58
488 59
489 56
490 57
491 54
492 56
493 54
494 52
495 53
496 51
497 51
498 49
499 48
500 49
501 48
502 46
503 47
504 46
505 46
506 45
507 44
508 43
509 45
510 42
511 40
512 43
513 46
514 46
515 47
516 46
517 47
518 48
519 48
520 47
521 48
522 47
523 43
524 46
525 50
526 50
527 51
528 51
529 55
530 55
531 59
532 58
533 58
534 58
535 55
536 58
537 56
538 57
539 57
540 57
541 57
542 58
543 56
544 54
545 50
546 50
547 51
548 48
549 46
550 47
551 47
552 50
553 48
554 48
555 50
556 51
557 49
558 48
559 49
560 51
561 51
562 53
563 51
564 51
565 51
566 54
567 54
568 55
569 53
570 51
571 49
572 51
573 49
574 48
575 47
576 49
577 49
578 48
579 48
580 51
581 49
582 49
583 50
584 49
585 47
586 47
587 48
588 48
589 52
590 54
591 51
592 53
593 54
594 51
595 52
596 53
597 53
598 53
599 53
600 51
601 51
602 50
603 50
604 48
605 51
606 52
607 49
608 49
609 48
610 49
611 47
612 46
613 47
614 48
615 46
616 46
617 49
618 48
619 46
620 46
621 46
622 45
623 46
624 46
625 50
626 51
627 50
628 51
629 52
630 51
631 52
632 52
633 52
634 50
635 48
636 50
637 48
638 47
639 47
640 46
641 48
642 50
643 47
644 47
645 46
646 47
647 44
648 50
649 48
650 48
651 48
652 48
653 50
654 49
655 50
656 49
657 49
658 48
659 50
660 52
661 48
662 47
663 44
664 41
665 42
666 45
667 46
668 46
669 50
670 51
671 53
672 53
673 53
674 54
675 56
676 55
677 55
678 52
679 49
680 51
681 49
682 47
683 49
684 51
685 52
686 49
687 50
688 51
689 51
690 53
691 52
692 50
693 51
694 49
695 49
696 52
697 48
698 49
699 47
700 47
701 45
702 47
703 47
704 46
705 47
706 47
707 48
708 49
709 48
710 47
711 47
712 47
713 49
714 50
715 49
716 52
717 51
718 51
719 51
720 50
721 52
722 53
723 51
724 51
725 52
726 53
727 52
728 52
729 50
730 52
731 51
732 49
733 49
734 48
735 46
736 47
737 47
738 51
739 50
740 52
741 52
742 54
743 52
744 53
745 52
746 51
747 52
748 52
749 52
750 51
751 48
752 50
753 52
754 51
755 51
756 50
757 51
758 50
759 53
760 47
761 47
762 47
763 49
764 48
765 48
766 48
767 47
768 45
769 45
770 43
771 46
772 49
773 48
774 46
775 45
776 46
777 44
778 45
779 46
780 46
781 48
782 48
783 49
784 50
785 49
786 50
787 51
788 52
789 49
790 48
791 45
792 48
793 49
794 48
795 47
796 47
797 47
798 49
799 51
800 48
801 51
802 50
803 48
804 47
805 47
806 46
807 44
808 44
809 44
810 42
811 41
812 42
813 44
814 43
815 44
816 45
817 44
818 47
819 47
820 48
821 49
822 49
823 48
824 51
825 51
826 48
827 45
828 46
829 48
830 44
831 48
832 48
833 49
834 46
835 47
836 46
837 44
838 43
839 49
840 50
841 47
842 46
843 44
844 44
845 44
846 46
847 46
848 48
849 50
850 50
851 49
852 47
853 46
854 47
855 45
856 46
857 45
858 43
859 42
860 46
861 47
862 48
863 51
864 50
865 52
866 51
867 51
868 49
869 51
870 49
871 49
872 50
873 49
874 50
875 47
876 47
877 47
878 49
879 48
880 49
881 49
882 49
883 49
884 48
885 49
886 49
887 49
888 47
889 48
890 53
891 51
892 47
893 46
894 48
895 46
896 44
897 45
898 44
899 42
900 44
901 46
902 45
903 44
904 43
905 44
906 43
907 44
908 44
909 43
910 43
911 45
912 44
913 38
914 41
915 45
916 46
917 43
918 44
919 41
920 42
921 43
922 45
923 43
924 44
925 47
926 47
927 46
928 47
929 50
930 48
931 49
932 50
933 51
934 50
935 47
936 50
937 50
938 49
939 49
940 49
941 48
942 48
943 49
944 49
945 49
946 50
947 53
948 53
949 53
950 52
951 53
952 53
953 52
954 49
955 47
956 47
957 44
958 44
959 46
960 48
961 49
962 49
963 49
964 48
965 46
966 47
967 46
968 47
969 47
970 43
971 44
972 46
973 47
974 47
975 45
976 47
977 51
978 50
979 50
980 50
981 48
982 50
983 55
984 54
985 53
986 49
987 51
988 50
989 48
990 48
991 48
992 47
993 50
994 47
995 47
996 46
997 48
998 45
999 44
1000 41
