0 60
1 52
2 45
3 43
4 46
5 42
6 41
7 42
8 47
9 45
10 42
11 40
12 40
13 41
14 44
15 43
16 40
17 43
18 41
19 42
20 42
21 40
22 41
23 44
24 46
25 42
26 40
27 39
28 42
29 44
30 42
31 44
32 41
33 39
34 43
35 37
36 40
37 41
38 37
39 39
40 43
41 43
42 41
43 44
44 42
45 39
46 40
47 42
48 40
49 37
50 39
51 42
52 38
53 41
54 39
55 39
56 41
57 41
58 41
59 40
60 37
61 41
62 44
63 43
64 41
65 37
66 36
67 39
68 37
69 41
70 43
71 46
72 45
73 41
74 42
75 44
76 44
77 46
78 42
79 44
80 38
81 41
82 36
83 39
84 41
85 39
86 41
87 43
88 41
89 37
90 42
91 36
92 37
93 43
94 42
95 42
96 44
97 44
98 42
99 43
100 40
101 42
102 45
103 42
104 33
105 33
106 35
107 40
108 37
109 39
110 37
111 42
112 42
113 40
114 43
115 39
116 41
117 43
118 42
119 41
120 45
121 45
122 44
123 44
124 40
125 36
126 38
127 38
128 39
129 40
130 45
131 44
132 41
133 38
134 38
135 39
136 37
137 39
138 38
139 38
140 38
141 38
142 38
143 42
144 41
145 44
146 47
147 45
148 45
149 48
150 42
151 42
152 42
153 44
154 42
155 43
156 47
157 41
158 42
159 41
160 45
161 40
162 39
163 43
164 43
165 44
166 42
167 44
168 45
169 42
170 40
171 40
172 43
173 43
174 45
175 41
176 36
177 39
178 39
179 38
180 42
181 38
182 39
183 38
184 40
185 41
186 40
187 37
188 34
189 37
190 35
191 37
192 39
193 39
194 40
195 41
196 41
197 42
198 46
199 41
200 37
201 40
202 41
203 41
204 42
205 42
206 41
207 44
208 45
209 42
210 45
211 42
212 45
213 43
214 48
215 43
216 39
217 38
218 36
219 36
220 35
221 40
222 40
223 39
224 41
225 44
226 41
227 45
228 41
229 38
230 40
231 37
232 33
233 31
234 33
235 39
236 43
237 41
238 40
239 40
240 39
241 39
242 41
243 41
244 41
245 37
246 42
247 38
248 39
249 44
250 39
251 40
252 42
253 40
254 44
255 45
256 42
257 41
258 39
259 41
260 42
261 34
262 39
263 36
264 42
265 43
266 35
267 35
268 37
269 38
270 41
271 37
272 38
273 35
274 39
275 36
276 35
277 36
278 39
279 39
280 39
281 41
282 40
283 37
284 37
285 36
286 37
287 40
288 39
289 36
290 39
291 39
292 40
293 41
294 42
295 43
296 40
297 41
298 40
299 41
300 40
301 45
302 42
303 43
304 41
305 39
306 34
307 38
308 38
309 36
310 37
311 39
312 40
313 39
314 40
315 39
316 37
317 40
318 36
319 37
320 37
321 43
322 45
323 48
324 48
325 44
326 46
327 42
328 41
329 44
330 41
331 38
332 37
333 36
334 34
335 39
336 43
337 43
338 38
339 41
340 42
341 44
342 44
343 44
344 48
345 45
346 42
347 44
348 44
349 46
350 44
351 46
352 47
353 48
354 46
355 45
356 42
357 36
358 41
359 41
360 42
361 43
362 47
363 45
364 44
365 46
366 43
367 42
368 42
369 41
370 42
371 42
372 42
373 41
374 40
375 35
376 38
377 42
378 42
379 44
380 40
381 37
382 43
383 42
384 40
385 40
386 40
387 37
388 38
389 35
390 34
391 38
392 38
393 41
394 42
395 43
396 46
397 38
398 40
399 42
400 41
401 44
402 43
403 41
404 42
405 43
406 43
407 43
408 41
409 46
410 44
411 43
412 41
413 36
414 34
415 38
416 40
417 37
418 40
419 40
420 40
421 39
422 41
423 41
424 39
425 41
426 41
427 41
428 36
429 40
430 40
431 42
432 39
433 44
434 44
435 40
436 40
437 41
438 39
439 39
440 40
441 39
442 41
443 41
444 37
445 37
446 41
447 43
448 43
449 43
450 44
451 42
452 47
453 45
454 46
455 41
456 44
457 45
458 40
459 41
460 37
461 37
462 41
463 38
464 42
465 41
466 42
467 38
468 40
469 43
470 41
471 42
472 43
473 37
474 35
475 40
476 42
477 39
478 42
479 42
480 41
481 37
482 42
483 38
484 41
485 42
486 41
487 45
488 43
489 43
490 41
491 42
492 46
493 44
494 47
495 45
496 43
497 40
498 38
499 43
500 40
501 41
502 45
503 45
504 45
505 43
506 41
507 40
508 43
509 37
510 32
511 36
512 41
513 41
514 38
515 40
516 44
517 45
518 42
519 42
520 38
521 39
522 40
523 41
524 45
525 39
526 41
527 42
528 37
529 34
530 37
531 38
532 41
533 37
534 34
535 33
536 37
537 41
538 41
539 42
540 42
541 40
542 38
543 41
544 39
545 37
546 39
547 39
548 38
549 42
550 44
551 42
552 43
553 47
554 45
555 41
556 42
557 42
558 42
559 43
560 40
561 41
562 43
563 44
564 43
565 39
566 42
567 41
568 42
569 40
570 38
571 44
572 42
573 39
574 44
575 40
576 38
577 35
578 36
579 38
580 40
581 41
582 45
583 46
584 46
585 45
586 48
587 43
588 44
589 45
590 43
591 46
592 47
593 47
594 47
595 45
596 45
597 41
598 41
599 39
600 39
601 41
602 40
603 41
604 42
605 40
606 45
607 44
608 43
609 41
610 44
611 43
612 47
613 46
614 46
615 46
616 44
617 38
618 37
619 38
620 40
621 45
622 43
623 42
624 41
625 41
626 42
627 40
628 39
629 40
630 41
631 38
632 40
633 43
634 43
635 42
636 39
637 43
638 43
639 45
640 43
641 39
642 42
643 43
644 43
645 43
646 38
647 40
648 39
649 42
650 44
651 41
652 42
653 42
654 40
655 41
656 42
657 39
658 41
659 40
660 42
661 41
662 41
663 39
664 38
665 38
666 43
667 44
668 43
669 41
670 46
671 40
672 39
673 36
674 36
675 40
676 39
677 37
678 41
679 37
680 41
681 41
682 40
683 39
684 40
685 40
686 39
687 39
688 38
689 37
690 35
691 36
692 39
693 34
694 39
695 40
696 43
697 45
698 42
699 42
700 45
701 42
702 43
703 46
704 45
705 47
706 44
707 38
708 41
709 40
710 43
711 42
712 41
713 42
714 42
715 41
716 39
717 38
718 41
719 44
720 44
721 42
722 42
723 39
724 39
725 43
726 42
727 45
728 44
729 42
730 41
731 46
732 42
733 45
734 46
735 44
736 44
737 40
738 39
739 36
740 38
741 40
742 41
743 40
744 41
745 43
746 45
747 33
748 35
749 39
750 43
751 43
752 45
753 40
754 42
755 46
756 47
757 45
758 43
759 41
760 40
761 36
762 34
763 34
764 39
765 35
766 39
767 41
768 41
769 46
770 45
771 40
772 38
773 38
774 39
775 39
776 41
777 45
778 42
779 38
780 39
781 44
782 45
783 46
784 36
785 38
786 42
787 44
788 42
789 42
790 40
791 37
792 40
793 41
794 44
795 46
796 49
797 45
798 42
799 42
800 39
801 42
802 43
803 45
804 44
805 45
806 45
807 41
808 43
809 44
810 41
811 44
812 40
813 40
814 46
815 47
816 49
817 50
818 48
819 46
820 45
821 46
822 41
823 42
824 42
825 41
826 42
827 40
828 39
829 41
830 41
831 41
832 42
833 40
834 39
835 38
836 41
837 43
838 41
839 35
840 35
841 38
842 39
843 39
844 39
845 40
846 38
847 38
848 40
849 40
850 43
851 44
852 43
853 44
854 44
855 44
856 42
857 40
858 40
859 42
860 40
861 38
862 44
863 42
864 38
865 37
866 41
867 42
868 41
869 42
870 42
871 45
872 43
873 42
874 39
875 36
876 42
877 43
878 46
879 46
880 44
881 44
882 40
883 42
884 45
885 40
886 37
887 40
888 41
889 42
890 43
891 45
892 46
893 45
894 43
895 44
896 39
897 35
898 43
899 41
900 43
901 44
902 42
903 42
904 41
905 41
906 41
907 43
908 42
909 42
910 42
911 40
912 44
913 43
914 41
915 42
916 40
917 43
918 47
919 42
920 41
921 41
922 38
923 36
924 41
925 41
926 43
927 43
928 47
929 45
930 45
931 41
932 45
933 41
934 41
935 44
936 44
937 43
938 39
939 39
940 38
941 43
942 44
943 43
944 40
945 39
946 40
947 39
948 41
949 45
950 47
951 42
952 40
953 40
954 42
955 42
956 40
957 41
958 43
959 40
960 41
961 39
962 40
963 37
964 37
965 45
966 44
967 43
968 47
969 43
970 45
971 46
972 43
973 44
974 44
975 40
976 39
977 40
978 39
979 35
980 39
981 41
982 45
983 45
984 43
985 44
986 40
987 37
988 37
989 37
990 38
991 38
992 41
993 44
994 42
995 43
996 41
997 44
998 40
999 38
1000 37
