0 25
1 19
2 15
3 13
4 15
5 15
6 14
7 15
8 15
9 16
10 15
11 13
12 13
13 15
14 17
15 17
16 14
17 11
18 14
19 13
20 12
21 14
22 17
23 15
24 16
25 15
26 14
27 14
28 14
29 13
30 15
31 15
32 15
33 16
34 14
35 14
36 12
37 15
38 19
39 15
40 16
41 17
42 13
43 14
44 15
45 15
46 14
47 15
48 14
49 15
50 14
51 14
52 15
53 15
54 13
55 14
56 14
57 15
58 15
59 15
60 14
61 11
62 11
63 13
64 11
65 15
66 12
67 14
68 9
69 12
70 15
71 16
72 13
73 13
74 15
75 15
76 16
77 14
78 14
79 16
80 15
81 14
82 15
83 15
84 14
85 13
86 14
87 15
88 14
89 12
90 14
91 15
92 15
93 14
94 15
95 14
96 15
97 14
98 14
99 16
100 16
101 17
102 14
103 13
104 13
105 13
106 14
107 14
108 13
109 12
110 14
111 15
112 14
113 12
114 13
115 13
116 16
117 14
118 14
119 13
120 14
121 14
122 13
123 14
124 14
125 13
126 16
127 16
128 15
129 16
130 16
131 15
132 15
133 15
134 14
135 16
136 14
137 16
138 17
139 19
140 15
141 14
142 13
143 13
144 13
145 14
146 13
147 13
148 13
149 13
150 15
151 12
152 13
153 14
154 15
155 14
156 13
157 13
158 10
159 12
160 14
161 14
162 15
163 11
164 14
165 15
166 17
167 15
168 15
169 16
170 15
171 16
172 17
173 16
174 14
175 15
176 14
177 13
178 13
179 16
180 14
181 15
182 14
183 15
184 15
185 13
186 15
187 15
188 15
189 13
190 15
191 14
192 13
193 13
194 14
195 14
196 11
197 15
198 17
199 17
200 18
201 16
202 14
203 15
204 14
205 15
206 14
207 13
208 14
209 12
210 14
211 16
212 16
213 14
214 14
215 15
216 14
217 14
218 14
219 15
220 13
221 15
222 14
223 12
224 14
225 15
226 15
227 13
228 14
229 14
230 14
231 14
232 14
233 12
234 12
235 9
236 12
237 14
238 16
239 16
240 16
241 17
242 15
243 16
244 15
245 15
246 12
247 13
248 13
249 13
250 15
251 18
252 16
253 14
254 15
255 16
256 15
257 16
258 16
259 15
260 14
261 14
262 14
263 13
264 12
265 13
266 15
267 15
268 15
269 14
270 14
271 16
272 15
273 14
274 16
275 13
276 14
277 14
278 15
279 15
280 16
281 16
282 16
283 16
284 16
285 15
286 14
287 14
288 14
289 14
290 17
291 18
292 16
293 17
294 15
295 13
296 11
297 14
298 15
299 16
300 13
301 15
302 16
303 17
304 16
305 15
306 16
307 16
308 14
309 13
310 15
311 15
312 15
313 14
314 14
315 13
316 15
317 17
318 15
319 15
320 15
321 16
322 14
323 16
324 15
325 18
326 15
327 14
328 14
329 12
330 12
331 14
332 14
333 15
334 14
335 16
336 17
337 19
338 15
339 15
340 15
341 16
342 16
343 15
344 17
345 14
346 17
347 19
348 18
349 15
350 16
351 14
352 14
353 12
354 16
355 17
356 17
357 13
358 12
359 12
360 14
361 16
362 16
363 15
364 13
365 12
366 13
367 15
368 17
369 16
370 15
371 14
372 14
373 16
374 15
375 15
376 13
377 14
378 15
379 14
380 12
381 15
382 14
383 12
384 15
385 15
386 16
387 14
388 15
389 14
390 14
391 15
392 15
393 16
394 13
395 11
396 11
397 14
398 16
399 16
400 17
401 15
402 11
403 13
404 12
405 15
406 14
407 14
408 15
409 15
410 13
411 12
412 14
413 14
414 14
415 14
416 14
417 15
418 15
419 16
420 13
421 15
422 16
423 15
424 14
425 14
426 14
427 16
428 15
429 12
430 12
431 15
432 13
433 15
434 12
435 15
436 17
437 18
438 18
439 16
440 15
441 12
442 13
443 16
444 11
445 13
446 14
447 13
448 14
449 15
450 14
451 14
452 14
453 16
454 15
455 16
456 16
457 17
458 10
459 16
460 17
461 17
462 16
463 12
464 13
465 14
466 13
467 13
468 14
469 16
470 14
471 15
472 16
473 18
474 16
475 16
476 17
477 15
478 13
479 10
480 13
481 14
482 13
483 15
484 13
485 16
486 16
487 12
488 12
489 15
490 14
491 12
492 13
493 15
494 16
495 15
496 14
497 13
498 17
499 16
500 13
501 12
502 13
503 13
504 14
505 16
506 12
507 16
508 14
509 13
510 13
511 13
512 15
513 12
514 14
515 14
516 16
517 13
518 13
519 15
520 16
521 16
522 16
523 16
524 12
525 15
526 17
527 16
528 18
529 17
530 16
531 16
532 16
533 17
534 14
535 13
536 14
537 16
538 15
539 17
540 14
541 15
542 15
543 16
544 16
545 14
546 14
547 16
548 13
549 15
550 16
551 16
552 13
553 15
554 17
555 14
556 15
557 15
558 14
559 13
560 15
561 12
562 13
563 15
564 17
565 16
566 13
567 15
568 14
569 14
570 16
571 18
572 14
573 15
574 16
575 14
576 15
577 11
578 15
579 17
580 14
581 14
582 16
583 15
584 13
585 16
586 15
587 15
588 17
589 16
590 15
591 14
592 17
593 15
594 13
595 11
596 12
597 13
598 13
599 11
600 13
601 14
602 14
603 15
604 14
605 14
606 15
607 13
608 13
609 14
610 10
611 13
612 13
613 13
614 15
615 15
616 15
617 13
618 13
619 13
620 14
621 14
622 16
623 14
624 13
625 13
626 12
627 14
628 17
629 14
630 14
631 15
632 12
633 14
634 12
635 15
636 14
637 17
638 16
639 15
640 13
641 14
642 17
643 17
644 15
645 16
646 17
647 14
648 14
649 16
650 18
651 16
652 14
653 14
654 17
655 14
656 15
657 15
658 15
659 14
660 13
661 14
662 13
663 13
664 15
665 16
666 12
667 15
668 14
669 13
670 15
671 11
672 15
673 15
674 15
675 15
676 14
677 15
678 15
679 14
680 16
681 15
682 15
683 17
684 17
685 15
686 11
687 14
688 16
689 16
690 13
691 15
692 15
693 17
694 17
695 15
696 15
697 13
698 13
699 13
700 12
701 13
702 15
703 18
704 17
705 16
706 15
707 16
708 14
709 14
710 14
711 14
712 15
713 15
714 15
715 18
716 13
717 13
718 13
719 17
720 17
721 15
722 15
723 15
724 15
725 16
726 11
727 14
728 13
729 16
730 16
731 16
732 14
733 16
734 14
735 19
736 17
737 17
738 15
739 17
740 15
741 12
742 14
743 14
744 14
745 12
746 10
747 11
748 15
749 16
750 14
751 14
752 14
753 16
754 15
755 15
756 16
757 15
758 13
759 14
760 14
761 16
762 17
763 17
764 14
765 13
766 14
767 15
768 13
769 12
770 14
771 14
772 15
773 13
774 12
775 13
776 14
777 14
778 13
779 14
780 14
781 16
782 13
783 15
784 15
785 16
786 13
787 11
788 11
789 13
790 15
791 16
792 14
793 16
794 16
795 16
796 16
797 11
798 15
799 14
800 12
801 13
802 16
803 16
804 15
805 15
806 14
807 15
808 14
809 14
810 15
811 15
812 14
813 14
814 12
815 13
816 16
817 15
818 15
819 14
820 13
821 16
822 14
823 12
824 15
825 15
826 14
827 15
828 14
829 14
830 15
831 15
832 15
833 13
834 16
835 16
836 14
837 16
838 17
839 15
840 15
841 15
842 14
843 9
844 13
845 15
846 15
847 16
848 14
849 14
850 15
851 15
852 16
853 16
854 16
855 16
856 16
857 12
858 14
859 15
860 15
861 15
862 14
863 17
864 17
865 16
866 16
867 14
868 16
869 14
870 12
871 12
872 14
873 11
874 12
875 12
876 16
877 14
878 16
879 14
880 13
881 15
882 13
883 14
884 16
885 15
886 16
887 15
888 16
889 15
890 15
891 17
892 17
893 17
894 15
895 12
896 16
897 15
898 16
899 13
900 15
901 16
902 13
903 16
904 14
905 14
906 14
907 17
908 16
909 14
910 13
911 13
912 13
913 15
914 13
915 15
916 16
917 16
918 13
919 15
920 14
921 16
922 15
923 17
924 15
925 15
926 16
927 14
928 13
929 12
930 13
931 15
932 16
933 17
934 17
935 14
936 16
937 15
938 14
939 15
940 16
941 15
942 16
943 15
944 16
945 15
946 14
947 17
948 17
949 15
950 11
951 15
952 13
953 13
954 14
955 15
956 13
957 15
958 18
959 18
960 16
961 14
962 14
963 12
964 13
965 13
966 12
967 14
968 16
969 15
970 15
971 17
972 14
973 15
974 13
975 14
976 14
977 17
978 16
979 15
980 15
981 15
982 18
983 15
984 17
985 15
986 15
987 15
988 14
989 14
990 13
991 10
992 13
993 16
994 16
995 16
996 15
997 16
998 14
999 16
1000 14
