0 55
1 51
2 45
3 39
4 36
5 35
6 35
7 36
8 35
9 34
10 36
11 34
12 35
13 34
14 35
15 36
16 33
17 35
18 35
19 33
20 32
21 32
22 31
23 29
24 29
25 31
26 34
27 36
28 36
29 34
30 35
31 33
32 34
33 35
34 35
35 35
36 35
37 35
38 33
39 33
40 34
41 36
42 36
43 37
44 37
45 35
46 33
47 34
48 38
49 36
50 33
51 32
52 31
53 32
54 31
55 30
56 34
57 33
58 32
59 33
60 34
61 35
62 35
63 35
64 34
65 35
66 33
67 33
68 32
69 30
70 31
71 33
72 32
73 34
74 33
75 32
76 33
77 36
78 38
79 37
80 38
81 33
82 32
83 32
84 33
85 33
86 33
87 30
88 30
89 32
90 35
91 31
92 29
93 30
94 27
95 26
96 29
97 32
98 30
99 34
100 34
101 29
102 29
103 27
104 27
105 31
106 31
107 33
108 33
109 31
110 33
111 33
112 32
113 31
114 34
115 35
116 35
117 34
118 32
119 34
120 34
121 37
122 35
123 34
124 33
125 36
126 35
127 34
128 35
129 36
130 32
131 31
132 28
133 27
134 26
135 28
136 28
137 33
138 34
139 34
140 32
141 34
142 38
143 36
144 36
145 37
146 32
147 31
148 31
149 31
150 34
151 32
152 30
153 33
154 33
155 33
156 34
157 34
158 36
159 33
160 35
161 33
162 32
163 33
164 31
165 32
166 31
167 31
168 35
169 32
170 32
171 33
172 34
173 32
174 31
175 33
176 32
177 29
178 33
179 32
180 31
181 30
182 29
183 31
184 31
185 31
186 32
187 34
188 34
189 34
190 28
191 25
192 31
193 30
194 31
195 34
196 34
197 31
198 34
199 35
200 34
201 34
202 35
203 33
204 32
205 29
206 31
207 27
208 26
209 27
210 28
211 33
212 35
213 33
214 33
215 30
216 29
217 30
218 32
219 33
220 30
221 33
222 32
223 35
224 36
225 34
226 33
227 33
228 35
229 35
230 33
231 31
232 32
233 34
234 35
235 33
236 35
237 35
238 35
239 32
240 33
241 32
242 34
243 35
244 34
245 33
246 34
247 36
248 33
249 34
250 34
251 33
252 31
253 26
254 27
255 27
256 30
257 31
258 32
259 32
260 32
261 29
262 30
263 32
264 32
265 30
266 30
267 30
268 33
269 35
270 37
271 31
272 33
273 34
274 35
275 33
276 32
277 29
278 28
279 29
280 31
281 36
282 33
283 32
284 33
285 34
286 36
287 35
288 34
289 35
290 37
291 33
292 35
293 29
294 31
295 31
296 30
297 30
298 31
299 31
300 32
301 32
302 31
303 27
304 30
305 30
306 31
307 35
308 37
309 37
310 35
311 33
312 34
313 31
314 31
315 30
316 32
317 30
318 30
319 30
320 31
321 32
322 29
323 33
324 31
325 30
326 28
327 28
328 28
329 31
330 28
331 28
332 27
333 29
334 34
335 35
336 36
337 39
338 39
339 33
340 31
341 30
342 32
343 32
344 33
345 32
346 33
347 32
348 30
349 33
350 35
351 36
352 35
353 36
354 33
355 35
356 32
357 31
358 31
359 35
360 33
361 30
362 30
363 29
364 31
365 33
366 35
367 34
368 33
369 32
370 28
371 32
372 31
373 31
374 31
375 31
376 31
377 30
378 29
379 32
380 29
381 26
382 30
383 27
384 30
385 32
386 35
387 31
388 32
389 34
390 33
391 32
392 33
393 34
394 36
395 34
396 35
397 35
398 34
399 34
400 34
401 33
402 34
403 32
404 33
405 37
406 37
407 36
408 36
409 34
410 33
411 34
412 31
413 31
414 29
415 28
416 29
417 30
418 30
419 30
420 32
421 33
422 34
423 35
424 34
425 34
426 36
427 36
428 34
429 36
430 36
431 37
432 37
433 38
434 33
435 32
436 30
437 31
438 34
439 35
440 35
441 33
442 30
443 30
444 32
445 29
446 31
447 31
448 33
449 31
450 30
451 32
452 32
453 33
454 32
455 34
456 33
457 27
458 24
459 30
460 29
461 31
462 28
463 27
464 30
465 30
466 31
467 33
468 34
469 33
470 33
471 30
472 33
473 34
474 31
475 30
476 29
477 29
478 33
479 33
480 32
481 32
482 35
483 32
484 33
485 32
486 31
487 30
488 30
489 30
490 32
491 34
492 33
493 32
494 34
495 37
496 37
497 36
498 33
499 34
500 35
501 31
502 33
503 34
504 34
505 33
506 33
507 35
508 31
509 32
510 30
511 29
512 32
513 29
514 29
515 30
516 29
517 29
518 31
519 31
520 31
521 32
522 33
523 33
524 34
525 31
526 33
527 30
528 32
529 27
530 26
531 28
532 31
533 33
534 34
535 34
536 33
537 34
538 33
539 33
540 33
541 34
542 34
543 35
544 35
545 36
546 36
547 32
548 31
549 30
550 31
551 30
552 30
553 31
554 28
555 30
556 31
557 29
558 29
559 32
560 32
561 34
562 35
563 36
564 37
565 34
566 33
567 33
568 34
569 35
570 36
571 35
572 34
573 31
574 28
575 30
576 29
577 29
578 30
579 32
580 31
581 34
582 35
583 34
584 35
585 37
586 35
587 34
588 33
589 31
590 33
591 35
592 36
593 34
594 33
595 32
596 34
597 31
598 28
599 30
600 29
601 31
602 32
603 32
604 32
605 31
606 32
607 33
608 35
609 36
610 37
611 34
612 29
613 29
614 30
615 32
616 34
617 34
618 34
619 32
620 34
621 33
622 33
623 35
624 34
625 35
626 35
627 37
628 34
629 35
630 33
631 31
632 28
633 29
634 30
635 31
636 32
637 33
638 34
639 33
640 32
641 33
642 33
643 32
644 32
645 33
646 31
647 34
648 29
649 30
650 32
651 34
652 33
653 32
654 32
655 31
656 32
657 30
658 30
659 30
660 31
661 32
662 31
663 31
664 34
665 30
666 31
667 27
668 30
669 32
670 31
671 30
672 30
673 29
674 28
675 29
676 30
677 31
678 34
679 33
680 32
681 31
682 32
683 31
684 35
685 36
686 34
687 32
688 29
689 32
690 32
691 33
692 34
693 37
694 37
695 38
696 35
697 35
698 32
699 33
700 36
701 37
702 38
703 35
704 33
705 36
706 35
707 33
708 35
709 35
710 35
711 35
712 32
713 29
714 31
715 33
716 32
717 31
718 31
719 31
720 31
721 32
722 32
723 34
724 33
725 35
726 37
727 35
728 35
729 34
730 35
731 36
732 37
733 36
734 34
735 36
736 33
737 34
738 34
739 28
740 31
741 30
742 31
743 30
744 31
745 31
746 29
747 28
748 28
749 31
750 34
751 30
752 31
753 31
754 31
755 29
756 28
757 30
758 30
759 31
760 33
761 32
762 32
763 29
764 29
765 31
766 30
767 30
768 33
769 33
770 32
771 31
772 33
773 35
774 35
775 34
776 33
777 32
778 32
779 33
780 33
781 34
782 36
783 36
784 37
785 35
786 36
787 36
788 36
789 34
790 36
791 34
792 34
793 36
794 35
795 32
796 31
797 31
798 31
799 31
800 32
801 31
802 30
803 30
804 30
805 30
806 28
807 33
808 32
809 33
810 34
811 32
812 36
813 33
814 33
815 34
816 34
817 33
818 31
819 31
820 30
821 32
822 31
823 32
824 34
825 31
826 30
827 31
828 32
829 30
830 31
831 32
832 30
833 32
834 35
835 35
836 36
837 36
838 36
839 33
840 33
841 31
842 27
843 26
844 28
845 28
846 27
847 26
848 25
849 27
850 29
851 29
852 30
853 28
854 30
855 29
856 30
857 30
858 32
859 35
860 35
861 32
862 32
863 32
864 32
865 34
866 34
867 34
868 34
869 34
870 32
871 33
872 32
873 34
874 32
875 34
876 36
877 32
878 30
879 30
880 30
881 31
882 32
883 30
884 28
885 32
886 33
887 31
888 30
889 28
890 33
891 32
892 32
893 33
894 33
895 32
896 31
897 35
898 33
899 33
900 34
901 35
902 35
903 34
904 33
905 34
906 33
907 32
908 33
909 34
910 32
911 30
912 30
913 31
914 30
915 30
916 31
917 33
918 31
919 30
920 28
921 31
922 32
923 34
924 32
925 34
926 33
927 31
928 33
929 34
930 34
931 35
932 31
933 29
934 29
935 29
936 32
937 32
938 31
939 27
940 27
941 29
942 31
943 34
944 35
945 35
946 35
947 30
948 29
949 29
950 30
951 33
952 33
953 31
954 30
955 31
956 33
957 36
958 33
959 35
960 32
961 32
962 34
963 32
964 33
965 30
966 25
967 26
968 29
969 29
970 31
971 31
972 27
973 31
974 30
975 32
976 31
977 29
978 31
979 33
980 30
981 29
982 28
983 30
984 31
985 33
986 31
987 32
988 34
989 36
990 36
991 36
992 33
993 34
994 37
995 36
996 37
997 37
998 36
999 36
1000 35
