0 95
1 59
2 65
3 61
4 58
5 63
6 65
7 64
8 66
9 67
10 65
11 66
12 67
13 64
14 67
15 63
16 64
17 71
18 65
19 58
20 67
21 65
22 65
23 65
24 62
25 65
26 65
27 64
28 66
29 67
30 65
31 67
32 62
33 61
34 68
35 67
36 63
37 69
38 63
39 65
40 66
41 61
42 61
43 62
44 62
45 65
46 64
47 63
48 64
49 62
50 65
51 64
52 63
53 66
54 69
55 62
56 65
57 63
58 65
59 64
60 66
61 61
62 64
63 62
64 69
65 65
66 68
67 70
68 63
69 63
70 62
71 65
72 66
73 60
74 62
75 66
76 67
77 66
78 61
79 68
80 64
81 66
82 68
83 66
84 63
85 66
86 65
87 63
88 62
89 69
90 67
91 61
92 66
93 61
94 68
95 61
96 66
97 64
98 67
99 63
100 61
101 62
102 67
103 68
104 63
105 66
106 68
107 69
108 70
109 64
110 69
111 66
112 65
113 63
114 64
115 60
116 63
117 66
118 64
119 58
120 60
121 64
122 63
123 68
124 58
125 63
126 67
127 67
128 66
129 65
130 65
131 61
132 66
133 66
134 65
135 64
136 68
137 67
138 66
139 67
140 66
141 58
142 66
143 64
144 68
145 70
146 64
147 67
148 67
149 61
150 64
151 66
152 64
153 60
154 63
155 63
156 63
157 63
158 68
159 66
160 61
161 66
162 64
163 66
164 65
165 63
166 64
167 65
168 68
169 65
170 61
171 61
172 61
173 65
174 65
175 62
176 66
177 65
178 67
179 68
180 68
181 63
182 63
183 68
184 65
185 63
186 65
187 68
188 68
189 66
190 61
191 64
192 64
193 61
194 67
195 65
196 67
197 67
198 66
199 64
200 63
201 61
202 64
203 63
204 64
205 68
206 69
207 62
208 61
209 64
210 65
211 66
212 60
213 64
214 69
215 65
216 64
217 65
218 63
219 63
220 64
221 63
222 64
223 66
224 62
225 63
226 61
227 61
228 65
229 66
230 63
231 65
232 65
233 59
234 62
235 63
236 65
237 64
238 65
239 61
240 66
241 66
242 66
243 62
244 65
245 62
246 66
247 62
248 61
249 66
250 66
251 66
252 62
253 61
254 62
255 60
256 67
257 65
258 66
259 62
260 62
261 57
262 63
263 64
264 64
265 63
266 65
267 68
268 65
269 65
270 65
271 65
272 66
273 62
274 64
275 63
276 65
277 61
278 65
279 60
280 67
281 67
282 64
283 66
284 67
285 61
286 62
287 66
288 67
289 68
290 63
291 66
292 65
293 55
294 62
295 66
296 69
297 66
298 65
299 65
300 61
301 66
302 67
303 68
304 63
305 67
306 60
307 62
308 57
309 65
310 62
311 66
312 64
313 71
314 67
315 62
316 64
317 68
318 67
319 61
320 70
321 59
322 64
323 64
324 61
325 67
326 61
327 66
328 61
329 59
330 64
331 63
332 60
333 60
334 64
335 64
336 64
337 59
338 64
339 63
340 61
341 65
342 68
343 69
344 65
345 65
346 65
347 64
348 62
349 57
350 65
351 69
352 62
353 64
354 60
355 64
356 64
357 64
358 63
359 67
360 63
361 63
362 64
363 67
364 66
365 62
366 63
367 69
368 65
369 60
370 67
371 67
372 70
373 70
374 64
375 66
376 63
377 67
378 65
379 65
380 66
381 66
382 64
383 63
384 61
385 60
386 66
387 63
388 66
389 66
390 64
391 61
392 61
393 65
394 66
395 64
396 65
397 66
398 66
399 60
400 60
401 62
402 67
403 65
404 59
405 62
406 66
407 67
408 61
409 64
410 58
411 64
412 65
413 65
414 64
415 65
416 66
417 65
418 61
419 61
420 64
421 62
422 64
423 66
424 63
425 63
426 60
427 64
428 62
429 67
430 66
431 66
432 61
433 64
434 63
435 62
436 64
437 64
438 64
439 66
440 64
441 64
442 64
443 63
444 66
445 67
446 68
447 67
448 66
449 62
450 64
451 63
452 63
453 66
454 67
455 64
456 61
457 65
458 66
459 67
460 68
461 68
462 66
463 67
464 68
465 61
466 67
467 68
468 69
469 68
470 68
471 60
472 64
473 65
474 62
475 65
476 63
477 65
478 62
479 60
480 64
481 66
482 66
483 70
484 71
485 68
486 64
487 68
488 68
489 61
490 62
491 56
492 59
493 66
494 68
495 70
496 64
497 62
498 65
499 63
500 63
501 66
502 65
503 63
504 62
505 62
506 60
507 66
508 68
509 62
510 63
511 69
512 64
513 64
514 62
515 62
516 62
517 65
518 61
519 69
520 58
521 64
522 65
523 62
524 65
525 64
526 59
527 62
528 62
529 66
530 63
531 63
532 67
533 66
534 61
535 62
536 63
537 67
538 62
539 70
540 70
541 66
542 60
543 63
544 61
545 65
546 63
547 64
548 65
549 61
550 59
551 70
552 66
553 59
554 64
555 65
556 58
557 63
558 67
559 67
560 66
561 66
562 62
563 67
564 59
565 59
566 66
567 68
568 65
569 65
570 68
571 66
572 70
573 64
574 67
575 66
576 69
577 66
578 64
579 61
580 64
581 60
582 65
583 64
584 66
585 65
586 67
587 65
588 63
589 60
590 62
591 64
592 68
593 64
594 62
595 62
596 63
597 62
598 62
599 65
600 66
601 61
602 61
603 59
604 63
605 57
606 63
607 61
608 69
609 66
610 66
611 63
612 63
613 65
614 67
615 66
616 67
617 64
618 64
619 67
620 65
621 62
622 63
623 61
624 61
625 64
626 62
627 64
628 66
629 64
630 65
631 65
632 66
633 62
634 65
635 62
636 60
637 66
638 66
639 62
640 60
641 62
642 63
643 66
644 62
645 63
646 65
647 57
648 68
649 63
650 64
651 50
652 63
653 66
654 67
655 65
656 61
657 62
658 65
659 65
660 64
661 63
662 61
663 64
664 61
665 65
666 63
667 58
668 67
669 59
670 65
671 66
672 65
673 61
674 64
675 63
676 66
677 60
678 63
679 62
680 63
681 62
682 65
683 61
684 66
685 63
686 65
687 64
688 67
689 63
690 68
691 61
692 63
693 62
694 65
695 63
696 67
697 66
698 63
699 65
700 62
701 68
702 65
703 69
704 64
705 67
706 60
707 69
708 66
709 63
710 65
711 65
712 68
713 70
714 65
715 64
716 67
717 65
718 66
719 70
720 67
721 66
722 68
723 65
724 66
725 63
726 65
727 64
728 59
729 68
730 62
731 67
732 60
733 60
734 58
735 68
736 67
737 62
738 60
739 67
740 64
741 67
742 68
743 67
744 64
745 63
746 66
747 61
748 67
749 61
750 67
751 55
752 59
753 62
754 65
755 65
756 61
757 63
758 63
759 62
760 64
761 67
762 57
763 64
764 64
765 66
766 67
767 60
768 64
769 68
770 65
771 62
772 68
773 64
774 62
775 66
776 66
777 65
778 65
779 65
780 62
781 71
782 63
783 61
784 65
785 67
786 62
787 64
788 60
789 64
790 64
791 63
792 68
793 64
794 65
795 62
796 68
797 64
798 62
799 62
800 66
801 64
802 64
803 60
804 68
805 63
806 59
807 65
808 63
809 61
810 68
811 67
812 65
813 60
814 64
815 65
816 65
817 64
818 58
819 63
820 66
821 66
822 64
823 69
824 62
825 65
826 66
827 68
828 65
829 66
830 66
831 62
832 67
833 68
834 61
835 61
836 65
837 69
838 67
839 66
840 67
841 63
842 64
843 61
844 63
845 64
846 65
847 67
848 60
849 63
850 66
851 64
852 66
853 66
854 69
855 64
856 60
857 66
858 67
859 61
860 66
861 63
862 59
863 63
864 64
865 66
866 66
867 60
868 67
869 70
870 64
871 66
872 63
873 62
874 68
875 61
876 64
877 68
878 61
879 65
880 59
881 64
882 65
883 64
884 68
885 65
886 65
887 62
888 65
889 58
890 66
891 65
892 68
893 65
894 63
895 61
896 67
897 68
898 61
899 60
900 65
901 60
902 66
903 69
904 65
905 64
906 65
907 62
908 67
909 65
910 62
911 66
912 62
913 69
914 68
915 63
916 66
917 64
918 63
919 65
920 64
921 61
922 60
923 62
924 69
925 65
926 66
927 67
928 65
929 65
930 64
931 63
932 61
933 63
934 63
935 64
936 65
937 67
938 61
939 63
940 62
941 70
942 66
943 64
944 63
945 66
946 65
947 66
948 63
949 64
950 64
951 61
952 63
953 69
954 64
955 62
956 65
957 61
958 60
959 67
960 65
961 66
962 65
963 66
964 62
965 63
966 65
967 71
968 66
969 68
970 67
971 61
972 61
973 66
974 59
975 66
976 67
977 65
978 60
979 65
980 68
981 67
982 69
983 68
984 66
985 63
986 65
987 64
988 61
989 61
990 59
991 66
992 65
993 64
994 63
995 64
996 63
997 61
998 61
999 62
1000 65
