0 75
1 58
2 52
3 47
4 46
5 52
6 49
7 45
8 54
9 51
10 48
11 49
12 51
13 54
14 51
15 51
16 49
17 53
18 53
19 52
20 53
21 52
22 50
23 51
24 41
25 47
26 52
27 48
28 47
29 51
30 53
31 49
32 51
33 47
34 54
35 49
36 50
37 48
38 52
39 52
40 49
41 48
42 50
43 47
44 53
45 50
46 51
47 51
48 48
49 47
50 47
51 53
52 48
53 48
54 51
55 50
56 45
57 49
58 49
59 50
60 49
61 54
62 54
63 50
64 50
65 53
66 50
67 52
68 51
69 50
70 50
71 47
72 45
73 42
74 46
75 49
76 54
77 54
78 56
79 55
80 54
81 53
82 55
83 54
84 50
85 47
86 50
87 55
88 55
89 54
90 50
91 54
92 53
93 53
94 51
95 52
96 47
97 52
98 45
99 50
100 46
101 51
102 48
103 49
104 48
105 49
106 49
107 49
108 50
109 53
110 52
111 50
112 49
113 51
114 51
115 49
116 55
117 55
118 46
119 47
120 50
121 52
122 53
123 49
124 49
125 48
126 51
127 50
128 50
129 54
130 50
131 49
132 49
133 53
134 46
135 48
136 44
137 47
138 47
139 51
140 52
141 54
142 54
143 46
144 50
145 49
146 49
147 48
148 52
149 48
150 52
151 55
152 48
153 50
154 50
155 46
156 47
157 50
158 50
159 50
160 51
161 51
162 48
163 49
164 48
165 50
166 46
167 47
168 50
169 48
170 54
171 52
172 53
173 52
174 48
175 48
176 48
177 45
178 51
179 50
180 46
181 51
182 49
183 54
184 50
185 45
186 52
187 48
188 50
189 54
190 53
191 52
192 48
193 53
194 46
195 51
196 49
197 48
198 52
199 47
200 47
201 46
202 50
203 47
204 52
205 51
206 48
207 53
208 54
209 54
210 55
211 48
212 49
213 54
214 52
215 51
216 51
217 49
218 51
219 52
220 48
221 49
222 50
223 50
224 51
225 48
226 52
227 49
228 57
229 53
230 54
231 56
232 51
233 53
234 54
235 50
236 53
237 50
238 51
239 53
240 53
241 51
242 49
243 51
244 46
245 48
246 51
247 52
248 51
249 55
250 53
251 47
252 51
253 48
254 49
255 50
256 47
257 49
258 52
259 47
260 49
261 55
262 52
263 53
264 48
265 50
266 46
267 44
268 45
269 48
270 49
271 51
272 52
273 49
274 52
275 51
276 47
277 50
278 48
279 48
280 49
281 48
282 47
283 51
284 51
285 47
286 53
287 52
288 51
289 49
290 49
291 45
292 52
293 50
294 51
295 50
296 48
297 49
298 48
299 50
300 52
301 53
302 50
303 52
304 52
305 50
306 50
307 54
308 51
309 52
310 55
311 49
312 48
313 46
314 49
315 50
316 54
317 52
318 49
319 51
320 50
321 53
322 54
323 51
324 49
325 51
326 53
327 53
328 53
329 51
330 53
331 48
332 51
333 50
334 51
335 54
336 50
337 54
338 53
339 48
340 53
341 54
342 50
343 52
344 50
345 53
346 52
347 54
348 55
349 52
350 52
351 48
352 52
353 53
354 53
355 48
356 51
357 48
358 48
359 44
360 49
361 49
362 51
363 51
364 49
365 48
366 49
367 50
368 51
369 52
370 52
371 50
372 51
373 50
374 52
375 53
376 52
377 52
378 51
379 49
380 49
381 54
382 53
383 50
384 48
385 49
386 45
387 51
388 52
389 50
390 46
391 50
392 54
393 52
394 50
395 51
396 55
397 51
398 48
399 50
400 46
401 48
402 43
403 50
404 46
405 48
406 51
407 52
408 47
409 48
410 50
411 51
412 52
413 49
414 48
415 47
416 49
417 48
418 49
419 50
420 56
421 54
422 55
423 50
424 49
425 50
426 55
427 45
428 52
429 47
430 45
431 48
432 52
433 49
434 49
435 47
436 51
437 53
438 49
439 49
440 51
441 46
442 50
443 52
444 49
445 50
446 54
447 49
448 51
449 48
450 50
451 51
452 56
453 50
454 53
455 55
456 50
457 51
458 48
459 50
460 49
461 50
462 48
463 48
464 48
465 47
466 49
467 49
468 50
469 49
470 51
471 50
472 48
473 48
474 50
475 55
476 52
477 50
478 54
479 48
480 50
481 53
482 54
483 51
484 48
485 51
486 55
487 50
488 50
489 49
490 52
491 54
492 49
493 49
494 49
495 47
496 48
497 48
498 51
499 53
500 50
501 50
502 50
503 52
504 53
505 55
506 50
507 49
508 49
509 49
510 50
511 43
512 47
513 46
514 49
515 52
516 49
517 53
518 46
519 49
520 49
521 47
522 52
523 48
524 46
525 54
526 43
527 47
528 50
529 50
530 53
531 53
532 49
533 50
534 49
535 47
536 49
537 47
538 51
539 50
540 48
541 51
542 48
543 48
544 49
545 49
546 47
547 50
548 52
549 48
550 51
551 50
552 46
553 54
554 52
555 51
556 51
557 50
558 54
559 51
560 52
561 53
562 49
563 54
564 52
565 48
566 48
567 52
568 46
569 45
570 48
571 50
572 47
573 50
574 52
575 52
576 53
577 50
578 49
579 54
580 47
581 42
582 48
583 48
584 45
585 45
586 47
587 51
588 48
589 54
590 56
591 50
592 53
593 49
594 51
595 53
596 45
597 49
598 52
599 52
600 52
601 53
602 53
603 52
604 49
605 52
606 43
607 46
608 50
609 47
610 47
611 50
612 49
613 53
614 51
615 48
616 50
617 44
618 47
619 46
620 49
621 49
622 46
623 49
624 48
625 44
626 48
627 53
628 49
629 50
630 45
631 43
632 51
633 52
634 48
635 47
636 51
637 50
638 52
639 49
640 53
641 52
642 47
643 46
644 52
645 50
646 53
647 53
648 46
649 52
650 49
651 53
652 52
653 55
654 54
655 51
656 52
657 51
658 48
659 49
660 51
661 49
662 50
663 52
664 51
665 51
666 48
667 52
668 49
669 53
670 53
671 50
672 53
673 52
674 49
675 50
676 49
677 50
678 53
679 51
680 56
681 55
682 45
683 50
684 50
685 51
686 49
687 53
688 50
689 48
690 51
691 50
692 49
693 51
694 51
695 49
696 42
697 51
698 52
699 53
700 49
701 48
702 49
703 48
704 50
705 47
706 46
707 47
708 51
709 47
710 55
711 46
712 45
713 48
714 49
715 49
716 51
717 52
718 54
719 51
720 52
721 50
722 52
723 51
724 52
725 48
726 51
727 55
728 51
729 49
730 50
731 49
732 50
733 50
734 48
735 49
736 53
737 47
738 47
739 47
740 48
741 50
742 51
743 50
744 52
745 51
746 51
747 51
748 44
749 43
750 46
751 53
752 53
753 51
754 50
755 53
756 53
757 52
758 47
759 51
760 50
761 50
762 51
763 50
764 48
765 50
766 54
767 53
768 53
769 48
770 49
771 46
772 47
773 52
774 47
775 51
776 52
777 53
778 47
779 54
780 46
781 48
782 51
783 49
784 49
785 44
786 44
787 49
788 51
789 51
790 48
791 52
792 49
793 46
794 47
795 49
796 55
797 50
798 50
799 52
800 49
801 49
802 49
803 48
804 51
805 55
806 52
807 51
808 50
809 52
810 52
811 46
812 46
813 45
814 41
815 50
816 53
817 50
818 49
819 51
820 51
821 49
822 49
823 49
824 46
825 46
826 50
827 53
828 53
829 50
830 51
831 50
832 46
833 52
834 50
835 52
836 46
837 49
838 49
839 50
840 48
841 51
842 52
843 50
844 51
845 53
846 48
847 45
848 52
849 49
850 53
851 53
852 49
853 46
854 54
855 53
856 52
857 53
858 54
859 50
860 51
861 51
862 48
863 48
864 51
865 53
866 51
867 53
868 49
869 51
870 44
871 47
872 52
873 44
874 46
875 48
876 46
877 52
878 52
879 49
880 52
881 49
882 49
883 49
884 51
885 50
886 52
887 52
888 52
889 50
890 48
891 50
892 46
893 50
894 50
895 50
896 49
897 45
898 47
899 50
900 46
901 50
902 50
903 51
904 50
905 49
906 52
907 50
908 48
909 46
910 49
911 53
912 50
913 51
914 50
915 50
916 47
917 47
918 48
919 51
920 48
921 50
922 51
923 52
924 53
925 53
926 45
927 50
928 43
929 48
930 41
931 46
932 49
933 55
934 51
935 46
936 50
937 48
938 51
939 56
940 51
941 51
942 52
943 50
944 48
945 49
946 52
947 49
948 49
949 53
950 52
951 52
952 50
953 53
954 54
955 50
956 50
957 52
958 51
959 50
960 48
961 45
962 49
963 49
964 49
965 51
966 55
967 47
968 47
969 50
970 52
971 48
972 45
973 53
974 54
975 45
976 45
977 43
978 48
979 55
980 52
981 51
982 50
983 44
984 51
985 49
986 47
987 47
988 51
989 49
990 48
991 52
992 53
993 51
994 52
995 52
996 52
997 54
998 52
999 48
1000 50
