0 45
1 28
2 28
3 29
4 30
5 27
6 32
7 28
8 31
9 27
10 31
11 29
12 33
13 31
14 29
15 29
16 31
17 30
18 26
19 28
20 27
21 27
22 30
23 28
24 29
25 32
26 29
27 29
28 32
29 30
30 30
31 28
32 30
33 30
34 27
35 29
36 30
37 32
38 28
39 30
40 29
41 31
42 28
43 30
44 30
45 29
46 30
47 27
48 33
49 29
50 28
51 28
52 29
53 30
54 33
55 31
56 29
57 29
58 30
59 29
60 28
61 32
62 27
63 31
64 30
65 28
66 30
67 28
68 25
69 28
70 30
71 29
72 29
73 30
74 28
75 30
76 30
77 31
78 29
79 30
80 31
81 31
82 28
83 29
84 33
85 29
86 28
87 31
88 31
89 30
90 29
91 29
92 27
93 31
94 29
95 29
96 31
97 33
98 31
99 29
100 33
101 28
102 30
103 29
104 31
105 29
106 21
107 30
108 31
109 27
110 29
111 27
112 31
113 27
114 24
115 31
116 28
117 31
118 28
119 29
120 30
121 30
122 31
123 29
124 31
125 28
126 30
127 32
128 31
129 30
130 27
131 27
132 31
133 32
134 29
135 26
136 30
137 29
138 29
139 31
140 28
141 28
142 32
143 26
144 30
145 30
146 27
147 29
148 29
149 28
150 31
151 28
152 29
153 28
154 31
155 31
156 28
157 28
158 32
159 26
160 30
161 28
162 30
163 27
164 29
165 29
166 29
167 30
168 31
169 29
170 30
171 30
172 25
173 28
174 32
175 28
176 30
177 32
178 31
179 30
180 32
181 23
182 27
183 29
184 31
185 30
186 30
187 26
188 29
189 27
190 32
191 32
192 30
193 32
194 29
195 27
196 30
197 27
198 26
199 30
200 30
201 27
202 25
203 30
204 28
205 30
206 26
207 30
208 29
209 30
210 31
211 30
212 28
213 26
214 33
215 32
216 31
217 30
218 31
219 29
220 33
221 29
222 29
223 31
224 30
225 29
226 32
227 31
228 30
229 30
230 27
231 30
232 29
233 31
234 32
235 34
236 30
237 30
238 32
239 31
240 29
241 30
242 31
243 29
244 30
245 27
246 29
247 29
248 31
249 31
250 30
251 29
252 31
253 30
254 31
255 29
256 32
257 30
258 32
259 28
260 31
261 30
262 34
263 30
264 28
265 31
266 30
267 27
268 31
269 31
270 29
271 30
272 29
273 29
274 30
275 31
276 29
277 33
278 30
279 28
280 29
281 28
282 28
283 30
284 32
285 29
286 27
287 28
288 27
289 32
290 30
291 29
292 28
293 30
294 30
295 31
296 23
297 30
298 31
299 30
300 29
301 29
302 31
303 27
304 30
305 30
306 29
307 28
308 30
309 30
310 28
311 26
312 31
313 32
314 31
315 28
316 28
317 31
318 30
319 33
320 30
321 30
322 30
323 28
324 29
325 26
326 31
327 29
328 29
329 31
330 33
331 31
332 26
333 27
334 32
335 28
336 31
337 26
338 31
339 31
340 31
341 29
342 29
343 29
344 29
345 31
346 30
347 31
348 28
349 30
350 27
351 28
352 29
353 31
354 28
355 28
356 29
357 30
358 28
359 31
360 29
361 30
362 31
363 32
364 27
365 28
366 28
367 28
368 28
369 27
370 26
371 29
372 29
373 29
374 31
375 27
376 32
377 29
378 33
379 32
380 30
381 28
382 28
383 29
384 29
385 30
386 28
387 30
388 29
389 28
390 29
391 32
392 30
393 29
394 31
395 24
396 29
397 30
398 28
399 27
400 30
401 28
402 32
403 30
404 31
405 31
406 31
407 28
408 30
409 26
410 28
411 30
412 31
413 30
414 27
415 28
416 24
417 29
418 30
419 29
420 27
421 33
422 27
423 30
424 30
425 33
426 30
427 33
428 31
429 32
430 31
431 28
432 29
433 31
434 30
435 28
436 29
437 32
438 30
439 29
440 29
441 28
442 30
443 30
444 26
445 25
446 32
447 31
448 32
449 32
450 28
451 30
452 33
453 30
454 30
455 31
456 23
457 29
458 30
459 28
460 33
461 28
462 27
463 28
464 30
465 30
466 31
467 32
468 30
469 30
470 28
471 29
472 30
473 29
474 31
475 27
476 30
477 30
478 27
479 30
480 30
481 27
482 29
483 30
484 32
485 30
486 31
487 27
488 25
489 30
490 29
491 30
492 30
493 31
494 30
495 31
496 28
497 31
498 29
499 31
500 33
501 29
502 31
503 28
504 31
505 25
506 30
507 27
508 28
509 29
510 32
511 31
512 32
513 30
514 31
515 29
516 28
517 30
518 30
519 31
520 30
521 28
522 29
523 29
524 34
525 29
526 22
527 30
528 33
529 29
530 31
531 30
532 26
533 31
534 29
535 31
536 29
537 31
538 29
539 29
540 30
541 31
542 29
543 27
544 30
545 33
546 26
547 31
548 30
549 28
550 32
551 32
552 33
553 28
554 28
555 30
556 29
557 28
558 29
559 29
560 28
561 29
562 34
563 29
564 28
565 27
566 30
567 28
568 28
569 30
570 33
571 32
572 32
573 34
574 30
575 31
576 28
577 23
578 26
579 31
580 29
581 31
582 29
583 26
584 30
585 31
586 31
587 31
588 29
589 28
590 29
591 29
592 26
593 29
594 29
595 30
596 30
597 27
598 29
599 29
600 31
601 29
602 26
603 31
604 27
605 33
606 31
607 31
608 31
609 28
610 29
611 31
612 26
613 33
614 32
615 32
616 31
617 29
618 31
619 31
620 31
621 29
622 29
623 28
624 29
625 28
626 29
627 24
628 30
629 32
630 32
631 34
632 29
633 28
634 29
635 29
636 27
637 29
638 31
639 30
640 28
641 31
642 27
643 25
644 30
645 28
646 33
647 34
648 26
649 30
650 30
651 30
652 28
653 25
654 32
655 30
656 31
657 30
658 32
659 32
660 31
661 29
662 31
663 29
664 31
665 29
666 30
667 31
668 27
669 30
670 30
671 29
672 27
673 29
674 30
675 29
676 29
677 31
678 32
679 33
680 26
681 27
682 30
683 31
684 31
685 30
686 28
687 32
688 30
689 32
690 28
691 26
692 28
693 29
694 29
695 30
696 31
697 31
698 32
699 27
700 25
701 29
702 27
703 27
704 33
705 30
706 27
707 29
708 31
709 28
710 31
711 32
712 29
713 30
714 27
715 30
716 29
717 29
718 29
719 31
720 28
721 28
722 31
723 32
724 30
725 28
726 26
727 24
728 31
729 28
730 27
731 29
732 29
733 31
734 30
735 29
736 28
737 28
738 28
739 30
740 26
741 28
742 30
743 31
744 30
745 29
746 30
747 31
748 29
749 30
750 28
751 31
752 29
753 30
754 29
755 31
756 31
757 28
758 29
759 33
760 30
761 27
762 31
763 32
764 31
765 33
766 30
767 31
768 26
769 29
770 31
771 34
772 32
773 30
774 28
775 30
776 30
777 28
778 28
779 32
780 29
781 28
782 29
783 30
784 30
785 28
786 28
787 29
788 27
789 31
790 31
791 28
792 29
793 30
794 27
795 32
796 30
797 28
798 31
799 26
800 29
801 30
802 31
803 30
804 30
805 32
806 31
807 28
808 25
809 22
810 33
811 29
812 30
813 29
814 28
815 32
816 30
817 28
818 30
819 31
820 31
821 27
822 30
823 30
824 33
825 27
826 32
827 31
828 32
829 28
830 29
831 31
832 28
833 30
834 31
835 31
836 32
837 28
838 27
839 29
840 28
841 28
842 26
843 29
844 27
845 30
846 31
847 29
848 32
849 31
850 30
851 29
852 27
853 30
854 29
855 28
856 25
857 26
858 31
859 31
860 29
861 27
862 30
863 27
864 30
865 26
866 29
867 30
868 30
869 28
870 28
871 29
872 29
873 27
874 30
875 30
876 29
877 24
878 27
879 28
880 30
881 28
882 28
883 28
884 28
885 30
886 28
887 31
888 31
889 29
890 30
891 30
892 29
893 29
894 29
895 30
896 30
897 32
898 32
899 29
900 31
901 31
902 32
903 27
904 31
905 28
906 31
907 30
908 26
909 29
910 28
911 30
912 32
913 29
914 31
915 27
916 32
917 26
918 29
919 32
920 28
921 25
922 30
923 32
924 31
925 32
926 32
927 32
928 29
929 29
930 30
931 28
932 30
933 25
934 27
935 30
936 29
937 30
938 29
939 29
940 30
941 32
942 31
943 32
944 31
945 29
946 29
947 29
948 31
949 31
950 30
951 30
952 31
953 30
954 30
955 29
956 29
957 31
958 30
959 32
960 29
961 30
962 28
963 31
964 30
965 33
966 30
967 30
968 33
969 32
970 26
971 30
972 27
973 25
974 31
975 30
976 30
977 32
978 28
979 30
980 30
981 30
982 28
983 31
984 32
985 28
986 31
987 29
988 33
989 27
990 29
991 30
992 28
993 31
994 31
995 30
996 29
997 30
998 33
999 26
1000 32
