0 65
1 62
2 57
3 54
4 51
5 47
6 44
7 45
8 43
9 43
10 43
11 42
12 42
13 43
14 42
15 40
16 36
17 34
18 38
19 40
20 41
21 40
22 41
23 40
24 43
25 46
26 41
27 43
28 43
29 38
30 39
31 40
32 41
33 39
34 36
35 39
36 38
37 40
38 42
39 44
40 49
41 51
42 51
43 49
44 50
45 50
46 50
47 50
48 51
49 47
50 45
51 45
52 42
53 44
54 42
55 43
56 44
57 46
58 49
59 47
60 48
61 43
62 45
63 40
64 41
65 42
66 43
67 42
68 45
69 40
70 37
71 37
72 37
73 39
74 42
75 43
76 41
77 38
78 38
79 37
80 39
81 42
82 38
83 39
84 41
85 38
86 36
87 38
88 38
89 40
90 38
91 41
92 40
93 41
94 39
95 37
96 41
97 42
98 45
99 45
100 44
101 45
102 47
103 47
104 46
105 44
106 46
107 45
108 47
109 45
110 44
111 47
112 41
113 45
114 44
115 44
116 44
117 43
118 44
119 44
120 44
121 41
122 44
123 41
124 44
125 43
126 44
127 47
128 46
129 44
130 43
131 42
132 44
133 44
134 41
135 42
136 42
137 43
138 45
139 50
140 47
141 45
142 42
143 40
144 39
145 40
146 38
147 39
148 41
149 39
150 40
151 43
152 44
153 43
154 43
155 40
156 41
157 46
158 48
159 47
160 50
161 48
162 45
163 45
164 45
165 44
166 46
167 44
168 43
169 41
170 43
171 44
172 44
173 43
174 45
175 48
176 49
177 49
178 49
179 50
180 48
181 47
182 46
183 41
184 43
185 42
186 40
187 42
188 43
189 44
190 46
191 46
192 45
193 44
194 45
195 41
196 42
197 40
198 36
199 40
200 42
201 44
202 42
203 43
204 41
205 45
206 46
207 44
208 46
209 44
210 45
211 44
212 42
213 44
214 41
215 39
216 41
217 45
218 44
219 46
220 46
221 45
222 45
223 46
224 46
225 46
226 46
227 46
228 48
229 46
230 43
231 44
232 46
233 45
234 45
235 44
236 42
237 42
238 41
239 39
240 42
241 39
242 41
243 42
244 47
245 50
246 49
247 50
248 51
249 51
250 49
251 47
252 46
253 48
254 46
255 47
256 43
257 39
258 39
259 45
260 46
261 44
262 42
263 47
264 48
265 50
266 46
267 45
268 45
269 44
270 44
271 46
272 46
273 43
274 48
275 47
276 46
277 49
278 51
279 49
280 48
281 44
282 46
283 46
284 48
285 50
286 45
287 48
288 45
289 44
290 44
291 44
292 44
293 45
294 42
295 47
296 46
297 43
298 43
299 44
300 41
301 40
302 36
303 37
304 40
305 43
306 43
307 37
308 36
309 39
310 38
311 37
312 41
313 42
314 46
315 49
316 48
317 49
318 46
319 46
320 44
321 46
322 47
323 45
324 42
325 43
326 40
327 39
328 40
329 44
330 46
331 49
332 48
333 46
334 45
335 45
336 46
337 45
338 44
339 44
340 48
341 45
342 42
343 42
344 41
345 42
346 39
347 39
348 40
349 40
350 40
351 40
352 42
353 43
354 46
355 44
356 45
357 44
358 43
359 42
360 44
361 42
362 45
363 47
364 48
365 47
366 45
367 45
368 41
369 43
370 44
371 46
372 43
373 42
374 44
375 44
376 44
377 41
378 44
379 45
380 43
381 42
382 46
383 44
384 48
385 48
386 49
387 46
388 41
389 43
390 42
391 44
392 41
393 41
394 40
395 42
396 44
397 42
398 41
399 40
400 40
401 43
402 44
403 45
404 42
405 42
406 42
407 42
408 41
409 41
410 43
411 44
412 43
413 45
414 44
415 43
416 44
417 46
418 44
419 45
420 48
421 50
422 50
423 51
424 50
425 48
426 48
427 47
428 45
429 44
430 43
431 44
432 41
433 42
434 46
435 45
436 45
437 45
438 48
439 45
440 45
441 44
442 43
443 45
444 47
445 48
446 45
447 43
448 45
449 45
450 47
451 50
452 50
453 46
454 46
455 43
456 42
457 44
458 45
459 45
460 45
461 45
462 44
463 44
464 42
465 44
466 46
467 43
468 44
469 47
470 44
471 43
472 43
473 44
474 42
475 44
476 43
477 43
478 46
479 49
480 51
481 48
482 41
483 37
484 36
485 37
486 37
487 34
488 34
489 38
490 36
491 36
492 38
493 39
494 41
495 43
496 43
497 43
498 43
499 42
500 44
501 46
502 46
503 49
504 49
505 49
506 45
507 41
508 46
509 44
510 46
511 45
512 44
513 45
514 43
515 47
516 46
517 43
518 40
519 43
520 44
521 42
522 45
523 48
524 48
525 48
526 43
527 41
528 42
529 45
530 46
531 46
532 47
533 48
534 48
535 46
536 47
537 47
538 43
539 44
540 44
541 48
542 46
543 46
544 41
545 42
546 40
547 40
548 41
549 43
550 42
551 41
552 44
553 45
554 46
555 43
556 43
557 45
558 44
559 42
560 43
561 46
562 40
563 40
564 40
565 40
566 44
567 41
568 36
569 38
570 35
571 37
572 41
573 41
574 44
575 44
576 41
577 43
578 43
579 44
580 44
581 42
582 42
583 41
584 44
585 46
586 48
587 46
588 46
589 42
590 41
591 39
592 42
593 42
594 43
595 43
596 41
597 46
598 47
599 47
600 48
601 43
602 45
603 46
604 45
605 43
606 45
607 43
608 41
609 42
610 43
611 44
612 46
613 48
614 47
615 46
616 47
617 42
618 44
619 44
620 44
621 45
622 46
623 44
624 44
625 42
626 42
627 40
628 42
629 44
630 46
631 48
632 43
633 43
634 47
635 46
636 41
637 45
638 45
639 42
640 44
641 42
642 39
643 39
644 42
645 40
646 42
647 47
648 50
649 48
650 48
651 49
652 52
653 49
654 48
655 44
656 42
657 44
658 51
659 49
660 50
661 49
662 46
663 47
664 46
665 45
666 46
667 48
668 48
669 47
670 46
671 49
672 48
673 45
674 42
675 36
676 42
677 43
678 45
679 45
680 48
681 50
682 49
683 51
684 50
685 48
686 49
687 48
688 46
689 46
690 45
691 44
692 48
693 47
694 48
695 48
696 45
697 45
698 49
699 46
700 46
701 42
702 42
703 44
704 44
705 38
706 45
707 47
708 47
709 47
710 48
711 48
712 45
713 45
714 48
715 46
716 44
717 42
718 43
719 43
720 43
721 42
722 41
723 41
724 40
725 40
726 42
727 44
728 45
729 44
730 42
731 43
732 44
733 41
734 41
735 45
736 47
737 44
738 46
739 45
740 44
741 40
742 43
743 43
744 41
745 37
746 37
747 38
748 40
749 43
750 43
751 43
752 46
753 46
754 46
755 48
756 48
757 44
758 44
759 43
760 40
761 39
762 37
763 39
764 38
765 42
766 45
767 48
768 45
769 45
770 45
771 48
772 48
773 48
774 46
775 44
776 45
777 43
778 42
779 42
780 42
781 41
782 41
783 42
784 42
785 45
786 42
787 42
788 42
789 43
790 46
791 47
792 49
793 46
794 45
795 47
796 46
797 47
798 46
799 43
800 42
801 44
802 46
803 47
804 44
805 43
806 44
807 43
808 41
809 42
810 43
811 47
812 42
813 38
814 43
815 48
816 45
817 46
818 48
819 47
820 46
821 43
822 42
823 40
824 43
825 45
826 41
827 44
828 44
829 45
830 46
831 43
832 45
833 43
834 45
835 44
836 40
837 41
838 39
839 41
840 41
841 38
842 40
843 41
844 38
845 33
846 34
847 34
848 41
849 44
850 42
851 43
852 38
853 43
854 48
855 48
856 44
857 46
858 43
859 47
860 50
861 49
862 47
863 46
864 46
865 44
866 42
867 41
868 39
869 41
870 41
871 42
872 44
873 44
874 45
875 44
876 44
877 41
878 43
879 44
880 43
881 46
882 47
883 45
884 44
885 47
886 49
887 49
888 49
889 46
890 48
891 47
892 41
893 43
894 44
895 41
896 40
897 42
898 44
899 45
900 44
901 42
902 43
903 44
904 43
905 43
906 37
907 33
908 38
909 39
910 40
911 40
912 42
913 42
914 41
915 41
916 42
917 41
918 40
919 40
920 38
921 41
922 42
923 40
924 34
925 31
926 34
927 37
928 41
929 45
930 47
931 47
932 45
933 45
934 45
935 46
936 44
937 46
938 44
939 46
940 43
941 42
942 42
943 44
944 45
945 43
946 42
947 43
948 43
949 42
950 43
951 45
952 44
953 47
954 49
955 47
956 46
957 46
958 48
959 47
960 50
961 51
962 47
963 46
964 48
965 41
966 43
967 44
968 42
969 43
970 43
971 43
972 42
973 45
974 45
975 45
976 45
977 39
978 39
979 42
980 42
981 44
982 46
983 48
984 45
985 46
986 44
987 44
988 39
989 41
990 42
991 46
992 45
993 48
994 49
995 48
996 47
997 46
998 47
999 48
1000 46
