0 80
1 54
2 53
3 53
4 51
5 53
6 59
7 53
8 53
9 59
10 52
11 52
12 53
13 55
14 55
15 57
16 54
17 55
18 55
19 52
20 49
21 54
22 58
23 53
24 56
25 56
26 55
27 56
28 54
29 55
30 57
31 49
32 53
33 56
34 53
35 56
36 57
37 56
38 54
39 56
40 53
41 51
42 56
43 51
44 52
45 52
46 55
47 58
48 55
49 55
50 53
51 55
52 56
53 56
54 56
55 55
56 55
57 52
58 58
59 57
60 54
61 55
62 55
63 56
64 57
65 57
66 58
67 58
68 57
69 54
70 56
71 55
72 52
73 55
74 59
75 54
76 61
77 59
78 50
79 56
80 53
81 48
82 51
83 55
84 55
85 55
86 54
87 55
88 55
89 56
90 56
91 53
92 58
93 52
94 57
95 58
96 55
97 56
98 52
99 50
100 54
101 57
102 59
103 50
104 55
105 56
106 54
107 56
108 55
109 53
110 53
111 55
112 58
113 51
114 55
115 49
116 58
117 54
118 53
119 53
120 56
121 53
122 57
123 60
124 54
125 56
126 57
127 60
128 57
129 55
130 55
131 55
132 52
133 56
134 58
135 50
136 54
137 60
138 53
139 55
140 53
141 57
142 50
143 57
144 56
145 57
146 52
147 57
148 52
149 57
150 51
151 56
152 54
153 54
154 48
155 57
156 53
157 57
158 51
159 57
160 54
161 54
162 54
163 53
164 56
165 52
166 52
167 53
168 47
169 56
170 55
171 56
172 57
173 51
174 57
175 55
176 56
177 57
178 53
179 54
180 57
181 52
182 55
183 58
184 58
185 56
186 57
187 54
188 56
189 55
190 55
191 52
192 52
193 59
194 57
195 58
196 54
197 55
198 55
199 54
200 56
201 54
202 56
203 53
204 56
205 52
206 56
207 56
208 54
209 50
210 51
211 55
212 49
213 54
214 57
215 53
216 54
217 55
218 58
219 57
220 55
221 57
222 56
223 54
224 48
225 55
226 52
227 52
228 57
229 57
230 52
231 52
232 53
233 55
234 57
235 54
236 57
237 55
238 56
239 55
240 53
241 52
242 43
243 55
244 54
245 53
246 58
247 52
248 54
249 53
250 56
251 50
252 54
253 49
254 52
255 54
256 52
257 53
258 55
259 54
260 56
261 57
262 56
263 56
264 52
265 55
266 57
267 60
268 49
269 50
270 55
271 54
272 60
273 55
274 55
275 55
276 52
277 53
278 56
279 50
280 50
281 54
282 57
283 54
284 55
285 51
286 51
287 55
288 54
289 52
290 58
291 54
292 54
293 55
294 55
295 55
296 54
297 53
298 52
299 59
300 54
301 55
302 50
303 53
304 54
305 54
306 55
307 56
308 52
309 55
310 56
311 56
312 52
313 51
314 54
315 52
316 55
317 56
318 54
319 57
320 52
321 54
322 52
323 56
324 53
325 53
326 51
327 53
328 56
329 57
330 52
331 55
332 55
333 55
334 56
335 58
336 57
337 55
338 55
339 54
340 53
341 53
342 51
343 60
344 52
345 55
346 53
347 52
348 56
349 53
350 51
351 50
352 55
353 47
354 58
355 57
356 52
357 57
358 57
359 56
360 56
361 58
362 56
363 55
364 51
365 56
366 51
367 58
368 55
369 54
370 57
371 53
372 55
373 54
374 53
375 53
376 56
377 52
378 54
379 58
380 54
381 55
382 53
383 52
384 55
385 53
386 52
387 52
388 56
389 54
390 57
391 51
392 56
393 52
394 54
395 56
396 58
397 56
398 54
399 55
400 55
401 57
402 55
403 55
404 55
405 54
406 54
407 55
408 55
409 59
410 53
411 53
412 56
413 55
414 55
415 56
416 55
417 52
418 57
419 59
420 57
421 52
422 56
423 54
424 54
425 55
426 55
427 57
428 55
429 54
430 52
431 54
432 53
433 54
434 52
435 55
436 54
437 51
438 53
439 52
440 54
441 55
442 56
443 54
444 57
445 56
446 57
447 52
448 57
449 56
450 52
451 58
452 56
453 54
454 57
455 56
456 55
457 54
458 55
459 55
460 47
461 54
462 56
463 54
464 52
465 49
466 54
467 54
468 52
469 53
470 52
471 59
472 56
473 57
474 58
475 56
476 55
477 55
478 52
479 58
480 52
481 57
482 55
483 52
484 48
485 55
486 54
487 55
488 59
489 55
490 52
491 54
492 54
493 54
494 54
495 55
496 53
497 55
498 58
499 55
500 56
501 45
502 53
503 54
504 56
505 58
506 53
507 54
508 55
509 56
510 54
511 55
512 54
513 56
514 58
515 57
516 54
517 56
518 56
519 55
520 52
521 58
522 58
523 58
524 51
525 55
526 59
527 53
528 54
529 52
530 50
531 52
532 60
533 57
534 55
535 54
536 51
537 54
538 52
539 55
540 54
541 53
542 49
543 53
544 52
545 58
546 55
547 53
548 58
549 51
550 53
551 57
552 56
553 50
554 58
555 59
556 55
557 53
558 57
559 53
560 57
561 55
562 53
563 53
564 51
565 53
566 58
567 52
568 53
569 54
570 55
571 54
572 59
573 58
574 54
575 55
576 58
577 56
578 58
579 53
580 54
581 55
582 56
583 55
584 55
585 51
586 54
587 59
588 55
589 56
590 50
591 53
592 50
593 50
594 48
595 54
596 57
597 53
598 58
599 54
600 50
601 58
602 52
603 58
604 55
605 53
606 55
607 53
608 54
609 59
610 55
611 53
612 53
613 58
614 56
615 53
616 55
617 47
618 54
619 54
620 55
621 55
622 57
623 49
624 55
625 58
626 55
627 54
628 49
629 56
630 54
631 52
632 57
633 54
634 54
635 55
636 53
637 56
638 57
639 55
640 57
641 53
642 54
643 51
644 53
645 45
646 52
647 56
648 52
649 53
650 54
651 55
652 57
653 54
654 48
655 53
656 51
657 52
658 54
659 55
660 56
661 60
662 52
663 56
664 52
665 53
666 50
667 58
668 54
669 54
670 52
671 56
672 55
673 56
674 55
675 58
676 55
677 51
678 56
679 56
680 53
681 56
682 55
683 56
684 56
685 54
686 53
687 54
688 54
689 53
690 52
691 54
692 52
693 58
694 55
695 53
696 50
697 58
698 54
699 60
700 59
701 57
702 57
703 57
704 51
705 51
706 52
707 52
708 48
709 57
710 56
711 56
712 53
713 47
714 52
715 52
716 56
717 55
718 54
719 54
720 55
721 57
722 56
723 56
724 51
725 55
726 57
727 52
728 57
729 57
730 58
731 52
732 54
733 52
734 55
735 55
736 55
737 60
738 56
739 55
740 56
741 52
742 54
743 51
744 53
745 54
746 52
747 55
748 55
749 51
750 48
751 53
752 50
753 54
754 55
755 53
756 53
757 54
758 49
759 58
760 51
761 57
762 52
763 54
764 54
765 54
766 53
767 51
768 54
769 53
770 50
771 57
772 57
773 49
774 52
775 58
776 50
777 59
778 54
779 54
780 45
781 54
782 53
783 53
784 58
785 54
786 57
787 57
788 58
789 54
790 47
791 55
792 55
793 57
794 55
795 57
796 54
797 55
798 49
799 47
800 54
801 54
802 57
803 57
804 57
805 56
806 54
807 56
808 53
809 58
810 55
811 49
812 55
813 52
814 55
815 59
816 57
817 55
818 52
819 55
820 57
821 54
822 52
823 51
824 55
825 56
826 57
827 54
828 55
829 51
830 56
831 58
832 58
833 50
834 55
835 55
836 58
837 54
838 52
839 50
840 53
841 55
842 54
843 57
844 56
845 46
846 54
847 56
848 51
849 61
850 54
851 53
852 51
853 51
854 52
855 57
856 54
857 53
858 57
859 53
860 58
861 58
862 55
863 55
864 53
865 55
866 54
867 56
868 48
869 52
870 57
871 51
872 58
873 56
874 54
875 54
876 58
877 53
878 54
879 52
880 57
881 56
882 52
883 53
884 54
885 56
886 53
887 57
888 56
889 55
890 53
891 57
892 49
893 54
894 55
895 53
896 54
897 56
898 53
899 58
900 55
901 52
902 55
903 58
904 58
905 50
906 51
907 49
908 55
909 53
910 55
911 56
912 50
913 55
914 58
915 53
916 53
917 58
918 55
919 52
920 54
921 48
922 50
923 55
924 53
925 51
926 58
927 57
928 56
929 54
930 57
931 58
932 52
933 53
934 54
935 56
936 53
937 51
938 51
939 52
940 60
941 58
942 54
943 51
944 58
945 55
946 57
947 56
948 56
949 55
950 54
951 56
952 56
953 56
954 55
955 53
956 55
957 58
958 51
959 58
960 54
961 56
962 56
963 57
964 56
965 55
966 57
967 56
968 58
969 54
970 53
971 52
972 52
973 56
974 54
975 53
976 53
977 54
978 54
979 56
980 47
981 48
982 54
983 56
984 58
985 56
986 50
987 56
988 53
989 56
990 53
991 54
992 55
993 51
994 54
995 54
996 51
997 51
998 49
999 53
1000 51
