0 45
1 35
2 31
3 30
4 30
5 30
6 25
7 24
8 25
9 29
10 28
11 26
12 28
13 27
14 24
15 29
16 30
17 29
18 27
19 27
20 25
21 27
22 25
23 25
24 25
25 25
26 27
27 27
28 27
29 21
30 24
31 25
32 24
33 23
34 26
35 26
36 29
37 27
38 28
39 27
40 25
41 25
42 26
43 23
44 22
45 25
46 27
47 26
48 27
49 30
50 26
51 27
52 22
53 23
54 26
55 27
56 26
57 25
58 25
59 24
60 23
61 26
62 26
63 26
64 24
65 25
66 28
67 26
68 27
69 28
70 26
71 25
72 25
73 25
74 23
75 26
76 25
77 29
78 27
79 27
80 27
81 27
82 28
83 25
84 25
85 25
86 26
87 23
88 23
89 29
90 27
91 26
92 28
93 28
94 30
95 28
96 27
97 26
98 28
99 25
100 27
101 24
102 24
103 26
104 26
105 29
106 30
107 29
108 26
109 28
110 29
111 27
112 22
113 24
114 23
115 23
116 25
117 28
118 29
119 31
120 28
121 27
122 28
123 27
124 28
125 26
126 25
127 26
128 24
129 24
130 24
131 23
132 26
133 26
134 25
135 26
136 27
137 23
138 23
139 25
140 26
141 25
142 24
143 24
144 25
145 27
146 28
147 28
148 28
149 24
150 23
151 27
152 28
153 26
154 26
155 24
156 24
157 24
158 23
159 22
160 24
161 28
162 27
163 29
164 28
165 27
166 24
167 27
168 28
169 28
170 29
171 30
172 31
173 28
174 27
175 29
176 24
177 25
178 24
179 28
180 29
181 29
182 27
183 29
184 29
185 31
186 28
187 27
188 28
189 27
190 28
191 28
192 28
193 29
194 29
195 27
196 28
197 27
198 23
199 24
200 24
201 24
202 26
203 27
204 26
205 26
206 24
207 25
208 26
209 24
210 25
211 25
212 27
213 23
214 23
215 26
216 24
217 23
218 23
219 25
220 22
221 26
222 26
223 25
224 25
225 24
226 26
227 24
228 24
229 26
230 21
231 23
232 24
233 24
234 25
235 26
236 25
237 27
238 27
239 25
240 23
241 28
242 27
243 25
244 27
245 28
246 26
247 27
248 23
249 24
250 27
251 29
252 28
253 29
254 29
255 30
256 30
257 31
258 29
259 30
260 27
261 26
262 26
263 29
264 27
265 26
266 27
267 29
268 29
269 28
270 30
271 29
272 29
273 29
274 32
275 26
276 25
277 24
278 25
279 28
280 27
281 27
282 28
283 28
284 25
285 26
286 26
287 22
288 26
289 27
290 28
291 26
292 28
293 28
294 27
295 28
296 27
297 27
298 27
299 29
300 29
301 27
302 28
303 27
304 29
305 27
306 25
307 25
308 28
309 28
310 27
311 27
312 28
313 26
314 27
315 27
316 25
317 27
318 25
319 26
320 25
321 23
322 22
323 24
324 25
325 28
326 23
327 23
328 27
329 29
330 32
331 27
332 26
333 27
334 26
335 25
336 21
337 23
338 27
339 24
340 25
341 24
342 23
343 24
344 26
345 26
346 28
347 27
348 30
349 29
350 25
351 27
352 23
353 23
354 22
355 25
356 29
357 27
358 25
359 23
360 24
361 25
362 24
363 28
364 28
365 29
366 26
367 27
368 24
369 25
370 25
371 27
372 27
373 26
374 24
375 25
376 21
377 23
378 24
379 25
380 25
381 24
382 26
383 26
384 23
385 25
386 27
387 28
388 23
389 25
390 26
391 25
392 27
393 29
394 26
395 24
396 26
397 28
398 29
399 27
400 29
401 25
402 26
403 22
404 23
405 28
406 29
407 28
408 26
409 26
410 27
411 26
412 27
413 24
414 26
415 27
416 28
417 27
418 26
419 29
420 27
421 29
422 30
423 30
424 28
425 27
426 24
427 24
428 25
429 28
430 28
431 29
432 29
433 29
434 25
435 25
436 22
437 27
438 25
439 22
440 24
441 27
442 26
443 22
444 25
445 28
446 25
447 28
448 27
449 27
450 26
451 24
452 27
453 27
454 24
455 24
456 25
457 24
458 25
459 25
460 28
461 27
462 29
463 30
464 31
465 29
466 30
467 28
468 27
469 25
470 26
471 25
472 26
473 25
474 23
475 24
476 23
477 27
478 25
479 26
480 28
481 28
482 28
483 28
484 27
485 27
486 25
487 25
488 25
489 26
490 28
491 26
492 26
493 23
494 26
495 27
496 27
497 28
498 27
499 25
500 23
501 24
502 25
503 24
504 23
505 24
506 25
507 24
508 22
509 21
510 25
511 27
512 26
513 23
514 24
515 25
516 25
517 21
518 24
519 24
520 28
521 24
522 23
523 26
524 29
525 27
526 25
527 23
528 24
529 26
530 26
531 28
532 27
533 28
534 27
535 28
536 27
537 27
538 28
539 26
540 28
541 29
542 27
543 24
544 24
545 25
546 28
547 28
548 30
549 29
550 30
551 27
552 29
553 23
554 20
555 23
556 23
557 23
558 28
559 29
560 30
561 27
562 26
563 27
564 28
565 27
566 27
567 30
568 27
569 26
570 28
571 27
572 27
573 27
574 24
575 25
576 27
577 27
578 28
579 31
580 29
581 27
582 25
583 23
584 27
585 25
586 25
587 29
588 29
589 29
590 27
591 27
592 25
593 29
594 28
595 28
596 23
597 25
598 26
599 23
600 29
601 29
602 28
603 27
604 29
605 27
606 29
607 28
608 26
609 28
610 26
611 27
612 28
613 26
614 25
615 25
616 26
617 26
618 24
619 26
620 24
621 25
622 25
623 25
624 24
625 29
626 30
627 28
628 28
629 29
630 28
631 28
632 24
633 26
634 26
635 27
636 25
637 26
638 27
639 23
640 26
641 28
642 28
643 27
644 26
645 28
646 25
647 27
648 26
649 26
650 23
651 25
652 25
653 27
654 25
655 27
656 24
657 26
658 28
659 25
660 26
661 25
662 25
663 28
664 29
665 32
666 29
667 28
668 26
669 26
670 27
671 27
672 27
673 23
674 24
675 24
676 24
677 29
678 30
679 29
680 30
681 26
682 27
683 24
684 28
685 26
686 23
687 25
688 28
689 27
690 25
691 26
692 25
693 27
694 27
695 28
696 27
697 28
698 28
699 26
700 27
701 26
702 28
703 29
704 28
705 30
706 26
707 26
708 25
709 25
710 22
711 22
712 23
713 27
714 24
715 26
716 27
717 28
718 29
719 27
720 27
721 26
722 27
723 29
724 28
725 26
726 27
727 26
728 24
729 20
730 20
731 22
732 19
733 20
734 22
735 20
736 24
737 27
738 25
739 27
740 26
741 24
742 24
743 26
744 23
745 22
746 23
747 25
748 23
749 26
750 28
751 27
752 27
753 30
754 30
755 32
756 32
757 28
758 27
759 25
760 25
761 26
762 27
763 24
764 24
765 24
766 23
767 25
768 26
769 29
770 29
771 22
772 24
773 23
774 28
775 27
776 27
777 25
778 26
779 27
780 28
781 30
782 28
783 25
784 29
785 29
786 29
787 30
788 28
789 24
790 27
791 27
792 26
793 23
794 23
795 24
796 25
797 26
798 28
799 28
800 28
801 24
802 27
803 26
804 27
805 28
806 25
807 25
808 28
809 27
810 27
811 27
812 28
813 26
814 26
815 25
816 27
817 29
818 28
819 28
820 28
821 28
822 27
823 27
824 27
825 26
826 23
827 26
828 24
829 24
830 24
831 26
832 26
833 25
834 24
835 25
836 27
837 26
838 24
839 25
840 25
841 27
842 28
843 26
844 28
845 28
846 22
847 25
848 26
849 29
850 29
851 25
852 27
853 26
854 26
855 26
856 28
857 28
858 28
859 25
860 26
861 26
862 28
863 26
864 29
865 28
866 29
867 27
868 27
869 29
870 28
871 27
872 28
873 26
874 25
875 24
876 23
877 29
878 26
879 29
880 29
881 31
882 28
883 23
884 25
885 27
886 25
887 27
888 29
889 26
890 27
891 24
892 28
893 29
894 27
895 27
896 27
897 26
898 26
899 25
900 20
901 19
902 21
903 25
904 28
905 25
906 25
907 27
908 29
909 28
910 30
911 27
912 26
913 27
914 23
915 27
916 29
917 28
918 27
919 26
920 25
921 25
922 26
923 26
924 28
925 25
926 21
927 23
928 26
929 26
930 27
931 30
932 27
933 26
934 28
935 29
936 31
937 31
938 29
939 28
940 27
941 25
942 22
943 25
944 26
945 28
946 29
947 26
948 27
949 27
950 29
951 29
952 30
953 28
954 29
955 29
956 28
957 27
958 26
959 27
960 27
961 26
962 22
963 26
964 28
965 28
966 27
967 28
968 26
969 26
970 28
971 28
972 25
973 28
974 28
975 30
976 29
977 25
978 25
979 27
980 26
981 24
982 27
983 26
984 28
985 27
986 28
987 26
988 26
989 25
990 24
991 26
992 23
993 23
994 24
995 23
996 27
997 25
998 27
999 23
1000 22
