0 60
1 43
2 48
3 42
4 41
5 47
6 41
7 43
8 44
9 40
10 42
11 43
12 38
13 42
14 43
15 38
16 41
17 40
18 47
19 45
20 46
21 44
22 46
23 45
24 42
25 41
26 48
27 46
28 39
29 41
30 41
31 43
32 41
33 44
34 39
35 49
36 43
37 47
38 47
39 44
40 44
41 45
42 47
43 42
44 48
45 45
46 38
47 46
48 47
49 45
50 44
51 40
52 41
53 41
54 47
55 45
56 43
57 44
58 44
59 44
60 45
61 43
62 39
63 42
64 44
65 41
66 43
67 41
68 40
69 41
70 39
71 45
72 45
73 44
74 43
75 44
76 45
77 46
78 47
79 43
80 43
81 44
82 44
83 40
84 45
85 45
86 42
87 45
88 37
89 43
90 44
91 39
92 45
93 47
94 42
95 47
96 45
97 39
98 42
99 45
100 45
101 43
102 39
103 45
104 35
105 47
106 40
107 44
108 42
109 43
110 42
111 38
112 42
113 43
114 41
115 40
116 40
117 48
118 45
119 46
120 40
121 39
122 44
123 44
124 43
125 43
126 44
127 49
128 42
129 48
130 42
131 37
132 41
133 42
134 37
135 45
136 43
137 43
138 43
139 39
140 44
141 42
142 42
143 42
144 41
145 41
146 43
147 37
148 44
149 42
150 38
151 43
152 42
153 45
154 46
155 44
156 43
157 42
158 43
159 42
160 39
161 47
162 42
163 43
164 42
165 38
166 41
167 47
168 38
169 44
170 40
171 47
172 46
173 47
174 43
175 42
176 42
177 44
178 42
179 43
180 43
181 42
182 41
183 45
184 46
185 49
186 43
187 42
188 46
189 42
190 41
191 45
192 45
193 44
194 44
195 45
196 44
197 41
198 39
199 34
200 40
201 46
202 42
203 48
204 43
205 50
206 44
207 48
208 36
209 37
210 42
211 42
212 39
213 43
214 43
215 50
216 46
217 38
218 44
219 47
220 46
221 48
222 45
223 45
224 46
225 47
226 48
227 45
228 45
229 44
230 48
231 43
232 45
233 45
234 43
235 45
236 42
237 48
238 44
239 43
240 42
241 39
242 45
243 44
244 42
245 39
246 45
247 45
248 44
249 46
250 44
251 42
252 43
253 43
254 46
255 44
256 43
257 43
258 47
259 46
260 42
261 46
262 38
263 45
264 49
265 46
266 45
267 39
268 40
269 44
270 43
271 47
272 41
273 42
274 45
275 44
276 40
277 42
278 40
279 42
280 42
281 44
282 42
283 46
284 43
285 44
286 47
287 41
288 43
289 42
290 38
291 45
292 46
293 40
294 41
295 48
296 47
297 47
298 44
299 43
300 38
301 40
302 41
303 43
304 41
305 47
306 42
307 43
308 46
309 44
310 48
311 41
312 40
313 44
314 44
315 41
316 44
317 44
318 42
319 48
320 45
321 46
322 39
323 42
324 44
325 43
326 45
327 46
328 47
329 48
330 42
331 42
332 43
333 42
334 40
335 48
336 47
337 43
338 44
339 45
340 45
341 44
342 37
343 41
344 45
345 44
346 44
347 43
348 41
349 44
350 41
351 43
352 38
353 45
354 42
355 45
356 46
357 46
358 41
359 42
360 46
361 49
362 38
363 42
364 42
365 45
366 45
367 42
368 43
369 49
370 44
371 40
372 44
373 49
374 39
375 40
376 40
377 49
378 49
379 40
380 42
381 40
382 45
383 45
384 41
385 46
386 45
387 45
388 39
389 46
390 39
391 43
392 48
393 39
394 44
395 45
396 45
397 46
398 45
399 46
400 41
401 44
402 40
403 42
404 45
405 48
406 44
407 44
408 46
409 41
410 43
411 45
412 46
413 45
414 42
415 38
416 43
417 42
418 44
419 45
420 44
421 42
422 40
423 46
424 45
425 48
426 46
427 47
428 41
429 44
430 44
431 43
432 41
433 40
434 44
435 45
436 44
437 45
438 43
439 42
440 46
441 45
442 39
443 45
444 40
445 37
446 40
447 44
448 44
449 40
450 45
451 46
452 45
453 43
454 45
455 46
456 47
457 50
458 40
459 41
460 45
461 44
462 38
463 45
464 47
465 47
466 40
467 44
468 46
469 43
470 40
471 44
472 43
473 45
474 38
475 39
476 44
477 46
478 45
479 47
480 43
481 45
482 43
483 46
484 47
485 43
486 42
487 44
488 47
489 45
490 45
491 46
492 39
493 43
494 46
495 45
496 45
497 46
498 41
499 40
500 43
501 41
502 43
503 43
504 42
505 49
506 46
507 41
508 46
509 38
510 43
511 43
512 43
513 43
514 40
515 47
516 44
517 45
518 44
519 42
520 48
521 41
522 44
523 43
524 46
525 41
526 45
527 48
528 47
529 46
530 42
531 44
532 43
533 41
534 49
535 42
536 44
537 45
538 43
539 41
540 41
541 40
542 44
543 45
544 46
545 43
546 46
547 47
548 44
549 43
550 40
551 42
552 42
553 41
554 40
555 44
556 47
557 42
558 40
559 40
560 48
561 45
562 46
563 39
564 46
565 46
566 44
567 46
568 37
569 43
570 39
571 38
572 39
573 38
574 39
575 40
576 47
577 41
578 42
579 45
580 49
581 42
582 46
583 44
584 42
585 41
586 42
587 43
588 40
589 39
590 44
591 46
592 44
593 40
594 42
595 45
596 41
597 43
598 44
599 46
600 38
601 44
602 38
603 49
604 43
605 43
606 46
607 42
608 44
609 43
610 41
611 47
612 40
613 46
614 48
615 43
616 48
617 44
618 46
619 44
620 41
621 43
622 39
623 40
624 44
625 43
626 45
627 43
628 37
629 44
630 48
631 40
632 48
633 45
634 44
635 48
636 41
637 43
638 36
639 45
640 46
641 38
642 45
643 41
644 47
645 42
646 46
647 46
648 44
649 46
650 41
651 45
652 48
653 44
654 48
655 46
656 36
657 44
658 46
659 40
660 47
661 43
662 44
663 43
664 42
665 45
666 45
667 42
668 44
669 44
670 43
671 43
672 42
673 43
674 42
675 45
676 46
677 39
678 44
679 40
680 42
681 45
682 42
683 47
684 46
685 47
686 40
687 46
688 41
689 46
690 42
691 46
692 43
693 42
694 46
695 43
696 42
697 42
698 46
699 42
700 44
701 46
702 43
703 44
704 43
705 42
706 47
707 43
708 44
709 48
710 45
711 41
712 45
713 43
714 44
715 42
716 42
717 39
718 42
719 46
720 44
721 32
722 40
723 45
724 43
725 46
726 47
727 47
728 44
729 43
730 40
731 47
732 43
733 44
734 41
735 43
736 41
737 46
738 47
739 43
740 47
741 41
742 40
743 37
744 43
745 44
746 44
747 49
748 38
749 45
750 41
751 44
752 41
753 39
754 44
755 44
756 41
757 48
758 47
759 45
760 42
761 41
762 44
763 42
764 45
765 44
766 44
767 45
768 46
769 40
770 43
771 41
772 48
773 45
774 49
775 48
776 41
777 45
778 46
779 45
780 44
781 41
782 46
783 43
784 48
785 43
786 44
787 40
788 40
789 43
790 40
791 37
792 45
793 37
794 45
795 45
796 49
797 46
798 42
799 45
800 45
801 48
802 40
803 48
804 43
805 43
806 38
807 42
808 45
809 45
810 44
811 45
812 41
813 44
814 44
815 43
816 44
817 41
818 41
819 40
820 41
821 37
822 42
823 40
824 45
825 42
826 46
827 50
828 41
829 49
830 41
831 47
832 44
833 41
834 45
835 43
836 43
837 40
838 45
839 48
840 50
841 42
842 45
843 43
844 46
845 43
846 44
847 42
848 46
849 45
850 45
851 45
852 43
853 42
854 40
855 43
856 47
857 44
858 45
859 42
860 42
861 43
862 43
863 46
864 48
865 40
866 44
867 48
868 46
869 45
870 43
871 44
872 39
873 42
874 43
875 46
876 44
877 43
878 42
879 41
880 38
881 44
882 36
883 43
884 38
885 41
886 44
887 35
888 38
889 38
890 43
891 43
892 42
893 47
894 43
895 44
896 49
897 44
898 48
899 44
900 44
901 42
902 36
903 41
904 43
905 38
906 47
907 43
908 37
909 44
910 48
911 44
912 47
913 45
914 44
915 43
916 41
917 45
918 43
919 39
920 38
921 41
922 39
923 43
924 41
925 48
926 44
927 40
928 35
929 42
930 48
931 45
932 45
933 42
934 48
935 43
936 43
937 37
938 40
939 42
940 44
941 40
942 42
943 40
944 43
945 47
946 47
947 46
948 48
949 41
950 40
951 44
952 39
953 46
954 42
955 44
956 43
957 39
958 48
959 42
960 47
961 39
962 48
963 45
964 42
965 44
966 41
967 43
968 39
969 44
970 44
971 38
972 43
973 43
974 43
975 43
976 41
977 45
978 38
979 45
980 46
981 43
982 43
983 39
984 42
985 45
986 43
987 46
988 45
989 41
990 40
991 38
992 39
993 47
994 40
995 45
996 44
997 44
998 41
999 41
1000 43
