0 10
1 9
2 6
3 5
4 5
5 5
6 5
7 3
8 2
9 3
10 3
11 3
12 4
13 5
14 5
15 5
16 4
17 4
18 5
19 5
20 7
21 7
22 5
23 5
24 7
25 5
26 3
27 5
28 5
29 4
30 4
31 2
32 2
33 3
34 4
35 4
36 5
37 5
38 5
39 6
40 6
41 5
42 4
43 3
44 5
45 5
46 4
47 5
48 6
49 6
50 5
51 4
52 4
53 2
54 3
55 4
56 5
57 5
58 4
59 4
60 4
61 2
62 4
63 5
64 4
65 3
66 5
67 6
68 5
69 5
70 5
71 4
72 6
73 5
74 6
75 4
76 5
77 5
78 5
79 6
80 6
81 5
82 6
83 6
84 3
85 2
86 3
87 4
88 4
89 4
90 5
91 5
92 5
93 5
94 6
95 5
96 6
97 5
98 6
99 6
100 6
101 7
102 5
103 3
104 3
105 5
106 5
107 6
108 5
109 4
110 4
111 6
112 6
113 4
114 4
115 5
116 5
117 6
118 6
119 7
120 7
121 6
122 5
123 4
124 5
125 4
126 6
127 6
128 4
129 4
130 3
131 4
132 5
133 6
134 5
135 5
136 4
137 5
138 6
139 4
140 4
141 5
142 6
143 5
144 6
145 5
146 6
147 5
148 6
149 5
150 6
151 5
152 4
153 4
154 4
155 5
156 5
157 5
158 4
159 4
160 5
161 5
162 6
163 6
164 4
165 4
166 3
167 5
168 5
169 5
170 5
171 5
172 4
173 5
174 6
175 5
176 6
177 5
178 5
179 4
180 5
181 4
182 5
183 5
184 4
185 5
186 5
187 5
188 4
189 3
190 4
191 4
192 4
193 6
194 6
195 7
196 5
197 4
198 4
199 5
200 5
201 4
202 5
203 5
204 4
205 5
206 4
207 5
208 5
209 4
210 4
211 4
212 5
213 4
214 5
215 6
216 5
217 6
218 7
219 7
220 6
221 6
222 4
223 3
224 4
225 5
226 6
227 4
228 5
229 5
230 6
231 4
232 5
233 7
234 6
235 6
236 5
237 5
238 7
239 6
240 6
241 6
242 6
243 4
244 5
245 3
246 5
247 4
248 3
249 4
250 5
251 4
252 4
253 6
254 4
255 6
256 7
257 6
258 6
259 6
260 6
261 4
262 4
263 4
264 4
265 4
266 3
267 5
268 4
269 5
270 5
271 6
272 5
273 4
274 5
275 4
276 5
277 4
278 4
279 5
280 6
281 6
282 4
283 6
284 6
285 4
286 4
287 4
288 3
289 4
290 5
291 5
292 5
293 4
294 5
295 5
296 5
297 5
298 5
299 5
300 4
301 4
302 4
303 4
304 3
305 4
306 5
307 6
308 4
309 5
310 5
311 5
312 5
313 4
314 4
315 4
316 4
317 5
318 5
319 6
320 5
321 4
322 4
323 5
324 5
325 5
326 4
327 5
328 5
329 5
330 6
331 6
332 5
333 6
334 5
335 7
336 5
337 5
338 5
339 4
340 5
341 5
342 5
343 5
344 6
345 6
346 6
347 6
348 7
349 3
350 3
351 5
352 3
353 4
354 2
355 4
356 4
357 6
358 6
359 6
360 3
361 5
362 5
363 6
364 4
365 4
366 4
367 5
368 5
369 4
370 3
371 5
372 6
373 5
374 6
375 4
376 3
377 4
378 4
379 4
380 5
381 4
382 6
383 4
384 3
385 3
386 5
387 5
388 4
389 4
390 3
391 5
392 4
393 6
394 6
395 5
396 5
397 5
398 5
399 5
400 5
401 4
402 4
403 5
404 5
405 4
406 4
407 2
408 5
409 6
410 5
411 6
412 5
413 6
414 6
415 7
416 5
417 4
418 5
419 4
420 6
421 4
422 5
423 2
424 5
425 6
426 6
427 5
428 4
429 5
430 5
431 4
432 3
433 4
434 5
435 6
436 5
437 5
438 5
439 5
440 6
441 4
442 5
443 4
444 2
445 4
446 3
447 4
448 3
449 3
450 4
451 4
452 3
453 3
454 4
455 6
456 6
457 3
458 4
459 5
460 3
461 3
462 5
463 6
464 7
465 6
466 6
467 6
468 7
469 6
470 7
471 5
472 6
473 6
474 5
475 5
476 5
477 5
478 6
479 3
480 5
481 4
482 5
483 4
484 4
485 6
486 5
487 6
488 5
489 5
490 5
491 5
492 5
493 6
494 6
495 5
496 4
497 5
498 3
499 5
500 5
501 5
502 5
503 4
504 4
505 5
506 5
507 6
508 6
509 6
510 3
511 3
512 5
513 4
514 4
515 4
516 4
517 4
518 5
519 5
520 4
521 4
522 5
523 4
524 5
525 5
526 5
527 6
528 5
529 4
530 6
531 5
532 6
533 5
534 4
535 6
536 6
537 4
538 3
539 4
540 4
541 2
542 3
543 4
544 2
545 3
546 4
547 4
548 4
549 5
550 4
551 5
552 5
553 5
554 4
555 5
556 5
557 7
558 7
559 5
560 4
561 4
562 5
563 5
564 4
565 4
566 6
567 5
568 3
569 3
570 4
571 4
572 3
573 4
574 6
575 5
576 6
577 7
578 4
579 4
580 3
581 5
582 5
583 6
584 5
585 4
586 4
587 4
588 3
589 4
590 5
591 4
592 5
593 5
594 5
595 5
596 6
597 4
598 3
599 4
600 5
601 6
602 5
603 5
604 5
605 6
606 5
607 6
608 6
609 5
610 3
611 4
612 5
613 5
614 3
615 3
616 3
617 4
618 4
619 4
620 4
621 3
622 4
623 4
624 5
625 6
626 5
627 6
628 5
629 4
630 2
631 5
632 4
633 5
634 5
635 5
636 4
637 5
638 5
639 6
640 6
641 3
642 5
643 6
644 4
645 5
646 4
647 5
648 4
649 4
650 3
651 2
652 5
653 5
654 6
655 6
656 4
657 4
658 3
659 3
660 6
661 5
662 5
663 2
664 3
665 5
666 4
667 6
668 6
669 5
670 6
671 5
672 4
673 3
674 5
675 5
676 4
677 4
678 3
679 3
680 4
681 4
682 5
683 4
684 5
685 6
686 7
687 6
688 5
689 3
690 4
691 5
692 6
693 4
694 6
695 5
696 4
697 6
698 6
699 7
700 4
701 5
702 5
703 5
704 4
705 3
706 5
707 5
708 5
709 5
710 5
711 5
712 5
713 5
714 5
715 6
716 4
717 5
718 5
719 6
720 6
721 6
722 5
723 5
724 6
725 5
726 5
727 6
728 5
729 6
730 4
731 6
732 4
733 4
734 3
735 5
736 5
737 5
738 4
739 5
740 4
741 5
742 5
743 4
744 5
745 5
746 7
747 7
748 6
749 6
750 5
751 4
752 6
753 4
754 5
755 5
756 6
757 5
758 5
759 6
760 6
761 5
762 5
763 6
764 3
765 5
766 5
767 6
768 6
769 6
770 5
771 5
772 5
773 5
774 4
775 4
776 4
777 4
778 5
779 6
780 5
781 6
782 5
783 4
784 4
785 5
786 5
787 5
788 6
789 4
790 3
791 4
792 4
793 4
794 4
795 5
796 6
797 5
798 3
799 5
800 7
801 5
802 4
803 4
804 3
805 4
806 5
807 4
808 5
809 5
810 4
811 4
812 5
813 6
814 6
815 4
816 4
817 5
818 5
819 6
820 6
821 5
822 5
823 6
824 5
825 5
826 6
827 5
828 5
829 5
830 5
831 5
832 6
833 7
834 3
835 4
836 5
837 5
838 5
839 5
840 5
841 6
842 5
843 4
844 5
845 5
846 6
847 6
848 5
849 6
850 3
851 4
852 5
853 5
854 6
855 5
856 4
857 6
858 7
859 6
860 4
861 5
862 5
863 6
864 6
865 3
866 4
867 5
868 6
869 5
870 5
871 3
872 3
873 4
874 5
875 3
876 4
877 4
878 6
879 5
880 6
881 7
882 4
883 3
884 5
885 5
886 5
887 4
888 4
889 6
890 5
891 6
892 4
893 5
894 5
895 5
896 4
897 4
898 5
899 5
900 5
901 4
902 4
903 4
904 5
905 4
906 4
907 4
908 5
909 5
910 5
911 5
912 5
913 6
914 5
915 4
916 5
917 6
918 6
919 5
920 5
921 4
922 5
923 5
924 5
925 4
926 4
927 3
928 3
929 5
930 6
931 7
932 6
933 8
934 7
935 6
936 5
937 4
938 4
939 4
940 3
941 3
942 2
943 4
944 3
945 4
946 2
947 4
948 4
949 3
950 4
951 3
952 3
953 5
954 5
955 6
956 5
957 5
958 6
959 5
960 3
961 3
962 4
963 4
964 5
965 5
966 6
967 6
968 5
969 5
970 5
971 5
972 4
973 5
974 5
975 5
976 5
977 6
978 6
979 5
980 5
981 4
982 6
983 6
984 5
985 5
986 4
987 5
988 4
989 2
990 3
991 4
992 4
993 5
994 5
995 6
996 6
997 5
998 5
999 5
1000 4
