0 100
1 91
2 88
3 83
4 81
5 75
6 74
7 69
8 66
9 63
10 62
11 60
12 60
13 59
14 58
15 59
16 60
17 59
18 58
19 60
20 60
21 62
22 60
23 55
24 57
25 57
26 61
27 63
28 64
29 64
30 63
31 64
32 62
33 62
34 58
35 61
36 62
37 62
38 62
39 59
40 57
41 57
42 57
43 60
44 61
45 59
46 58
47 61
48 58
49 61
50 59
51 59
52 63
53 61
54 63
55 61
56 59
57 60
58 64
59 65
60 66
61 65
62 67
63 69
64 67
65 65
66 65
67 63
68 65
69 62
70 61
71 61
72 62
73 62
74 60
75 61
76 57
77 58
78 57
79 57
80 54
81 54
82 55
83 54
84 51
85 51
86 53
87 55
88 57
89 58
90 59
91 60
92 59
93 59
94 61
95 59
96 59
97 61
98 58
99 55
100 56
101 58
102 57
103 54
104 56
105 57
106 57
107 59
108 60
109 58
110 59
111 55
112 56
113 57
114 57
115 58
116 60
117 58
118 57
119 60
120 60
121 58
122 53
123 56
124 59
125 57
126 58
127 58
128 58
129 54
130 53
131 54
132 56
133 56
134 55
135 55
136 59
137 59
138 59
139 59
140 59
141 60
142 61
143 57
144 57
145 59
146 60
147 59
148 61
149 61
150 59
151 56
152 56
153 55
154 54
155 54
156 54
157 58
158 54
159 55
160 59
161 60
162 59
163 57
164 59
165 57
166 55
167 56
168 57
169 57
170 59
171 60
172 61
173 61
174 62
175 59
176 57
177 56
178 57
179 56
180 55
181 55
182 53
183 53
184 52
185 52
186 53
187 57
188 55
189 55
190 54
191 50
192 51
193 51
194 50
195 51
196 52
197 53
198 53
199 56
200 59
201 62
202 63
203 63
204 64
205 63
206 62
207 59
208 59
209 61
210 60
211 62
212 61
213 61
214 62
215 62
216 65
217 60
218 62
219 60
220 61
221 61
222 61
223 61
224 60
225 61
226 63
227 63
228 64
229 63
230 64
231 62
232 65
233 65
234 66
235 64
236 61
237 59
238 59
239 58
240 58
241 61
242 59
243 60
244 59
245 59
246 59
247 59
248 60
249 60
250 61
251 61
252 62
253 60
254 61
255 61
256 63
257 62
258 62
259 62
260 64
261 61
262 60
263 59
264 57
265 59
266 57
267 58
268 59
269 60
270 61
271 60
272 60
273 59
274 60
275 62
276 56
277 58
278 59
279 61
280 61
281 61
282 62
283 63
284 63
285 62
286 60
287 60
288 61
289 61
290 64
291 62
292 64
293 63
294 63
295 62
296 62
297 65
298 64
299 64
300 63
301 63
302 66
303 64
304 62
305 57
306 55
307 56
308 59
309 60
310 61
311 61
312 61
313 62
314 62
315 62
316 64
317 64
318 64
319 63
320 60
321 60
322 59
323 57
324 57
325 59
326 58
327 59
328 57
329 60
330 57
331 60
332 64
333 62
334 64
335 63
336 63
337 61
338 62
339 61
340 62
341 64
342 64
343 63
344 65
345 65
346 67
347 64
348 62
349 60
350 60
351 57
352 59
353 60
354 60
355 59
356 58
357 58
358 57
359 56
360 56
361 58
362 58
363 60
364 61
365 64
366 64
367 62
368 63
369 64
370 63
371 61
372 62
373 64
374 65
375 65
376 63
377 61
378 63
379 65
380 62
381 59
382 61
383 62
384 61
385 61
386 60
387 60
388 61
389 58
390 58
391 58
392 59
393 61
394 59
395 59
396 60
397 57
398 57
399 57
400 57
401 56
402 58
403 55
404 55
405 56
406 58
407 59
408 60
409 57
410 57
411 58
412 61
413 63
414 61
415 59
416 61
417 60
418 56
419 54
420 54
421 55
422 51
423 53
424 50
425 48
426 52
427 55
428 55
429 53
430 55
431 57
432 57
433 57
434 60
435 59
436 61
437 63
438 61
439 62
440 64
441 62
442 64
443 62
444 63
445 63
446 63
447 64
448 60
449 57
450 59
451 61
452 58
453 55
454 59
455 59
456 60
457 60
458 59
459 63
460 60
461 61
462 61
463 61
464 62
465 62
466 61
467 62
468 65
469 63
470 62
471 61
472 62
473 63
474 62
475 63
476 64
477 66
478 67
479 67
480 67
481 65
482 66
483 66
484 63
485 63
486 59
487 63
488 64
489 63
490 63
491 61
492 60
493 61
494 59
495 60
496 63
497 62
498 65
499 61
500 60
501 61
502 62
503 61
504 58
505 58
506 59
507 59
508 60
509 59
510 61
511 62
512 61
513 61
514 64
515 62
516 64
517 65
518 61
519 62
520 61
521 59
522 62
523 62
524 63
525 62
526 62
527 61
528 60
529 59
530 62
531 61
532 62
533 62
534 62
535 62
536 61
537 65
538 63
539 64
540 60
541 59
542 61
543 56
544 57
545 60
546 58
547 56
548 57
549 58
550 55
551 57
552 56
553 55
554 55
555 55
556 55
557 56
558 55
559 58
560 59
561 57
562 59
563 61
564 62
565 62
566 63
567 63
568 62
569 60
570 62
571 62
572 61
573 63
574 63
575 64
576 62
577 61
578 62
579 62
580 64
581 64
582 62
583 63
584 64
585 62
586 62
587 60
588 60
589 58
590 55
591 56
592 61
593 60
594 61
595 59
596 59
597 59
598 63
599 62
600 62
601 62
602 60
603 62
604 61
605 58
606 59
607 59
608 61
609 62
610 58
611 56
612 56
613 60
614 63
615 60
616 61
617 62
618 64
619 64
620 63
621 61
622 59
623 59
624 62
625 64
626 63
627 62
628 63
629 64
630 64
631 63
632 63
633 62
634 63
635 64
636 64
637 63
638 60
639 55
640 55
641 55
642 57
643 58
644 60
645 59
646 58
647 61
648 59
649 59
650 58
651 56
652 55
653 57
654 58
655 57
656 55
657 53
658 54
659 56
660 56
661 57
662 55
663 53
664 53
665 55
666 57
667 59
668 62
669 60
670 58
671 59
672 59
673 59
674 56
675 57
676 57
677 59
678 58
679 59
680 63
681 64
682 64
683 63
684 61
685 62
686 62
687 64
688 63
689 61
690 61
691 62
692 62
693 61
694 59
695 60
696 60
697 61
698 61
699 61
700 63
701 62
702 61
703 61
704 61
705 61
706 57
707 58
708 57
709 57
710 51
711 54
712 54
713 55
714 52
715 53
716 53
717 51
718 50
719 54
720 57
721 59
722 57
723 57
724 59
725 60
726 56
727 57
728 59
729 56
730 54
731 59
732 59
733 59
734 60
735 59
736 59
737 61
738 61
739 59
740 58
741 61
742 59
743 60
744 57
745 60
746 59
747 58
748 58
749 57
750 60
751 60
752 59
753 62
754 60
755 56
756 57
757 57
758 61
759 61
760 61
761 60
762 59
763 57
764 58
765 57
766 55
767 53
768 54
769 56
770 59
771 58
772 58
773 57
774 59
775 54
776 56
777 56
778 60
779 60
780 59
781 57
782 59
783 62
784 63
785 60
786 59
787 60
788 62
789 62
790 60
791 61
792 60
793 62
794 61
795 60
796 62
797 63
798 64
799 65
800 61
801 62
802 63
803 64
804 60
805 60
806 58
807 56
808 55
809 57
810 54
811 56
812 58
813 59
814 58
815 58
816 59
817 60
818 59
819 58
820 59
821 60
822 61
823 61
824 61
825 59
826 59
827 59
828 57
829 57
830 59
831 58
832 59
833 60
834 60
835 57
836 58
837 57
838 56
839 55
840 56
841 56
842 56
843 56
844 55
845 54
846 54
847 55
848 55
849 58
850 58
851 60
852 61
853 62
854 60
855 62
856 61
857 62
858 61
859 62
860 60
861 61
862 62
863 63
864 60
865 61
866 59
867 60
868 59
869 59
870 61
871 56
872 55
873 54
874 58
875 59
876 60
877 57
878 57
879 58
880 61
881 59
882 58
883 59
884 58
885 61
886 60
887 62
888 61
889 58
890 58
891 59
892 61
893 60
894 61
895 60
896 60
897 60
898 61
899 62
900 61
901 58
902 56
903 57
904 57
905 56
906 55
907 57
908 56
909 56
910 54
911 56
912 57
913 59
914 58
915 55
916 54
917 54
918 58
919 60
920 63
921 61
922 62
923 62
924 61
925 63
926 64
927 62
928 59
929 58
930 58
931 61
932 62
933 59
934 55
935 58
936 61
937 60
938 60
939 61
940 59
941 59
942 59
943 58
944 59
945 60
946 59
947 58
948 57
949 59
950 55
951 54
952 58
953 59
954 60
955 60
956 60
957 58
958 60
959 59
960 59
961 57
962 61
963 59
964 61
965 59
966 57
967 57
968 57
969 58
970 58
971 56
972 55
973 57
974 55
975 58
976 60
977 58
978 59
979 57
980 56
981 56
982 58
983 60
984 59
985 61
986 63
987 63
988 62
989 63
990 59
991 59
992 60
993 57
994 55
995 56
996 53
997 52
998 51
999 53
1000 50
