0 75
1 65
2 57
3 55
4 50
5 46
6 47
7 42
8 39
9 43
10 46
11 45
12 46
13 49
14 48
15 48
16 48
17 49
18 48
19 47
20 48
21 42
22 41
23 44
24 43
25 42
26 45
27 49
28 47
29 51
30 47
31 43
32 41
33 43
34 44
35 42
36 41
37 44
38 43
39 46
40 44
41 43
42 46
43 42
44 45
45 46
46 45
47 47
48 48
49 45
50 43
51 42
52 43
53 46
54 44
55 43
56 44
57 44
58 45
59 42
60 40
61 45
62 45
63 46
64 45
65 46
66 47
67 41
68 41
69 43
70 44
71 43
72 45
73 41
74 44
75 40
76 42
77 45
78 46
79 47
80 47
81 45
82 48
83 48
84 46
85 49
86 49
87 48
88 49
89 47
90 46
91 45
92 46
93 43
94 45
95 48
96 46
97 42
98 40
99 44
100 44
101 46
102 46
103 43
104 46
105 46
106 46
107 46
108 47
109 48
110 48
111 44
112 43
113 44
114 47
115 48
116 49
117 48
118 46
119 46
120 42
121 44
122 41
123 43
124 45
125 45
126 44
127 43
128 48
129 45
130 47
131 46
132 48
133 46
134 45
135 45
136 45
137 44
138 40
139 42
140 46
141 47
142 47
143 48
144 49
145 49
146 49
147 47
148 44
149 41
150 40
151 41
152 41
153 42
154 45
155 42
156 43
157 44
158 41
159 45
160 41
161 43
162 46
163 47
164 46
165 47
166 46
167 46
168 44
169 44
170 45
171 43
172 44
173 40
174 42
175 42
176 45
177 45
178 44
179 45
180 42
181 45
182 45
183 44
184 47
185 46
186 44
187 46
188 49
189 47
190 46
191 47
192 45
193 46
194 47
195 46
196 47
197 44
198 45
199 46
200 45
201 43
202 41
203 40
204 39
205 42
206 44
207 44
208 42
209 45
210 47
211 46
212 46
213 48
214 46
215 43
216 43
217 43
218 44
219 42
220 44
221 39
222 40
223 41
224 46
225 45
226 45
227 46
228 46
229 47
230 46
231 42
232 41
233 42
234 41
235 40
236 42
237 43
238 46
239 48
240 50
241 47
242 46
243 47
244 43
245 41
246 42
247 43
248 44
249 41
250 40
251 40
252 42
253 45
254 46
255 46
256 46
257 44
258 46
259 43
260 42
261 43
262 47
263 48
264 49
265 49
266 49
267 48
268 48
269 46
270 47
271 46
272 46
273 44
274 45
275 45
276 45
277 45
278 47
279 42
280 43
281 47
282 46
283 45
284 43
285 42
286 44
287 48
288 45
289 42
290 43
291 44
292 45
293 41
294 42
295 42
296 42
297 45
298 42
299 43
300 46
301 47
302 43
303 41
304 46
305 47
306 46
307 47
308 48
309 45
310 43
311 45
312 43
313 42
314 44
315 44
316 45
317 49
318 45
319 46
320 45
321 42
322 45
323 41
324 43
325 44
326 41
327 42
328 45
329 44
330 43
331 44
332 42
333 41
334 44
335 45
336 45
337 45
338 46
339 46
340 43
341 41
342 45
343 45
344 47
345 44
346 46
347 45
348 46
349 45
350 43
351 42
352 47
353 44
354 47
355 46
356 44
357 43
358 43
359 39
360 44
361 46
362 44
363 46
364 44
365 42
366 39
367 43
368 42
369 42
370 43
371 47
372 48
373 48
374 46
375 46
376 46
377 47
378 48
379 46
380 49
381 47
382 47
383 48
384 48
385 46
386 45
387 45
388 44
389 44
390 46
391 48
392 45
393 48
394 45
395 44
396 46
397 45
398 44
399 48
400 47
401 46
402 47
403 46
404 45
405 44
406 42
407 42
408 43
409 41
410 43
411 45
412 47
413 45
414 44
415 43
416 40
417 42
418 45
419 43
420 40
421 43
422 43
423 47
424 47
425 46
426 46
427 45
428 42
429 45
430 43
431 46
432 41
433 42
434 43
435 44
436 44
437 41
438 44
439 38
440 44
441 42
442 46
443 47
444 48
445 45
446 44
447 43
448 44
449 44
450 45
451 44
452 44
453 44
454 46
455 45
456 44
457 44
458 42
459 45
460 44
461 42
462 43
463 47
464 46
465 47
466 50
467 48
468 43
469 45
470 45
471 45
472 47
473 47
474 44
475 45
476 44
477 43
478 44
479 45
480 47
481 49
482 45
483 45
484 44
485 45
486 44
487 46
488 46
489 45
490 42
491 43
492 45
493 48
494 47
495 44
496 42
497 45
498 46
499 47
500 47
501 48
502 42
503 46
504 43
505 45
506 45
507 44
508 45
509 46
510 46
511 44
512 44
513 43
514 47
515 48
516 50
517 46
518 45
519 44
520 41
521 43
522 44
523 45
524 43
525 46
526 46
527 45
528 47
529 47
530 45
531 43
532 44
533 43
534 43
535 45
536 48
537 48
538 42
539 44
540 46
541 45
542 46
543 46
544 46
545 43
546 40
547 41
548 44
549 43
550 42
551 41
552 44
553 46
554 42
555 43
556 43
557 45
558 45
559 43
560 38
561 40
562 42
563 40
564 40
565 36
566 39
567 42
568 44
569 43
570 42
571 43
572 46
573 44
574 44
575 44
576 41
577 43
578 45
579 47
580 48
581 48
582 47
583 49
584 50
585 51
586 50
587 50
588 46
589 41
590 44
591 42
592 42
593 44
594 44
595 45
596 45
597 44
598 43
599 41
600 39
601 40
602 44
603 39
604 40
605 44
606 45
607 45
608 46
609 45
610 45
611 46
612 47
613 48
614 48
615 49
616 46
617 46
618 47
619 48
620 48
621 47
622 48
623 46
624 47
625 44
626 45
627 47
628 47
629 49
630 47
631 51
632 52
633 47
634 50
635 49
636 48
637 45
638 44
639 44
640 44
641 44
642 45
643 42
644 45
645 43
646 39
647 44
648 45
649 46
650 45
651 43
652 46
653 43
654 44
655 44
656 44
657 43
658 46
659 41
660 44
661 47
662 50
663 48
664 45
665 48
666 45
667 42
668 43
669 42
670 43
671 43
672 44
673 46
674 43
675 41
676 41
677 43
678 43
679 45
680 47
681 48
682 47
683 45
684 46
685 45
686 45
687 46
688 45
689 47
690 47
691 48
692 43
693 46
694 46
695 42
696 42
697 42
698 45
699 47
700 51
701 48
702 45
703 45
704 49
705 49
706 47
707 47
708 46
709 44
710 44
711 47
712 48
713 48
714 48
715 48
716 47
717 49
718 39
719 40
720 42
721 44
722 45
723 47
724 47
725 46
726 43
727 47
728 48
729 48
730 44
731 45
732 49
733 48
734 47
735 47
736 46
737 46
738 46
739 42
740 42
741 45
742 42
743 44
744 42
745 40
746 43
747 46
748 43
749 44
750 45
751 42
752 41
753 40
754 44
755 43
756 42
757 43
758 44
759 47
760 49
761 49
762 45
763 47
764 50
765 44
766 44
767 46
768 44
769 44
770 47
771 46
772 46
773 45
774 45
775 44
776 44
777 46
778 43
779 45
780 43
781 43
782 47
783 44
784 44
785 44
786 42
787 40
788 39
789 43
790 42
791 43
792 47
793 48
794 48
795 43
796 42
797 45
798 42
799 42
800 46
801 43
802 43
803 44
804 45
805 44
806 44
807 45
808 46
809 48
810 49
811 47
812 45
813 46
814 44
815 43
816 43
817 47
818 42
819 42
820 42
821 46
822 44
823 45
824 47
825 45
826 41
827 42
828 40
829 42
830 42
831 44
832 42
833 41
834 39
835 41
836 42
837 45
838 44
839 46
840 45
841 45
842 46
843 45
844 43
845 43
846 43
847 42
848 42
849 37
850 40
851 44
852 43
853 44
854 41
855 44
856 42
857 45
858 43
859 47
860 48
861 47
862 45
863 47
864 45
865 46
866 45
867 45
868 42
869 45
870 43
871 46
872 44
873 48
874 49
875 49
876 49
877 51
878 49
879 47
880 50
881 46
882 49
883 46
884 46
885 49
886 49
887 49
888 46
889 40
890 41
891 42
892 44
893 43
894 43
895 42
896 43
897 46
898 48
899 47
900 48
901 46
902 48
903 47
904 45
905 47
906 44
907 47
908 43
909 44
910 42
911 43
912 43
913 46
914 47
915 42
916 43
917 44
918 45
919 42
920 43
921 40
922 44
923 42
924 45
925 43
926 47
927 48
928 47
929 47
930 45
931 45
932 49
933 50
934 48
935 47
936 44
937 41
938 43
939 46
940 45
941 45
942 44
943 43
944 44
945 42
946 46
947 49
948 45
949 43
950 40
951 46
952 44
953 43
954 47
955 47
956 48
957 49
958 47
959 50
960 49
961 47
962 44
963 46
964 48
965 50
966 49
967 49
968 45
969 43
970 43
971 43
972 43
973 47
974 48
975 46
976 48
977 47
978 44
979 45
980 47
981 47
982 48
983 45
984 46
985 45
986 46
987 47
988 44
989 41
990 43
991 43
992 41
993 44
994 43
995 46
996 46
997 44
998 48
999 46
1000 41
