0 85
1 79
2 74
3 69
4 61
5 64
6 60
7 60
8 60
9 57
10 57
11 58
12 51
13 51
14 52
15 52
16 56
17 53
18 51
19 48
20 50
21 51
22 51
23 51
24 52
25 55
26 55
27 57
28 57
29 56
30 57
31 57
32 55
33 53
34 50
35 51
36 51
37 52
38 56
39 59
40 59
41 57
42 57
43 55
44 53
45 53
46 55
47 56
48 51
49 50
50 49
51 52
52 53
53 55
54 55
55 54
56 53
57 52
58 52
59 45
60 46
61 50
62 51
63 52
64 54
65 54
66 53
67 54
68 54
69 51
70 51
71 48
72 48
73 50
74 51
75 51
76 52
77 52
78 50
79 51
80 52
81 55
82 54
83 51
84 46
85 50
86 49
87 47
88 44
89 50
90 51
91 51
92 53
93 54
94 55
95 52
96 52
97 57
98 58
99 58
100 56
101 54
102 51
103 52
104 51
105 49
106 49
107 49
108 52
109 51
110 51
111 47
112 49
113 51
114 51
115 50
116 55
117 54
118 58
119 57
120 59
121 55
122 54
123 59
124 54
125 54
126 55
127 57
128 57
129 52
130 52
131 49
132 51
133 51
134 53
135 49
136 52
137 52
138 53
139 52
140 50
141 53
142 52
143 50
144 50
145 52
146 50
147 54
148 55
149 55
150 55
151 57
152 56
153 57
154 56
155 52
156 54
157 55
158 57
159 56
160 57
161 55
162 57
163 54
164 53
165 53
166 53
167 54
168 50
169 52
170 52
171 53
172 54
173 54
174 56
175 56
176 56
177 52
178 54
179 55
180 58
181 53
182 53
183 50
184 52
185 52
186 54
187 52
188 54
189 52
190 55
191 55
192 54
193 55
194 55
195 54
196 55
197 57
198 55
199 54
200 56
201 56
202 55
203 55
204 54
205 54
206 54
207 53
208 54
209 53
210 53
211 51
212 53
213 49
214 50
215 51
216 51
217 51
218 53
219 55
220 52
221 49
222 51
223 53
224 51
225 54
226 53
227 52
228 49
229 50
230 48
231 53
232 55
233 56
234 57
235 58
236 57
237 56
238 57
239 58
240 56
241 58
242 59
243 57
244 54
245 53
246 53
247 55
248 58
249 61
250 60
251 59
252 56
253 53
254 55
255 51
256 50
257 48
258 47
259 51
260 53
261 51
262 52
263 51
264 54
265 54
266 54
267 50
268 49
269 52
270 49
271 51
272 50
273 53
274 54
275 57
276 56
277 57
278 59
279 57
280 54
281 55
282 51
283 47
284 48
285 47
286 46
287 46
288 45
289 50
290 49
291 52
292 51
293 52
294 55
295 55
296 55
297 56
298 58
299 59
300 58
301 53
302 56
303 56
304 53
305 52
306 53
307 52
308 53
309 54
310 57
311 54
312 55
313 51
314 52
315 50
316 49
317 52
318 54
319 55
320 58
321 58
322 57
323 56
324 51
325 53
326 53
327 54
328 55
329 56
330 54
331 56
332 54
333 53
334 50
335 53
336 52
337 56
338 50
339 50
340 48
341 45
342 49
343 49
344 52
345 51
346 52
347 51
348 50
349 50
350 49
351 49
352 49
353 51
354 52
355 50
356 50
357 50
358 51
359 53
360 52
361 51
362 50
363 53
364 51
365 53
366 50
367 53
368 55
369 57
370 57
371 56
372 57
373 56
374 56
375 56
376 53
377 54
378 51
379 53
380 54
381 52
382 53
383 52
384 53
385 55
386 56
387 54
388 54
389 52
390 51
391 52
392 54
393 57
394 58
395 57
396 52
397 54
398 54
399 52
400 51
401 52
402 53
403 51
404 51
405 52
406 50
407 51
408 50
409 52
410 55
411 55
412 53
413 54
414 56
415 54
416 51
417 52
418 53
419 51
420 53
421 54
422 54
423 57
424 55
425 55
426 52
427 54
428 54
429 51
430 52
431 50
432 52
433 51
434 50
435 48
436 50
437 54
438 58
439 58
440 60
441 58
442 54
443 54
444 54
445 55
446 57
447 60
448 58
449 58
450 57
451 52
452 52
453 50
454 49
455 48
456 47
457 44
458 47
459 45
460 47
461 50
462 50
463 48
464 51
465 49
466 49
467 49
468 51
469 49
470 51
471 47
472 46
473 49
474 49
475 51
476 49
477 48
478 49
479 48
480 50
481 52
482 49
483 51
484 54
485 53
486 53
487 53
488 52
489 56
490 53
491 54
492 54
493 54
494 52
495 52
496 52
497 52
498 52
499 52
500 52
501 57
502 57
503 60
504 59
505 57
506 56
507 55
508 53
509 57
510 56
511 55
512 53
513 55
514 54
515 52
516 50
517 56
518 54
519 56
520 55
521 55
522 55
523 54
524 54
525 55
526 54
527 53
528 57
529 55
530 54
531 54
532 54
533 52
534 52
535 51
536 50
537 50
538 46
539 50
540 51
541 51
542 54
543 54
544 58
545 59
546 58
547 58
548 55
549 56
550 56
551 55
552 54
553 56
554 55
555 57
556 55
557 54
558 56
559 55
560 54
561 52
562 49
563 48
564 49
565 48
566 51
567 48
568 53
569 52
570 45
571 48
572 52
573 51
574 53
575 50
576 56
577 53
578 51
579 52
580 51
581 55
582 53
583 54
584 54
585 55
586 55
587 56
588 57
589 53
590 56
591 58
592 58
593 54
594 53
595 54
596 51
597 51
598 52
599 48
600 47
601 48
602 46
603 48
604 48
605 50
606 54
607 53
608 53
609 56
610 59
611 58
612 54
613 55
614 56
615 50
616 54
617 56
618 54
619 55
620 54
621 55
622 58
623 53
624 53
625 55
626 56
627 51
628 53
629 54
630 55
631 56
632 56
633 56
634 56
635 54
636 55
637 55
638 57
639 54
640 56
641 54
642 55
643 56
644 56
645 57
646 56
647 56
648 56
649 56
650 57
651 57
652 58
653 57
654 54
655 53
656 54
657 52
658 55
659 53
660 53
661 52
662 51
663 53
664 52
665 53
666 52
667 53
668 56
669 53
670 54
671 54
672 54
673 53
674 51
675 49
676 49
677 52
678 54
679 54
680 53
681 53
682 53
683 50
684 46
685 45
686 47
687 49
688 52
689 54
690 56
691 58
692 59
693 57
694 58
695 58
696 56
697 54
698 54
699 56
700 58
701 56
702 56
703 56
704 57
705 53
706 54
707 56
708 47
709 49
710 49
711 49
712 51
713 52
714 51
715 50
716 47
717 46
718 50
719 51
720 52
721 54
722 53
723 51
724 49
725 53
726 51
727 53
728 54
729 54
730 52
731 54
732 54
733 53
734 54
735 50
736 49
737 51
738 50
739 52
740 54
741 54
742 53
743 51
744 51
745 50
746 48
747 50
748 54
749 56
750 55
751 54
752 55
753 56
754 55
755 56
756 56
757 58
758 52
759 54
760 51
761 56
762 56
763 54
764 53
765 54
766 51
767 55
768 56
769 57
770 55
771 54
772 52
773 51
774 53
775 51
776 54
777 56
778 54
779 56
780 56
781 52
782 56
783 54
784 52
785 50
786 50
787 50
788 48
789 50
790 51
791 56
792 54
793 54
794 54
795 53
796 52
797 56
798 55
799 57
800 56
801 54
802 55
803 54
804 51
805 53
806 53
807 51
808 51
809 54
810 56
811 58
812 56
813 52
814 52
815 52
816 53
817 53
818 50
819 48
820 47
821 52
822 53
823 54
824 52
825 54
826 52
827 55
828 59
829 59
830 55
831 57
832 53
833 51
834 51
835 51
836 54
837 50
838 50
839 49
840 49
841 52
842 53
843 55
844 54
845 53
846 54
847 56
848 57
849 57
850 54
851 54
852 54
853 56
854 54
855 55
856 55
857 50
858 53
859 57
860 54
861 55
862 56
863 54
864 53
865 57
866 54
867 53
868 53
869 54
870 56
871 56
872 56
873 56
874 56
875 53
876 51
877 52
878 50
879 53
880 54
881 57
882 58
883 56
884 55
885 55
886 53
887 54
888 54
889 53
890 50
891 53
892 50
893 50
894 52
895 54
896 53
897 52
898 54
899 52
900 55
901 51
902 55
903 54
904 54
905 57
906 50
907 50
908 47
909 48
910 49
911 50
912 51
913 48
914 48
915 51
916 52
917 53
918 54
919 54
920 52
921 55
922 56
923 54
924 55
925 57
926 56
927 52
928 51
929 53
930 49
931 50
932 50
933 54
934 53
935 54
936 58
937 59
938 54
939 55
940 53
941 53
942 52
943 56
944 57
945 58
946 57
947 58
948 52
949 51
950 49
951 49
952 54
953 53
954 54
955 55
956 56
957 57
958 58
959 58
960 55
961 54
962 54
963 53
964 53
965 55
966 51
967 49
968 50
969 52
970 49
971 54
972 54
973 55
974 56
975 51
976 54
977 54
978 51
979 53
980 54
981 51
982 54
983 55
984 54
985 56
986 51
987 55
988 57
989 56
990 56
991 55
992 56
993 56
994 56
995 56
996 55
997 58
998 56
999 59
1000 57
