0 35
1 23
2 24
3 23
4 23
5 19
6 21
7 23
8 23
9 22
10 22
11 22
12 23
13 22
14 23
15 22
16 19
17 18
18 22
19 21
20 19
21 20
22 20
23 21
24 23
25 22
26 20
27 21
28 20
29 19
30 21
31 23
32 22
33 22
34 21
35 22
36 20
37 21
38 22
39 20
40 21
41 22
42 19
43 19
44 19
45 21
46 22
47 24
48 21
49 21
50 18
51 20
52 19
53 23
54 20
55 25
56 24
57 23
58 20
59 23
60 17
61 18
62 22
63 24
64 22
65 21
66 20
67 22
68 24
69 19
70 17
71 21
72 20
73 19
74 20
75 20
76 21
77 21
78 20
79 20
80 19
81 20
82 22
83 23
84 20
85 20
86 19
87 23
88 22
89 20
90 22
91 21
92 22
93 23
94 22
95 19
96 21
97 20
98 18
99 20
100 21
101 16
102 19
103 21
104 24
105 23
106 22
107 24
108 23
109 23
110 22
111 20
112 20
113 17
114 18
115 25
116 24
117 19
118 19
119 22
120 23
121 24
122 23
123 24
124 24
125 22
126 20
127 25
128 23
129 21
130 23
131 23
132 21
133 21
134 24
135 23
136 23
137 23
138 24
139 23
140 22
141 24
142 23
143 23
144 20
145 21
146 19
147 20
148 20
149 22
150 23
151 22
152 21
153 23
154 25
155 24
156 21
157 23
158 24
159 25
160 22
161 23
162 23
163 21
164 21
165 19
166 20
167 24
168 21
169 23
170 23
171 21
172 20
173 22
174 17
175 21
176 21
177 23
178 24
179 21
180 21
181 22
182 21
183 22
184 21
185 19
186 20
187 16
188 21
189 21
190 21
191 21
192 21
193 20
194 20
195 22
196 22
197 23
198 17
199 19
200 21
201 23
202 21
203 22
204 22
205 17
206 16
207 20
208 21
209 23
210 22
211 21
212 22
213 19
214 22
215 23
216 19
217 20
218 17
219 23
220 24
221 22
222 23
223 23
224 23
225 23
226 22
227 24
228 18
229 21
230 20
231 24
232 19
233 21
234 22
235 23
236 22
237 21
238 21
239 23
240 21
241 23
242 22
243 21
244 20
245 19
246 22
247 21
248 21
249 23
250 21
251 20
252 17
253 21
254 22
255 21
256 23
257 24
258 24
259 24
260 23
261 21
262 23
263 21
264 23
265 23
266 20
267 22
268 23
269 23
270 22
271 18
272 18
273 21
274 25
275 23
276 18
277 23
278 22
279 23
280 22
281 21
282 24
283 21
284 21
285 23
286 22
287 21
288 26
289 23
290 20
291 23
292 21
293 23
294 22
295 23
296 22
297 25
298 23
299 22
300 23
301 23
302 22
303 20
304 23
305 22
306 23
307 21
308 20
309 21
310 21
311 19
312 18
313 21
314 21
315 19
316 18
317 19
318 16
319 18
320 18
321 22
322 22
323 24
324 19
325 22
326 22
327 19
328 22
329 23
330 25
331 23
332 24
333 22
334 23
335 24
336 20
337 21
338 20
339 23
340 23
341 23
342 23
343 23
344 21
345 22
346 23
347 22
348 22
349 22
350 22
351 22
352 24
353 25
354 24
355 22
356 20
357 21
358 23
359 23
360 23
361 21
362 19
363 20
364 23
365 23
366 24
367 23
368 21
369 23
370 24
371 22
372 19
373 21
374 22
375 24
376 25
377 23
378 20
379 23
380 20
381 18
382 17
383 20
384 22
385 22
386 22
387 24
388 23
389 22
390 18
391 19
392 21
393 22
394 26
395 22
396 20
397 22
398 23
399 24
400 20
401 22
402 22
403 19
404 23
405 22
406 18
407 20
408 20
409 21
410 19
411 22
412 20
413 22
414 22
415 24
416 23
417 24
418 23
419 23
420 20
421 22
422 19
423 20
424 19
425 20
426 24
427 22
428 23
429 18
430 20
431 18
432 20
433 23
434 20
435 20
436 25
437 22
438 20
439 21
440 21
441 21
442 20
443 22
444 22
445 20
446 23
447 21
448 22
449 20
450 24
451 21
452 19
453 23
454 22
455 22
456 21
457 22
458 18
459 20
460 20
461 24
462 19
463 22
464 24
465 20
466 22
467 20
468 21
469 25
470 22
471 23
472 20
473 21
474 22
475 19
476 22
477 19
478 22
479 21
480 20
481 20
482 24
483 19
484 20
485 22
486 19
487 22
488 16
489 21
490 19
491 23
492 21
493 18
494 19
495 23
496 18
497 20
498 19
499 21
500 22
501 21
502 19
503 23
504 21
505 22
506 20
507 21
508 21
509 21
510 23
511 23
512 21
513 23
514 19
515 20
516 22
517 21
518 22
519 22
520 23
521 20
522 22
523 22
524 23
525 23
526 21
527 20
528 21
529 20
530 20
531 21
532 19
533 22
534 21
535 18
536 19
537 23
538 20
539 22
540 22
541 23
542 20
543 20
544 21
545 21
546 23
547 20
548 19
549 21
550 23
551 16
552 20
553 20
554 22
555 22
556 21
557 17
558 17
559 20
560 23
561 22
562 22
563 22
564 21
565 20
566 24
567 23
568 21
569 21
570 24
571 22
572 22
573 22
574 20
575 23
576 22
577 23
578 22
579 22
580 22
581 22
582 23
583 20
584 19
585 21
586 18
587 20
588 20
589 22
590 25
591 25
592 22
593 20
594 20
595 20
596 20
597 23
598 22
599 21
600 21
601 20
602 18
603 21
604 23
605 18
606 21
607 23
608 23
609 21
610 19
611 22
612 21
613 21
614 23
615 24
616 23
617 23
618 22
619 23
620 22
621 24
622 21
623 24
624 23
625 23
626 22
627 24
628 24
629 23
630 25
631 24
632 22
633 21
634 22
635 20
636 20
637 21
638 23
639 22
640 23
641 22
642 22
643 19
644 21
645 24
646 23
647 22
648 15
649 21
650 23
651 20
652 20
653 21
654 23
655 22
656 22
657 21
658 21
659 22
660 21
661 21
662 23
663 22
664 23
665 24
666 20
667 21
668 22
669 22
670 22
671 21
672 22
673 24
674 23
675 25
676 22
677 24
678 24
679 22
680 23
681 21
682 23
683 22
684 23
685 18
686 19
687 18
688 22
689 18
690 20
691 17
692 22
693 20
694 21
695 20
696 24
697 19
698 20
699 23
700 22
701 21
702 22
703 22
704 21
705 22
706 21
707 24
708 25
709 23
710 23
711 23
712 19
713 19
714 21
715 22
716 21
717 22
718 22
719 18
720 22
721 23
722 20
723 21
724 21
725 20
726 23
727 23
728 22
729 25
730 21
731 20
732 24
733 21
734 20
735 22
736 23
737 25
738 20
739 22
740 23
741 22
742 17
743 21
744 21
745 20
746 19
747 20
748 21
749 22
750 22
751 20
752 20
753 24
754 22
755 24
756 24
757 23
758 21
759 20
760 21
761 22
762 22
763 17
764 21
765 18
766 19
767 20
768 22
769 21
770 22
771 19
772 20
773 23
774 22
775 23
776 19
777 20
778 18
779 21
780 23
781 22
782 23
783 23
784 21
785 21
786 23
787 23
788 24
789 22
790 23
791 24
792 24
793 22
794 22
795 24
796 21
797 24
798 23
799 21
800 15
801 20
802 22
803 23
804 22
805 22
806 23
807 20
808 22
809 20
810 22
811 22
812 23
813 23
814 24
815 23
816 22
817 20
818 23
819 24
820 22
821 24
822 25
823 24
824 18
825 21
826 21
827 21
828 21
829 22
830 23
831 21
832 20
833 23
834 21
835 23
836 22
837 22
838 21
839 17
840 22
841 20
842 18
843 21
844 22
845 21
846 18
847 22
848 21
849 23
850 22
851 22
852 22
853 22
854 24
855 24
856 23
857 20
858 23
859 20
860 23
861 21
862 23
863 22
864 20
865 17
866 18
867 19
868 21
869 21
870 19
871 21
872 23
873 24
874 20
875 20
876 20
877 22
878 22
879 21
880 21
881 24
882 24
883 23
884 19
885 18
886 18
887 17
888 20
889 23
890 20
891 19
892 22
893 22
894 23
895 22
896 22
897 22
898 18
899 21
900 20
901 17
902 19
903 21
904 19
905 21
906 23
907 21
908 19
909 21
910 22
911 22
912 22
913 21
914 22
915 21
916 20
917 25
918 21
919 24
920 23
921 22
922 22
923 23
924 19
925 21
926 17
927 19
928 23
929 18
930 20
931 20
932 21
933 20
934 20
935 19
936 19
937 24
938 22
939 20
940 21
941 23
942 22
943 21
944 23
945 22
946 19
947 20
948 20
949 24
950 23
951 20
952 20
953 21
954 20
955 24
956 24
957 22
958 23
959 22
960 21
961 21
962 21
963 23
964 21
965 22
966 22
967 24
968 24
969 22
970 19
971 22
972 23
973 20
974 21
975 21
976 22
977 21
978 20
979 19
980 18
981 20
982 20
983 22
984 23
985 21
986 22
987 21
988 24
989 21
990 16
991 20
992 22
993 22
994 20
995 21
996 22
997 22
998 21
999 24
1000 20
