0 45
1 43
2 39
3 38
4 37
5 35
6 32
7 31
8 30
9 27
10 27
11 25
12 26
13 25
14 23
15 24
16 24
17 24
18 22
19 23
20 20
21 20
22 21
23 23
24 21
25 22
26 23
27 23
28 25
29 24
30 24
31 25
32 25
33 21
34 21
35 21
36 24
37 24
38 23
39 21
40 21
41 20
42 20
43 20
44 18
45 19
46 19
47 20
48 19
49 19
50 21
51 23
52 23
53 25
54 25
55 23
56 22
57 24
58 24
59 24
60 24
61 26
62 28
63 28
64 27
65 27
66 24
67 24
68 25
69 24
70 21
71 23
72 24
73 26
74 27
75 27
76 25
77 26
78 25
79 23
80 22
81 22
82 23
83 23
84 22
85 24
86 25
87 24
88 24
89 23
90 23
91 22
92 23
93 22
94 20
95 21
96 22
97 23
98 22
99 24
100 23
101 21
102 19
103 21
104 22
105 22
106 21
107 23
108 24
109 25
110 25
111 23
112 23
113 23
114 22
115 25
116 24
117 24
118 25
119 25
120 25
121 26
122 24
123 24
124 22
125 22
126 23
127 24
128 25
129 25
130 23
131 24
132 25
133 22
134 22
135 22
136 25
137 25
138 25
139 26
140 25
141 25
142 25
143 25
144 24
145 24
146 24
147 22
148 22
149 20
150 20
151 20
152 22
153 22
154 23
155 24
156 23
157 25
158 24
159 25
160 25
161 25
162 23
163 23
164 22
165 22
166 23
167 25
168 25
169 26
170 24
171 24
172 25
173 23
174 20
175 20
176 17
177 14
178 15
179 16
180 16
181 16
182 17
183 18
184 20
185 20
186 21
187 22
188 20
189 20
190 19
191 20
192 20
193 19
194 20
195 20
196 22
197 20
198 21
199 22
200 21
201 22
202 24
203 25
204 23
205 23
206 25
207 27
208 26
209 27
210 26
211 27
212 25
213 25
214 23
215 24
216 23
217 25
218 24
219 25
220 24
221 22
222 23
223 22
224 21
225 21
226 21
227 21
228 22
229 23
230 23
231 20
232 21
233 21
234 22
235 23
236 21
237 22
238 23
239 21
240 21
241 19
242 20
243 21
244 22
245 22
246 21
247 22
248 22
249 23
250 23
251 24
252 23
253 23
254 23
255 21
256 20
257 20
258 21
259 21
260 19
261 19
262 18
263 19
264 20
265 20
266 22
267 20
268 21
269 22
270 23
271 23
272 23
273 25
274 24
275 21
276 20
277 19
278 20
279 20
280 22
281 23
282 23
283 26
284 22
285 22
286 20
287 21
288 22
289 22
290 24
291 24
292 22
293 25
294 25
295 25
296 24
297 22
298 23
299 24
300 22
301 23
302 24
303 23
304 22
305 22
306 21
307 22
308 22
309 23
310 23
311 23
312 21
313 21
314 24
315 21
316 21
317 21
318 22
319 20
320 21
321 23
322 24
323 26
324 26
325 26
326 27
327 27
328 26
329 27
330 27
331 24
332 24
333 23
334 25
335 24
336 23
337 23
338 23
339 23
340 23
341 22
342 23
343 23
344 22
345 22
346 21
347 20
348 19
349 20
350 17
351 21
352 21
353 23
354 23
355 24
356 24
357 24
358 23
359 24
360 24
361 22
362 21
363 21
364 22
365 22
366 22
367 24
368 25
369 25
370 25
371 26
372 26
373 26
374 25
375 25
376 25
377 25
378 24
379 24
380 23
381 23
382 25
383 23
384 21
385 20
386 20
387 20
388 18
389 18
390 17
391 18
392 19
393 19
394 20
395 22
396 23
397 24
398 25
399 26
400 27
401 26
402 24
403 25
404 22
405 24
406 25
407 26
408 28
409 26
410 24
411 23
412 20
413 20
414 20
415 21
416 23
417 23
418 22
419 23
420 22
421 21
422 21
423 21
424 22
425 23
426 23
427 24
428 25
429 25
430 24
431 23
432 22
433 20
434 20
435 22
436 21
437 19
438 19
439 19
440 17
441 17
442 17
443 19
444 18
445 18
446 19
447 20
448 22
449 21
450 20
451 21
452 22
453 25
454 26
455 24
456 24
457 25
458 25
459 22
460 21
461 20
462 22
463 22
464 21
465 23
466 23
467 23
468 24
469 22
470 22
471 22
472 20
473 22
474 22
475 22
476 22
477 24
478 24
479 24
480 25
481 24
482 24
483 24
484 26
485 26
486 25
487 25
488 26
489 26
490 26
491 26
492 25
493 24
494 25
495 25
496 24
497 24
498 24
499 24
500 24
501 24
502 24
503 24
504 21
505 20
506 21
507 22
508 23
509 23
510 25
511 25
512 24
513 23
514 25
515 25
516 25
517 25
518 26
519 26
520 25
521 25
522 25
523 24
524 23
525 24
526 24
527 25
528 25
529 25
530 26
531 27
532 27
533 25
534 23
535 23
536 22
537 22
538 23
539 24
540 23
541 22
542 24
543 24
544 24
545 24
546 22
547 21
548 22
549 23
550 22
551 21
552 20
553 20
554 19
555 20
556 20
557 20
558 22
559 19
560 21
561 21
562 20
563 20
564 18
565 20
566 21
567 22
568 21
569 22
570 22
571 23
572 24
573 24
574 25
575 24
576 25
577 25
578 23
579 19
580 21
581 22
582 21
583 21
584 20
585 23
586 23
587 24
588 24
589 23
590 23
591 24
592 23
593 24
594 25
595 22
596 23
597 23
598 23
599 23
600 24
601 24
602 23
603 24
604 22
605 21
606 22
607 23
608 23
609 24
610 23
611 22
612 22
613 21
614 23
615 26
616 25
617 25
618 25
619 26
620 27
621 25
622 25
623 27
624 26
625 23
626 23
627 23
628 23
629 23
630 22
631 22
632 20
633 19
634 19
635 20
636 21
637 23
638 24
639 24
640 23
641 23
642 24
643 25
644 24
645 23
646 23
647 23
648 23
649 22
650 24
651 24
652 25
653 24
654 25
655 25
656 25
657 25
658 24
659 26
660 25
661 25
662 24
663 22
664 22
665 21
666 21
667 21
668 18
669 19
670 20
671 19
672 19
673 19
674 20
675 21
676 22
677 22
678 22
679 23
680 23
681 24
682 24
683 24
684 23
685 24
686 23
687 24
688 22
689 24
690 25
691 24
692 24
693 23
694 22
695 24
696 25
697 25
698 25
699 24
700 25
701 24
702 25
703 26
704 29
705 30
706 29
707 29
708 29
709 29
710 28
711 28
712 28
713 26
714 26
715 25
716 24
717 25
718 25
719 25
720 24
721 24
722 24
723 24
724 25
725 23
726 21
727 22
728 21
729 20
730 22
731 23
732 21
733 23
734 22
735 22
736 22
737 23
738 22
739 21
740 24
741 23
742 24
743 25
744 24
745 23
746 22
747 23
748 24
749 23
750 21
751 20
752 20
753 18
754 19
755 20
756 21
757 23
758 22
759 22
760 22
761 22
762 23
763 24
764 23
765 23
766 24
767 25
768 23
769 22
770 22
771 22
772 24
773 24
774 23
775 24
776 24
777 23
778 20
779 21
780 22
781 22
782 22
783 22
784 22
785 24
786 22
787 22
788 21
789 20
790 21
791 20
792 20
793 22
794 22
795 22
796 24
797 24
798 25
799 23
800 22
801 20
802 20
803 20
804 20
805 21
806 22
807 24
808 23
809 22
810 23
811 24
812 22
813 22
814 22
815 23
816 25
817 25
818 24
819 25
820 23
821 25
822 25
823 27
824 26
825 27
826 27
827 26
828 26
829 26
830 27
831 26
832 27
833 28
834 28
835 26
836 27
837 28
838 27
839 26
840 27
841 27
842 26
843 22
844 21
845 20
846 21
847 23
848 24
849 26
850 27
851 26
852 26
853 26
854 25
855 25
856 26
857 24
858 24
859 23
860 24
861 24
862 25
863 23
864 23
865 22
866 21
867 20
868 21
869 22
870 24
871 24
872 24
873 24
874 24
875 23
876 23
877 23
878 23
879 22
880 23
881 24
882 23
883 23
884 24
885 26
886 26
887 27
888 28
889 27
890 26
891 26
892 24
893 23
894 22
895 21
896 22
897 21
898 22
899 23
900 23
901 22
902 23
903 25
904 24
905 25
906 26
907 26
908 26
909 26
910 24
911 24
912 23
913 21
914 21
915 19
916 18
917 18
918 18
919 18
920 20
921 22
922 23
923 23
924 23
925 22
926 23
927 21
928 20
929 21
930 21
931 21
932 21
933 22
934 21
935 20
936 22
937 23
938 22
939 22
940 22
941 24
942 24
943 23
944 24
945 24
946 22
947 21
948 21
949 22
950 22
951 21
952 23
953 21
954 23
955 24
956 24
957 24
958 21
959 21
960 20
961 21
962 20
963 22
964 24
965 25
966 26
967 25
968 25
969 23
970 21
971 22
972 21
973 21
974 23
975 21
976 24
977 25
978 25
979 25
980 25
981 22
982 24
983 24
984 22
985 24
986 22
987 21
988 21
989 21
990 22
991 24
992 23
993 23
994 23
995 24
996 25
997 25
998 25
999 24
1000 25
