0 90
1 76
2 66
3 63
4 63
5 64
6 61
7 59
8 58
9 58
10 58
11 57
12 56
13 58
14 60
15 56
16 52
17 54
18 56
19 52
20 57
21 55
22 54
23 54
24 58
25 59
26 59
27 64
28 60
29 60
30 56
31 55
32 54
33 59
34 60
35 59
36 60
37 61
38 58
39 62
40 63
41 61
42 56
43 55
44 55
45 52
46 51
47 54
48 53
49 57
50 60
51 58
52 62
53 61
54 60
55 62
56 59
57 56
58 53
59 56
60 58
61 59
62 60
63 61
64 61
65 61
66 59
67 65
68 58
69 58
70 53
71 53
72 55
73 56
74 59
75 55
76 56
77 55
78 55
79 55
80 58
81 61
82 52
83 57
84 58
85 58
86 61
87 59
88 56
89 53
90 54
91 59
92 54
93 57
94 57
95 58
96 55
97 57
98 59
99 57
100 54
101 56
102 59
103 55
104 60
105 59
106 56
107 55
108 55
109 58
110 57
111 60
112 57
113 56
114 58
115 57
116 58
117 58
118 59
119 59
120 58
121 54
122 55
123 57
124 57
125 60
126 59
127 57
128 59
129 62
130 57
131 55
132 59
133 57
134 60
135 59
136 58
137 56
138 52
139 53
140 59
141 59
142 59
143 57
144 56
145 58
146 56
147 59
148 57
149 57
150 54
151 58
152 62
153 63
154 61
155 56
156 56
157 58
158 59
159 57
160 54
161 56
162 58
163 56
164 59
165 60
166 56
167 58
168 60
169 63
170 58
171 58
172 54
173 61
174 60
175 65
176 62
177 59
178 59
179 60
180 58
181 59
182 59
183 59
184 55
185 50
186 53
187 55
188 54
189 59
190 58
191 55
192 56
193 54
194 58
195 62
196 63
197 60
198 58
199 59
200 58
201 59
202 59
203 55
204 49
205 53
206 56
207 58
208 58
209 59
210 60
211 60
212 59
213 63
214 62
215 62
216 58
217 55
218 57
219 56
220 58
221 59
222 59
223 60
224 57
225 53
226 48
227 51
228 52
229 56
230 55
231 53
232 59
233 57
234 58
235 59
236 57
237 57
238 59
239 60
240 54
241 56
242 54
243 57
244 53
245 52
246 54
247 56
248 59
249 59
250 53
251 59
252 54
253 51
254 53
255 55
256 49
257 53
258 56
259 56
260 59
261 61
262 61
263 58
264 53
265 54
266 59
267 59
268 58
269 53
270 56
271 55
272 57
273 54
274 55
275 51
276 52
277 54
278 56
279 61
280 62
281 63
282 62
283 60
284 60
285 54
286 55
287 59
288 58
289 59
290 58
291 61
292 51
293 51
294 55
295 55
296 52
297 55
298 57
299 56
300 52
301 53
302 57
303 59
304 58
305 58
306 57
307 62
308 59
309 60
310 59
311 55
312 53
313 54
314 49
315 54
316 56
317 56
318 56
319 58
320 58
321 55
322 52
323 51
324 55
325 53
326 55
327 60
328 56
329 58
330 57
331 55
332 52
333 56
334 57
335 60
336 59
337 62
338 55
339 52
340 54
341 53
342 58
343 59
344 55
345 60
346 64
347 62
348 61
349 61
350 63
351 62
352 62
353 60
354 59
355 61
356 63
357 61
358 60
359 60
360 57
361 56
362 55
363 55
364 55
365 56
366 51
367 53
368 58
369 57
370 58
371 61
372 58
373 59
374 52
375 57
376 59
377 57
378 57
379 59
380 61
381 57
382 58
383 61
384 58
385 60
386 57
387 55
388 55
389 58
390 52
391 54
392 52
393 57
394 59
395 61
396 57
397 59
398 57
399 57
400 56
401 60
402 57
403 56
404 54
405 56
406 55
407 57
408 59
409 56
410 57
411 55
412 57
413 58
414 60
415 61
416 61
417 59
418 54
419 53
420 51
421 51
422 56
423 57
424 58
425 59
426 58
427 56
428 54
429 58
430 59
431 50
432 54
433 57
434 59
435 56
436 54
437 56
438 55
439 56
440 57
441 57
442 59
443 59
444 60
445 58
446 55
447 59
448 57
449 59
450 59
451 60
452 58
453 57
454 57
455 57
456 57
457 55
458 52
459 57
460 59
461 57
462 59
463 57
464 60
465 61
466 59
467 61
468 60
469 57
470 58
471 57
472 58
473 58
474 59
475 61
476 63
477 63
478 57
479 54
480 59
481 57
482 58
483 58
484 56
485 57
486 56
487 56
488 55
489 56
490 56
491 55
492 54
493 51
494 48
495 53
496 56
497 59
498 59
499 56
500 57
501 61
502 55
503 56
504 57
505 58
506 58
507 55
508 57
509 59
510 58
511 60
512 58
513 59
514 61
515 58
516 54
517 56
518 57
519 54
520 53
521 58
522 58
523 56
524 58
525 57
526 58
527 57
528 59
529 62
530 57
531 57
532 56
533 53
534 57
535 56
536 57
537 47
538 46
539 54
540 57
541 54
542 55
543 57
544 59
545 59
546 55
547 57
548 60
549 55
550 51
551 52
552 59
553 58
554 57
555 58
556 57
557 56
558 60
559 60
560 62
561 56
562 59
563 52
564 57
565 58
566 58
567 58
568 57
569 54
570 56
571 53
572 58
573 55
574 50
575 55
576 64
577 57
578 57
579 58
580 58
581 55
582 59
583 57
584 62
585 55
586 58
587 58
588 57
589 55
590 53
591 52
592 54
593 54
594 53
595 54
596 53
597 52
598 55
599 53
600 55
601 56
602 58
603 61
604 61
605 56
606 55
607 55
608 57
609 61
610 56
611 57
612 54
613 58
614 59
615 57
616 56
617 59
618 59
619 61
620 60
621 59
622 60
623 57
624 56
625 57
626 56
627 57
628 58
629 57
630 60
631 59
632 53
633 51
634 51
635 54
636 56
637 58
638 54
639 56
640 59
641 58
642 56
643 56
644 59
645 62
646 59
647 57
648 55
649 55
650 59
651 58
652 59
653 59
654 58
655 56
656 56
657 53
658 56
659 56
660 57
661 60
662 62
663 55
664 57
665 56
666 56
667 56
668 55
669 56
670 56
671 58
672 61
673 60
674 59
675 55
676 58
677 52
678 54
679 57
680 58
681 60
682 62
683 61
684 60
685 59
686 58
687 55
688 55
689 57
690 53
691 57
692 61
693 57
694 58
695 57
696 56
697 60
698 62
699 57
700 58
701 54
702 53
703 56
704 59
705 58
706 56
707 52
708 54
709 56
710 62
711 58
712 57
713 60
714 58
715 54
716 54
717 57
718 57
719 61
720 59
721 58
722 58
723 55
724 53
725 56
726 56
727 55
728 56
729 56
730 53
731 55
732 53
733 54
734 56
735 55
736 53
737 56
738 55
739 59
740 60
741 58
742 58
743 58
744 58
745 55
746 53
747 56
748 56
749 57
750 56
751 57
752 60
753 63
754 60
755 62
756 61
757 61
758 54
759 55
760 56
761 53
762 52
763 53
764 58
765 57
766 61
767 60
768 58
769 57
770 54
771 56
772 56
773 57
774 56
775 53
776 55
777 55
778 53
779 56
780 58
781 59
782 56
783 60
784 59
785 59
786 58
787 57
788 60
789 60
790 62
791 62
792 52
793 56
794 53
795 56
796 57
797 55
798 53
799 57
800 52
801 54
802 59
803 55
804 55
805 56
806 57
807 60
808 62
809 59
810 59
811 62
812 62
813 60
814 58
815 57
816 60
817 59
818 61
819 59
820 54
821 56
822 52
823 52
824 55
825 59
826 59
827 59
828 63
829 56
830 50
831 52
832 57
833 59
834 60
835 61
836 55
837 57
838 60
839 59
840 57
841 54
842 53
843 56
844 56
845 59
846 58
847 58
848 55
849 58
850 58
851 61
852 60
853 59
854 61
855 56
856 54
857 53
858 57
859 57
860 56
861 58
862 55
863 57
864 58
865 56
866 52
867 56
868 57
869 57
870 56
871 57
872 57
873 61
874 61
875 60
876 62
877 59
878 60
879 60
880 60
881 60
882 60
883 59
884 56
885 59
886 56
887 59
888 60
889 61
890 60
891 58
892 60
893 58
894 57
895 55
896 53
897 56
898 57
899 57
900 56
901 56
902 58
903 56
904 54
905 54
906 56
907 56
908 55
909 62
910 58
911 54
912 56
913 56
914 53
915 51
916 51
917 53
918 56
919 57
920 58
921 57
922 60
923 58
924 60
925 63
926 59
927 59
928 58
929 58
930 61
931 58
932 56
933 59
934 60
935 60
936 59
937 58
938 55
939 57
940 58
941 59
942 58
943 57
944 60
945 62
946 62
947 59
948 55
949 56
950 52
951 57
952 54
953 55
954 56
955 59
956 59
957 57
958 54
959 53
960 58
961 59
962 62
963 60
964 57
965 54
966 55
967 55
968 56
969 59
970 60
971 61
972 61
973 58
974 58
975 55
976 58
977 49
978 51
979 53
980 56
981 56
982 56
983 59
984 59
985 60
986 57
987 56
988 56
989 58
990 57
991 57
992 58
993 59
994 55
995 55
996 54
997 58
998 55
999 57
1000 55
