0 30
1 19
2 19
3 20
4 19
5 17
6 18
7 18
8 19
9 19
10 18
11 19
12 18
13 17
14 18
15 19
16 15
17 18
18 17
19 20
20 18
21 21
22 17
23 20
24 19
25 21
26 21
27 21
28 18
29 16
30 19
31 22
32 22
33 17
34 19
35 16
36 19
37 16
38 20
39 20
40 19
41 19
42 19
43 19
44 19
45 18
46 19
47 20
48 21
49 18
50 17
51 21
52 21
53 17
54 20
55 22
56 18
57 20
58 21
59 19
60 18
61 18
62 13
63 19
64 19
65 20
66 20
67 18
68 21
69 19
70 18
71 19
72 21
73 16
74 20
75 22
76 20
77 20
78 17
79 18
80 22
81 18
82 17
83 22
84 19
85 15
86 18
87 18
88 18
89 18
90 21
91 18
92 19
93 19
94 21
95 20
96 21
97 20
98 22
99 18
100 18
101 15
102 19
103 20
104 21
105 20
106 17
107 19
108 18
109 18
110 20
111 18
112 19
113 19
114 21
115 19
116 20
117 19
118 21
119 19
120 21
121 21
122 17
123 19
124 20
125 19
126 19
127 17
128 18
129 19
130 20
131 17
132 20
133 19
134 19
135 16
136 20
137 19
138 21
139 20
140 19
141 20
142 19
143 19
144 18
145 22
146 20
147 18
148 21
149 19
150 20
151 21
152 17
153 22
154 20
155 19
156 22
157 20
158 18
159 19
160 17
161 22
162 20
163 18
164 18
165 21
166 22
167 16
168 19
169 19
170 19
171 19
172 18
173 22
174 19
175 23
176 20
177 20
178 21
179 19
180 18
181 18
182 18
183 17
184 20
185 17
186 19
187 18
188 22
189 20
190 19
191 21
192 19
193 21
194 16
195 20
196 20
197 16
198 15
199 21
200 22
201 17
202 20
203 20
204 19
205 19
206 20
207 22
208 20
209 17
210 18
211 19
212 20
213 21
214 19
215 17
216 17
217 20
218 20
219 18
220 16
221 19
222 20
223 18
224 20
225 19
226 22
227 19
228 18
229 19
230 19
231 20
232 19
233 16
234 19
235 19
236 20
237 22
238 18
239 21
240 21
241 18
242 20
243 21
244 20
245 18
246 21
247 20
248 20
249 19
250 19
251 19
252 19
253 20
254 20
255 17
256 15
257 19
258 18
259 20
260 18
261 19
262 21
263 19
264 21
265 21
266 18
267 20
268 18
269 17
270 21
271 18
272 19
273 20
274 16
275 19
276 18
277 21
278 18
279 19
280 21
281 19
282 22
283 19
284 17
285 17
286 20
287 19
288 19
289 18
290 21
291 19
292 20
293 19
294 21
295 20
296 18
297 18
298 19
299 16
300 20
301 20
302 19
303 20
304 18
305 22
306 18
307 19
308 20
309 21
310 20
311 21
312 19
313 21
314 20
315 18
316 18
317 19
318 21
319 18
320 19
321 18
322 20
323 21
324 21
325 21
326 18
327 19
328 22
329 20
330 20
331 19
332 17
333 21
334 17
335 20
336 19
337 18
338 18
339 20
340 18
341 17
342 20
343 22
344 20
345 21
346 20
347 18
348 20
349 21
350 20
351 20
352 20
353 21
354 18
355 19
356 19
357 19
358 22
359 18
360 21
361 21
362 20
363 19
364 20
365 20
366 18
367 19
368 22
369 17
370 20
371 18
372 19
373 16
374 17
375 17
376 18
377 20
378 21
379 18
380 15
381 21
382 20
383 18
384 20
385 20
386 18
387 18
388 17
389 20
390 20
391 19
392 19
393 20
394 21
395 21
396 19
397 18
398 18
399 16
400 17
401 17
402 15
403 19
404 20
405 18
406 18
407 17
408 19
409 20
410 20
411 19
412 18
413 21
414 20
415 19
416 18
417 21
418 20
419 19
420 19
421 19
422 21
423 20
424 17
425 20
426 19
427 20
428 20
429 19
430 21
431 15
432 22
433 19
434 20
435 20
436 21
437 19
438 18
439 20
440 19
441 21
442 20
443 17
444 19
445 20
446 19
447 15
448 18
449 20
450 19
451 20
452 19
453 19
454 16
455 20
456 19
457 18
458 16
459 19
460 19
461 18
462 20
463 19
464 19
465 20
466 17
467 19
468 22
469 21
470 19
471 20
472 20
473 19
474 17
475 21
476 18
477 18
478 17
479 16
480 19
481 20
482 19
483 20
484 18
485 19
486 19
487 20
488 21
489 19
490 19
491 20
492 19
493 19
494 17
495 18
496 18
497 20
498 19
499 19
500 19
501 18
502 20
503 16
504 20
505 20
506 18
507 20
508 22
509 21
510 20
511 19
512 19
513 20
514 19
515 20
516 18
517 16
518 20
519 17
520 20
521 18
522 18
523 19
524 16
525 19
526 19
527 21
528 20
529 16
530 18
531 19
532 20
533 18
534 19
535 19
536 19
537 19
538 19
539 20
540 18
541 21
542 18
543 18
544 20
545 20
546 22
547 19
548 18
549 18
550 20
551 20
552 20
553 19
554 20
555 17
556 18
557 18
558 19
559 18
560 20
561 19
562 20
563 20
564 20
565 18
566 20
567 19
568 20
569 20
570 18
571 19
572 21
573 21
574 20
575 19
576 20
577 19
578 20
579 18
580 18
581 19
582 16
583 19
584 19
585 20
586 18
587 15
588 21
589 17
590 20
591 19
592 16
593 19
594 17
595 19
596 18
597 19
598 18
599 16
600 21
601 19
602 17
603 18
604 20
605 20
606 20
607 18
608 21
609 15
610 21
611 21
612 21
613 21
614 15
615 19
616 17
617 22
618 20
619 16
620 19
621 21
622 18
623 20
624 20
625 20
626 21
627 19
628 17
629 19
630 19
631 15
632 17
633 20
634 20
635 17
636 21
637 19
638 17
639 20
640 20
641 20
642 20
643 19
644 20
645 19
646 19
647 17
648 17
649 18
650 19
651 19
652 19
653 20
654 18
655 17
656 20
657 20
658 19
659 21
660 17
661 21
662 19
663 21
664 19
665 21
666 19
667 20
668 21
669 20
670 19
671 16
672 21
673 19
674 19
675 20
676 18
677 18
678 19
679 18
680 18
681 18
682 20
683 20
684 19
685 21
686 20
687 18
688 21
689 20
690 18
691 19
692 17
693 20
694 23
695 20
696 19
697 19
698 17
699 21
700 18
701 20
702 22
703 18
704 19
705 17
706 20
707 18
708 21
709 17
710 18
711 14
712 17
713 20
714 20
715 20
716 19
717 20
718 19
719 20
720 20
721 21
722 18
723 19
724 20
725 18
726 18
727 20
728 18
729 21
730 19
731 17
732 16
733 20
734 19
735 20
736 22
737 17
738 16
739 21
740 19
741 19
742 18
743 19
744 17
745 17
746 19
747 20
748 19
749 20
750 19
751 16
752 18
753 20
754 20
755 18
756 20
757 20
758 21
759 16
760 20
761 20
762 20
763 20
764 18
765 22
766 15
767 15
768 16
769 19
770 21
771 18
772 19
773 21
774 19
775 15
776 21
777 20
778 19
779 17
780 20
781 21
782 19
783 17
784 20
785 20
786 19
787 21
788 19
789 18
790 20
791 19
792 20
793 16
794 19
795 20
796 20
797 19
798 21
799 18
800 20
801 19
802 20
803 18
804 19
805 18
806 19
807 19
808 19
809 21
810 19
811 19
812 17
813 19
814 18
815 22
816 18
817 19
818 16
819 20
820 21
821 20
822 20
823 21
824 20
825 20
826 18
827 21
828 19
829 20
830 17
831 18
832 21
833 16
834 18
835 19
836 19
837 20
838 19
839 18
840 19
841 19
842 19
843 19
844 20
845 19
846 16
847 17
848 17
849 16
850 18
851 14
852 20
853 18
854 19
855 19
856 18
857 19
858 21
859 22
860 21
861 19
862 18
863 18
864 20
865 21
866 20
867 20
868 19
869 15
870 20
871 18
872 17
873 20
874 18
875 18
876 18
877 19
878 20
879 20
880 19
881 21
882 18
883 21
884 18
885 21
886 18
887 19
888 15
889 19
890 18
891 19
892 17
893 21
894 16
895 23
896 21
897 19
898 20
899 19
900 20
901 19
902 20
903 18
904 17
905 20
906 22
907 20
908 16
909 20
910 19
911 19
912 18
913 21
914 21
915 19
916 17
917 19
918 19
919 20
920 20
921 18
922 19
923 19
924 19
925 18
926 21
927 18
928 18
929 19
930 17
931 19
932 20
933 21
934 16
935 19
936 19
937 16
938 21
939 19
940 19
941 18
942 18
943 17
944 19
945 19
946 19
947 20
948 18
949 20
950 17
951 20
952 19
953 19
954 19
955 20
956 17
957 18
958 20
959 20
960 17
961 22
962 19
963 19
964 20
965 19
966 21
967 19
968 16
969 18
970 20
971 17
972 19
973 22
974 18
975 16
976 21
977 20
978 20
979 21
980 20
981 22
982 18
983 19
984 19
985 20
986 18
987 19
988 17
989 18
990 19
991 18
992 16
993 21
994 18
995 16
996 21
997 18
998 18
999 20
1000 19
