0 15
1 11
2 9
3 8
4 8
5 8
6 8
7 8
8 7
9 8
10 7
11 6
12 6
13 4
14 4
15 4
16 5
17 6
18 6
19 6
20 6
21 7
22 6
23 5
24 4
25 4
26 5
27 5
28 5
29 5
30 5
31 5
32 5
33 5
34 5
35 6
36 7
37 7
38 5
39 6
40 7
41 6
42 6
43 5
44 4
45 5
46 7
47 7
48 6
49 6
50 5
51 5
52 5
53 6
54 5
55 6
56 5
57 5
58 6
59 6
60 6
61 6
62 6
63 5
64 5
65 5
66 6
67 7
68 9
69 10
70 8
71 8
72 9
73 8
74 8
75 8
76 8
77 7
78 6
79 6
80 8
81 8
82 8
83 7
84 6
85 6
86 6
87 7
88 7
89 8
90 7
91 6
92 6
93 7
94 6
95 4
96 4
97 4
98 5
99 4
100 4
101 4
102 4
103 5
104 5
105 4
106 4
107 4
108 4
109 5
110 5
111 4
112 5
113 5
114 5
115 5
116 6
117 6
118 5
119 4
120 4
121 5
122 4
123 3
124 4
125 3
126 4
127 4
128 4
129 6
130 6
131 6
132 7
133 6
134 5
135 5
136 4
137 5
138 5
139 6
140 6
141 6
142 6
143 6
144 6
145 4
146 4
147 4
148 5
149 5
150 5
151 6
152 7
153 7
154 7
155 7
156 6
157 6
158 5
159 6
160 6
161 5
162 3
163 3
164 2
165 2
166 3
167 4
168 6
169 7
170 6
171 4
172 5
173 5
174 5
175 6
176 7
177 5
178 6
179 6
180 6
181 7
182 7
183 7
184 6
185 6
186 6
187 6
188 6
189 5
190 4
191 5
192 6
193 6
194 6
195 6
196 6
197 7
198 8
199 7
200 7
201 6
202 7
203 7
204 8
205 8
206 7
207 7
208 6
209 6
210 6
211 6
212 4
213 6
214 6
215 7
216 6
217 6
218 6
219 4
220 6
221 6
222 6
223 6
224 6
225 7
226 7
227 7
228 7
229 7
230 8
231 8
232 8
233 7
234 8
235 8
236 5
237 4
238 6
239 6
240 7
241 6
242 7
243 6
244 6
245 7
246 7
247 7
248 5
249 4
250 4
251 4
252 5
253 3
254 4
255 4
256 5
257 6
258 6
259 6
260 4
261 5
262 6
263 5
264 5
265 4
266 5
267 6
268 7
269 7
270 6
271 6
272 7
273 7
274 6
275 5
276 5
277 5
278 5
279 5
280 6
281 6
282 6
283 4
284 5
285 5
286 5
287 6
288 4
289 4
290 4
291 5
292 5
293 5
294 4
295 5
296 5
297 5
298 5
299 6
300 6
301 6
302 7
303 6
304 6
305 7
306 7
307 7
308 6
309 6
310 6
311 6
312 6
313 8
314 7
315 4
316 4
317 4
318 4
319 4
320 4
321 4
322 5
323 6
324 7
325 5
326 5
327 6
328 4
329 4
330 5
331 5
332 6
333 3
334 4
335 5
336 6
337 5
338 6
339 3
340 4
341 3
342 3
343 3
344 3
345 3
346 4
347 5
348 5
349 5
350 5
351 6
352 6
353 7
354 6
355 6
356 6
357 7
358 6
359 6
360 5
361 4
362 6
363 7
364 7
365 7
366 7
367 6
368 6
369 4
370 5
371 4
372 4
373 4
374 4
375 5
376 5
377 6
378 6
379 6
380 6
381 6
382 5
383 7
384 7
385 8
386 7
387 6
388 7
389 7
390 7
391 6
392 6
393 5
394 6
395 6
396 6
397 5
398 6
399 7
400 6
401 5
402 5
403 7
404 7
405 6
406 6
407 5
408 7
409 8
410 7
411 5
412 3
413 4
414 4
415 4
416 4
417 5
418 3
419 4
420 6
421 4
422 4
423 6
424 5
425 5
426 6
427 6
428 7
429 7
430 7
431 6
432 5
433 6
434 5
435 5
436 5
437 5
438 5
439 7
440 6
441 5
442 5
443 6
444 5
445 5
446 5
447 6
448 6
449 6
450 5
451 5
452 6
453 4
454 5
455 6
456 5
457 5
458 4
459 5
460 6
461 5
462 5
463 5
464 5
465 6
466 7
467 8
468 7
469 6
470 6
471 6
472 6
473 6
474 6
475 5
476 5
477 6
478 7
479 6
480 5
481 4
482 4
483 6
484 4
485 5
486 6
487 7
488 7
489 7
490 5
491 7
492 5
493 6
494 7
495 8
496 6
497 6
498 5
499 4
500 4
501 6
502 6
503 6
504 5
505 6
506 6
507 6
508 4
509 4
510 4
511 4
512 3
513 2
514 2
515 3
516 4
517 3
518 3
519 6
520 6
521 5
522 5
523 5
524 5
525 5
526 5
527 4
528 4
529 4
530 5
531 4
532 5
533 6
534 6
535 4
536 5
537 5
538 5
539 5
540 6
541 5
542 6
543 6
544 6
545 7
546 6
547 5
548 5
549 5
550 5
551 6
552 6
553 6
554 7
555 6
556 6
557 7
558 7
559 7
560 6
561 7
562 7
563 8
564 7
565 6
566 6
567 7
568 7
569 6
570 6
571 6
572 6
573 4
574 4
575 6
576 6
577 6
578 5
579 5
580 5
581 5
582 4
583 6
584 6
585 6
586 6
587 7
588 6
589 6
590 5
591 6
592 6
593 5
594 5
595 6
596 5
597 6
598 7
599 8
600 7
601 7
602 7
603 7
604 6
605 6
606 6
607 6
608 6
609 7
610 7
611 6
612 5
613 5
614 6
615 7
616 7
617 7
618 6
619 6
620 6
621 4
622 5
623 6
624 7
625 8
626 8
627 7
628 5
629 5
630 5
631 4
632 4
633 5
634 5
635 6
636 7
637 7
638 6
639 7
640 7
641 7
642 8
643 6
644 6
645 5
646 4
647 3
648 4
649 4
650 5
651 5
652 5
653 6
654 5
655 5
656 6
657 6
658 5
659 4
660 5
661 5
662 5
663 4
664 6
665 5
666 5
667 7
668 8
669 7
670 7
671 6
672 6
673 6
674 6
675 6
676 5
677 5
678 6
679 6
680 6
681 6
682 5
683 5
684 6
685 5
686 5
687 6
688 6
689 6
690 6
691 6
692 6
693 7
694 6
695 6
696 6
697 7
698 7
699 5
700 6
701 5
702 4
703 5
704 3
705 3
706 4
707 3
708 2
709 2
710 4
711 4
712 2
713 2
714 4
715 4
716 5
717 4
718 5
719 5
720 4
721 4
722 2
723 3
724 3
725 4
726 6
727 6
728 5
729 5
730 6
731 7
732 7
733 6
734 6
735 7
736 6
737 6
738 6
739 6
740 4
741 5
742 5
743 5
744 5
745 4
746 4
747 5
748 5
749 5
750 5
751 4
752 4
753 5
754 5
755 6
756 5
757 6
758 6
759 5
760 6
761 6
762 5
763 5
764 4
765 5
766 6
767 4
768 5
769 5
770 4
771 3
772 4
773 3
774 4
775 6
776 6
777 6
778 6
779 5
780 4
781 5
782 6
783 7
784 5
785 4
786 5
787 6
788 6
789 6
790 6
791 7
792 7
793 7
794 5
795 6
796 6
797 5
798 5
799 5
800 5
801 5
802 4
803 4
804 3
805 4
806 4
807 5
808 4
809 5
810 5
811 5
812 5
813 3
814 2
815 4
816 5
817 5
818 4
819 4
820 4
821 4
822 3
823 4
824 3
825 3
826 5
827 4
828 4
829 4
830 4
831 5
832 6
833 6
834 7
835 6
836 4
837 5
838 5
839 6
840 6
841 7
842 6
843 7
844 7
845 7
846 6
847 6
848 5
849 5
850 6
851 6
852 6
853 7
854 7
855 6
856 6
857 6
858 5
859 4
860 4
861 4
862 5
863 6
864 7
865 7
866 8
867 6
868 6
869 7
870 4
871 4
872 5
873 5
874 6
875 5
876 6
877 5
878 6
879 5
880 5
881 5
882 4
883 5
884 5
885 4
886 4
887 5
888 5
889 5
890 6
891 4
892 5
893 4
894 5
895 4
896 4
897 2
898 3
899 3
900 3
901 3
902 3
903 3
904 4
905 4
906 5
907 3
908 3
909 3
910 4
911 5
912 6
913 5
914 4
915 4
916 5
917 5
918 6
919 4
920 6
921 6
922 6
923 7
924 7
925 5
926 4
927 4
928 3
929 4
930 2
931 3
932 3
933 4
934 4
935 6
936 7
937 6
938 7
939 7
940 7
941 7
942 5
943 5
944 4
945 3
946 3
947 3
948 4
949 4
950 4
951 3
952 3
953 5
954 4
955 3
956 4
957 6
958 7
959 8
960 8
961 8
962 9
963 7
964 6
965 7
966 7
967 7
968 7
969 7
970 6
971 4
972 4
973 5
974 5
975 6
976 5
977 5
978 4
979 4
980 5
981 5
982 5
983 4
984 5
985 7
986 7
987 6
988 7
989 8
990 9
991 9
992 8
993 8
994 7
995 8
996 7
997 5
998 6
999 4
1000 4
