0 75
1 67
2 61
3 57
4 58
5 59
6 53
7 52
8 54
9 53
10 56
11 54
12 49
13 45
14 45
15 48
16 47
17 41
18 42
19 45
20 43
21 45
22 47
23 51
24 52
25 49
26 51
27 52
28 51
29 53
30 51
31 53
32 51
33 53
34 52
35 52
36 51
37 54
38 55
39 56
40 51
41 50
42 48
43 48
44 49
45 47
46 46
47 44
48 47
49 42
50 45
51 50
52 49
53 50
54 53
55 51
56 52
57 50
58 51
59 51
60 49
61 47
62 46
63 46
64 48
65 46
66 50
67 55
68 52
69 50
70 50
71 51
72 48
73 48
74 49
75 48
76 48
77 52
78 52
79 49
80 48
81 48
82 48
83 50
84 52
85 52
86 53
87 53
88 55
89 53
90 49
91 46
92 48
93 52
94 50
95 50
96 49
97 46
98 46
99 48
100 46
101 47
102 50
103 52
104 50
105 49
106 51
107 51
108 51
109 51
110 52
111 56
112 57
113 53
114 54
115 50
116 52
117 55
118 55
119 55
120 53
121 55
122 49
123 46
124 48
125 47
126 47
127 46
128 48
129 48
130 49
131 50
132 51
133 53
134 53
135 50
136 50
137 50
138 50
139 50
140 47
141 47
142 49
143 50
144 48
145 49
146 51
147 50
148 51
149 51
150 50
151 52
152 51
153 50
154 55
155 51
156 51
157 52
158 53
159 52
160 52
161 52
162 52
163 55
164 53
165 52
166 50
167 55
168 56
169 56
170 53
171 50
172 48
173 49
174 49
175 49
176 48
177 52
178 48
179 49
180 51
181 48
182 45
183 45
184 45
185 51
186 52
187 51
188 50
189 51
190 50
191 51
192 50
193 51
194 53
195 48
196 49
197 48
198 49
199 51
200 47
201 49
202 48
203 54
204 56
205 53
206 52
207 50
208 53
209 54
210 48
211 49
212 48
213 45
214 48
215 52
216 48
217 45
218 44
219 50
220 49
221 52
222 51
223 51
224 53
225 55
226 53
227 55
228 52
229 51
230 48
231 45
232 46
233 47
234 45
235 47
236 49
237 49
238 49
239 50
240 53
241 53
242 52
243 50
244 51
245 47
246 52
247 50
248 49
249 49
250 47
251 50
252 53
253 52
254 52
255 48
256 47
257 48
258 49
259 51
260 50
261 50
262 54
263 53
264 50
265 53
266 52
267 49
268 52
269 51
270 50
271 53
272 52
273 51
274 47
275 47
276 46
277 50
278 50
279 52
280 50
281 51
282 50
283 50
284 52
285 53
286 53
287 52
288 52
289 52
290 48
291 52
292 51
293 51
294 49
295 44
296 44
297 44
298 44
299 44
300 47
301 46
302 45
303 45
304 49
305 49
306 50
307 50
308 54
309 54
310 48
311 48
312 47
313 48
314 48
315 49
316 52
317 50
318 50
319 51
320 48
321 48
322 48
323 48
324 49
325 49
326 46
327 54
328 50
329 51
330 52
331 53
332 54
333 53
334 50
335 50
336 52
337 53
338 53
339 59
340 61
341 57
342 53
343 49
344 46
345 47
346 48
347 49
348 49
349 51
350 51
351 52
352 54
353 56
354 54
355 52
356 51
357 55
358 54
359 52
360 52
361 52
362 51
363 53
364 55
365 56
366 54
367 52
368 53
369 49
370 47
371 46
372 46
373 48
374 49
375 49
376 52
377 53
378 53
379 55
380 55
381 56
382 55
383 50
384 47
385 49
386 50
387 51
388 54
389 55
390 57
391 56
392 56
393 57
394 58
395 57
396 57
397 58
398 59
399 56
400 55
401 55
402 54
403 53
404 49
405 46
406 45
407 51
408 50
409 50
410 53
411 54
412 54
413 50
414 53
415 51
416 52
417 53
418 53
419 54
420 54
421 55
422 53
423 55
424 53
425 48
426 48
427 51
428 50
429 45
430 42
431 43
432 45
433 52
434 53
435 54
436 49
437 51
438 49
439 53
440 54
441 55
442 53
443 52
444 52
445 52
446 51
447 53
448 54
449 54
450 55
451 53
452 53
453 49
454 51
455 50
456 52
457 50
458 52
459 51
460 48
461 48
462 47
463 50
464 54
465 52
466 49
467 47
468 49
469 49
470 48
471 45
472 48
473 47
474 48
475 53
476 55
477 53
478 53
479 50
480 51
481 50
482 51
483 52
484 50
485 50
486 47
487 49
488 48
489 47
490 47
491 44
492 48
493 48
494 51
495 48
496 47
497 46
498 45
499 51
500 49
501 53
502 55
503 51
504 51
505 50
506 53
507 55
508 53
509 53
510 53
511 52
512 49
513 50
514 51
515 56
516 53
517 54
518 54
519 49
520 47
521 50
522 50
523 54
524 55
525 58
526 60
527 60
528 53
529 53
530 56
531 53
532 52
533 54
534 56
535 57
536 55
537 50
538 48
539 51
540 49
541 49
542 51
543 50
544 49
545 48
546 43
547 47
548 49
549 48
550 51
551 53
552 54
553 56
554 56
555 56
556 58
557 57
558 55
559 53
560 56
561 55
562 52
563 52
564 50
565 50
566 52
567 53
568 51
569 51
570 52
571 45
572 47
573 49
574 50
575 50
576 51
577 51
578 51
579 49
580 49
581 50
582 48
583 52
584 51
585 53
586 56
587 56
588 51
589 51
590 54
591 49
592 48
593 49
594 50
595 51
596 51
597 47
598 50
599 53
600 53
601 52
602 53
603 54
604 48
605 48
606 46
607 48
608 47
609 50
610 52
611 49
612 50
613 48
614 52
615 53
616 55
617 54
618 55
619 52
620 56
621 52
622 49
623 48
624 49
625 53
626 52
627 53
628 48
629 48
630 53
631 51
632 49
633 48
634 51
635 50
636 52
637 51
638 49
639 50
640 50
641 45
642 45
643 46
644 48
645 49
646 51
647 53
648 54
649 51
650 51
651 51
652 52
653 50
654 51
655 52
656 52
657 52
658 52
659 54
660 49
661 51
662 53
663 51
664 53
665 53
666 51
667 52
668 52
669 50
670 48
671 51
672 46
673 47
674 46
675 46
676 51
677 51
678 51
679 50
680 49
681 50
682 51
683 52
684 51
685 52
686 54
687 51
688 50
689 46
690 45
691 48
692 51
693 50
694 54
695 54
696 55
697 54
698 52
699 51
700 52
701 54
702 51
703 50
704 51
705 48
706 47
707 45
708 43
709 44
710 50
711 49
712 50
713 53
714 50
715 51
716 51
717 48
718 53
719 53
720 54
721 55
722 56
723 52
724 51
725 52
726 51
727 52
728 50
729 50
730 52
731 50
732 52
733 49
734 47
735 44
736 50
737 52
738 51
739 49
740 51
741 50
742 56
743 53
744 51
745 54
746 55
747 53
748 59
749 58
750 54
751 51
752 55
753 55
754 54
755 51
756 51
757 49
758 52
759 51
760 52
761 51
762 48
763 49
764 50
765 52
766 51
767 52
768 50
769 50
770 48
771 49
772 44
773 46
774 43
775 46
776 49
777 51
778 55
779 56
780 57
781 58
782 58
783 51
784 53
785 52
786 52
787 49
788 51
789 51
790 49
791 50
792 49
793 51
794 50
795 49
796 51
797 49
798 51
799 49
800 50
801 51
802 47
803 44
804 48
805 48
806 52
807 50
808 50
809 48
810 46
811 49
812 49
813 51
814 50
815 45
816 49
817 50
818 49
819 46
820 46
821 47
822 44
823 46
824 51
825 48
826 49
827 51
828 46
829 45
830 41
831 44
832 45
833 46
834 46
835 47
836 48
837 49
838 48
839 49
840 52
841 50
842 55
843 56
844 58
845 56
846 57
847 54
848 54
849 50
850 48
851 48
852 52
853 54
854 51
855 54
856 55
857 52
858 48
859 49
860 46
861 47
862 49
863 51
864 54
865 55
866 53
867 50
868 57
869 56
870 55
871 52
872 55
873 58
874 56
875 57
876 55
877 52
878 51
879 53
880 53
881 56
882 54
883 53
884 54
885 50
886 51
887 50
888 50
889 51
890 51
891 55
892 55
893 54
894 49
895 51
896 46
897 46
898 49
899 49
900 48
901 43
902 45
903 49
904 48
905 48
906 49
907 51
908 56
909 59
910 59
911 54
912 51
913 52
914 53
915 51
916 48
917 46
918 47
919 50
920 52
921 53
922 52
923 52
924 49
925 49
926 53
927 52
928 53
929 56
930 54
931 54
932 49
933 51
934 54
935 55
936 49
937 50
938 48
939 48
940 49
941 47
942 46
943 52
944 51
945 54
946 50
947 57
948 56
949 58
950 54
951 52
952 52
953 54
954 56
955 50
956 52
957 50
958 51
959 53
960 52
961 55
962 56
963 55
964 56
965 53
966 53
967 55
968 57
969 56
970 51
971 54
972 53
973 52
974 56
975 57
976 57
977 57
978 55
979 53
980 49
981 51
982 52
983 58
984 58
985 58
986 55
987 53
988 56
989 56
990 52
991 52
992 50
993 53
994 53
995 53
996 48
997 47
998 48
999 49
1000 47
