0 70
1 70
2 69
3 67
4 64
5 63
6 63
7 62
8 62
9 61
10 61
11 60
12 60
13 60
14 60
15 59
16 58
17 58
18 59
19 59
20 58
21 57
22 57
23 55
24 56
25 56
26 55
27 53
28 52
29 51
30 50
31 49
32 49
33 49
34 49
35 49
36 50
37 49
38 47
39 48
40 48
41 48
42 47
43 46
44 45
45 44
46 44
47 45
48 46
49 45
50 46
51 46
52 46
53 46
54 45
55 45
56 47
57 47
58 47
59 47
60 48
61 49
62 49
63 48
64 48
65 47
66 48
67 48
68 47
69 48
70 47
71 46
72 46
73 46
74 46
75 45
76 45
77 45
78 46
79 46
80 46
81 46
82 45
83 42
84 42
85 42
86 42
87 43
88 43
89 44
90 43
91 42
92 40
93 40
94 40
95 40
96 40
97 41
98 41
99 40
100 40
101 39
102 40
103 40
104 38
105 38
106 37
107 37
108 36
109 35
110 34
111 34
112 35
113 34
114 33
115 33
116 34
117 34
118 35
119 35
120 35
121 34
122 35
123 36
124 35
125 35
126 36
127 38
128 38
129 38
130 38
131 38
132 38
133 37
134 37
135 36
136 36
137 35
138 36
139 37
140 37
141 37
142 37
143 37
144 36
145 37
146 36
147 36
148 34
149 35
150 35
151 35
152 35
153 36
154 36
155 36
156 36
157 36
158 36
159 37
160 36
161 35
162 35
163 34
164 34
165 35
166 35
167 35
168 36
169 36
170 36
171 37
172 38
173 38
174 37
175 38
176 38
177 40
178 40
179 39
180 39
181 41
182 40
183 40
184 39
185 40
186 39
187 38
188 39
189 37
190 37
191 37
192 37
193 38
194 38
195 38
196 38
197 38
198 38
199 38
200 39
201 38
202 38
203 38
204 39
205 38
206 38
207 36
208 38
209 37
210 37
211 38
212 36
213 36
214 35
215 34
216 35
217 35
218 34
219 34
220 35
221 34
222 35
223 35
224 35
225 36
226 36
227 36
228 36
229 35
230 35
231 34
232 35
233 34
234 32
235 33
236 34
237 33
238 32
239 31
240 31
241 32
242 30
243 29
244 29
245 30
246 29
247 29
248 29
249 29
250 28
251 27
252 26
253 25
254 25
255 26
256 26
257 30
258 31
259 31
260 31
261 32
262 32
263 31
264 31
265 33
266 34
267 34
268 34
269 34
270 33
271 34
272 34
273 34
274 34
275 33
276 33
277 34
278 37
279 37
280 37
281 36
282 36
283 37
284 37
285 37
286 36
287 36
288 36
289 37
290 38
291 37
292 37
293 36
294 36
295 35
296 36
297 36
298 36
299 35
300 35
301 36
302 36
303 38
304 39
305 40
306 40
307 38
308 38
309 39
310 36
311 35
312 35
313 35
314 35
315 36
316 37
317 37
318 36
319 36
320 37
321 37
322 38
323 38
324 38
325 37
326 37
327 37
328 36
329 36
330 37
331 36
332 35
333 36
334 35
335 34
336 35
337 35
338 36
339 35
340 36
341 37
342 38
343 39
344 38
345 39
346 39
347 38
348 36
349 36
350 36
351 36
352 35
353 35
354 35
355 34
356 34
357 34
358 34
359 34
360 36
361 36
362 36
363 37
364 36
365 35
366 34
367 34
368 35
369 36
370 36
371 35
372 35
373 35
374 34
375 35
376 35
377 36
378 35
379 35
380 35
381 33
382 33
383 33
384 32
385 34
386 33
387 33
388 32
389 32
390 31
391 32
392 33
393 34
394 34
395 35
396 35
397 34
398 35
399 34
400 33
401 34
402 36
403 36
404 36
405 36
406 37
407 37
408 37
409 38
410 38
411 39
412 40
413 40
414 39
415 39
416 39
417 38
418 36
419 36
420 37
421 37
422 36
423 36
424 36
425 37
426 35
427 35
428 36
429 37
430 36
431 34
432 34
433 34
434 34
435 34
436 36
437 36
438 36
439 35
440 37
441 38
442 38
443 38
444 38
445 38
446 38
447 37
448 38
449 37
450 38
451 39
452 38
453 38
454 36
455 36
456 36
457 36
458 36
459 37
460 39
461 39
462 39
463 40
464 41
465 42
466 42
467 41
468 42
469 42
470 42
471 43
472 41
473 41
474 42
475 41
476 41
477 40
478 40
479 40
480 40
481 40
482 40
483 41
484 41
485 41
486 41
487 41
488 41
489 41
490 42
491 42
492 41
493 41
494 41
495 41
496 39
497 37
498 37
499 38
500 39
501 39
502 38
503 37
504 37
505 36
506 35
507 36
508 37
509 36
510 36
511 35
512 34
513 34
514 34
515 35
516 35
517 35
518 36
519 36
520 39
521 37
522 38
523 38
524 37
525 38
526 37
527 37
528 38
529 39
530 37
531 38
532 39
533 40
534 39
535 39
536 39
537 39
538 39
539 37
540 37
541 37
542 36
543 35
544 35
545 35
546 34
547 34
548 35
549 36
550 35
551 35
552 35
553 37
554 37
555 36
556 35
557 35
558 35
559 35
560 32
561 31
562 33
563 32
564 33
565 33
566 34
567 34
568 35
569 34
570 34
571 34
572 34
573 35
574 35
575 35
576 35
577 35
578 36
579 37
580 37
581 36
582 35
583 34
584 34
585 33
586 33
587 31
588 30
589 31
590 32
591 31
592 32
593 32
594 32
595 33
596 33
597 32
598 32
599 33
600 34
601 33
602 33
603 33
604 33
605 33
606 32
607 33
608 32
609 33
610 33
611 32
612 30
613 31
614 31
615 31
616 31
617 31
618 31
619 29
620 29
621 29
622 29
623 29
624 30
625 30
626 31
627 31
628 32
629 33
630 33
631 34
632 33
633 33
634 33
635 34
636 33
637 32
638 35
639 35
640 33
641 32
642 32
643 32
644 32
645 32
646 33
647 35
648 34
649 33
650 33
651 33
652 34
653 35
654 34
655 33
656 33
657 32
658 32
659 32
660 32
661 32
662 33
663 33
664 33
665 34
666 34
667 34
668 33
669 33
670 35
671 35
672 36
673 35
674 35
675 35
676 36
677 36
678 36
679 35
680 35
681 36
682 34
683 34
684 34
685 32
686 32
687 32
688 32
689 32
690 32
691 32
692 32
693 32
694 32
695 33
696 33
697 33
698 33
699 32
700 32
701 32
702 30
703 32
704 33
705 33
706 34
707 34
708 33
709 33
710 34
711 33
712 32
713 32
714 32
715 31
716 29
717 30
718 30
719 31
720 32
721 33
722 33
723 34
724 33
725 33
726 34
727 34
728 34
729 34
730 32
731 32
732 32
733 32
734 33
735 34
736 34
737 35
738 34
739 33
740 32
741 32
742 32
743 31
744 33
745 32
746 32
747 33
748 33
749 32
750 33
751 33
752 33
753 33
754 33
755 33
756 33
757 34
758 34
759 35
760 37
761 38
762 38
763 39
764 39
765 38
766 37
767 37
768 37
769 37
770 37
771 38
772 37
773 36
774 36
775 35
776 36
777 36
778 36
779 37
780 36
781 35
782 35
783 35
784 35
785 35
786 34
787 35
788 35
789 35
790 35
791 33
792 33
793 33
794 34
795 34
796 34
797 34
798 34
799 34
800 34
801 35
802 34
803 34
804 34
805 35
806 36
807 35
808 35
809 34
810 33
811 34
812 33
813 33
814 33
815 33
816 33
817 32
818 34
819 34
820 35
821 34
822 36
823 36
824 35
825 35
826 35
827 34
828 33
829 33
830 33
831 33
832 34
833 33
834 32
835 32
836 32
837 31
838 29
839 30
840 31
841 32
842 33
843 34
844 35
845 35
846 33
847 35
848 35
849 35
850 33
851 34
852 36
853 36
854 37
855 37
856 38
857 36
858 37
859 38
860 39
861 39
862 40
863 40
864 38
865 38
866 38
867 39
868 37
869 36
870 36
871 37
872 37
873 38
874 39
875 39
876 39
877 38
878 38
879 38
880 37
881 37
882 36
883 35
884 36
885 36
886 35
887 35
888 36
889 36
890 37
891 37
892 37
893 38
894 39
895 38
896 37
897 37
898 37
899 38
900 39
901 39
902 39
903 38
904 39
905 39
906 38
907 38
908 37
909 38
910 36
911 36
912 36
913 38
914 40
915 40
916 39
917 38
918 38
919 37
920 37
921 35
922 35
923 35
924 35
925 35
926 34
927 33
928 33
929 34
930 36
931 38
932 37
933 38
934 39
935 39
936 39
937 40
938 39
939 39
940 41
941 41
942 41
943 41
944 41
945 41
946 41
947 39
948 39
949 39
950 38
951 37
952 37
953 35
954 34
955 35
956 35
957 35
958 35
959 36
960 36
961 36
962 37
963 36
964 36
965 36
966 37
967 36
968 37
969 38
970 39
971 40
972 41
973 41
974 41
975 41
976 40
977 39
978 39
979 40
980 41
981 41
982 42
983 42
984 42
985 42
986 42
987 41
988 41
989 41
990 40
991 38
992 37
993 37
994 37
995 38
996 38
997 39
998 38
999 38
1000 38
