0 45
1 30
2 28
3 27
4 28
5 27
6 28
7 29
8 25
9 28
10 30
11 30
12 28
13 27
14 29
15 31
16 29
17 25
18 28
19 28
20 24
21 27
22 30
23 26
24 28
25 26
26 29
27 30
28 29
29 30
30 31
31 31
32 29
33 28
34 29
35 30
36 29
37 29
38 30
39 25
40 29
41 28
42 29
43 28
44 28
45 26
46 28
47 28
48 27
49 27
50 25
51 26
52 29
53 27
54 29
55 32
56 26
57 30
58 27
59 25
60 26
61 26
62 25
63 26
64 29
65 29
66 24
67 29
68 29
69 26
70 28
71 30
72 29
73 27
74 26
75 26
76 28
77 28
78 29
79 24
80 27
81 29
82 29
83 32
84 28
85 27
86 27
87 24
88 28
89 27
90 28
91 29
92 28
93 29
94 27
95 26
96 26
97 29
98 27
99 31
100 28
101 28
102 30
103 29
104 30
105 32
106 29
107 28
108 31
109 29
110 28
111 28
112 29
113 27
114 27
115 28
116 27
117 27
118 28
119 29
120 30
121 30
122 29
123 28
124 27
125 29
126 26
127 29
128 31
129 32
130 31
131 26
132 24
133 24
134 28
135 26
136 31
137 29
138 32
139 29
140 30
141 31
142 28
143 28
144 28
145 26
146 30
147 31
148 25
149 28
150 29
151 29
152 33
153 28
154 28
155 28
156 27
157 26
158 26
159 29
160 28
161 26
162 27
163 26
164 30
165 28
166 28
167 28
168 27
169 30
170 27
171 29
172 27
173 29
174 24
175 28
176 30
177 29
178 27
179 28
180 30
181 31
182 27
183 29
184 28
185 28
186 27
187 26
188 27
189 29
190 29
191 26
192 30
193 28
194 27
195 30
196 27
197 25
198 25
199 27
200 27
201 26
202 28
203 29
204 27
205 29
206 30
207 29
208 26
209 29
210 29
211 27
212 29
213 31
214 28
215 28
216 28
217 29
218 30
219 28
220 29
221 29
222 26
223 24
224 29
225 28
226 32
227 26
228 27
229 29
230 28
231 31
232 28
233 28
234 27
235 24
236 22
237 27
238 25
239 25
240 24
241 26
242 28
243 30
244 30
245 27
246 27
247 28
248 26
249 24
250 29
251 29
252 26
253 28
254 29
255 30
256 26
257 30
258 30
259 31
260 29
261 29
262 28
263 24
264 23
265 29
266 28
267 28
268 30
269 30
270 29
271 33
272 29
273 29
274 29
275 30
276 25
277 28
278 30
279 29
280 30
281 28
282 29
283 28
284 28
285 29
286 32
287 26
288 29
289 27
290 28
291 28
292 31
293 31
294 28
295 29
296 25
297 28
298 27
299 32
300 29
301 28
302 25
303 28
304 31
305 30
306 30
307 29
308 26
309 29
310 30
311 32
312 29
313 28
314 30
315 26
316 27
317 28
318 28
319 29
320 29
321 27
322 27
323 29
324 31
325 30
326 29
327 26
328 29
329 28
330 28
331 30
332 28
333 30
334 26
335 28
336 25
337 27
338 29
339 31
340 26
341 30
342 30
343 28
344 30
345 24
346 26
347 28
348 29
349 28
350 26
351 27
352 27
353 27
354 30
355 27
356 30
357 23
358 29
359 29
360 28
361 27
362 30
363 25
364 23
365 29
366 27
367 29
368 28
369 26
370 28
371 28
372 28
373 28
374 32
375 30
376 28
377 29
378 28
379 29
380 29
381 29
382 26
383 28
384 29
385 29
386 31
387 27
388 29
389 26
390 30
391 29
392 28
393 28
394 34
395 29
396 29
397 30
398 29
399 27
400 29
401 28
402 22
403 27
404 27
405 26
406 25
407 27
408 28
409 26
410 26
411 30
412 27
413 29
414 30
415 31
416 30
417 28
418 28
419 28
420 28
421 28
422 29
423 30
424 29
425 28
426 32
427 33
428 29
429 29
430 30
431 29
432 26
433 28
434 26
435 28
436 29
437 27
438 28
439 28
440 27
441 29
442 28
443 29
444 26
445 28
446 29
447 29
448 27
449 29
450 29
451 25
452 31
453 27
454 30
455 32
456 26
457 25
458 28
459 28
460 27
461 27
462 25
463 29
464 27
465 26
466 30
467 28
468 29
469 31
470 30
471 28
472 27
473 29
474 29
475 30
476 31
477 30
478 28
479 28
480 26
481 26
482 26
483 28
484 30
485 27
486 26
487 30
488 31
489 28
490 28
491 30
492 31
493 31
494 30
495 28
496 30
497 26
498 28
499 25
500 26
501 29
502 28
503 29
504 31
505 28
506 30
507 29
508 28
509 25
510 26
511 26
512 29
513 30
514 29
515 28
516 29
517 29
518 28
519 26
520 27
521 29
522 30
523 29
524 30
525 30
526 31
527 28
528 28
529 28
530 28
531 29
532 27
533 26
534 25
535 27
536 29
537 29
538 28
539 26
540 26
541 28
542 30
543 26
544 28
545 29
546 28
547 29
548 26
549 30
550 30
551 31
552 29
553 28
554 24
555 28
556 29
557 23
558 26
559 26
560 29
561 29
562 27
563 29
564 30
565 28
566 26
567 28
568 27
569 30
570 28
571 27
572 25
573 28
574 29
575 29
576 28
577 33
578 29
579 29
580 28
581 26
582 29
583 28
584 27
585 26
586 27
587 29
588 29
589 27
590 25
591 27
592 27
593 26
594 30
595 29
596 26
597 31
598 25
599 29
600 28
601 27
602 30
603 30
604 29
605 28
606 28
607 30
608 31
609 27
610 28
611 29
612 29
613 26
614 29
615 30
616 31
617 29
618 26
619 31
620 31
621 31
622 30
623 28
624 29
625 31
626 32
627 29
628 30
629 28
630 31
631 26
632 28
633 27
634 29
635 30
636 30
637 29
638 29
639 31
640 31
641 29
642 30
643 29
644 28
645 26
646 27
647 27
648 28
649 28
650 26
651 27
652 26
653 28
654 27
655 31
656 30
657 29
658 29
659 29
660 30
661 26
662 26
663 29
664 28
665 32
666 30
667 27
668 31
669 24
670 22
671 28
672 29
673 28
674 28
675 30
676 28
677 30
678 29
679 28
680 29
681 29
682 26
683 27
684 26
685 28
686 28
687 30
688 29
689 27
690 28
691 27
692 24
693 29
694 30
695 28
696 29
697 30
698 32
699 26
700 31
701 31
702 30
703 31
704 29
705 30
706 29
707 28
708 27
709 29
710 26
711 30
712 29
713 31
714 29
715 31
716 27
717 29
718 31
719 29
720 29
721 26
722 26
723 28
724 29
725 29
726 29
727 28
728 31
729 31
730 33
731 28
732 27
733 30
734 31
735 30
736 27
737 29
738 30
739 30
740 29
741 31
742 25
743 28
744 28
745 30
746 30
747 27
748 30
749 29
750 28
751 26
752 26
753 26
754 28
755 28
756 30
757 28
758 30
759 26
760 29
761 30
762 27
763 25
764 27
765 28
766 27
767 31
768 28
769 28
770 30
771 28
772 30
773 25
774 29
775 26
776 30
777 29
778 28
779 28
780 27
781 27
782 27
783 26
784 30
785 26
786 29
787 29
788 31
789 26
790 28
791 30
792 28
793 28
794 28
795 32
796 27
797 29
798 29
799 31
800 29
801 29
802 26
803 26
804 26
805 29
806 27
807 28
808 26
809 26
810 25
811 28
812 30
813 28
814 29
815 28
816 29
817 27
818 29
819 31
820 27
821 29
822 28
823 25
824 27
825 24
826 25
827 28
828 28
829 31
830 29
831 28
832 27
833 29
834 28
835 29
836 31
837 30
838 29
839 32
840 29
841 30
842 29
843 29
844 28
845 30
846 27
847 26
848 29
849 29
850 30
851 30
852 31
853 30
854 29
855 29
856 26
857 29
858 30
859 29
860 29
861 28
862 27
863 31
864 26
865 28
866 30
867 30
868 31
869 31
870 27
871 30
872 27
873 26
874 26
875 23
876 30
877 29
878 28
879 29
880 29
881 29
882 29
883 27
884 23
885 24
886 24
887 28
888 25
889 25
890 24
891 28
892 31
893 31
894 31
895 28
896 30
897 24
898 28
899 24
900 28
901 27
902 27
903 28
904 26
905 29
906 28
907 27
908 25
909 28
910 28
911 28
912 23
913 24
914 25
915 28
916 29
917 27
918 30
919 28
920 25
921 29
922 26
923 28
924 27
925 31
926 31
927 28
928 29
929 29
930 29
931 28
932 29
933 30
934 29
935 26
936 23
937 22
938 27
939 25
940 25
941 25
942 29
943 29
944 30
945 30
946 28
947 27
948 27
949 22
950 28
951 30
952 31
953 34
954 28
955 24
956 29
957 28
958 27
959 28
960 27
961 26
962 26
963 26
964 28
965 29
966 29
967 30
968 23
969 28
970 27
971 29
972 25
973 28
974 27
975 29
976 25
977 24
978 26
979 27
980 28
981 30
982 30
983 31
984 28
985 27
986 27
987 29
988 28
989 30
990 27
991 28
992 30
993 28
994 30
995 27
996 30
997 31
998 31
999 28
1000 27
