0 20
1 17
2 14
3 13
4 12
5 13
6 13
7 17
8 16
9 13
10 14
11 13
12 12
13 13
14 14
15 14
16 11
17 13
18 12
19 13
20 14
21 15
22 15
23 14
24 14
25 11
26 12
27 11
28 11
29 11
30 12
31 11
32 11
33 11
34 12
35 13
36 13
37 12
38 13
39 14
40 13
41 14
42 13
43 13
44 13
45 13
46 12
47 13
48 13
49 14
50 15
51 13
52 12
53 13
54 13
55 13
56 13
57 11
58 11
59 10
60 14
61 12
62 12
63 13
64 11
65 12
66 10
67 10
68 9
69 12
70 11
71 11
72 11
73 12
74 10
75 12
76 12
77 12
78 11
79 13
80 14
81 11
82 10
83 13
84 13
85 11
86 11
87 12
88 12
89 13
90 11
91 13
92 15
93 13
94 11
95 11
96 14
97 14
98 14
99 15
100 14
101 14
102 13
103 11
104 14
105 13
106 15
107 15
108 15
109 15
110 14
111 13
112 11
113 11
114 12
115 14
116 12
117 13
118 13
119 13
120 14
121 14
122 12
123 13
124 13
125 13
126 15
127 13
128 11
129 12
130 11
131 12
132 10
133 11
134 13
135 14
136 12
137 12
138 12
139 13
140 14
141 14
142 15
143 14
144 13
145 12
146 12
147 11
148 12
149 12
150 10
151 10
152 11
153 11
154 13
155 12
156 13
157 11
158 11
159 12
160 11
161 13
162 14
163 16
164 15
165 14
166 15
167 13
168 10
169 12
170 11
171 13
172 15
173 14
174 14
175 14
176 15
177 13
178 14
179 13
180 13
181 14
182 15
183 15
184 15
185 15
186 16
187 15
188 14
189 13
190 13
191 15
192 14
193 15
194 15
195 18
196 17
197 14
198 11
199 12
200 14
201 13
202 11
203 12
204 14
205 14
206 14
207 13
208 12
209 13
210 14
211 13
212 12
213 14
214 13
215 16
216 15
217 13
218 12
219 13
220 12
221 10
222 13
223 13
224 12
225 13
226 13
227 13
228 12
229 10
230 11
231 13
232 16
233 15
234 13
235 10
236 12
237 13
238 11
239 12
240 11
241 11
242 11
243 13
244 12
245 13
246 11
247 12
248 12
249 13
250 12
251 13
252 14
253 11
254 10
255 11
256 11
257 13
258 11
259 11
260 11
261 9
262 12
263 10
264 12
265 13
266 12
267 11
268 14
269 15
270 14
271 14
272 12
273 14
274 9
275 10
276 10
277 11
278 12
279 10
280 10
281 10
282 14
283 11
284 13
285 12
286 12
287 14
288 15
289 14
290 13
291 14
292 14
293 13
294 14
295 13
296 14
297 16
298 14
299 12
300 14
301 13
302 14
303 13
304 12
305 13
306 12
307 13
308 11
309 14
310 14
311 15
312 14
313 13
314 13
315 10
316 10
317 9
318 9
319 9
320 11
321 10
322 10
323 14
324 11
325 13
326 10
327 14
328 15
329 15
330 14
331 13
332 14
333 11
334 13
335 13
336 11
337 11
338 11
339 11
340 11
341 13
342 15
343 15
344 14
345 14
346 11
347 11
348 10
349 11
350 9
351 11
352 10
353 12
354 11
355 13
356 13
357 11
358 12
359 16
360 17
361 15
362 14
363 14
364 15
365 16
366 15
367 17
368 16
369 13
370 13
371 15
372 13
373 12
374 12
375 13
376 13
377 13
378 12
379 11
380 12
381 13
382 13
383 14
384 13
385 12
386 10
387 10
388 10
389 11
390 14
391 13
392 10
393 12
394 14
395 14
396 12
397 12
398 11
399 10
400 9
401 11
402 12
403 12
404 12
405 12
406 12
407 13
408 13
409 13
410 14
411 14
412 13
413 11
414 13
415 13
416 13
417 13
418 14
419 11
420 11
421 10
422 8
423 9
424 11
425 12
426 11
427 13
428 13
429 13
430 14
431 15
432 14
433 13
434 13
435 11
436 11
437 10
438 10
439 11
440 12
441 14
442 14
443 17
444 17
445 16
446 15
447 17
448 15
449 15
450 17
451 17
452 17
453 17
454 16
455 15
456 15
457 16
458 15
459 15
460 14
461 15
462 13
463 16
464 15
465 13
466 13
467 13
468 14
469 16
470 13
471 12
472 11
473 12
474 12
475 13
476 15
477 13
478 14
479 12
480 14
481 15
482 17
483 16
484 14
485 16
486 13
487 12
488 12
489 13
490 14
491 14
492 15
493 14
494 14
495 13
496 13
497 13
498 12
499 15
500 13
501 14
502 15
503 14
504 13
505 14
506 13
507 12
508 14
509 14
510 14
511 12
512 13
513 15
514 16
515 12
516 14
517 14
518 11
519 10
520 10
521 10
522 11
523 13
524 14
525 16
526 15
527 13
528 14
529 13
530 11
531 10
532 10
533 12
534 12
535 13
536 15
537 14
538 16
539 15
540 16
541 14
542 14
543 14
544 13
545 12
546 12
547 13
548 10
549 10
550 13
551 13
552 12
553 13
554 13
555 8
556 9
557 12
558 12
559 13
560 14
561 13
562 15
563 10
564 11
565 12
566 13
567 13
568 11
569 10
570 12
571 10
572 10
573 11
574 12
575 12
576 12
577 12
578 11
579 11
580 13
581 13
582 14
583 16
584 14
585 14
586 13
587 14
588 12
589 14
590 15
591 14
592 13
593 12
594 14
595 13
596 11
597 12
598 14
599 14
600 16
601 15
602 13
603 11
604 14
605 13
606 13
607 16
608 15
609 12
610 12
611 14
612 13
613 16
614 14
615 15
616 13
617 15
618 12
619 10
620 12
621 12
622 11
623 13
624 12
625 11
626 14
627 14
628 13
629 13
630 12
631 13
632 14
633 12
634 12
635 13
636 15
637 16
638 15
639 15
640 14
641 14
642 12
643 14
644 16
645 15
646 14
647 13
648 13
649 11
650 11
651 11
652 11
653 13
654 11
655 8
656 10
657 12
658 12
659 13
660 12
661 13
662 13
663 13
664 14
665 14
666 12
667 14
668 15
669 15
670 15
671 15
672 12
673 14
674 14
675 16
676 14
677 14
678 15
679 15
680 14
681 14
682 14
683 13
684 12
685 14
686 14
687 12
688 12
689 10
690 10
691 11
692 13
693 12
694 12
695 11
696 11
697 13
698 12
699 12
700 11
701 11
702 13
703 11
704 12
705 13
706 14
707 15
708 12
709 13
710 12
711 12
712 11
713 11
714 12
715 11
716 12
717 12
718 12
719 11
720 11
721 10
722 12
723 13
724 13
725 14
726 13
727 16
728 13
729 14
730 14
731 15
732 15
733 16
734 15
735 14
736 14
737 14
738 11
739 12
740 15
741 14
742 14
743 13
744 10
745 12
746 13
747 12
748 11
749 14
750 14
751 16
752 15
753 12
754 12
755 12
756 10
757 11
758 12
759 11
760 12
761 13
762 13
763 15
764 16
765 16
766 15
767 15
768 16
769 17
770 16
771 15
772 13
773 14
774 12
775 11
776 13
777 13
778 11
779 9
780 8
781 11
782 11
783 10
784 12
785 11
786 10
787 10
788 9
789 8
790 9
791 11
792 14
793 14
794 12
795 13
796 13
797 14
798 13
799 13
800 14
801 14
802 12
803 12
804 12
805 11
806 12
807 14
808 16
809 15
810 15
811 15
812 14
813 14
814 13
815 11
816 13
817 15
818 13
819 12
820 13
821 15
822 16
823 16
824 15
825 16
826 14
827 16
828 16
829 16
830 15
831 16
832 14
833 13
834 13
835 16
836 16
837 15
838 15
839 14
840 14
841 15
842 14
843 13
844 11
845 11
846 12
847 14
848 14
849 12
850 12
851 13
852 13
853 13
854 13
855 12
856 12
857 11
858 12
859 13
860 14
861 11
862 13
863 12
864 13
865 12
866 11
867 13
868 13
869 13
870 13
871 14
872 13
873 14
874 14
875 11
876 12
877 12
878 12
879 13
880 11
881 12
882 12
883 10
884 10
885 13
886 14
887 14
888 13
889 14
890 13
891 15
892 15
893 14
894 14
895 14
896 14
897 13
898 13
899 15
900 12
901 15
902 15
903 16
904 12
905 11
906 13
907 14
908 15
909 16
910 12
911 9
912 11
913 11
914 12
915 13
916 14
917 14
918 15
919 15
920 16
921 14
922 12
923 11
924 13
925 13
926 11
927 12
928 11
929 12
930 12
931 12
932 14
933 14
934 17
935 18
936 17
937 16
938 16
939 17
940 14
941 13
942 11
943 10
944 11
945 11
946 12
947 10
948 11
949 13
950 15
951 14
952 13
953 12
954 11
955 12
956 13
957 13
958 12
959 12
960 11
961 13
962 12
963 12
964 13
965 15
966 12
967 8
968 8
969 8
970 12
971 11
972 12
973 13
974 14
975 14
976 14
977 13
978 15
979 15
980 13
981 12
982 11
983 11
984 9
985 11
986 11
987 13
988 13
989 13
990 14
991 14
992 16
993 16
994 15
995 13
996 14
997 13
998 11
999 12
1000 13
