0 10
1 8
2 4
3 7
4 8
5 6
6 6
7 6
8 6
9 7
10 4
11 4
12 5
13 6
14 8
15 5
16 5
17 8
18 6
19 5
20 6
21 6
22 7
23 7
24 7
25 7
26 6
27 7
28 6
29 6
30 7
31 7
32 6
33 7
34 8
35 7
36 5
37 4
38 6
39 9
40 5
41 6
42 5
43 6
44 7
45 5
46 6
47 6
48 5
49 6
50 6
51 7
52 6
53 8
54 6
55 8
56 6
57 6
58 6
59 7
60 6
61 5
62 5
63 7
64 6
65 6
66 7
67 4
68 5
69 8
70 6
71 6
72 6
73 5
74 6
75 5
76 6
77 6
78 5
79 7
80 5
81 6
82 7
83 6
84 6
85 7
86 7
87 7
88 5
89 6
90 6
91 7
92 7
93 6
94 5
95 5
96 7
97 5
98 6
99 8
100 5
101 7
102 6
103 6
104 6
105 7
106 7
107 5
108 6
109 6
110 6
111 6
112 1
113 6
114 6
115 4
116 6
117 6
118 6
119 5
120 4
121 6
122 9
123 7
124 7
125 7
126 6
127 7
128 5
129 7
130 8
131 5
132 7
133 6
134 5
135 7
136 7
137 7
138 7
139 7
140 6
141 7
142 5
143 6
144 5
145 5
146 7
147 6
148 4
149 5
150 7
151 6
152 7
153 5
154 7
155 7
156 6
157 6
158 5
159 7
160 5
161 7
162 6
163 5
164 4
165 7
166 6
167 7
168 7
169 7
170 7
171 6
172 6
173 7
174 6
175 7
176 8
177 6
178 5
179 5
180 4
181 7
182 5
183 6
184 6
185 7
186 5
187 4
188 6
189 6
190 5
191 6
192 5
193 6
194 6
195 8
196 7
197 6
198 7
199 7
200 6
201 6
202 5
203 6
204 6
205 7
206 9
207 6
208 7
209 7
210 5
211 6
212 6
213 5
214 6
215 6
216 7
217 8
218 6
219 6
220 6
221 7
222 8
223 5
224 6
225 4
226 4
227 6
228 6
229 7
230 7
231 6
232 5
233 7
234 5
235 6
236 6
237 7
238 7
239 6
240 5
241 7
242 6
243 6
244 6
245 7
246 7
247 3
248 5
249 7
250 6
251 4
252 4
253 5
254 5
255 7
256 7
257 4
258 7
259 6
260 7
261 6
262 7
263 7
264 5
265 5
266 7
267 7
268 7
269 5
270 8
271 5
272 7
273 7
274 6
275 6
276 5
277 5
278 4
279 7
280 5
281 6
282 5
283 6
284 5
285 6
286 3
287 5
288 6
289 7
290 6
291 6
292 7
293 4
294 7
295 5
296 4
297 8
298 4
299 7
300 7
301 5
302 6
303 5
304 5
305 8
306 5
307 6
308 4
309 7
310 6
311 6
312 7
313 5
314 7
315 7
316 5
317 7
318 7
319 8
320 5
321 7
322 7
323 7
324 5
325 7
326 6
327 7
328 8
329 7
330 7
331 5
332 8
333 7
334 6
335 6
336 7
337 7
338 6
339 7
340 6
341 7
342 6
343 6
344 7
345 6
346 7
347 8
348 8
349 6
350 7
351 8
352 4
353 4
354 7
355 6
356 2
357 3
358 7
359 6
360 6
361 8
362 5
363 6
364 7
365 5
366 7
367 8
368 6
369 5
370 5
371 7
372 5
373 7
374 7
375 6
376 6
377 7
378 4
379 4
380 5
381 6
382 5
383 6
384 7
385 6
386 6
387 6
388 8
389 7
390 6
391 6
392 7
393 4
394 7
395 5
396 7
397 8
398 6
399 8
400 7
401 6
402 6
403 8
404 8
405 5
406 7
407 8
408 7
409 7
410 5
411 5
412 6
413 6
414 6
415 7
416 5
417 6
418 8
419 4
420 5
421 6
422 6
423 5
424 4
425 7
426 6
427 7
428 5
429 5
430 7
431 5
432 7
433 6
434 6
435 7
436 5
437 5
438 6
439 6
440 5
441 6
442 7
443 8
444 4
445 6
446 6
447 5
448 6
449 8
450 6
451 6
452 6
453 5
454 6
455 7
456 5
457 4
458 6
459 3
460 5
461 7
462 5
463 6
464 6
465 6
466 6
467 4
468 6
469 5
470 5
471 7
472 7
473 7
474 5
475 5
476 3
477 6
478 5
479 5
480 8
481 7
482 6
483 6
484 4
485 8
486 5
487 7
488 4
489 7
490 4
491 5
492 4
493 7
494 5
495 6
496 7
497 6
498 6
499 5
500 6
501 6
502 5
503 6
504 6
505 3
506 5
507 5
508 8
509 5
510 5
511 5
512 8
513 7
514 6
515 4
516 6
517 6
518 5
519 6
520 4
521 5
522 6
523 7
524 4
525 8
526 7
527 7
528 6
529 7
530 7
531 6
532 6
533 8
534 5
535 5
536 7
537 7
538 6
539 5
540 7
541 6
542 4
543 6
544 8
545 6
546 6
547 7
548 7
549 6
550 5
551 5
552 8
553 6
554 8
555 6
556 8
557 4
558 6
559 6
560 6
561 6
562 7
563 7
564 6
565 6
566 5
567 6
568 6
569 7
570 6
571 5
572 6
573 7
574 7
575 6
576 7
577 7
578 4
579 7
580 6
581 6
582 6
583 7
584 5
585 6
586 7
587 6
588 6
589 7
590 7
591 6
592 5
593 7
594 7
595 6
596 7
597 7
598 6
599 5
600 5
601 5
602 5
603 7
604 4
605 5
606 5
607 7
608 7
609 5
610 7
611 6
612 6
613 6
614 6
615 6
616 6
617 7
618 7
619 6
620 7
621 6
622 6
623 7
624 6
625 4
626 7
627 6
628 5
629 6
630 6
631 7
632 6
633 7
634 6
635 7
636 5
637 8
638 5
639 8
640 5
641 5
642 6
643 5
644 7
645 7
646 6
647 6
648 6
649 7
650 5
651 6
652 8
653 6
654 6
655 7
656 6
657 6
658 6
659 8
660 6
661 7
662 5
663 6
664 7
665 6
666 6
667 7
668 6
669 6
670 5
671 7
672 4
673 7
674 6
675 6
676 6
677 7
678 7
679 5
680 7
681 6
682 8
683 7
684 6
685 6
686 5
687 6
688 8
689 6
690 6
691 7
692 7
693 5
694 7
695 5
696 7
697 6
698 6
699 6
700 6
701 6
702 4
703 7
704 7
705 8
706 6
707 5
708 8
709 6
710 7
711 7
712 7
713 5
714 7
715 7
716 7
717 7
718 8
719 6
720 7
721 7
722 6
723 8
724 6
725 6
726 6
727 6
728 6
729 7
730 5
731 6
732 7
733 5
734 7
735 7
736 6
737 5
738 6
739 6
740 7
741 6
742 6
743 6
744 6
745 5
746 4
747 7
748 7
749 7
750 7
751 3
752 6
753 6
754 5
755 6
756 6
757 8
758 8
759 5
760 7
761 7
762 6
763 9
764 7
765 7
766 4
767 6
768 7
769 7
770 7
771 7
772 5
773 5
774 7
775 7
776 7
777 6
778 6
779 8
780 5
781 4
782 7
783 6
784 7
785 6
786 5
787 6
788 6
789 4
790 7
791 5
792 3
793 7
794 7
795 5
796 3
797 7
798 6
799 7
800 5
801 6
802 7
803 8
804 7
805 5
806 6
807 5
808 5
809 4
810 5
811 5
812 7
813 5
814 5
815 8
816 3
817 5
818 6
819 4
820 7
821 7
822 7
823 6
824 6
825 7
826 6
827 6
828 6
829 6
830 8
831 5
832 7
833 5
834 5
835 5
836 7
837 7
838 4
839 5
840 8
841 7
842 6
843 7
844 6
845 6
846 6
847 5
848 6
849 6
850 7
851 6
852 8
853 5
854 5
855 6
856 6
857 7
858 6
859 6
860 7
861 5
862 4
863 6
864 7
865 6
866 7
867 5
868 5
869 7
870 7
871 7
872 7
873 7
874 6
875 6
876 5
877 6
878 7
879 7
880 8
881 7
882 5
883 6
884 6
885 6
886 8
887 7
888 5
889 7
890 6
891 6
892 8
893 5
894 7
895 5
896 4
897 6
898 6
899 5
900 7
901 7
902 6
903 6
904 8
905 6
906 5
907 8
908 7
909 6
910 7
911 5
912 6
913 7
914 8
915 4
916 3
917 6
918 6
919 6
920 6
921 7
922 6
923 6
924 5
925 7
926 6
927 6
928 6
929 7
930 6
931 7
932 6
933 5
934 5
935 6
936 5
937 5
938 7
939 5
940 6
941 6
942 7
943 3
944 5
945 8
946 7
947 5
948 6
949 6
950 8
951 6
952 6
953 7
954 7
955 6
956 6
957 6
958 4
959 4
960 5
961 4
962 6
963 6
964 5
965 7
966 7
967 6
968 8
969 5
970 6
971 7
972 6
973 6
974 6
975 6
976 4
977 6
978 5
979 4
980 7
981 7
982 6
983 7
984 6
985 6
986 6
987 8
988 6
989 6
990 7
991 8
992 7
993 5
994 4
995 6
996 6
997 6
998 5
999 7
1000 6
