0 80
1 59
2 54
3 53
4 55
5 52
6 54
7 56
8 53
9 52
10 53
11 57
12 56
13 56
14 46
15 55
16 57
17 56
18 55
19 57
20 52
21 56
22 56
23 53
24 55
25 50
26 53
27 58
28 55
29 51
30 49
31 54
32 53
33 49
34 47
35 51
36 55
37 57
38 56
39 55
40 53
41 55
42 49
43 52
44 54
45 54
46 50
47 56
48 52
49 55
50 53
51 58
52 53
53 51
54 56
55 53
56 51
57 55
58 50
59 49
60 52
61 55
62 56
63 57
64 57
65 53
66 59
67 54
68 54
69 53
70 56
71 57
72 52
73 57
74 55
75 56
76 53
77 54
78 56
79 57
80 51
81 54
82 55
83 53
84 53
85 58
86 57
87 58
88 55
89 61
90 61
91 54
92 52
93 53
94 56
95 51
96 57
97 55
98 58
99 53
100 52
101 55
102 55
103 56
104 52
105 51
106 54
107 54
108 57
109 55
110 52
111 56
112 51
113 56
114 56
115 59
116 56
117 54
118 53
119 52
120 53
121 58
122 57
123 57
124 56
125 50
126 55
127 50
128 51
129 50
130 57
131 54
132 55
133 47
134 52
135 55
136 58
137 54
138 53
139 55
140 50
141 52
142 54
143 56
144 51
145 56
146 56
147 56
148 51
149 54
150 48
151 53
152 49
153 56
154 59
155 55
156 55
157 55
158 53
159 54
160 54
161 51
162 53
163 56
164 50
165 55
166 51
167 49
168 54
169 59
170 57
171 51
172 54
173 56
174 49
175 53
176 55
177 53
178 51
179 58
180 59
181 55
182 48
183 54
184 55
185 55
186 46
187 56
188 54
189 55
190 50
191 55
192 49
193 55
194 55
195 52
196 54
197 56
198 57
199 57
200 58
201 56
202 57
203 54
204 56
205 52
206 53
207 51
208 56
209 56
210 56
211 50
212 56
213 55
214 54
215 56
216 55
217 52
218 58
219 50
220 53
221 53
222 56
223 45
224 52
225 54
226 51
227 53
228 57
229 52
230 57
231 53
232 59
233 57
234 54
235 54
236 56
237 49
238 50
239 58
240 55
241 56
242 50
243 53
244 58
245 45
246 51
247 56
248 54
249 55
250 54
251 58
252 54
253 53
254 52
255 56
256 55
257 56
258 56
259 59
260 59
261 53
262 55
263 52
264 51
265 56
266 57
267 55
268 54
269 54
270 59
271 57
272 56
273 55
274 53
275 54
276 56
277 54
278 56
279 55
280 52
281 49
282 53
283 59
284 56
285 56
286 50
287 58
288 53
289 54
290 55
291 55
292 52
293 51
294 58
295 58
296 55
297 55
298 54
299 56
300 57
301 57
302 58
303 56
304 53
305 57
306 55
307 54
308 55
309 51
310 56
311 57
312 48
313 54
314 57
315 55
316 53
317 50
318 49
319 50
320 55
321 51
322 51
323 54
324 58
325 55
326 57
327 57
328 56
329 52
330 55
331 54
332 57
333 55
334 54
335 55
336 52
337 54
338 54
339 54
340 48
341 53
342 52
343 54
344 58
345 51
346 57
347 53
348 60
349 48
350 54
351 53
352 47
353 53
354 48
355 53
356 56
357 55
358 54
359 52
360 57
361 49
362 56
363 54
364 52
365 57
366 60
367 53
368 51
369 48
370 55
371 52
372 53
373 56
374 56
375 54
376 55
377 59
378 57
379 48
380 57
381 57
382 57
383 55
384 56
385 51
386 53
387 55
388 52
389 59
390 57
391 52
392 56
393 55
394 54
395 56
396 58
397 52
398 47
399 53
400 58
401 56
402 56
403 57
404 58
405 53
406 56
407 57
408 57
409 55
410 50
411 54
412 54
413 52
414 51
415 54
416 51
417 52
418 52
419 52
420 49
421 58
422 56
423 58
424 51
425 57
426 49
427 56
428 54
429 58
430 55
431 54
432 52
433 57
434 54
435 54
436 56
437 55
438 57
439 52
440 53
441 58
442 56
443 52
444 53
445 58
446 57
447 54
448 51
449 52
450 55
451 56
452 57
453 59
454 49
455 55
456 53
457 55
458 54
459 50
460 57
461 55
462 56
463 52
464 53
465 57
466 56
467 53
468 54
469 56
470 53
471 58
472 56
473 54
474 55
475 57
476 60
477 51
478 51
479 53
480 56
481 52
482 51
483 55
484 51
485 49
486 56
487 56
488 51
489 56
490 55
491 58
492 55
493 50
494 57
495 52
496 57
497 57
498 53
499 54
500 56
501 55
502 56
503 57
504 51
505 57
506 58
507 57
508 58
509 53
510 56
511 52
512 57
513 54
514 56
515 54
516 53
517 57
518 55
519 56
520 50
521 55
522 52
523 51
524 55
525 51
526 55
527 54
528 56
529 56
530 55
531 53
532 55
533 56
534 54
535 52
536 55
537 49
538 55
539 52
540 52
541 49
542 50
543 57
544 55
545 52
546 53
547 55
548 53
549 52
550 58
551 59
552 54
553 53
554 58
555 54
556 56
557 57
558 58
559 56
560 56
561 57
562 55
563 53
564 51
565 54
566 57
567 61
568 50
569 54
570 55
571 53
572 53
573 55
574 57
575 50
576 56
577 55
578 56
579 57
580 54
581 58
582 59
583 58
584 55
585 56
586 58
587 53
588 57
589 55
590 56
591 57
592 52
593 52
594 56
595 55
596 51
597 53
598 54
599 48
600 51
601 50
602 53
603 49
604 53
605 54
606 57
607 53
608 49
609 55
610 55
611 54
612 54
613 55
614 56
615 53
616 54
617 56
618 54
619 58
620 56
621 55
622 53
623 56
624 59
625 49
626 47
627 55
628 56
629 56
630 57
631 52
632 50
633 51
634 52
635 51
636 53
637 51
638 55
639 49
640 57
641 52
642 55
643 55
644 57
645 55
646 49
647 54
648 55
649 55
650 53
651 55
652 56
653 52
654 51
655 57
656 57
657 57
658 54
659 57
660 56
661 52
662 50
663 56
664 54
665 61
666 56
667 54
668 54
669 53
670 57
671 52
672 55
673 48
674 56
675 52
676 50
677 50
678 58
679 51
680 54
681 56
682 56
683 51
684 55
685 54
686 52
687 55
688 51
689 53
690 55
691 51
692 54
693 54
694 57
695 59
696 59
697 56
698 51
699 52
700 49
701 57
702 56
703 51
704 52
705 51
706 53
707 55
708 60
709 56
710 56
711 53
712 55
713 56
714 56
715 55
716 51
717 52
718 55
719 57
720 54
721 55
722 56
723 54
724 51
725 54
726 57
727 55
728 54
729 56
730 53
731 54
732 54
733 53
734 58
735 58
736 56
737 54
738 55
739 53
740 54
741 56
742 57
743 59
744 54
745 55
746 53
747 57
748 54
749 56
750 55
751 52
752 56
753 57
754 54
755 51
756 53
757 54
758 54
759 50
760 55
761 59
762 56
763 60
764 54
765 56
766 58
767 56
768 53
769 57
770 52
771 53
772 58
773 56
774 54
775 55
776 57
777 58
778 59
779 51
780 55
781 53
782 56
783 55
784 56
785 53
786 57
787 56
788 57
789 55
790 55
791 57
792 54
793 56
794 54
795 55
796 53
797 49
798 51
799 51
800 51
801 55
802 58
803 57
804 59
805 57
806 51
807 52
808 55
809 50
810 53
811 57
812 59
813 54
814 54
815 55
816 56
817 55
818 59
819 59
820 54
821 50
822 55
823 55
824 50
825 53
826 53
827 51
828 50
829 57
830 56
831 55
832 57
833 55
834 55
835 60
836 54
837 51
838 53
839 55
840 55
841 48
842 60
843 58
844 51
845 54
846 49
847 52
848 54
849 58
850 56
851 58
852 56
853 51
854 58
855 55
856 57
857 51
858 54
859 55
860 56
861 56
862 49
863 54
864 47
865 56
866 51
867 52
868 54
869 55
870 54
871 53
872 53
873 54
874 50
875 53
876 54
877 52
878 49
879 55
880 55
881 54
882 53
883 54
884 56
885 54
886 51
887 54
888 56
889 54
890 53
891 54
892 56
893 54
894 54
895 57
896 56
897 52
898 56
899 56
900 57
901 53
902 56
903 58
904 55
905 54
906 54
907 51
908 56
909 52
910 51
911 52
912 55
913 54
914 51
915 57
916 54
917 56
918 51
919 56
920 54
921 55
922 58
923 55
924 56
925 55
926 48
927 54
928 55
929 54
930 56
931 54
932 48
933 52
934 47
935 52
936 59
937 58
938 55
939 58
940 58
941 58
942 50
943 52
944 46
945 56
946 56
947 53
948 53
949 56
950 55
951 56
952 52
953 55
954 52
955 54
956 52
957 57
958 55
959 56
960 55
961 50
962 59
963 54
964 54
965 55
966 54
967 54
968 56
969 56
970 53
971 51
972 51
973 57
974 53
975 56
976 54
977 53
978 53
979 53
980 55
981 55
982 52
983 55
984 56
985 54
986 50
987 54
988 53
989 54
990 54
991 53
992 54
993 57
994 58
995 57
996 52
997 52
998 50
999 53
1000 55
