0 80
1 70
2 65
3 59
4 58
5 57
6 56
7 51
8 51
9 52
10 53
11 55
12 53
13 53
14 53
15 52
16 55
17 56
18 55
19 53
20 50
21 47
22 49
23 53
24 50
25 50
26 48
27 51
28 51
29 52
30 55
31 55
32 53
33 48
34 51
35 51
36 52
37 49
38 49
39 49
40 51
41 52
42 52
43 52
44 47
45 54
46 56
47 53
48 53
49 48
50 48
51 49
52 48
53 53
54 54
55 50
56 48
57 49
58 51
59 54
60 52
61 52
62 54
63 51
64 51
65 52
66 56
67 56
68 56
69 55
70 59
71 62
72 57
73 56
74 54
75 56
76 54
77 55
78 58
79 56
80 49
81 53
82 53
83 49
84 53
85 51
86 54
87 55
88 55
89 55
90 51
91 53
92 52
93 49
94 47
95 47
96 48
97 50
98 46
99 49
100 47
101 48
102 50
103 51
104 53
105 54
106 56
107 54
108 53
109 53
110 51
111 52
112 54
113 54
114 52
115 55
116 51
117 53
118 50
119 50
120 50
121 51
122 51
123 51
124 55
125 46
126 48
127 48
128 49
129 53
130 53
131 55
132 51
133 51
134 51
135 54
136 52
137 48
138 52
139 49
140 51
141 53
142 54
143 53
144 52
145 53
146 51
147 45
148 51
149 51
150 49
151 49
152 52
153 49
154 51
155 50
156 52
157 53
158 55
159 57
160 52
161 55
162 58
163 53
164 52
165 56
166 53
167 53
168 51
169 48
170 52
171 51
172 52
173 52
174 52
175 57
176 56
177 53
178 54
179 53
180 54
181 50
182 52
183 49
184 45
185 48
186 53
187 53
188 52
189 52
190 49
191 49
192 48
193 54
194 54
195 52
196 53
197 52
198 48
199 50
200 52
201 48
202 50
203 50
204 52
205 51
206 47
207 48
208 44
209 51
210 50
211 51
212 51
213 48
214 54
215 53
216 51
217 47
218 49
219 45
220 49
221 50
222 50
223 48
224 49
225 50
226 48
227 49
228 53
229 53
230 50
231 51
232 51
233 52
234 49
235 50
236 55
237 50
238 52
239 52
240 51
241 51
242 52
243 52
244 51
245 52
246 52
247 53
248 52
249 51
250 51
251 49
252 54
253 54
254 51
255 53
256 52
257 54
258 52
259 48
260 50
261 52
262 52
263 48
264 46
265 46
266 50
267 53
268 52
269 57
270 56
271 57
272 55
273 56
274 57
275 57
276 48
277 48
278 49
279 47
280 47
281 50
282 53
283 54
284 53
285 52
286 51
287 54
288 51
289 50
290 52
291 52
292 51
293 54
294 51
295 47
296 50
297 51
298 47
299 49
300 47
301 47
302 47
303 50
304 53
305 51
306 51
307 54
308 58
309 56
310 59
311 58
312 54
313 55
314 56
315 50
316 49
317 50
318 50
319 48
320 45
321 49
322 49
323 47
324 49
325 52
326 54
327 49
328 52
329 51
330 55
331 57
332 56
333 53
334 51
335 46
336 51
337 50
338 52
339 52
340 56
341 53
342 54
343 53
344 52
345 50
346 54
347 54
348 55
349 51
350 55
351 56
352 55
353 49
354 48
355 50
356 51
357 53
358 51
359 49
360 50
361 53
362 53
363 51
364 51
365 51
366 51
367 50
368 49
369 53
370 56
371 51
372 50
373 50
374 50
375 50
376 50
377 47
378 48
379 54
380 52
381 53
382 53
383 52
384 54
385 52
386 52
387 50
388 46
389 47
390 47
391 50
392 52
393 57
394 50
395 48
396 51
397 46
398 44
399 48
400 46
401 43
402 44
403 51
404 46
405 48
406 48
407 49
408 50
409 49
410 50
411 52
412 54
413 56
414 58
415 53
416 52
417 53
418 55
419 55
420 52
421 51
422 50
423 49
424 50
425 52
426 51
427 49
428 47
429 47
430 46
431 46
432 48
433 48
434 50
435 51
436 52
437 53
438 51
439 52
440 55
441 48
442 52
443 56
444 52
445 51
446 49
447 50
448 51
449 52
450 55
451 55
452 53
453 50
454 49
455 53
456 49
457 51
458 51
459 49
460 51
461 54
462 55
463 53
464 53
465 50
466 50
467 53
468 52
469 50
470 47
471 47
472 47
473 44
474 48
475 47
476 50
477 45
478 53
479 51
480 50
481 52
482 50
483 50
484 52
485 53
486 49
487 50
488 51
489 51
490 49
491 50
492 47
493 52
494 50
495 53
496 53
497 53
498 52
499 52
500 53
501 55
502 54
503 56
504 55
505 56
506 56
507 56
508 55
509 51
510 51
511 50
512 50
513 50
514 50
515 51
516 47
517 45
518 48
519 51
520 52
521 53
522 51
523 54
524 52
525 50
526 47
527 46
528 46
529 46
530 50
531 54
532 52
533 48
534 51
535 51
536 53
537 54
538 52
539 53
540 55
541 48
542 48
543 55
544 51
545 48
546 51
547 51
548 51
549 53
550 55
551 53
552 56
553 54
554 55
555 55
556 52
557 50
558 48
559 48
560 47
561 49
562 49
563 49
564 49
565 53
566 52
567 51
568 52
569 53
570 54
571 55
572 53
573 52
574 51
575 51
576 51
577 50
578 52
579 48
580 47
581 45
582 46
583 47
584 51
585 51
586 53
587 51
588 50
589 50
590 48
591 48
592 53
593 53
594 52
595 50
596 46
597 45
598 46
599 49
600 51
601 50
602 50
603 51
604 52
605 46
606 49
607 48
608 50
609 51
610 53
611 51
612 48
613 49
614 46
615 47
616 51
617 47
618 50
619 53
620 53
621 55
622 51
623 52
624 52
625 51
626 52
627 53
628 54
629 53
630 48
631 50
632 53
633 57
634 55
635 55
636 57
637 56
638 56
639 55
640 55
641 52
642 53
643 52
644 56
645 55
646 55
647 54
648 49
649 51
650 53
651 51
652 47
653 51
654 50
655 51
656 51
657 50
658 53
659 53
660 51
661 53
662 53
663 55
664 54
665 56
666 51
667 45
668 51
669 51
670 55
671 54
672 51
673 51
674 50
675 50
676 53
677 53
678 55
679 55
680 53
681 54
682 51
683 47
684 47
685 49
686 50
687 54
688 55
689 54
690 56
691 54
692 50
693 52
694 52
695 53
696 54
697 55
698 55
699 55
700 54
701 54
702 53
703 47
704 47
705 48
706 46
707 49
708 51
709 51
710 57
711 56
712 53
713 53
714 51
715 51
716 53
717 48
718 53
719 49
720 50
721 52
722 53
723 50
724 46
725 48
726 49
727 46
728 47
729 51
730 51
731 54
732 54
733 55
734 53
735 55
736 51
737 48
738 42
739 45
740 52
741 52
742 50
743 51
744 50
745 51
746 51
747 53
748 54
749 53
750 51
751 47
752 46
753 51
754 51
755 51
756 50
757 51
758 52
759 53
760 54
761 54
762 53
763 54
764 57
765 56
766 53
767 51
768 49
769 45
770 44
771 46
772 49
773 49
774 57
775 56
776 57
777 51
778 51
779 52
780 49
781 50
782 50
783 48
784 50
785 53
786 52
787 53
788 51
789 48
790 49
791 51
792 51
793 48
794 49
795 49
796 52
797 52
798 55
799 54
800 55
801 55
802 54
803 55
804 53
805 51
806 51
807 52
808 53
809 51
810 54
811 52
812 49
813 50
814 51
815 43
816 48
817 49
818 47
819 49
820 50
821 52
822 56
823 54
824 53
825 50
826 50
827 52
828 51
829 52
830 58
831 54
832 52
833 51
834 54
835 51
836 50
837 49
838 47
839 52
840 52
841 52
842 52
843 54
844 54
845 50
846 46
847 49
848 52
849 54
850 53
851 52
852 55
853 53
854 54
855 52
856 51
857 46
858 51
859 52
860 49
861 50
862 50
863 54
864 55
865 58
866 55
867 51
868 50
869 51
870 48
871 48
872 48
873 49
874 46
875 49
876 48
877 51
878 50
879 51
880 54
881 52
882 50
883 53
884 51
885 53
886 53
887 52
888 53
889 52
890 50
891 52
892 55
893 57
894 57
895 58
896 58
897 56
898 54
899 53
900 53
901 51
902 56
903 57
904 55
905 56
906 54
907 56
908 55
909 56
910 56
911 57
912 55
913 54
914 50
915 50
916 52
917 55
918 54
919 53
920 52
921 48
922 46
923 48
924 50
925 51
926 52
927 54
928 54
929 56
930 51
931 50
932 53
933 54
934 50
935 47
936 45
937 50
938 50
939 54
940 54
941 48
942 37
943 42
944 47
945 46
946 48
947 51
948 54
949 53
950 51
951 50
952 50
953 47
954 46
955 49
956 50
957 50
958 51
959 50
960 53
961 48
962 52
963 51
964 51
965 55
966 55
967 57
968 55
969 56
970 54
971 52
972 49
973 48
974 49
975 51
976 48
977 52
978 51
979 52
980 51
981 50
982 48
983 50
984 53
985 52
986 46
987 48
988 53
989 51
990 43
991 47
992 49
993 46
994 41
995 49
996 53
997 52
998 50
999 53
1000 52
