0 5
1 4
2 3
3 4
4 3
5 3
6 4
7 1
8 2
9 2
10 2
11 2
12 3
13 3
14 3
15 3
16 4
17 3
18 3
19 3
20 3
21 3
22 3
23 4
24 3
25 4
26 4
27 3
28 4
29 2
30 2
31 3
32 2
33 2
34 3
35 3
36 2
37 2
38 3
39 4
40 4
41 4
42 4
43 4
44 4
45 4
46 3
47 3
48 4
49 1
50 1
51 3
52 3
53 3
54 4
55 3
56 3
57 3
58 3
59 2
60 4
61 3
62 4
63 4
64 4
65 4
66 4
67 2
68 2
69 1
70 2
71 2
72 3
73 3
74 3
75 2
76 2
77 1
78 2
79 2
80 3
81 2
82 2
83 3
84 3
85 3
86 3
87 4
88 4
89 4
90 4
91 5
92 5
93 5
94 5
95 4
96 2
97 3
98 2
99 2
100 2
101 4
102 4
103 4
104 4
105 4
106 3
107 3
108 2
109 2
110 2
111 4
112 3
113 3
114 3
115 2
116 1
117 2
118 2
119 2
120 3
121 3
122 4
123 5
124 5
125 5
126 4
127 4
128 4
129 3
130 4
131 5
132 5
133 4
134 4
135 3
136 2
137 2
138 3
139 3
140 3
141 3
142 3
143 3
144 3
145 2
146 2
147 3
148 3
149 3
150 2
151 2
152 2
153 2
154 2
155 3
156 2
157 2
158 3
159 3
160 3
161 3
162 4
163 4
164 2
165 3
166 3
167 4
168 3
169 5
170 5
171 4
172 4
173 3
174 3
175 4
176 3
177 3
178 4
179 4
180 4
181 4
182 3
183 4
184 4
185 3
186 2
187 3
188 3
189 2
190 2
191 2
192 3
193 3
194 4
195 3
196 2
197 3
198 5
199 4
200 2
201 2
202 3
203 2
204 3
205 3
206 3
207 3
208 3
209 3
210 4
211 4
212 3
213 4
214 2
215 2
216 3
217 3
218 2
219 2
220 3
221 4
222 4
223 4
224 4
225 4
226 2
227 2
228 2
229 2
230 1
231 2
232 2
233 4
234 5
235 5
236 4
237 4
238 4
239 3
240 4
241 4
242 3
243 2
244 3
245 3
246 4
247 4
248 3
249 3
250 3
251 2
252 1
253 1
254 2
255 3
256 3
257 4
258 3
259 4
260 5
261 3
262 2
263 2
264 3
265 3
266 3
267 4
268 3
269 2
270 2
271 1
272 1
273 4
274 3
275 2
276 2
277 3
278 3
279 3
280 2
281 3
282 2
283 2
284 2
285 2
286 3
287 2
288 2
289 3
290 1
291 1
292 3
293 3
294 3
295 2
296 1
297 3
298 5
299 3
300 4
301 3
302 3
303 2
304 3
305 2
306 1
307 2
308 2
309 3
310 3
311 2
312 2
313 2
314 1
315 1
316 0
317 2
318 3
319 2
320 2
321 2
322 3
323 3
324 3
325 3
326 3
327 4
328 3
329 3
330 3
331 3
332 4
333 3
334 2
335 2
336 3
337 4
338 4
339 3
340 2
341 3
342 3
343 2
344 3
345 2
346 2
347 3
348 2
349 3
350 2
351 3
352 3
353 2
354 3
355 2
356 2
357 2
358 2
359 1
360 1
361 2
362 4
363 3
364 3
365 3
366 2
367 2
368 3
369 3
370 3
371 3
372 2
373 2
374 2
375 2
376 1
377 2
378 3
379 3
380 3
381 3
382 3
383 2
384 2
385 4
386 4
387 3
388 4
389 4
390 3
391 3
392 3
393 2
394 3
395 2
396 2
397 3
398 3
399 2
400 3
401 3
402 4
403 4
404 2
405 4
406 3
407 3
408 2
409 2
410 3
411 3
412 3
413 3
414 4
415 4
416 4
417 4
418 2
419 3
420 3
421 3
422 4
423 3
424 3
425 3
426 4
427 4
428 3
429 3
430 4
431 4
432 3
433 4
434 4
435 4
436 3
437 3
438 3
439 3
440 4
441 3
442 3
443 3
444 3
445 3
446 1
447 3
448 3
449 4
450 2
451 4
452 3
453 2
454 2
455 1
456 1
457 4
458 4
459 4
460 5
461 3
462 3
463 3
464 3
465 2
466 3
467 4
468 2
469 2
470 2
471 1
472 2
473 2
474 4
475 5
476 5
477 5
478 5
479 2
480 2
481 2
482 2
483 2
484 1
485 2
486 1
487 2
488 1
489 1
490 2
491 2
492 4
493 3
494 3
495 4
496 4
497 3
498 3
499 3
500 2
501 1
502 2
503 4
504 3
505 3
506 4
507 3
508 3
509 3
510 4
511 3
512 3
513 2
514 3
515 3
516 4
517 3
518 4
519 4
520 3
521 2
522 2
523 3
524 4
525 4
526 2
527 3
528 2
529 3
530 3
531 3
532 2
533 1
534 3
535 3
536 4
537 3
538 4
539 4
540 4
541 4
542 4
543 3
544 4
545 4
546 4
547 3
548 3
549 3
550 4
551 4
552 4
553 3
554 3
555 3
556 3
557 3
558 3
559 2
560 3
561 2
562 2
563 2
564 2
565 2
566 2
567 3
568 4
569 4
570 4
571 2
572 3
573 1
574 2
575 3
576 2
577 2
578 2
579 2
580 2
581 2
582 4
583 4
584 3
585 1
586 2
587 2
588 1
589 1
590 2
591 3
592 1
593 2
594 3
595 4
596 5
597 4
598 4
599 5
600 4
601 4
602 4
603 2
604 3
605 3
606 4
607 2
608 1
609 4
610 3
611 1
612 2
613 3
614 3
615 2
616 2
617 3
618 2
619 5
620 4
621 3
622 3
623 1
624 2
625 2
626 1
627 2
628 3
629 3
630 4
631 3
632 3
633 3
634 2
635 2
636 2
637 1
638 3
639 2
640 3
641 3
642 3
643 2
644 3
645 2
646 1
647 1
648 2
649 1
650 1
651 2
652 3
653 4
654 1
655 3
656 2
657 4
658 3
659 2
660 1
661 0
662 1
663 3
664 2
665 1
666 3
667 2
668 3
669 3
670 3
671 1
672 1
673 2
674 2
675 3
676 3
677 3
678 3
679 3
680 1
681 3
682 3
683 2
684 3
685 3
686 4
687 4
688 3
689 3
690 4
691 4
692 4
693 2
694 4
695 4
696 4
697 2
698 3
699 2
700 3
701 2
702 1
703 3
704 4
705 4
706 4
707 2
708 2
709 2
710 2
711 1
712 3
713 2
714 2
715 2
716 3
717 3
718 3
719 3
720 3
721 3
722 3
723 4
724 4
725 4
726 3
727 4
728 2
729 3
730 2
731 2
732 2
733 1
734 2
735 2
736 2
737 2
738 4
739 3
740 3
741 3
742 3
743 3
744 3
745 3
746 4
747 4
748 3
749 2
750 2
751 2
752 2
753 2
754 3
755 3
756 4
757 4
758 4
759 3
760 3
761 3
762 3
763 3
764 3
765 4
766 3
767 1
768 2
769 3
770 5
771 4
772 5
773 3
774 2
775 2
776 3
777 4
778 4
779 4
780 4
781 4
782 4
783 3
784 3
785 3
786 3
787 3
788 3
789 4
790 3
791 2
792 2
793 3
794 4
795 2
796 1
797 4
798 4
799 4
800 4
801 4
802 4
803 4
804 3
805 4
806 3
807 3
808 3
809 3
810 3
811 4
812 2
813 3
814 3
815 3
816 4
817 3
818 3
819 2
820 3
821 2
822 2
823 4
824 3
825 4
826 3
827 4
828 3
829 4
830 2
831 3
832 3
833 3
834 4
835 4
836 3
837 3
838 4
839 4
840 4
841 4
842 3
843 3
844 2
845 1
846 2
847 1
848 2
849 2
850 4
851 4
852 3
853 4
854 3
855 2
856 2
857 2
858 2
859 2
860 3
861 4
862 4
863 4
864 4
865 3
866 2
867 2
868 3
869 2
870 3
871 4
872 4
873 3
874 3
875 3
876 3
877 3
878 1
879 1
880 2
881 2
882 2
883 2
884 2
885 3
886 5
887 5
888 5
889 4
890 5
891 5
892 4
893 4
894 4
895 4
896 3
897 1
898 1
899 3
900 3
901 3
902 3
903 3
904 4
905 3
906 4
907 4
908 3
909 4
910 3
911 4
912 5
913 4
914 4
915 4
916 5
917 4
918 4
919 4
920 3
921 3
922 3
923 2
924 1
925 1
926 2
927 4
928 3
929 3
930 2
931 4
932 4
933 3
934 3
935 4
936 1
937 0
938 2
939 3
940 3
941 3
942 3
943 4
944 3
945 4
946 4
947 3
948 4
949 3
950 3
951 3
952 4
953 4
954 3
955 3
956 3
957 2
958 1
959 2
960 3
961 2
962 3
963 3
964 3
965 3
966 3
967 4
968 3
969 4
970 3
971 4
972 4
973 1
974 1
975 0
976 3
977 3
978 4
979 3
980 3
981 3
982 3
983 4
984 1
985 2
986 2
987 3
988 2
989 1
990 2
991 4
992 3
993 3
994 2
995 1
996 2
997 3
998 4
999 4
1000 4
