0 70
1 58
2 52
3 50
4 49
5 51
6 47
7 47
8 45
9 47
10 49
11 52
12 46
13 46
14 49
15 49
16 49
17 47
18 46
19 50
20 54
21 50
22 49
23 51
24 44
25 47
26 44
27 47
28 48
29 43
30 50
31 49
32 47
33 47
34 50
35 50
36 45
37 44
38 46
39 47
40 48
41 48
42 46
43 49
44 50
45 51
46 49
47 47
48 45
49 46
50 52
51 48
52 44
53 45
54 44
55 50
56 52
57 48
58 50
59 46
60 46
61 44
62 43
63 49
64 45
65 44
66 50
67 48
68 46
69 47
70 42
71 41
72 47
73 46
74 48
75 53
76 50
77 47
78 48
79 51
80 49
81 51
82 46
83 47
84 47
85 47
86 48
87 49
88 48
89 47
90 44
91 46
92 43
93 45
94 49
95 47
96 49
97 49
98 45
99 45
100 45
101 46
102 50
103 48
104 50
105 51
106 54
107 52
108 48
109 47
110 48
111 44
112 45
113 46
114 49
115 48
116 47
117 47
118 49
119 46
120 45
121 47
122 43
123 47
124 53
125 48
126 46
127 44
128 43
129 44
130 44
131 41
132 47
133 43
134 45
135 48
136 45
137 51
138 49
139 49
140 49
141 46
142 45
143 48
144 47
145 48
146 45
147 50
148 49
149 46
150 49
151 45
152 47
153 47
154 43
155 48
156 41
157 45
158 46
159 46
160 46
161 45
162 47
163 49
164 48
165 50
166 49
167 51
168 44
169 48
170 49
171 54
172 45
173 48
174 50
175 54
176 43
177 46
178 48
179 49
180 44
181 43
182 51
183 51
184 49
185 47
186 47
187 44
188 45
189 46
190 48
191 50
192 51
193 48
194 48
195 48
196 44
197 48
198 48
199 49
200 45
201 48
202 47
203 50
204 53
205 48
206 49
207 47
208 44
209 48
210 48
211 49
212 51
213 50
214 49
215 45
216 42
217 51
218 46
219 49
220 46
221 49
222 50
223 52
224 48
225 51
226 49
227 47
228 49
229 57
230 47
231 50
232 51
233 49
234 46
235 43
236 47
237 46
238 43
239 48
240 51
241 49
242 47
243 46
244 44
245 48
246 52
247 51
248 48
249 46
250 42
251 49
252 50
253 44
254 46
255 52
256 50
257 46
258 53
259 53
260 52
261 52
262 53
263 48
264 49
265 49
266 46
267 50
268 51
269 47
270 46
271 45
272 50
273 48
274 45
275 47
276 49
277 47
278 46
279 47
280 45
281 46
282 43
283 44
284 46
285 46
286 51
287 51
288 47
289 43
290 49
291 51
292 52
293 49
294 45
295 46
296 45
297 48
298 49
299 44
300 51
301 53
302 49
303 48
304 48
305 50
306 48
307 48
308 44
309 52
310 47
311 47
312 51
313 53
314 51
315 39
316 47
317 47
318 48
319 49
320 51
321 49
322 49
323 47
324 50
325 48
326 48
327 50
328 47
329 45
330 45
331 47
332 46
333 47
334 48
335 49
336 48
337 46
338 53
339 52
340 46
341 49
342 46
343 48
344 47
345 47
346 48
347 50
348 49
349 50
350 47
351 51
352 46
353 48
354 42
355 43
356 45
357 48
358 52
359 50
360 49
361 48
362 48
363 51
364 45
365 39
366 46
367 48
368 46
369 47
370 46
371 46
372 49
373 48
374 49
375 51
376 48
377 51
378 49
379 48
380 43
381 42
382 45
383 43
384 46
385 50
386 48
387 49
388 49
389 44
390 45
391 47
392 46
393 53
394 47
395 46
396 48
397 46
398 50
399 47
400 49
401 49
402 50
403 49
404 48
405 49
406 49
407 49
408 48
409 50
410 50
411 46
412 46
413 49
414 51
415 47
416 49
417 46
418 43
419 51
420 45
421 47
422 49
423 46
424 45
425 46
426 47
427 46
428 48
429 50
430 51
431 49
432 45
433 47
434 45
435 42
436 48
437 45
438 43
439 48
440 52
441 44
442 47
443 37
444 47
445 50
446 51
447 49
448 48
449 47
450 49
451 50
452 48
453 43
454 45
455 47
456 48
457 46
458 48
459 45
460 46
461 43
462 44
463 47
464 47
465 48
466 47
467 50
468 52
469 46
470 46
471 51
472 51
473 50
474 51
475 49
476 47
477 46
478 49
479 47
480 39
481 41
482 50
483 46
484 47
485 47
486 50
487 45
488 48
489 46
490 48
491 50
492 50
493 48
494 49
495 47
496 49
497 46
498 50
499 52
500 46
501 47
502 47
503 48
504 49
505 44
506 50
507 53
508 48
509 47
510 50
511 51
512 51
513 53
514 53
515 46
516 49
517 45
518 46
519 43
520 43
521 45
522 52
523 47
524 51
525 50
526 46
527 44
528 47
529 49
530 47
531 45
532 45
533 47
534 48
535 49
536 49
537 47
538 46
539 49
540 53
541 44
542 48
543 48
544 50
545 46
546 50
547 50
548 49
549 49
550 50
551 42
552 46
553 49
554 51
555 52
556 46
557 45
558 45
559 44
560 48
561 48
562 47
563 47
564 47
565 45
566 44
567 50
568 51
569 47
570 47
571 43
572 45
573 47
574 46
575 48
576 49
577 46
578 45
579 42
580 49
581 48
582 43
583 51
584 50
585 49
586 50
587 48
588 48
589 45
590 47
591 51
592 48
593 51
594 51
595 49
596 50
597 48
598 47
599 53
600 51
601 49
602 51
603 47
604 49
605 47
606 50
607 46
608 48
609 46
610 47
611 50
612 47
613 48
614 44
615 45
616 54
617 48
618 47
619 50
620 47
621 48
622 48
623 49
624 48
625 50
626 46
627 42
628 46
629 48
630 48
631 50
632 48
633 45
634 51
635 53
636 42
637 50
638 46
639 45
640 45
641 45
642 49
643 46
644 47
645 47
646 46
647 50
648 44
649 46
650 43
651 45
652 43
653 50
654 48
655 45
656 45
657 47
658 46
659 45
660 42
661 48
662 51
663 52
664 48
665 51
666 50
667 47
668 46
669 45
670 47
671 50
672 49
673 52
674 51
675 47
676 48
677 49
678 49
679 51
680 48
681 50
682 44
683 45
684 48
685 50
686 49
687 51
688 47
689 51
690 44
691 46
692 46
693 47
694 48
695 53
696 46
697 46
698 54
699 49
700 50
701 49
702 46
703 49
704 46
705 42
706 49
707 49
708 52
709 48
710 47
711 46
712 49
713 49
714 46
715 46
716 49
717 52
718 45
719 50
720 47
721 44
722 46
723 53
724 49
725 50
726 45
727 49
728 45
729 47
730 46
731 49
732 45
733 45
734 50
735 52
736 46
737 47
738 49
739 51
740 43
741 49
742 47
743 44
744 49
745 52
746 53
747 51
748 51
749 49
750 48
751 47
752 42
753 47
754 47
755 49
756 45
757 48
758 48
759 53
760 49
761 48
762 50
763 50
764 51
765 48
766 47
767 48
768 49
769 47
770 44
771 46
772 48
773 46
774 48
775 47
776 52
777 49
778 45
779 51
780 46
781 41
782 50
783 49
784 52
785 48
786 49
787 41
788 40
789 41
790 48
791 50
792 50
793 46
794 45
795 45
796 43
797 46
798 49
799 46
800 51
801 47
802 48
803 44
804 44
805 46
806 45
807 45
808 43
809 51
810 51
811 49
812 49
813 50
814 46
815 51
816 44
817 44
818 45
819 49
820 46
821 44
822 48
823 47
824 47
825 43
826 49
827 48
828 49
829 50
830 43
831 47
832 42
833 45
834 47
835 44
836 47
837 50
838 46
839 49
840 52
841 49
842 50
843 45
844 45
845 49
846 50
847 49
848 49
849 46
850 50
851 47
852 48
853 46
854 47
855 51
856 51
857 50
858 46
859 53
860 50
861 52
862 52
863 47
864 45
865 46
866 48
867 47
868 48
869 43
870 48
871 48
872 50
873 49
874 46
875 44
876 48
877 49
878 45
879 46
880 46
881 52
882 50
883 49
884 45
885 47
886 47
887 47
888 47
889 53
890 46
891 50
892 52
893 46
894 41
895 46
896 47
897 46
898 48
899 49
900 44
901 48
902 49
903 47
904 46
905 54
906 49
907 53
908 48
909 49
910 50
911 48
912 52
913 44
914 45
915 40
916 42
917 49
918 49
919 49
920 50
921 50
922 41
923 51
924 47
925 50
926 41
927 43
928 48
929 51
930 48
931 52
932 51
933 49
934 50
935 50
936 48
937 47
938 45
939 44
940 45
941 43
942 51
943 48
944 48
945 51
946 50
947 47
948 50
949 51
950 52
951 46
952 49
953 44
954 43
955 43
956 49
957 44
958 45
959 46
960 45
961 42
962 46
963 47
964 52
965 48
966 51
967 49
968 49
969 48
970 47
971 49
972 49
973 45
974 46
975 44
976 48
977 47
978 51
979 51
980 50
981 51
982 47
983 48
984 50
985 48
986 45
987 51
988 48
989 46
990 39
991 49
992 47
993 46
994 47
995 52
996 51
997 51
998 48
999 54
1000 48
