0 75
1 53
2 52
3 54
4 56
5 53
6 52
7 50
8 54
9 54
10 55
11 54
12 54
13 52
14 53
15 49
16 51
17 54
18 47
19 54
20 49
21 50
22 57
23 53
24 51
25 48
26 51
27 54
28 51
29 50
30 51
31 52
32 48
33 51
34 55
35 48
36 53
37 47
38 55
39 50
40 52
41 55
42 50
43 54
44 46
45 52
46 56
47 50
48 53
49 56
50 50
51 54
52 53
53 52
54 50
55 53
56 52
57 51
58 47
59 54
60 52
61 52
62 49
63 49
64 52
65 53
66 47
67 55
68 57
69 47
70 55
71 50
72 44
73 53
74 50
75 53
76 46
77 49
78 52
79 51
80 49
81 51
82 54
83 53
84 55
85 53
86 52
87 52
88 53
89 51
90 52
91 55
92 51
93 50
94 52
95 48
96 52
97 53
98 51
99 52
100 52
101 51
102 54
103 48
104 54
105 56
106 50
107 53
108 53
109 51
110 55
111 46
112 55
113 52
114 53
115 57
116 54
117 47
118 51
119 49
120 53
121 46
122 53
123 53
124 49
125 51
126 52
127 49
128 49
129 55
130 51
131 52
132 54
133 57
134 53
135 51
136 43
137 54
138 50
139 54
140 52
141 51
142 53
143 49
144 53
145 53
146 55
147 54
148 54
149 55
150 52
151 52
152 51
153 48
154 51
155 51
156 53
157 53
158 45
159 52
160 51
161 53
162 53
163 53
164 54
165 50
166 49
167 54
168 51
169 54
170 51
171 52
172 54
173 53
174 52
175 55
176 55
177 56
178 54
179 50
180 51
181 51
182 47
183 49
184 52
185 52
186 51
187 55
188 54
189 55
190 55
191 54
192 54
193 52
194 53
195 52
196 54
197 53
198 56
199 54
200 47
201 49
202 46
203 50
204 51
205 50
206 55
207 49
208 53
209 54
210 48
211 43
212 50
213 49
214 47
215 48
216 53
217 50
218 50
219 49
220 48
221 49
222 51
223 48
224 51
225 53
226 51
227 52
228 55
229 52
230 50
231 51
232 54
233 52
234 50
235 52
236 52
237 55
238 53
239 51
240 54
241 53
242 53
243 52
244 52
245 49
246 51
247 52
248 54
249 51
250 49
251 50
252 48
253 50
254 42
255 54
256 48
257 52
258 54
259 51
260 48
261 46
262 53
263 53
264 55
265 52
266 49
267 53
268 49
269 48
270 54
271 51
272 48
273 52
274 50
275 51
276 50
277 49
278 52
279 53
280 59
281 53
282 54
283 46
284 52
285 51
286 55
287 54
288 54
289 47
290 47
291 49
292 51
293 47
294 51
295 53
296 55
297 49
298 51
299 46
300 55
301 53
302 52
303 54
304 48
305 56
306 52
307 55
308 54
309 51
310 46
311 48
312 51
313 48
314 56
315 51
316 52
317 51
318 53
319 53
320 50
321 49
322 53
323 51
324 49
325 48
326 50
327 50
328 50
329 54
330 54
331 52
332 52
333 51
334 50
335 52
336 52
337 45
338 54
339 52
340 51
341 46
342 52
343 53
344 51
345 51
346 49
347 53
348 51
349 47
350 55
351 48
352 50
353 52
354 52
355 51
356 50
357 51
358 51
359 55
360 49
361 53
362 54
363 54
364 48
365 55
366 52
367 47
368 48
369 52
370 52
371 55
372 52
373 51
374 54
375 50
376 50
377 50
378 55
379 52
380 56
381 53
382 53
383 52
384 50
385 52
386 53
387 50
388 49
389 52
390 55
391 52
392 56
393 50
394 53
395 52
396 50
397 52
398 51
399 50
400 54
401 50
402 54
403 49
404 48
405 52
406 51
407 51
408 50
409 47
410 48
411 51
412 54
413 52
414 53
415 51
416 53
417 51
418 50
419 51
420 49
421 55
422 51
423 51
424 53
425 50
426 51
427 51
428 51
429 50
430 50
431 51
432 53
433 48
434 53
435 53
436 43
437 55
438 51
439 50
440 52
441 49
442 52
443 54
444 54
445 52
446 48
447 48
448 52
449 56
450 51
451 53
452 53
453 55
454 48
455 45
456 49
457 51
458 56
459 54
460 50
461 48
462 50
463 54
464 47
465 52
466 54
467 52
468 53
469 47
470 51
471 53
472 50
473 54
474 53
475 56
476 53
477 51
478 57
479 50
480 55
481 51
482 52
483 52
484 52
485 49
486 47
487 52
488 54
489 50
490 50
491 50
492 55
493 52
494 51
495 52
496 51
497 53
498 53
499 53
500 54
501 52
502 53
503 51
504 48
505 47
506 46
507 52
508 52
509 49
510 52
511 44
512 50
513 53
514 56
515 53
516 55
517 51
518 52
519 47
520 52
521 51
522 52
523 48
524 54
525 48
526 56
527 51
528 47
529 50
530 54
531 52
532 53
533 53
534 51
535 51
536 53
537 50
538 53
539 48
540 54
541 52
542 49
543 49
544 54
545 56
546 49
547 50
548 50
549 53
550 54
551 49
552 52
553 54
554 49
555 51
556 46
557 50
558 47
559 42
560 51
561 42
562 53
563 52
564 47
565 51
566 51
567 51
568 54
569 52
570 55
571 49
572 55
573 49
574 53
575 51
576 56
577 52
578 52
579 51
580 54
581 51
582 56
583 54
584 51
585 46
586 52
587 56
588 49
589 49
590 47
591 50
592 52
593 51
594 52
595 52
596 50
597 49
598 49
599 48
600 54
601 50
602 46
603 52
604 52
605 54
606 48
607 51
608 51
609 49
610 52
611 50
612 44
613 48
614 52
615 53
616 53
617 51
618 51
619 55
620 54
621 45
622 51
623 52
624 49
625 47
626 50
627 55
628 50
629 51
630 47
631 52
632 55
633 50
634 47
635 54
636 51
637 55
638 52
639 53
640 51
641 53
642 51
643 51
644 51
645 50
646 52
647 47
648 51
649 49
650 49
651 55
652 52
653 50
654 53
655 56
656 49
657 47
658 49
659 55
660 47
661 54
662 53
663 52
664 52
665 51
666 56
667 48
668 49
669 53
670 52
671 54
672 54
673 51
674 51
675 51
676 50
677 50
678 51
679 48
680 56
681 52
682 48
683 54
684 50
685 52
686 52
687 56
688 53
689 52
690 54
691 45
692 53
693 53
694 50
695 50
696 52
697 51
698 50
699 53
700 50
701 54
702 50
703 54
704 54
705 47
706 51
707 51
708 52
709 48
710 53
711 51
712 51
713 49
714 44
715 52
716 51
717 50
718 51
719 54
720 52
721 51
722 54
723 54
724 55
725 47
726 50
727 54
728 48
729 55
730 48
731 51
732 54
733 53
734 52
735 52
736 52
737 51
738 48
739 48
740 54
741 48
742 52
743 55
744 49
745 51
746 48
747 53
748 48
749 50
750 52
751 51
752 49
753 51
754 53
755 52
756 52
757 54
758 50
759 50
760 53
761 50
762 53
763 53
764 51
765 49
766 47
767 52
768 51
769 51
770 53
771 53
772 53
773 53
774 49
775 51
776 51
777 47
778 49
779 52
780 52
781 53
782 48
783 54
784 50
785 53
786 51
787 50
788 53
789 54
790 52
791 50
792 53
793 51
794 50
795 51
796 48
797 51
798 51
799 52
800 54
801 44
802 46
803 50
804 56
805 47
806 55
807 53
808 54
809 54
810 49
811 51
812 53
813 48
814 52
815 52
816 44
817 52
818 53
819 45
820 48
821 47
822 54
823 54
824 51
825 50
826 53
827 52
828 53
829 49
830 52
831 53
832 54
833 54
834 52
835 50
836 49
837 53
838 50
839 51
840 56
841 49
842 49
843 49
844 53
845 54
846 49
847 49
848 52
849 53
850 52
851 47
852 50
853 55
854 50
855 48
856 55
857 52
858 53
859 53
860 53
861 45
862 49
863 54
864 48
865 53
866 52
867 55
868 47
869 52
870 56
871 53
872 50
873 53
874 49
875 43
876 52
877 52
878 48
879 54
880 53
881 48
882 56
883 48
884 50
885 55
886 54
887 50
888 54
889 53
890 50
891 49
892 51
893 51
894 46
895 48
896 54
897 49
898 54
899 51
900 49
901 51
902 52
903 54
904 52
905 48
906 50
907 53
908 50
909 50
910 56
911 56
912 53
913 52
914 47
915 52
916 54
917 51
918 52
919 50
920 47
921 55
922 54
923 54
924 51
925 54
926 54
927 53
928 52
929 54
930 50
931 55
932 53
933 52
934 54
935 53
936 51
937 54
938 53
939 54
940 51
941 49
942 55
943 53
944 53
945 52
946 51
947 46
948 48
949 50
950 50
951 50
952 46
953 57
954 57
955 53
956 52
957 50
958 49
959 53
960 51
961 48
962 56
963 52
964 54
965 54
966 52
967 49
968 52
969 50
970 52
971 51
972 55
973 53
974 52
975 48
976 50
977 53
978 54
979 53
980 54
981 50
982 49
983 50
984 51
985 53
986 49
987 49
988 51
989 51
990 56
991 53
992 50
993 50
994 48
995 50
996 48
997 44
998 51
999 45
1000 55
