0 70
1 62
2 56
3 51
4 48
5 47
6 46
7 45
8 46
9 42
10 42
11 40
12 41
13 39
14 36
15 38
16 37
17 38
18 37
19 38
20 39
21 39
22 39
23 38
24 39
25 40
26 40
27 40
28 38
29 39
30 37
31 39
32 41
33 41
34 45
35 42
36 39
37 38
38 37
39 33
40 34
41 35
42 37
43 39
44 40
45 39
46 39
47 39
48 36
49 36
50 34
51 36
52 37
53 38
54 41
55 42
56 41
57 43
58 42
59 41
60 39
61 41
62 43
63 43
64 41
65 44
66 41
67 40
68 40
69 40
70 40
71 41
72 43
73 42
74 42
75 41
76 43
77 44
78 43
79 41
80 40
81 43
82 43
83 45
84 43
85 42
86 41
87 44
88 42
89 41
90 39
91 41
92 42
93 39
94 38
95 39
96 37
97 39
98 40
99 40
100 39
101 37
102 38
103 38
104 39
105 39
106 39
107 36
108 35
109 36
110 39
111 37
112 40
113 39
114 35
115 35
116 35
117 39
118 41
119 42
120 42
121 43
122 43
123 43
124 41
125 40
126 41
127 41
128 40
129 41
130 41
131 40
132 40
133 36
134 38
135 36
136 36
137 39
138 39
139 40
140 40
141 37
142 35
143 37
144 38
145 36
146 38
147 40
148 37
149 37
150 38
151 37
152 35
153 36
154 36
155 38
156 37
157 35
158 35
159 36
160 36
161 36
162 38
163 38
164 40
165 42
166 43
167 42
168 44
169 41
170 41
171 38
172 38
173 38
174 37
175 39
176 38
177 37
178 38
179 39
180 38
181 39
182 34
183 36
184 38
185 42
186 43
187 42
188 38
189 39
190 42
191 42
192 42
193 43
194 42
195 40
196 40
197 40
198 38
199 37
200 38
201 37
202 39
203 39
204 40
205 42
206 42
207 39
208 38
209 38
210 38
211 38
212 37
213 39
214 37
215 38
216 37
217 38
218 40
219 40
220 39
221 40
222 39
223 38
224 35
225 34
226 34
227 36
228 39
229 36
230 38
231 39
232 38
233 40
234 39
235 40
236 41
237 39
238 39
239 39
240 39
241 38
242 37
243 37
244 37
245 37
246 36
247 37
248 38
249 39
250 38
251 40
252 41
253 40
254 41
255 37
256 38
257 38
258 38
259 39
260 39
261 36
262 38
263 38
264 41
265 41
266 38
267 37
268 37
269 38
270 37
271 42
272 41
273 43
274 42
275 42
276 41
277 39
278 40
279 40
280 40
281 37
282 38
283 36
284 37
285 38
286 39
287 38
288 38
289 38
290 38
291 40
292 41
293 43
294 43
295 42
296 43
297 40
298 36
299 37
300 33
301 32
302 36
303 37
304 37
305 34
306 35
307 33
308 36
309 38
310 40
311 38
312 40
313 40
314 38
315 41
316 41
317 42
318 44
319 43
320 43
321 39
322 36
323 36
324 38
325 38
326 38
327 39
328 41
329 42
330 40
331 40
332 41
333 43
334 38
335 39
336 39
337 36
338 33
339 35
340 35
341 39
342 40
343 39
344 40
345 38
346 39
347 39
348 38
349 39
350 38
351 38
352 37
353 39
354 38
355 33
356 34
357 39
358 40
359 39
360 39
361 36
362 40
363 38
364 36
365 37
366 35
367 37
368 36
369 35
370 35
371 38
372 38
373 39
374 36
375 37
376 36
377 39
378 39
379 40
380 38
381 38
382 40
383 36
384 38
385 38
386 38
387 34
388 38
389 40
390 41
391 43
392 45
393 41
394 41
395 40
396 36
397 37
398 37
399 40
400 41
401 39
402 41
403 43
404 43
405 42
406 35
407 36
408 34
409 30
410 30
411 31
412 33
413 36
414 39
415 40
416 36
417 36
418 37
419 36
420 35
421 36
422 37
423 35
424 38
425 39
426 39
427 39
428 37
429 34
430 36
431 36
432 37
433 37
434 33
435 37
436 36
437 36
438 36
439 38
440 36
441 37
442 36
443 34
444 36
445 34
446 36
447 38
448 38
449 40
450 39
451 39
452 35
453 37
454 39
455 39
456 38
457 37
458 37
459 36
460 38
461 36
462 34
463 34
464 35
465 35
466 38
467 37
468 37
469 39
470 41
471 41
472 43
473 40
474 39
475 39
476 40
477 39
478 39
479 38
480 39
481 42
482 39
483 36
484 37
485 37
486 35
487 37
488 39
489 40
490 39
491 39
492 37
493 36
494 36
495 35
496 34
497 31
498 33
499 36
500 36
501 39
502 41
503 41
504 41
505 43
506 40
507 41
508 41
509 38
510 38
511 39
512 38
513 40
514 41
515 42
516 43
517 41
518 38
519 39
520 40
521 39
522 39
523 34
524 36
525 39
526 38
527 38
528 41
529 40
530 40
531 38
532 37
533 38
534 42
535 42
536 39
537 42
538 42
539 41
540 41
541 41
542 39
543 38
544 38
545 39
546 39
547 39
548 37
549 37
550 36
551 37
552 38
553 36
554 36
555 36
556 38
557 37
558 38
559 39
560 38
561 36
562 37
563 37
564 38
565 36
566 38
567 39
568 41
569 39
570 37
571 39
572 38
573 40
574 41
575 41
576 42
577 38
578 41
579 40
580 39
581 39
582 38
583 42
584 38
585 39
586 39
587 40
588 42
589 41
590 42
591 43
592 43
593 43
594 38
595 39
596 41
597 41
598 42
599 42
600 38
601 38
602 40
603 40
604 40
605 42
606 41
607 42
608 42
609 43
610 42
611 41
612 41
613 39
614 37
615 36
616 38
617 37
618 38
619 39
620 39
621 36
622 35
623 34
624 35
625 36
626 38
627 37
628 37
629 38
630 38
631 39
632 40
633 39
634 36
635 37
636 40
637 39
638 40
639 38
640 41
641 40
642 41
643 41
644 37
645 38
646 39
647 35
648 39
649 40
650 40
651 38
652 37
653 37
654 36
655 36
656 38
657 39
658 38
659 40
660 35
661 36
662 34
663 37
664 37
665 38
666 36
667 38
668 39
669 39
670 39
671 40
672 42
673 38
674 43
675 42
676 42
677 41
678 42
679 41
680 40
681 39
682 40
683 41
684 38
685 39
686 37
687 38
688 37
689 36
690 33
691 31
692 30
693 34
694 36
695 36
696 36
697 37
698 35
699 37
700 39
701 41
702 40
703 39
704 38
705 38
706 42
707 41
708 42
709 39
710 39
711 39
712 39
713 39
714 39
715 37
716 39
717 37
718 36
719 36
720 33
721 33
722 33
723 35
724 37
725 37
726 37
727 35
728 36
729 34
730 34
731 34
732 37
733 36
734 35
735 36
736 35
737 35
738 37
739 39
740 42
741 42
742 44
743 40
744 39
745 38
746 37
747 36
748 35
749 36
750 38
751 38
752 38
753 40
754 39
755 41
756 39
757 41
758 36
759 36
760 35
761 38
762 40
763 40
764 40
765 40
766 38
767 40
768 42
769 39
770 39
771 40
772 41
773 40
774 40
775 40
776 41
777 41
778 43
779 42
780 43
781 43
782 39
783 35
784 36
785 36
786 36
787 36
788 36
789 37
790 37
791 40
792 40
793 39
794 39
795 41
796 43
797 41
798 42
799 44
800 42
801 42
802 39
803 39
804 39
805 37
806 37
807 36
808 38
809 38
810 39
811 42
812 40
813 40
814 39
815 39
816 35
817 35
818 38
819 38
820 35
821 36
822 37
823 36
824 38
825 35
826 33
827 34
828 34
829 35
830 33
831 32
832 35
833 39
834 39
835 38
836 40
837 41
838 42
839 43
840 43
841 43
842 42
843 41
844 40
845 39
846 37
847 37
848 37
849 37
850 38
851 39
852 37
853 35
854 37
855 35
856 35
857 34
858 37
859 39
860 40
861 42
862 40
863 42
864 41
865 41
866 41
867 38
868 37
869 38
870 38
871 35
872 36
873 34
874 33
875 38
876 36
877 36
878 37
879 37
880 38
881 39
882 39
883 41
884 41
885 37
886 36
887 36
888 39
889 42
890 44
891 42
892 43
893 43
894 40
895 40
896 40
897 41
898 43
899 43
900 42
901 36
902 34
903 35
904 34
905 35
906 36
907 39
908 39
909 39
910 40
911 37
912 39
913 39
914 39
915 41
916 41
917 37
918 37
919 37
920 36
921 37
922 38
923 41
924 41
925 41
926 40
927 38
928 39
929 39
930 38
931 37
932 39
933 38
934 43
935 39
936 39
937 41
938 41
939 38
940 40
941 36
942 35
943 38
944 39
945 42
946 40
947 41
948 40
949 40
950 39
951 42
952 40
953 40
954 36
955 35
956 35
957 36
958 37
959 38
960 37
961 38
962 41
963 38
964 41
965 39
966 39
967 38
968 36
969 39
970 40
971 39
972 40
973 42
974 42
975 39
976 34
977 35
978 35
979 37
980 40
981 39
982 40
983 41
984 41
985 42
986 41
987 41
988 41
989 38
990 36
991 37
992 40
993 41
994 41
995 38
996 39
997 38
998 40
999 36
1000 38
