0 70
1 57
2 51
3 47
4 48
5 50
6 47
7 49
8 47
9 46
10 45
11 46
12 44
13 42
14 44
15 40
16 38
17 39
18 42
19 44
20 43
21 45
22 46
23 46
24 44
25 44
26 43
27 42
28 42
29 43
30 42
31 45
32 47
33 48
34 45
35 46
36 43
37 43
38 44
39 41
40 40
41 43
42 44
43 46
44 43
45 40
46 42
47 46
48 46
49 47
50 46
51 48
52 43
53 43
54 45
55 45
56 48
57 48
58 46
59 44
60 45
61 46
62 44
63 43
64 43
65 44
66 47
67 47
68 46
69 47
70 44
71 45
72 44
73 46
74 46
75 49
76 47
77 46
78 45
79 45
80 49
81 49
82 50
83 47
84 46
85 45
86 45
87 48
88 48
89 46
90 44
91 45
92 45
93 45
94 47
95 49
96 50
97 43
98 45
99 44
100 46
101 41
102 43
103 44
104 42
105 46
106 45
107 44
108 43
109 42
110 42
111 45
112 42
113 39
114 40
115 43
116 46
117 46
118 45
119 45
120 48
121 47
122 46
123 46
124 45
125 44
126 47
127 45
128 49
129 46
130 45
131 42
132 45
133 49
134 49
135 48
136 48
137 50
138 49
139 46
140 49
141 46
142 48
143 49
144 49
145 47
146 47
147 45
148 45
149 50
150 46
151 48
152 41
153 38
154 36
155 37
156 38
157 43
158 46
159 46
160 44
161 44
162 45
163 47
164 47
165 49
166 46
167 43
168 41
169 40
170 44
171 41
172 40
173 42
174 46
175 48
176 48
177 47
178 44
179 43
180 44
181 47
182 48
183 45
184 44
185 45
186 45
187 44
188 42
189 40
190 40
191 38
192 39
193 41
194 45
195 47
196 46
197 51
198 52
199 50
200 47
201 46
202 40
203 43
204 43
205 43
206 40
207 40
208 41
209 44
210 40
211 44
212 45
213 48
214 49
215 45
216 47
217 43
218 45
219 41
220 45
221 46
222 51
223 47
224 48
225 46
226 44
227 39
228 41
229 43
230 38
231 37
232 38
233 41
234 40
235 44
236 43
237 41
238 41
239 41
240 42
241 43
242 43
243 44
244 42
245 43
246 44
247 44
248 45
249 44
250 43
251 44
252 46
253 44
254 46
255 45
256 46
257 48
258 46
259 43
260 43
261 45
262 46
263 46
264 47
265 43
266 44
267 44
268 41
269 46
270 45
271 48
272 47
273 48
274 46
275 48
276 50
277 47
278 44
279 48
280 47
281 45
282 44
283 49
284 47
285 49
286 45
287 43
288 42
289 46
290 45
291 46
292 40
293 41
294 43
295 45
296 47
297 44
298 39
299 41
300 42
301 41
302 44
303 45
304 47
305 46
306 45
307 48
308 49
309 44
310 40
311 42
312 40
313 43
314 40
315 41
316 47
317 44
318 46
319 46
320 45
321 42
322 41
323 38
324 42
325 41
326 43
327 42
328 41
329 44
330 45
331 42
332 41
333 42
334 40
335 41
336 45
337 43
338 42
339 42
340 42
341 45
342 48
343 43
344 42
345 44
346 44
347 44
348 47
349 43
350 44
351 47
352 48
353 46
354 44
355 44
356 46
357 48
358 46
359 46
360 42
361 44
362 43
363 43
364 40
365 40
366 39
367 43
368 45
369 45
370 43
371 45
372 46
373 46
374 45
375 46
376 47
377 46
378 47
379 47
380 45
381 43
382 43
383 42
384 42
385 44
386 45
387 45
388 48
389 44
390 43
391 43
392 43
393 45
394 44
395 41
396 41
397 45
398 44
399 46
400 46
401 48
402 47
403 46
404 47
405 48
406 50
407 50
408 47
409 48
410 46
411 46
412 44
413 43
414 40
415 42
416 46
417 45
418 45
419 50
420 51
421 49
422 49
423 50
424 49
425 46
426 46
427 43
428 42
429 44
430 43
431 42
432 43
433 43
434 46
435 41
436 40
437 45
438 44
439 42
440 40
441 44
442 44
443 46
444 44
445 45
446 36
447 36
448 40
449 41
450 43
451 47
452 44
453 42
454 43
455 41
456 45
457 44
458 45
459 43
460 47
461 45
462 46
463 47
464 47
465 46
466 48
467 48
468 45
469 47
470 47
471 46
472 45
473 46
474 44
475 46
476 48
477 43
478 45
479 46
480 46
481 47
482 47
483 49
484 49
485 49
486 50
487 43
488 43
489 44
490 44
491 45
492 42
493 46
494 49
495 44
496 45
497 44
498 44
499 43
500 43
501 43
502 46
503 50
504 53
505 52
506 49
507 47
508 45
509 47
510 48
511 49
512 47
513 47
514 42
515 42
516 45
517 47
518 48
519 48
520 49
521 47
522 46
523 44
524 45
525 41
526 46
527 47
528 43
529 43
530 44
531 47
532 43
533 45
534 43
535 46
536 47
537 44
538 44
539 44
540 46
541 46
542 44
543 44
544 45
545 38
546 40
547 38
548 41
549 41
550 44
551 44
552 43
553 44
554 44
555 45
556 46
557 44
558 47
559 50
560 47
561 48
562 46
563 47
564 46
565 46
566 48
567 47
568 45
569 48
570 45
571 41
572 47
573 49
574 43
575 46
576 44
577 46
578 48
579 48
580 43
581 45
582 44
583 45
584 49
585 43
586 46
587 46
588 48
589 48
590 47
591 48
592 45
593 47
594 45
595 45
596 46
597 47
598 48
599 47
600 50
601 47
602 46
603 42
604 42
605 44
606 44
607 46
608 42
609 43
610 42
611 46
612 45
613 47
614 46
615 48
616 46
617 46
618 41
619 42
620 38
621 42
622 46
623 46
624 47
625 44
626 45
627 45
628 45
629 44
630 46
631 40
632 41
633 43
634 44
635 46
636 47
637 44
638 43
639 48
640 47
641 48
642 49
643 47
644 45
645 45
646 44
647 43
648 44
649 42
650 42
651 43
652 43
653 44
654 43
655 41
656 44
657 45
658 45
659 39
660 41
661 40
662 39
663 42
664 44
665 44
666 42
667 44
668 46
669 47
670 45
671 43
672 45
673 42
674 40
675 38
676 39
677 42
678 46
679 47
680 49
681 46
682 45
683 42
684 45
685 41
686 41
687 43
688 43
689 43
690 44
691 42
692 43
693 42
694 44
695 45
696 46
697 49
698 48
699 50
700 47
701 45
702 46
703 43
704 42
705 40
706 45
707 41
708 41
709 44
710 46
711 45
712 46
713 44
714 47
715 46
716 46
717 42
718 42
719 45
720 51
721 51
722 49
723 47
724 45
725 44
726 39
727 39
728 40
729 38
730 44
731 41
732 43
733 47
734 38
735 42
736 43
737 45
738 46
739 45
740 46
741 48
742 47
743 46
744 43
745 40
746 41
747 43
748 44
749 44
750 45
751 45
752 44
753 45
754 46
755 48
756 44
757 43
758 45
759 47
760 46
761 47
762 50
763 50
764 47
765 48
766 48
767 46
768 46
769 44
770 45
771 46
772 47
773 47
774 52
775 48
776 51
777 49
778 46
779 47
780 45
781 45
782 43
783 42
784 40
785 42
786 45
787 47
788 51
789 49
790 46
791 42
792 44
793 44
794 41
795 43
796 45
797 44
798 47
799 49
800 49
801 46
802 46
803 44
804 46
805 45
806 47
807 46
808 51
809 49
810 48
811 50
812 51
813 47
814 49
815 50
816 45
817 45
818 47
819 42
820 46
821 44
822 47
823 47
824 49
825 49
826 49
827 47
828 48
829 44
830 41
831 45
832 47
833 47
834 48
835 49
836 48
837 42
838 43
839 41
840 41
841 42
842 39
843 39
844 46
845 46
846 46
847 44
848 46
849 47
850 48
851 47
852 45
853 41
854 45
855 46
856 43
857 44
858 45
859 47
860 45
861 42
862 42
863 45
864 41
865 43
866 41
867 43
868 47
869 45
870 46
871 48
872 47
873 50
874 51
875 49
876 48
877 42
878 45
879 44
880 46
881 46
882 47
883 45
884 44
885 45
886 45
887 46
888 40
889 46
890 45
891 46
892 44
893 42
894 42
895 43
896 42
897 44
898 44
899 45
900 49
901 45
902 48
903 47
904 48
905 46
906 47
907 47
908 47
909 46
910 44
911 50
912 51
913 49
914 48
915 50
916 46
917 48
918 48
919 44
920 45
921 46
922 47
923 49
924 49
925 45
926 44
927 43
928 46
929 45
930 48
931 48
932 46
933 46
934 48
935 48
936 48
937 48
938 47
939 48
940 47
941 45
942 43
943 43
944 48
945 48
946 48
947 48
948 50
949 53
950 51
951 48
952 47
953 46
954 44
955 48
956 45
957 42
958 41
959 40
960 41
961 44
962 43
963 42
964 48
965 48
966 47
967 46
968 45
969 42
970 42
971 36
972 40
973 40
974 37
975 41
976 45
977 42
978 46
979 43
980 46
981 45
982 47
983 50
984 49
985 46
986 45
987 49
988 49
989 49
990 49
991 48
992 47
993 51
994 48
995 47
996 46
997 42
998 44
999 45
1000 43
