0 25
1 15
2 14
3 19
4 16
5 14
6 16
7 16
8 18
9 16
10 17
11 18
12 18
13 16
14 17
15 18
16 18
17 16
18 17
19 18
20 15
21 17
22 10
23 18
24 19
25 17
26 16
27 18
28 17
29 18
30 17
31 18
32 15
33 16
34 16
35 19
36 17
37 18
38 17
39 18
40 19
41 17
42 15
43 15
44 19
45 18
46 16
47 18
48 17
49 17
50 17
51 17
52 19
53 18
54 18
55 16
56 16
57 17
58 19
59 16
60 18
61 16
62 16
63 16
64 16
65 16
66 16
67 15
68 17
69 16
70 17
71 15
72 17
73 18
74 18
75 15
76 13
77 20
78 15
79 19
80 19
81 17
82 17
83 19
84 17
85 17
86 15
87 16
88 16
89 15
90 18
91 17
92 13
93 17
94 16
95 18
96 16
97 15
98 17
99 14
100 16
101 13
102 18
103 15
104 17
105 19
106 18
107 19
108 16
109 20
110 17
111 13
112 16
113 14
114 17
115 16
116 15
117 14
118 12
119 14
120 17
121 16
122 17
123 16
124 19
125 15
126 13
127 15
128 16
129 17
130 14
131 15
132 15
133 18
134 15
135 14
136 17
137 18
138 18
139 18
140 16
141 20
142 15
143 16
144 17
145 14
146 16
147 19
148 15
149 17
150 17
151 18
152 16
153 14
154 16
155 15
156 15
157 16
158 17
159 15
160 17
161 17
162 17
163 16
164 16
165 18
166 16
167 17
168 17
169 18
170 16
171 17
172 18
173 15
174 19
175 15
176 17
177 15
178 15
179 17
180 12
181 18
182 14
183 17
184 15
185 16
186 17
187 16
188 14
189 17
190 15
191 16
192 18
193 15
194 17
195 20
196 16
197 18
198 18
199 18
200 16
201 16
202 19
203 16
204 17
205 18
206 17
207 17
208 16
209 17
210 11
211 17
212 14
213 17
214 15
215 15
216 15
217 16
218 18
219 15
220 17
221 13
222 18
223 17
224 14
225 14
226 17
227 16
228 14
229 14
230 15
231 19
232 18
233 14
234 18
235 16
236 17
237 17
238 17
239 17
240 15
241 17
242 18
243 16
244 19
245 14
246 16
247 18
248 18
249 17
250 17
251 18
252 17
253 16
254 17
255 16
256 12
257 18
258 18
259 16
260 18
261 16
262 18
263 20
264 18
265 16
266 16
267 16
268 15
269 16
270 17
271 17
272 18
273 20
274 16
275 17
276 17
277 16
278 19
279 16
280 15
281 17
282 16
283 19
284 18
285 19
286 16
287 16
288 16
289 19
290 15
291 18
292 16
293 19
294 17
295 18
296 19
297 17
298 15
299 18
300 16
301 16
302 16
303 17
304 15
305 18
306 17
307 16
308 15
309 17
310 15
311 20
312 16
313 14
314 19
315 15
316 14
317 18
318 14
319 17
320 19
321 17
322 19
323 14
324 17
325 12
326 17
327 14
328 17
329 18
330 17
331 18
332 14
333 18
334 18
335 17
336 19
337 16
338 15
339 18
340 18
341 14
342 18
343 17
344 18
345 17
346 16
347 18
348 18
349 12
350 17
351 17
352 16
353 13
354 17
355 15
356 19
357 17
358 16
359 18
360 14
361 16
362 19
363 15
364 17
365 14
366 17
367 14
368 16
369 19
370 16
371 14
372 16
373 15
374 17
375 18
376 17
377 18
378 16
379 16
380 18
381 15
382 14
383 15
384 15
385 18
386 16
387 15
388 17
389 17
390 17
391 19
392 17
393 17
394 20
395 17
396 19
397 14
398 17
399 14
400 20
401 17
402 17
403 18
404 15
405 19
406 15
407 15
408 15
409 17
410 18
411 19
412 13
413 17
414 19
415 17
416 16
417 17
418 16
419 16
420 18
421 17
422 16
423 19
424 19
425 16
426 17
427 16
428 13
429 14
430 17
431 19
432 16
433 15
434 16
435 17
436 14
437 12
438 19
439 17
440 18
441 16
442 17
443 17
444 16
445 18
446 17
447 13
448 17
449 17
450 16
451 15
452 16
453 18
454 17
455 15
456 16
457 15
458 16
459 15
460 18
461 18
462 16
463 18
464 15
465 16
466 16
467 16
468 14
469 13
470 15
471 16
472 16
473 17
474 17
475 14
476 17
477 16
478 19
479 15
480 17
481 15
482 19
483 14
484 17
485 18
486 16
487 17
488 15
489 16
490 16
491 18
492 19
493 17
494 15
495 16
496 18
497 16
498 16
499 19
500 15
501 19
502 16
503 19
504 19
505 17
506 19
507 17
508 19
509 17
510 15
511 15
512 18
513 15
514 18
515 15
516 16
517 18
518 13
519 17
520 15
521 16
522 17
523 17
524 14
525 15
526 17
527 16
528 16
529 16
530 17
531 18
532 16
533 15
534 17
535 17
536 17
537 17
538 19
539 11
540 15
541 17
542 16
543 17
544 17
545 16
546 16
547 17
548 15
549 14
550 16
551 14
552 16
553 18
554 15
555 15
556 14
557 15
558 14
559 17
560 16
561 18
562 17
563 17
564 18
565 19
566 17
567 19
568 15
569 17
570 16
571 18
572 15
573 19
574 19
575 18
576 16
577 16
578 18
579 16
580 17
581 15
582 16
583 13
584 17
585 19
586 16
587 17
588 19
589 19
590 18
591 17
592 18
593 15
594 14
595 17
596 16
597 15
598 16
599 20
600 20
601 18
602 17
603 19
604 17
605 19
606 16
607 17
608 15
609 17
610 15
611 16
612 15
613 20
614 16
615 17
616 17
617 16
618 18
619 18
620 16
621 19
622 18
623 15
624 16
625 18
626 16
627 16
628 16
629 13
630 18
631 17
632 15
633 18
634 14
635 14
636 21
637 19
638 18
639 15
640 15
641 15
642 15
643 16
644 16
645 17
646 18
647 20
648 16
649 15
650 16
651 17
652 17
653 16
654 17
655 16
656 14
657 18
658 14
659 16
660 16
661 16
662 20
663 21
664 17
665 13
666 14
667 18
668 14
669 18
670 17
671 17
672 15
673 15
674 17
675 19
676 13
677 15
678 17
679 18
680 14
681 17
682 16
683 19
684 18
685 16
686 14
687 18
688 19
689 17
690 18
691 16
692 16
693 18
694 15
695 18
696 18
697 17
698 17
699 16
700 17
701 16
702 18
703 15
704 15
705 16
706 18
707 18
708 19
709 19
710 18
711 16
712 16
713 16
714 16
715 16
716 19
717 16
718 17
719 18
720 15
721 17
722 17
723 18
724 16
725 16
726 16
727 17
728 12
729 20
730 14
731 16
732 19
733 20
734 17
735 15
736 13
737 14
738 17
739 18
740 18
741 17
742 16
743 16
744 16
745 18
746 19
747 17
748 17
749 17
750 19
751 16
752 15
753 16
754 14
755 17
756 18
757 12
758 15
759 17
760 17
761 17
762 19
763 17
764 15
765 18
766 16
767 17
768 16
769 17
770 15
771 17
772 18
773 14
774 17
775 16
776 16
777 18
778 16
779 17
780 13
781 18
782 16
783 19
784 18
785 17
786 16
787 19
788 14
789 16
790 17
791 17
792 16
793 18
794 18
795 17
796 16
797 15
798 18
799 17
800 19
801 17
802 14
803 18
804 17
805 16
806 16
807 19
808 15
809 14
810 16
811 16
812 18
813 19
814 14
815 16
816 17
817 18
818 17
819 14
820 16
821 19
822 19
823 15
824 17
825 18
826 18
827 15
828 19
829 18
830 17
831 18
832 13
833 16
834 15
835 16
836 18
837 13
838 15
839 15
840 15
841 15
842 15
843 19
844 16
845 14
846 18
847 13
848 19
849 17
850 13
851 16
852 16
853 18
854 14
855 18
856 18
857 16
858 18
859 13
860 16
861 16
862 16
863 16
864 17
865 15
866 20
867 14
868 16
869 16
870 16
871 15
872 19
873 17
874 16
875 16
876 16
877 17
878 16
879 16
880 17
881 16
882 18
883 15
884 15
885 11
886 18
887 17
888 19
889 16
890 17
891 18
892 15
893 18
894 17
895 17
896 20
897 17
898 18
899 15
900 15
901 19
902 13
903 18
904 17
905 16
906 14
907 19
908 16
909 16
910 17
911 17
912 14
913 17
914 16
915 14
916 17
917 17
918 15
919 17
920 15
921 17
922 18
923 16
924 18
925 16
926 13
927 17
928 20
929 15
930 15
931 16
932 18
933 17
934 15
935 16
936 16
937 16
938 16
939 18
940 17
941 16
942 15
943 16
944 16
945 15
946 20
947 17
948 13
949 16
950 18
951 18
952 16
953 18
954 19
955 18
956 16
957 17
958 15
959 15
960 17
961 18
962 17
963 13
964 16
965 17
966 16
967 15
968 13
969 18
970 17
971 17
972 15
973 18
974 18
975 16
976 18
977 15
978 17
979 16
980 14
981 17
982 17
983 17
984 19
985 15
986 15
987 15
988 16
989 17
990 15
991 17
992 18
993 17
994 18
995 13
996 16
997 18
998 14
999 16
1000 20
