0 10
1 6
2 5
3 6
4 7
5 5
6 5
7 5
8 5
9 6
10 4
11 6
12 5
13 6
14 5
15 4
16 4
17 5
18 6
19 5
20 6
21 7
22 5
23 4
24 5
25 5
26 6
27 3
28 4
29 3
30 4
31 5
32 6
33 5
34 5
35 5
36 3
37 2
38 3
39 3
40 5
41 4
42 4
43 5
44 4
45 4
46 3
47 4
48 5
49 5
50 6
51 4
52 3
53 6
54 4
55 5
56 7
57 4
58 5
59 6
60 5
61 7
62 6
63 5
64 5
65 5
66 6
67 6
68 5
69 5
70 5
71 5
72 3
73 4
74 5
75 4
76 5
77 6
78 5
79 4
80 5
81 3
82 4
83 5
84 4
85 4
86 5
87 2
88 2
89 4
90 6
91 6
92 5
93 5
94 5
95 6
96 4
97 5
98 5
99 4
100 6
101 5
102 5
103 6
104 6
105 6
106 5
107 4
108 4
109 5
110 5
111 6
112 5
113 6
114 5
115 5
116 5
117 3
118 4
119 4
120 3
121 3
122 3
123 3
124 4
125 5
126 2
127 4
128 5
129 7
130 5
131 5
132 6
133 3
134 4
135 4
136 6
137 6
138 5
139 5
140 5
141 4
142 4
143 4
144 4
145 5
146 5
147 5
148 5
149 5
150 5
151 6
152 5
153 5
154 6
155 5
156 4
157 5
158 6
159 5
160 5
161 6
162 5
163 6
164 5
165 4
166 5
167 3
168 4
169 6
170 6
171 4
172 6
173 6
174 5
175 5
176 5
177 5
178 5
179 5
180 6
181 4
182 5
183 5
184 3
185 5
186 4
187 5
188 4
189 5
190 5
191 4
192 4
193 4
194 5
195 4
196 5
197 5
198 6
199 5
200 6
201 5
202 4
203 3
204 3
205 4
206 4
207 4
208 4
209 4
210 6
211 4
212 4
213 5
214 5
215 4
216 5
217 4
218 5
219 5
220 5
221 5
222 6
223 5
224 6
225 7
226 7
227 5
228 5
229 4
230 5
231 5
232 4
233 4
234 4
235 5
236 6
237 4
238 4
239 5
240 4
241 4
242 5
243 4
244 6
245 5
246 6
247 6
248 5
249 6
250 6
251 5
252 6
253 5
254 5
255 4
256 4
257 4
258 5
259 4
260 8
261 6
262 6
263 6
264 6
265 6
266 4
267 6
268 6
269 5
270 5
271 5
272 4
273 5
274 4
275 6
276 6
277 5
278 3
279 5
280 5
281 5
282 5
283 5
284 5
285 4
286 4
287 5
288 5
289 4
290 4
291 5
292 6
293 4
294 4
295 5
296 5
297 6
298 5
299 5
300 6
301 5
302 3
303 5
304 6
305 4
306 5
307 3
308 3
309 2
310 3
311 4
312 2
313 4
314 5
315 5
316 6
317 4
318 5
319 5
320 5
321 3
322 4
323 6
324 6
325 6
326 5
327 5
328 5
329 5
330 4
331 4
332 5
333 5
334 3
335 4
336 5
337 6
338 4
339 4
340 5
341 6
342 5
343 5
344 6
345 5
346 5
347 6
348 3
349 4
350 5
351 4
352 5
353 6
354 6
355 6
356 5
357 5
358 6
359 5
360 4
361 4
362 4
363 5
364 5
365 5
366 3
367 5
368 4
369 5
370 6
371 5
372 4
373 5
374 6
375 4
376 5
377 4
378 5
379 5
380 5
381 5
382 4
383 6
384 5
385 5
386 3
387 6
388 6
389 5
390 7
391 6
392 6
393 5
394 5
395 3
396 4
397 7
398 7
399 6
400 6
401 4
402 5
403 5
404 5
405 5
406 6
407 6
408 5
409 5
410 6
411 5
412 5
413 5
414 5
415 5
416 5
417 5
418 4
419 4
420 5
421 5
422 6
423 4
424 4
425 5
426 5
427 5
428 6
429 5
430 3
431 4
432 5
433 6
434 4
435 4
436 5
437 4
438 5
439 5
440 5
441 6
442 6
443 3
444 4
445 5
446 4
447 6
448 5
449 4
450 6
451 4
452 7
453 4
454 5
455 6
456 5
457 5
458 4
459 6
460 6
461 6
462 5
463 5
464 4
465 4
466 4
467 5
468 5
469 5
470 4
471 5
472 6
473 6
474 6
475 4
476 4
477 5
478 6
479 6
480 3
481 2
482 4
483 5
484 5
485 4
486 5
487 4
488 5
489 5
490 5
491 4
492 4
493 5
494 5
495 4
496 5
497 6
498 5
499 5
500 4
501 3
502 6
503 4
504 3
505 4
506 5
507 5
508 6
509 5
510 4
511 5
512 6
513 6
514 5
515 5
516 6
517 4
518 4
519 3
520 5
521 4
522 6
523 4
524 5
525 4
526 5
527 6
528 6
529 5
530 5
531 6
532 5
533 6
534 5
535 5
536 6
537 5
538 4
539 4
540 3
541 5
542 6
543 5
544 5
545 5
546 5
547 6
548 5
549 4
550 4
551 5
552 5
553 3
554 2
555 4
556 4
557 4
558 5
559 4
560 4
561 4
562 2
563 5
564 4
565 5
566 6
567 7
568 6
569 5
570 5
571 5
572 6
573 6
574 6
575 6
576 4
577 5
578 6
579 6
580 6
581 6
582 6
583 5
584 4
585 5
586 3
587 2
588 3
589 4
590 4
591 5
592 5
593 5
594 5
595 6
596 6
597 6
598 5
599 2
600 4
601 5
602 6
603 5
604 5
605 4
606 6
607 5
608 5
609 5
610 6
611 3
612 4
613 6
614 5
615 4
616 5
617 4
618 4
619 5
620 5
621 6
622 4
623 5
624 7
625 6
626 4
627 4
628 4
629 4
630 6
631 4
632 4
633 7
634 4
635 6
636 5
637 5
638 6
639 5
640 6
641 4
642 5
643 5
644 5
645 6
646 6
647 6
648 5
649 6
650 7
651 5
652 4
653 2
654 4
655 5
656 6
657 6
658 6
659 6
660 6
661 6
662 4
663 4
664 4
665 5
666 6
667 5
668 5
669 6
670 4
671 6
672 6
673 5
674 6
675 5
676 5
677 5
678 6
679 5
680 5
681 5
682 5
683 5
684 5
685 5
686 4
687 6
688 6
689 5
690 5
691 4
692 5
693 5
694 5
695 5
696 4
697 6
698 5
699 4
700 6
701 5
702 4
703 5
704 7
705 5
706 6
707 6
708 4
709 3
710 4
711 4
712 6
713 3
714 5
715 7
716 3
717 6
718 6
719 5
720 4
721 4
722 4
723 3
724 4
725 6
726 6
727 4
728 4
729 5
730 4
731 4
732 4
733 4
734 5
735 6
736 6
737 6
738 5
739 5
740 6
741 4
742 4
743 5
744 6
745 5
746 5
747 6
748 4
749 6
750 4
751 4
752 5
753 5
754 5
755 5
756 6
757 5
758 4
759 4
760 4
761 3
762 3
763 4
764 5
765 5
766 5
767 4
768 4
769 4
770 5
771 3
772 3
773 4
774 5
775 6
776 5
777 6
778 6
779 6
780 3
781 4
782 5
783 4
784 4
785 5
786 5
787 4
788 5
789 4
790 4
791 3
792 5
793 4
794 4
795 4
796 5
797 4
798 6
799 5
800 5
801 5
802 5
803 3
804 4
805 5
806 6
807 6
808 6
809 4
810 4
811 3
812 5
813 3
814 4
815 5
816 5
817 6
818 5
819 5
820 4
821 4
822 5
823 4
824 5
825 5
826 6
827 5
828 5
829 6
830 5
831 5
832 5
833 6
834 4
835 4
836 4
837 4
838 6
839 6
840 7
841 7
842 6
843 4
844 4
845 5
846 5
847 5
848 5
849 4
850 6
851 6
852 5
853 6
854 6
855 5
856 4
857 5
858 6
859 4
860 4
861 5
862 4
863 6
864 6
865 5
866 4
867 4
868 6
869 3
870 5
871 5
872 4
873 4
874 4
875 4
876 5
877 4
878 6
879 7
880 5
881 6
882 5
883 6
884 5
885 7
886 4
887 5
888 4
889 5
890 5
891 6
892 6
893 4
894 5
895 6
896 5
897 5
898 6
899 4
900 7
901 6
902 4
903 3
904 5
905 6
906 5
907 6
908 7
909 5
910 5
911 4
912 5
913 6
914 6
915 6
916 5
917 3
918 4
919 6
920 6
921 6
922 6
923 4
924 7
925 5
926 5
927 5
928 5
929 5
930 4
931 6
932 6
933 6
934 6
935 4
936 5
937 5
938 5
939 5
940 6
941 4
942 5
943 5
944 6
945 5
946 6
947 6
948 5
949 5
950 4
951 3
952 4
953 3
954 6
955 5
956 6
957 5
958 3
959 3
960 4
961 4
962 3
963 5
964 5
965 7
966 5
967 4
968 4
969 4
970 5
971 5
972 4
973 7
974 5
975 5
976 6
977 4
978 4
979 6
980 5
981 5
982 4
983 5
984 5
985 2
986 4
987 4
988 5
989 6
990 6
991 5
992 6
993 5
994 5
995 5
996 6
997 5
998 6
999 6
1000 5
