0 5
1 4
2 1
3 1
4 2
5 2
6 3
7 1
8 1
9 1
10 3
11 3
12 2
13 0
14 0
15 2
16 0
17 1
18 2
19 2
20 1
21 1
22 1
23 0
24 0
25 0
26 1
27 2
28 1
29 2
30 2
31 2
32 3
33 2
34 2
35 2
36 2
37 3
38 2
39 1
40 2
41 1
42 1
43 2
44 2
45 3
46 2
47 2
48 1
49 1
50 2
51 1
52 2
53 3
54 2
55 1
56 3
57 3
58 3
59 3
60 3
61 2
62 2
63 2
64 2
65 2
66 2
67 1
68 0
69 0
70 0
71 0
72 1
73 2
74 1
75 2
76 1
77 1
78 2
79 2
80 2
81 2
82 2
83 2
84 1
85 1
86 2
87 2
88 1
89 3
90 3
91 2
92 2
93 3
94 3
95 2
96 2
97 2
98 1
99 1
100 2
101 1
102 3
103 2
104 1
105 2
106 2
107 3
108 2
109 1
110 2
111 3
112 3
113 1
114 2
115 2
116 2
117 1
118 1
119 1
120 1
121 1
122 2
123 1
124 2
125 1
126 1
127 2
128 1
129 2
130 2
131 1
132 2
133 2
134 2
135 2
136 2
137 1
138 1
139 0
140 2
141 2
142 2
143 2
144 2
145 2
146 2
147 3
148 3
149 3
150 2
151 3
152 3
153 3
154 3
155 2
156 2
157 1
158 2
159 2
160 2
161 3
162 2
163 2
164 2
165 1
166 2
167 1
168 1
169 2
170 1
171 1
172 0
173 1
174 0
175 1
176 2
177 1
178 1
179 2
180 2
181 2
182 3
183 2
184 2
185 1
186 1
187 2
188 2
189 1
190 1
191 1
192 1
193 0
194 1
195 0
196 0
197 0
198 0
199 1
200 2
201 2
202 1
203 1
204 1
205 2
206 1
207 1
208 1
209 3
210 2
211 2
212 2
213 1
214 1
215 1
216 2
217 2
218 2
219 2
220 1
221 1
222 1
223 1
224 2
225 1
226 2
227 1
228 2
229 2
230 2
231 2
232 2
233 3
234 3
235 2
236 2
237 2
238 3
239 2
240 3
241 2
242 2
243 3
244 2
245 1
246 2
247 2
248 2
249 2
250 2
251 1
252 1
253 1
254 1
255 2
256 3
257 2
258 1
259 2
260 2
261 0
262 1
263 0
264 1
265 0
266 2
267 1
268 0
269 0
270 1
271 2
272 2
273 3
274 3
275 1
276 1
277 1
278 0
279 1
280 1
281 0
282 2
283 1
284 2
285 2
286 2
287 1
288 1
289 2
290 2
291 2
292 2
293 1
294 1
295 2
296 1
297 1
298 1
299 2
300 2
301 2
302 1
303 2
304 2
305 1
306 1
307 3
308 2
309 2
310 3
311 3
312 1
313 1
314 1
315 1
316 1
317 2
318 2
319 1
320 1
321 1
322 2
323 2
324 2
325 2
326 3
327 3
328 2
329 0
330 1
331 1
332 1
333 2
334 2
335 2
336 2
337 2
338 2
339 1
340 1
341 0
342 2
343 2
344 2
345 2
346 2
347 3
348 2
349 2
350 2
351 1
352 2
353 2
354 1
355 2
356 1
357 2
358 2
359 3
360 3
361 2
362 2
363 1
364 2
365 3
366 3
367 2
368 1
369 1
370 2
371 2
372 2
373 2
374 1
375 1
376 1
377 1
378 1
379 2
380 3
381 2
382 1
383 1
384 1
385 2
386 2
387 1
388 1
389 1
390 2
391 1
392 0
393 0
394 1
395 2
396 2
397 2
398 2
399 2
400 2
401 2
402 2
403 1
404 1
405 1
406 1
407 1
408 1
409 2
410 2
411 2
412 2
413 1
414 2
415 1
416 2
417 2
418 2
419 2
420 2
421 2
422 3
423 2
424 1
425 2
426 1
427 1
428 1
429 1
430 2
431 2
432 3
433 2
434 2
435 1
436 2
437 1
438 1
439 2
440 1
441 2
442 2
443 2
444 2
445 2
446 3
447 3
448 1
449 0
450 1
451 1
452 2
453 3
454 3
455 2
456 0
457 1
458 0
459 1
460 2
461 0
462 0
463 0
464 3
465 2
466 2
467 1
468 2
469 1
470 3
471 3
472 3
473 2
474 2
475 2
476 2
477 2
478 1
479 0
480 1
481 2
482 1
483 1
484 3
485 2
486 2
487 2
488 2
489 2
490 2
491 1
492 2
493 3
494 3
495 3
496 3
497 2
498 2
499 2
500 2
501 3
502 2
503 2
504 2
505 2
506 1
507 1
508 0
509 1
510 1
511 2
512 2
513 2
514 2
515 1
516 2
517 2
518 2
519 2
520 2
521 2
522 2
523 2
524 2
525 1
526 1
527 0
528 2
529 2
530 2
531 1
532 1
533 0
534 0
535 0
536 1
537 2
538 1
539 1
540 2
541 3
542 2
543 3
544 2
545 3
546 2
547 2
548 2
549 2
550 3
551 3
552 2
553 2
554 3
555 2
556 2
557 0
558 0
559 1
560 0
561 1
562 2
563 2
564 1
565 1
566 1
567 1
568 2
569 2
570 1
571 1
572 3
573 2
574 3
575 3
576 2
577 1
578 2
579 2
580 2
581 1
582 1
583 3
584 3
585 3
586 1
587 1
588 3
589 2
590 3
591 1
592 1
593 1
594 2
595 2
596 2
597 1
598 1
599 1
600 2
601 2
602 1
603 1
604 1
605 2
606 1
607 1
608 2
609 2
610 2
611 1
612 1
613 1
614 2
615 2
616 2
617 1
618 2
619 2
620 1
621 1
622 1
623 2
624 2
625 1
626 1
627 1
628 1
629 1
630 2
631 3
632 3
633 3
634 2
635 2
636 3
637 3
638 3
639 2
640 3
641 3
642 2
643 1
644 2
645 2
646 1
647 0
648 0
649 1
650 1
651 2
652 2
653 2
654 1
655 1
656 1
657 1
658 1
659 2
660 2
661 2
662 2
663 2
664 0
665 1
666 1
667 2
668 1
669 2
670 2
671 2
672 2
673 0
674 0
675 1
676 1
677 3
678 3
679 2
680 2
681 2
682 3
683 3
684 3
685 3
686 2
687 2
688 2
689 2
690 1
691 1
692 1
693 0
694 1
695 1
696 2
697 3
698 1
699 2
700 2
701 2
702 2
703 2
704 2
705 3
706 2
707 3
708 3
709 2
710 2
711 1
712 2
713 3
714 3
715 2
716 2
717 2
718 2
719 2
720 2
721 1
722 2
723 2
724 1
725 1
726 2
727 2
728 1
729 2
730 2
731 3
732 3
733 2
734 3
735 2
736 2
737 2
738 3
739 2
740 3
741 1
742 1
743 1
744 2
745 1
746 1
747 2
748 2
749 1
750 1
751 3
752 2
753 1
754 2
755 2
756 3
757 2
758 2
759 2
760 2
761 2
762 2
763 2
764 2
765 2
766 2
767 1
768 2
769 1
770 1
771 1
772 3
773 1
774 2
775 1
776 1
777 2
778 2
779 2
780 2
781 1
782 2
783 3
784 3
785 2
786 1
787 2
788 1
789 1
790 2
791 1
792 1
793 2
794 2
795 3
796 2
797 2
798 2
799 3
800 3
801 2
802 3
803 3
804 3
805 3
806 2
807 2
808 2
809 3
810 2
811 2
812 2
813 2
814 1
815 1
816 2
817 3
818 2
819 0
820 2
821 3
822 3
823 3
824 3
825 3
826 2
827 3
828 3
829 3
830 3
831 2
832 1
833 1
834 0
835 1
836 2
837 2
838 2
839 2
840 2
841 1
842 2
843 1
844 0
845 1
846 2
847 1
848 2
849 3
850 4
851 3
852 3
853 3
854 3
855 3
856 3
857 3
858 2
859 2
860 2
861 2
862 1
863 2
864 1
865 2
866 2
867 2
868 2
869 2
870 1
871 2
872 2
873 2
874 1
875 3
876 3
877 3
878 2
879 2
880 3
881 3
882 3
883 2
884 2
885 1
886 1
887 0
888 2
889 2
890 2
891 1
892 1
893 3
894 2
895 3
896 2
897 2
898 3
899 2
900 2
901 3
902 2
903 2
904 3
905 2
906 1
907 1
908 2
909 2
910 2
911 2
912 2
913 3
914 1
915 1
916 2
917 1
918 2
919 2
920 1
921 2
922 2
923 2
924 1
925 1
926 1
927 2
928 2
929 2
930 1
931 2
932 2
933 1
934 0
935 2
936 2
937 2
938 2
939 1
940 1
941 1
942 1
943 2
944 2
945 3
946 2
947 2
948 2
949 3
950 1
951 2
952 2
953 2
954 1
955 2
956 2
957 2
958 1
959 1
960 1
961 3
962 3
963 2
964 2
965 3
966 2
967 2
968 2
969 2
970 1
971 1
972 1
973 2
974 3
975 3
976 2
977 3
978 1
979 2
980 2
981 3
982 4
983 3
984 2
985 2
986 3
987 3
988 2
989 2
990 2
991 2
992 2
993 3
994 3
995 3
996 2
997 2
998 2
999 2
1000 1
