0 20
1 17
2 16
3 16
4 15
5 14
6 12
7 11
8 12
9 12
10 11
11 11
12 11
13 10
14 9
15 10
16 11
17 13
18 12
19 13
20 10
21 11
22 11
23 12
24 13
25 13
26 13
27 12
28 13
29 15
30 15
31 14
32 14
33 14
34 12
35 11
36 11
37 10
38 9
39 10
40 10
41 13
42 12
43 12
44 10
45 10
46 10
47 10
48 10
49 11
50 10
51 10
52 10
53 11
54 10
55 12
56 14
57 13
58 13
59 14
60 14
61 10
62 11
63 11
64 12
65 10
66 11
67 11
68 12
69 11
70 9
71 10
72 12
73 13
74 13
75 13
76 15
77 13
78 14
79 14
80 15
81 13
82 15
83 15
84 15
85 15
86 15
87 16
88 15
89 13
90 15
91 15
92 12
93 11
94 13
95 14
96 16
97 16
98 16
99 10
100 10
101 9
102 11
103 9
104 9
105 8
106 10
107 12
108 10
109 11
110 10
111 9
112 9
113 10
114 8
115 9
116 9
117 9
118 9
119 8
120 9
121 10
122 13
123 15
124 14
125 12
126 12
127 14
128 12
129 12
130 12
131 12
132 11
133 9
134 10
135 10
136 11
137 12
138 8
139 11
140 10
141 12
142 12
143 10
144 10
145 11
146 13
147 12
148 12
149 12
150 13
151 13
152 13
153 13
154 13
155 11
156 10
157 11
158 11
159 10
160 10
161 11
162 12
163 13
164 12
165 12
166 12
167 12
168 13
169 15
170 15
171 15
172 14
173 15
174 15
175 15
176 16
177 16
178 14
179 13
180 14
181 15
182 15
183 15
184 12
185 12
186 14
187 12
188 11
189 13
190 12
191 12
192 10
193 12
194 13
195 12
196 11
197 12
198 13
199 11
200 10
201 13
202 15
203 15
204 13
205 12
206 13
207 12
208 11
209 13
210 14
211 13
212 14
213 14
214 14
215 13
216 11
217 12
218 11
219 10
220 13
221 13
222 12
223 15
224 16
225 15
226 13
227 13
228 13
229 13
230 13
231 14
232 13
233 13
234 13
235 12
236 12
237 11
238 11
239 13
240 12
241 11
242 11
243 13
244 14
245 13
246 14
247 14
248 13
249 14
250 14
251 13
252 13
253 12
254 10
255 12
256 10
257 11
258 13
259 12
260 12
261 13
262 14
263 15
264 14
265 14
266 15
267 15
268 15
269 16
270 16
271 16
272 16
273 15
274 14
275 15
276 14
277 14
278 14
279 13
280 12
281 12
282 11
283 12
284 11
285 11
286 11
287 10
288 13
289 14
290 13
291 13
292 13
293 12
294 13
295 10
296 13
297 14
298 14
299 12
300 13
301 11
302 11
303 13
304 13
305 12
306 11
307 11
308 12
309 11
310 13
311 13
312 13
313 13
314 14
315 13
316 12
317 12
318 10
319 10
320 12
321 11
322 10
323 10
324 9
325 9
326 9
327 10
328 9
329 9
330 9
331 12
332 9
333 10
334 11
335 11
336 10
337 9
338 10
339 11
340 13
341 13
342 14
343 13
344 13
345 13
346 15
347 12
348 12
349 13
350 13
351 14
352 15
353 15
354 16
355 16
356 16
357 16
358 15
359 14
360 14
361 14
362 13
363 14
364 14
365 14
366 14
367 14
368 13
369 13
370 11
371 10
372 10
373 10
374 9
375 11
376 13
377 13
378 12
379 14
380 14
381 13
382 13
383 12
384 14
385 13
386 13
387 15
388 12
389 12
390 12
391 11
392 13
393 14
394 14
395 13
396 12
397 11
398 9
399 10
400 11
401 10
402 8
403 9
404 9
405 12
406 11
407 11
408 11
409 12
410 10
411 12
412 12
413 14
414 10
415 9
416 9
417 11
418 11
419 11
420 12
421 13
422 13
423 14
424 15
425 14
426 12
427 12
428 11
429 12
430 12
431 12
432 12
433 13
434 11
435 10
436 12
437 12
438 13
439 13
440 13
441 12
442 12
443 15
444 15
445 14
446 13
447 14
448 14
449 14
450 13
451 15
452 15
453 14
454 13
455 14
456 12
457 11
458 11
459 12
460 13
461 10
462 7
463 9
464 9
465 9
466 12
467 12
468 11
469 12
470 13
471 12
472 12
473 10
474 11
475 11
476 12
477 12
478 13
479 11
480 12
481 12
482 10
483 9
484 9
485 11
486 10
487 10
488 11
489 11
490 12
491 12
492 12
493 12
494 13
495 14
496 14
497 14
498 14
499 11
500 12
501 14
502 14
503 13
504 12
505 12
506 12
507 12
508 12
509 12
510 12
511 9
512 10
513 9
514 8
515 10
516 11
517 12
518 11
519 11
520 9
521 9
522 12
523 11
524 8
525 7
526 9
527 8
528 10
529 11
530 11
531 11
532 11
533 11
534 13
535 14
536 12
537 13
538 12
539 11
540 12
541 12
542 13
543 11
544 13
545 12
546 12
547 12
548 12
549 15
550 15
551 14
552 13
553 15
554 13
555 12
556 13
557 14
558 12
559 12
560 14
561 13
562 12
563 12
564 13
565 12
566 13
567 14
568 14
569 15
570 14
571 13
572 14
573 13
574 14
575 13
576 14
577 13
578 14
579 15
580 13
581 13
582 12
583 12
584 12
585 12
586 11
587 12
588 14
589 13
590 12
591 14
592 14
593 14
594 15
595 14
596 12
597 11
598 11
599 10
600 14
601 13
602 12
603 14
604 13
605 13
606 12
607 12
608 15
609 14
610 12
611 13
612 14
613 15
614 14
615 13
616 9
617 10
618 11
619 10
620 11
621 13
622 15
623 16
624 14
625 12
626 13
627 11
628 12
629 12
630 11
631 10
632 11
633 14
634 15
635 12
636 12
637 12
638 13
639 13
640 14
641 13
642 10
643 12
644 13
645 16
646 14
647 14
648 15
649 15
650 15
651 15
652 15
653 15
654 14
655 15
656 14
657 15
658 13
659 13
660 13
661 13
662 12
663 14
664 15
665 13
666 14
667 12
668 11
669 11
670 9
671 10
672 9
673 10
674 11
675 11
676 14
677 14
678 12
679 11
680 10
681 11
682 9
683 10
684 11
685 14
686 14
687 15
688 14
689 13
690 13
691 13
692 14
693 15
694 14
695 13
696 12
697 12
698 12
699 13
700 13
701 13
702 14
703 14
704 16
705 12
706 12
707 12
708 12
709 13
710 13
711 14
712 15
713 15
714 13
715 14
716 13
717 13
718 13
719 13
720 13
721 13
722 14
723 13
724 11
725 10
726 11
727 13
728 13
729 13
730 14
731 16
732 13
733 14
734 13
735 13
736 10
737 10
738 11
739 12
740 12
741 14
742 13
743 15
744 17
745 17
746 14
747 15
748 13
749 10
750 9
751 9
752 12
753 12
754 12
755 11
756 11
757 11
758 9
759 9
760 10
761 11
762 11
763 10
764 10
765 9
766 9
767 11
768 11
769 10
770 12
771 13
772 11
773 12
774 12
775 14
776 14
777 14
778 15
779 15
780 14
781 12
782 12
783 12
784 13
785 13
786 12
787 14
788 12
789 15
790 14
791 16
792 15
793 13
794 13
795 13
796 13
797 12
798 10
799 9
800 9
801 12
802 13
803 13
804 12
805 12
806 12
807 12
808 11
809 10
810 12
811 11
812 11
813 11
814 11
815 11
816 11
817 14
818 12
819 13
820 12
821 12
822 13
823 12
824 13
825 12
826 15
827 14
828 14
829 14
830 12
831 13
832 12
833 12
834 13
835 13
836 12
837 11
838 12
839 13
840 14
841 14
842 15
843 17
844 15
845 16
846 16
847 15
848 15
849 15
850 14
851 16
852 15
853 15
854 14
855 14
856 14
857 14
858 13
859 14
860 14
861 14
862 13
863 13
864 13
865 12
866 11
867 10
868 10
869 10
870 13
871 10
872 12
873 14
874 10
875 11
876 11
877 11
878 13
879 13
880 14
881 13
882 14
883 14
884 11
885 11
886 13
887 12
888 12
889 13
890 15
891 13
892 11
893 11
894 10
895 9
896 9
897 10
898 10
899 10
900 10
901 8
902 8
903 10
904 11
905 13
906 14
907 14
908 15
909 15
910 15
911 14
912 13
913 12
914 12
915 13
916 14
917 15
918 14
919 16
920 15
921 13
922 14
923 14
924 11
925 13
926 13
927 13
928 12
929 14
930 15
931 14
932 12
933 12
934 11
935 12
936 14
937 14
938 14
939 14
940 14
941 14
942 13
943 14
944 13
945 14
946 15
947 14
948 14
949 14
950 14
951 15
952 14
953 15
954 16
955 16
956 15
957 16
958 14
959 15
960 15
961 14
962 15
963 14
964 13
965 13
966 14
967 15
968 15
969 13
970 14
971 13
972 13
973 9
974 9
975 10
976 10
977 11
978 12
979 12
980 11
981 11
982 9
983 10
984 12
985 13
986 13
987 13
988 13
989 15
990 15
991 15
992 15
993 16
994 16
995 15
996 15
997 16
998 14
999 12
1000 10
