0 20
1 15
2 12
3 14
4 15
5 16
6 14
7 15
8 14
9 13
10 13
11 14
12 14
13 14
14 13
15 14
16 15
17 14
18 15
19 14
20 13
21 15
22 15
23 16
24 14
25 10
26 13
27 15
28 14
29 14
30 14
31 13
32 12
33 13
34 13
35 13
36 15
37 15
38 12
39 12
40 11
41 10
42 10
43 14
44 14
45 17
46 15
47 16
48 17
49 14
50 14
51 14
52 15
53 11
54 10
55 15
56 14
57 15
58 9
59 14
60 13
61 14
62 12
63 15
64 14
65 14
66 12
67 14
68 14
69 12
70 12
71 14
72 15
73 16
74 13
75 16
76 13
77 15
78 11
79 15
80 14
81 12
82 15
83 15
84 12
85 15
86 15
87 16
88 13
89 15
90 17
91 16
92 14
93 12
94 15
95 15
96 12
97 12
98 16
99 16
100 14
101 15
102 15
103 14
104 16
105 17
106 14
107 14
108 13
109 15
110 16
111 11
112 15
113 16
114 14
115 13
116 13
117 14
118 15
119 14
120 13
121 12
122 11
123 9
124 13
125 14
126 14
127 16
128 13
129 15
130 15
131 14
132 16
133 14
134 13
135 16
136 11
137 13
138 17
139 16
140 13
141 14
142 12
143 14
144 13
145 14
146 16
147 15
148 14
149 13
150 15
151 12
152 12
153 17
154 14
155 12
156 15
157 17
158 10
159 12
160 10
161 15
162 12
163 15
164 12
165 17
166 13
167 10
168 11
169 16
170 15
171 13
172 17
173 15
174 15
175 15
176 14
177 16
178 15
179 12
180 16
181 12
182 16
183 14
184 16
185 12
186 14
187 15
188 14
189 15
190 15
191 11
192 15
193 13
194 14
195 16
196 14
197 13
198 17
199 16
200 15
201 12
202 13
203 14
204 14
205 14
206 13
207 15
208 13
209 10
210 16
211 15
212 16
213 14
214 13
215 14
216 12
217 13
218 15
219 14
220 14
221 14
222 14
223 12
224 16
225 13
226 17
227 14
228 15
229 14
230 14
231 15
232 12
233 15
234 14
235 12
236 13
237 14
238 14
239 13
240 14
241 14
242 13
243 12
244 13
245 15
246 16
247 14
248 14
249 15
250 17
251 14
252 14
253 12
254 15
255 15
256 14
257 13
258 15
259 16
260 14
261 14
262 13
263 15
264 14
265 15
266 10
267 13
268 14
269 14
270 16
271 13
272 15
273 14
274 14
275 14
276 14
277 13
278 16
279 14
280 12
281 15
282 15
283 15
284 12
285 15
286 15
287 14
288 14
289 14
290 15
291 17
292 13
293 11
294 14
295 14
296 13
297 13
298 14
299 14
300 15
301 14
302 15
303 13
304 16
305 13
306 17
307 15
308 16
309 14
310 12
311 13
312 15
313 15
314 14
315 13
316 16
317 13
318 14
319 12
320 14
321 13
322 13
323 12
324 15
325 14
326 14
327 15
328 16
329 15
330 12
331 13
332 14
333 14
334 12
335 16
336 15
337 14
338 15
339 16
340 14
341 13
342 15
343 13
344 15
345 11
346 13
347 14
348 15
349 14
350 12
351 13
352 12
353 13
354 13
355 13
356 13
357 15
358 14
359 17
360 11
361 16
362 13
363 13
364 12
365 15
366 14
367 13
368 11
369 16
370 15
371 14
372 11
373 14
374 15
375 15
376 16
377 16
378 15
379 12
380 16
381 17
382 11
383 11
384 14
385 16
386 12
387 12
388 15
389 13
390 15
391 14
392 12
393 15
394 13
395 15
396 13
397 14
398 14
399 12
400 15
401 16
402 16
403 16
404 14
405 15
406 14
407 13
408 11
409 12
410 14
411 13
412 15
413 15
414 16
415 14
416 15
417 16
418 14
419 12
420 16
421 14
422 11
423 15
424 13
425 18
426 13
427 15
428 15
429 14
430 12
431 14
432 12
433 14
434 13
435 13
436 15
437 11
438 14
439 17
440 12
441 13
442 13
443 14
444 11
445 15
446 17
447 11
448 13
449 13
450 15
451 15
452 14
453 13
454 15
455 15
456 14
457 15
458 11
459 15
460 15
461 14
462 13
463 14
464 14
465 14
466 13
467 12
468 13
469 16
470 15
471 14
472 14
473 15
474 16
475 11
476 13
477 13
478 14
479 14
480 16
481 14
482 12
483 15
484 15
485 17
486 16
487 16
488 16
489 14
490 13
491 9
492 11
493 15
494 14
495 15
496 14
497 14
498 12
499 13
500 14
501 11
502 14
503 15
504 11
505 10
506 15
507 14
508 15
509 15
510 10
511 14
512 13
513 12
514 14
515 16
516 17
517 14
518 15
519 15
520 12
521 11
522 14
523 13
524 14
525 13
526 16
527 12
528 17
529 14
530 13
531 15
532 18
533 14
534 17
535 16
536 14
537 13
538 13
539 12
540 15
541 14
542 10
543 13
544 13
545 13
546 14
547 14
548 16
549 16
550 13
551 9
552 12
553 15
554 12
555 13
556 16
557 14
558 15
559 15
560 12
561 13
562 15
563 12
564 16
565 14
566 13
567 14
568 14
569 16
570 13
571 17
572 14
573 14
574 15
575 14
576 14
577 17
578 13
579 10
580 11
581 14
582 13
583 17
584 12
585 14
586 13
587 14
588 14
589 14
590 14
591 15
592 15
593 14
594 15
595 15
596 15
597 14
598 16
599 14
600 16
601 15
602 16
603 14
604 15
605 15
606 15
607 17
608 12
609 13
610 13
611 13
612 11
613 16
614 15
615 13
616 14
617 13
618 12
619 14
620 16
621 15
622 13
623 13
624 12
625 16
626 15
627 14
628 13
629 14
630 14
631 10
632 15
633 17
634 16
635 16
636 13
637 15
638 14
639 15
640 14
641 10
642 13
643 17
644 14
645 15
646 13
647 15
648 15
649 12
650 14
651 16
652 12
653 14
654 14
655 14
656 17
657 14
658 12
659 11
660 15
661 16
662 14
663 15
664 12
665 17
666 14
667 15
668 13
669 11
670 10
671 12
672 12
673 14
674 14
675 12
676 13
677 11
678 12
679 11
680 13
681 15
682 9
683 16
684 13
685 12
686 13
687 15
688 14
689 14
690 14
691 13
692 15
693 13
694 12
695 14
696 15
697 16
698 15
699 16
700 15
701 17
702 15
703 16
704 18
705 14
706 13
707 15
708 12
709 14
710 13
711 15
712 13
713 14
714 13
715 13
716 13
717 15
718 16
719 15
720 12
721 14
722 16
723 14
724 13
725 13
726 14
727 13
728 13
729 14
730 12
731 15
732 14
733 13
734 14
735 16
736 18
737 11
738 14
739 13
740 15
741 14
742 17
743 10
744 12
745 10
746 14
747 15
748 12
749 13
750 12
751 15
752 12
753 17
754 14
755 14
756 12
757 15
758 14
759 16
760 13
761 17
762 19
763 14
764 12
765 13
766 15
767 14
768 12
769 14
770 15
771 16
772 15
773 14
774 13
775 15
776 11
777 10
778 13
779 16
780 12
781 12
782 14
783 16
784 12
785 17
786 16
787 13
788 14
789 15
790 15
791 12
792 13
793 15
794 16
795 16
796 14
797 14
798 13
799 17
800 14
801 15
802 14
803 17
804 15
805 15
806 14
807 11
808 13
809 18
810 11
811 12
812 15
813 15
814 14
815 14
816 15
817 14
818 13
819 15
820 14
821 12
822 14
823 12
824 16
825 16
826 16
827 15
828 15
829 15
830 14
831 14
832 14
833 14
834 13
835 14
836 16
837 14
838 15
839 13
840 14
841 14
842 12
843 15
844 12
845 15
846 13
847 14
848 14
849 15
850 14
851 12
852 16
853 13
854 14
855 14
856 13
857 14
858 13
859 15
860 12
861 14
862 14
863 13
864 15
865 16
866 14
867 16
868 16
869 14
870 13
871 16
872 15
873 14
874 11
875 15
876 16
877 15
878 13
879 14
880 16
881 13
882 14
883 16
884 11
885 14
886 17
887 13
888 15
889 16
890 14
891 13
892 16
893 15
894 14
895 15
896 12
897 12
898 16
899 14
900 13
901 13
902 16
903 14
904 13
905 13
906 14
907 12
908 13
909 16
910 15
911 15
912 13
913 14
914 13
915 15
916 14
917 12
918 11
919 15
920 13
921 10
922 13
923 17
924 14
925 14
926 14
927 14
928 13
929 15
930 16
931 14
932 18
933 15
934 14
935 16
936 15
937 14
938 10
939 10
940 10
941 14
942 14
943 14
944 13
945 15
946 15
947 15
948 12
949 12
950 11
951 9
952 15
953 14
954 15
955 13
956 15
957 15
958 14
959 17
960 14
961 15
962 13
963 20
964 14
965 11
966 12
967 15
968 12
969 13
970 15
971 13
972 16
973 16
974 16
975 16
976 16
977 14
978 13
979 14
980 16
981 14
982 14
983 14
984 12
985 16
986 15
987 15
988 14
989 16
990 14
991 15
992 16
993 12
994 14
995 12
996 15
997 12
998 15
999 15
1000 16
