0 50
1 44
2 39
3 35
4 33
5 32
6 31
7 29
8 28
9 30
10 30
11 28
12 28
13 31
14 30
15 27
16 28
17 28
18 26
19 28
20 28
21 30
22 28
23 29
24 28
25 26
26 27
27 31
28 31
29 33
30 32
31 30
32 31
33 30
34 28
35 28
36 27
37 29
38 28
39 28
40 31
41 31
42 30
43 30
44 29
45 30
46 29
47 29
48 31
49 30
50 31
51 29
52 31
53 33
54 30
55 30
56 30
57 27
58 27
59 29
60 26
61 27
62 29
63 30
64 28
65 28
66 27
67 26
68 30
69 30
70 32
71 32
72 29
73 28
74 28
75 27
76 28
77 25
78 26
79 24
80 26
81 29
82 29
83 26
84 28
85 28
86 26
87 29
88 31
89 30
90 32
91 31
92 30
93 28
94 29
95 27
96 30
97 25
98 25
99 28
100 25
101 27
102 32
103 31
104 30
105 29
106 29
107 30
108 29
109 29
110 31
111 30
112 26
113 27
114 29
115 28
116 25
117 20
118 24
119 27
120 27
121 26
122 27
123 28
124 28
125 29
126 29
127 29
128 30
129 31
130 30
131 30
132 30
133 31
134 31
135 29
136 29
137 30
138 28
139 29
140 29
141 29
142 31
143 28
144 31
145 27
146 29
147 30
148 30
149 30
150 30
151 27
152 27
153 27
154 27
155 29
156 31
157 30
158 32
159 32
160 30
161 28
162 28
163 28
164 27
165 28
166 28
167 27
168 26
169 25
170 25
171 25
172 28
173 26
174 26
175 26
176 26
177 30
178 27
179 26
180 27
181 28
182 26
183 26
184 29
185 30
186 29
187 25
188 26
189 26
190 26
191 27
192 25
193 25
194 29
195 30
196 29
197 30
198 30
199 28
200 28
201 28
202 28
203 28
204 28
205 28
206 27
207 28
208 28
209 26
210 26
211 26
212 27
213 25
214 24
215 27
216 26
217 26
218 29
219 29
220 29
221 28
222 25
223 27
224 27
225 27
226 27
227 29
228 30
229 33
230 31
231 33
232 29
233 28
234 29
235 29
236 31
237 27
238 22
239 25
240 25
241 24
242 26
243 26
244 27
245 28
246 31
247 29
248 28
249 24
250 25
251 30
252 31
253 30
254 29
255 28
256 29
257 30
258 28
259 30
260 30
261 28
262 28
263 29
264 29
265 31
266 28
267 26
268 28
269 30
270 31
271 30
272 30
273 30
274 28
275 27
276 28
277 28
278 30
279 28
280 29
281 30
282 30
283 28
284 24
285 27
286 27
287 30
288 33
289 30
290 30
291 29
292 29
293 28
294 28
295 24
296 25
297 27
298 28
299 27
300 27
301 28
302 29
303 27
304 28
305 26
306 27
307 32
308 29
309 30
310 30
311 30
312 28
313 27
314 25
315 25
316 26
317 27
318 30
319 27
320 27
321 26
322 24
323 24
324 26
325 27
326 28
327 28
328 28
329 28
330 28
331 29
332 27
333 28
334 27
335 27
336 29
337 28
338 29
339 30
340 30
341 29
342 28
343 30
344 30
345 32
346 32
347 34
348 26
349 26
350 27
351 28
352 26
353 28
354 30
355 30
356 29
357 29
358 27
359 27
360 30
361 28
362 30
363 30
364 31
365 29
366 28
367 29
368 30
369 30
370 30
371 29
372 28
373 28
374 30
375 31
376 32
377 29
378 29
379 28
380 29
381 29
382 29
383 28
384 29
385 30
386 29
387 28
388 28
389 27
390 29
391 30
392 31
393 29
394 29
395 29
396 29
397 26
398 27
399 26
400 26
401 26
402 27
403 27
404 29
405 29
406 29
407 29
408 30
409 30
410 30
411 28
412 26
413 27
414 27
415 27
416 30
417 31
418 32
419 30
420 30
421 30
422 24
423 26
424 24
425 27
426 26
427 28
428 28
429 29
430 29
431 29
432 29
433 28
434 29
435 29
436 31
437 27
438 26
439 29
440 27
441 29
442 26
443 27
444 26
445 28
446 28
447 24
448 25
449 24
450 25
451 25
452 28
453 27
454 27
455 27
456 28
457 29
458 30
459 29
460 31
461 30
462 28
463 30
464 31
465 31
466 30
467 31
468 28
469 29
470 30
471 26
472 23
473 24
474 26
475 30
476 28
477 28
478 28
479 29
480 25
481 25
482 24
483 26
484 27
485 26
486 29
487 28
488 30
489 32
490 31
491 25
492 23
493 27
494 28
495 28
496 27
497 29
498 26
499 26
500 26
501 26
502 24
503 27
504 29
505 28
506 29
507 32
508 32
509 32
510 30
511 28
512 28
513 30
514 29
515 27
516 26
517 27
518 28
519 28
520 28
521 28
522 29
523 28
524 26
525 27
526 28
527 29
528 29
529 31
530 32
531 32
532 32
533 30
534 29
535 31
536 31
537 32
538 30
539 28
540 28
541 29
542 28
543 27
544 27
545 30
546 29
547 29
548 29
549 25
550 27
551 31
552 31
553 28
554 28
555 28
556 30
557 28
558 28
559 29
560 30
561 30
562 30
563 30
564 28
565 26
566 28
567 27
568 27
569 27
570 29
571 28
572 31
573 28
574 28
575 29
576 28
577 29
578 27
579 25
580 27
581 30
582 29
583 29
584 29
585 28
586 29
587 24
588 26
589 24
590 25
591 26
592 26
593 23
594 25
595 28
596 30
597 28
598 29
599 29
600 31
601 28
602 28
603 29
604 30
605 30
606 27
607 26
608 28
609 27
610 27
611 28
612 28
613 29
614 28
615 28
616 29
617 29
618 28
619 25
620 25
621 24
622 25
623 27
624 27
625 25
626 26
627 28
628 30
629 29
630 29
631 30
632 29
633 33
634 30
635 29
636 28
637 28
638 29
639 28
640 24
641 26
642 29
643 30
644 29
645 29
646 29
647 29
648 31
649 28
650 29
651 29
652 29
653 26
654 28
655 29
656 29
657 31
658 26
659 26
660 26
661 24
662 26
663 27
664 27
665 26
666 28
667 29
668 29
669 29
670 27
671 30
672 30
673 27
674 29
675 28
676 27
677 26
678 26
679 26
680 27
681 30
682 32
683 31
684 26
685 25
686 28
687 30
688 30
689 28
690 30
691 31
692 25
693 25
694 28
695 29
696 30
697 27
698 27
699 30
700 30
701 30
702 28
703 29
704 28
705 27
706 30
707 28
708 27
709 25
710 26
711 27
712 27
713 28
714 25
715 24
716 23
717 26
718 27
719 30
720 29
721 31
722 28
723 27
724 31
725 31
726 29
727 27
728 28
729 29
730 28
731 30
732 31
733 28
734 27
735 25
736 26
737 25
738 26
739 28
740 31
741 29
742 29
743 30
744 27
745 28
746 26
747 27
748 26
749 25
750 28
751 28
752 29
753 28
754 30
755 31
756 31
757 33
758 30
759 28
760 32
761 29
762 29
763 30
764 24
765 24
766 24
767 24
768 21
769 23
770 25
771 25
772 26
773 26
774 22
775 26
776 26
777 27
778 26
779 28
780 25
781 27
782 30
783 30
784 29
785 29
786 30
787 30
788 29
789 29
790 26
791 28
792 30
793 30
794 30
795 31
796 29
797 29
798 29
799 29
800 27
801 25
802 27
803 29
804 29
805 27
806 28
807 29
808 28
809 30
810 27
811 28
812 28
813 29
814 32
815 29
816 26
817 25
818 27
819 29
820 30
821 29
822 30
823 29
824 27
825 27
826 28
827 29
828 28
829 28
830 28
831 27
832 29
833 27
834 27
835 25
836 26
837 26
838 26
839 30
840 29
841 27
842 27
843 29
844 24
845 25
846 22
847 25
848 25
849 27
850 27
851 26
852 30
853 33
854 32
855 28
856 28
857 30
858 29
859 31
860 28
861 28
862 27
863 29
864 27
865 27
866 25
867 28
868 29
869 29
870 31
871 29
872 26
873 25
874 27
875 29
876 31
877 32
878 30
879 29
880 29
881 26
882 25
883 28
884 29
885 29
886 28
887 30
888 30
889 30
890 28
891 29
892 30
893 28
894 23
895 25
896 26
897 27
898 28
899 30
900 30
901 27
902 27
903 29
904 29
905 31
906 31
907 28
908 29
909 31
910 30
911 31
912 32
913 30
914 29
915 28
916 28
917 30
918 28
919 28
920 28
921 31
922 29
923 29
924 29
925 27
926 30
927 30
928 30
929 29
930 28
931 27
932 28
933 30
934 26
935 24
936 27
937 26
938 28
939 29
940 30
941 30
942 28
943 30
944 27
945 27
946 30
947 28
948 26
949 27
950 28
951 30
952 31
953 30
954 29
955 29
956 30
957 30
958 31
959 30
960 30
961 29
962 28
963 28
964 31
965 31
966 27
967 28
968 27
969 25
970 28
971 29
972 29
973 30
974 27
975 28
976 27
977 27
978 27
979 28
980 26
981 28
982 27
983 25
984 28
985 26
986 26
987 28
988 30
989 28
990 26
991 26
992 29
993 28
994 27
995 28
996 29
997 30
998 27
999 25
1000 27
