0 10
1 9
2 8
3 7
4 6
5 6
6 5
7 4
8 4
9 4
10 4
11 4
12 4
13 4
14 4
15 3
16 3
17 3
18 3
19 3
20 2
21 2
22 2
23 2
24 2
25 2
26 2
27 1
28 1
29 1
30 2
31 2
32 2
33 2
34 2
35 2
36 2
37 2
38 2
39 3
40 2
41 2
42 2
43 2
44 2
45 2
46 2
47 2
48 2
49 3
50 3
51 3
52 3
53 3
54 3
55 3
56 2
57 2
58 2
59 2
60 1
61 1
62 1
63 1
64 1
65 1
66 1
67 1
68 1
69 1
70 1
71 1
72 1
73 1
74 1
75 2
76 2
77 2
78 2
79 2
80 2
81 2
82 2
83 2
84 2
85 2
86 2
87 2
88 2
89 3
90 3
91 3
92 2
93 2
94 2
95 2
96 3
97 3
98 3
99 3
100 3
101 3
102 3
103 3
104 3
105 3
106 3
107 3
108 3
109 3
110 3
111 3
112 3
113 4
114 2
115 2
116 3
117 3
118 3
119 2
120 2
121 3
122 3
123 4
124 4
125 4
126 4
127 4
128 3
129 3
130 3
131 3
132 3
133 2
134 2
135 2
136 1
137 1
138 2
139 2
140 3
141 3
142 3
143 3
144 4
145 4
146 4
147 4
148 5
149 5
150 5
151 5
152 5
153 5
154 5
155 5
156 5
157 5
158 5
159 4
160 3
161 3
162 3
163 4
164 4
165 4
166 3
167 2
168 3
169 3
170 2
171 2
172 2
173 3
174 3
175 3
176 3
177 3
178 3
179 4
180 3
181 3
182 3
183 2
184 2
185 1
186 2
187 2
188 2
189 2
190 2
191 2
192 2
193 2
194 2
195 2
196 2
197 2
198 2
199 1
200 2
201 3
202 4
203 4
204 2
205 2
206 2
207 3
208 3
209 3
210 3
211 3
212 3
213 3
214 3
215 4
216 5
217 5
218 5
219 4
220 3
221 3
222 3
223 3
224 3
225 3
226 3
227 3
228 4
229 4
230 4
231 4
232 4
233 4
234 4
235 4
236 3
237 2
238 1
239 0
240 0
241 0
242 1
243 1
244 1
245 1
246 1
247 1
248 1
249 1
250 1
251 1
252 1
253 1
254 1
255 1
256 1
257 1
258 1
259 1
260 2
261 2
262 2
263 2
264 2
265 2
266 3
267 3
268 3
269 3
270 3
271 2
272 2
273 3
274 3
275 3
276 1
277 1
278 1
279 2
280 3
281 4
282 4
283 3
284 3
285 3
286 3
287 3
288 3
289 3
290 3
291 2
292 2
293 2
294 2
295 3
296 3
297 4
298 4
299 3
300 3
301 4
302 3
303 2
304 2
305 2
306 2
307 2
308 2
309 2
310 2
311 2
312 2
313 2
314 3
315 3
316 3
317 3
318 3
319 3
320 3
321 3
322 3
323 3
324 3
325 4
326 4
327 3
328 2
329 1
330 0
331 0
332 0
333 0
334 0
335 0
336 0
337 0
338 0
339 0
340 1
341 2
342 2
343 2
344 2
345 2
346 2
347 2
348 2
349 2
350 2
351 2
352 1
353 1
354 1
355 1
356 2
357 2
358 2
359 2
360 2
361 3
362 3
363 4
364 4
365 4
366 3
367 4
368 4
369 3
370 2
371 2
372 3
373 3
374 3
375 3
376 3
377 3
378 3
379 3
380 3
381 3
382 3
383 4
384 4
385 3
386 3
387 3
388 2
389 2
390 2
391 3
392 3
393 2
394 2
395 2
396 2
397 2
398 2
399 2
400 2
401 2
402 2
403 1
404 1
405 1
406 1
407 1
408 1
409 2
410 1
411 1
412 1
413 1
414 1
415 1
416 1
417 2
418 2
419 2
420 2
421 3
422 3
423 2
424 2
425 4
426 4
427 4
428 4
429 3
430 2
431 2
432 2
433 2
434 2
435 2
436 3
437 3
438 3
439 3
440 4
441 3
442 3
443 4
444 4
445 3
446 3
447 3
448 3
449 3
450 2
451 2
452 3
453 4
454 3
455 3
456 3
457 2
458 3
459 3
460 2
461 1
462 1
463 1
464 0
465 0
466 1
467 1
468 1
469 2
470 2
471 2
472 2
473 2
474 2
475 2
476 2
477 2
478 2
479 2
480 1
481 1
482 0
483 0
484 0
485 0
486 0
487 0
488 0
489 0
490 0
491 0
492 1
493 1
494 1
495 1
496 0
497 0
498 0
499 1
500 1
501 1
502 2
503 2
504 2
505 2
506 2
507 3
508 3
509 3
510 3
511 3
512 2
513 2
514 2
515 2
516 3
517 3
518 3
519 3
520 3
521 2
522 2
523 2
524 2
525 1
526 1
527 1
528 1
529 1
530 1
531 1
532 1
533 1
534 1
535 1
536 1
537 1
538 1
539 2
540 2
541 1
542 1
543 1
544 1
545 1
546 1
547 1
548 1
549 1
550 1
551 1
552 1
553 1
554 0
555 0
556 1
557 2
558 1
559 1
560 1
561 1
562 1
563 1
564 2
565 1
566 1
567 1
568 1
569 1
570 1
571 1
572 1
573 1
574 1
575 1
576 1
577 2
578 2
579 1
580 1
581 1
582 2
583 2
584 2
585 2
586 3
587 4
588 5
589 5
590 6
591 6
592 6
593 4
594 3
595 1
596 0
597 1
598 1
599 1
600 2
601 2
602 1
603 1
604 1
605 1
606 1
607 2
608 2
609 0
610 0
611 0
612 0
613 0
614 0
615 0
616 0
617 0
618 0
619 0
620 0
621 0
622 1
623 1
624 1
625 2
626 2
627 2
628 2
629 2
630 2
631 2
632 2
633 2
634 2
635 2
636 2
637 3
638 3
639 3
640 3
641 4
642 4
643 4
644 3
645 3
646 3
647 3
648 3
649 3
650 3
651 4
652 4
653 4
654 4
655 4
656 4
657 4
658 4
659 4
660 4
661 4
662 4
663 4
664 3
665 3
666 3
667 3
668 3
669 3
670 3
671 3
672 3
673 3
674 3
675 3
676 3
677 4
678 3
679 3
680 3
681 3
682 3
683 3
684 3
685 3
686 3
687 2
688 3
689 3
690 3
691 3
692 3
693 3
694 3
695 3
696 2
697 2
698 2
699 2
700 3
701 4
702 3
703 2
704 3
705 3
706 3
707 2
708 3
709 3
710 2
711 2
712 2
713 2
714 2
715 2
716 2
717 2
718 2
719 2
720 2
721 2
722 3
723 2
724 3
725 4
726 4
727 3
728 3
729 3
730 3
731 2
732 2
733 2
734 1
735 1
736 2
737 2
738 2
739 2
740 1
741 0
742 0
743 0
744 0
745 0
746 0
747 0
748 1
749 1
750 1
751 1
752 1
753 1
754 1
755 0
756 0
757 1
758 1
759 1
760 1
761 1
762 2
763 1
764 1
765 1
766 1
767 2
768 3
769 3
770 2
771 2
772 2
773 2
774 2
775 2
776 2
777 2
778 1
779 1
780 1
781 2
782 3
783 3
784 3
785 2
786 2
787 2
788 2
789 2
790 2
791 3
792 2
793 1
794 1
795 1
796 2
797 2
798 2
799 2
800 1
801 1
802 1
803 2
804 2
805 2
806 2
807 2
808 2
809 2
810 2
811 1
812 1
813 1
814 1
815 2
816 2
817 3
818 3
819 3
820 3
821 3
822 3
823 3
824 2
825 2
826 2
827 2
828 2
829 2
830 2
831 2
832 2
833 2
834 2
835 2
836 2
837 3
838 3
839 3
840 3
841 3
842 2
843 2
844 2
845 2
846 2
847 2
848 2
849 2
850 2
851 2
852 2
853 1
854 1
855 2
856 2
857 2
858 2
859 2
860 2
861 2
862 2
863 2
864 2
865 3
866 3
867 2
868 2
869 2
870 3
871 3
872 3
873 3
874 3
875 3
876 4
877 4
878 4
879 3
880 3
881 4
882 3
883 2
884 2
885 2
886 1
887 1
888 1
889 1
890 1
891 1
892 1
893 1
894 0
895 0
896 1
897 1
898 2
899 2
900 2
901 2
902 2
903 2
904 3
905 3
906 3
907 4
908 4
909 3
910 4
911 5
912 4
913 4
914 3
915 3
916 3
917 3
918 3
919 2
920 3
921 3
922 3
923 3
924 3
925 3
926 3
927 3
928 3
929 3
930 3
931 2
932 2
933 2
934 1
935 1
936 1
937 1
938 1
939 2
940 3
941 2
942 2
943 2
944 2
945 2
946 2
947 2
948 2
949 1
950 1
951 1
952 1
953 1
954 1
955 1
956 1
957 1
958 2
959 2
960 2
961 2
962 2
963 2
964 2
965 2
966 2
967 3
968 3
969 3
970 3
971 3
972 3
973 2
974 2
975 2
976 2
977 2
978 2
979 1
980 1
981 1
982 2
983 2
984 3
985 3
986 3
987 2
988 3
989 4
990 4
991 4
992 4
993 4
994 4
995 4
996 4
997 4
998 4
999 4
1000 5
