0 30
1 30
2 29
3 28
4 27
5 26
6 24
7 23
8 23
9 23
10 22
11 22
12 22
13 21
14 21
15 18
16 17
17 17
18 16
19 16
20 16
21 15
22 15
23 15
24 15
25 15
26 15
27 15
28 15
29 15
30 15
31 15
32 15
33 15
34 14
35 14
36 13
37 13
38 12
39 11
40 11
41 11
42 11
43 11
44 11
45 11
46 11
47 10
48 10
49 10
50 10
51 10
52 10
53 10
54 10
55 10
56 8
57 8
58 8
59 9
60 9
61 9
62 9
63 9
64 9
65 9
66 9
67 9
68 9
69 9
70 9
71 8
72 9
73 9
74 9
75 8
76 8
77 7
78 7
79 6
80 6
81 5
82 5
83 4
84 4
85 5
86 5
87 4
88 4
89 4
90 4
91 4
92 4
93 5
94 5
95 5
96 5
97 5
98 5
99 5
100 5
101 5
102 5
103 6
104 7
105 5
106 5
107 5
108 5
109 5
110 6
111 6
112 6
113 6
114 6
115 6
116 6
117 5
118 5
119 5
120 5
121 5
122 5
123 5
124 5
125 5
126 5
127 5
128 5
129 5
130 5
131 5
132 5
133 5
134 5
135 5
136 5
137 5
138 5
139 5
140 5
141 5
142 5
143 5
144 4
145 3
146 3
147 3
148 3
149 3
150 3
151 3
152 3
153 3
154 3
155 3
156 3
157 3
158 3
159 3
160 3
161 3
162 3
163 3
164 3
165 3
166 3
167 3
168 3
169 3
170 3
171 3
172 3
173 3
174 3
175 3
176 3
177 3
178 3
179 3
180 3
181 3
182 3
183 3
184 3
185 3
186 4
187 4
188 3
189 3
190 3
191 3
192 3
193 3
194 3
195 2
196 2
197 2
198 2
199 2
200 2
201 2
202 2
203 3
204 3
205 3
206 3
207 3
208 3
209 3
210 3
211 3
212 3
213 3
214 3
215 3
216 3
217 3
218 4
219 4
220 3
221 3
222 3
223 3
224 3
225 3
226 3
227 3
228 3
229 3
230 3
231 3
232 3
233 3
234 3
235 3
236 3
237 3
238 2
239 2
240 2
241 2
242 2
243 2
244 2
245 3
246 3
247 3
248 3
249 3
250 3
251 3
252 2
253 2
254 2
255 2
256 2
257 2
258 2
259 2
260 2
261 2
262 2
263 3
264 3
265 4
266 4
267 4
268 4
269 4
270 4
271 4
272 4
273 4
274 4
275 4
276 4
277 4
278 4
279 5
280 5
281 5
282 5
283 5
284 5
285 5
286 5
287 5
288 6
289 6
290 6
291 6
292 6
293 6
294 6
295 6
296 6
297 6
298 6
299 6
300 6
301 6
302 7
303 7
304 7
305 7
306 7
307 8
308 8
309 8
310 8
311 7
312 6
313 6
314 6
315 6
316 6
317 6
318 6
319 6
320 6
321 4
322 4
323 4
324 4
325 4
326 4
327 4
328 4
329 4
330 4
331 4
332 4
333 4
334 4
335 4
336 4
337 4
338 4
339 4
340 4
341 4
342 4
343 5
344 5
345 5
346 5
347 5
348 5
349 6
350 7
351 7
352 7
353 7
354 7
355 7
356 7
357 7
358 7
359 7
360 7
361 7
362 8
363 8
364 8
365 8
366 8
367 8
368 8
369 8
370 8
371 8
372 8
373 8
374 8
375 8
376 8
377 7
378 7
379 7
380 7
381 7
382 7
383 7
384 7
385 6
386 6
387 6
388 6
389 6
390 6
391 6
392 6
393 6
394 5
395 5
396 5
397 5
398 6
399 6
400 6
401 6
402 6
403 6
404 6
405 7
406 7
407 8
408 8
409 8
410 8
411 7
412 6
413 6
414 6
415 6
416 6
417 6
418 6
419 6
420 6
421 6
422 5
423 6
424 6
425 6
426 6
427 6
428 6
429 6
430 6
431 6
432 6
433 6
434 6
435 5
436 5
437 5
438 5
439 5
440 4
441 4
442 4
443 4
444 4
445 3
446 3
447 3
448 3
449 3
450 3
451 3
452 3
453 3
454 3
455 2
456 2
457 2
458 2
459 2
460 2
461 2
462 2
463 2
464 2
465 2
466 2
467 3
468 4
469 4
470 4
471 4
472 4
473 4
474 4
475 4
476 3
477 3
478 3
479 3
480 2
481 2
482 2
483 2
484 2
485 2
486 2
487 2
488 2
489 2
490 2
491 1
492 1
493 1
494 1
495 1
496 1
497 1
498 1
499 1
500 1
501 1
502 1
503 1
504 1
505 1
506 1
507 1
508 2
509 2
510 2
511 2
512 2
513 3
514 3
515 3
516 3
517 3
518 3
519 3
520 3
521 3
522 3
523 3
524 4
525 3
526 3
527 3
528 3
529 3
530 3
531 3
532 3
533 3
534 3
535 3
536 3
537 3
538 3
539 3
540 3
541 3
542 2
543 2
544 2
545 2
546 2
547 2
548 2
549 2
550 2
551 2
552 2
553 2
554 2
555 2
556 2
557 2
558 2
559 2
560 2
561 2
562 1
563 1
564 2
565 2
566 2
567 2
568 2
569 2
570 2
571 2
572 2
573 2
574 2
575 2
576 2
577 2
578 2
579 2
580 2
581 2
582 2
583 2
584 2
585 2
586 2
587 2
588 2
589 2
590 2
591 2
592 1
593 1
594 1
595 1
596 1
597 2
598 1
599 1
600 1
601 1
602 1
603 1
604 2
605 2
606 2
607 2
608 2
609 2
610 2
611 2
612 2
613 2
614 2
615 2
616 2
617 2
618 2
619 2
620 2
621 2
622 2
623 2
624 2
625 2
626 2
627 2
628 2
629 2
630 2
631 2
632 1
633 1
634 1
635 1
636 1
637 1
638 1
639 1
640 1
641 1
642 2
643 2
644 2
645 2
646 3
647 3
648 4
649 4
650 4
651 4
652 4
653 5
654 5
655 5
656 4
657 4
658 3
659 3
660 3
661 3
662 3
663 3
664 3
665 3
666 3
667 2
668 2
669 2
670 2
671 2
672 2
673 2
674 2
675 2
676 1
677 1
678 1
679 1
680 1
681 1
682 1
683 1
684 1
685 1
686 1
687 1
688 1
689 1
690 1
691 1
692 1
693 1
694 1
695 1
696 1
697 1
698 1
699 1
700 1
701 1
702 1
703 1
704 2
705 2
706 2
707 2
708 2
709 2
710 2
711 2
712 2
713 3
714 3
715 2
716 2
717 2
718 2
719 2
720 2
721 2
722 2
723 3
724 3
725 3
726 3
727 3
728 3
729 3
730 3
731 3
732 2
733 2
734 2
735 2
736 2
737 2
738 2
739 2
740 2
741 3
742 3
743 3
744 3
745 3
746 3
747 3
748 3
749 5
750 6
751 6
752 6
753 6
754 6
755 5
756 5
757 5
758 5
759 5
760 5
761 5
762 5
763 4
764 5
765 5
766 5
767 5
768 5
769 6
770 6
771 6
772 6
773 6
774 6
775 6
776 7
777 7
778 7
779 7
780 7
781 7
782 7
783 7
784 7
785 7
786 7
787 7
788 7
789 7
790 7
791 6
792 5
793 5
794 5
795 6
796 6
797 7
798 7
799 7
800 7
801 7
802 6
803 6
804 6
805 6
806 6
807 6
808 6
809 6
810 6
811 6
812 6
813 5
814 5
815 5
816 5
817 5
818 5
819 5
820 4
821 4
822 3
823 3
824 2
825 2
826 2
827 2
828 2
829 2
830 2
831 2
832 2
833 2
834 2
835 2
836 2
837 2
838 2
839 2
840 2
841 2
842 2
843 2
844 2
845 2
846 2
847 2
848 2
849 2
850 2
851 2
852 2
853 2
854 2
855 2
856 2
857 3
858 3
859 3
860 3
861 3
862 3
863 3
864 3
865 3
866 3
867 3
868 3
869 3
870 3
871 3
872 3
873 3
874 3
875 3
876 3
877 3
878 3
879 3
880 3
881 3
882 3
883 3
884 2
885 2
886 2
887 3
888 3
889 3
890 3
891 3
892 3
893 2
894 2
895 2
896 2
897 2
898 3
899 3
900 3
901 3
902 3
903 3
904 3
905 3
906 3
907 3
908 3
909 3
910 2
911 2
912 2
913 2
914 1
915 1
916 1
917 2
918 2
919 2
920 2
921 2
922 2
923 2
924 2
925 2
926 1
927 1
928 1
929 2
930 2
931 2
932 2
933 2
934 1
935 1
936 1
937 1
938 1
939 2
940 3
941 3
942 3
943 3
944 3
945 3
946 3
947 3
948 3
949 3
950 3
951 2
952 2
953 2
954 2
955 1
956 1
957 1
958 1
959 1
960 1
961 1
962 1
963 1
964 1
965 1
966 1
967 1
968 1
969 1
970 1
971 1
972 2
973 2
974 2
975 2
976 2
977 2
978 2
979 3
980 5
981 5
982 5
983 5
984 5
985 5
986 5
987 5
988 5
989 5
990 5
991 5
992 6
993 5
994 5
995 4
996 4
997 4
998 4
999 4
1000 4
