0 60
1 56
2 52
3 49
4 48
5 46
6 41
7 40
8 38
9 37
10 38
11 35
12 35
13 34
14 36
15 35
16 35
17 35
18 36
19 35
20 33
21 32
22 31
23 32
24 34
25 35
26 35
27 35
28 36
29 34
30 33
31 33
32 33
33 32
34 33
35 34
36 35
37 35
38 34
39 31
40 32
41 33
42 34
43 30
44 32
45 30
46 30
47 30
48 31
49 31
50 33
51 36
52 35
53 35
54 35
55 32
56 31
57 29
58 29
59 28
60 29
61 27
62 28
63 27
64 26
65 27
66 28
67 29
68 32
69 33
70 36
71 33
72 35
73 35
74 35
75 35
76 35
77 33
78 33
79 32
80 32
81 31
82 30
83 31
84 30
85 30
86 30
87 30
88 27
89 30
90 31
91 32
92 31
93 31
94 29
95 30
96 30
97 31
98 32
99 33
100 33
101 33
102 33
103 34
104 31
105 31
106 29
107 29
108 32
109 31
110 33
111 33
112 34
113 34
114 33
115 33
116 32
117 34
118 37
119 36
120 36
121 37
122 33
123 34
124 34
125 33
126 35
127 34
128 34
129 34
130 32
131 32
132 33
133 33
134 34
135 32
136 31
137 32
138 32
139 33
140 31
141 31
142 29
143 30
144 31
145 32
146 33
147 33
148 34
149 32
150 32
151 34
152 32
153 34
154 35
155 33
156 35
157 36
158 37
159 36
160 37
161 37
162 36
163 36
164 33
165 31
166 31
167 33
168 33
169 31
170 29
171 30
172 32
173 32
174 31
175 32
176 32
177 32
178 31
179 29
180 28
181 26
182 27
183 27
184 29
185 29
186 29
187 32
188 33
189 33
190 33
191 34
192 35
193 33
194 32
195 34
196 31
197 32
198 35
199 33
200 34
201 34
202 32
203 33
204 33
205 34
206 35
207 35
208 34
209 35
210 33
211 33
212 31
213 31
214 29
215 32
216 34
217 34
218 33
219 32
220 35
221 35
222 34
223 35
224 35
225 34
226 32
227 32
228 31
229 32
230 31
231 30
232 33
233 35
234 32
235 31
236 30
237 30
238 31
239 31
240 33
241 34
242 35
243 34
244 34
245 32
246 33
247 32
248 31
249 31
250 31
251 27
252 27
253 27
254 28
255 29
256 28
257 28
258 27
259 26
260 28
261 31
262 30
263 31
264 31
265 31
266 31
267 31
268 32
269 33
270 32
271 32
272 32
273 32
274 32
275 29
276 29
277 32
278 35
279 36
280 36
281 36
282 36
283 37
284 38
285 33
286 35
287 33
288 32
289 32
290 33
291 33
292 33
293 34
294 34
295 34
296 33
297 35
298 34
299 33
300 34
301 35
302 34
303 35
304 34
305 34
306 32
307 32
308 31
309 31
310 31
311 30
312 30
313 30
314 29
315 30
316 31
317 30
318 31
319 29
320 31
321 33
322 33
323 32
324 32
325 32
326 32
327 33
328 32
329 34
330 35
331 34
332 35
333 33
334 32
335 31
336 32
337 33
338 36
339 36
340 37
341 38
342 36
343 34
344 34
345 35
346 35
347 35
348 34
349 34
350 33
351 35
352 35
353 35
354 35
355 35
356 33
357 33
358 34
359 35
360 33
361 32
362 29
363 30
364 30
365 30
366 29
367 31
368 29
369 27
370 27
371 27
372 29
373 29
374 28
375 27
376 30
377 30
378 31
379 31
380 30
381 33
382 34
383 34
384 34
385 33
386 31
387 31
388 30
389 29
390 30
391 33
392 33
393 29
394 29
395 28
396 28
397 29
398 32
399 32
400 32
401 32
402 31
403 31
404 30
405 28
406 30
407 29
408 29
409 30
410 31
411 30
412 28
413 28
414 29
415 29
416 32
417 33
418 33
419 33
420 34
421 34
422 35
423 35
424 35
425 34
426 34
427 32
428 34
429 34
430 32
431 31
432 32
433 32
434 34
435 33
436 28
437 29
438 32
439 31
440 31
441 29
442 29
443 29
444 31
445 31
446 34
447 33
448 31
449 30
450 31
451 30
452 27
453 28
454 28
455 28
456 30
457 30
458 30
459 29
460 30
461 31
462 33
463 33
464 34
465 33
466 33
467 35
468 34
469 35
470 34
471 34
472 33
473 32
474 30
475 32
476 35
477 34
478 34
479 34
480 31
481 33
482 34
483 32
484 33
485 30
486 29
487 31
488 31
489 30
490 27
491 26
492 26
493 30
494 29
495 28
496 27
497 27
498 25
499 25
500 24
501 26
502 29
503 31
504 31
505 30
506 31
507 31
508 33
509 33
510 34
511 33
512 34
513 34
514 34
515 35
516 34
517 35
518 34
519 35
520 34
521 36
522 35
523 33
524 34
525 34
526 34
527 32
528 32
529 34
530 34
531 33
532 32
533 32
534 33
535 34
536 34
537 36
538 32
539 32
540 32
541 32
542 32
543 31
544 31
545 32
546 33
547 34
548 35
549 33
550 34
551 33
552 34
553 33
554 30
555 28
556 29
557 28
558 30
559 31
560 32
561 31
562 32
563 31
564 31
565 30
566 31
567 33
568 34
569 35
570 35
571 34
572 32
573 30
574 30
575 30
576 27
577 26
578 26
579 27
580 25
581 27
582 29
583 28
584 25
585 26
586 27
587 26
588 23
589 23
590 25
591 26
592 27
593 28
594 28
595 29
596 29
597 29
598 30
599 29
600 31
601 32
602 32
603 30
604 29
605 30
606 30
607 30
608 32
609 30
610 29
611 31
612 31
613 31
614 33
615 31
616 32
617 31
618 31
619 33
620 34
621 32
622 32
623 34
624 32
625 28
626 30
627 30
628 30
629 30
630 30
631 28
632 26
633 29
634 31
635 32
636 32
637 29
638 29
639 30
640 28
641 29
642 30
643 31
644 31
645 30
646 31
647 31
648 32
649 33
650 32
651 33
652 33
653 31
654 33
655 33
656 32
657 28
658 27
659 27
660 27
661 28
662 27
663 26
664 28
665 29
666 30
667 31
668 28
669 29
670 29
671 30
672 30
673 28
674 30
675 31
676 32
677 34
678 34
679 34
680 34
681 34
682 33
683 33
684 32
685 32
686 34
687 35
688 35
689 36
690 34
691 36
692 34
693 34
694 33
695 31
696 31
697 33
698 34
699 34
700 33
701 33
702 31
703 31
704 33
705 31
706 32
707 33
708 32
709 32
710 31
711 31
712 32
713 33
714 33
715 32
716 32
717 33
718 33
719 33
720 33
721 31
722 32
723 31
724 31
725 32
726 32
727 31
728 33
729 32
730 30
731 31
732 30
733 30
734 29
735 29
736 29
737 31
738 28
739 30
740 31
741 30
742 33
743 33
744 34
745 35
746 35
747 36
748 35
749 36
750 36
751 36
752 36
753 34
754 34
755 30
756 31
757 33
758 34
759 33
760 33
761 33
762 32
763 31
764 33
765 35
766 37
767 37
768 38
769 39
770 39
771 42
772 42
773 39
774 38
775 38
776 38
777 37
778 37
779 35
780 34
781 34
782 34
783 34
784 36
785 34
786 34
787 34
788 34
789 36
790 35
791 36
792 36
793 37
794 39
795 38
796 38
797 38
798 37
799 36
800 36
801 33
802 34
803 35
804 34
805 35
806 33
807 34
808 35
809 34
810 33
811 30
812 30
813 31
814 30
815 29
816 30
817 30
818 32
819 33
820 33
821 34
822 33
823 35
824 37
825 37
826 38
827 37
828 38
829 34
830 35
831 35
832 36
833 36
834 37
835 36
836 36
837 33
838 34
839 35
840 36
841 36
842 35
843 35
844 33
845 35
846 35
847 35
848 34
849 33
850 32
851 33
852 32
853 32
854 31
855 30
856 32
857 32
858 32
859 31
860 29
861 28
862 24
863 25
864 27
865 27
866 26
867 26
868 28
869 30
870 31
871 30
872 28
873 27
874 27
875 27
876 30
877 32
878 32
879 31
880 33
881 34
882 35
883 34
884 35
885 33
886 33
887 31
888 30
889 30
890 31
891 32
892 32
893 33
894 34
895 35
896 37
897 37
898 39
899 38
900 38
901 37
902 36
903 36
904 35
905 34
906 34
907 35
908 35
909 36
910 35
911 36
912 34
913 33
914 32
915 31
916 31
917 31
918 30
919 31
920 30
921 31
922 33
923 32
924 30
925 31
926 33
927 34
928 34
929 33
930 34
931 34
932 32
933 33
934 32
935 32
936 33
937 32
938 31
939 31
940 32
941 34
942 34
943 32
944 33
945 34
946 33
947 33
948 31
949 31
950 29
951 30
952 31
953 29
954 29
955 30
956 30
957 28
958 28
959 31
960 27
961 28
962 28
963 29
964 26
965 26
966 25
967 28
968 28
969 30
970 31
971 30
972 28
973 30
974 32
975 34
976 36
977 35
978 35
979 35
980 34
981 32
982 33
983 33
984 35
985 35
986 32
987 33
988 34
989 35
990 35
991 35
992 34
993 31
994 31
995 32
996 35
997 34
998 36
999 34
1000 35
