0 25
1 20
2 18
3 16
4 15
5 14
6 13
7 12
8 12
9 12
10 13
11 11
12 11
13 14
14 14
15 12
16 12
17 8
18 9
19 12
20 13
21 12
22 13
23 13
24 15
25 13
26 16
27 15
28 14
29 11
30 11
31 11
32 11
33 14
34 12
35 12
36 11
37 13
38 13
39 14
40 13
41 15
42 15
43 15
44 12
45 13
46 14
47 13
48 14
49 15
50 16
51 15
52 12
53 12
54 11
55 10
56 11
57 13
58 10
59 9
60 13
61 14
62 13
63 13
64 14
65 12
66 12
67 13
68 13
69 12
70 13
71 14
72 13
73 12
74 13
75 14
76 13
77 13
78 15
79 13
80 13
81 14
82 13
83 12
84 11
85 13
86 13
87 14
88 13
89 14
90 14
91 14
92 16
93 15
94 13
95 13
96 15
97 13
98 13
99 15
100 15
101 13
102 13
103 14
104 15
105 15
106 13
107 13
108 13
109 13
110 14
111 13
112 15
113 11
114 11
115 13
116 11
117 13
118 12
119 13
120 13
121 14
122 12
123 13
124 13
125 12
126 10
127 14
128 12
129 12
130 12
131 13
132 13
133 15
134 16
135 16
136 15
137 14
138 14
139 12
140 12
141 13
142 13
143 11
144 14
145 14
146 14
147 13
148 11
149 8
150 12
151 13
152 12
153 12
154 12
155 13
156 15
157 12
158 11
159 13
160 12
161 13
162 15
163 15
164 13
165 13
166 12
167 14
168 13
169 15
170 14
171 15
172 17
173 14
174 12
175 13
176 15
177 15
178 13
179 14
180 11
181 11
182 12
183 12
184 12
185 11
186 12
187 14
188 13
189 14
190 14
191 13
192 14
193 15
194 14
195 14
196 14
197 13
198 14
199 12
200 13
201 12
202 12
203 11
204 11
205 13
206 11
207 12
208 11
209 12
210 10
211 9
212 9
213 10
214 9
215 10
216 12
217 12
218 12
219 14
220 14
221 14
222 15
223 15
224 15
225 15
226 14
227 15
228 15
229 15
230 15
231 15
232 14
233 12
234 13
235 13
236 13
237 12
238 11
239 9
240 10
241 12
242 11
243 13
244 13
245 14
246 13
247 12
248 12
249 13
250 13
251 14
252 14
253 15
254 14
255 12
256 14
257 14
258 14
259 13
260 15
261 14
262 12
263 13
264 9
265 11
266 12
267 13
268 12
269 10
270 13
271 15
272 13
273 14
274 13
275 12
276 11
277 13
278 14
279 13
280 13
281 12
282 12
283 12
284 12
285 13
286 16
287 15
288 13
289 13
290 15
291 14
292 14
293 14
294 13
295 13
296 14
297 13
298 13
299 14
300 11
301 11
302 11
303 12
304 12
305 12
306 11
307 14
308 14
309 13
310 14
311 13
312 14
313 12
314 12
315 14
316 15
317 13
318 13
319 13
320 16
321 16
322 16
323 15
324 13
325 14
326 13
327 15
328 15
329 15
330 15
331 14
332 14
333 12
334 13
335 12
336 13
337 14
338 15
339 15
340 14
341 11
342 12
343 10
344 10
345 12
346 12
347 9
348 10
349 12
350 11
351 11
352 10
353 11
354 11
355 12
356 11
357 12
358 12
359 12
360 12
361 12
362 13
363 13
364 14
365 16
366 15
367 14
368 13
369 14
370 14
371 12
372 12
373 14
374 14
375 14
376 13
377 10
378 11
379 11
380 8
381 10
382 13
383 14
384 13
385 12
386 12
387 12
388 13
389 13
390 14
391 13
392 12
393 14
394 15
395 10
396 13
397 12
398 13
399 14
400 13
401 11
402 12
403 13
404 12
405 14
406 13
407 12
408 13
409 14
410 15
411 16
412 14
413 13
414 13
415 14
416 12
417 14
418 13
419 14
420 14
421 13
422 12
423 13
424 15
425 13
426 14
427 14
428 13
429 14
430 14
431 14
432 15
433 14
434 12
435 13
436 13
437 11
438 12
439 11
440 11
441 11
442 11
443 14
444 13
445 11
446 13
447 10
448 10
449 12
450 11
451 12
452 12
453 10
454 11
455 11
456 13
457 14
458 15
459 14
460 14
461 12
462 11
463 12
464 12
465 12
466 12
467 12
468 11
469 12
470 13
471 13
472 14
473 15
474 12
475 13
476 15
477 11
478 12
479 13
480 14
481 12
482 11
483 13
484 13
485 13
486 13
487 13
488 13
489 13
490 13
491 11
492 11
493 11
494 14
495 12
496 12
497 13
498 14
499 16
500 15
501 15
502 14
503 16
504 15
505 13
506 13
507 14
508 15
509 15
510 14
511 14
512 13
513 13
514 12
515 12
516 12
517 13
518 14
519 15
520 13
521 13
522 14
523 14
524 14
525 15
526 14
527 12
528 13
529 12
530 11
531 11
532 12
533 11
534 13
535 13
536 13
537 12
538 11
539 9
540 11
541 12
542 12
543 13
544 12
545 12
546 10
547 11
548 13
549 14
550 9
551 9
552 9
553 10
554 12
555 12
556 13
557 13
558 13
559 11
560 12
561 12
562 12
563 11
564 12
565 14
566 11
567 12
568 14
569 14
570 13
571 13
572 13
573 14
574 14
575 13
576 13
577 14
578 16
579 15
580 14
581 12
582 13
583 14
584 12
585 12
586 12
587 14
588 15
589 15
590 14
591 13
592 13
593 12
594 11
595 10
596 11
597 12
598 10
599 11
600 9
601 12
602 12
603 12
604 14
605 14
606 16
607 17
608 17
609 16
610 14
611 14
612 14
613 13
614 13
615 14
616 14
617 13
618 14
619 15
620 15
621 16
622 15
623 13
624 10
625 10
626 10
627 9
628 10
629 12
630 13
631 11
632 12
633 12
634 13
635 13
636 15
637 15
638 15
639 14
640 14
641 15
642 13
643 14
644 13
645 13
646 11
647 14
648 15
649 14
650 13
651 12
652 12
653 13
654 12
655 10
656 12
657 12
658 10
659 11
660 10
661 9
662 10
663 11
664 13
665 12
666 11
667 13
668 14
669 15
670 15
671 14
672 14
673 14
674 15
675 15
676 14
677 15
678 15
679 13
680 12
681 11
682 12
683 10
684 12
685 9
686 9
687 12
688 12
689 12
690 12
691 13
692 12
693 11
694 11
695 14
696 14
697 13
698 13
699 12
700 14
701 13
702 14
703 14
704 15
705 15
706 15
707 15
708 13
709 9
710 8
711 9
712 9
713 9
714 10
715 11
716 9
717 12
718 12
719 14
720 12
721 13
722 13
723 14
724 16
725 15
726 15
727 15
728 15
729 12
730 12
731 13
732 14
733 15
734 16
735 15
736 15
737 14
738 13
739 11
740 9
741 11
742 13
743 13
744 13
745 14
746 12
747 13
748 13
749 10
750 10
751 11
752 11
753 13
754 15
755 14
756 15
757 16
758 13
759 13
760 14
761 13
762 12
763 14
764 15
765 14
766 14
767 13
768 12
769 11
770 14
771 13
772 12
773 13
774 13
775 12
776 11
777 10
778 12
779 12
780 12
781 12
782 12
783 13
784 14
785 13
786 12
787 14
788 11
789 12
790 12
791 11
792 12
793 12
794 12
795 11
796 10
797 13
798 14
799 13
800 13
801 13
802 13
803 11
804 13
805 12
806 12
807 12
808 12
809 11
810 13
811 12
812 12
813 15
814 14
815 16
816 15
817 16
818 15
819 15
820 13
821 12
822 11
823 11
824 11
825 12
826 12
827 11
828 8
829 12
830 13
831 13
832 13
833 14
834 15
835 14
836 12
837 13
838 14
839 13
840 15
841 12
842 11
843 10
844 10
845 12
846 12
847 14
848 11
849 10
850 11
851 11
852 12
853 12
854 14
855 11
856 12
857 14
858 14
859 14
860 14
861 15
862 14
863 13
864 14
865 13
866 15
867 15
868 13
869 12
870 12
871 12
872 12
873 14
874 14
875 16
876 17
877 14
878 14
879 13
880 15
881 14
882 15
883 14
884 13
885 13
886 11
887 11
888 13
889 13
890 13
891 12
892 13
893 14
894 14
895 12
896 14
897 14
898 14
899 16
900 13
901 13
902 14
903 13
904 13
905 13
906 12
907 13
908 14
909 13
910 12
911 12
912 13
913 12
914 15
915 12
916 13
917 13
918 14
919 14
920 14
921 14
922 13
923 14
924 14
925 14
926 13
927 13
928 14
929 12
930 13
931 13
932 13
933 12
934 13
935 12
936 12
937 14
938 14
939 13
940 12
941 13
942 10
943 10
944 10
945 10
946 11
947 12
948 14
949 13
950 12
951 12
952 11
953 12
954 11
955 11
956 10
957 10
958 9
959 11
960 13
961 12
962 14
963 13
964 13
965 12
966 10
967 10
968 10
969 10
970 12
971 9
972 10
973 12
974 14
975 13
976 15
977 14
978 13
979 12
980 13
981 11
982 10
983 12
984 11
985 11
986 12
987 13
988 15
989 15
990 16
991 15
992 14
993 15
994 14
995 15
996 14
997 14
998 12
999 13
1000 12
