0 20
1 17
2 15
3 13
4 12
5 11
6 11
7 11
8 11
9 11
10 10
11 9
12 8
13 6
14 7
15 8
16 7
17 7
18 6
19 8
20 8
21 8
22 8
23 6
24 6
25 7
26 5
27 5
28 4
29 5
30 7
31 8
32 7
33 8
34 7
35 7
36 7
37 6
38 5
39 6
40 5
41 7
42 7
43 7
44 7
45 8
46 8
47 9
48 8
49 8
50 8
51 7
52 6
53 5
54 6
55 7
56 8
57 8
58 8
59 8
60 8
61 8
62 7
63 6
64 6
65 9
66 8
67 9
68 9
69 9
70 9
71 9
72 8
73 7
74 8
75 7
76 7
77 7
78 6
79 7
80 7
81 6
82 7
83 7
84 7
85 5
86 5
87 5
88 5
89 6
90 6
91 6
92 7
93 6
94 7
95 7
96 6
97 6
98 6
99 6
100 6
101 6
102 6
103 6
104 5
105 6
106 5
107 7
108 6
109 7
110 7
111 6
112 6
113 5
114 6
115 7
116 7
117 7
118 8
119 7
120 7
121 7
122 7
123 8
124 8
125 7
126 7
127 7
128 8
129 8
130 8
131 9
132 9
133 8
134 8
135 8
136 8
137 8
138 6
139 5
140 6
141 7
142 8
143 8
144 8
145 9
146 10
147 9
148 8
149 8
150 9
151 7
152 7
153 6
154 7
155 7
156 7
157 6
158 6
159 7
160 8
161 8
162 8
163 8
164 8
165 8
166 7
167 8
168 8
169 7
170 7
171 7
172 6
173 8
174 8
175 9
176 9
177 9
178 9
179 8
180 8
181 9
182 9
183 9
184 9
185 7
186 9
187 8
188 7
189 7
190 7
191 7
192 6
193 6
194 5
195 7
196 8
197 8
198 8
199 9
200 10
201 10
202 9
203 9
204 10
205 11
206 8
207 7
208 7
209 8
210 7
211 7
212 7
213 8
214 8
215 9
216 7
217 7
218 7
219 8
220 6
221 7
222 8
223 6
224 5
225 6
226 6
227 6
228 7
229 8
230 9
231 8
232 8
233 7
234 7
235 6
236 7
237 6
238 6
239 6
240 7
241 8
242 8
243 9
244 8
245 7
246 5
247 5
248 6
249 7
250 5
251 6
252 6
253 7
254 9
255 9
256 8
257 8
258 7
259 6
260 6
261 9
262 9
263 8
264 10
265 10
266 9
267 9
268 10
269 10
270 10
271 10
272 10
273 9
274 9
275 7
276 7
277 7
278 7
279 6
280 7
281 8
282 6
283 5
284 6
285 4
286 5
287 5
288 5
289 4
290 4
291 4
292 4
293 4
294 5
295 5
296 5
297 5
298 7
299 6
300 8
301 8
302 8
303 9
304 9
305 9
306 9
307 9
308 9
309 8
310 8
311 7
312 7
313 7
314 7
315 7
316 6
317 6
318 8
319 7
320 7
321 8
322 9
323 8
324 9
325 8
326 7
327 7
328 8
329 9
330 8
331 8
332 7
333 7
334 8
335 7
336 7
337 7
338 8
339 8
340 8
341 8
342 8
343 9
344 9
345 9
346 10
347 9
348 9
349 10
350 9
351 9
352 10
353 10
354 10
355 7
356 7
357 7
358 7
359 7
360 7
361 8
362 7
363 8
364 8
365 7
366 8
367 9
368 9
369 8
370 8
371 8
372 6
373 6
374 5
375 6
376 7
377 7
378 8
379 7
380 8
381 9
382 9
383 10
384 8
385 7
386 7
387 7
388 8
389 7
390 8
391 7
392 8
393 8
394 7
395 8
396 9
397 10
398 10
399 10
400 9
401 9
402 10
403 10
404 7
405 7
406 7
407 7
408 8
409 8
410 8
411 7
412 7
413 7
414 8
415 8
416 7
417 8
418 8
419 7
420 8
421 8
422 9
423 7
424 6
425 7
426 6
427 7
428 8
429 7
430 7
431 7
432 8
433 8
434 8
435 6
436 5
437 5
438 8
439 6
440 7
441 8
442 9
443 10
444 10
445 9
446 7
447 7
448 6
449 5
450 4
451 4
452 4
453 5
454 5
455 6
456 6
457 6
458 6
459 6
460 6
461 7
462 7
463 8
464 8
465 9
466 9
467 9
468 9
469 8
470 7
471 7
472 9
473 7
474 8
475 7
476 7
477 5
478 6
479 7
480 6
481 7
482 8
483 9
484 10
485 10
486 9
487 10
488 9
489 9
490 8
491 7
492 8
493 9
494 8
495 8
496 8
497 8
498 8
499 8
500 7
501 6
502 6
503 7
504 7
505 8
506 9
507 9
508 6
509 7
510 7
511 6
512 7
513 7
514 7
515 8
516 10
517 8
518 8
519 8
520 7
521 7
522 7
523 7
524 7
525 8
526 9
527 9
528 9
529 9
530 9
531 9
532 10
533 10
534 9
535 8
536 9
537 10
538 11
539 9
540 6
541 6
542 5
543 5
544 5
545 6
546 6
547 7
548 7
549 6
550 7
551 9
552 10
553 10
554 10
555 10
556 10
557 9
558 9
559 9
560 8
561 8
562 9
563 8
564 9
565 9
566 8
567 8
568 8
569 7
570 5
571 4
572 5
573 5
574 5
575 5
576 6
577 5
578 5
579 6
580 7
581 7
582 5
583 6
584 5
585 5
586 5
587 6
588 6
589 6
590 7
591 7
592 7
593 6
594 7
595 6
596 7
597 7
598 7
599 7
600 7
601 9
602 10
603 10
604 10
605 9
606 9
607 8
608 9
609 9
610 9
611 8
612 9
613 9
614 10
615 9
616 8
617 9
618 9
619 7
620 8
621 9
622 9
623 8
624 9
625 9
626 10
627 8
628 7
629 8
630 4
631 4
632 5
633 5
634 4
635 5
636 5
637 7
638 8
639 8
640 8
641 8
642 8
643 9
644 7
645 7
646 7
647 6
648 7
649 5
650 7
651 7
652 8
653 6
654 6
655 7
656 6
657 6
658 6
659 6
660 7
661 7
662 7
663 7
664 8
665 7
666 8
667 9
668 8
669 8
670 8
671 8
672 8
673 8
674 7
675 6
676 7
677 7
678 7
679 7
680 7
681 7
682 8
683 5
684 6
685 4
686 4
687 5
688 7
689 7
690 8
691 8
692 7
693 7
694 8
695 7
696 6
697 8
698 9
699 8
700 9
701 9
702 8
703 7
704 8
705 8
706 8
707 7
708 8
709 8
710 7
711 5
712 6
713 7
714 7
715 7
716 7
717 8
718 8
719 8
720 7
721 8
722 8
723 8
724 7
725 7
726 7
727 6
728 7
729 7
730 7
731 8
732 9
733 9
734 10
735 9
736 7
737 7
738 7
739 7
740 7
741 7
742 6
743 8
744 8
745 9
746 8
747 7
748 8
749 8
750 8
751 9
752 7
753 8
754 7
755 5
756 6
757 5
758 6
759 5
760 5
761 5
762 6
763 7
764 7
765 8
766 7
767 7
768 7
769 7
770 8
771 6
772 6
773 6
774 7
775 7
776 7
777 7
778 7
779 8
780 7
781 8
782 7
783 8
784 8
785 7
786 8
787 7
788 7
789 6
790 6
791 7
792 8
793 7
794 7
795 6
796 5
797 5
798 6
799 7
800 8
801 7
802 8
803 8
804 8
805 7
806 8
807 7
808 7
809 7
810 6
811 6
812 4
813 5
814 3
815 5
816 6
817 6
818 7
819 8
820 6
821 6
822 7
823 6
824 7
825 7
826 7
827 8
828 9
829 8
830 7
831 7
832 6
833 6
834 6
835 5
836 7
837 7
838 8
839 8
840 8
841 8
842 8
843 8
844 6
845 7
846 7
847 7
848 8
849 8
850 8
851 8
852 7
853 7
854 8
855 8
856 9
857 9
858 9
859 8
860 9
861 8
862 8
863 9
864 8
865 7
866 5
867 7
868 5
869 7
870 8
871 8
872 8
873 9
874 8
875 9
876 9
877 9
878 8
879 7
880 6
881 7
882 7
883 8
884 7
885 9
886 8
887 9
888 9
889 10
890 10
891 10
892 8
893 8
894 8
895 8
896 7
897 7
898 8
899 10
900 10
901 9
902 9
903 7
904 7
905 6
906 7
907 7
908 8
909 8
910 8
911 7
912 6
913 6
914 6
915 6
916 5
917 4
918 4
919 5
920 5
921 6
922 8
923 9
924 8
925 8
926 8
927 6
928 7
929 6
930 6
931 6
932 7
933 7
934 8
935 7
936 6
937 6
938 6
939 8
940 9
941 8
942 8
943 7
944 7
945 7
946 7
947 5
948 6
949 6
950 5
951 6
952 8
953 7
954 7
955 7
956 7
957 6
958 5
959 6
960 8
961 8
962 9
963 10
964 9
965 8
966 9
967 9
968 9
969 8
970 7
971 6
972 7
973 6
974 6
975 6
976 5
977 6
978 5
979 5
980 7
981 7
982 7
983 6
984 7
985 8
986 8
987 7
988 6
989 5
990 7
991 7
992 7
993 6
994 7
995 6
996 6
997 4
998 3
999 5
1000 5
