0 45
1 41
2 39
3 35
4 35
5 32
6 32
7 28
8 31
9 29
10 31
11 32
12 35
13 31
14 30
15 30
16 28
17 28
18 27
19 28
20 26
21 28
22 29
23 30
24 32
25 29
26 27
27 27
28 28
29 25
30 28
31 30
32 29
33 32
34 34
35 34
36 32
37 30
38 26
39 25
40 29
41 26
42 24
43 28
44 26
45 25
46 30
47 31
48 30
49 32
50 29
51 29
52 30
53 30
54 31
55 32
56 31
57 31
58 31
59 32
60 30
61 32
62 30
63 26
64 28
65 28
66 29
67 29
68 31
69 30
70 30
71 31
72 31
73 31
74 32
75 33
76 33
77 35
78 33
79 31
80 31
81 27
82 30
83 29
84 29
85 29
86 28
87 25
88 27
89 28
90 28
91 28
92 31
93 30
94 30
95 29
96 25
97 26
98 30
99 28
100 28
101 30
102 28
103 29
104 30
105 34
106 33
107 31
108 31
109 30
110 30
111 29
112 27
113 28
114 29
115 29
116 31
117 31
118 32
119 33
120 31
121 29
122 26
123 24
124 24
125 23
126 27
127 32
128 31
129 29
130 30
131 29
132 31
133 30
134 30
135 31
136 33
137 33
138 33
139 33
140 29
141 30
142 32
143 32
144 33
145 33
146 32
147 29
148 29
149 28
150 24
151 27
152 27
153 28
154 26
155 25
156 26
157 26
158 28
159 29
160 28
161 30
162 33
163 29
164 29
165 29
166 28
167 28
168 26
169 29
170 27
171 26
172 24
173 27
174 30
175 28
176 30
177 29
178 29
179 27
180 28
181 28
182 28
183 27
184 29
185 29
186 27
187 28
188 28
189 29
190 25
191 24
192 26
193 29
194 31
195 31
196 30
197 30
198 29
199 30
200 25
201 27
202 27
203 29
204 31
205 28
206 27
207 27
208 28
209 27
210 24
211 27
212 28
213 30
214 30
215 31
216 30
217 29
218 31
219 34
220 35
221 32
222 31
223 29
224 28
225 30
226 30
227 31
228 29
229 27
230 31
231 29
232 30
233 32
234 32
235 33
236 34
237 32
238 31
239 32
240 33
241 35
242 31
243 28
244 23
245 23
246 25
247 24
248 26
249 26
250 27
251 25
252 27
253 27
254 26
255 26
256 28
257 28
258 27
259 29
260 30
261 31
262 30
263 30
264 32
265 30
266 31
267 30
268 29
269 27
270 29
271 28
272 29
273 29
274 29
275 31
276 32
277 29
278 26
279 28
280 27
281 28
282 33
283 30
284 29
285 32
286 32
287 29
288 28
289 29
290 29
291 27
292 27
293 28
294 27
295 27
296 27
297 29
298 28
299 27
300 28
301 30
302 31
303 34
304 30
305 31
306 31
307 30
308 32
309 30
310 30
311 27
312 27
313 29
314 28
315 29
316 28
317 30
318 31
319 32
320 32
321 34
322 33
323 32
324 31
325 31
326 30
327 31
328 30
329 29
330 28
331 29
332 28
333 30
334 33
335 31
336 30
337 27
338 30
339 27
340 27
341 27
342 22
343 26
344 26
345 28
346 29
347 29
348 29
349 29
350 29
351 28
352 30
353 30
354 29
355 31
356 27
357 28
358 31
359 32
360 33
361 35
362 35
363 35
364 34
365 34
366 34
367 33
368 33
369 31
370 29
371 30
372 32
373 33
374 34
375 33
376 31
377 32
378 32
379 29
380 32
381 29
382 24
383 25
384 27
385 26
386 30
387 32
388 35
389 33
390 33
391 32
392 32
393 33
394 31
395 26
396 28
397 25
398 26
399 31
400 31
401 29
402 27
403 27
404 24
405 28
406 29
407 30
408 30
409 30
410 31
411 32
412 30
413 32
414 33
415 31
416 29
417 26
418 29
419 28
420 29
421 32
422 33
423 32
424 31
425 32
426 32
427 31
428 30
429 29
430 32
431 30
432 30
433 31
434 31
435 28
436 25
437 24
438 29
439 31
440 31
441 30
442 31
443 28
444 28
445 27
446 27
447 30
448 32
449 31
450 29
451 28
452 29
453 28
454 29
455 31
456 28
457 31
458 31
459 31
460 31
461 29
462 27
463 28
464 29
465 30
466 32
467 34
468 32
469 31
470 31
471 32
472 31
473 27
474 27
475 28
476 29
477 30
478 29
479 25
480 30
481 30
482 32
483 31
484 31
485 29
486 30
487 32
488 34
489 33
490 33
491 33
492 30
493 30
494 30
495 30
496 30
497 31
498 31
499 31
500 30
501 29
502 29
503 29
504 31
505 32
506 33
507 33
508 29
509 30
510 33
511 30
512 27
513 28
514 26
515 28
516 28
517 30
518 28
519 26
520 28
521 29
522 29
523 29
524 27
525 27
526 30
527 28
528 28
529 27
530 26
531 28
532 25
533 22
534 24
535 24
536 28
537 30
538 28
539 29
540 28
541 29
542 30
543 29
544 29
545 27
546 26
547 24
548 25
549 28
550 31
551 31
552 32
553 31
554 27
555 28
556 27
557 28
558 32
559 30
560 28
561 30
562 29
563 29
564 27
565 28
566 29
567 31
568 30
569 30
570 28
571 28
572 27
573 29
574 30
575 29
576 29
577 29
578 30
579 31
580 33
581 33
582 34
583 35
584 34
585 33
586 32
587 32
588 32
589 32
590 31
591 30
592 32
593 28
594 27
595 27
596 28
597 30
598 31
599 31
600 32
601 28
602 25
603 24
604 25
605 27
606 29
607 30
608 30
609 33
610 32
611 32
612 30
613 30
614 29
615 28
616 29
617 28
618 28
619 30
620 31
621 32
622 31
623 31
624 31
625 32
626 33
627 32
628 32
629 35
630 35
631 34
632 34
633 34
634 34
635 33
636 34
637 34
638 32
639 33
640 31
641 32
642 34
643 33
644 31
645 33
646 33
647 30
648 32
649 28
650 27
651 29
652 27
653 26
654 24
655 27
656 27
657 25
658 27
659 28
660 26
661 27
662 30
663 28
664 27
665 30
666 32
667 32
668 32
669 29
670 30
671 29
672 28
673 27
674 27
675 27
676 26
677 27
678 28
679 27
680 26
681 28
682 29
683 30
684 32
685 34
686 30
687 30
688 31
689 33
690 33
691 32
692 29
693 31
694 30
695 29
696 28
697 29
698 28
699 29
700 27
701 28
702 29
703 29
704 30
705 28
706 28
707 29
708 26
709 26
710 28
711 29
712 29
713 28
714 31
715 30
716 28
717 27
718 29
719 27
720 25
721 25
722 25
723 24
724 26
725 24
726 22
727 24
728 22
729 26
730 26
731 27
732 26
733 28
734 29
735 27
736 26
737 25
738 27
739 30
740 32
741 31
742 28
743 29
744 29
745 27
746 28
747 29
748 29
749 32
750 31
751 33
752 34
753 32
754 30
755 29
756 29
757 32
758 31
759 32
760 29
761 29
762 28
763 29
764 31
765 31
766 34
767 28
768 23
769 25
770 27
771 31
772 31
773 30
774 31
775 29
776 32
777 31
778 32
779 32
780 29
781 28
782 28
783 29
784 29
785 30
786 30
787 28
788 33
789 27
790 24
791 29
792 30
793 32
794 29
795 28
796 24
797 29
798 31
799 30
800 33
801 31
802 34
803 29
804 29
805 24
806 23
807 27
808 28
809 30
810 31
811 33
812 32
813 28
814 29
815 28
816 28
817 30
818 32
819 29
820 29
821 30
822 30
823 30
824 32
825 31
826 32
827 31
828 31
829 28
830 29
831 29
832 30
833 31
834 30
835 30
836 30
837 31
838 30
839 27
840 30
841 29
842 30
843 32
844 30
845 29
846 29
847 30
848 29
849 27
850 29
851 30
852 31
853 29
854 31
855 33
856 33
857 34
858 36
859 34
860 34
861 33
862 32
863 31
864 31
865 29
866 28
867 28
868 28
869 29
870 28
871 25
872 28
873 28
874 28
875 27
876 25
877 25
878 25
879 24
880 28
881 27
882 26
883 25
884 25
885 26
886 27
887 27
888 25
889 24
890 29
891 27
892 28
893 30
894 31
895 33
896 30
897 28
898 31
899 30
900 27
901 29
902 30
903 29
904 30
905 31
906 30
907 32
908 31
909 30
910 29
911 29
912 30
913 29
914 27
915 27
916 26
917 27
918 27
919 27
920 29
921 27
922 32
923 30
924 30
925 31
926 30
927 30
928 29
929 27
930 26
931 27
932 28
933 25
934 25
935 23
936 25
937 27
938 27
939 28
940 27
941 28
942 27
943 29
944 26
945 27
946 32
947 31
948 30
949 27
950 28
951 28
952 29
953 28
954 28
955 30
956 31
957 28
958 31
959 31
960 26
961 27
962 29
963 30
964 30
965 29
966 29
967 30
968 31
969 32
970 29
971 27
972 25
973 25
974 25
975 23
976 27
977 29
978 31
979 28
980 27
981 27
982 30
983 29
984 26
985 30
986 29
987 29
988 28
989 29
990 30
991 30
992 30
993 29
994 28
995 30
996 25
997 28
998 30
999 31
1000 28
