0 80
1 73
2 66
3 62
4 59
5 58
6 64
7 60
8 59
9 58
10 56
11 55
12 53
13 50
14 47
15 51
16 51
17 51
18 51
19 56
20 58
21 56
22 55
23 55
24 46
25 45
26 51
27 53
28 58
29 59
30 61
31 55
32 54
33 54
34 56
35 57
36 59
37 58
38 57
39 56
40 59
41 61
42 63
43 59
44 61
45 58
46 55
47 55
48 53
49 47
50 54
51 52
52 56
53 55
54 61
55 59
56 56
57 57
58 55
59 58
60 59
61 58
62 64
63 59
64 56
65 54
66 60
67 57
68 59
69 59
70 60
71 61
72 60
73 59
74 55
75 54
76 54
77 52
78 55
79 50
80 53
81 57
82 57
83 57
84 51
85 54
86 52
87 47
88 50
89 56
90 57
91 58
92 58
93 58
94 57
95 59
96 58
97 59
98 58
99 57
100 51
101 56
102 57
103 55
104 56
105 55
106 56
107 52
108 58
109 56
110 53
111 55
112 54
113 51
114 56
115 55
116 57
117 54
118 57
119 57
120 53
121 54
122 52
123 49
124 53
125 54
126 54
127 55
128 57
129 58
130 58
131 54
132 53
133 53
134 53
135 52
136 55
137 56
138 52
139 52
140 57
141 54
142 55
143 55
144 55
145 55
146 55
147 58
148 57
149 56
150 58
151 59
152 57
153 55
154 52
155 54
156 56
157 50
158 53
159 54
160 55
161 58
162 61
163 61
164 60
165 58
166 55
167 53
168 52
169 53
170 52
171 55
172 55
173 55
174 51
175 46
176 49
177 49
178 46
179 48
180 51
181 51
182 53
183 52
184 53
185 57
186 58
187 58
188 63
189 60
190 60
191 59
192 59
193 55
194 51
195 57
196 54
197 56
198 59
199 55
200 52
201 49
202 50
203 53
204 54
205 49
206 51
207 50
208 51
209 49
210 50
211 51
212 46
213 43
214 47
215 51
216 54
217 56
218 57
219 58
220 56
221 58
222 58
223 54
224 55
225 55
226 55
227 54
228 54
229 56
230 58
231 50
232 52
233 54
234 53
235 56
236 54
237 54
238 56
239 54
240 54
241 53
242 52
243 55
244 55
245 56
246 52
247 54
248 53
249 51
250 53
251 58
252 57
253 54
254 61
255 59
256 58
257 58
258 56
259 54
260 54
261 56
262 56
263 60
264 59
265 58
266 62
267 54
268 54
269 59
270 58
271 58
272 58
273 57
274 53
275 50
276 51
277 50
278 54
279 57
280 58
281 60
282 59
283 60
284 61
285 56
286 60
287 60
288 58
289 58
290 61
291 60
292 61
293 58
294 58
295 55
296 57
297 56
298 59
299 53
300 56
301 56
302 56
303 56
304 52
305 55
306 58
307 59
308 57
309 62
310 59
311 62
312 54
313 57
314 62
315 62
316 59
317 59
318 59
319 58
320 60
321 52
322 52
323 57
324 49
325 54
326 52
327 56
328 54
329 51
330 52
331 54
332 57
333 60
334 59
335 57
336 55
337 53
338 56
339 58
340 56
341 55
342 58
343 58
344 60
345 59
346 61
347 55
348 53
349 54
350 55
351 50
352 55
353 54
354 56
355 50
356 49
357 47
358 50
359 55
360 57
361 55
362 58
363 56
364 54
365 53
366 51
367 56
368 51
369 50
370 54
371 52
372 55
373 54
374 58
375 57
376 57
377 61
378 54
379 53
380 51
381 48
382 55
383 57
384 57
385 49
386 52
387 48
388 49
389 55
390 53
391 54
392 56
393 52
394 58
395 60
396 55
397 60
398 59
399 57
400 53
401 56
402 54
403 57
404 58
405 63
406 58
407 51
408 55
409 56
410 54
411 51
412 54
413 54
414 53
415 56
416 52
417 55
418 56
419 57
420 58
421 55
422 54
423 53
424 55
425 51
426 60
427 58
428 56
429 58
430 59
431 58
432 54
433 54
434 54
435 50
436 49
437 50
438 53
439 49
440 53
441 50
442 52
443 53
444 51
445 51
446 46
447 46
448 46
449 45
450 48
451 49
452 50
453 53
454 56
455 60
456 55
457 57
458 58
459 62
460 56
461 53
462 51
463 52
464 54
465 55
466 57
467 56
468 58
469 53
470 56
471 59
472 59
473 56
474 57
475 54
476 52
477 54
478 55
479 53
480 52
481 56
482 54
483 53
484 54
485 58
486 58
487 56
488 52
489 54
490 54
491 56
492 55
493 56
494 59
495 53
496 56
497 54
498 54
499 55
500 55
501 51
502 55
503 57
504 54
505 57
506 54
507 60
508 62
509 60
510 60
511 59
512 59
513 56
514 59
515 57
516 56
517 56
518 58
519 55
520 54
521 57
522 56
523 59
524 56
525 58
526 53
527 51
528 51
529 46
530 48
531 53
532 50
533 52
534 49
535 51
536 52
537 54
538 52
539 50
540 53
541 59
542 60
543 59
544 55
545 58
546 58
547 58
548 52
549 54
550 54
551 53
552 53
553 56
554 57
555 54
556 57
557 52
558 50
559 54
560 54
561 50
562 54
563 58
564 56
565 52
566 55
567 61
568 63
569 58
570 60
571 55
572 56
573 53
574 55
575 56
576 56
577 57
578 57
579 60
580 54
581 56
582 56
583 53
584 54
585 56
586 55
587 54
588 51
589 56
590 54
591 55
592 58
593 56
594 59
595 55
596 55
597 56
598 52
599 53
600 53
601 53
602 56
603 56
604 60
605 61
606 58
607 56
608 48
609 56
610 60
611 54
612 60
613 58
614 61
615 60
616 60
617 57
618 61
619 63
620 57
621 58
622 55
623 58
624 57
625 52
626 47
627 50
628 48
629 55
630 56
631 50
632 51
633 54
634 58
635 56
636 56
637 59
638 52
639 50
640 54
641 55
642 56
643 52
644 54
645 52
646 52
647 58
648 57
649 59
650 61
651 54
652 54
653 51
654 56
655 62
656 59
657 54
658 48
659 49
660 56
661 55
662 54
663 56
664 56
665 54
666 57
667 53
668 53
669 57
670 55
671 59
672 58
673 58
674 55
675 57
676 56
677 54
678 60
679 60
680 60
681 61
682 62
683 62
684 59
685 57
686 58
687 57
688 58
689 55
690 57
691 56
692 57
693 58
694 57
695 56
696 54
697 55
698 53
699 54
700 53
701 57
702 50
703 53
704 54
705 57
706 57
707 58
708 54
709 56
710 55
711 54
712 49
713 45
714 51
715 50
716 48
717 49
718 52
719 52
720 53
721 49
722 50
723 50
724 52
725 52
726 52
727 54
728 51
729 52
730 56
731 56
732 59
733 61
734 60
735 56
736 52
737 53
738 53
739 54
740 54
741 56
742 59
743 57
744 54
745 59
746 54
747 55
748 56
749 58
750 54
751 59
752 59
753 61
754 61
755 59
756 60
757 56
758 55
759 53
760 51
761 51
762 52
763 52
764 51
765 53
766 53
767 55
768 52
769 53
770 58
771 61
772 62
773 62
774 54
775 48
776 49
777 53
778 53
779 55
780 53
781 54
782 51
783 55
784 51
785 56
786 55
787 56
788 56
789 57
790 51
791 51
792 56
793 58
794 60
795 57
796 51
797 52
798 53
799 53
800 58
801 60
802 55
803 56
804 54
805 53
806 51
807 50
808 51
809 54
810 53
811 57
812 52
813 53
814 56
815 56
816 56
817 49
818 55
819 56
820 53
821 55
822 58
823 59
824 56
825 57
826 59
827 63
828 56
829 60
830 59
831 57
832 54
833 50
834 52
835 52
836 51
837 56
838 55
839 52
840 50
841 53
842 55
843 52
844 55
845 53
846 57
847 61
848 59
849 57
850 57
851 59
852 63
853 60
854 56
855 54
856 54
857 56
858 60
859 61
860 56
861 56
862 57
863 51
864 53
865 53
866 50
867 53
868 56
869 59
870 60
871 58
872 60
873 61
874 57
875 59
876 56
877 56
878 58
879 58
880 54
881 53
882 52
883 50
884 45
885 40
886 45
887 49
888 53
889 57
890 60
891 59
892 58
893 59
894 63
895 61
896 57
897 57
898 57
899 47
900 50
901 51
902 53
903 50
904 47
905 49
906 50
907 53
908 59
909 59
910 63
911 63
912 53
913 55
914 49
915 49
916 52
917 55
918 55
919 56
920 57
921 61
922 59
923 58
924 58
925 59
926 58
927 49
928 55
929 57
930 56
931 56
932 47
933 47
934 50
935 52
936 52
937 54
938 58
939 60
940 61
941 59
942 54
943 53
944 55
945 57
946 55
947 58
948 53
949 54
950 54
951 51
952 52
953 50
954 51
955 53
956 49
957 49
958 54
959 57
960 57
961 54
962 52
963 52
964 53
965 59
966 59
967 60
968 57
969 58
970 58
971 55
972 49
973 52
974 51
975 55
976 56
977 60
978 57
979 54
980 52
981 54
982 58
983 59
984 58
985 57
986 54
987 51
988 54
989 52
990 54
991 56
992 59
993 58
994 58
995 53
996 51
997 51
998 49
999 54
1000 54
