0 30
1 25
2 23
3 21
4 19
5 18
6 17
7 18
8 17
9 18
10 19
11 17
12 18
13 17
14 17
15 15
16 14
17 13
18 15
19 16
20 17
21 16
22 16
23 17
24 17
25 15
26 14
27 14
28 14
29 16
30 18
31 18
32 17
33 15
34 13
35 12
36 11
37 11
38 11
39 11
40 11
41 14
42 13
43 13
44 13
45 13
46 14
47 14
48 15
49 16
50 17
51 16
52 16
53 17
54 16
55 14
56 15
57 17
58 19
59 20
60 19
61 21
62 21
63 22
64 21
65 19
66 17
67 16
68 17
69 16
70 18
71 16
72 16
73 15
74 14
75 14
76 15
77 14
78 16
79 15
80 17
81 16
82 15
83 14
84 16
85 16
86 15
87 15
88 15
89 18
90 18
91 15
92 15
93 15
94 15
95 16
96 17
97 16
98 17
99 15
100 12
101 11
102 14
103 15
104 14
105 14
106 14
107 14
108 15
109 18
110 18
111 20
112 17
113 16
114 16
115 16
116 17
117 16
118 18
119 17
120 17
121 14
122 15
123 17
124 16
125 16
126 17
127 17
128 18
129 16
130 16
131 15
132 15
133 15
134 16
135 14
136 15
137 16
138 16
139 18
140 15
141 15
142 17
143 16
144 15
145 15
146 15
147 16
148 16
149 18
150 18
151 16
152 17
153 17
154 17
155 16
156 17
157 15
158 12
159 11
160 12
161 13
162 14
163 13
164 14
165 14
166 14
167 16
168 16
169 18
170 16
171 15
172 15
173 16
174 16
175 18
176 15
177 16
178 18
179 19
180 19
181 19
182 19
183 17
184 15
185 14
186 14
187 15
188 16
189 17
190 17
191 17
192 16
193 12
194 13
195 14
196 14
197 13
198 13
199 15
200 15
201 15
202 16
203 14
204 16
205 16
206 16
207 17
208 17
209 16
210 17
211 12
212 13
213 12
214 13
215 13
216 15
217 16
218 15
219 15
220 13
221 15
222 16
223 14
224 14
225 14
226 15
227 16
228 17
229 18
230 17
231 16
232 18
233 15
234 14
235 16
236 17
237 17
238 17
239 18
240 17
241 17
242 18
243 17
244 18
245 17
246 18
247 19
248 18
249 18
250 15
251 16
252 17
253 18
254 19
255 19
256 19
257 16
258 15
259 16
260 17
261 15
262 14
263 12
264 13
265 16
266 16
267 18
268 20
269 17
270 16
271 17
272 19
273 18
274 18
275 17
276 17
277 17
278 17
279 17
280 15
281 15
282 16
283 13
284 16
285 17
286 16
287 15
288 15
289 15
290 16
291 15
292 16
293 16
294 17
295 17
296 17
297 17
298 16
299 16
300 16
301 15
302 17
303 14
304 17
305 17
306 15
307 16
308 16
309 16
310 17
311 20
312 19
313 18
314 17
315 17
316 17
317 17
318 15
319 16
320 17
321 14
322 17
323 15
324 13
325 16
326 17
327 17
328 17
329 17
330 16
331 17
332 18
333 19
334 20
335 19
336 17
337 17
338 18
339 16
340 15
341 14
342 14
343 16
344 16
345 17
346 16
347 17
348 17
349 15
350 16
351 16
352 15
353 16
354 16
355 14
356 13
357 12
358 13
359 12
360 14
361 17
362 16
363 17
364 17
365 18
366 18
367 17
368 14
369 14
370 13
371 14
372 13
373 14
374 14
375 15
376 17
377 18
378 18
379 20
380 21
381 19
382 19
383 18
384 16
385 16
386 14
387 16
388 13
389 12
390 15
391 17
392 13
393 14
394 15
395 17
396 17
397 17
398 17
399 13
400 13
401 13
402 14
403 15
404 15
405 15
406 16
407 11
408 12
409 13
410 15
411 14
412 15
413 17
414 17
415 18
416 17
417 19
418 18
419 18
420 16
421 17
422 16
423 15
424 17
425 15
426 15
427 15
428 15
429 16
430 17
431 16
432 16
433 17
434 17
435 16
436 15
437 15
438 15
439 17
440 17
441 18
442 16
443 16
444 16
445 17
446 18
447 18
448 17
449 15
450 17
451 16
452 18
453 15
454 15
455 13
456 14
457 15
458 15
459 17
460 16
461 17
462 18
463 18
464 17
465 17
466 15
467 14
468 14
469 15
470 16
471 16
472 14
473 17
474 17
475 18
476 17
477 18
478 19
479 17
480 15
481 16
482 16
483 17
484 15
485 15
486 15
487 14
488 15
489 13
490 15
491 15
492 16
493 17
494 17
495 17
496 17
497 16
498 15
499 16
500 16
501 16
502 14
503 14
504 15
505 13
506 11
507 14
508 12
509 15
510 17
511 17
512 17
513 17
514 16
515 17
516 17
517 17
518 17
519 18
520 18
521 18
522 18
523 18
524 18
525 17
526 18
527 19
528 18
529 18
530 17
531 16
532 18
533 19
534 19
535 19
536 18
537 17
538 16
539 15
540 14
541 15
542 15
543 14
544 15
545 16
546 17
547 17
548 18
549 18
550 18
551 19
552 18
553 17
554 17
555 16
556 18
557 19
558 19
559 20
560 18
561 18
562 17
563 19
564 18
565 18
566 20
567 18
568 16
569 17
570 18
571 18
572 18
573 17
574 15
575 15
576 15
577 16
578 18
579 18
580 18
581 20
582 21
583 21
584 20
585 20
586 19
587 19
588 18
589 19
590 18
591 19
592 17
593 15
594 13
595 16
596 15
597 13
598 14
599 15
600 15
601 13
602 14
603 12
604 15
605 15
606 12
607 12
608 14
609 13
610 14
611 17
612 17
613 18
614 16
615 15
616 17
617 19
618 18
619 18
620 18
621 17
622 18
623 16
624 15
625 13
626 13
627 15
628 14
629 14
630 13
631 13
632 14
633 14
634 14
635 17
636 16
637 18
638 17
639 18
640 16
641 15
642 16
643 17
644 17
645 17
646 16
647 16
648 15
649 14
650 15
651 14
652 13
653 12
654 15
655 14
656 13
657 12
658 12
659 13
660 16
661 15
662 16
663 17
664 16
665 16
666 16
667 16
668 15
669 17
670 18
671 17
672 18
673 17
674 15
675 16
676 19
677 18
678 18
679 17
680 16
681 17
682 18
683 17
684 18
685 18
686 17
687 17
688 16
689 15
690 17
691 18
692 18
693 16
694 16
695 15
696 15
697 14
698 18
699 18
700 17
701 16
702 16
703 17
704 15
705 15
706 13
707 14
708 14
709 16
710 16
711 17
712 18
713 19
714 18
715 17
716 19
717 19
718 19
719 16
720 16
721 14
722 15
723 16
724 17
725 16
726 17
727 18
728 16
729 13
730 13
731 13
732 13
733 15
734 13
735 15
736 14
737 16
738 16
739 18
740 16
741 17
742 18
743 17
744 16
745 17
746 18
747 16
748 16
749 17
750 16
751 14
752 16
753 16
754 17
755 15
756 11
757 12
758 13
759 13
760 10
761 11
762 12
763 15
764 13
765 13
766 13
767 13
768 14
769 16
770 17
771 18
772 18
773 20
774 20
775 19
776 18
777 18
778 18
779 16
780 17
781 14
782 14
783 14
784 16
785 16
786 18
787 16
788 14
789 15
790 17
791 18
792 17
793 15
794 17
795 18
796 17
797 16
798 17
799 14
800 14
801 12
802 14
803 15
804 15
805 17
806 15
807 13
808 13
809 16
810 15
811 18
812 17
813 16
814 15
815 13
816 14
817 15
818 15
819 15
820 15
821 16
822 17
823 19
824 17
825 16
826 15
827 15
828 15
829 15
830 15
831 13
832 14
833 16
834 16
835 16
836 16
837 15
838 19
839 18
840 17
841 18
842 17
843 17
844 16
845 17
846 18
847 19
848 16
849 17
850 16
851 17
852 17
853 16
854 17
855 16
856 16
857 16
858 15
859 17
860 17
861 17
862 18
863 16
864 15
865 18
866 15
867 16
868 17
869 16
870 16
871 16
872 18
873 18
874 17
875 17
876 19
877 17
878 18
879 19
880 17
881 17
882 20
883 20
884 19
885 19
886 18
887 16
888 16
889 15
890 15
891 17
892 16
893 17
894 16
895 17
896 18
897 17
898 16
899 15
900 14
901 14
902 15
903 17
904 16
905 15
906 17
907 17
908 17
909 19
910 18
911 19
912 19
913 20
914 18
915 17
916 18
917 20
918 20
919 19
920 18
921 18
922 19
923 18
924 15
925 15
926 15
927 17
928 18
929 17
930 16
931 17
932 16
933 17
934 15
935 15
936 16
937 19
938 17
939 15
940 15
941 17
942 17
943 18
944 15
945 16
946 15
947 12
948 13
949 12
950 14
951 14
952 14
953 15
954 13
955 14
956 12
957 11
958 13
959 12
960 12
961 13
962 13
963 12
964 11
965 11
966 13
967 13
968 14
969 15
970 13
971 15
972 16
973 13
974 12
975 12
976 12
977 13
978 15
979 16
980 17
981 16
982 15
983 13
984 12
985 13
986 14
987 14
988 15
989 15
990 11
991 13
992 14
993 16
994 15
995 15
996 16
997 16
998 17
999 15
1000 14
