0 70
1 52
2 51
3 50
4 47
5 47
6 46
7 42
8 46
9 48
10 46
11 40
12 49
13 48
14 46
15 48
16 44
17 49
18 49
19 48
20 44
21 49
22 46
23 47
24 46
25 47
26 46
27 45
28 50
29 44
30 47
31 48
32 44
33 44
34 47
35 47
36 49
37 43
38 47
39 47
40 48
41 45
42 49
43 48
44 48
45 45
46 45
47 46
48 48
49 44
50 49
51 48
52 47
53 47
54 47
55 44
56 46
57 49
58 44
59 43
60 50
61 49
62 44
63 42
64 45
65 44
66 47
67 44
68 44
69 47
70 42
71 46
72 47
73 43
74 44
75 45
76 47
77 50
78 45
79 49
80 43
81 49
82 45
83 47
84 49
85 47
86 47
87 46
88 45
89 46
90 45
91 44
92 46
93 46
94 50
95 48
96 47
97 43
98 42
99 44
100 46
101 44
102 46
103 44
104 47
105 46
106 47
107 45
108 49
109 47
110 47
111 51
112 43
113 49
114 49
115 44
116 49
117 50
118 48
119 48
120 47
121 49
122 48
123 48
124 45
125 45
126 50
127 46
128 46
129 48
130 48
131 47
132 48
133 48
134 49
135 48
136 47
137 48
138 44
139 39
140 47
141 47
142 49
143 45
144 47
145 47
146 44
147 45
148 46
149 49
150 48
151 45
152 46
153 45
154 45
155 46
156 50
157 47
158 51
159 45
160 44
161 44
162 45
163 50
164 47
165 47
166 49
167 39
168 47
169 47
170 48
171 47
172 49
173 47
174 45
175 44
176 48
177 49
178 51
179 50
180 47
181 45
182 40
183 43
184 50
185 46
186 42
187 44
188 46
189 47
190 49
191 50
192 50
193 41
194 47
195 42
196 44
197 52
198 43
199 47
200 44
201 48
202 43
203 46
204 50
205 42
206 43
207 45
208 44
209 47
210 46
211 44
212 46
213 50
214 47
215 50
216 45
217 46
218 48
219 48
220 47
221 49
222 47
223 48
224 45
225 39
226 47
227 45
228 49
229 48
230 46
231 46
232 50
233 47
234 47
235 44
236 45
237 44
238 46
239 46
240 45
241 49
242 47
243 48
244 47
245 48
246 47
247 43
248 45
249 48
250 43
251 49
252 45
253 45
254 50
255 51
256 45
257 46
258 45
259 49
260 47
261 49
262 43
263 49
264 47
265 50
266 47
267 46
268 47
269 48
270 48
271 47
272 44
273 48
274 51
275 47
276 46
277 48
278 48
279 48
280 43
281 46
282 49
283 49
284 41
285 47
286 47
287 49
288 49
289 50
290 49
291 48
292 50
293 49
294 46
295 45
296 42
297 45
298 45
299 47
300 49
301 48
302 42
303 48
304 46
305 47
306 50
307 47
308 49
309 49
310 48
311 41
312 49
313 50
314 47
315 49
316 49
317 49
318 46
319 48
320 46
321 49
322 46
323 44
324 48
325 46
326 45
327 49
328 48
329 47
330 46
331 50
332 50
333 47
334 45
335 50
336 48
337 44
338 45
339 50
340 53
341 48
342 48
343 47
344 48
345 43
346 48
347 47
348 47
349 45
350 45
351 49
352 48
353 46
354 49
355 51
356 49
357 47
358 47
359 47
360 49
361 48
362 50
363 44
364 44
365 41
366 43
367 48
368 47
369 49
370 46
371 43
372 42
373 44
374 44
375 44
376 49
377 47
378 46
379 45
380 48
381 43
382 46
383 46
384 44
385 46
386 49
387 44
388 47
389 47
390 51
391 42
392 39
393 47
394 47
395 46
396 46
397 48
398 47
399 46
400 46
401 46
402 50
403 46
404 49
405 47
406 47
407 48
408 47
409 48
410 48
411 44
412 42
413 47
414 48
415 48
416 47
417 46
418 49
419 50
420 47
421 45
422 50
423 45
424 48
425 50
426 48
427 48
428 44
429 46
430 47
431 43
432 46
433 49
434 47
435 46
436 46
437 44
438 46
439 48
440 46
441 48
442 46
443 48
444 43
445 46
446 49
447 44
448 45
449 46
450 48
451 47
452 46
453 45
454 48
455 47
456 44
457 51
458 48
459 46
460 47
461 48
462 50
463 46
464 43
465 44
466 45
467 50
468 46
469 47
470 45
471 48
472 47
473 49
474 49
475 48
476 47
477 50
478 46
479 47
480 49
481 48
482 52
483 45
484 46
485 46
486 46
487 43
488 47
489 49
490 42
491 44
492 48
493 44
494 44
495 49
496 42
497 48
498 41
499 48
500 48
501 44
502 48
503 46
504 47
505 44
506 43
507 46
508 47
509 46
510 47
511 47
512 45
513 45
514 49
515 45
516 47
517 45
518 46
519 44
520 47
521 45
522 46
523 47
524 48
525 46
526 46
527 50
528 50
529 46
530 49
531 50
532 48
533 46
534 44
535 44
536 44
537 46
538 43
539 48
540 42
541 46
542 50
543 46
544 47
545 45
546 45
547 51
548 50
549 49
550 43
551 48
552 47
553 51
554 51
555 45
556 44
557 48
558 47
559 46
560 47
561 48
562 46
563 50
564 44
565 47
566 46
567 51
568 48
569 45
570 50
571 46
572 49
573 44
574 44
575 50
576 43
577 46
578 49
579 43
580 47
581 49
582 44
583 49
584 46
585 51
586 48
587 45
588 39
589 47
590 47
591 45
592 45
593 48
594 50
595 43
596 49
597 47
598 47
599 44
600 44
601 42
602 47
603 44
604 48
605 48
606 44
607 47
608 44
609 44
610 46
611 45
612 46
613 46
614 49
615 47
616 44
617 49
618 44
619 47
620 50
621 50
622 46
623 46
624 50
625 45
626 44
627 44
628 46
629 46
630 47
631 50
632 47
633 46
634 48
635 45
636 49
637 47
638 43
639 45
640 48
641 45
642 49
643 45
644 44
645 48
646 48
647 47
648 47
649 46
650 46
651 49
652 51
653 47
654 42
655 48
656 44
657 49
658 44
659 46
660 46
661 42
662 46
663 46
664 49
665 48
666 41
667 44
668 45
669 44
670 47
671 43
672 44
673 43
674 47
675 46
676 45
677 49
678 48
679 47
680 48
681 48
682 47
683 44
684 46
685 47
686 45
687 44
688 47
689 45
690 46
691 47
692 45
693 49
694 47
695 47
696 47
697 46
698 49
699 47
700 45
701 47
702 44
703 44
704 48
705 49
706 47
707 45
708 44
709 47
710 45
711 50
712 49
713 44
714 48
715 51
716 44
717 48
718 47
719 47
720 49
721 45
722 44
723 47
724 46
725 47
726 45
727 37
728 46
729 47
730 46
731 45
732 48
733 48
734 48
735 46
736 43
737 44
738 45
739 48
740 46
741 41
742 48
743 41
744 45
745 44
746 41
747 51
748 49
749 47
750 48
751 47
752 46
753 46
754 46
755 43
756 46
757 49
758 50
759 48
760 47
761 45
762 41
763 44
764 48
765 45
766 47
767 48
768 43
769 45
770 43
771 46
772 47
773 44
774 47
775 46
776 41
777 46
778 47
779 47
780 44
781 46
782 47
783 42
784 48
785 49
786 48
787 46
788 47
789 43
790 46
791 42
792 44
793 46
794 51
795 39
796 46
797 48
798 43
799 46
800 45
801 39
802 51
803 49
804 43
805 48
806 47
807 46
808 47
809 48
810 44
811 43
812 48
813 49
814 50
815 46
816 46
817 45
818 44
819 44
820 49
821 43
822 48
823 45
824 47
825 48
826 50
827 46
828 44
829 44
830 46
831 42
832 49
833 44
834 48
835 47
836 47
837 46
838 44
839 47
840 45
841 45
842 48
843 46
844 45
845 48
846 48
847 51
848 49
849 45
850 43
851 48
852 45
853 47
854 48
855 46
856 46
857 48
858 44
859 48
860 51
861 50
862 44
863 47
864 41
865 48
866 46
867 47
868 44
869 47
870 40
871 46
872 47
873 46
874 49
875 41
876 49
877 50
878 45
879 49
880 46
881 44
882 46
883 46
884 49
885 46
886 48
887 46
888 48
889 48
890 50
891 43
892 49
893 48
894 48
895 48
896 48
897 48
898 43
899 48
900 45
901 46
902 48
903 48
904 49
905 51
906 44
907 49
908 49
909 48
910 48
911 44
912 46
913 48
914 50
915 47
916 47
917 43
918 48
919 50
920 47
921 49
922 48
923 48
924 48
925 47
926 46
927 48
928 50
929 50
930 49
931 46
932 47
933 47
934 46
935 46
936 44
937 47
938 48
939 46
940 47
941 45
942 46
943 48
944 43
945 46
946 48
947 50
948 48
949 42
950 46
951 47
952 49
953 45
954 42
955 44
956 49
957 43
958 50
959 48
960 47
961 45
962 47
963 45
964 45
965 47
966 52
967 48
968 50
969 50
970 49
971 45
972 45
973 51
974 49
975 48
976 46
977 46
978 45
979 49
980 41
981 46
982 43
983 43
984 48
985 49
986 40
987 46
988 47
989 43
990 44
991 42
992 44
993 49
994 48
995 45
996 49
997 47
998 51
999 46
1000 46
