0 70
1 59
2 51
3 49
4 43
5 43
6 43
7 43
8 41
9 43
10 47
11 42
12 46
13 46
14 45
15 44
16 40
17 41
18 44
19 44
20 43
21 42
22 45
23 45
24 43
25 41
26 42
27 42
28 41
29 42
30 46
31 48
32 44
33 45
34 45
35 46
36 44
37 42
38 39
39 42
40 42
41 43
42 45
43 42
44 38
45 41
46 42
47 46
48 42
49 41
50 42
51 41
52 40
53 43
54 43
55 43
56 44
57 44
58 42
59 41
60 40
61 42
62 42
63 45
64 46
65 45
66 41
67 44
68 45
69 46
70 49
71 48
72 43
73 44
74 45
75 42
76 42
77 39
78 40
79 42
80 41
81 43
82 42
83 42
84 40
85 41
86 42
87 44
88 45
89 46
90 45
91 42
92 45
93 44
94 42
95 38
96 36
97 38
98 37
99 40
100 41
101 44
102 47
103 44
104 45
105 46
106 44
107 44
108 45
109 42
110 42
111 39
112 38
113 40
114 38
115 41
116 42
117 44
118 41
119 44
120 44
121 45
122 42
123 42
124 40
125 39
126 39
127 41
128 40
129 38
130 42
131 45
132 45
133 44
134 44
135 45
136 47
137 44
138 44
139 45
140 47
141 44
142 45
143 42
144 39
145 36
146 35
147 40
148 38
149 41
150 43
151 46
152 46
153 42
154 41
155 41
156 44
157 45
158 42
159 42
160 45
161 45
162 46
163 47
164 44
165 40
166 38
167 39
168 37
169 38
170 41
171 43
172 42
173 43
174 43
175 42
176 42
177 39
178 34
179 39
180 38
181 39
182 44
183 45
184 42
185 41
186 44
187 41
188 39
189 40
190 40
191 42
192 42
193 44
194 44
195 45
196 44
197 43
198 42
199 42
200 43
201 41
202 40
203 41
204 40
205 42
206 38
207 39
208 41
209 41
210 42
211 44
212 45
213 43
214 43
215 43
216 40
217 39
218 38
219 41
220 44
221 43
222 44
223 47
224 47
225 45
226 44
227 45
228 43
229 43
230 42
231 45
232 45
233 44
234 49
235 46
236 40
237 35
238 39
239 36
240 42
241 44
242 41
243 39
244 40
245 40
246 42
247 43
248 45
249 45
250 43
251 43
252 44
253 44
254 46
255 42
256 44
257 42
258 46
259 44
260 42
261 45
262 46
263 44
264 45
265 46
266 46
267 47
268 47
269 45
270 41
271 42
272 44
273 44
274 41
275 43
276 43
277 47
278 49
279 50
280 46
281 40
282 40
283 39
284 39
285 38
286 41
287 40
288 43
289 45
290 45
291 42
292 47
293 44
294 43
295 45
296 41
297 40
298 39
299 40
300 41
301 45
302 43
303 43
304 43
305 43
306 42
307 43
308 42
309 41
310 43
311 39
312 41
313 44
314 39
315 42
316 41
317 40
318 43
319 45
320 41
321 42
322 41
323 44
324 46
325 41
326 43
327 42
328 40
329 40
330 41
331 43
332 42
333 42
334 43
335 43
336 45
337 43
338 43
339 45
340 45
341 45
342 45
343 40
344 43
345 42
346 42
347 42
348 39
349 41
350 42
351 42
352 42
353 44
354 44
355 46
356 44
357 41
358 43
359 45
360 44
361 42
362 45
363 43
364 45
365 44
366 42
367 39
368 42
369 40
370 40
371 41
372 41
373 41
374 43
375 42
376 42
377 42
378 41
379 44
380 41
381 41
382 40
383 36
384 37
385 38
386 39
387 41
388 41
389 41
390 45
391 46
392 45
393 44
394 43
395 45
396 43
397 47
398 48
399 47
400 47
401 46
402 48
403 48
404 48
405 47
406 42
407 45
408 41
409 46
410 43
411 42
412 42
413 44
414 44
415 41
416 40
417 41
418 42
419 45
420 42
421 40
422 40
423 41
424 42
425 41
426 43
427 42
428 41
429 41
430 43
431 42
432 41
433 40
434 40
435 42
436 43
437 44
438 42
439 40
440 41
441 39
442 38
443 38
444 43
445 42
446 43
447 44
448 45
449 42
450 43
451 43
452 42
453 43
454 39
455 41
456 45
457 45
458 46
459 48
460 45
461 43
462 43
463 41
464 43
465 42
466 43
467 45
468 43
469 47
470 47
471 45
472 47
473 49
474 48
475 44
476 45
477 44
478 39
479 39
480 40
481 40
482 39
483 41
484 42
485 44
486 46
487 43
488 44
489 42
490 43
491 44
492 44
493 46
494 44
495 45
496 42
497 44
498 47
499 45
500 44
501 45
502 45
503 46
504 45
505 44
506 43
507 43
508 45
509 43
510 45
511 46
512 46
513 44
514 43
515 44
516 47
517 49
518 50
519 47
520 45
521 43
522 44
523 41
524 42
525 45
526 42
527 42
528 42
529 43
530 37
531 38
532 41
533 42
534 43
535 41
536 44
537 46
538 44
539 43
540 42
541 45
542 45
543 45
544 44
545 44
546 39
547 41
548 42
549 41
550 41
551 44
552 40
553 41
554 42
555 45
556 43
557 39
558 38
559 40
560 37
561 40
562 33
563 35
564 39
565 40
566 41
567 44
568 42
569 40
570 44
571 45
572 43
573 39
574 40
575 42
576 40
577 40
578 43
579 43
580 45
581 47
582 45
583 43
584 44
585 43
586 40
587 42
588 45
589 47
590 48
591 49
592 46
593 45
594 44
595 43
596 43
597 42
598 42
599 47
600 46
601 46
602 44
603 43
604 45
605 37
606 40
607 40
608 40
609 41
610 40
611 37
612 40
613 39
614 39
615 38
616 39
617 41
618 40
619 41
620 39
621 39
622 41
623 39
624 43
625 46
626 44
627 48
628 46
629 44
630 45
631 41
632 42
633 40
634 40
635 39
636 40
637 41
638 45
639 45
640 45
641 45
642 36
643 41
644 41
645 41
646 42
647 44
648 43
649 43
650 43
651 44
652 44
653 46
654 43
655 41
656 38
657 41
658 43
659 43
660 40
661 41
662 40
663 40
664 41
665 42
666 41
667 41
668 36
669 38
670 36
671 36
672 40
673 43
674 42
675 43
676 43
677 44
678 42
679 39
680 42
681 43
682 42
683 40
684 43
685 44
686 45
687 42
688 40
689 38
690 39
691 43
692 44
693 43
694 44
695 47
696 41
697 38
698 37
699 38
700 42
701 42
702 43
703 43
704 45
705 44
706 45
707 44
708 43
709 43
710 44
711 40
712 41
713 42
714 44
715 41
716 43
717 45
718 44
719 42
720 45
721 45
722 44
723 46
724 44
725 44
726 41
727 44
728 45
729 45
730 43
731 41
732 37
733 36
734 37
735 37
736 36
737 40
738 40
739 40
740 41
741 42
742 43
743 39
744 43
745 44
746 43
747 45
748 42
749 43
750 46
751 44
752 40
753 42
754 43
755 43
756 43
757 40
758 41
759 39
760 41
761 43
762 44
763 45
764 44
765 44
766 48
767 46
768 45
769 47
770 43
771 40
772 44
773 45
774 43
775 42
776 43
777 43
778 43
779 45
780 40
781 44
782 47
783 46
784 46
785 43
786 44
787 44
788 46
789 47
790 48
791 45
792 41
793 43
794 42
795 43
796 47
797 48
798 47
799 47
800 47
801 47
802 45
803 44
804 44
805 42
806 44
807 43
808 42
809 41
810 43
811 41
812 42
813 42
814 43
815 44
816 46
817 47
818 44
819 42
820 44
821 44
822 42
823 41
824 36
825 38
826 39
827 40
828 41
829 41
830 38
831 36
832 37
833 42
834 41
835 40
836 45
837 45
838 44
839 40
840 41
841 38
842 42
843 43
844 44
845 42
846 43
847 43
848 40
849 40
850 42
851 41
852 45
853 45
854 45
855 45
856 46
857 42
858 40
859 39
860 40
861 39
862 42
863 42
864 45
865 46
866 44
867 41
868 41
869 43
870 44
871 44
872 44
873 40
874 39
875 40
876 37
877 40
878 39
879 42
880 42
881 38
882 41
883 39
884 41
885 39
886 40
887 40
888 43
889 41
890 41
891 43
892 44
893 45
894 45
895 40
896 41
897 41
898 43
899 44
900 45
901 43
902 41
903 43
904 41
905 44
906 46
907 42
908 43
909 43
910 44
911 43
912 43
913 43
914 41
915 41
916 43
917 43
918 43
919 42
920 44
921 40
922 42
923 43
924 43
925 45
926 42
927 44
928 42
929 44
930 42
931 41
932 42
933 41
934 42
935 42
936 42
937 43
938 40
939 43
940 40
941 41
942 43
943 44
944 43
945 44
946 42
947 39
948 37
949 38
950 43
951 47
952 46
953 45
954 38
955 40
956 41
957 41
958 39
959 35
960 39
961 41
962 39
963 41
964 43
965 45
966 47
967 42
968 42
969 44
970 44
971 42
972 43
973 42
974 43
975 43
976 44
977 45
978 44
979 42
980 42
981 43
982 45
983 45
984 43
985 42
986 44
987 46
988 42
989 42
990 43
991 41
992 39
993 42
994 38
995 41
996 39
997 44
998 42
999 43
1000 41
