0 30
1 24
2 22
3 20
4 19
5 17
6 16
7 17
8 15
9 12
10 12
11 15
12 16
13 13
14 15
15 14
16 15
17 16
18 17
19 17
20 18
21 17
22 16
23 17
24 18
25 17
26 16
27 17
28 16
29 17
30 18
31 16
32 16
33 15
34 15
35 15
36 15
37 15
38 17
39 16
40 16
41 17
42 18
43 17
44 17
45 18
46 17
47 14
48 14
49 13
50 13
51 13
52 13
53 14
54 14
55 16
56 15
57 15
58 13
59 14
60 12
61 13
62 11
63 11
64 11
65 12
66 14
67 16
68 18
69 17
70 17
71 18
72 19
73 18
74 17
75 17
76 17
77 16
78 16
79 15
80 17
81 18
82 17
83 16
84 17
85 17
86 17
87 18
88 18
89 16
90 17
91 17
92 18
93 16
94 15
95 15
96 17
97 17
98 17
99 16
100 17
101 16
102 16
103 18
104 16
105 17
106 16
107 15
108 14
109 15
110 13
111 13
112 13
113 15
114 15
115 15
116 13
117 14
118 18
119 16
120 16
121 17
122 16
123 16
124 16
125 14
126 14
127 14
128 16
129 17
130 17
131 16
132 16
133 18
134 17
135 18
136 17
137 18
138 17
139 19
140 19
141 19
142 18
143 16
144 16
145 13
146 14
147 15
148 15
149 15
150 14
151 16
152 16
153 14
154 13
155 15
156 15
157 16
158 17
159 17
160 17
161 12
162 15
163 16
164 13
165 14
166 15
167 17
168 15
169 13
170 13
171 16
172 16
173 16
174 17
175 15
176 16
177 16
178 13
179 15
180 17
181 17
182 17
183 15
184 14
185 13
186 14
187 16
188 17
189 16
190 19
191 19
192 18
193 17
194 17
195 18
196 16
197 16
198 14
199 15
200 15
201 15
202 17
203 15
204 16
205 16
206 18
207 17
208 15
209 16
210 16
211 17
212 16
213 18
214 17
215 17
216 18
217 18
218 18
219 16
220 17
221 15
222 17
223 18
224 15
225 16
226 17
227 16
228 15
229 14
230 14
231 15
232 13
233 13
234 15
235 14
236 14
237 13
238 14
239 16
240 14
241 15
242 15
243 15
244 17
245 17
246 17
247 17
248 17
249 15
250 15
251 15
252 18
253 18
254 16
255 16
256 15
257 16
258 17
259 14
260 16
261 16
262 18
263 15
264 16
265 12
266 15
267 15
268 14
269 15
270 13
271 14
272 17
273 19
274 19
275 18
276 16
277 17
278 19
279 20
280 18
281 16
282 16
283 17
284 18
285 18
286 16
287 17
288 15
289 15
290 17
291 13
292 15
293 14
294 14
295 11
296 14
297 15
298 14
299 13
300 14
301 14
302 16
303 16
304 16
305 16
306 17
307 16
308 16
309 16
310 17
311 15
312 15
313 16
314 17
315 18
316 18
317 18
318 17
319 17
320 17
321 17
322 16
323 18
324 16
325 16
326 17
327 14
328 15
329 14
330 15
331 15
332 15
333 18
334 17
335 16
336 14
337 13
338 15
339 13
340 13
341 17
342 16
343 16
344 16
345 16
346 17
347 16
348 19
349 18
350 19
351 15
352 15
353 14
354 14
355 15
356 15
357 11
358 13
359 15
360 13
361 16
362 15
363 17
364 18
365 17
366 15
367 17
368 16
369 14
370 15
371 11
372 11
373 14
374 14
375 15
376 15
377 15
378 15
379 18
380 17
381 18
382 17
383 16
384 15
385 16
386 14
387 15
388 17
389 16
390 14
391 16
392 16
393 16
394 18
395 16
396 17
397 19
398 17
399 16
400 16
401 14
402 13
403 13
404 15
405 16
406 17
407 14
408 15
409 15
410 15
411 16
412 17
413 15
414 17
415 16
416 18
417 21
418 19
419 17
420 16
421 17
422 17
423 15
424 15
425 16
426 16
427 16
428 18
429 18
430 18
431 17
432 17
433 13
434 15
435 15
436 13
437 15
438 18
439 16
440 16
441 18
442 19
443 19
444 19
445 19
446 17
447 15
448 15
449 15
450 16
451 18
452 17
453 15
454 17
455 18
456 18
457 16
458 15
459 15
460 14
461 14
462 16
463 16
464 16
465 16
466 14
467 13
468 16
469 19
470 19
471 19
472 16
473 15
474 16
475 19
476 18
477 14
478 15
479 16
480 18
481 20
482 17
483 18
484 15
485 16
486 16
487 16
488 16
489 15
490 16
491 17
492 16
493 16
494 17
495 19
496 16
497 15
498 16
499 15
500 17
501 15
502 16
503 16
504 16
505 15
506 16
507 15
508 13
509 12
510 13
511 14
512 15
513 17
514 18
515 15
516 16
517 14
518 14
519 14
520 14
521 16
522 18
523 17
524 20
525 18
526 18
527 18
528 18
529 17
530 18
531 19
532 18
533 19
534 18
535 18
536 18
537 16
538 17
539 17
540 16
541 16
542 13
543 12
544 14
545 18
546 17
547 17
548 15
549 17
550 16
551 15
552 17
553 17
554 17
555 17
556 18
557 14
558 17
559 17
560 16
561 16
562 16
563 16
564 17
565 18
566 17
567 15
568 15
569 16
570 16
571 16
572 18
573 18
574 16
575 18
576 18
577 19
578 18
579 17
580 16
581 17
582 17
583 16
584 15
585 17
586 16
587 17
588 17
589 17
590 16
591 15
592 14
593 16
594 16
595 16
596 14
597 15
598 13
599 14
600 14
601 12
602 15
603 16
604 16
605 17
606 17
607 18
608 18
609 18
610 15
611 16
612 14
613 14
614 14
615 13
616 14
617 15
618 14
619 16
620 18
621 17
622 14
623 14
624 15
625 15
626 15
627 16
628 17
629 17
630 16
631 17
632 17
633 16
634 16
635 15
636 16
637 17
638 15
639 15
640 14
641 12
642 14
643 16
644 15
645 16
646 16
647 15
648 15
649 14
650 14
651 15
652 15
653 16
654 16
655 15
656 14
657 15
658 14
659 14
660 15
661 15
662 16
663 17
664 16
665 18
666 16
667 15
668 18
669 19
670 17
671 17
672 17
673 15
674 17
675 19
676 16
677 14
678 16
679 15
680 15
681 15
682 11
683 11
684 13
685 11
686 13
687 12
688 12
689 14
690 14
691 13
692 15
693 14
694 14
695 17
696 17
697 18
698 16
699 16
700 16
701 17
702 17
703 17
704 15
705 14
706 17
707 17
708 17
709 17
710 17
711 17
712 14
713 16
714 17
715 16
716 15
717 15
718 16
719 16
720 15
721 17
722 17
723 17
724 17
725 16
726 17
727 15
728 14
729 14
730 13
731 17
732 18
733 17
734 13
735 15
736 15
737 14
738 16
739 15
740 16
741 15
742 16
743 16
744 16
745 17
746 16
747 14
748 13
749 15
750 17
751 17
752 16
753 16
754 17
755 18
756 16
757 14
758 13
759 14
760 14
761 16
762 15
763 15
764 14
765 13
766 14
767 15
768 16
769 16
770 18
771 20
772 18
773 17
774 16
775 17
776 18
777 19
778 18
779 19
780 18
781 16
782 15
783 13
784 14
785 15
786 16
787 18
788 17
789 18
790 18
791 19
792 18
793 21
794 20
795 16
796 17
797 17
798 17
799 17
800 17
801 16
802 15
803 15
804 16
805 16
806 15
807 17
808 17
809 16
810 17
811 18
812 16
813 17
814 16
815 17
816 16
817 18
818 18
819 16
820 14
821 16
822 15
823 15
824 17
825 18
826 17
827 15
828 15
829 17
830 16
831 14
832 15
833 18
834 20
835 20
836 19
837 18
838 17
839 16
840 14
841 16
842 17
843 17
844 17
845 17
846 17
847 17
848 15
849 17
850 13
851 14
852 16
853 15
854 15
855 16
856 15
857 17
858 17
859 14
860 14
861 15
862 16
863 16
864 16
865 17
866 15
867 16
868 13
869 15
870 15
871 13
872 12
873 15
874 17
875 17
876 16
877 17
878 17
879 17
880 18
881 17
882 17
883 16
884 17
885 16
886 16
887 17
888 15
889 14
890 16
891 17
892 17
893 16
894 17
895 15
896 16
897 17
898 15
899 14
900 15
901 16
902 15
903 14
904 15
905 15
906 16
907 17
908 15
909 17
910 14
911 12
912 13
913 12
914 15
915 16
916 14
917 17
918 17
919 18
920 19
921 17
922 17
923 18
924 18
925 18
926 17
927 20
928 19
929 16
930 14
931 17
932 17
933 17
934 16
935 18
936 17
937 17
938 16
939 19
940 18
941 14
942 15
943 17
944 14
945 15
946 18
947 17
948 18
949 19
950 20
951 19
952 19
953 18
954 18
955 17
956 17
957 17
958 17
959 16
960 12
961 11
962 12
963 15
964 17
965 17
966 16
967 14
968 14
969 16
970 16
971 17
972 18
973 16
974 18
975 17
976 18
977 18
978 16
979 17
980 17
981 15
982 16
983 16
984 13
985 13
986 14
987 16
988 13
989 11
990 13
991 14
992 16
993 16
994 16
995 17
996 18
997 18
998 20
999 19
1000 17
