0 50
1 49
2 48
3 48
4 48
5 47
6 46
7 46
8 45
9 44
10 44
11 44
12 44
13 43
14 41
15 41
16 41
17 40
18 40
19 38
20 38
21 38
22 38
23 38
24 38
25 37
26 37
27 37
28 37
29 37
30 37
31 37
32 37
33 36
34 35
35 35
36 35
37 34
38 33
39 33
40 32
41 32
42 32
43 32
44 30
45 30
46 31
47 30
48 29
49 29
50 29
51 30
52 29
53 29
54 28
55 29
56 28
57 27
58 26
59 25
60 25
61 25
62 26
63 25
64 26
65 26
66 25
67 24
68 24
69 24
70 23
71 23
72 22
73 22
74 23
75 23
76 23
77 23
78 24
79 24
80 24
81 23
82 23
83 23
84 24
85 23
86 24
87 23
88 22
89 22
90 22
91 22
92 21
93 21
94 21
95 21
96 22
97 22
98 21
99 22
100 24
101 25
102 25
103 25
104 24
105 23
106 23
107 23
108 23
109 22
110 22
111 22
112 23
113 23
114 21
115 21
116 22
117 20
118 20
119 19
120 19
121 19
122 19
123 20
124 19
125 20
126 22
127 21
128 20
129 21
130 21
131 23
132 23
133 24
134 25
135 25
136 26
137 26
138 25
139 25
140 25
141 24
142 22
143 22
144 23
145 22
146 23
147 22
148 22
149 21
150 22
151 22
152 22
153 22
154 22
155 21
156 22
157 22
158 22
159 24
160 24
161 24
162 23
163 24
164 25
165 26
166 27
167 28
168 27
169 27
170 26
171 26
172 27
173 27
174 26
175 26
176 26
177 26
178 26
179 26
180 25
181 25
182 26
183 24
184 24
185 24
186 25
187 26
188 26
189 26
190 26
191 26
192 26
193 26
194 26
195 26
196 26
197 26
198 25
199 25
200 26
201 25
202 24
203 25
204 25
205 24
206 24
207 24
208 24
209 24
210 25
211 26
212 28
213 28
214 28
215 28
216 27
217 26
218 26
219 26
220 27
221 26
222 26
223 25
224 25
225 25
226 23
227 23
228 22
229 23
230 23
231 23
232 23
233 23
234 23
235 23
236 23
237 24
238 24
239 24
240 25
241 25
242 24
243 25
244 25
245 25
246 25
247 23
248 23
249 21
250 21
251 21
252 20
253 20
254 20
255 20
256 20
257 19
258 18
259 18
260 19
261 20
262 20
263 20
264 21
265 20
266 20
267 19
268 19
269 19
270 18
271 18
272 18
273 18
274 18
275 19
276 19
277 18
278 18
279 18
280 19
281 19
282 19
283 19
284 19
285 19
286 21
287 22
288 22
289 23
290 22
291 23
292 24
293 23
294 23
295 23
296 24
297 23
298 24
299 24
300 24
301 24
302 24
303 24
304 23
305 24
306 23
307 23
308 23
309 22
310 22
311 22
312 22
313 22
314 22
315 24
316 25
317 24
318 26
319 26
320 26
321 26
322 26
323 26
324 27
325 27
326 26
327 26
328 26
329 27
330 27
331 27
332 27
333 26
334 27
335 27
336 27
337 27
338 27
339 27
340 26
341 25
342 25
343 26
344 24
345 24
346 25
347 26
348 26
349 27
350 27
351 27
352 27
353 26
354 25
355 27
356 26
357 26
358 27
359 28
360 28
361 28
362 27
363 27
364 28
365 28
366 28
367 28
368 28
369 27
370 26
371 25
372 25
373 25
374 25
375 25
376 25
377 25
378 22
379 22
380 22
381 22
382 22
383 23
384 22
385 22
386 23
387 24
388 25
389 24
390 24
391 24
392 24
393 24
394 24
395 23
396 24
397 23
398 23
399 23
400 24
401 24
402 23
403 23
404 23
405 23
406 23
407 23
408 21
409 21
410 20
411 18
412 18
413 18
414 18
415 19
416 19
417 20
418 20
419 20
420 19
421 19
422 21
423 21
424 21
425 20
426 20
427 20
428 20
429 20
430 20
431 20
432 20
433 21
434 21
435 23
436 24
437 25
438 25
439 25
440 24
441 23
442 24
443 25
444 26
445 26
446 25
447 25
448 25
449 24
450 25
451 26
452 26
453 25
454 25
455 24
456 24
457 23
458 22
459 22
460 23
461 22
462 22
463 22
464 23
465 23
466 23
467 24
468 24
469 23
470 23
471 23
472 24
473 25
474 24
475 23
476 25
477 25
478 25
479 24
480 24
481 26
482 26
483 26
484 26
485 26
486 26
487 26
488 26
489 26
490 26
491 27
492 27
493 27
494 27
495 26
496 27
497 28
498 29
499 29
500 29
501 30
502 31
503 32
504 32
505 32
506 32
507 32
508 32
509 32
510 32
511 32
512 32
513 31
514 30
515 29
516 29
517 30
518 30
519 30
520 30
521 30
522 31
523 30
524 30
525 29
526 30
527 30
528 29
529 29
530 28
531 28
532 27
533 27
534 24
535 24
536 24
537 23
538 24
539 23
540 24
541 25
542 25
543 25
544 25
545 25
546 25
547 25
548 25
549 25
550 26
551 25
552 26
553 25
554 24
555 23
556 23
557 23
558 22
559 21
560 21
561 22
562 23
563 23
564 23
565 23
566 24
567 24
568 25
569 23
570 23
571 23
572 23
573 24
574 24
575 24
576 24
577 25
578 25
579 26
580 26
581 26
582 26
583 25
584 25
585 24
586 25
587 25
588 24
589 24
590 25
591 24
592 25
593 25
594 25
595 27
596 27
597 28
598 28
599 28
600 28
601 29
602 30
603 29
604 28
605 28
606 28
607 28
608 28
609 26
610 26
611 27
612 27
613 27
614 26
615 26
616 27
617 26
618 26
619 27
620 27
621 27
622 28
623 27
624 26
625 26
626 25
627 24
628 24
629 23
630 23
631 23
632 24
633 24
634 24
635 23
636 23
637 24
638 25
639 26
640 26
641 26
642 26
643 25
644 25
645 25
646 26
647 26
648 26
649 27
650 28
651 28
652 28
653 28
654 28
655 28
656 27
657 27
658 28
659 27
660 27
661 27
662 27
663 27
664 26
665 27
666 27
667 27
668 27
669 27
670 26
671 26
672 27
673 27
674 28
675 28
676 27
677 26
678 26
679 26
680 26
681 26
682 27
683 26
684 26
685 26
686 26
687 26
688 25
689 26
690 26
691 25
692 25
693 24
694 25
695 26
696 25
697 26
698 25
699 25
700 24
701 24
702 24
703 24
704 24
705 24
706 24
707 24
708 23
709 23
710 23
711 23
712 24
713 24
714 23
715 22
716 22
717 23
718 23
719 23
720 23
721 22
722 23
723 23
724 22
725 22
726 22
727 22
728 23
729 24
730 25
731 25
732 25
733 25
734 25
735 25
736 25
737 25
738 25
739 26
740 26
741 27
742 27
743 27
744 27
745 28
746 28
747 27
748 27
749 26
750 25
751 26
752 25
753 27
754 26
755 26
756 27
757 27
758 28
759 28
760 28
761 27
762 28
763 28
764 28
765 28
766 28
767 27
768 26
769 26
770 26
771 26
772 25
773 26
774 29
775 29
776 29
777 28
778 27
779 26
780 26
781 27
782 27
783 26
784 25
785 25
786 25
787 27
788 27
789 27
790 27
791 27
792 27
793 26
794 26
795 27
796 27
797 27
798 27
799 27
800 26
801 25
802 25
803 25
804 26
805 26
806 27
807 27
808 27
809 26
810 26
811 26
812 26
813 26
814 26
815 27
816 28
817 28
818 28
819 28
820 28
821 28
822 28
823 27
824 27
825 27
826 25
827 24
828 24
829 24
830 23
831 23
832 23
833 24
834 24
835 24
836 24
837 25
838 25
839 26
840 27
841 26
842 26
843 25
844 26
845 26
846 28
847 28
848 28
849 29
850 28
851 28
852 29
853 29
854 29
855 29
856 29
857 28
858 27
859 27
860 27
861 27
862 26
863 26
864 26
865 26
866 25
867 25
868 24
869 23
870 23
871 23
872 23
873 23
874 22
875 23
876 23
877 22
878 22
879 23
880 23
881 23
882 23
883 23
884 22
885 22
886 22
887 23
888 22
889 24
890 24
891 23
892 25
893 25
894 25
895 24
896 23
897 24
898 24
899 23
900 24
901 23
902 23
903 22
904 22
905 22
906 21
907 21
908 20
909 20
910 20
911 20
912 20
913 19
914 20
915 20
916 21
917 21
918 21
919 21
920 22
921 22
922 23
923 23
924 24
925 25
926 25
927 25
928 25
929 25
930 26
931 26
932 27
933 25
934 25
935 27
936 28
937 28
938 28
939 27
940 27
941 26
942 24
943 25
944 24
945 25
946 25
947 25
948 25
949 25
950 25
951 26
952 26
953 25
954 24
955 22
956 22
957 22
958 24
959 22
960 22
961 23
962 23
963 23
964 24
965 24
966 24
967 24
968 23
969 22
970 22
971 22
972 23
973 23
974 23
975 22
976 23
977 23
978 23
979 23
980 23
981 21
982 22
983 20
984 19
985 18
986 17
987 18
988 18
989 18
990 20
991 20
992 20
993 20
994 20
995 20
996 21
997 21
998 22
999 21
1000 23
