0 20
1 16
2 14
3 13
4 15
5 14
6 14
7 14
8 12
9 13
10 13
11 12
12 10
13 10
14 14
15 14
16 13
17 11
18 12
19 13
20 12
21 14
22 13
23 15
24 16
25 13
26 10
27 12
28 9
29 11
30 13
31 13
32 13
33 14
34 13
35 14
36 16
37 13
38 15
39 13
40 14
41 14
42 13
43 13
44 13
45 13
46 11
47 12
48 12
49 12
50 14
51 11
52 13
53 15
54 11
55 10
56 12
57 13
58 14
59 14
60 14
61 15
62 11
63 13
64 15
65 12
66 13
67 10
68 12
69 15
70 14
71 17
72 14
73 12
74 11
75 13
76 14
77 15
78 17
79 15
80 16
81 17
82 13
83 16
84 15
85 16
86 15
87 13
88 12
89 11
90 14
91 12
92 9
93 10
94 10
95 11
96 9
97 10
98 12
99 15
100 14
101 12
102 10
103 12
104 12
105 12
106 12
107 13
108 15
109 13
110 13
111 11
112 12
113 14
114 15
115 12
116 14
117 10
118 11
119 15
120 14
121 12
122 13
123 13
124 14
125 12
126 12
127 13
128 13
129 13
130 13
131 13
132 12
133 12
134 13
135 13
136 15
137 14
138 12
139 13
140 15
141 14
142 12
143 11
144 12
145 15
146 15
147 16
148 14
149 14
150 14
151 14
152 13
153 13
154 16
155 16
156 14
157 13
158 13
159 14
160 13
161 14
162 13
163 14
164 15
165 15
166 15
167 12
168 14
169 12
170 14
171 11
172 13
173 12
174 15
175 14
176 14
177 16
178 14
179 15
180 13
181 14
182 13
183 12
184 15
185 11
186 12
187 12
188 9
189 13
190 11
191 12
192 12
193 13
194 14
195 14
196 12
197 11
198 12
199 14
200 16
201 16
202 14
203 16
204 14
205 14
206 15
207 15
208 15
209 12
210 16
211 14
212 15
213 14
214 15
215 15
216 11
217 12
218 11
219 16
220 16
221 15
222 13
223 16
224 12
225 10
226 12
227 12
228 11
229 15
230 15
231 13
232 14
233 13
234 11
235 12
236 14
237 13
238 14
239 11
240 12
241 12
242 12
243 11
244 13
245 11
246 15
247 13
248 15
249 14
250 13
251 15
252 14
253 13
254 11
255 12
256 10
257 11
258 12
259 14
260 14
261 14
262 12
263 11
264 11
265 12
266 13
267 12
268 14
269 16
270 12
271 16
272 15
273 17
274 15
275 16
276 14
277 15
278 14
279 13
280 13
281 11
282 11
283 14
284 17
285 17
286 16
287 13
288 13
289 12
290 14
291 15
292 13
293 16
294 11
295 14
296 13
297 16
298 15
299 14
300 13
301 12
302 12
303 14
304 13
305 15
306 14
307 11
308 15
309 14
310 15
311 13
312 15
313 15
314 11
315 11
316 11
317 8
318 10
319 13
320 15
321 14
322 12
323 14
324 12
325 13
326 12
327 14
328 16
329 15
330 15
331 14
332 14
333 13
334 13
335 14
336 13
337 14
338 16
339 16
340 15
341 16
342 13
343 12
344 14
345 12
346 9
347 8
348 10
349 10
350 12
351 13
352 13
353 15
354 14
355 12
356 14
357 15
358 13
359 13
360 13
361 16
362 14
363 13
364 13
365 13
366 13
367 15
368 14
369 12
370 13
371 14
372 11
373 12
374 15
375 17
376 16
377 13
378 11
379 12
380 11
381 10
382 11
383 14
384 14
385 14
386 13
387 12
388 12
389 17
390 14
391 13
392 15
393 14
394 13
395 13
396 13
397 12
398 11
399 12
400 14
401 15
402 14
403 13
404 14
405 14
406 14
407 12
408 12
409 11
410 14
411 14
412 13
413 14
414 17
415 16
416 13
417 12
418 12
419 12
420 13
421 14
422 13
423 13
424 16
425 15
426 15
427 14
428 14
429 11
430 15
431 13
432 14
433 15
434 15
435 14
436 15
437 16
438 15
439 13
440 12
441 11
442 12
443 13
444 14
445 13
446 12
447 14
448 17
449 17
450 14
451 13
452 13
453 15
454 14
455 12
456 12
457 12
458 12
459 14
460 14
461 13
462 14
463 15
464 14
465 15
466 12
467 14
468 12
469 14
470 12
471 11
472 12
473 14
474 15
475 10
476 8
477 11
478 13
479 14
480 15
481 16
482 16
483 11
484 14
485 15
486 15
487 16
488 14
489 13
490 14
491 14
492 13
493 12
494 12
495 14
496 11
497 11
498 12
499 11
500 12
501 12
502 12
503 13
504 13
505 15
506 12
507 12
508 12
509 14
510 12
511 15
512 10
513 11
514 11
515 12
516 12
517 13
518 11
519 15
520 12
521 11
522 11
523 13
524 15
525 14
526 13
527 14
528 15
529 13
530 9
531 12
532 13
533 13
534 13
535 11
536 12
537 11
538 15
539 14
540 11
541 14
542 14
543 14
544 15
545 13
546 17
547 16
548 13
549 11
550 13
551 14
552 12
553 14
554 16
555 14
556 14
557 16
558 15
559 13
560 11
561 11
562 12
563 17
564 16
565 13
566 14
567 12
568 12
569 12
570 15
571 16
572 11
573 14
574 14
575 14
576 14
577 12
578 15
579 14
580 14
581 15
582 15
583 13
584 14
585 16
586 15
587 13
588 11
589 15
590 14
591 12
592 13
593 11
594 13
595 13
596 13
597 12
598 14
599 14
600 17
601 16
602 16
603 15
604 16
605 17
606 13
607 15
608 13
609 13
610 10
611 14
612 14
613 15
614 15
615 15
616 14
617 14
618 16
619 16
620 17
621 16
622 14
623 13
624 15
625 13
626 11
627 11
628 12
629 14
630 14
631 15
632 12
633 10
634 17
635 16
636 12
637 11
638 13
639 13
640 15
641 13
642 12
643 12
644 12
645 17
646 16
647 14
648 14
649 15
650 14
651 12
652 12
653 11
654 12
655 14
656 16
657 15
658 13
659 12
660 14
661 13
662 14
663 13
664 14
665 10
666 9
667 13
668 11
669 12
670 13
671 14
672 13
673 13
674 13
675 15
676 15
677 16
678 15
679 14
680 13
681 12
682 13
683 15
684 13
685 15
686 14
687 14
688 17
689 14
690 15
691 14
692 16
693 15
694 17
695 16
696 14
697 15
698 14
699 14
700 14
701 14
702 13
703 13
704 16
705 15
706 11
707 15
708 14
709 14
710 14
711 14
712 12
713 13
714 11
715 15
716 15
717 15
718 15
719 14
720 13
721 13
722 11
723 12
724 11
725 11
726 13
727 12
728 12
729 13
730 13
731 15
732 14
733 15
734 18
735 17
736 15
737 15
738 12
739 12
740 13
741 12
742 13
743 12
744 13
745 12
746 13
747 12
748 13
749 11
750 14
751 13
752 16
753 16
754 15
755 12
756 14
757 13
758 16
759 15
760 13
761 14
762 15
763 16
764 17
765 15
766 12
767 12
768 13
769 8
770 12
771 14
772 15
773 14
774 16
775 16
776 16
777 14
778 14
779 17
780 13
781 11
782 14
783 15
784 13
785 16
786 13
787 10
788 12
789 15
790 14
791 13
792 13
793 12
794 13
795 15
796 16
797 14
798 14
799 14
800 14
801 14
802 11
803 12
804 13
805 12
806 14
807 11
808 11
809 12
810 14
811 11
812 12
813 12
814 12
815 14
816 16
817 17
818 17
819 14
820 14
821 13
822 14
823 12
824 13
825 13
826 15
827 15
828 12
829 16
830 13
831 13
832 12
833 13
834 14
835 10
836 15
837 18
838 13
839 13
840 13
841 14
842 14
843 13
844 14
845 13
846 13
847 15
848 16
849 15
850 14
851 16
852 14
853 13
854 13
855 13
856 14
857 15
858 14
859 14
860 12
861 14
862 13
863 13
864 11
865 12
866 15
867 14
868 14
869 16
870 15
871 15
872 15
873 14
874 15
875 14
876 11
877 15
878 13
879 15
880 13
881 15
882 14
883 11
884 13
885 12
886 12
887 13
888 12
889 12
890 14
891 10
892 11
893 13
894 16
895 16
896 16
897 14
898 14
899 16
900 11
901 13
902 10
903 13
904 15
905 10
906 12
907 13
908 14
909 10
910 11
911 12
912 13
913 10
914 14
915 12
916 11
917 10
918 10
919 12
920 13
921 14
922 15
923 15
924 12
925 12
926 12
927 14
928 16
929 11
930 15
931 13
932 12
933 14
934 15
935 13
936 11
937 15
938 15
939 13
940 14
941 10
942 15
943 14
944 13
945 17
946 14
947 11
948 13
949 14
950 13
951 13
952 16
953 16
954 15
955 15
956 14
957 12
958 13
959 11
960 13
961 10
962 13
963 14
964 15
965 15
966 14
967 13
968 10
969 11
970 16
971 17
972 16
973 17
974 14
975 12
976 15
977 16
978 13
979 13
980 13
981 14
982 15
983 11
984 12
985 15
986 14
987 15
988 15
989 14
990 15
991 16
992 13
993 15
994 15
995 14
996 15
997 14
998 12
999 12
1000 11
