0 35
1 30
2 28
3 26
4 27
5 28
6 26
7 25
8 23
9 25
10 24
11 23
12 26
13 25
14 26
15 23
16 25
17 25
18 29
19 28
20 23
21 19
22 23
23 21
24 21
25 21
26 21
27 20
28 25
29 25
30 22
31 23
32 18
33 20
34 23
35 24
36 22
37 26
38 26
39 24
40 22
41 23
42 25
43 26
44 20
45 22
46 25
47 25
48 25
49 21
50 23
51 25
52 25
53 23
54 27
55 26
56 21
57 24
58 21
59 20
60 23
61 20
62 23
63 23
64 24
65 25
66 25
67 26
68 22
69 19
70 21
71 25
72 25
73 27
74 23
75 25
76 24
77 27
78 23
79 24
80 26
81 24
82 25
83 24
84 27
85 26
86 26
87 24
88 22
89 23
90 23
91 26
92 26
93 23
94 22
95 25
96 23
97 21
98 27
99 26
100 26
101 25
102 20
103 25
104 23
105 22
106 20
107 19
108 25
109 28
110 24
111 22
112 27
113 24
114 24
115 24
116 24
117 25
118 25
119 24
120 27
121 26
122 27
123 24
124 23
125 25
126 23
127 23
128 24
129 22
130 24
131 23
132 26
133 22
134 26
135 24
136 22
137 26
138 23
139 26
140 26
141 24
142 22
143 20
144 24
145 24
146 24
147 24
148 28
149 26
150 25
151 26
152 24
153 26
154 27
155 27
156 24
157 26
158 24
159 24
160 25
161 25
162 24
163 22
164 23
165 24
166 27
167 25
168 25
169 25
170 24
171 22
172 25
173 23
174 19
175 21
176 26
177 24
178 21
179 22
180 22
181 22
182 23
183 22
184 26
185 25
186 23
187 24
188 25
189 24
190 27
191 26
192 26
193 21
194 24
195 25
196 25
197 23
198 25
199 25
200 28
201 30
202 27
203 23
204 21
205 25
206 24
207 25
208 25
209 26
210 27
211 26
212 22
213 21
214 24
215 26
216 25
217 27
218 22
219 25
220 22
221 20
222 26
223 27
224 26
225 25
226 23
227 23
228 21
229 23
230 22
231 21
232 24
233 20
234 23
235 24
236 23
237 25
238 21
239 25
240 24
241 25
242 19
243 25
244 26
245 24
246 24
247 26
248 22
249 25
250 26
251 25
252 26
253 27
254 25
255 25
256 22
257 22
258 23
259 24
260 26
261 26
262 27
263 27
264 23
265 20
266 22
267 26
268 26
269 24
270 22
271 24
272 23
273 24
274 26
275 25
276 23
277 25
278 26
279 24
280 24
281 27
282 22
283 23
284 26
285 26
286 25
287 25
288 21
289 21
290 24
291 27
292 28
293 26
294 25
295 26
296 23
297 26
298 24
299 26
300 23
301 24
302 21
303 21
304 19
305 23
306 26
307 23
308 27
309 21
310 25
311 23
312 22
313 23
314 24
315 22
316 24
317 27
318 26
319 24
320 28
321 25
322 25
323 24
324 25
325 20
326 24
327 17
328 21
329 23
330 25
331 25
332 23
333 26
334 27
335 25
336 27
337 27
338 27
339 22
340 25
341 23
342 23
343 23
344 24
345 21
346 25
347 24
348 23
349 21
350 23
351 23
352 20
353 22
354 23
355 23
356 22
357 23
358 26
359 27
360 28
361 23
362 29
363 27
364 27
365 29
366 25
367 21
368 23
369 24
370 25
371 24
372 22
373 22
374 23
375 24
376 23
377 25
378 26
379 26
380 24
381 25
382 24
383 25
384 26
385 24
386 25
387 24
388 27
389 20
390 21
391 22
392 26
393 26
394 27
395 25
396 28
397 25
398 23
399 23
400 25
401 27
402 25
403 25
404 22
405 22
406 26
407 22
408 23
409 24
410 25
411 21
412 22
413 25
414 23
415 24
416 22
417 25
418 25
419 23
420 27
421 22
422 23
423 24
424 23
425 27
426 25
427 24
428 25
429 26
430 28
431 29
432 28
433 27
434 26
435 26
436 23
437 26
438 27
439 25
440 26
441 22
442 23
443 20
444 23
445 23
446 22
447 22
448 27
449 22
450 24
451 23
452 23
453 23
454 22
455 26
456 26
457 26
458 27
459 24
460 24
461 25
462 22
463 26
464 27
465 26
466 24
467 26
468 27
469 25
470 23
471 22
472 28
473 25
474 24
475 26
476 20
477 21
478 20
479 20
480 23
481 28
482 26
483 27
484 29
485 28
486 25
487 24
488 27
489 25
490 26
491 26
492 24
493 20
494 22
495 21
496 23
497 26
498 23
499 24
500 24
501 23
502 25
503 22
504 24
505 26
506 27
507 26
508 24
509 20
510 27
511 25
512 26
513 26
514 25
515 25
516 27
517 28
518 23
519 21
520 22
521 22
522 24
523 23
524 25
525 22
526 24
527 28
528 27
529 23
530 23
531 24
532 19
533 24
534 24
535 26
536 27
537 24
538 21
539 26
540 26
541 23
542 27
543 27
544 27
545 21
546 24
547 24
548 23
549 27
550 25
551 24
552 26
553 24
554 21
555 24
556 23
557 25
558 26
559 28
560 29
561 27
562 26
563 29
564 28
565 22
566 27
567 24
568 23
569 23
570 22
571 23
572 25
573 25
574 28
575 26
576 24
577 20
578 24
579 23
580 24
581 26
582 31
583 27
584 26
585 26
586 25
587 26
588 25
589 25
590 21
591 24
592 20
593 17
594 24
595 26
596 23
597 22
598 24
599 24
600 24
601 22
602 23
603 21
604 23
605 24
606 26
607 24
608 24
609 25
610 28
611 29
612 27
613 25
614 28
615 25
616 24
617 29
618 24
619 20
620 22
621 26
622 25
623 23
624 21
625 23
626 25
627 21
628 23
629 26
630 24
631 24
632 27
633 25
634 23
635 26
636 27
637 24
638 23
639 24
640 24
641 26
642 22
643 24
644 22
645 20
646 22
647 25
648 24
649 21
650 21
651 24
652 23
653 21
654 23
655 22
656 20
657 23
658 27
659 29
660 27
661 24
662 22
663 25
664 27
665 23
666 22
667 26
668 22
669 24
670 23
671 25
672 21
673 25
674 28
675 21
676 24
677 22
678 23
679 27
680 24
681 23
682 21
683 24
684 27
685 27
686 23
687 30
688 29
689 27
690 27
691 25
692 21
693 24
694 25
695 23
696 24
697 26
698 23
699 22
700 22
701 22
702 23
703 23
704 24
705 26
706 24
707 23
708 24
709 25
710 22
711 22
712 24
713 26
714 26
715 27
716 23
717 24
718 23
719 23
720 24
721 21
722 22
723 23
724 25
725 26
726 25
727 28
728 29
729 23
730 25
731 22
732 22
733 26
734 24
735 25
736 27
737 26
738 25
739 28
740 20
741 22
742 20
743 22
744 25
745 23
746 25
747 25
748 25
749 23
750 27
751 28
752 26
753 24
754 22
755 23
756 23
757 26
758 24
759 24
760 23
761 27
762 24
763 22
764 25
765 28
766 26
767 22
768 22
769 26
770 25
771 23
772 25
773 25
774 26
775 27
776 21
777 20
778 27
779 26
780 23
781 24
782 27
783 26
784 24
785 26
786 26
787 25
788 21
789 22
790 21
791 27
792 30
793 28
794 28
795 27
796 25
797 25
798 26
799 24
800 21
801 22
802 20
803 26
804 26
805 26
806 22
807 21
808 26
809 23
810 24
811 21
812 22
813 21
814 23
815 23
816 25
817 24
818 25
819 22
820 21
821 24
822 26
823 26
824 22
825 24
826 26
827 27
828 23
829 21
830 24
831 19
832 20
833 23
834 24
835 25
836 25
837 28
838 26
839 23
840 27
841 25
842 23
843 21
844 22
845 28
846 27
847 25
848 25
849 25
850 24
851 23
852 22
853 26
854 21
855 22
856 23
857 22
858 25
859 23
860 28
861 26
862 24
863 24
864 24
865 22
866 24
867 22
868 23
869 24
870 25
871 22
872 22
873 22
874 21
875 22
876 26
877 24
878 22
879 24
880 25
881 26
882 26
883 23
884 22
885 23
886 26
887 26
888 23
889 19
890 24
891 24
892 24
893 23
894 24
895 26
896 25
897 22
898 25
899 24
900 25
901 24
902 20
903 26
904 26
905 29
906 26
907 23
908 19
909 19
910 21
911 25
912 22
913 26
914 25
915 26
916 23
917 24
918 21
919 22
920 25
921 20
922 21
923 23
924 23
925 21
926 26
927 26
928 28
929 24
930 22
931 22
932 21
933 25
934 24
935 27
936 29
937 25
938 23
939 23
940 25
941 25
942 26
943 26
944 27
945 27
946 25
947 21
948 24
949 24
950 26
951 25
952 24
953 23
954 26
955 25
956 27
957 24
958 17
959 21
960 24
961 21
962 25
963 25
964 22
965 23
966 21
967 24
968 26
969 24
970 26
971 27
972 27
973 25
974 24
975 25
976 26
977 24
978 21
979 22
980 24
981 25
982 25
983 27
984 25
985 19
986 23
987 23
988 22
989 21
990 21
991 24
992 25
993 24
994 21
995 24
996 21
997 25
998 25
999 25
1000 21
