0 95
1 83
2 76
3 72
4 68
5 65
6 65
7 65
8 66
9 64
10 66
11 61
12 62
13 62
14 63
15 60
16 60
17 59
18 63
19 63
20 58
21 62
22 62
23 55
24 57
25 56
26 60
27 61
28 53
29 60
30 60
31 58
32 57
33 56
34 59
35 63
36 63
37 61
38 60
39 56
40 60
41 61
42 63
43 58
44 59
45 64
46 64
47 64
48 64
49 64
50 65
51 66
52 66
53 66
54 66
55 63
56 58
57 54
58 58
59 60
60 55
61 57
62 58
63 61
64 66
65 67
66 66
67 65
68 66
69 65
70 64
71 62
72 60
73 55
74 57
75 59
76 58
77 55
78 57
79 61
80 60
81 56
82 60
83 59
84 59
85 60
86 59
87 57
88 62
89 67
90 62
91 60
92 60
93 65
94 61
95 60
96 61
97 63
98 58
99 58
100 61
101 62
102 63
103 60
104 58
105 61
106 62
107 61
108 61
109 64
110 64
111 63
112 62
113 59
114 56
115 56
116 57
117 61
118 62
119 62
120 66
121 64
122 63
123 64
124 64
125 60
126 62
127 61
128 66
129 61
130 57
131 57
132 62
133 60
134 57
135 58
136 59
137 64
138 69
139 69
140 69
141 65
142 61
143 59
144 63
145 63
146 61
147 63
148 65
149 67
150 67
151 68
152 69
153 62
154 68
155 68
156 65
157 61
158 66
159 61
160 65
161 64
162 66
163 60
164 62
165 61
166 60
167 61
168 60
169 64
170 63
171 66
172 65
173 65
174 63
175 65
176 64
177 61
178 59
179 61
180 59
181 58
182 55
183 58
184 58
185 60
186 60
187 64
188 64
189 65
190 65
191 61
192 62
193 59
194 63
195 65
196 65
197 65
198 64
199 63
200 62
201 60
202 60
203 56
204 58
205 60
206 64
207 66
208 65
209 62
210 64
211 65
212 61
213 63
214 68
215 65
216 64
217 61
218 61
219 63
220 62
221 62
222 64
223 62
224 63
225 63
226 64
227 68
228 68
229 66
230 61
231 65
232 64
233 64
234 65
235 64
236 62
237 62
238 66
239 60
240 62
241 63
242 65
243 64
244 62
245 59
246 60
247 55
248 57
249 57
250 57
251 56
252 56
253 60
254 61
255 63
256 64
257 58
258 63
259 61
260 63
261 59
262 61
263 62
264 64
265 68
266 66
267 61
268 66
269 65
270 63
271 58
272 58
273 60
274 61
275 65
276 62
277 64
278 60
279 60
280 63
281 63
282 60
283 63
284 63
285 65
286 64
287 64
288 60
289 61
290 64
291 64
292 60
293 60
294 63
295 64
296 65
297 68
298 73
299 73
300 68
301 66
302 62
303 65
304 64
305 61
306 57
307 62
308 62
309 59
310 57
311 54
312 58
313 60
314 58
315 60
316 64
317 64
318 62
319 58
320 60
321 59
322 63
323 63
324 64
325 63
326 60
327 62
328 66
329 66
330 64
331 66
332 64
333 63
334 61
335 64
336 66
337 64
338 67
339 69
340 64
341 63
342 61
343 57
344 57
345 58
346 63
347 61
348 58
349 59
350 59
351 59
352 58
353 58
354 63
355 65
356 67
357 68
358 68
359 66
360 64
361 62
362 63
363 64
364 65
365 66
366 68
367 67
368 64
369 59
370 61
371 63
372 62
373 61
374 63
375 65
376 64
377 64
378 63
379 63
380 61
381 63
382 61
383 57
384 60
385 56
386 58
387 59
388 58
389 61
390 62
391 65
392 65
393 66
394 64
395 67
396 67
397 59
398 60
399 56
400 59
401 59
402 59
403 61
404 59
405 65
406 65
407 63
408 64
409 60
410 60
411 62
412 60
413 62
414 64
415 62
416 65
417 66
418 63
419 63
420 61
421 59
422 59
423 58
424 65
425 70
426 67
427 66
428 62
429 61
430 61
431 60
432 63
433 64
434 64
435 63
436 61
437 63
438 58
439 58
440 59
441 63
442 57
443 59
444 65
445 65
446 63
447 65
448 67
449 63
450 60
451 58
452 59
453 58
454 61
455 64
456 66
457 63
458 59
459 59
460 62
461 57
462 58
463 59
464 58
465 60
466 59
467 55
468 59
469 53
470 59
471 56
472 54
473 60
474 55
475 60
476 60
477 61
478 63
479 63
480 64
481 55
482 62
483 60
484 60
485 61
486 58
487 61
488 58
489 61
490 57
491 58
492 61
493 63
494 61
495 62
496 62
497 65
498 63
499 66
500 66
501 60
502 59
503 58
504 59
505 62
506 65
507 65
508 63
509 63
510 61
511 64
512 68
513 67
514 61
515 60
516 64
517 60
518 61
519 60
520 62
521 62
522 62
523 61
524 57
525 61
526 59
527 57
528 59
529 59
530 60
531 61
532 60
533 61
534 60
535 56
536 58
537 57
538 56
539 62
540 62
541 63
542 66
543 66
544 66
545 65
546 63
547 63
548 57
549 60
550 59
551 62
552 66
553 61
554 62
555 64
556 63
557 62
558 61
559 61
560 62
561 61
562 61
563 64
564 64
565 62
566 61
567 62
568 62
569 59
570 62
571 60
572 61
573 61
574 60
575 62
576 63
577 60
578 59
579 57
580 59
581 61
582 60
583 55
584 57
585 60
586 62
587 59
588 62
589 62
590 57
591 61
592 55
593 58
594 60
595 62
596 65
597 61
598 61
599 67
600 65
601 69
602 66
603 63
604 59
605 65
606 64
607 64
608 63
609 64
610 62
611 63
612 63
613 63
614 60
615 63
616 66
617 64
618 64
619 60
620 62
621 67
622 63
623 66
624 67
625 67
626 63
627 62
628 61
629 66
630 70
631 66
632 62
633 64
634 65
635 57
636 60
637 63
638 62
639 55
640 52
641 54
642 56
643 60
644 60
645 57
646 59
647 60
648 62
649 62
650 59
651 61
652 64
653 65
654 63
655 63
656 64
657 64
658 64
659 63
660 60
661 62
662 65
663 66
664 67
665 65
666 66
667 61
668 65
669 64
670 66
671 71
672 67
673 66
674 63
675 61
676 64
677 65
678 61
679 56
680 55
681 58
682 59
683 58
684 58
685 61
686 63
687 61
688 62
689 63
690 64
691 62
692 54
693 58
694 60
695 62
696 62
697 64
698 57
699 58
700 62
701 57
702 57
703 59
704 57
705 59
706 60
707 58
708 61
709 56
710 64
711 61
712 57
713 60
714 61
715 63
716 65
717 63
718 65
719 63
720 64
721 64
722 67
723 65
724 64
725 67
726 67
727 65
728 59
729 55
730 59
731 64
732 63
733 61
734 61
735 59
736 58
737 56
738 58
739 61
740 64
741 62
742 66
743 65
744 66
745 61
746 60
747 64
748 60
749 60
750 65
751 67
752 64
753 61
754 59
755 59
756 61
757 63
758 64
759 62
760 66
761 64
762 59
763 60
764 62
765 63
766 64
767 64
768 61
769 63
770 64
771 63
772 62
773 62
774 62
775 64
776 58
777 61
778 64
779 65
780 62
781 65
782 67
783 68
784 66
785 61
786 63
787 62
788 62
789 65
790 61
791 60
792 60
793 58
794 58
795 62
796 65
797 67
798 67
799 69
800 69
801 60
802 58
803 61
804 63
805 61
806 64
807 62
808 60
809 56
810 55
811 54
812 56
813 58
814 64
815 63
816 66
817 65
818 63
819 61
820 66
821 62
822 62
823 63
824 60
825 57
826 60
827 62
828 61
829 66
830 63
831 64
832 63
833 61
834 58
835 58
836 56
837 61
838 62
839 61
840 64
841 62
842 58
843 60
844 57
845 56
846 60
847 58
848 59
849 61
850 58
851 56
852 57
853 58
854 53
855 56
856 56
857 54
858 57
859 61
860 56
861 59
862 62
863 64
864 63
865 63
866 61
867 58
868 59
869 60
870 58
871 62
872 62
873 61
874 62
875 59
876 62
877 61
878 62
879 66
880 64
881 65
882 66
883 65
884 62
885 60
886 63
887 63
888 62
889 59
890 63
891 66
892 65
893 65
894 63
895 64
896 63
897 60
898 63
899 63
900 61
901 61
902 66
903 61
904 62
905 63
906 61
907 63
908 63
909 59
910 63
911 59
912 51
913 55
914 55
915 57
916 60
917 65
918 62
919 64
920 63
921 64
922 59
923 60
924 65
925 66
926 65
927 63
928 58
929 58
930 63
931 66
932 60
933 61
934 66
935 64
936 60
937 57
938 56
939 56
940 56
941 58
942 57
943 60
944 62
945 63
946 62
947 65
948 64
949 61
950 64
951 65
952 64
953 61
954 64
955 66
956 68
957 66
958 65
959 67
960 70
961 62
962 65
963 61
964 62
965 62
966 61
967 56
968 59
969 63
970 59
971 61
972 58
973 59
974 60
975 60
976 58
977 59
978 63
979 64
980 67
981 69
982 67
983 63
984 63
985 64
986 62
987 60
988 61
989 61
990 60
991 64
992 63
993 65
994 68
995 67
996 62
997 66
998 60
999 55
1000 53
