0 5
1 3
2 1
3 1
4 0
5 0
6 0
7 0
8 0
9 0
10 0
11 0
12 0
13 1
14 1
15 1
16 0
17 0
18 0
19 0
20 1
21 1
22 1
23 1
24 1
25 1
26 1
27 1
28 1
29 1
30 1
31 1
32 1
33 0
34 0
35 0
36 0
37 0
38 0
39 1
40 1
41 1
42 1
43 1
44 1
45 1
46 1
47 1
48 1
49 1
50 2
51 2
52 2
53 1
54 1
55 1
56 1
57 1
58 0
59 0
60 0
61 1
62 1
63 0
64 1
65 1
66 0
67 0
68 1
69 0
70 0
71 1
72 1
73 2
74 1
75 0
76 0
77 0
78 1
79 1
80 1
81 1
82 0
83 1
84 1
85 1
86 0
87 0
88 1
89 1
90 1
91 1
92 1
93 1
94 1
95 1
96 1
97 1
98 1
99 0
100 0
101 0
102 0
103 1
104 1
105 1
106 1
107 0
108 0
109 0
110 0
111 0
112 1
113 1
114 1
115 1
116 0
117 0
118 1
119 1
120 0
121 0
122 0
123 0
124 0
125 0
126 1
127 1
128 1
129 1
130 1
131 2
132 1
133 1
134 0
135 0
136 0
137 1
138 1
139 0
140 0
141 1
142 1
143 1
144 2
145 1
146 2
147 1
148 1
149 1
150 1
151 1
152 0
153 1
154 1
155 1
156 2
157 2
158 1
159 1
160 1
161 1
162 2
163 2
164 1
165 1
166 1
167 1
168 1
169 1
170 1
171 0
172 0
173 0
174 0
175 0
176 0
177 0
178 1
179 1
180 1
181 0
182 0
183 0
184 0
185 1
186 1
187 1
188 0
189 0
190 0
191 0
192 0
193 0
194 0
195 0
196 0
197 0
198 0
199 0
200 0
201 0
202 0
203 0
204 1
205 1
206 1
207 1
208 1
209 0
210 2
211 2
212 3
213 1
214 1
215 1
216 0
217 0
218 0
219 0
220 1
221 1
222 2
223 2
224 2
225 1
226 2
227 1
228 1
229 1
230 2
231 0
232 0
233 0
234 1
235 1
236 1
237 0
238 0
239 0
240 0
241 0
242 0
243 1
244 1
245 1
246 0
247 1
248 1
249 1
250 1
251 1
252 1
253 0
254 0
255 0
256 0
257 0
258 0
259 0
260 1
261 0
262 1
263 2
264 1
265 0
266 1
267 0
268 0
269 0
270 1
271 0
272 0
273 0
274 1
275 0
276 0
277 0
278 0
279 0
280 0
281 1
282 0
283 0
284 0
285 0
286 0
287 1
288 0
289 1
290 1
291 1
292 1
293 1
294 1
295 1
296 1
297 2
298 2
299 2
300 1
301 1
302 1
303 1
304 1
305 1
306 1
307 1
308 1
309 1
310 0
311 1
312 1
313 1
314 2
315 2
316 1
317 2
318 1
319 0
320 1
321 2
322 1
323 1
324 1
325 0
326 0
327 0
328 0
329 0
330 0
331 0
332 0
333 1
334 1
335 1
336 1
337 1
338 2
339 1
340 1
341 1
342 1
343 1
344 1
345 1
346 1
347 1
348 0
349 0
350 0
351 1
352 0
353 0
354 0
355 0
356 0
357 0
358 1
359 1
360 1
361 1
362 1
363 1
364 2
365 2
366 2
367 2
368 1
369 1
370 1
371 1
372 2
373 1
374 1
375 2
376 2
377 1
378 1
379 1
380 1
381 1
382 1
383 0
384 0
385 0
386 0
387 0
388 0
389 0
390 0
391 0
392 0
393 0
394 0
395 1
396 0
397 1
398 1
399 1
400 1
401 1
402 1
403 1
404 0
405 0
406 0
407 1
408 1
409 1
410 1
411 1
412 1
413 1
414 0
415 0
416 1
417 1
418 1
419 0
420 0
421 0
422 0
423 1
424 0
425 0
426 0
427 1
428 1
429 1
430 1
431 0
432 1
433 1
434 1
435 1
436 1
437 0
438 0
439 1
440 0
441 0
442 0
443 0
444 0
445 0
446 0
447 0
448 0
449 1
450 1
451 0
452 1
453 1
454 1
455 1
456 1
457 2
458 1
459 1
460 1
461 1
462 1
463 1
464 1
465 1
466 1
467 1
468 1
469 2
470 2
471 1
472 0
473 0
474 0
475 0
476 0
477 0
478 1
479 1
480 1
481 2
482 2
483 2
484 1
485 1
486 1
487 1
488 1
489 0
490 0
491 0
492 0
493 0
494 0
495 0
496 0
497 1
498 1
499 1
500 1
501 1
502 1
503 1
504 1
505 0
506 1
507 0
508 0
509 0
510 0
511 0
512 1
513 1
514 1
515 1
516 1
517 0
518 0
519 0
520 0
521 0
522 1
523 1
524 0
525 0
526 1
527 1
528 0
529 0
530 0
531 0
532 0
533 0
534 0
535 0
536 0
537 0
538 0
539 0
540 0
541 0
542 0
543 0
544 0
545 1
546 1
547 2
548 1
549 1
550 2
551 2
552 2
553 2
554 1
555 1
556 1
557 0
558 1
559 1
560 1
561 0
562 0
563 0
564 0
565 0
566 0
567 0
568 0
569 0
570 1
571 1
572 1
573 1
574 1
575 1
576 0
577 1
578 0
579 0
580 0
581 0
582 0
583 0
584 1
585 1
586 1
587 1
588 1
589 1
590 1
591 2
592 2
593 1
594 1
595 1
596 1
597 1
598 1
599 1
600 1
601 0
602 0
603 0
604 1
605 1
606 1
607 2
608 2
609 1
610 1
611 1
612 1
613 1
614 1
615 1
616 1
617 1
618 1
619 2
620 1
621 1
622 1
623 0
624 0
625 1
626 2
627 1
628 2
629 1
630 1
631 2
632 2
633 2
634 2
635 2
636 1
637 1
638 1
639 1
640 1
641 0
642 0
643 0
644 0
645 0
646 1
647 1
648 1
649 0
650 0
651 1
652 1
653 1
654 1
655 1
656 1
657 1
658 1
659 2
660 1
661 0
662 1
663 1
664 0
665 0
666 0
667 0
668 1
669 1
670 1
671 1
672 0
673 1
674 1
675 1
676 0
677 0
678 1
679 1
680 2
681 1
682 0
683 0
684 0
685 1
686 1
687 1
688 1
689 1
690 2
691 2
692 2
693 1
694 1
695 1
696 0
697 0
698 0
699 0
700 1
701 1
702 1
703 2
704 2
705 1
706 1
707 1
708 1
709 1
710 1
711 1
712 0
713 1
714 0
715 0
716 0
717 0
718 0
719 0
720 0
721 0
722 0
723 0
724 0
725 1
726 1
727 1
728 1
729 1
730 1
731 0
732 0
733 0
734 0
735 0
736 0
737 0
738 0
739 1
740 1
741 1
742 0
743 0
744 0
745 0
746 0
747 0
748 1
749 1
750 1
751 1
752 1
753 0
754 0
755 1
756 1
757 1
758 1
759 1
760 1
761 2
762 2
763 1
764 1
765 1
766 1
767 0
768 0
769 1
770 1
771 1
772 1
773 1
774 1
775 1
776 1
777 1
778 1
779 0
780 0
781 0
782 0
783 0
784 1
785 1
786 1
787 1
788 1
789 1
790 1
791 1
792 1
793 1
794 1
795 0
796 0
797 0
798 1
799 0
800 1
801 1
802 1
803 1
804 1
805 1
806 1
807 1
808 1
809 0
810 0
811 1
812 0
813 0
814 0
815 0
816 1
817 1
818 1
819 1
820 1
821 1
822 1
823 0
824 0
825 0
826 0
827 0
828 0
829 0
830 0
831 0
832 0
833 0
834 0
835 0
836 0
837 0
838 1
839 1
840 0
841 0
842 0
843 1
844 1
845 1
846 1
847 1
848 0
849 0
850 0
851 0
852 0
853 1
854 0
855 0
856 0
857 0
858 1
859 1
860 0
861 1
862 1
863 0
864 0
865 1
866 1
867 1
868 1
869 0
870 0
871 0
872 1
873 2
874 1
875 0
876 0
877 0
878 0
879 0
880 0
881 0
882 0
883 0
884 0
885 1
886 0
887 0
888 0
889 0
890 0
891 0
892 0
893 0
894 0
895 0
896 0
897 0
898 0
899 0
900 1
901 0
902 0
903 0
904 0
905 0
906 0
907 0
908 1
909 1
910 1
911 1
912 1
913 1
914 1
915 1
916 1
917 1
918 1
919 0
920 0
921 1
922 1
923 1
924 1
925 2
926 1
927 1
928 1
929 1
930 1
931 0
932 0
933 0
934 0
935 0
936 0
937 0
938 0
939 0
940 0
941 0
942 0
943 0
944 1
945 0
946 0
947 0
948 0
949 0
950 0
951 0
952 0
953 0
954 1
955 1
956 1
957 1
958 1
959 1
960 0
961 0
962 0
963 0
964 0
965 0
966 0
967 0
968 0
969 0
970 0
971 0
972 0
973 0
974 0
975 0
976 0
977 0
978 0
979 1
980 1
981 1
982 1
983 1
984 1
985 1
986 1
987 1
988 1
989 1
990 1
991 1
992 1
993 1
994 1
995 1
996 1
997 0
998 0
999 0
1000 0
