0 10
1 10
2 8
3 8
4 8
5 8
6 8
7 8
8 8
9 8
10 8
11 8
12 8
13 7
14 5
15 5
16 4
17 4
18 5
19 5
20 5
21 5
22 4
23 4
24 4
25 3
26 4
27 4
28 5
29 5
30 5
31 5
32 5
33 5
34 4
35 3
36 3
37 2
38 2
39 1
40 1
41 1
42 1
43 2
44 3
45 3
46 4
47 5
48 5
49 6
50 5
51 6
52 6
53 6
54 6
55 5
56 5
57 5
58 5
59 4
60 4
61 4
62 4
63 4
64 5
65 5
66 5
67 4
68 4
69 4
70 4
71 4
72 5
73 4
74 4
75 4
76 4
77 4
78 4
79 5
80 6
81 6
82 6
83 6
84 6
85 6
86 6
87 6
88 6
89 5
90 5
91 5
92 4
93 4
94 5
95 5
96 5
97 5
98 5
99 5
100 5
101 5
102 5
103 5
104 5
105 5
106 4
107 5
108 6
109 6
110 6
111 5
112 6
113 6
114 5
115 6
116 6
117 6
118 4
119 4
120 3
121 3
122 4
123 4
124 5
125 4
126 4
127 4
128 4
129 4
130 5
131 6
132 6
133 7
134 6
135 6
136 7
137 6
138 6
139 7
140 6
141 7
142 7
143 7
144 7
145 7
146 6
147 6
148 5
149 5
150 5
151 4
152 2
153 2
154 2
155 2
156 2
157 2
158 3
159 3
160 4
161 4
162 4
163 3
164 3
165 3
166 3
167 4
168 5
169 5
170 5
171 4
172 4
173 3
174 2
175 2
176 2
177 2
178 2
179 2
180 2
181 2
182 3
183 4
184 5
185 5
186 5
187 5
188 6
189 7
190 7
191 7
192 7
193 7
194 5
195 3
196 5
197 4
198 4
199 4
200 4
201 4
202 4
203 4
204 5
205 4
206 3
207 4
208 5
209 5
210 4
211 4
212 3
213 4
214 5
215 4
216 4
217 4
218 4
219 5
220 6
221 6
222 5
223 4
224 2
225 3
226 3
227 4
228 5
229 5
230 5
231 5
232 6
233 6
234 5
235 5
236 6
237 5
238 5
239 5
240 6
241 6
242 5
243 5
244 5
245 5
246 6
247 5
248 5
249 4
250 3
251 2
252 2
253 3
254 3
255 3
256 4
257 4
258 4
259 4
260 3
261 3
262 2
263 3
264 4
265 4
266 5
267 5
268 6
269 6
270 8
271 8
272 8
273 9
274 8
275 7
276 7
277 7
278 6
279 6
280 4
281 4
282 3
283 1
284 1
285 1
286 1
287 2
288 2
289 2
290 4
291 4
292 3
293 3
294 2
295 3
296 3
297 4
298 3
299 3
300 3
301 3
302 3
303 3
304 3
305 4
306 5
307 5
308 5
309 5
310 4
311 4
312 4
313 4
314 4
315 4
316 4
317 4
318 4
319 4
320 5
321 5
322 5
323 5
324 4
325 3
326 2
327 1
328 1
329 2
330 2
331 2
332 2
333 2
334 1
335 2
336 2
337 2
338 2
339 4
340 4
341 4
342 5
343 5
344 4
345 4
346 4
347 4
348 4
349 5
350 6
351 5
352 5
353 5
354 5
355 6
356 6
357 6
358 6
359 7
360 7
361 7
362 6
363 5
364 5
365 5
366 4
367 4
368 4
369 4
370 5
371 6
372 6
373 6
374 6
375 6
376 6
377 5
378 5
379 5
380 5
381 5
382 5
383 5
384 5
385 4
386 4
387 4
388 3
389 3
390 3
391 4
392 5
393 5
394 5
395 5
396 5
397 6
398 5
399 5
400 4
401 4
402 4
403 4
404 5
405 5
406 5
407 5
408 4
409 4
410 4
411 4
412 4
413 5
414 5
415 5
416 5
417 5
418 5
419 4
420 4
421 3
422 3
423 3
424 4
425 4
426 4
427 4
428 4
429 4
430 4
431 4
432 4
433 4
434 5
435 6
436 6
437 6
438 6
439 6
440 7
441 7
442 7
443 8
444 8
445 8
446 8
447 8
448 7
449 7
450 7
451 6
452 6
453 5
454 5
455 5
456 6
457 6
458 6
459 6
460 6
461 6
462 7
463 6
464 7
465 7
466 7
467 8
468 7
469 7
470 6
471 7
472 7
473 6
474 6
475 5
476 6
477 5
478 4
479 4
480 5
481 4
482 4
483 4
484 4
485 4
486 3
487 4
488 4
489 4
490 4
491 4
492 4
493 4
494 5
495 7
496 7
497 6
498 6
499 5
500 5
501 5
502 5
503 5
504 4
505 3
506 3
507 3
508 4
509 4
510 3
511 3
512 3
513 3
514 3
515 4
516 4
517 5
518 4
519 4
520 4
521 3
522 3
523 3
524 3
525 3
526 3
527 3
528 3
529 4
530 5
531 5
532 5
533 4
534 4
535 5
536 6
537 6
538 6
539 5
540 5
541 4
542 4
543 3
544 3
545 4
546 3
547 3
548 3
549 3
550 3
551 4
552 4
553 3
554 4
555 3
556 3
557 3
558 3
559 3
560 2
561 2
562 2
563 2
564 2
565 2
566 2
567 2
568 2
569 4
570 5
571 5
572 4
573 4
574 4
575 4
576 4
577 5
578 5
579 5
580 5
581 5
582 5
583 5
584 5
585 5
586 5
587 5
588 5
589 5
590 5
591 6
592 5
593 5
594 5
595 5
596 5
597 3
598 3
599 3
600 4
601 4
602 4
603 5
604 4
605 4
606 5
607 6
608 6
609 6
610 6
611 5
612 6
613 5
614 5
615 5
616 5
617 5
618 5
619 6
620 6
621 6
622 6
623 6
624 6
625 6
626 6
627 6
628 6
629 5
630 5
631 5
632 5
633 5
634 5
635 5
636 5
637 5
638 4
639 4
640 4
641 4
642 4
643 3
644 2
645 3
646 5
647 5
648 4
649 3
650 3
651 3
652 3
653 4
654 3
655 3
656 4
657 3
658 3
659 3
660 4
661 3
662 3
663 3
664 3
665 4
666 4
667 4
668 4
669 4
670 4
671 3
672 4
673 5
674 6
675 6
676 6
677 6
678 6
679 6
680 7
681 7
682 7
683 7
684 7
685 6
686 6
687 6
688 5
689 6
690 6
691 6
692 6
693 6
694 5
695 4
696 4
697 4
698 3
699 3
700 3
701 3
702 3
703 3
704 3
705 3
706 4
707 4
708 4
709 4
710 4
711 4
712 4
713 3
714 4
715 3
716 4
717 5
718 6
719 4
720 4
721 3
722 3
723 3
724 3
725 3
726 3
727 4
728 4
729 4
730 3
731 4
732 4
733 4
734 4
735 4
736 5
737 5
738 5
739 5
740 5
741 5
742 6
743 6
744 5
745 4
746 4
747 4
748 5
749 4
750 5
751 5
752 5
753 5
754 5
755 4
756 3
757 4
758 4
759 4
760 4
761 3
762 3
763 3
764 3
765 2
766 2
767 3
768 3
769 3
770 3
771 3
772 4
773 5
774 5
775 3
776 3
777 3
778 4
779 3
780 3
781 2
782 2
783 2
784 3
785 3
786 1
787 2
788 1
789 1
790 1
791 1
792 2
793 2
794 3
795 4
796 5
797 5
798 5
799 4
800 4
801 5
802 5
803 5
804 5
805 5
806 5
807 4
808 4
809 5
810 5
811 4
812 3
813 3
814 3
815 3
816 5
817 4
818 4
819 4
820 3
821 2
822 2
823 4
824 4
825 5
826 5
827 5
828 6
829 6
830 6
831 6
832 7
833 8
834 8
835 9
836 8
837 7
838 7
839 7
840 6
841 6
842 6
843 6
844 6
845 7
846 6
847 6
848 6
849 6
850 6
851 6
852 6
853 6
854 6
855 5
856 6
857 5
858 6
859 5
860 4
861 4
862 4
863 4
864 4
865 4
866 4
867 3
868 4
869 5
870 5
871 6
872 5
873 6
874 6
875 6
876 5
877 4
878 4
879 4
880 4
881 5
882 7
883 7
884 6
885 6
886 6
887 5
888 5
889 5
890 5
891 6
892 4
893 4
894 5
895 5
896 5
897 7
898 6
899 6
900 6
901 6
902 6
903 7
904 7
905 6
906 6
907 6
908 6
909 5
910 5
911 5
912 5
913 5
914 6
915 5
916 5
917 4
918 2
919 3
920 4
921 5
922 4
923 3
924 3
925 4
926 4
927 4
928 5
929 5
930 6
931 6
932 6
933 6
934 5
935 6
936 5
937 6
938 6
939 5
940 5
941 5
942 5
943 7
944 7
945 7
946 6
947 5
948 5
949 5
950 5
951 5
952 4
953 3
954 3
955 4
956 4
957 4
958 4
959 4
960 4
961 4
962 4
963 5
964 5
965 4
966 4
967 4
968 4
969 4
970 5
971 5
972 5
973 5
974 5
975 5
976 5
977 5
978 5
979 5
980 5
981 6
982 5
983 5
984 5
985 6
986 6
987 6
988 7
989 7
990 8
991 8
992 8
993 7
994 7
995 7
996 7
997 7
998 6
999 5
1000 5
