0 60
1 55
2 50
3 46
4 41
5 40
6 36
7 35
8 38
9 38
10 37
11 36
12 33
13 32
14 33
15 35
16 38
17 34
18 35
19 32
20 30
21 32
22 33
23 32
24 30
25 31
26 34
27 34
28 34
29 34
30 37
31 38
32 39
33 40
34 40
35 41
36 42
37 41
38 40
39 39
40 39
41 39
42 36
43 38
44 38
45 39
46 42
47 41
48 39
49 39
50 38
51 36
52 37
53 35
54 36
55 38
56 36
57 33
58 32
59 34
60 34
61 37
62 37
63 36
64 34
65 32
66 34
67 34
68 36
69 33
70 38
71 37
72 36
73 38
74 40
75 37
76 35
77 37
78 35
79 38
80 37
81 38
82 39
83 37
84 35
85 36
86 36
87 35
88 31
89 35
90 35
91 35
92 34
93 36
94 39
95 38
96 38
97 38
98 38
99 36
100 37
101 38
102 38
103 38
104 35
105 37
106 37
107 40
108 36
109 38
110 37
111 37
112 36
113 34
114 34
115 35
116 36
117 38
118 38
119 36
120 38
121 42
122 43
123 44
124 44
125 43
126 41
127 38
128 39
129 36
130 39
131 40
132 38
133 37
134 38
135 40
136 39
137 37
138 37
139 35
140 37
141 39
142 36
143 35
144 34
145 31
146 29
147 28
148 30
149 30
150 30
151 31
152 30
153 32
154 30
155 31
156 32
157 31
158 33
159 34
160 34
161 34
162 34
163 33
164 35
165 39
166 41
167 41
168 39
169 35
170 35
171 35
172 35
173 36
174 36
175 37
176 35
177 36
178 37
179 36
180 36
181 37
182 36
183 34
184 34
185 35
186 34
187 36
188 36
189 36
190 35
191 33
192 33
193 32
194 35
195 33
196 32
197 32
198 31
199 31
200 35
201 36
202 37
203 36
204 36
205 38
206 37
207 34
208 32
209 35
210 40
211 40
212 38
213 36
214 37
215 38
216 38
217 41
218 41
219 40
220 39
221 37
222 37
223 38
224 39
225 38
226 38
227 36
228 36
229 35
230 36
231 38
232 42
233 43
234 39
235 38
236 38
237 39
238 37
239 36
240 35
241 37
242 37
243 38
244 32
245 36
246 34
247 36
248 38
249 37
250 36
251 40
252 40
253 39
254 37
255 39
256 39
257 40
258 38
259 35
260 34
261 36
262 33
263 35
264 37
265 38
266 39
267 37
268 36
269 37
270 35
271 36
272 33
273 34
274 36
275 36
276 36
277 37
278 35
279 37
280 36
281 34
282 36
283 38
284 39
285 39
286 37
287 38
288 38
289 39
290 35
291 33
292 35
293 33
294 33
295 34
296 32
297 34
298 30
299 30
300 32
301 34
302 34
303 37
304 35
305 34
306 34
307 36
308 38
309 39
310 38
311 38
312 40
313 41
314 38
315 40
316 36
317 35
318 34
319 32
320 37
321 34
322 33
323 32
324 32
325 36
326 36
327 36
328 36
329 39
330 36
331 38
332 37
333 37
334 38
335 34
336 32
337 33
338 32
339 32
340 35
341 36
342 36
343 36
344 36
345 33
346 35
347 38
348 37
349 36
350 36
351 37
352 39
353 34
354 35
355 36
356 32
357 32
358 36
359 37
360 36
361 37
362 38
363 35
364 34
365 36
366 37
367 37
368 38
369 39
370 38
371 36
372 37
373 37
374 35
375 36
376 38
377 37
378 37
379 36
380 36
381 35
382 35
383 36
384 34
385 33
386 35
387 36
388 36
389 36
390 35
391 39
392 39
393 38
394 37
395 38
396 39
397 40
398 39
399 38
400 39
401 38
402 39
403 41
404 38
405 37
406 37
407 41
408 37
409 36
410 36
411 37
412 36
413 35
414 36
415 35
416 36
417 35
418 36
419 38
420 36
421 34
422 35
423 37
424 40
425 40
426 37
427 37
428 38
429 35
430 33
431 36
432 38
433 37
434 36
435 34
436 35
437 36
438 37
439 33
440 32
441 32
442 32
443 35
444 33
445 33
446 35
447 38
448 36
449 35
450 38
451 39
452 39
453 38
454 38
455 39
456 38
457 40
458 42
459 42
460 38
461 34
462 36
463 38
464 36
465 38
466 37
467 36
468 36
469 35
470 35
471 32
472 33
473 36
474 34
475 32
476 33
477 32
478 27
479 32
480 36
481 38
482 38
483 40
484 40
485 39
486 36
487 36
488 37
489 37
490 36
491 39
492 38
493 36
494 35
495 31
496 33
497 33
498 35
499 33
500 35
501 36
502 35
503 37
504 36
505 35
506 34
507 36
508 37
509 39
510 38
511 36
512 39
513 39
514 39
515 39
516 38
517 40
518 39
519 37
520 38
521 39
522 40
523 41
524 39
525 39
526 41
527 40
528 40
529 40
530 40
531 40
532 38
533 37
534 34
535 36
536 36
537 37
538 38
539 36
540 36
541 35
542 38
543 41
544 39
545 40
546 38
547 42
548 42
549 38
550 39
551 39
552 35
553 36
554 38
555 38
556 35
557 35
558 35
559 37
560 39
561 37
562 39
563 39
564 39
565 41
566 39
567 37
568 39
569 39
570 38
571 40
572 38
573 39
574 40
575 38
576 38
577 38
578 36
579 35
580 36
581 35
582 37
583 37
584 33
585 33
586 31
587 31
588 37
589 36
590 38
591 39
592 38
593 37
594 38
595 37
596 38
597 39
598 37
599 35
600 36
601 34
602 35
603 36
604 37
605 38
606 41
607 39
608 39
609 42
610 40
611 39
612 36
613 36
614 38
615 39
616 38
617 39
618 38
619 39
620 37
621 36
622 36
623 36
624 36
625 36
626 38
627 36
628 37
629 40
630 41
631 39
632 38
633 37
634 38
635 39
636 37
637 38
638 39
639 36
640 39
641 39
642 39
643 37
644 35
645 34
646 33
647 32
648 31
649 36
650 39
651 42
652 35
653 35
654 34
655 37
656 37
657 36
658 35
659 38
660 39
661 41
662 41
663 42
664 38
665 36
666 40
667 38
668 33
669 35
670 32
671 33
672 35
673 36
674 35
675 34
676 34
677 37
678 33
679 34
680 31
681 31
682 36
683 38
684 39
685 39
686 38
687 39
688 36
689 35
690 36
691 37
692 36
693 37
694 37
695 38
696 35
697 36
698 35
699 36
700 37
701 34
702 31
703 32
704 34
705 36
706 38
707 39
708 37
709 34
710 36
711 36
712 38
713 35
714 37
715 37
716 37
717 35
718 36
719 35
720 32
721 28
722 31
723 30
724 29
725 28
726 32
727 35
728 35
729 35
730 36
731 37
732 36
733 39
734 39
735 39
736 37
737 36
738 35
739 36
740 38
741 38
742 39
743 38
744 39
745 40
746 38
747 37
748 37
749 37
750 41
751 39
752 42
753 42
754 41
755 39
756 38
757 39
758 39
759 38
760 39
761 41
762 43
763 43
764 40
765 36
766 35
767 37
768 37
769 37
770 40
771 43
772 37
773 37
774 35
775 35
776 33
777 35
778 35
779 33
780 33
781 35
782 33
783 35
784 35
785 36
786 38
787 39
788 40
789 38
790 34
791 34
792 35
793 35
794 38
795 38
796 36
797 38
798 37
799 37
800 39
801 37
802 37
803 34
804 35
805 37
806 33
807 34
808 34
809 35
810 34
811 33
812 33
813 35
814 35
815 37
816 39
817 39
818 40
819 40
820 40
821 38
822 38
823 39
824 33
825 34
826 34
827 36
828 37
829 40
830 39
831 37
832 40
833 38
834 37
835 34
836 38
837 38
838 36
839 38
840 37
841 34
842 33
843 32
844 35
845 35
846 35
847 37
848 37
849 38
850 38
851 38
852 38
853 37
854 34
855 34
856 31
857 34
858 36
859 35
860 32
861 34
862 39
863 40
864 38
865 37
866 39
867 39
868 37
869 36
870 39
871 38
872 38
873 40
874 38
875 39
876 36
877 35
878 35
879 35
880 36
881 35
882 38
883 37
884 38
885 38
886 35
887 34
888 36
889 33
890 35
891 36
892 35
893 35
894 36
895 37
896 34
897 33
898 35
899 35
900 36
901 33
902 34
903 35
904 39
905 38
906 38
907 38
908 39
909 41
910 39
911 40
912 41
913 40
914 39
915 39
916 37
917 36
918 38
919 39
920 38
921 38
922 38
923 36
924 36
925 37
926 39
927 38
928 38
929 34
930 36
931 34
932 34
933 33
934 35
935 35
936 35
937 35
938 38
939 36
940 37
941 36
942 36
943 37
944 37
945 37
946 38
947 40
948 40
949 40
950 38
951 37
952 37
953 36
954 38
955 37
956 37
957 36
958 35
959 32
960 32
961 32
962 33
963 33
964 33
965 37
966 37
967 37
968 34
969 38
970 39
971 38
972 41
973 39
974 39
975 36
976 37
977 37
978 36
979 36
980 34
981 34
982 33
983 33
984 35
985 36
986 36
987 34
988 33
989 34
990 37
991 35
992 34
993 35
994 36
995 39
996 40
997 38
998 39
999 33
1000 32
