0 55
1 52
2 50
3 49
4 46
5 44
6 44
7 43
8 43
9 41
10 39
11 38
12 38
13 38
14 38
15 38
16 37
17 36
18 35
19 33
20 30
21 29
22 28
23 28
24 27
25 27
26 27
27 26
28 26
29 25
30 24
31 23
32 23
33 22
34 21
35 20
36 19
37 19
38 18
39 17
40 17
41 17
42 18
43 17
44 18
45 18
46 18
47 18
48 18
49 18
50 17
51 18
52 18
53 18
54 18
55 18
56 18
57 18
58 17
59 17
60 17
61 17
62 17
63 16
64 16
65 16
66 15
67 14
68 14
69 14
70 14
71 14
72 14
73 13
74 13
75 14
76 16
77 15
78 15
79 14
80 14
81 14
82 14
83 14
84 14
85 14
86 14
87 15
88 15
89 14
90 14
91 14
92 13
93 13
94 13
95 13
96 13
97 13
98 12
99 12
100 11
101 11
102 10
103 10
104 10
105 10
106 10
107 10
108 10
109 10
110 10
111 11
112 11
113 11
114 11
115 11
116 10
117 10
118 10
119 10
120 11
121 11
122 11
123 11
124 11
125 11
126 11
127 11
128 11
129 10
130 10
131 10
132 10
133 10
134 10
135 10
136 9
137 9
138 9
139 9
140 9
141 10
142 10
143 10
144 10
145 10
146 9
147 9
148 9
149 9
150 9
151 9
152 9
153 9
154 9
155 9
156 10
157 9
158 9
159 10
160 10
161 10
162 10
163 10
164 9
165 8
166 8
167 7
168 7
169 7
170 8
171 8
172 8
173 9
174 9
175 9
176 10
177 10
178 10
179 9
180 9
181 10
182 10
183 10
184 11
185 12
186 13
187 13
188 14
189 14
190 13
191 12
192 11
193 11
194 11
195 12
196 11
197 13
198 13
199 13
200 13
201 13
202 13
203 13
204 14
205 13
206 13
207 13
208 13
209 13
210 13
211 12
212 12
213 11
214 11
215 11
216 12
217 13
218 12
219 11
220 11
221 11
222 11
223 11
224 12
225 12
226 11
227 11
228 10
229 10
230 10
231 10
232 11
233 11
234 11
235 11
236 11
237 10
238 11
239 11
240 10
241 10
242 9
243 9
244 9
245 9
246 9
247 9
248 9
249 10
250 11
251 11
252 11
253 11
254 11
255 11
256 11
257 10
258 11
259 12
260 12
261 11
262 10
263 11
264 11
265 12
266 11
267 11
268 12
269 13
270 13
271 13
272 12
273 12
274 12
275 12
276 12
277 12
278 12
279 11
280 11
281 11
282 11
283 11
284 12
285 13
286 13
287 14
288 14
289 14
290 14
291 14
292 13
293 13
294 13
295 14
296 14
297 15
298 15
299 15
300 14
301 13
302 13
303 13
304 13
305 14
306 13
307 13
308 11
309 11
310 12
311 12
312 12
313 12
314 12
315 12
316 12
317 12
318 12
319 12
320 11
321 11
322 10
323 10
324 10
325 11
326 11
327 11
328 11
329 11
330 11
331 11
332 11
333 10
334 10
335 10
336 10
337 10
338 10
339 10
340 10
341 10
342 10
343 10
344 9
345 9
346 9
347 10
348 9
349 10
350 10
351 10
352 9
353 9
354 9
355 10
356 10
357 10
358 9
359 9
360 9
361 9
362 9
363 9
364 10
365 9
366 9
367 9
368 9
369 9
370 9
371 8
372 8
373 8
374 8
375 9
376 10
377 10
378 8
379 8
380 8
381 9
382 9
383 10
384 11
385 11
386 11
387 11
388 11
389 11
390 11
391 10
392 10
393 10
394 11
395 12
396 12
397 12
398 11
399 11
400 11
401 10
402 10
403 10
404 10
405 10
406 9
407 9
408 9
409 10
410 10
411 10
412 11
413 11
414 11
415 10
416 11
417 11
418 12
419 12
420 12
421 11
422 11
423 10
424 10
425 10
426 10
427 10
428 9
429 8
430 8
431 7
432 7
433 7
434 6
435 6
436 6
437 6
438 6
439 6
440 6
441 6
442 6
443 6
444 6
445 7
446 6
447 6
448 6
449 7
450 6
451 6
452 7
453 7
454 7
455 7
456 7
457 7
458 6
459 6
460 7
461 7
462 8
463 8
464 8
465 8
466 7
467 8
468 9
469 8
470 8
471 8
472 7
473 7
474 7
475 7
476 8
477 7
478 7
479 7
480 7
481 7
482 7
483 8
484 8
485 8
486 7
487 7
488 7
489 7
490 7
491 7
492 7
493 8
494 8
495 8
496 7
497 7
498 8
499 8
500 7
501 6
502 7
503 7
504 7
505 7
506 7
507 7
508 8
509 8
510 8
511 7
512 7
513 7
514 7
515 9
516 9
517 9
518 9
519 8
520 8
521 8
522 9
523 10
524 10
525 9
526 8
527 9
528 9
529 9
530 9
531 9
532 8
533 8
534 8
535 8
536 9
537 9
538 8
539 8
540 8
541 8
542 6
543 6
544 6
545 6
546 6
547 6
548 6
549 6
550 6
551 6
552 6
553 7
554 7
555 8
556 7
557 7
558 7
559 7
560 7
561 7
562 6
563 6
564 6
565 6
566 6
567 6
568 6
569 6
570 6
571 7
572 7
573 8
574 8
575 8
576 8
577 7
578 7
579 7
580 8
581 8
582 8
583 8
584 9
585 9
586 9
587 9
588 10
589 10
590 9
591 9
592 9
593 9
594 9
595 9
596 10
597 10
598 10
599 10
600 9
601 10
602 9
603 9
604 9
605 9
606 9
607 9
608 9
609 9
610 9
611 9
612 9
613 9
614 8
615 8
616 9
617 10
618 10
619 10
620 10
621 9
622 9
623 9
624 9
625 9
626 9
627 10
628 10
629 10
630 10
631 10
632 10
633 10
634 11
635 11
636 11
637 12
638 11
639 11
640 11
641 11
642 11
643 11
644 11
645 11
646 10
647 10
648 10
649 10
650 11
651 11
652 10
653 10
654 9
655 10
656 10
657 10
658 10
659 11
660 11
661 10
662 10
663 10
664 10
665 10
666 10
667 9
668 9
669 9
670 9
671 9
672 8
673 9
674 9
675 9
676 9
677 9
678 9
679 9
680 9
681 9
682 9
683 9
684 8
685 10
686 9
687 9
688 9
689 10
690 10
691 10
692 11
693 10
694 10
695 10
696 10
697 10
698 9
699 9
700 8
701 8
702 9
703 9
704 9
705 9
706 8
707 8
708 7
709 7
710 8
711 7
712 7
713 7
714 8
715 9
716 9
717 8
718 8
719 8
720 8
721 8
722 8
723 8
724 8
725 7
726 7
727 7
728 7
729 7
730 7
731 7
732 7
733 6
734 7
735 7
736 6
737 6
738 7
739 7
740 6
741 7
742 8
743 7
744 7
745 7
746 7
747 6
748 6
749 6
750 5
751 5
752 5
753 7
754 7
755 7
756 7
757 7
758 8
759 8
760 8
761 8
762 8
763 8
764 8
765 8
766 8
767 8
768 8
769 8
770 8
771 8
772 8
773 9
774 9
775 9
776 9
777 9
778 9
779 8
780 9
781 9
782 9
783 10
784 10
785 10
786 10
787 10
788 11
789 11
790 11
791 11
792 11
793 10
794 10
795 10
796 10
797 10
798 10
799 10
800 10
801 10
802 10
803 9
804 10
805 10
806 10
807 11
808 11
809 11
810 11
811 11
812 11
813 10
814 10
815 10
816 10
817 10
818 10
819 10
820 10
821 12
822 12
823 12
824 12
825 12
826 13
827 14
828 14
829 14
830 14
831 14
832 14
833 14
834 14
835 14
836 14
837 14
838 14
839 14
840 14
841 14
842 13
843 12
844 11
845 11
846 11
847 12
848 12
849 13
850 12
851 12
852 12
853 12
854 13
855 13
856 13
857 12
858 13
859 12
860 13
861 13
862 13
863 13
864 12
865 11
866 11
867 12
868 12
869 11
870 11
871 11
872 11
873 11
874 11
875 10
876 9
877 10
878 10
879 10
880 10
881 10
882 9
883 9
884 9
885 9
886 10
887 11
888 11
889 11
890 11
891 11
892 11
893 11
894 11
895 10
896 10
897 10
898 10
899 10
900 10
901 9
902 8
903 8
904 8
905 8
906 8
907 8
908 8
909 8
910 8
911 8
912 8
913 8
914 7
915 7
916 8
917 9
918 8
919 8
920 7
921 8
922 8
923 7
924 7
925 7
926 8
927 9
928 9
929 8
930 7
931 8
932 8
933 8
934 7
935 7
936 7
937 7
938 7
939 7
940 7
941 7
942 7
943 7
944 7
945 8
946 8
947 8
948 7
949 7
950 7
951 7
952 7
953 9
954 9
955 9
956 9
957 9
958 10
959 11
960 11
961 11
962 10
963 10
964 10
965 10
966 10
967 9
968 9
969 9
970 9
971 9
972 8
973 8
974 8
975 8
976 8
977 8
978 8
979 9
980 10
981 10
982 11
983 10
984 10
985 10
986 11
987 10
988 10
989 10
990 10
991 10
992 11
993 11
994 10
995 10
996 10
997 10
998 9
999 8
1000 8
