0 30
1 26
2 24
3 21
4 19
5 18
6 18
7 17
8 16
9 16
10 15
11 14
12 15
13 17
14 16
15 13
16 12
17 14
18 15
19 14
20 14
21 16
22 18
23 18
24 17
25 16
26 16
27 16
28 16
29 15
30 17
31 16
32 16
33 15
34 14
35 16
36 17
37 17
38 15
39 15
40 16
41 15
42 13
43 13
44 15
45 14
46 14
47 13
48 12
49 12
50 13
51 12
52 10
53 11
54 12
55 13
56 11
57 11
58 12
59 12
60 13
61 14
62 12
63 11
64 12
65 10
66 10
67 11
68 12
69 14
70 15
71 16
72 17
73 15
74 16
75 16
76 14
77 14
78 12
79 11
80 13
81 14
82 15
83 15
84 14
85 14
86 12
87 14
88 14
89 15
90 16
91 17
92 17
93 14
94 14
95 13
96 13
97 13
98 13
99 16
100 16
101 15
102 15
103 14
104 14
105 14
106 14
107 14
108 15
109 14
110 16
111 16
112 16
113 16
114 16
115 16
116 15
117 15
118 17
119 18
120 17
121 17
122 16
123 16
124 18
125 17
126 15
127 15
128 15
129 14
130 15
131 13
132 14
133 14
134 14
135 16
136 15
137 16
138 13
139 15
140 16
141 17
142 17
143 16
144 14
145 13
146 14
147 16
148 13
149 14
150 13
151 14
152 13
153 13
154 13
155 12
156 12
157 12
158 12
159 10
160 10
161 11
162 12
163 11
164 12
165 11
166 9
167 9
168 10
169 12
170 11
171 12
172 12
173 12
174 12
175 12
176 13
177 15
178 15
179 14
180 13
181 14
182 13
183 13
184 13
185 14
186 14
187 15
188 16
189 15
190 14
191 14
192 15
193 15
194 16
195 15
196 13
197 16
198 15
199 16
200 17
201 12
202 12
203 11
204 12
205 14
206 12
207 12
208 13
209 13
210 12
211 14
212 13
213 14
214 14
215 14
216 14
217 15
218 14
219 14
220 14
221 14
222 13
223 14
224 16
225 15
226 15
227 15
228 15
229 16
230 15
231 15
232 13
233 12
234 12
235 12
236 13
237 12
238 11
239 12
240 12
241 11
242 13
243 13
244 11
245 10
246 10
247 13
248 13
249 13
250 12
251 13
252 13
253 12
254 14
255 17
256 18
257 16
258 15
259 15
260 16
261 17
262 16
263 15
264 15
265 15
266 16
267 17
268 17
269 16
270 16
271 16
272 15
273 14
274 16
275 16
276 15
277 15
278 17
279 16
280 17
281 16
282 17
283 18
284 18
285 18
286 17
287 15
288 14
289 15
290 14
291 15
292 15
293 16
294 15
295 15
296 15
297 15
298 15
299 14
300 15
301 16
302 16
303 13
304 12
305 13
306 12
307 14
308 16
309 15
310 14
311 14
312 14
313 15
314 17
315 14
316 14
317 14
318 13
319 13
320 13
321 15
322 16
323 16
324 14
325 13
326 12
327 12
328 14
329 17
330 17
331 15
332 13
333 13
334 12
335 14
336 15
337 14
338 15
339 17
340 16
341 15
342 14
343 12
344 11
345 12
346 12
347 13
348 13
349 13
350 14
351 15
352 15
353 16
354 16
355 16
356 14
357 14
358 15
359 16
360 16
361 16
362 16
363 16
364 15
365 17
366 15
367 14
368 13
369 14
370 12
371 13
372 15
373 15
374 14
375 14
376 15
377 13
378 14
379 14
380 14
381 14
382 13
383 14
384 13
385 15
386 14
387 16
388 14
389 15
390 15
391 15
392 16
393 16
394 16
395 16
396 16
397 16
398 16
399 15
400 16
401 16
402 17
403 17
404 13
405 14
406 12
407 11
408 12
409 13
410 12
411 13
412 15
413 12
414 13
415 13
416 13
417 12
418 12
419 14
420 15
421 15
422 15
423 14
424 13
425 14
426 13
427 14
428 14
429 14
430 13
431 14
432 16
433 16
434 17
435 17
436 16
437 16
438 15
439 17
440 17
441 15
442 14
443 13
444 11
445 12
446 13
447 13
448 14
449 16
450 15
451 15
452 12
453 14
454 13
455 12
456 14
457 13
458 12
459 12
460 13
461 13
462 13
463 13
464 12
465 13
466 14
467 14
468 15
469 13
470 15
471 13
472 15
473 15
474 14
475 13
476 15
477 15
478 14
479 14
480 12
481 11
482 12
483 15
484 15
485 15
486 15
487 14
488 12
489 15
490 14
491 14
492 15
493 17
494 18
495 17
496 16
497 17
498 15
499 16
500 18
501 18
502 17
503 17
504 18
505 18
506 17
507 18
508 17
509 18
510 18
511 18
512 18
513 16
514 14
515 15
516 15
517 15
518 15
519 13
520 14
521 16
522 17
523 16
524 16
525 15
526 14
527 17
528 18
529 16
530 15
531 17
532 15
533 15
534 14
535 16
536 14
537 14
538 14
539 15
540 14
541 16
542 15
543 14
544 15
545 16
546 15
547 13
548 11
549 11
550 9
551 11
552 13
553 14
554 13
555 10
556 11
557 13
558 14
559 12
560 14
561 14
562 12
563 13
564 14
565 13
566 15
567 16
568 17
569 16
570 15
571 15
572 16
573 17
574 17
575 16
576 17
577 17
578 14
579 14
580 13
581 13
582 12
583 15
584 16
585 17
586 16
587 16
588 16
589 17
590 17
591 16
592 15
593 15
594 15
595 15
596 14
597 13
598 14
599 15
600 18
601 18
602 16
603 17
604 16
605 15
606 13
607 13
608 14
609 13
610 14
611 13
612 13
613 14
614 15
615 16
616 16
617 17
618 14
619 12
620 11
621 12
622 11
623 11
624 12
625 14
626 13
627 14
628 13
629 13
630 11
631 12
632 12
633 13
634 14
635 14
636 13
637 14
638 15
639 16
640 16
641 15
642 13
643 14
644 15
645 12
646 13
647 14
648 14
649 14
650 16
651 16
652 15
653 14
654 15
655 16
656 15
657 17
658 17
659 16
660 16
661 16
662 15
663 14
664 15
665 14
666 14
667 13
668 13
669 15
670 12
671 14
672 13
673 14
674 13
675 14
676 15
677 16
678 15
679 15
680 15
681 16
682 17
683 16
684 16
685 17
686 16
687 16
688 16
689 11
690 12
691 10
692 11
693 13
694 13
695 13
696 15
697 15
698 15
699 14
700 14
701 16
702 16
703 17
704 16
705 15
706 16
707 17
708 16
709 16
710 15
711 16
712 16
713 16
714 15
715 15
716 15
717 16
718 15
719 12
720 11
721 8
722 9
723 13
724 14
725 15
726 14
727 14
728 15
729 14
730 15
731 12
732 12
733 12
734 13
735 12
736 12
737 12
738 14
739 14
740 14
741 12
742 11
743 12
744 12
745 14
746 13
747 12
748 13
749 13
750 13
751 14
752 15
753 14
754 15
755 16
756 14
757 15
758 15
759 16
760 16
761 18
762 16
763 14
764 13
765 15
766 16
767 14
768 14
769 15
770 14
771 16
772 15
773 15
774 15
775 15
776 13
777 13
778 13
779 13
780 12
781 12
782 13
783 15
784 14
785 15
786 14
787 15
788 15
789 16
790 17
791 18
792 16
793 14
794 14
795 14
796 14
797 12
798 12
799 13
800 13
801 13
802 13
803 13
804 14
805 14
806 14
807 15
808 15
809 16
810 16
811 14
812 13
813 14
814 15
815 16
816 16
817 15
818 16
819 18
820 19
821 18
822 17
823 15
824 15
825 14
826 15
827 14
828 14
829 12
830 13
831 14
832 15
833 15
834 14
835 14
836 15
837 15
838 15
839 14
840 16
841 17
842 17
843 17
844 16
845 13
846 16
847 16
848 16
849 16
850 15
851 15
852 15
853 15
854 15
855 15
856 17
857 17
858 16
859 14
860 14
861 14
862 10
863 13
864 14
865 14
866 13
867 11
868 11
869 12
870 12
871 12
872 13
873 14
874 16
875 15
876 15
877 16
878 16
879 14
880 13
881 15
882 15
883 15
884 16
885 17
886 14
887 15
888 15
889 13
890 13
891 13
892 13
893 14
894 15
895 15
896 17
897 18
898 17
899 16
900 17
901 15
902 15
903 12
904 15
905 12
906 14
907 13
908 15
909 18
910 15
911 15
912 16
913 16
914 16
915 17
916 17
917 17
918 18
919 18
920 17
921 16
922 17
923 19
924 17
925 18
926 18
927 17
928 16
929 14
930 15
931 16
932 14
933 15
934 15
935 15
936 15
937 14
938 11
939 11
940 12
941 14
942 12
943 11
944 10
945 13
946 15
947 15
948 17
949 14
950 13
951 13
952 14
953 15
954 16
955 16
956 15
957 16
958 16
959 17
960 16
961 13
962 12
963 13
964 13
965 14
966 15
967 15
968 14
969 15
970 14
971 14
972 15
973 15
974 15
975 15
976 15
977 14
978 12
979 12
980 13
981 11
982 12
983 13
984 14
985 16
986 14
987 12
988 12
989 13
990 10
991 11
992 11
993 12
994 13
995 15
996 15
997 14
998 14
999 15
1000 15
