0 60
1 50
2 39
3 38
4 42
5 36
6 40
7 39
8 37
9 38
10 33
11 35
12 38
13 40
14 39
15 36
16 34
17 35
18 37
19 37
20 38
21 39
22 34
23 37
24 34
25 36
26 37
27 38
28 39
29 38
30 36
31 39
32 39
33 38
34 40
35 39
36 39
37 39
38 42
39 43
40 41
41 39
42 42
43 37
44 38
45 35
46 36
47 37
48 38
49 35
50 35
51 36
52 39
53 38
54 35
55 33
56 36
57 36
58 38
59 37
60 35
61 36
62 36
63 39
64 38
65 38
66 40
67 39
68 36
69 35
70 37
71 40
72 40
73 40
74 39
75 39
76 42
77 42
78 40
79 39
80 34
81 35
82 35
83 36
84 36
85 34
86 33
87 36
88 37
89 37
90 34
91 40
92 37
93 39
94 36
95 36
96 37
97 37
98 40
99 40
100 37
101 38
102 35
103 38
104 33
105 38
106 35
107 38
108 34
109 38
110 37
111 37
112 39
113 37
114 37
115 37
116 36
117 36
118 37
119 38
120 37
121 37
122 37
123 38
124 36
125 36
126 39
127 37
128 36
129 37
130 39
131 38
132 36
133 39
134 36
135 41
136 39
137 41
138 41
139 36
140 36
141 37
142 37
143 33
144 36
145 38
146 41
147 41
148 36
149 41
150 42
151 41
152 39
153 38
154 36
155 36
156 37
157 33
158 37
159 39
160 38
161 36
162 38
163 38
164 39
165 37
166 36
167 37
168 36
169 38
170 40
171 35
172 36
173 35
174 38
175 39
176 41
177 41
178 34
179 33
180 39
181 37
182 37
183 36
184 36
185 34
186 38
187 38
188 41
189 37
190 37
191 37
192 39
193 37
194 37
195 37
196 38
197 38
198 37
199 37
200 37
201 36
202 37
203 40
204 38
205 40
206 39
207 39
208 36
209 37
210 36
211 38
212 36
213 37
214 39
215 35
216 38
217 38
218 37
219 37
220 39
221 42
222 41
223 40
224 38
225 37
226 36
227 37
228 37
229 33
230 40
231 41
232 37
233 36
234 39
235 39
236 38
237 39
238 39
239 41
240 37
241 39
242 39
243 39
244 41
245 42
246 42
247 39
248 39
249 34
250 37
251 39
252 37
253 35
254 33
255 30
256 36
257 36
258 36
259 38
260 37
261 41
262 38
263 35
264 38
265 35
266 37
267 36
268 37
269 37
270 38
271 37
272 38
273 38
274 40
275 38
276 38
277 37
278 36
279 36
280 37
281 38
282 33
283 36
284 35
285 38
286 39
287 32
288 37
289 39
290 38
291 36
292 37
293 38
294 39
295 40
296 35
297 34
298 37
299 36
300 37
301 38
302 40
303 41
304 36
305 36
306 39
307 39
308 41
309 38
310 36
311 37
312 36
313 38
314 38
315 38
316 38
317 36
318 40
319 40
320 40
321 39
322 39
323 41
324 39
325 37
326 36
327 40
328 34
329 36
330 35
331 35
332 39
333 38
334 41
335 41
336 40
337 35
338 40
339 42
340 39
341 38
342 37
343 37
344 37
345 39
346 42
347 41
348 35
349 35
350 35
351 35
352 36
353 35
354 34
355 34
356 34
357 35
358 40
359 42
360 40
361 39
362 36
363 38
364 35
365 37
366 39
367 36
368 35
369 35
370 35
371 37
372 33
373 33
374 35
375 36
376 37
377 39
378 42
379 36
380 37
381 36
382 39
383 35
384 39
385 37
386 38
387 39
388 38
389 38
390 36
391 33
392 38
393 35
394 36
395 40
396 38
397 37
398 37
399 36
400 35
401 37
402 35
403 34
404 36
405 36
406 39
407 37
408 36
409 35
410 37
411 35
412 38
413 39
414 38
415 36
416 36
417 33
418 35
419 38
420 40
421 37
422 35
423 34
424 37
425 37
426 43
427 43
428 38
429 38
430 35
431 33
432 37
433 38
434 39
435 40
436 41
437 41
438 40
439 42
440 39
441 38
442 40
443 39
444 38
445 38
446 39
447 41
448 41
449 41
450 42
451 40
452 36
453 36
454 38
455 39
456 38
457 40
458 40
459 39
460 40
461 41
462 39
463 40
464 40
465 37
466 41
467 38
468 33
469 38
470 36
471 37
472 37
473 39
474 38
475 38
476 38
477 37
478 38
479 39
480 39
481 36
482 42
483 39
484 39
485 40
486 38
487 38
488 39
489 39
490 38
491 37
492 36
493 42
494 42
495 39
496 41
497 39
498 37
499 36
500 35
501 38
502 38
503 34
504 38
505 37
506 35
507 35
508 38
509 36
510 38
511 37
512 37
513 37
514 36
515 41
516 40
517 40
518 39
519 41
520 43
521 41
522 40
523 36
524 36
525 36
526 34
527 39
528 40
529 37
530 37
531 41
532 40
533 39
534 40
535 39
536 40
537 40
538 37
539 37
540 41
541 41
542 42
543 40
544 37
545 34
546 36
547 38
548 35
549 38
550 39
551 34
552 39
553 41
554 38
555 34
556 35
557 35
558 36
559 41
560 38
561 38
562 39
563 39
564 40
565 34
566 37
567 41
568 40
569 37
570 38
571 36
572 36
573 36
574 36
575 37
576 34
577 34
578 36
579 37
580 38
581 38
582 38
583 42
584 40
585 36
586 34
587 36
588 38
589 32
590 37
591 35
592 38
593 38
594 38
595 39
596 38
597 39
598 37
599 38
600 35
601 38
602 40
603 39
604 39
605 39
606 36
607 38
608 38
609 39
610 36
611 36
612 37
613 37
614 36
615 37
616 37
617 41
618 39
619 38
620 38
621 39
622 36
623 36
624 30
625 33
626 36
627 38
628 40
629 39
630 38
631 40
632 37
633 39
634 38
635 39
636 38
637 42
638 42
639 40
640 39
641 37
642 36
643 39
644 38
645 36
646 35
647 36
648 36
649 39
650 38
651 32
652 35
653 34
654 37
655 36
656 34
657 37
658 35
659 36
660 38
661 39
662 40
663 37
664 42
665 37
666 34
667 34
668 32
669 32
670 35
671 37
672 42
673 38
674 40
675 39
676 40
677 43
678 40
679 39
680 38
681 40
682 35
683 36
684 36
685 39
686 38
687 39
688 40
689 39
690 41
691 35
692 35
693 37
694 35
695 40
696 34
697 39
698 36
699 38
700 38
701 38
702 37
703 37
704 40
705 37
706 36
707 36
708 38
709 35
710 38
711 34
712 38
713 38
714 40
715 39
716 40
717 40
718 34
719 40
720 38
721 39
722 35
723 33
724 36
725 36
726 38
727 39
728 38
729 37
730 35
731 39
732 33
733 34
734 36
735 37
736 36
737 38
738 34
739 35
740 40
741 38
742 40
743 40
744 37
745 38
746 40
747 37
748 36
749 33
750 33
751 36
752 38
753 40
754 40
755 34
756 36
757 40
758 40
759 40
760 39
761 40
762 40
763 31
764 36
765 35
766 38
767 37
768 37
769 37
770 38
771 41
772 42
773 41
774 39
775 38
776 39
777 38
778 37
779 36
780 31
781 35
782 35
783 37
784 36
785 38
786 33
787 33
788 35
789 36
790 41
791 40
792 39
793 41
794 39
795 38
796 37
797 37
798 39
799 39
800 39
801 39
802 37
803 38
804 37
805 39
806 40
807 39
808 40
809 37
810 35
811 32
812 36
813 34
814 39
815 40
816 39
817 42
818 41
819 40
820 40
821 36
822 32
823 35
824 36
825 36
826 37
827 34
828 30
829 35
830 34
831 35
832 36
833 41
834 39
835 33
836 36
837 39
838 37
839 38
840 34
841 34
842 34
843 31
844 34
845 33
846 36
847 36
848 38
849 33
850 38
851 33
852 36
853 36
854 36
855 33
856 38
857 37
858 39
859 36
860 41
861 41
862 40
863 41
864 38
865 41
866 40
867 41
868 40
869 40
870 41
871 36
872 37
873 39
874 40
875 37
876 35
877 37
878 37
879 38
880 35
881 38
882 38
883 38
884 37
885 33
886 33
887 34
888 35
889 37
890 38
891 38
892 33
893 35
894 38
895 39
896 39
897 38
898 38
899 35
900 35
901 38
902 37
903 36
904 38
905 40
906 41
907 38
908 40
909 38
910 41
911 39
912 39
913 36
914 36
915 36
916 36
917 39
918 35
919 39
920 37
921 40
922 39
923 37
924 34
925 34
926 38
927 36
928 36
929 41
930 40
931 40
932 40
933 38
934 37
935 36
936 37
937 38
938 40
939 40
940 42
941 38
942 40
943 41
944 39
945 40
946 38
947 39
948 36
949 37
950 37
951 37
952 39
953 39
954 37
955 36
956 34
957 33
958 34
959 32
960 34
961 37
962 38
963 41
964 37
965 39
966 39
967 39
968 39
969 37
970 31
971 36
972 37
973 40
974 38
975 41
976 39
977 41
978 40
979 39
980 40
981 40
982 38
983 34
984 37
985 38
986 35
987 36
988 37
989 39
990 38
991 35
992 36
993 37
994 40
995 36
996 35
997 37
998 37
999 40
1000 38
