0 40
1 38
2 30
3 32
4 32
5 31
6 26
7 26
8 27
9 30
10 28
11 27
12 29
13 29
14 29
15 30
16 28
17 30
18 28
19 26
20 26
21 27
22 26
23 27
24 27
25 27
26 25
27 26
28 24
29 23
30 23
31 24
32 23
33 27
34 28
35 31
36 25
37 24
38 26
39 26
40 27
41 25
42 24
43 26
44 25
45 28
46 28
47 29
48 28
49 29
50 30
51 28
52 27
53 28
54 26
55 25
56 26
57 27
58 31
59 31
60 33
61 30
62 27
63 26
64 25
65 25
66 30
67 29
68 29
69 28
70 28
71 26
72 26
73 26
74 27
75 28
76 27
77 28
78 29
79 25
80 26
81 23
82 24
83 22
84 27
85 29
86 30
87 32
88 32
89 31
90 27
91 28
92 27
93 29
94 29
95 32
96 33
97 32
98 31
99 30
100 30
101 31
102 30
103 28
104 26
105 24
106 27
107 27
108 27
109 27
110 27
111 31
112 29
113 28
114 29
115 28
116 28
117 31
118 27
119 25
120 29
121 30
122 32
123 28
124 26
125 24
126 25
127 27
128 23
129 24
130 21
131 24
132 25
133 27
134 27
135 23
136 25
137 25
138 23
139 21
140 24
141 25
142 22
143 19
144 22
145 28
146 26
147 24
148 25
149 27
150 25
151 24
152 25
153 26
154 28
155 26
156 29
157 27
158 29
159 29
160 29
161 28
162 26
163 27
164 30
165 23
166 24
167 25
168 27
169 27
170 24
171 28
172 25
173 25
174 23
175 25
176 27
177 27
178 30
179 25
180 25
181 22
182 24
183 24
184 25
185 28
186 27
187 29
188 30
189 28
190 27
191 26
192 26
193 26
194 26
195 28
196 27
197 25
198 24
199 25
200 23
201 24
202 23
203 24
204 23
205 23
206 25
207 25
208 28
209 29
210 27
211 25
212 24
213 29
214 29
215 28
216 29
217 28
218 26
219 27
220 27
221 25
222 27
223 25
224 24
225 25
226 20
227 22
228 23
229 27
230 26
231 27
232 29
233 30
234 30
235 29
236 28
237 27
238 24
239 27
240 26
241 26
242 25
243 27
244 26
245 23
246 29
247 28
248 25
249 27
250 28
251 26
252 24
253 26
254 27
255 27
256 25
257 27
258 26
259 24
260 24
261 22
262 23
263 24
264 25
265 28
266 27
267 26
268 29
269 26
270 24
271 25
272 24
273 23
274 28
275 28
276 23
277 24
278 24
279 24
280 25
281 27
282 30
283 32
284 30
285 31
286 29
287 29
288 30
289 29
290 29
291 30
292 28
293 28
294 25
295 25
296 24
297 23
298 24
299 24
300 27
301 29
302 25
303 27
304 27
305 25
306 26
307 26
308 26
309 27
310 24
311 24
312 25
313 22
314 25
315 25
316 28
317 28
318 26
319 27
320 28
321 28
322 31
323 28
324 29
325 31
326 26
327 29
328 26
329 24
330 24
331 29
332 28
333 30
334 29
335 26
336 30
337 28
338 28
339 29
340 29
341 29
342 27
343 30
344 28
345 30
346 30
347 23
348 22
349 24
350 19
351 23
352 25
353 27
354 26
355 28
356 27
357 25
358 25
359 24
360 28
361 27
362 24
363 24
364 23
365 25
366 26
367 20
368 22
369 24
370 26
371 25
372 25
373 24
374 24
375 27
376 26
377 28
378 23
379 25
380 28
381 27
382 27
383 30
384 28
385 30
386 29
387 29
388 26
389 27
390 25
391 27
392 23
393 24
394 23
395 23
396 26
397 29
398 30
399 30
400 27
401 28
402 27
403 27
404 27
405 29
406 27
407 25
408 27
409 30
410 23
411 23
412 24
413 26
414 27
415 26
416 25
417 27
418 26
419 26
420 24
421 26
422 27
423 27
424 28
425 27
426 28
427 29
428 32
429 28
430 30
431 27
432 25
433 27
434 26
435 28
436 25
437 28
438 30
439 27
440 25
441 25
442 27
443 28
444 28
445 29
446 26
447 25
448 29
449 30
450 31
451 26
452 26
453 26
454 28
455 25
456 21
457 24
458 26
459 25
460 26
461 27
462 27
463 24
464 25
465 26
466 26
467 26
468 26
469 26
470 25
471 25
472 24
473 28
474 28
475 26
476 27
477 27
478 24
479 25
480 30
481 28
482 30
483 27
484 25
485 22
486 21
487 22
488 26
489 28
490 29
491 30
492 27
493 23
494 23
495 27
496 26
497 27
498 27
499 29
500 26
501 27
502 25
503 27
504 22
505 25
506 23
507 23
508 24
509 26
510 28
511 29
512 26
513 25
514 26
515 22
516 23
517 23
518 25
519 28
520 31
521 26
522 27
523 27
524 26
525 25
526 24
527 26
528 29
529 30
530 27
531 26
532 23
533 26
534 27
535 26
536 27
537 25
538 27
539 26
540 25
541 25
542 26
543 24
544 25
545 29
546 31
547 29
548 28
549 29
550 28
551 26
552 26
553 26
554 24
555 28
556 27
557 24
558 28
559 31
560 27
561 28
562 31
563 29
564 27
565 27
566 29
567 29
568 28
569 27
570 27
571 26
572 27
573 30
574 30
575 29
576 28
577 26
578 25
579 27
580 29
581 30
582 29
583 27
584 27
585 26
586 24
587 26
588 27
589 26
590 25
591 26
592 29
593 31
594 30
595 29
596 29
597 30
598 31
599 30
600 28
601 28
602 30
603 27
604 28
605 28
606 27
607 27
608 26
609 24
610 24
611 26
612 25
613 25
614 23
615 22
616 24
617 25
618 22
619 23
620 24
621 25
622 24
623 25
624 25
625 25
626 26
627 26
628 28
629 28
630 27
631 28
632 28
633 28
634 28
635 28
636 28
637 30
638 26
639 29
640 32
641 27
642 27
643 28
644 28
645 27
646 26
647 28
648 26
649 25
650 25
651 24
652 23
653 24
654 29
655 30
656 28
657 28
658 32
659 29
660 28
661 28
662 28
663 26
664 26
665 25
666 24
667 24
668 23
669 22
670 23
671 26
672 26
673 27
674 28
675 28
676 28
677 25
678 23
679 25
680 26
681 24
682 26
683 26
684 28
685 25
686 25
687 24
688 26
689 26
690 27
691 28
692 24
693 27
694 26
695 27
696 27
697 31
698 29
699 29
700 26
701 28
702 27
703 26
704 27
705 26
706 25
707 25
708 27
709 24
710 27
711 24
712 26
713 28
714 27
715 26
716 26
717 28
718 29
719 27
720 26
721 27
722 26
723 26
724 27
725 27
726 25
727 25
728 27
729 29
730 26
731 28
732 29
733 25
734 27
735 27
736 26
737 27
738 27
739 27
740 28
741 31
742 33
743 31
744 28
745 24
746 29
747 27
748 26
749 28
750 29
751 29
752 28
753 26
754 26
755 23
756 24
757 25
758 24
759 28
760 26
761 24
762 27
763 27
764 24
765 25
766 28
767 25
768 24
769 26
770 27
771 28
772 26
773 26
774 25
775 25
776 23
777 23
778 22
779 25
780 26
781 23
782 25
783 25
784 26
785 27
786 23
787 24
788 28
789 28
790 27
791 25
792 28
793 26
794 26
795 26
796 28
797 27
798 26
799 26
800 28
801 28
802 28
803 27
804 28
805 29
806 27
807 27
808 26
809 26
810 26
811 25
812 28
813 27
814 30
815 28
816 27
817 26
818 26
819 26
820 26
821 26
822 27
823 26
824 24
825 25
826 26
827 26
828 28
829 23
830 27
831 25
832 28
833 28
834 30
835 29
836 26
837 24
838 26
839 25
840 27
841 27
842 27
843 23
844 22
845 21
846 18
847 20
848 24
849 24
850 24
851 27
852 27
853 28
854 29
855 31
856 30
857 28
858 25
859 25
860 25
861 28
862 26
863 28
864 29
865 26
866 26
867 28
868 28
869 30
870 30
871 31
872 31
873 32
874 31
875 27
876 27
877 29
878 28
879 29
880 30
881 27
882 24
883 24
884 24
885 24
886 26
887 24
888 28
889 27
890 26
891 29
892 28
893 29
894 31
895 33
896 30
897 29
898 25
899 23
900 26
901 25
902 28
903 25
904 26
905 28
906 27
907 27
908 29
909 27
910 29
911 27
912 28
913 25
914 21
915 25
916 26
917 22
918 25
919 27
920 27
921 25
922 29
923 31
924 31
925 28
926 25
927 25
928 26
929 27
930 27
931 27
932 24
933 24
934 24
935 24
936 24
937 25
938 25
939 25
940 26
941 28
942 27
943 27
944 28
945 29
946 29
947 28
948 28
949 27
950 26
951 25
952 24
953 25
954 23
955 28
956 26
957 25
958 24
959 25
960 27
961 25
962 24
963 24
964 24
965 22
966 22
967 25
968 29
969 30
970 28
971 24
972 27
973 28
974 27
975 28
976 29
977 29
978 27
979 29
980 26
981 23
982 26
983 28
984 28
985 29
986 27
987 33
988 35
989 34
990 28
991 29
992 29
993 27
994 26
995 27
996 26
997 27
998 26
999 28
1000 26
