0 10
1 5
2 4
3 7
4 6
5 4
6 5
7 6
8 5
9 3
10 4
11 6
12 5
13 5
14 4
15 6
16 5
17 5
18 5
19 5
20 5
21 6
22 4
23 5
24 5
25 5
26 5
27 3
28 4
29 4
30 5
31 5
32 5
33 5
34 5
35 7
36 5
37 6
38 5
39 6
40 7
41 6
42 6
43 6
44 6
45 4
46 5
47 6
48 7
49 5
50 4
51 5
52 5
53 6
54 4
55 5
56 5
57 7
58 6
59 5
60 5
61 4
62 5
63 5
64 4
65 5
66 5
67 5
68 6
69 6
70 7
71 6
72 7
73 5
74 5
75 5
76 5
77 4
78 6
79 6
80 6
81 5
82 7
83 5
84 5
85 6
86 6
87 6
88 3
89 3
90 5
91 5
92 6
93 5
94 6
95 7
96 5
97 7
98 4
99 6
100 4
101 4
102 4
103 6
104 5
105 5
106 6
107 5
108 6
109 4
110 6
111 6
112 5
113 5
114 4
115 4
116 6
117 5
118 5
119 7
120 7
121 3
122 4
123 4
124 5
125 2
126 4
127 4
128 5
129 6
130 4
131 6
132 5
133 6
134 6
135 5
136 4
137 3
138 5
139 6
140 5
141 4
142 3
143 4
144 5
145 5
146 5
147 5
148 6
149 5
150 5
151 5
152 5
153 7
154 5
155 5
156 4
157 4
158 6
159 3
160 5
161 6
162 6
163 5
164 5
165 6
166 6
167 6
168 6
169 5
170 4
171 7
172 6
173 7
174 5
175 6
176 5
177 5
178 5
179 5
180 5
181 4
182 6
183 7
184 4
185 6
186 4
187 4
188 5
189 6
190 5
191 5
192 3
193 4
194 5
195 6
196 5
197 7
198 6
199 6
200 6
201 6
202 5
203 5
204 4
205 5
206 4
207 5
208 5
209 5
210 3
211 4
212 4
213 4
214 5
215 5
216 5
217 5
218 6
219 4
220 4
221 6
222 6
223 4
224 5
225 4
226 5
227 5
228 5
229 6
230 5
231 5
232 5
233 5
234 6
235 6
236 7
237 3
238 3
239 4
240 5
241 4
242 6
243 5
244 6
245 5
246 6
247 7
248 6
249 6
250 6
251 5
252 4
253 6
254 7
255 5
256 6
257 7
258 7
259 7
260 5
261 5
262 7
263 4
264 5
265 4
266 5
267 5
268 4
269 4
270 3
271 5
272 5
273 4
274 6
275 4
276 4
277 7
278 6
279 5
280 6
281 4
282 4
283 4
284 6
285 5
286 3
287 5
288 5
289 6
290 5
291 5
292 4
293 6
294 5
295 5
296 4
297 6
298 5
299 5
300 3
301 5
302 4
303 6
304 5
305 4
306 4
307 5
308 5
309 3
310 4
311 4
312 4
313 6
314 4
315 5
316 4
317 6
318 5
319 4
320 7
321 5
322 4
323 4
324 4
325 6
326 5
327 8
328 4
329 6
330 6
331 6
332 5
333 6
334 5
335 7
336 5
337 5
338 4
339 5
340 6
341 6
342 5
343 3
344 6
345 5
346 7
347 5
348 6
349 6
350 6
351 7
352 5
353 4
354 5
355 5
356 7
357 2
358 4
359 4
360 6
361 5
362 4
363 5
364 7
365 6
366 5
367 5
368 5
369 6
370 5
371 5
372 5
373 6
374 5
375 5
376 4
377 4
378 4
379 5
380 6
381 6
382 3
383 5
384 5
385 5
386 4
387 5
388 6
389 5
390 4
391 5
392 5
393 6
394 6
395 6
396 7
397 6
398 4
399 6
400 5
401 5
402 5
403 7
404 5
405 6
406 6
407 5
408 7
409 6
410 7
411 7
412 6
413 5
414 7
415 6
416 5
417 5
418 6
419 5
420 6
421 4
422 5
423 4
424 5
425 4
426 5
427 5
428 6
429 4
430 5
431 3
432 6
433 5
434 2
435 5
436 5
437 6
438 6
439 4
440 7
441 5
442 5
443 7
444 4
445 6
446 7
447 6
448 4
449 5
450 7
451 5
452 5
453 6
454 5
455 5
456 5
457 4
458 5
459 6
460 6
461 5
462 6
463 8
464 4
465 4
466 6
467 3
468 3
469 4
470 5
471 4
472 4
473 4
474 6
475 3
476 5
477 7
478 6
479 4
480 4
481 4
482 6
483 3
484 5
485 7
486 5
487 6
488 6
489 5
490 6
491 7
492 5
493 5
494 5
495 5
496 6
497 7
498 5
499 6
500 4
501 5
502 4
503 5
504 5
505 6
506 5
507 5
508 3
509 7
510 4
511 5
512 6
513 4
514 5
515 5
516 6
517 6
518 4
519 4
520 7
521 5
522 5
523 5
524 4
525 4
526 4
527 6
528 5
529 6
530 6
531 5
532 4
533 5
534 5
535 6
536 5
537 6
538 6
539 5
540 6
541 7
542 6
543 5
544 4
545 5
546 3
547 5
548 5
549 5
550 5
551 5
552 6
553 6
554 6
555 6
556 6
557 6
558 5
559 3
560 5
561 6
562 5
563 5
564 6
565 6
566 3
567 5
568 4
569 5
570 5
571 5
572 5
573 5
574 4
575 6
576 6
577 5
578 6
579 5
580 6
581 5
582 5
583 6
584 5
585 4
586 7
587 5
588 6
589 6
590 6
591 5
592 5
593 7
594 6
595 7
596 6
597 5
598 4
599 4
600 4
601 5
602 5
603 3
604 5
605 4
606 6
607 6
608 3
609 5
610 5
611 6
612 5
613 5
614 2
615 5
616 4
617 6
618 5
619 5
620 6
621 7
622 4
623 5
624 5
625 7
626 5
627 5
628 4
629 6
630 5
631 5
632 5
633 5
634 5
635 6
636 5
637 5
638 5
639 5
640 4
641 4
642 6
643 5
644 5
645 6
646 6
647 6
648 3
649 6
650 5
651 5
652 6
653 5
654 6
655 5
656 3
657 4
658 4
659 6
660 5
661 5
662 5
663 6
664 3
665 5
666 6
667 5
668 5
669 3
670 3
671 5
672 4
673 5
674 6
675 5
676 5
677 7
678 6
679 6
680 6
681 6
682 7
683 5
684 6
685 5
686 6
687 5
688 5
689 4
690 4
691 6
692 7
693 5
694 6
695 7
696 5
697 5
698 5
699 6
700 7
701 4
702 5
703 5
704 6
705 6
706 4
707 7
708 6
709 4
710 6
711 4
712 6
713 7
714 4
715 5
716 6
717 6
718 4
719 5
720 6
721 6
722 5
723 5
724 6
725 6
726 6
727 5
728 6
729 6
730 5
731 5
732 3
733 4
734 4
735 6
736 5
737 3
738 5
739 4
740 6
741 4
742 5
743 3
744 5
745 4
746 4
747 5
748 6
749 6
750 5
751 4
752 4
753 6
754 5
755 5
756 5
757 5
758 6
759 6
760 6
761 5
762 7
763 7
764 7
765 4
766 4
767 6
768 4
769 6
770 6
771 6
772 6
773 3
774 4
775 6
776 5
777 4
778 6
779 6
780 6
781 4
782 5
783 6
784 5
785 5
786 5
787 5
788 5
789 5
790 5
791 6
792 5
793 5
794 6
795 7
796 4
797 6
798 5
799 5
800 5
801 5
802 5
803 5
804 7
805 6
806 6
807 6
808 5
809 5
810 5
811 6
812 7
813 5
814 5
815 4
816 6
817 3
818 5
819 4
820 5
821 6
822 5
823 5
824 6
825 6
826 5
827 6
828 4
829 7
830 6
831 6
832 5
833 6
834 4
835 5
836 6
837 5
838 5
839 3
840 6
841 5
842 5
843 7
844 5
845 6
846 6
847 5
848 4
849 6
850 6
851 6
852 5
853 3
854 4
855 6
856 5
857 4
858 3
859 6
860 6
861 7
862 5
863 6
864 4
865 3
866 5
867 6
868 5
869 5
870 4
871 6
872 6
873 6
874 6
875 6
876 5
877 7
878 6
879 5
880 4
881 4
882 5
883 6
884 6
885 7
886 5
887 4
888 5
889 7
890 4
891 5
892 4
893 6
894 6
895 6
896 7
897 7
898 6
899 7
900 6
901 5
902 4
903 5
904 5
905 6
906 6
907 5
908 5
909 4
910 6
911 5
912 5
913 6
914 7
915 7
916 5
917 5
918 5
919 6
920 4
921 5
922 6
923 6
924 7
925 7
926 5
927 5
928 4
929 6
930 5
931 5
932 3
933 4
934 5
935 6
936 3
937 6
938 6
939 6
940 5
941 6
942 6
943 5
944 5
945 5
946 5
947 5
948 5
949 4
950 6
951 6
952 6
953 5
954 3
955 4
956 5
957 5
958 6
959 5
960 6
961 4
962 5
963 5
964 5
965 5
966 6
967 4
968 4
969 6
970 4
971 5
972 7
973 6
974 6
975 6
976 5
977 7
978 3
979 5
980 5
981 6
982 6
983 5
984 5
985 5
986 6
987 6
988 5
989 6
990 4
991 5
992 5
993 5
994 5
995 5
996 6
997 6
998 5
999 4
1000 4
