0 15
1 12
2 12
3 11
4 10
5 9
6 9
7 9
8 8
9 8
10 8
11 8
12 11
13 10
14 11
15 10
16 10
17 12
18 12
19 12
20 11
21 10
22 11
23 11
24 11
25 12
26 11
27 11
28 10
29 11
30 11
31 10
32 9
33 8
34 7
35 8
36 8
37 7
38 10
39 10
40 10
41 11
42 11
43 12
44 11
45 11
46 12
47 11
48 10
49 9
50 6
51 4
52 6
53 8
54 8
55 8
56 8
57 9
58 8
59 8
60 9
61 9
62 7
63 8
64 10
65 8
66 9
67 9
68 9
69 8
70 9
71 9
72 10
73 10
74 11
75 10
76 8
77 7
78 9
79 9
80 10
81 10
82 9
83 10
84 10
85 9
86 8
87 7
88 9
89 9
90 9
91 9
92 11
93 11
94 9
95 8
96 10
97 8
98 8
99 7
100 8
101 7
102 7
103 9
104 8
105 9
106 7
107 6
108 6
109 7
110 7
111 8
112 8
113 8
114 7
115 6
116 6
117 5
118 7
119 6
120 6
121 6
122 7
123 7
124 7
125 9
126 10
127 11
128 12
129 12
130 12
131 11
132 10
133 10
134 11
135 11
136 11
137 10
138 9
139 9
140 9
141 10
142 10
143 9
144 10
145 10
146 12
147 10
148 10
149 9
150 8
151 9
152 8
153 8
154 9
155 9
156 8
157 8
158 8
159 8
160 6
161 7
162 8
163 8
164 7
165 9
166 9
167 10
168 11
169 9
170 11
171 9
172 10
173 10
174 10
175 10
176 9
177 10
178 9
179 9
180 10
181 11
182 9
183 8
184 8
185 8
186 10
187 9
188 10
189 9
190 10
191 9
192 10
193 11
194 11
195 11
196 11
197 9
198 10
199 8
200 8
201 8
202 8
203 10
204 11
205 11
206 9
207 8
208 8
209 7
210 9
211 9
212 10
213 12
214 11
215 9
216 8
217 9
218 13
219 11
220 11
221 10
222 8
223 8
224 9
225 9
226 9
227 9
228 9
229 10
230 10
231 10
232 10
233 10
234 11
235 10
236 11
237 12
238 10
239 9
240 9
241 10
242 10
243 10
244 10
245 9
246 9
247 9
248 9
249 10
250 10
251 11
252 10
253 10
254 12
255 11
256 8
257 7
258 7
259 9
260 8
261 8
262 9
263 8
264 9
265 9
266 9
267 10
268 10
269 9
270 8
271 8
272 9
273 9
274 8
275 10
276 10
277 9
278 9
279 8
280 10
281 10
282 8
283 10
284 10
285 10
286 7
287 7
288 6
289 5
290 8
291 8
292 9
293 8
294 8
295 8
296 8
297 8
298 7
299 10
300 8
301 8
302 8
303 10
304 10
305 10
306 10
307 10
308 9
309 8
310 8
311 7
312 8
313 10
314 10
315 10
316 12
317 12
318 12
319 13
320 11
321 8
322 10
323 9
324 8
325 9
326 9
327 11
328 10
329 9
330 9
331 10
332 10
333 8
334 7
335 6
336 6
337 8
338 8
339 9
340 10
341 9
342 10
343 9
344 9
345 9
346 9
347 9
348 8
349 8
350 8
351 10
352 9
353 9
354 8
355 9
356 8
357 8
358 9
359 8
360 9
361 8
362 9
363 8
364 8
365 8
366 10
367 10
368 10
369 11
370 11
371 11
372 10
373 10
374 9
375 8
376 6
377 8
378 8
379 8
380 8
381 9
382 10
383 10
384 11
385 11
386 10
387 10
388 10
389 9
390 9
391 8
392 7
393 8
394 9
395 8
396 8
397 8
398 7
399 7
400 7
401 8
402 10
403 11
404 12
405 9
406 9
407 8
408 7
409 8
410 9
411 9
412 9
413 9
414 7
415 8
416 8
417 9
418 7
419 8
420 8
421 8
422 9
423 9
424 9
425 8
426 8
427 8
428 8
429 11
430 12
431 12
432 12
433 11
434 10
435 9
436 8
437 8
438 8
439 8
440 8
441 8
442 8
443 7
444 9
445 9
446 10
447 10
448 8
449 8
450 9
451 10
452 10
453 11
454 11
455 11
456 10
457 11
458 11
459 10
460 10
461 10
462 12
463 9
464 10
465 9
466 9
467 7
468 9
469 8
470 8
471 8
472 8
473 9
474 11
475 11
476 11
477 12
478 12
479 11
480 10
481 10
482 11
483 9
484 8
485 7
486 7
487 7
488 7
489 8
490 8
491 9
492 10
493 9
494 9
495 9
496 8
497 8
498 8
499 10
500 9
501 7
502 7
503 8
504 9
505 10
506 11
507 9
508 11
509 10
510 9
511 9
512 7
513 7
514 7
515 8
516 9
517 9
518 9
519 11
520 10
521 9
522 9
523 7
524 7
525 7
526 6
527 7
528 8
529 8
530 8
531 8
532 8
533 8
534 8
535 8
536 8
537 8
538 7
539 8
540 8
541 8
542 8
543 8
544 8
545 8
546 6
547 7
548 7
549 7
550 8
551 6
552 7
553 5
554 6
555 4
556 5
557 7
558 9
559 8
560 8
561 8
562 8
563 6
564 6
565 7
566 8
567 8
568 9
569 8
570 11
571 9
572 9
573 9
574 8
575 8
576 9
577 8
578 8
579 8
580 7
581 7
582 8
583 8
584 9
585 7
586 9
587 8
588 9
589 8
590 9
591 9
592 9
593 9
594 10
595 8
596 8
597 8
598 8
599 10
600 9
601 9
602 10
603 9
604 9
605 8
606 7
607 6
608 7
609 7
610 6
611 7
612 7
613 6
614 8
615 8
616 10
617 10
618 10
619 10
620 9
621 11
622 10
623 10
624 11
625 11
626 12
627 11
628 11
629 11
630 10
631 9
632 11
633 11
634 9
635 8
636 8
637 7
638 6
639 7
640 7
641 8
642 8
643 8
644 10
645 11
646 9
647 9
648 9
649 10
650 10
651 8
652 7
653 8
654 10
655 11
656 10
657 8
658 8
659 7
660 7
661 7
662 9
663 11
664 11
665 11
666 11
667 11
668 11
669 10
670 8
671 8
672 7
673 8
674 10
675 9
676 8
677 9
678 10
679 9
680 10
681 9
682 7
683 9
684 9
685 9
686 9
687 10
688 10
689 8
690 7
691 5
692 7
693 6
694 7
695 9
696 10
697 9
698 9
699 8
700 8
701 9
702 9
703 8
704 7
705 8
706 8
707 8
708 9
709 9
710 8
711 8
712 8
713 7
714 7
715 7
716 6
717 6
718 4
719 6
720 6
721 9
722 9
723 8
724 7
725 7
726 7
727 7
728 6
729 6
730 8
731 7
732 7
733 7
734 9
735 8
736 10
737 10
738 10
739 9
740 10
741 9
742 7
743 8
744 9
745 8
746 9
747 8
748 7
749 8
750 9
751 11
752 11
753 11
754 10
755 9
756 8
757 7
758 8
759 7
760 9
761 10
762 10
763 13
764 11
765 12
766 10
767 10
768 10
769 10
770 11
771 10
772 10
773 9
774 9
775 8
776 9
777 8
778 6
779 6
780 6
781 6
782 9
783 8
784 10
785 7
786 7
787 7
788 7
789 8
790 10
791 8
792 10
793 10
794 11
795 11
796 11
797 11
798 10
799 8
800 8
801 9
802 9
803 8
804 7
805 9
806 8
807 7
808 8
809 8
810 8
811 8
812 6
813 6
814 7
815 7
816 8
817 9
818 8
819 7
820 7
821 7
822 7
823 8
824 8
825 9
826 9
827 8
828 8
829 7
830 9
831 9
832 9
833 9
834 8
835 10
836 11
837 10
838 8
839 8
840 9
841 8
842 8
843 8
844 9
845 9
846 8
847 8
848 7
849 7
850 8
851 7
852 9
853 11
854 10
855 11
856 11
857 12
858 10
859 11
860 10
861 10
862 10
863 9
864 10
865 11
866 11
867 9
868 8
869 8
870 9
871 9
872 10
873 12
874 11
875 12
876 10
877 12
878 12
879 12
880 11
881 11
882 10
883 9
884 9
885 11
886 10
887 9
888 9
889 8
890 8
891 8
892 10
893 11
894 11
895 11
896 10
897 11
898 10
899 9
900 11
901 10
902 10
903 9
904 9
905 8
906 8
907 9
908 10
909 10
910 10
911 9
912 9
913 10
914 11
915 9
916 10
917 10
918 8
919 8
920 8
921 6
922 6
923 10
924 12
925 12
926 11
927 11
928 11
929 10
930 10
931 9
932 8
933 7
934 7
935 6
936 7
937 9
938 8
939 7
940 8
941 7
942 7
943 6
944 8
945 8
946 9
947 9
948 8
949 9
950 10
951 10
952 8
953 9
954 10
955 9
956 8
957 10
958 9
959 7
960 6
961 7
962 4
963 4
964 5
965 6
966 8
967 8
968 9
969 11
970 10
971 11
972 10
973 10
974 9
975 9
976 9
977 9
978 8
979 8
980 8
981 8
982 9
983 10
984 9
985 10
986 9
987 10
988 10
989 8
990 7
991 6
992 6
993 5
994 6
995 6
996 7
997 9
998 8
999 7
1000 8
