0 50
1 48
2 43
3 40
4 37
5 36
6 37
7 35
8 37
9 39
10 38
11 37
12 34
13 38
14 38
15 37
16 35
17 35
18 35
19 34
20 30
21 28
22 31
23 33
24 33
25 32
26 33
27 30
28 30
29 34
30 33
31 33
32 35
33 34
34 36
35 35
36 33
37 32
38 30
39 29
40 34
41 36
42 36
43 34
44 35
45 37
46 35
47 33
48 32
49 32
50 32
51 35
52 34
53 33
54 36
55 37
56 35
57 34
58 35
59 35
60 35
61 34
62 33
63 33
64 31
65 30
66 30
67 31
68 32
69 34
70 35
71 33
72 32
73 33
74 35
75 32
76 31
77 33
78 31
79 34
80 36
81 33
82 32
83 30
84 29
85 29
86 30
87 29
88 31
89 29
90 30
91 31
92 30
93 30
94 28
95 24
96 28
97 32
98 31
99 31
100 32
101 28
102 30
103 33
104 32
105 34
106 32
107 32
108 31
109 33
110 32
111 31
112 29
113 27
114 28
115 30
116 32
117 33
118 35
119 37
120 37
121 36
122 36
123 38
124 36
125 36
126 38
127 39
128 38
129 38
130 37
131 38
132 38
133 33
134 35
135 34
136 33
137 36
138 36
139 34
140 33
141 32
142 31
143 29
144 34
145 33
146 34
147 31
148 31
149 32
150 31
151 29
152 31
153 30
154 31
155 31
156 31
157 27
158 27
159 30
160 29
161 30
162 30
163 25
164 28
165 28
166 31
167 32
168 33
169 34
170 33
171 31
172 31
173 31
174 31
175 30
176 34
177 36
178 36
179 30
180 30
181 30
182 29
183 33
184 31
185 32
186 33
187 34
188 31
189 30
190 31
191 31
192 33
193 29
194 26
195 27
196 32
197 32
198 30
199 33
200 34
201 36
202 36
203 35
204 34
205 32
206 29
207 31
208 30
209 31
210 31
211 27
212 28
213 28
214 28
215 31
216 35
217 35
218 34
219 37
220 34
221 32
222 35
223 36
224 32
225 33
226 32
227 34
228 35
229 38
230 35
231 34
232 34
233 28
234 28
235 30
236 31
237 26
238 29
239 33
240 34
241 33
242 33
243 34
244 33
245 30
246 30
247 29
248 26
249 24
250 23
251 22
252 22
253 28
254 27
255 25
256 24
257 24
258 26
259 29
260 29
261 31
262 30
263 29
264 30
265 34
266 35
267 35
268 31
269 31
270 32
271 29
272 30
273 31
274 33
275 33
276 35
277 32
278 32
279 33
280 31
281 31
282 32
283 31
284 33
285 36
286 33
287 31
288 28
289 32
290 34
291 35
292 34
293 32
294 31
295 33
296 33
297 35
298 33
299 34
300 31
301 31
302 32
303 34
304 30
305 30
306 27
307 30
308 33
309 34
310 33
311 31
312 36
313 33
314 32
315 34
316 32
317 32
318 31
319 31
320 31
321 29
322 30
323 30
324 27
325 28
326 31
327 34
328 31
329 32
330 32
331 30
332 30
333 29
334 29
335 32
336 31
337 33
338 32
339 34
340 33
341 34
342 34
343 35
344 34
345 34
346 39
347 36
348 36
349 35
350 34
351 37
352 38
353 37
354 34
355 36
356 38
357 37
358 37
359 34
360 33
361 33
362 32
363 34
364 33
365 31
366 31
367 36
368 32
369 31
370 29
371 29
372 27
373 31
374 28
375 33
376 34
377 35
378 38
379 39
380 36
381 35
382 36
383 34
384 31
385 31
386 31
387 32
388 36
389 35
390 34
391 38
392 36
393 36
394 35
395 33
396 33
397 34
398 33
399 36
400 35
401 35
402 35
403 38
404 41
405 38
406 40
407 36
408 35
409 34
410 38
411 39
412 34
413 34
414 33
415 38
416 39
417 37
418 35
419 35
420 35
421 35
422 35
423 33
424 36
425 35
426 36
427 37
428 34
429 35
430 34
431 32
432 30
433 28
434 28
435 29
436 32
437 32
438 33
439 34
440 32
441 28
442 32
443 35
444 32
445 31
446 33
447 33
448 36
449 31
450 28
451 31
452 33
453 32
454 34
455 35
456 34
457 31
458 31
459 28
460 27
461 27
462 29
463 32
464 34
465 35
466 38
467 39
468 36
469 36
470 38
471 38
472 36
473 36
474 37
475 38
476 35
477 34
478 33
479 32
480 34
481 34
482 33
483 33
484 33
485 35
486 33
487 34
488 35
489 33
490 34
491 32
492 35
493 36
494 35
495 34
496 32
497 33
498 32
499 31
500 31
501 30
502 30
503 31
504 34
505 33
506 30
507 33
508 32
509 32
510 28
511 26
512 30
513 30
514 30
515 34
516 31
517 31
518 32
519 32
520 33
521 33
522 33
523 33
524 33
525 31
526 28
527 30
528 30
529 30
530 29
531 31
532 30
533 30
534 32
535 32
536 33
537 34
538 33
539 31
540 33
541 34
542 31
543 31
544 30
545 31
546 30
547 29
548 29
549 31
550 31
551 32
552 31
553 27
554 27
555 29
556 28
557 30
558 33
559 35
560 33
561 34
562 33
563 34
564 35
565 36
566 35
567 34
568 33
569 34
570 32
571 33
572 30
573 29
574 34
575 34
576 34
577 35
578 36
579 35
580 33
581 36
582 37
583 38
584 35
585 34
586 32
587 32
588 31
589 34
590 37
591 37
592 31
593 34
594 35
595 31
596 32
597 33
598 33
599 32
600 31
601 33
602 34
603 34
604 33
605 31
606 30
607 31
608 33
609 32
610 32
611 35
612 34
613 31
614 33
615 34
616 35
617 36
618 36
619 35
620 34
621 31
622 34
623 33
624 33
625 32
626 34
627 32
628 31
629 30
630 26
631 27
632 27
633 28
634 27
635 25
636 28
637 29
638 31
639 32
640 33
641 29
642 32
643 29
644 31
645 30
646 29
647 31
648 32
649 32
650 30
651 31
652 32
653 30
654 29
655 29
656 29
657 28
658 29
659 30
660 27
661 25
662 27
663 30
664 31
665 34
666 32
667 34
668 35
669 34
670 34
671 34
672 37
673 38
674 37
675 38
676 38
677 37
678 40
679 37
680 37
681 37
682 35
683 34
684 34
685 34
686 31
687 30
688 31
689 31
690 33
691 32
692 30
693 31
694 32
695 33
696 35
697 35
698 34
699 35
700 34
701 32
702 35
703 33
704 32
705 29
706 32
707 31
708 34
709 33
710 35
711 36
712 32
713 33
714 33
715 34
716 30
717 32
718 28
719 29
720 27
721 29
722 33
723 35
724 38
725 37
726 35
727 36
728 35
729 32
730 33
731 35
732 36
733 36
734 36
735 37
736 33
737 36
738 33
739 36
740 33
741 32
742 33
743 34
744 35
745 36
746 32
747 33
748 32
749 32
750 32
751 32
752 31
753 29
754 31
755 31
756 31
757 32
758 33
759 32
760 33
761 33
762 33
763 32
764 32
765 30
766 29
767 28
768 25
769 24
770 28
771 30
772 32
773 32
774 31
775 31
776 31
777 31
778 34
779 34
780 33
781 33
782 32
783 33
784 33
785 32
786 34
787 31
788 29
789 29
790 29
791 31
792 32
793 34
794 35
795 33
796 35
797 34
798 33
799 35
800 35
801 37
802 38
803 36
804 36
805 35
806 32
807 28
808 30
809 32
810 34
811 31
812 28
813 28
814 30
815 34
816 38
817 39
818 38
819 36
820 35
821 34
822 34
823 36
824 35
825 31
826 29
827 28
828 30
829 32
830 31
831 30
832 30
833 30
834 27
835 29
836 30
837 33
838 32
839 33
840 36
841 36
842 36
843 33
844 32
845 35
846 35
847 35
848 34
849 32
850 31
851 31
852 30
853 29
854 30
855 33
856 34
857 35
858 36
859 35
860 31
861 28
862 29
863 33
864 36
865 37
866 35
867 34
868 32
869 33
870 31
871 33
872 28
873 32
874 33
875 33
876 33
877 34
878 31
879 32
880 30
881 34
882 33
883 29
884 28
885 28
886 31
887 31
888 31
889 31
890 32
891 32
892 33
893 34
894 32
895 31
896 30
897 31
898 32
899 32
900 33
901 35
902 36
903 39
904 37
905 36
906 35
907 35
908 35
909 35
910 36
911 35
912 36
913 36
914 35
915 37
916 35
917 35
918 34
919 35
920 35
921 37
922 34
923 34
924 33
925 32
926 31
927 33
928 34
929 35
930 33
931 29
932 28
933 28
934 30
935 31
936 33
937 30
938 29
939 30
940 30
941 32
942 33
943 34
944 33
945 30
946 27
947 29
948 29
949 32
950 31
951 34
952 36
953 36
954 36
955 33
956 32
957 32
958 35
959 33
960 36
961 41
962 39
963 36
964 37
965 35
966 36
967 37
968 37
969 36
970 32
971 34
972 33
973 35
974 36
975 37
976 36
977 34
978 34
979 36
980 36
981 38
982 38
983 37
984 34
985 31
986 33
987 33
988 30
989 32
990 32
991 32
992 35
993 32
994 30
995 30
996 28
997 28
998 27
999 28
1000 30
