0 10
1 6
2 4
3 3
4 4
5 5
6 4
7 4
8 4
9 4
10 3
11 3
12 5
13 5
14 4
15 5
16 5
17 4
18 3
19 4
20 5
21 5
22 4
23 3
24 1
25 2
26 3
27 4
28 5
29 5
30 5
31 3
32 3
33 3
34 5
35 4
36 4
37 5
38 6
39 6
40 4
41 5
42 3
43 2
44 1
45 2
46 3
47 4
48 3
49 3
50 4
51 4
52 4
53 3
54 3
55 3
56 4
57 4
58 4
59 4
60 3
61 5
62 4
63 5
64 4
65 5
66 4
67 4
68 3
69 4
70 5
71 5
72 6
73 4
74 4
75 4
76 5
77 5
78 5
79 5
80 6
81 5
82 5
83 5
84 4
85 3
86 3
87 4
88 5
89 6
90 6
91 6
92 5
93 5
94 4
95 3
96 3
97 2
98 2
99 3
100 3
101 5
102 4
103 3
104 4
105 3
106 4
107 4
108 3
109 3
110 4
111 3
112 3
113 3
114 3
115 4
116 5
117 5
118 5
119 3
120 4
121 4
122 4
123 4
124 5
125 6
126 4
127 4
128 5
129 5
130 6
131 5
132 4
133 4
134 4
135 5
136 2
137 4
138 5
139 2
140 3
141 3
142 2
143 3
144 4
145 6
146 5
147 3
148 3
149 3
150 2
151 4
152 5
153 5
154 5
155 3
156 5
157 6
158 6
159 5
160 5
161 4
162 4
163 6
164 5
165 6
166 7
167 6
168 5
169 4
170 5
171 4
172 5
173 5
174 3
175 3
176 3
177 2
178 3
179 4
180 3
181 4
182 3
183 5
184 2
185 3
186 2
187 2
188 4
189 4
190 4
191 3
192 4
193 4
194 5
195 6
196 5
197 5
198 5
199 4
200 5
201 5
202 5
203 4
204 4
205 5
206 6
207 6
208 5
209 3
210 4
211 2
212 2
213 1
214 2
215 4
216 4
217 4
218 3
219 4
220 5
221 5
222 4
223 4
224 3
225 4
226 4
227 4
228 4
229 4
230 5
231 4
232 3
233 2
234 4
235 2
236 4
237 3
238 4
239 4
240 5
241 5
242 5
243 4
244 4
245 4
246 4
247 4
248 4
249 3
250 3
251 3
252 3
253 5
254 4
255 4
256 4
257 2
258 3
259 3
260 4
261 5
262 5
263 5
264 5
265 5
266 5
267 3
268 5
269 5
270 3
271 2
272 1
273 2
274 4
275 4
276 3
277 3
278 3
279 4
280 5
281 5
282 4
283 4
284 3
285 4
286 4
287 3
288 4
289 6
290 6
291 3
292 4
293 4
294 4
295 5
296 5
297 5
298 5
299 5
300 4
301 4
302 4
303 2
304 3
305 4
306 5
307 4
308 4
309 2
310 3
311 4
312 4
313 5
314 4
315 4
316 4
317 5
318 5
319 4
320 3
321 3
322 4
323 4
324 3
325 3
326 4
327 5
328 4
329 4
330 4
331 4
332 5
333 5
334 5
335 5
336 6
337 3
338 3
339 4
340 4
341 3
342 3
343 4
344 4
345 4
346 5
347 4
348 4
349 4
350 2
351 3
352 4
353 4
354 4
355 4
356 4
357 4
358 5
359 5
360 3
361 4
362 5
363 4
364 3
365 4
366 4
367 4
368 4
369 4
370 4
371 5
372 4
373 4
374 3
375 3
376 3
377 3
378 4
379 4
380 2
381 4
382 4
383 4
384 4
385 5
386 4
387 4
388 3
389 3
390 3
391 2
392 4
393 4
394 4
395 4
396 2
397 2
398 4
399 4
400 3
401 4
402 5
403 5
404 4
405 4
406 5
407 4
408 3
409 2
410 3
411 2
412 2
413 3
414 4
415 4
416 5
417 6
418 5
419 3
420 3
421 3
422 4
423 5
424 4
425 2
426 4
427 4
428 4
429 4
430 5
431 5
432 5
433 4
434 3
435 3
436 4
437 4
438 4
439 5
440 3
441 2
442 3
443 5
444 4
445 4
446 3
447 2
448 2
449 3
450 3
451 3
452 3
453 3
454 3
455 3
456 2
457 4
458 5
459 5
460 3
461 5
462 5
463 6
464 6
465 4
466 3
467 3
468 3
469 4
470 3
471 3
472 3
473 4
474 6
475 6
476 5
477 5
478 5
479 4
480 5
481 6
482 5
483 5
484 5
485 4
486 4
487 4
488 4
489 6
490 6
491 6
492 6
493 3
494 5
495 3
496 2
497 2
498 3
499 4
500 2
501 3
502 1
503 1
504 3
505 5
506 4
507 3
508 3
509 4
510 4
511 5
512 3
513 4
514 4
515 4
516 4
517 3
518 3
519 5
520 5
521 4
522 4
523 4
524 5
525 4
526 5
527 5
528 5
529 5
530 3
531 3
532 4
533 4
534 2
535 3
536 4
537 3
538 4
539 4
540 4
541 4
542 3
543 4
544 2
545 3
546 4
547 4
548 4
549 4
550 4
551 4
552 4
553 3
554 3
555 3
556 4
557 3
558 2
559 3
560 3
561 4
562 3
563 3
564 2
565 2
566 3
567 4
568 5
569 4
570 4
571 4
572 2
573 4
574 4
575 3
576 3
577 3
578 4
579 5
580 4
581 3
582 4
583 5
584 3
585 4
586 3
587 4
588 4
589 4
590 4
591 5
592 4
593 4
594 4
595 3
596 3
597 4
598 4
599 4
600 4
601 4
602 4
603 5
604 6
605 5
606 5
607 4
608 4
609 5
610 4
611 4
612 3
613 3
614 4
615 5
616 5
617 5
618 4
619 4
620 4
621 5
622 6
623 5
624 6
625 7
626 7
627 5
628 2
629 3
630 3
631 4
632 4
633 3
634 4
635 4
636 4
637 3
638 4
639 4
640 3
641 2
642 2
643 3
644 4
645 4
646 5
647 5
648 5
649 3
650 3
651 3
652 3
653 5
654 4
655 4
656 5
657 4
658 5
659 6
660 4
661 4
662 3
663 3
664 3
665 4
666 5
667 4
668 4
669 3
670 2
671 4
672 2
673 3
674 3
675 4
676 4
677 4
678 4
679 4
680 4
681 4
682 4
683 5
684 6
685 4
686 4
687 5
688 5
689 4
690 3
691 3
692 4
693 3
694 2
695 4
696 3
697 3
698 3
699 3
700 3
701 3
702 4
703 4
704 3
705 4
706 4
707 4
708 3
709 4
710 5
711 5
712 4
713 6
714 4
715 3
716 4
717 2
718 2
719 3
720 2
721 3
722 4
723 4
724 3
725 3
726 3
727 4
728 4
729 4
730 3
731 2
732 4
733 2
734 3
735 4
736 3
737 2
738 3
739 4
740 5
741 5
742 4
743 4
744 3
745 2
746 2
747 3
748 2
749 4
750 3
751 3
752 4
753 4
754 3
755 5
756 6
757 6
758 6
759 4
760 4
761 4
762 2
763 2
764 3
765 4
766 5
767 3
768 3
769 3
770 3
771 2
772 2
773 3
774 3
775 4
776 4
777 3
778 2
779 3
780 3
781 4
782 4
783 5
784 3
785 4
786 3
787 3
788 5
789 1
790 3
791 3
792 5
793 4
794 4
795 4
796 4
797 4
798 4
799 2
800 3
801 0
802 0
803 1
804 2
805 4
806 5
807 4
808 4
809 4
810 4
811 3
812 4
813 5
814 4
815 4
816 5
817 4
818 4
819 5
820 5
821 5
822 4
823 2
824 4
825 5
826 5
827 5
828 5
829 3
830 2
831 3
832 3
833 2
834 4
835 4
836 5
837 4
838 4
839 6
840 5
841 4
842 3
843 4
844 2
845 2
846 2
847 4
848 4
849 3
850 3
851 2
852 4
853 4
854 2
855 4
856 5
857 4
858 4
859 4
860 4
861 3
862 2
863 2
864 3
865 3
866 3
867 3
868 4
869 4
870 4
871 4
872 4
873 4
874 3
875 3
876 3
877 4
878 4
879 5
880 4
881 3
882 3
883 4
884 4
885 4
886 4
887 3
888 4
889 3
890 3
891 4
892 4
893 4
894 3
895 3
896 3
897 2
898 3
899 5
900 5
901 3
902 1
903 3
904 3
905 4
906 3
907 3
908 3
909 4
910 3
911 2
912 4
913 5
914 5
915 5
916 5
917 4
918 3
919 5
920 5
921 5
922 6
923 5
924 5
925 4
926 4
927 4
928 5
929 4
930 4
931 4
932 4
933 5
934 4
935 5
936 3
937 3
938 2
939 3
940 3
941 5
942 5
943 6
944 4
945 3
946 2
947 3
948 4
949 2
950 3
951 4
952 4
953 4
954 4
955 5
956 5
957 4
958 4
959 4
960 4
961 4
962 4
963 3
964 2
965 3
966 3
967 4
968 5
969 5
970 5
971 5
972 5
973 4
974 4
975 4
976 3
977 4
978 2
979 4
980 4
981 4
982 3
983 2
984 3
985 2
986 2
987 3
988 4
989 4
990 4
991 5
992 4
993 4
994 5
995 3
996 3
997 3
998 4
999 4
1000 4
