0 50
1 44
2 40
3 37
4 35
5 31
6 31
7 32
8 30
9 27
10 27
11 27
12 25
13 24
14 24
15 26
16 25
17 26
18 24
19 23
20 26
21 26
22 24
23 22
24 23
25 24
26 25
27 26
28 26
29 26
30 26
31 27
32 26
33 24
34 26
35 28
36 26
37 25
38 24
39 26
40 27
41 27
42 25
43 26
44 26
45 26
46 25
47 24
48 24
49 25
50 24
51 23
52 23
53 25
54 26
55 27
56 26
57 24
58 24
59 23
60 25
61 23
62 25
63 26
64 26
65 26
66 28
67 26
68 25
69 24
70 27
71 27
72 27
73 29
74 27
75 28
76 26
77 25
78 28
79 24
80 27
81 26
82 25
83 26
84 27
85 28
86 25
87 25
88 25
89 24
90 25
91 25
92 27
93 26
94 27
95 28
96 28
97 26
98 24
99 26
100 24
101 26
102 26
103 25
104 25
105 27
106 26
107 27
108 27
109 28
110 24
111 28
112 27
113 27
114 27
115 27
116 24
117 25
118 26
119 24
120 26
121 27
122 27
123 26
124 24
125 22
126 21
127 23
128 22
129 23
130 24
131 25
132 26
133 24
134 25
135 27
136 23
137 23
138 22
139 24
140 23
141 22
142 24
143 23
144 26
145 26
146 27
147 27
148 25
149 25
150 25
151 26
152 28
153 27
154 27
155 27
156 27
157 28
158 29
159 28
160 28
161 30
162 28
163 25
164 25
165 22
166 23
167 24
168 26
169 27
170 28
171 28
172 29
173 29
174 25
175 23
176 23
177 26
178 24
179 26
180 27
181 27
182 26
183 26
184 27
185 26
186 28
187 26
188 27
189 27
190 27
191 28
192 26
193 26
194 24
195 26
196 27
197 27
198 30
199 29
200 30
201 31
202 28
203 29
204 29
205 28
206 29
207 28
208 27
209 25
210 26
211 25
212 24
213 25
214 27
215 27
216 27
217 27
218 28
219 26
220 22
221 24
222 24
223 24
224 26
225 27
226 27
227 27
228 25
229 25
230 27
231 25
232 25
233 26
234 26
235 25
236 27
237 26
238 25
239 26
240 26
241 27
242 26
243 26
244 23
245 23
246 21
247 22
248 24
249 23
250 24
251 25
252 27
253 28
254 25
255 24
256 25
257 27
258 28
259 28
260 27
261 28
262 25
263 26
264 27
265 28
266 28
267 27
268 27
269 27
270 26
271 27
272 30
273 28
274 28
275 29
276 27
277 25
278 25
279 24
280 25
281 27
282 24
283 24
284 23
285 23
286 23
287 24
288 25
289 23
290 23
291 23
292 22
293 23
294 21
295 23
296 24
297 25
298 27
299 25
300 24
301 24
302 26
303 26
304 23
305 24
306 26
307 27
308 25
309 27
310 27
311 27
312 28
313 28
314 29
315 27
316 28
317 29
318 29
319 28
320 28
321 27
322 28
323 27
324 27
325 26
326 28
327 26
328 25
329 23
330 23
331 24
332 24
333 22
334 25
335 24
336 25
337 24
338 23
339 23
340 25
341 21
342 23
343 25
344 25
345 24
346 23
347 24
348 25
349 25
350 25
351 27
352 28
353 30
354 30
355 30
356 30
357 30
358 29
359 28
360 29
361 28
362 26
363 24
364 21
365 22
366 20
367 22
368 23
369 24
370 25
371 24
372 25
373 26
374 24
375 23
376 23
377 21
378 22
379 23
380 24
381 23
382 25
383 26
384 25
385 25
386 25
387 24
388 24
389 25
390 22
391 22
392 24
393 24
394 26
395 28
396 27
397 23
398 25
399 23
400 23
401 22
402 25
403 22
404 26
405 27
406 27
407 25
408 25
409 26
410 25
411 26
412 24
413 24
414 26
415 26
416 22
417 25
418 27
419 26
420 25
421 25
422 25
423 27
424 26
425 25
426 27
427 30
428 28
429 26
430 26
431 24
432 25
433 24
434 24
435 25
436 25
437 24
438 23
439 25
440 24
441 24
442 25
443 24
444 24
445 25
446 26
447 26
448 24
449 21
450 22
451 22
452 23
453 22
454 23
455 24
456 23
457 22
458 23
459 24
460 26
461 26
462 26
463 27
464 28
465 28
466 28
467 28
468 28
469 24
470 25
471 23
472 23
473 25
474 24
475 23
476 19
477 20
478 20
479 21
480 21
481 22
482 22
483 23
484 24
485 24
486 25
487 24
488 24
489 26
490 25
491 25
492 27
493 24
494 25
495 25
496 25
497 25
498 26
499 29
500 27
501 25
502 26
503 26
504 25
505 27
506 27
507 26
508 25
509 24
510 25
511 25
512 26
513 27
514 25
515 26
516 25
517 26
518 23
519 25
520 25
521 26
522 25
523 26
524 24
525 26
526 25
527 25
528 26
529 27
530 26
531 23
532 25
533 24
534 26
535 26
536 24
537 24
538 25
539 28
540 27
541 25
542 25
543 25
544 26
545 27
546 27
547 25
548 24
549 26
550 26
551 24
552 25
553 25
554 24
555 23
556 21
557 21
558 21
559 22
560 23
561 24
562 27
563 27
564 27
565 26
566 28
567 27
568 28
569 24
570 22
571 22
572 22
573 22
574 22
575 24
576 24
577 25
578 26
579 26
580 28
581 27
582 25
583 24
584 23
585 24
586 23
587 24
588 24
589 21
590 22
591 24
592 25
593 28
594 30
595 28
596 29
597 28
598 28
599 27
600 28
601 26
602 25
603 21
604 21
605 22
606 24
607 23
608 26
609 26
610 26
611 25
612 23
613 23
614 26
615 25
616 25
617 27
618 27
619 28
620 27
621 27
622 28
623 30
624 29
625 29
626 29
627 28
628 23
629 24
630 23
631 23
632 25
633 26
634 26
635 26
636 26
637 27
638 27
639 26
640 26
641 26
642 24
643 25
644 24
645 21
646 23
647 24
648 22
649 24
650 23
651 24
652 24
653 25
654 24
655 24
656 24
657 27
658 28
659 26
660 27
661 29
662 30
663 29
664 27
665 27
666 27
667 26
668 27
669 25
670 25
671 27
672 25
673 26
674 27
675 28
676 26
677 24
678 23
679 25
680 26
681 23
682 25
683 26
684 25
685 26
686 24
687 25
688 25
689 26
690 26
691 27
692 28
693 25
694 26
695 28
696 24
697 25
698 24
699 23
700 23
701 24
702 24
703 26
704 23
705 25
706 25
707 24
708 26
709 26
710 25
711 24
712 22
713 21
714 22
715 21
716 20
717 22
718 22
719 23
720 26
721 28
722 28
723 28
724 25
725 26
726 26
727 24
728 24
729 23
730 24
731 25
732 22
733 24
734 22
735 25
736 23
737 24
738 24
739 24
740 22
741 24
742 23
743 21
744 21
745 24
746 24
747 23
748 24
749 25
750 26
751 25
752 25
753 24
754 26
755 26
756 28
757 28
758 27
759 26
760 25
761 27
762 27
763 28
764 27
765 27
766 28
767 27
768 23
769 24
770 25
771 26
772 26
773 24
774 22
775 23
776 25
777 26
778 24
779 26
780 23
781 21
782 23
783 23
784 25
785 22
786 24
787 24
788 25
789 24
790 23
791 22
792 19
793 21
794 21
795 20
796 23
797 22
798 25
799 26
800 24
801 25
802 25
803 26
804 24
805 23
806 24
807 24
808 23
809 22
810 25
811 27
812 26
813 29
814 29
815 28
816 29
817 28
818 25
819 25
820 27
821 26
822 24
823 26
824 27
825 26
826 25
827 24
828 23
829 23
830 22
831 22
832 21
833 21
834 22
835 22
836 25
837 26
838 27
839 26
840 27
841 27
842 26
843 25
844 25
845 26
846 27
847 25
848 25
849 26
850 28
851 28
852 26
853 27
854 26
855 25
856 25
857 25
858 26
859 26
860 25
861 26
862 25
863 25
864 24
865 25
866 25
867 24
868 26
869 26
870 27
871 28
872 27
873 26
874 28
875 30
876 27
877 23
878 25
879 24
880 25
881 26
882 26
883 23
884 24
885 24
886 23
887 26
888 27
889 28
890 25
891 25
892 25
893 23
894 23
895 22
896 22
897 24
898 25
899 25
900 25
901 25
902 23
903 24
904 26
905 26
906 26
907 27
908 27
909 29
910 27
911 26
912 26
913 23
914 24
915 24
916 24
917 21
918 23
919 23
920 24
921 25
922 24
923 24
924 26
925 28
926 29
927 28
928 29
929 27
930 29
931 30
932 29
933 28
934 29
935 28
936 28
937 24
938 25
939 26
940 26
941 24
942 24
943 25
944 26
945 26
946 26
947 26
948 28
949 26
950 25
951 23
952 20
953 21
954 20
955 19
956 22
957 22
958 22
959 25
960 24
961 25
962 24
963 25
964 26
965 24
966 23
967 24
968 24
969 25
970 24
971 26
972 26
973 25
974 26
975 27
976 26
977 28
978 27
979 28
980 27
981 28
982 27
983 28
984 27
985 27
986 26
987 27
988 25
989 24
990 24
991 20
992 23
993 24
994 25
995 23
996 26
997 26
998 26
999 24
1000 22
