0 40
1 24
2 26
3 26
4 25
5 28
6 30
7 28
8 24
9 26
10 26
11 27
12 26
13 28
14 28
15 24
16 27
17 27
18 28
19 25
20 28
21 25
22 27
23 28
24 29
25 28
26 27
27 27
28 25
29 27
30 27
31 27
32 28
33 27
34 28
35 27
36 27
37 24
38 27
39 21
40 22
41 26
42 23
43 26
44 26
45 26
46 25
47 26
48 29
49 24
50 26
51 24
52 21
53 27
54 25
55 24
56 25
57 23
58 26
59 24
60 27
61 26
62 26
63 25
64 27
65 25
66 26
67 28
68 27
69 32
70 28
71 28
72 26
73 23
74 23
75 25
76 26
77 28
78 29
79 25
80 30
81 31
82 26
83 26
84 24
85 26
86 24
87 27
88 26
89 28
90 26
91 22
92 28
93 27
94 26
95 28
96 26
97 25
98 27
99 22
100 25
101 24
102 26
103 27
104 27
105 28
106 25
107 26
108 27
109 25
110 23
111 27
112 27
113 30
114 26
115 26
116 25
117 29
118 25
119 29
120 24
121 28
122 25
123 23
124 25
125 21
126 25
127 28
128 28
129 24
130 23
131 26
132 23
133 23
134 28
135 27
136 26
137 27
138 25
139 26
140 26
141 24
142 25
143 27
144 23
145 28
146 26
147 30
148 28
149 24
150 25
151 28
152 28
153 24
154 24
155 26
156 24
157 24
158 25
159 24
160 24
161 23
162 24
163 26
164 25
165 25
166 27
167 23
168 29
169 24
170 26
171 27
172 24
173 24
174 26
175 27
176 23
177 25
178 24
179 26
180 25
181 23
182 29
183 24
184 25
185 23
186 21
187 25
188 25
189 27
190 26
191 26
192 27
193 27
194 27
195 26
196 26
197 26
198 27
199 27
200 28
201 27
202 28
203 29
204 26
205 26
206 26
207 26
208 26
209 25
210 24
211 25
212 24
213 23
214 25
215 26
216 27
217 25
218 26
219 26
220 24
221 26
222 25
223 29
224 27
225 24
226 25
227 25
228 24
229 27
230 21
231 27
232 24
233 23
234 28
235 27
236 25
237 22
238 26
239 25
240 28
241 28
242 28
243 27
244 27
245 26
246 23
247 23
248 26
249 26
250 24
251 27
252 28
253 29
254 27
255 28
256 26
257 24
258 23
259 25
260 29
261 26
262 26
263 23
264 26
265 25
266 29
267 27
268 28
269 26
270 29
271 28
272 26
273 28
274 26
275 27
276 26
277 24
278 27
279 21
280 24
281 26
282 29
283 27
284 25
285 27
286 26
287 24
288 28
289 28
290 27
291 27
292 25
293 24
294 25
295 26
296 25
297 22
298 25
299 27
300 24
301 24
302 23
303 23
304 25
305 28
306 27
307 27
308 29
309 29
310 26
311 26
312 26
313 26
314 26
315 30
316 23
317 26
318 24
319 24
320 26
321 26
322 26
323 26
324 26
325 23
326 27
327 29
328 28
329 27
330 25
331 28
332 26
333 29
334 27
335 25
336 26
337 26
338 26
339 27
340 25
341 23
342 25
343 25
344 27
345 26
346 24
347 26
348 27
349 25
350 26
351 28
352 27
353 24
354 29
355 26
356 28
357 23
358 22
359 24
360 26
361 22
362 25
363 27
364 26
365 26
366 25
367 24
368 24
369 28
370 23
371 23
372 27
373 23
374 24
375 24
376 25
377 26
378 25
379 28
380 26
381 28
382 27
383 28
384 27
385 29
386 28
387 26
388 26
389 26
390 24
391 25
392 29
393 28
394 24
395 26
396 28
397 26
398 27
399 27
400 28
401 26
402 27
403 24
404 27
405 28
406 26
407 24
408 27
409 25
410 26
411 26
412 28
413 28
414 30
415 27
416 25
417 27
418 28
419 27
420 22
421 27
422 27
423 25
424 27
425 25
426 24
427 25
428 27
429 28
430 24
431 28
432 27
433 28
434 27
435 26
436 28
437 23
438 23
439 24
440 29
441 28
442 25
443 27
444 27
445 25
446 23
447 24
448 28
449 24
450 25
451 27
452 30
453 24
454 27
455 22
456 25
457 27
458 22
459 25
460 24
461 27
462 29
463 26
464 28
465 29
466 25
467 25
468 19
469 27
470 27
471 27
472 27
473 27
474 26
475 30
476 29
477 25
478 24
479 23
480 25
481 27
482 24
483 25
484 28
485 25
486 24
487 23
488 24
489 25
490 27
491 25
492 26
493 26
494 26
495 27
496 28
497 21
498 24
499 27
500 26
501 26
502 27
503 29
504 29
505 23
506 22
507 26
508 27
509 25
510 25
511 26
512 27
513 27
514 28
515 28
516 29
517 25
518 25
519 23
520 28
521 28
522 23
523 25
524 29
525 26
526 26
527 26
528 29
529 26
530 29
531 28
532 29
533 27
534 21
535 28
536 26
537 24
538 25
539 26
540 26
541 26
542 26
543 26
544 28
545 26
546 27
547 24
548 29
549 26
550 27
551 28
552 22
553 24
554 24
555 24
556 28
557 30
558 25
559 27
560 26
561 25
562 25
563 21
564 26
565 26
566 25
567 26
568 26
569 26
570 24
571 27
572 22
573 25
574 26
575 25
576 26
577 24
578 29
579 20
580 25
581 29
582 29
583 25
584 26
585 25
586 29
587 27
588 25
589 26
590 27
591 25
592 25
593 24
594 28
595 29
596 24
597 26
598 25
599 29
600 25
601 29
602 27
603 27
604 28
605 26
606 24
607 22
608 25
609 25
610 29
611 27
612 28
613 29
614 27
615 28
616 26
617 24
618 25
619 26
620 27
621 29
622 26
623 25
624 26
625 24
626 26
627 25
628 27
629 25
630 24
631 23
632 22
633 23
634 26
635 23
636 25
637 28
638 27
639 28
640 24
641 29
642 26
643 25
644 23
645 24
646 23
647 26
648 27
649 29
650 25
651 28
652 27
653 26
654 27
655 26
656 25
657 28
658 25
659 28
660 27
661 26
662 29
663 24
664 24
665 22
666 24
667 28
668 27
669 27
670 27
671 25
672 26
673 28
674 23
675 30
676 25
677 26
678 24
679 24
680 27
681 22
682 22
683 27
684 27
685 29
686 23
687 26
688 27
689 27
690 27
691 28
692 26
693 23
694 27
695 24
696 27
697 24
698 21
699 26
700 25
701 27
702 26
703 26
704 26
705 24
706 25
707 27
708 26
709 27
710 28
711 27
712 23
713 24
714 24
715 22
716 30
717 26
718 29
719 28
720 27
721 23
722 26
723 24
724 25
725 25
726 22
727 22
728 28
729 25
730 25
731 24
732 23
733 26
734 25
735 22
736 28
737 24
738 26
739 27
740 26
741 26
742 28
743 27
744 27
745 28
746 29
747 29
748 25
749 22
750 27
751 26
752 25
753 27
754 26
755 26
756 25
757 30
758 26
759 27
760 27
761 22
762 26
763 28
764 28
765 22
766 27
767 27
768 25
769 28
770 27
771 27
772 30
773 28
774 27
775 27
776 26
777 26
778 26
779 21
780 24
781 25
782 29
783 29
784 28
785 27
786 24
787 25
788 27
789 24
790 27
791 23
792 26
793 26
794 26
795 26
796 24
797 26
798 24
799 27
800 29
801 25
802 26
803 24
804 23
805 26
806 24
807 23
808 24
809 27
810 24
811 25
812 27
813 25
814 25
815 27
816 24
817 25
818 25
819 27
820 24
821 27
822 26
823 27
824 27
825 26
826 29
827 29
828 22
829 25
830 28
831 22
832 21
833 27
834 25
835 25
836 22
837 27
838 25
839 25
840 26
841 27
842 27
843 25
844 26
845 26
846 30
847 28
848 27
849 26
850 26
851 26
852 27
853 25
854 27
855 30
856 28
857 27
858 29
859 28
860 25
861 26
862 24
863 25
864 26
865 25
866 27
867 25
868 27
869 25
870 25
871 27
872 25
873 26
874 24
875 26
876 26
877 23
878 27
879 28
880 26
881 21
882 23
883 24
884 19
885 22
886 21
887 25
888 27
889 28
890 27
891 24
892 27
893 29
894 26
895 28
896 23
897 26
898 28
899 26
900 25
901 26
902 27
903 25
904 27
905 27
906 27
907 27
908 28
909 26
910 25
911 26
912 24
913 23
914 25
915 28
916 24
917 27
918 23
919 27
920 23
921 25
922 26
923 20
924 28
925 26
926 26
927 28
928 26
929 26
930 27
931 26
932 28
933 24
934 25
935 24
936 27
937 28
938 28
939 25
940 23
941 27
942 23
943 22
944 27
945 26
946 24
947 28
948 26
949 23
950 27
951 25
952 24
953 24
954 27
955 28
956 26
957 26
958 26
959 26
960 24
961 28
962 25
963 23
964 25
965 28
966 25
967 25
968 22
969 26
970 27
971 28
972 28
973 25
974 24
975 26
976 28
977 25
978 25
979 26
980 26
981 25
982 27
983 25
984 25
985 24
986 28
987 27
988 26
989 26
990 28
991 29
992 25
993 27
994 26
995 25
996 28
997 27
998 28
999 31
1000 27
