0 75
1 74
2 71
3 69
4 67
5 66
6 65
7 64
8 61
9 60
10 58
11 56
12 55
13 54
14 53
15 52
16 49
17 49
18 47
19 45
20 44
21 43
22 43
23 42
24 40
25 37
26 37
27 35
28 34
29 33
30 31
31 30
32 30
33 30
34 27
35 27
36 27
37 27
38 25
39 24
40 24
41 25
42 24
43 24
44 24
45 24
46 23
47 22
48 22
49 23
50 24
51 24
52 24
53 24
54 24
55 24
56 24
57 24
58 24
59 24
60 25
61 23
62 23
63 22
64 21
65 21
66 21
67 20
68 20
69 20
70 20
71 20
72 19
73 18
74 18
75 19
76 20
77 20
78 19
79 20
80 20
81 18
82 18
83 18
84 17
85 17
86 17
87 17
88 16
89 16
90 17
91 17
92 17
93 17
94 17
95 17
96 17
97 17
98 18
99 19
100 19
101 19
102 17
103 16
104 15
105 15
106 13
107 13
108 12
109 12
110 12
111 12
112 11
113 11
114 11
115 11
116 11
117 11
118 11
119 11
120 11
121 11
122 11
123 11
124 11
125 10
126 11
127 12
128 12
129 11
130 11
131 11
132 11
133 11
134 12
135 11
136 13
137 14
138 15
139 15
140 14
141 14
142 14
143 14
144 14
145 12
146 12
147 12
148 12
149 13
150 13
151 13
152 12
153 12
154 12
155 11
156 12
157 12
158 10
159 10
160 10
161 10
162 12
163 12
164 12
165 13
166 13
167 13
168 13
169 12
170 12
171 12
172 13
173 13
174 13
175 13
176 14
177 14
178 14
179 14
180 15
181 16
182 17
183 17
184 17
185 17
186 18
187 18
188 17
189 17
190 17
191 17
192 17
193 17
194 17
195 18
196 18
197 18
198 17
199 18
200 17
201 17
202 18
203 18
204 18
205 18
206 18
207 17
208 17
209 16
210 17
211 17
212 17
213 17
214 16
215 16
216 15
217 13
218 13
219 13
220 13
221 13
222 12
223 12
224 12
225 13
226 12
227 11
228 11
229 12
230 13
231 13
232 12
233 13
234 13
235 12
236 12
237 13
238 12
239 12
240 12
241 12
242 12
243 11
244 11
245 11
246 12
247 12
248 12
249 10
250 10
251 10
252 10
253 11
254 11
255 11
256 11
257 12
258 12
259 12
260 12
261 13
262 13
263 14
264 13
265 12
266 12
267 12
268 11
269 10
270 10
271 11
272 11
273 11
274 11
275 12
276 12
277 12
278 12
279 12
280 11
281 11
282 11
283 11
284 11
285 11
286 11
287 11
288 11
289 11
290 11
291 11
292 11
293 12
294 13
295 12
296 12
297 13
298 13
299 13
300 13
301 13
302 14
303 14
304 14
305 15
306 16
307 16
308 16
309 17
310 16
311 15
312 15
313 15
314 15
315 15
316 15
317 15
318 16
319 16
320 16
321 17
322 17
323 18
324 18
325 18
326 18
327 18
328 18
329 19
330 18
331 18
332 19
333 18
334 18
335 18
336 18
337 18
338 18
339 17
340 17
341 16
342 15
343 14
344 14
345 14
346 14
347 15
348 16
349 16
350 16
351 16
352 16
353 17
354 18
355 19
356 19
357 18
358 17
359 17
360 16
361 16
362 16
363 15
364 15
365 15
366 15
367 14
368 14
369 14
370 16
371 16
372 16
373 16
374 16
375 15
376 15
377 15
378 15
379 15
380 16
381 17
382 16
383 16
384 15
385 15
386 15
387 15
388 15
389 15
390 15
391 15
392 15
393 15
394 16
395 16
396 17
397 17
398 17
399 17
400 17
401 17
402 16
403 16
404 17
405 17
406 17
407 16
408 16
409 16
410 16
411 17
412 16
413 15
414 15
415 14
416 15
417 16
418 16
419 16
420 16
421 16
422 16
423 16
424 17
425 17
426 17
427 17
428 17
429 17
430 16
431 16
432 15
433 15
434 15
435 16
436 16
437 16
438 15
439 15
440 15
441 14
442 14
443 13
444 13
445 13
446 13
447 13
448 13
449 13
450 13
451 13
452 13
453 13
454 13
455 13
456 12
457 11
458 11
459 11
460 10
461 10
462 10
463 9
464 8
465 8
466 9
467 8
468 8
469 8
470 9
471 10
472 11
473 11
474 11
475 11
476 12
477 12
478 12
479 13
480 12
481 11
482 11
483 11
484 11
485 10
486 11
487 11
488 12
489 12
490 12
491 12
492 12
493 12
494 13
495 13
496 13
497 12
498 11
499 11
500 11
501 11
502 11
503 10
504 10
505 10
506 10
507 11
508 10
509 11
510 13
511 12
512 14
513 14
514 14
515 14
516 14
517 14
518 14
519 14
520 13
521 13
522 14
523 14
524 15
525 15
526 14
527 14
528 15
529 15
530 16
531 16
532 16
533 16
534 16
535 16
536 17
537 16
538 16
539 16
540 17
541 17
542 17
543 17
544 15
545 15
546 15
547 15
548 14
549 14
550 14
551 15
552 15
553 14
554 13
555 13
556 13
557 13
558 12
559 13
560 13
561 14
562 14
563 13
564 13
565 13
566 13
567 13
568 12
569 13
570 14
571 13
572 13
573 13
574 13
575 13
576 12
577 12
578 13
579 13
580 12
581 12
582 13
583 14
584 15
585 16
586 18
587 18
588 18
589 18
590 18
591 18
592 18
593 18
594 18
595 17
596 17
597 16
598 16
599 17
600 17
601 18
602 18
603 17
604 18
605 18
606 18
607 18
608 18
609 18
610 18
611 18
612 19
613 19
614 19
615 19
616 18
617 18
618 18
619 17
620 17
621 17
622 17
623 17
624 17
625 17
626 16
627 16
628 15
629 13
630 12
631 12
632 12
633 12
634 12
635 12
636 13
637 14
638 14
639 14
640 14
641 14
642 14
643 13
644 14
645 14
646 14
647 13
648 13
649 13
650 14
651 15
652 14
653 13
654 13
655 13
656 13
657 14
658 13
659 14
660 14
661 13
662 13
663 13
664 13
665 14
666 13
667 13
668 14
669 13
670 13
671 14
672 14
673 13
674 14
675 15
676 14
677 14
678 13
679 13
680 13
681 14
682 15
683 15
684 14
685 13
686 12
687 11
688 11
689 12
690 12
691 13
692 13
693 12
694 12
695 14
696 14
697 15
698 15
699 16
700 16
701 15
702 15
703 15
704 16
705 16
706 17
707 16
708 15
709 16
710 15
711 15
712 14
713 14
714 13
715 13
716 13
717 13
718 13
719 13
720 13
721 14
722 14
723 14
724 14
725 14
726 14
727 13
728 13
729 13
730 13
731 13
732 13
733 13
734 12
735 12
736 12
737 12
738 12
739 11
740 11
741 11
742 11
743 12
744 12
745 13
746 14
747 15
748 15
749 13
750 12
751 13
752 13
753 13
754 14
755 13
756 13
757 13
758 12
759 12
760 12
761 12
762 12
763 13
764 12
765 11
766 11
767 11
768 12
769 12
770 13
771 12
772 11
773 11
774 11
775 11
776 11
777 12
778 13
779 12
780 12
781 13
782 12
783 12
784 12
785 12
786 12
787 13
788 13
789 13
790 12
791 12
792 13
793 13
794 14
795 14
796 14
797 15
798 14
799 15
800 15
801 13
802 14
803 14
804 14
805 15
806 14
807 14
808 15
809 15
810 15
811 14
812 12
813 12
814 12
815 12
816 12
817 12
818 12
819 12
820 13
821 13
822 13
823 14
824 13
825 13
826 13
827 14
828 14
829 13
830 13
831 13
832 13
833 13
834 13
835 13
836 13
837 13
838 13
839 13
840 14
841 14
842 15
843 15
844 16
845 15
846 14
847 14
848 14
849 14
850 14
851 15
852 15
853 15
854 14
855 14
856 14
857 14
858 14
859 14
860 15
861 15
862 16
863 15
864 16
865 17
866 17
867 17
868 17
869 17
870 16
871 16
872 16
873 16
874 17
875 16
876 17
877 17
878 17
879 17
880 16
881 16
882 16
883 16
884 16
885 16
886 16
887 16
888 15
889 15
890 13
891 13
892 13
893 13
894 14
895 12
896 11
897 12
898 12
899 12
900 12
901 12
902 13
903 12
904 11
905 11
906 12
907 13
908 14
909 15
910 15
911 15
912 15
913 16
914 16
915 16
916 16
917 16
918 17
919 17
920 17
921 17
922 17
923 17
924 15
925 15
926 15
927 13
928 14
929 15
930 14
931 13
932 13
933 13
934 13
935 13
936 12
937 12
938 12
939 12
940 13
941 13
942 13
943 13
944 13
945 12
946 12
947 12
948 12
949 12
950 12
951 12
952 10
953 11
954 11
955 11
956 11
957 11
958 11
959 11
960 12
961 12
962 12
963 12
964 12
965 12
966 12
967 12
968 11
969 9
970 8
971 8
972 9
973 10
974 10
975 10
976 11
977 11
978 12
979 12
980 11
981 12
982 11
983 12
984 12
985 13
986 13
987 13
988 13
989 13
990 13
991 13
992 12
993 12
994 12
995 13
996 13
997 14
998 14
999 14
1000 14
