0 90
1 89
2 87
3 85
4 83
5 80
6 77
7 75
8 73
9 71
10 70
11 69
12 68
13 67
14 66
15 64
16 62
17 59
18 59
19 58
20 56
21 53
22 53
23 52
24 48
25 46
26 47
27 46
28 46
29 45
30 44
31 44
32 43
33 43
34 43
35 43
36 41
37 40
38 39
39 38
40 38
41 38
42 38
43 38
44 37
45 37
46 37
47 38
48 37
49 36
50 36
51 35
52 34
53 33
54 32
55 32
56 31
57 31
58 31
59 31
60 32
61 32
62 31
63 32
64 31
65 30
66 29
67 28
68 27
69 28
70 27
71 27
72 27
73 27
74 26
75 26
76 26
77 27
78 28
79 30
80 28
81 28
82 27
83 26
84 26
85 26
86 27
87 24
88 25
89 25
90 25
91 24
92 24
93 23
94 23
95 22
96 23
97 23
98 23
99 23
100 23
101 23
102 22
103 22
104 21
105 20
106 20
107 20
108 20
109 21
110 20
111 20
112 19
113 19
114 20
115 19
116 19
117 20
118 19
119 19
120 20
121 20
122 20
123 20
124 19
125 19
126 18
127 17
128 17
129 17
130 17
131 17
132 18
133 18
134 18
135 19
136 20
137 21
138 21
139 21
140 21
141 21
142 22
143 22
144 23
145 22
146 22
147 22
148 22
149 22
150 22
151 22
152 22
153 22
154 21
155 21
156 21
157 21
158 19
159 19
160 18
161 18
162 18
163 19
164 20
165 22
166 23
167 23
168 24
169 25
170 25
171 25
172 24
173 23
174 22
175 22
176 21
177 22
178 21
179 20
180 20
181 21
182 21
183 21
184 21
185 20
186 19
187 19
188 19
189 17
190 17
191 18
192 18
193 18
194 16
195 17
196 18
197 18
198 19
199 20
200 19
201 19
202 19
203 19
204 18
205 19
206 20
207 18
208 18
209 18
210 17
211 17
212 18
213 17
214 17
215 16
216 17
217 17
218 17
219 16
220 16
221 17
222 19
223 20
224 21
225 21
226 21
227 21
228 22
229 21
230 20
231 21
232 21
233 21
234 22
235 22
236 22
237 22
238 22
239 22
240 23
241 23
242 22
243 23
244 22
245 21
246 22
247 21
248 21
249 21
250 20
251 19
252 19
253 19
254 19
255 18
256 18
257 18
258 18
259 19
260 18
261 17
262 17
263 18
264 18
265 18
266 19
267 18
268 17
269 17
270 16
271 17
272 16
273 17
274 17
275 17
276 16
277 16
278 14
279 14
280 14
281 14
282 15
283 15
284 16
285 16
286 17
287 17
288 18
289 17
290 17
291 17
292 18
293 18
294 19
295 19
296 19
297 19
298 20
299 19
300 19
301 20
302 21
303 20
304 21
305 21
306 22
307 22
308 22
309 22
310 22
311 22
312 21
313 21
314 21
315 21
316 21
317 21
318 22
319 23
320 22
321 22
322 23
323 22
324 21
325 20
326 20
327 19
328 19
329 19
330 18
331 18
332 18
333 19
334 19
335 20
336 20
337 20
338 20
339 21
340 21
341 21
342 22
343 23
344 23
345 23
346 22
347 22
348 23
349 23
350 23
351 24
352 24
353 25
354 25
355 24
356 24
357 24
358 24
359 23
360 23
361 23
362 22
363 23
364 23
365 24
366 25
367 25
368 25
369 25
370 25
371 25
372 24
373 25
374 27
375 26
376 26
377 26
378 25
379 26
380 26
381 25
382 25
383 25
384 25
385 26
386 28
387 28
388 28
389 28
390 28
391 28
392 28
393 28
394 27
395 27
396 27
397 26
398 26
399 27
400 26
401 25
402 25
403 26
404 26
405 26
406 26
407 26
408 26
409 26
410 25
411 25
412 24
413 24
414 24
415 24
416 25
417 26
418 27
419 26
420 27
421 26
422 27
423 27
424 27
425 27
426 26
427 26
428 26
429 26
430 26
431 26
432 26
433 25
434 26
435 26
436 26
437 26
438 26
439 27
440 26
441 27
442 26
443 26
444 27
445 26
446 26
447 25
448 26
449 26
450 26
451 26
452 26
453 26
454 26
455 27
456 27
457 27
458 28
459 28
460 28
461 28
462 28
463 28
464 27
465 27
466 26
467 27
468 28
469 27
470 27
471 26
472 25
473 25
474 25
475 25
476 24
477 23
478 23
479 23
480 23
481 24
482 22
483 22
484 22
485 23
486 22
487 22
488 22
489 22
490 22
491 22
492 22
493 22
494 22
495 22
496 21
497 21
498 21
499 21
500 20
501 20
502 20
503 20
504 20
505 20
506 20
507 21
508 20
509 20
510 20
511 20
512 21
513 21
514 22
515 24
516 24
517 23
518 23
519 22
520 23
521 22
522 21
523 22
524 22
525 23
526 22
527 22
528 22
529 20
530 20
531 20
532 20
533 19
534 19
535 19
536 20
537 20
538 20
539 20
540 20
541 21
542 21
543 22
544 22
545 21
546 22
547 22
548 22
549 23
550 23
551 23
552 22
553 23
554 23
555 23
556 23
557 22
558 23
559 22
560 21
561 22
562 23
563 24
564 24
565 24
566 24
567 22
568 22
569 23
570 22
571 22
572 22
573 22
574 22
575 22
576 22
577 22
578 22
579 21
580 21
581 21
582 21
583 20
584 18
585 18
586 18
587 18
588 18
589 16
590 16
591 17
592 18
593 18
594 18
595 18
596 19
597 19
598 19
599 19
600 19
601 18
602 16
603 15
604 17
605 17
606 17
607 16
608 17
609 16
610 17
611 16
612 16
613 16
614 16
615 15
616 15
617 14
618 13
619 14
620 14
621 14
622 15
623 14
624 16
625 17
626 16
627 16
628 17
629 17
630 17
631 17
632 18
633 17
634 17
635 17
636 16
637 16
638 17
639 18
640 18
641 18
642 18
643 18
644 19
645 20
646 20
647 19
648 20
649 19
650 20
651 21
652 22
653 22
654 22
655 22
656 21
657 21
658 19
659 19
660 19
661 20
662 20
663 19
664 19
665 20
666 20
667 18
668 19
669 20
670 22
671 21
672 21
673 21
674 21
675 20
676 21
677 22
678 22
679 22
680 22
681 22
682 22
683 20
684 20
685 20
686 20
687 20
688 20
689 18
690 18
691 18
692 18
693 17
694 19
695 19
696 20
697 20
698 21
699 21
700 21
701 21
702 20
703 19
704 18
705 18
706 18
707 18
708 18
709 18
710 17
711 17
712 17
713 16
714 16
715 15
716 16
717 17
718 18
719 18
720 18
721 18
722 18
723 17
724 17
725 18
726 16
727 16
728 17
729 18
730 18
731 18
732 17
733 17
734 18
735 19
736 18
737 18
738 18
739 19
740 19
741 19
742 19
743 19
744 18
745 18
746 18
747 17
748 17
749 17
750 17
751 17
752 16
753 17
754 18
755 17
756 17
757 18
758 18
759 18
760 18
761 18
762 18
763 18
764 18
765 17
766 17
767 19
768 19
769 18
770 18
771 18
772 19
773 19
774 19
775 19
776 19
777 19
778 19
779 19
780 19
781 18
782 18
783 19
784 17
785 17
786 16
787 15
788 15
789 15
790 15
791 16
792 16
793 16
794 16
795 16
796 14
797 14
798 14
799 14
800 15
801 14
802 13
803 13
804 12
805 11
806 11
807 11
808 11
809 11
810 11
811 11
812 11
813 10
814 10
815 10
816 11
817 12
818 13
819 12
820 14
821 14
822 14
823 14
824 14
825 15
826 16
827 16
828 17
829 17
830 18
831 17
832 17
833 17
834 18
835 19
836 19
837 19
838 19
839 20
840 20
841 20
842 19
843 19
844 19
845 19
846 17
847 17
848 17
849 17
850 18
851 18
852 18
853 19
854 19
855 19
856 20
857 20
858 20
859 20
860 21
861 21
862 22
863 22
864 22
865 23
866 23
867 23
868 23
869 23
870 23
871 22
872 23
873 23
874 23
875 24
876 24
877 24
878 24
879 24
880 23
881 23
882 23
883 22
884 22
885 22
886 21
887 21
888 21
889 21
890 21
891 21
892 21
893 21
894 22
895 23
896 22
897 23
898 24
899 24
900 25
901 25
902 25
903 26
904 26
905 25
906 24
907 24
908 24
909 23
910 23
911 24
912 22
913 21
914 21
915 21
916 21
917 21
918 21
919 22
920 22
921 22
922 22
923 22
924 22
925 23
926 23
927 23
928 22
929 22
930 21
931 22
932 22
933 21
934 21
935 21
936 21
937 21
938 21
939 21
940 21
941 20
942 20
943 20
944 21
945 21
946 21
947 21
948 21
949 21
950 21
951 20
952 20
953 20
954 20
955 20
956 20
957 21
958 21
959 21
960 21
961 22
962 23
963 24
964 24
965 24
966 23
967 22
968 22
969 22
970 22
971 23
972 22
973 23
974 23
975 23
976 24
977 23
978 22
979 23
980 22
981 22
982 22
983 23
984 23
985 23
986 23
987 24
988 25
989 24
990 24
991 24
992 24
993 24
994 25
995 24
996 24
997 23
998 22
999 22
1000 23
