0 45
1 34
2 34
3 30
4 25
5 29
6 30
7 32
8 26
9 29
10 29
11 30
12 29
13 31
14 25
15 29
16 33
17 31
18 30
19 30
20 32
21 32
22 32
23 33
24 33
25 31
26 33
27 30
28 32
29 32
30 31
31 33
32 30
33 31
34 29
35 29
36 33
37 31
38 32
39 29
40 32
41 31
42 31
43 31
44 32
45 30
46 29
47 28
48 31
49 27
50 32
51 30
52 32
53 31
54 32
55 31
56 32
57 31
58 33
59 33
60 31
61 29
62 30
63 31
64 29
65 31
66 29
67 24
68 27
69 30
70 32
71 33
72 26
73 25
74 30
75 29
76 29
77 28
78 29
79 25
80 28
81 30
82 30
83 30
84 27
85 25
86 30
87 27
88 30
89 27
90 30
91 31
92 25
93 27
94 29
95 31
96 29
97 27
98 28
99 28
100 30
101 30
102 29
103 28
104 30
105 32
106 31
107 34
108 36
109 28
110 29
111 26
112 26
113 33
114 31
115 29
116 30
117 30
118 28
119 30
120 30
121 31
122 29
123 27
124 28
125 27
126 31
127 31
128 30
129 30
130 30
131 32
132 36
133 32
134 31
135 30
136 28
137 27
138 27
139 33
140 28
141 28
142 31
143 28
144 24
145 29
146 30
147 30
148 28
149 32
150 32
151 31
152 34
153 29
154 30
155 30
156 31
157 31
158 32
159 30
160 30
161 33
162 30
163 30
164 31
165 31
166 28
167 30
168 30
169 32
170 32
171 28
172 31
173 32
174 29
175 30
176 30
177 29
178 33
179 32
180 29
181 29
182 31
183 30
184 30
185 25
186 25
187 27
188 29
189 31
190 31
191 33
192 32
193 33
194 32
195 33
196 30
197 27
198 28
199 31
200 27
201 26
202 29
203 29
204 31
205 31
206 31
207 30
208 27
209 27
210 31
211 32
212 32
213 31
214 30
215 31
216 26
217 20
218 28
219 27
220 27
221 29
222 29
223 26
224 28
225 28
226 30
227 27
228 30
229 34
230 29
231 27
232 28
233 31
234 32
235 29
236 29
237 33
238 33
239 28
240 31
241 31
242 32
243 32
244 33
245 30
246 30
247 31
248 31
249 30
250 30
251 28
252 28
253 32
254 30
255 29
256 29
257 30
258 33
259 32
260 30
261 27
262 30
263 26
264 27
265 28
266 27
267 33
268 29
269 28
270 30
271 27
272 31
273 30
274 29
275 30
276 31
277 31
278 31
279 31
280 32
281 30
282 30
283 32
284 30
285 24
286 27
287 28
288 30
289 29
290 28
291 26
292 30
293 30
294 29
295 33
296 34
297 27
298 28
299 31
300 32
301 32
302 29
303 32
304 30
305 34
306 29
307 28
308 30
309 28
310 30
311 30
312 34
313 30
314 33
315 33
316 30
317 31
318 29
319 32
320 31
321 28
322 28
323 31
324 31
325 32
326 31
327 30
328 29
329 28
330 33
331 28
332 32
333 30
334 32
335 26
336 35
337 32
338 30
339 31
340 31
341 31
342 29
343 28
344 29
345 32
346 33
347 32
348 34
349 34
350 33
351 30
352 33
353 33
354 31
355 32
356 30
357 31
358 31
359 31
360 32
361 31
362 34
363 31
364 31
365 30
366 31
367 30
368 34
369 30
370 26
371 28
372 28
373 29
374 29
375 27
376 33
377 29
378 30
379 27
380 29
381 27
382 28
383 30
384 32
385 29
386 27
387 28
388 26
389 27
390 30
391 30
392 29
393 30
394 28
395 28
396 29
397 31
398 31
399 31
400 32
401 29
402 28
403 29
404 33
405 29
406 32
407 30
408 28
409 28
410 29
411 33
412 29
413 30
414 30
415 28
416 29
417 29
418 31
419 31
420 28
421 26
422 29
423 26
424 30
425 30
426 34
427 32
428 36
429 28
430 33
431 31
432 30
433 32
434 30
435 31
436 32
437 32
438 27
439 30
440 30
441 31
442 30
443 30
444 28
445 31
446 32
447 28
448 29
449 29
450 26
451 29
452 28
453 32
454 27
455 28
456 27
457 28
458 34
459 32
460 29
461 27
462 30
463 30
464 32
465 34
466 30
467 27
468 33
469 28
470 32
471 32
472 33
473 32
474 31
475 32
476 29
477 28
478 28
479 28
480 31
481 30
482 28
483 31
484 30
485 30
486 33
487 33
488 29
489 30
490 29
491 29
492 30
493 33
494 29
495 24
496 29
497 30
498 28
499 30
500 29
501 31
502 33
503 30
504 32
505 29
506 33
507 31
508 31
509 29
510 29
511 26
512 29
513 30
514 29
515 28
516 30
517 33
518 33
519 32
520 23
521 27
522 29
523 31
524 30
525 29
526 34
527 31
528 30
529 32
530 29
531 27
532 29
533 35
534 29
535 32
536 32
537 29
538 28
539 27
540 28
541 30
542 32
543 27
544 27
545 29
546 31
547 29
548 31
549 32
550 32
551 31
552 32
553 26
554 28
555 32
556 34
557 33
558 32
559 29
560 26
561 28
562 30
563 32
564 33
565 29
566 32
567 29
568 29
569 31
570 28
571 30
572 31
573 33
574 32
575 26
576 29
577 31
578 30
579 30
580 33
581 26
582 30
583 32
584 30
585 27
586 31
587 26
588 29
589 28
590 31
591 31
592 29
593 26
594 30
595 29
596 32
597 28
598 31
599 33
600 27
601 32
602 28
603 30
604 29
605 29
606 31
607 30
608 28
609 28
610 28
611 27
612 29
613 30
614 31
615 33
616 28
617 30
618 29
619 31
620 31
621 32
622 31
623 32
624 29
625 24
626 31
627 30
628 30
629 27
630 32
631 27
632 26
633 31
634 33
635 32
636 32
637 28
638 29
639 28
640 30
641 28
642 30
643 28
644 29
645 32
646 31
647 29
648 30
649 33
650 30
651 33
652 32
653 34
654 32
655 27
656 22
657 28
658 35
659 29
660 29
661 29
662 27
663 30
664 30
665 32
666 30
667 29
668 30
669 29
670 31
671 36
672 32
673 30
674 30
675 31
676 29
677 30
678 31
679 28
680 26
681 31
682 29
683 30
684 29
685 31
686 32
687 32
688 35
689 33
690 34
691 31
692 34
693 28
694 30
695 32
696 31
697 31
698 31
699 29
700 29
701 28
702 31
703 34
704 32
705 31
706 30
707 30
708 25
709 30
710 20
711 26
712 27
713 29
714 31
715 23
716 26
717 27
718 29
719 28
720 26
721 27
722 27
723 32
724 32
725 31
726 28
727 31
728 32
729 30
730 29
731 31
732 33
733 33
734 32
735 29
736 28
737 30
738 31
739 29
740 34
741 32
742 29
743 32
744 29
745 30
746 32
747 32
748 33
749 27
750 27
751 29
752 31
753 33
754 28
755 31
756 28
757 27
758 31
759 29
760 32
761 32
762 30
763 27
764 31
765 30
766 30
767 30
768 31
769 27
770 25
771 31
772 31
773 29
774 30
775 29
776 29
777 32
778 32
779 31
780 30
781 29
782 30
783 34
784 28
785 24
786 30
787 34
788 29
789 29
790 32
791 36
792 27
793 27
794 29
795 26
796 25
797 25
798 26
799 30
800 27
801 31
802 30
803 32
804 32
805 32
806 31
807 33
808 30
809 27
810 29
811 30
812 30
813 28
814 31
815 29
816 31
817 29
818 28
819 27
820 26
821 30
822 28
823 29
824 30
825 31
826 26
827 28
828 28
829 29
830 31
831 30
832 33
833 31
834 28
835 27
836 31
837 29
838 30
839 30
840 34
841 29
842 32
843 32
844 30
845 29
846 29
847 28
848 29
849 27
850 29
851 25
852 26
853 31
854 29
855 28
856 34
857 30
858 31
859 29
860 27
861 30
862 31
863 29
864 32
865 29
866 30
867 32
868 25
869 30
870 33
871 28
872 25
873 29
874 28
875 30
876 28
877 28
878 27
879 29
880 31
881 29
882 26
883 31
884 32
885 28
886 29
887 34
888 31
889 30
890 29
891 31
892 31
893 28
894 31
895 29
896 27
897 29
898 32
899 30
900 27
901 28
902 28
903 28
904 33
905 31
906 30
907 27
908 27
909 32
910 26
911 32
912 28
913 28
914 30
915 33
916 32
917 36
918 32
919 25
920 31
921 30
922 32
923 31
924 27
925 28
926 30
927 32
928 29
929 26
930 29
931 27
932 29
933 27
934 33
935 33
936 30
937 30
938 32
939 33
940 33
941 35
942 36
943 28
944 30
945 29
946 28
947 31
948 28
949 24
950 27
951 28
952 29
953 34
954 32
955 31
956 33
957 34
958 31
959 33
960 36
961 31
962 31
963 26
964 27
965 29
966 31
967 29
968 29
969 29
970 26
971 28
972 31
973 26
974 29
975 30
976 28
977 33
978 33
979 34
980 30
981 27
982 28
983 29
984 29
985 30
986 31
987 28
988 26
989 34
990 34
991 31
992 32
993 33
994 32
995 33
996 26
997 26
998 27
999 30
1000 29
