0 25
1 23
2 21
3 19
4 18
5 16
6 14
7 16
8 16
9 15
10 14
11 14
12 14
13 13
14 13
15 13
16 12
17 13
18 15
19 14
20 11
21 12
22 14
23 14
24 14
25 13
26 11
27 10
28 10
29 10
30 11
31 11
32 12
33 13
34 13
35 12
36 12
37 13
38 11
39 10
40 9
41 10
42 11
43 11
44 11
45 9
46 9
47 11
48 11
49 10
50 11
51 11
52 13
53 13
54 12
55 11
56 11
57 12
58 12
59 14
60 13
61 12
62 12
63 11
64 11
65 11
66 12
67 11
68 11
69 11
70 12
71 15
72 14
73 13
74 14
75 12
76 9
77 11
78 12
79 13
80 13
81 12
82 12
83 13
84 12
85 12
86 12
87 12
88 13
89 13
90 12
91 13
92 12
93 13
94 14
95 14
96 14
97 14
98 12
99 13
100 10
101 11
102 11
103 10
104 11
105 9
106 8
107 9
108 10
109 10
110 11
111 8
112 9
113 10
114 7
115 9
116 8
117 7
118 8
119 9
120 11
121 11
122 9
123 9
124 11
125 12
126 12
127 13
128 15
129 15
130 16
131 13
132 9
133 9
134 11
135 11
136 12
137 14
138 14
139 14
140 14
141 14
142 14
143 12
144 15
145 14
146 13
147 12
148 13
149 12
150 11
151 11
152 12
153 12
154 12
155 12
156 13
157 13
158 15
159 13
160 11
161 12
162 9
163 11
164 11
165 11
166 7
167 8
168 9
169 10
170 11
171 12
172 12
173 11
174 12
175 14
176 12
177 14
178 11
179 11
180 13
181 10
182 10
183 14
184 13
185 15
186 15
187 14
188 15
189 15
190 17
191 16
192 15
193 14
194 15
195 14
196 12
197 12
198 13
199 13
200 14
201 12
202 12
203 13
204 11
205 13
206 10
207 10
208 12
209 12
210 14
211 13
212 13
213 11
214 12
215 11
216 10
217 10
218 11
219 12
220 11
221 11
222 10
223 10
224 9
225 10
226 11
227 10
228 12
229 13
230 14
231 13
232 13
233 14
234 11
235 11
236 10
237 11
238 11
239 10
240 8
241 10
242 7
243 8
244 8
245 8
246 10
247 11
248 12
249 12
250 13
251 15
252 15
253 13
254 15
255 13
256 13
257 13
258 13
259 12
260 11
261 11
262 12
263 10
264 9
265 11
266 12
267 13
268 13
269 11
270 12
271 12
272 12
273 12
274 13
275 13
276 14
277 12
278 10
279 10
280 13
281 11
282 11
283 10
284 12
285 11
286 11
287 13
288 12
289 9
290 8
291 9
292 7
293 6
294 8
295 10
296 9
297 10
298 10
299 9
300 10
301 10
302 9
303 11
304 12
305 10
306 11
307 12
308 12
309 11
310 11
311 11
312 11
313 13
314 13
315 13
316 14
317 14
318 16
319 16
320 16
321 16
322 12
323 11
324 11
325 10
326 11
327 12
328 11
329 11
330 13
331 16
332 14
333 14
334 13
335 14
336 14
337 12
338 12
339 10
340 11
341 12
342 13
343 12
344 12
345 13
346 12
347 13
348 13
349 14
350 15
351 13
352 13
353 11
354 11
355 11
356 12
357 12
358 12
359 13
360 11
361 12
362 11
363 11
364 11
365 11
366 12
367 12
368 13
369 14
370 14
371 12
372 13
373 13
374 12
375 12
376 10
377 10
378 11
379 10
380 12
381 11
382 12
383 13
384 14
385 12
386 10
387 10
388 13
389 13
390 13
391 12
392 13
393 13
394 14
395 13
396 13
397 14
398 15
399 13
400 13
401 14
402 14
403 14
404 15
405 13
406 10
407 9
408 10
409 11
410 13
411 14
412 14
413 13
414 10
415 10
416 11
417 11
418 13
419 15
420 12
421 12
422 12
423 12
424 12
425 10
426 11
427 12
428 13
429 14
430 14
431 12
432 12
433 13
434 14
435 12
436 13
437 12
438 12
439 12
440 14
441 15
442 14
443 12
444 14
445 13
446 12
447 12
448 12
449 13
450 13
451 13
452 11
453 13
454 12
455 12
456 12
457 10
458 11
459 8
460 11
461 11
462 11
463 9
464 11
465 10
466 12
467 10
468 11
469 12
470 12
471 11
472 12
473 12
474 11
475 12
476 13
477 12
478 12
479 13
480 13
481 11
482 11
483 10
484 11
485 11
486 11
487 10
488 11
489 9
490 9
491 12
492 12
493 13
494 14
495 14
496 16
497 15
498 16
499 17
500 18
501 17
502 15
503 15
504 16
505 13
506 15
507 14
508 16
509 17
510 18
511 18
512 16
513 15
514 17
515 16
516 15
517 14
518 15
519 14
520 14
521 12
522 11
523 12
524 11
525 12
526 13
527 10
528 9
529 7
530 9
531 10
532 10
533 11
534 12
535 13
536 14
537 14
538 14
539 13
540 13
541 12
542 12
543 10
544 9
545 11
546 10
547 10
548 11
549 12
550 11
551 9
552 10
553 10
554 10
555 12
556 12
557 12
558 12
559 12
560 13
561 13
562 14
563 14
564 14
565 15
566 15
567 15
568 16
569 14
570 15
571 15
572 11
573 9
574 10
575 10
576 9
577 11
578 12
579 13
580 13
581 12
582 13
583 13
584 13
585 14
586 14
587 16
588 16
589 15
590 13
591 14
592 13
593 14
594 12
595 11
596 11
597 11
598 12
599 14
600 13
601 9
602 10
603 10
604 12
605 12
606 12
607 13
608 13
609 13
610 12
611 11
612 11
613 12
614 14
615 13
616 13
617 12
618 13
619 14
620 14
621 13
622 12
623 12
624 14
625 13
626 12
627 12
628 13
629 15
630 15
631 13
632 13
633 16
634 16
635 15
636 14
637 14
638 15
639 15
640 14
641 15
642 15
643 12
644 11
645 12
646 12
647 14
648 14
649 13
650 12
651 12
652 10
653 10
654 10
655 11
656 11
657 10
658 11
659 9
660 11
661 11
662 13
663 12
664 13
665 12
666 14
667 14
668 13
669 12
670 10
671 11
672 11
673 11
674 9
675 11
676 11
677 12
678 13
679 11
680 11
681 11
682 11
683 12
684 14
685 13
686 13
687 12
688 12
689 12
690 11
691 13
692 13
693 15
694 16
695 17
696 17
697 17
698 16
699 13
700 12
701 11
702 12
703 13
704 12
705 13
706 13
707 15
708 15
709 15
710 14
711 14
712 14
713 13
714 10
715 10
716 12
717 13
718 13
719 12
720 14
721 13
722 14
723 16
724 15
725 15
726 15
727 14
728 13
729 13
730 15
731 16
732 14
733 15
734 14
735 14
736 13
737 12
738 11
739 12
740 13
741 13
742 13
743 13
744 14
745 14
746 15
747 16
748 15
749 14
750 14
751 11
752 12
753 11
754 12
755 12
756 14
757 16
758 16
759 16
760 15
761 14
762 11
763 13
764 12
765 12
766 12
767 12
768 13
769 13
770 14
771 14
772 14
773 14
774 15
775 14
776 14
777 14
778 12
779 12
780 14
781 14
782 11
783 12
784 13
785 14
786 14
787 14
788 15
789 13
790 13
791 14
792 13
793 13
794 13
795 11
796 13
797 14
798 15
799 15
800 14
801 12
802 13
803 14
804 14
805 14
806 14
807 15
808 14
809 13
810 15
811 14
812 13
813 14
814 13
815 12
816 14
817 14
818 14
819 15
820 13
821 12
822 13
823 14
824 13
825 12
826 13
827 12
828 14
829 13
830 14
831 14
832 14
833 15
834 14
835 13
836 11
837 11
838 13
839 15
840 14
841 14
842 13
843 12
844 10
845 10
846 11
847 11
848 10
849 9
850 9
851 9
852 9
853 11
854 11
855 12
856 12
857 13
858 13
859 14
860 15
861 14
862 15
863 16
864 15
865 15
866 15
867 13
868 13
869 11
870 13
871 13
872 15
873 14
874 13
875 14
876 12
877 12
878 11
879 10
880 8
881 8
882 7
883 8
884 9
885 11
886 12
887 12
888 12
889 11
890 11
891 12
892 11
893 12
894 13
895 16
896 15
897 16
898 14
899 12
900 12
901 11
902 12
903 12
904 12
905 11
906 9
907 11
908 10
909 10
910 10
911 11
912 10
913 13
914 13
915 12
916 11
917 11
918 11
919 10
920 11
921 11
922 11
923 11
924 12
925 13
926 13
927 13
928 10
929 11
930 11
931 13
932 13
933 13
934 14
935 14
936 13
937 11
938 12
939 12
940 12
941 12
942 13
943 14
944 13
945 10
946 11
947 9
948 8
949 7
950 9
951 11
952 11
953 12
954 12
955 11
956 11
957 10
958 11
959 11
960 12
961 12
962 13
963 15
964 14
965 14
966 14
967 14
968 12
969 13
970 12
971 13
972 12
973 12
974 14
975 13
976 12
977 12
978 12
979 12
980 10
981 11
982 11
983 12
984 13
985 13
986 14
987 15
988 15
989 16
990 16
991 17
992 15
993 15
994 15
995 13
996 13
997 12
998 12
999 12
1000 13
