0 80
1 66
2 58
3 53
4 51
5 52
6 57
7 58
8 60
9 53
10 58
11 51
12 53
13 50
14 55
15 57
16 56
17 51
18 52
19 51
20 54
21 54
22 54
23 55
24 54
25 57
26 55
27 54
28 54
29 56
30 52
31 56
32 56
33 54
34 50
35 53
36 50
37 49
38 52
39 51
40 51
41 50
42 54
43 57
44 54
45 56
46 54
47 55
48 52
49 50
50 51
51 52
52 53
53 57
54 55
55 56
56 54
57 49
58 55
59 53
60 53
61 53
62 50
63 54
64 46
65 48
66 48
67 49
68 51
69 54
70 47
71 51
72 48
73 49
74 54
75 57
76 54
77 57
78 58
79 54
80 55
81 57
82 57
83 54
84 52
85 53
86 53
87 57
88 56
89 60
90 57
91 50
92 49
93 47
94 52
95 53
96 54
97 54
98 56
99 49
100 52
101 56
102 53
103 49
104 55
105 53
106 52
107 52
108 53
109 54
110 54
111 52
112 54
113 53
114 47
115 51
116 54
117 53
118 52
119 55
120 51
121 51
122 50
123 52
124 55
125 57
126 55
127 55
128 54
129 54
130 53
131 52
132 53
133 56
134 56
135 54
136 54
137 53
138 52
139 48
140 48
141 49
142 49
143 53
144 53
145 56
146 55
147 58
148 58
149 56
150 55
151 51
152 53
153 51
154 46
155 50
156 53
157 53
158 49
159 54
160 49
161 48
162 50
163 52
164 51
165 46
166 52
167 54
168 50
169 56
170 54
171 54
172 53
173 55
174 55
175 55
176 54
177 49
178 45
179 51
180 46
181 49
182 50
183 48
184 52
185 49
186 52
187 55
188 55
189 51
190 48
191 54
192 57
193 56
194 60
195 53
196 51
197 52
198 49
199 52
200 50
201 51
202 48
203 46
204 52
205 55
206 53
207 50
208 50
209 50
210 55
211 57
212 54
213 55
214 58
215 54
216 52
217 56
218 53
219 48
220 53
221 54
222 52
223 54
224 53
225 54
226 52
227 48
228 52
229 56
230 55
231 49
232 51
233 53
234 54
235 50
236 52
237 54
238 51
239 54
240 54
241 52
242 52
243 57
244 57
245 57
246 53
247 51
248 52
249 54
250 54
251 56
252 53
253 56
254 53
255 57
256 53
257 56
258 55
259 57
260 57
261 58
262 53
263 55
264 55
265 54
266 55
267 53
268 54
269 53
270 57
271 55
272 54
273 55
274 58
275 55
276 55
277 43
278 50
279 52
280 55
281 54
282 56
283 55
284 59
285 55
286 51
287 50
288 51
289 54
290 56
291 56
292 55
293 51
294 54
295 54
296 53
297 55
298 56
299 57
300 52
301 52
302 56
303 62
304 58
305 52
306 60
307 56
308 54
309 54
310 52
311 56
312 56
313 57
314 52
315 51
316 53
317 56
318 54
319 51
320 52
321 55
322 52
323 53
324 54
325 52
326 54
327 52
328 53
329 51
330 54
331 58
332 51
333 55
334 58
335 53
336 54
337 52
338 54
339 52
340 52
341 45
342 48
343 54
344 52
345 53
346 51
347 49
348 50
349 52
350 48
351 51
352 55
353 56
354 51
355 53
356 58
357 54
358 54
359 53
360 57
361 55
362 54
363 53
364 56
365 54
366 54
367 56
368 55
369 53
370 57
371 57
372 52
373 53
374 53
375 54
376 56
377 56
378 54
379 49
380 53
381 51
382 51
383 52
384 54
385 54
386 51
387 54
388 56
389 59
390 52
391 49
392 51
393 52
394 58
395 56
396 50
397 48
398 51
399 54
400 51
401 55
402 51
403 47
404 51
405 49
406 47
407 54
408 56
409 52
410 55
411 54
412 53
413 54
414 55
415 53
416 51
417 51
418 51
419 53
420 53
421 57
422 58
423 55
424 55
425 56
426 56
427 52
428 51
429 48
430 51
431 55
432 50
433 54
434 51
435 50
436 54
437 56
438 55
439 55
440 53
441 48
442 51
443 53
444 55
445 54
446 52
447 55
448 52
449 55
450 54
451 54
452 52
453 55
454 56
455 54
456 56
457 57
458 55
459 55
460 51
461 56
462 54
463 58
464 55
465 56
466 57
467 55
468 50
469 51
470 52
471 56
472 52
473 54
474 56
475 54
476 54
477 52
478 52
479 54
480 57
481 60
482 57
483 52
484 55
485 53
486 52
487 54
488 58
489 55
490 57
491 56
492 49
493 46
494 50
495 52
496 53
497 52
498 54
499 57
500 56
501 59
502 51
503 51
504 54
505 54
506 48
507 49
508 51
509 53
510 50
511 50
512 53
513 55
514 58
515 56
516 52
517 56
518 49
519 48
520 49
521 52
522 53
523 53
524 56
525 53
526 54
527 56
528 56
529 53
530 53
531 56
532 53
533 52
534 53
535 49
536 49
537 55
538 50
539 56
540 56
541 55
542 57
543 50
544 56
545 51
546 50
547 51
548 55
549 57
550 57
551 55
552 53
553 54
554 56
555 49
556 52
557 53
558 57
559 57
560 54
561 56
562 53
563 52
564 52
565 56
566 57
567 58
568 59
569 56
570 52
571 52
572 54
573 55
574 55
575 55
576 53
577 53
578 51
579 53
580 55
581 55
582 53
583 50
584 53
585 56
586 54
587 52
588 53
589 52
590 51
591 50
592 48
593 50
594 53
595 55
596 53
597 52
598 55
599 54
600 46
601 50
602 55
603 56
604 55
605 54
606 51
607 52
608 52
609 52
610 51
611 50
612 56
613 55
614 52
615 52
616 49
617 52
618 51
619 53
620 54
621 54
622 54
623 54
624 52
625 52
626 48
627 47
628 52
629 53
630 54
631 57
632 54
633 49
634 43
635 50
636 54
637 59
638 52
639 55
640 59
641 55
642 53
643 58
644 56
645 52
646 48
647 46
648 53
649 53
650 54
651 50
652 51
653 50
654 51
655 52
656 58
657 57
658 51
659 55
660 57
661 55
662 52
663 58
664 52
665 57
666 56
667 54
668 54
669 57
670 52
671 52
672 50
673 48
674 50
675 51
676 54
677 54
678 55
679 53
680 50
681 49
682 53
683 52
684 50
685 54
686 58
687 53
688 49
689 52
690 49
691 53
692 51
693 51
694 55
695 53
696 54
697 53
698 55
699 50
700 48
701 48
702 52
703 56
704 51
705 51
706 53
707 54
708 53
709 51
710 55
711 57
712 57
713 52
714 51
715 54
716 52
717 51
718 52
719 53
720 54
721 57
722 55
723 51
724 50
725 50
726 51
727 51
728 50
729 51
730 51
731 50
732 57
733 50
734 57
735 58
736 56
737 59
738 57
739 55
740 59
741 57
742 56
743 53
744 50
745 53
746 52
747 53
748 54
749 51
750 50
751 49
752 48
753 45
754 48
755 52
756 54
757 54
758 54
759 55
760 53
761 56
762 54
763 55
764 49
765 49
766 52
767 54
768 58
769 56
770 54
771 52
772 54
773 53
774 53
775 48
776 50
777 50
778 50
779 52
780 54
781 53
782 57
783 60
784 55
785 54
786 53
787 52
788 49
789 50
790 52
791 52
792 51
793 53
794 56
795 57
796 57
797 58
798 57
799 53
800 54
801 56
802 56
803 57
804 57
805 55
806 50
807 49
808 50
809 45
810 43
811 49
812 54
813 57
814 59
815 55
816 58
817 55
818 58
819 53
820 52
821 52
822 54
823 58
824 56
825 53
826 53
827 51
828 51
829 50
830 50
831 49
832 53
833 54
834 51
835 54
836 53
837 57
838 54
839 51
840 55
841 54
842 55
843 56
844 56
845 53
846 58
847 60
848 53
849 52
850 44
851 52
852 55
853 53
854 52
855 52
856 51
857 55
858 52
859 55
860 58
861 57
862 56
863 58
864 57
865 54
866 54
867 53
868 50
869 51
870 50
871 53
872 52
873 48
874 53
875 53
876 51
877 47
878 48
879 47
880 50
881 51
882 54
883 51
884 52
885 52
886 53
887 53
888 52
889 48
890 51
891 53
892 45
893 48
894 49
895 45
896 47
897 49
898 51
899 52
900 52
901 52
902 52
903 52
904 55
905 55
906 53
907 53
908 54
909 53
910 57
911 51
912 49
913 51
914 53
915 52
916 51
917 53
918 54
919 56
920 57
921 55
922 57
923 56
924 57
925 55
926 57
927 53
928 50
929 54
930 56
931 57
932 55
933 54
934 55
935 54
936 51
937 53
938 53
939 51
940 55
941 60
942 54
943 52
944 58
945 55
946 57
947 57
948 55
949 55
950 51
951 54
952 54
953 53
954 48
955 49
956 56
957 58
958 55
959 52
960 53
961 54
962 51
963 49
964 53
965 54
966 55
967 56
968 57
969 53
970 53
971 52
972 56
973 57
974 56
975 55
976 54
977 55
978 53
979 53
980 56
981 56
982 57
983 55
984 59
985 54
986 54
987 54
988 56
989 58
990 59
991 57
992 57
993 53
994 57
995 56
996 55
997 52
998 51
999 53
1000 53
