0 10
1 8
2 7
3 6
4 5
5 5
6 6
7 6
8 7
9 6
10 5
11 5
12 5
13 6
14 5
15 4
16 3
17 1
18 2
19 2
20 2
21 4
22 3
23 3
24 3
25 3
26 4
27 4
28 3
29 4
30 5
31 6
32 6
33 6
34 6
35 6
36 5
37 5
38 5
39 5
40 5
41 5
42 4
43 5
44 4
45 3
46 4
47 4
48 3
49 3
50 3
51 3
52 4
53 4
54 5
55 6
56 6
57 6
58 5
59 6
60 5
61 4
62 6
63 4
64 5
65 5
66 4
67 4
68 5
69 5
70 5
71 3
72 3
73 4
74 4
75 3
76 3
77 5
78 5
79 5
80 5
81 3
82 2
83 1
84 3
85 5
86 6
87 4
88 5
89 6
90 6
91 6
92 5
93 6
94 7
95 7
96 5
97 4
98 3
99 2
100 4
101 3
102 4
103 4
104 5
105 5
106 5
107 4
108 5
109 3
110 2
111 3
112 4
113 3
114 4
115 5
116 5
117 5
118 6
119 5
120 5
121 5
122 4
123 4
124 4
125 4
126 4
127 4
128 4
129 5
130 4
131 4
132 6
133 5
134 5
135 4
136 4
137 2
138 3
139 4
140 4
141 5
142 5
143 6
144 6
145 5
146 6
147 5
148 5
149 3
150 4
151 2
152 3
153 5
154 5
155 5
156 5
157 5
158 5
159 5
160 4
161 4
162 5
163 4
164 5
165 5
166 6
167 5
168 5
169 4
170 4
171 4
172 3
173 4
174 4
175 5
176 4
177 5
178 4
179 5
180 6
181 5
182 5
183 5
184 3
185 4
186 5
187 4
188 5
189 5
190 6
191 7
192 6
193 6
194 5
195 4
196 5
197 5
198 5
199 6
200 6
201 6
202 6
203 6
204 7
205 6
206 7
207 7
208 5
209 4
210 3
211 3
212 5
213 4
214 4
215 4
216 4
217 4
218 5
219 5
220 6
221 5
222 4
223 3
224 4
225 4
226 3
227 3
228 3
229 3
230 4
231 4
232 4
233 5
234 5
235 5
236 3
237 3
238 3
239 5
240 4
241 5
242 5
243 5
244 4
245 4
246 4
247 4
248 4
249 4
250 4
251 3
252 3
253 3
254 3
255 4
256 5
257 5
258 6
259 5
260 5
261 5
262 5
263 5
264 7
265 6
266 6
267 5
268 6
269 5
270 4
271 4
272 4
273 4
274 5
275 4
276 4
277 4
278 6
279 7
280 6
281 5
282 5
283 5
284 5
285 4
286 4
287 5
288 5
289 6
290 5
291 4
292 5
293 5
294 5
295 4
296 4
297 3
298 4
299 5
300 3
301 4
302 5
303 4
304 2
305 4
306 5
307 4
308 5
309 6
310 6
311 5
312 6
313 7
314 5
315 6
316 5
317 5
318 4
319 5
320 5
321 6
322 6
323 5
324 5
325 6
326 6
327 5
328 6
329 5
330 4
331 5
332 4
333 4
334 4
335 5
336 5
337 5
338 6
339 6
340 5
341 6
342 4
343 5
344 5
345 4
346 2
347 4
348 4
349 5
350 5
351 4
352 4
353 4
354 4
355 3
356 4
357 5
358 5
359 5
360 4
361 4
362 3
363 4
364 2
365 4
366 4
367 4
368 4
369 4
370 4
371 5
372 4
373 6
374 5
375 5
376 4
377 5
378 5
379 5
380 3
381 4
382 4
383 3
384 5
385 4
386 5
387 6
388 5
389 5
390 7
391 4
392 5
393 4
394 4
395 4
396 3
397 4
398 4
399 4
400 4
401 4
402 3
403 2
404 2
405 4
406 4
407 4
408 4
409 4
410 4
411 4
412 5
413 5
414 6
415 5
416 4
417 4
418 4
419 4
420 5
421 5
422 4
423 4
424 4
425 5
426 5
427 6
428 7
429 5
430 6
431 6
432 6
433 5
434 5
435 4
436 6
437 4
438 5
439 5
440 6
441 5
442 5
443 5
444 4
445 5
446 5
447 4
448 6
449 5
450 4
451 4
452 5
453 5
454 5
455 5
456 6
457 5
458 5
459 4
460 5
461 5
462 6
463 6
464 5
465 5
466 4
467 6
468 6
469 7
470 4
471 5
472 5
473 3
474 3
475 3
476 5
477 5
478 4
479 3
480 3
481 3
482 5
483 5
484 5
485 5
486 5
487 4
488 4
489 5
490 5
491 5
492 4
493 3
494 4
495 4
496 4
497 4
498 4
499 4
500 5
501 5
502 6
503 6
504 7
505 5
506 5
507 5
508 5
509 5
510 5
511 4
512 3
513 4
514 4
515 3
516 3
517 3
518 5
519 5
520 5
521 5
522 6
523 5
524 5
525 4
526 4
527 4
528 4
529 4
530 3
531 3
532 2
533 2
534 2
535 2
536 4
537 5
538 5
539 6
540 6
541 4
542 5
543 5
544 5
545 6
546 5
547 5
548 5
549 6
550 6
551 7
552 6
553 5
554 6
555 5
556 5
557 6
558 7
559 7
560 5
561 3
562 4
563 4
564 4
565 4
566 5
567 6
568 5
569 6
570 6
571 5
572 5
573 4
574 3
575 4
576 4
577 4
578 5
579 5
580 3
581 4
582 4
583 5
584 4
585 5
586 5
587 5
588 4
589 4
590 4
591 6
592 6
593 6
594 5
595 5
596 3
597 3
598 4
599 4
600 3
601 4
602 3
603 4
604 4
605 3
606 3
607 4
608 5
609 5
610 5
611 6
612 6
613 5
614 6
615 6
616 6
617 5
618 3
619 4
620 5
621 4
622 5
623 5
624 6
625 5
626 5
627 6
628 7
629 6
630 5
631 5
632 5
633 6
634 5
635 5
636 4
637 4
638 4
639 5
640 4
641 6
642 5
643 3
644 3
645 3
646 2
647 3
648 3
649 4
650 5
651 4
652 4
653 4
654 4
655 5
656 5
657 5
658 5
659 5
660 5
661 4
662 5
663 5
664 6
665 7
666 5
667 5
668 4
669 3
670 2
671 3
672 3
673 2
674 3
675 4
676 4
677 5
678 5
679 5
680 7
681 6
682 5
683 4
684 6
685 7
686 6
687 5
688 1
689 1
690 3
691 4
692 3
693 4
694 5
695 4
696 4
697 4
698 4
699 4
700 4
701 4
702 2
703 3
704 3
705 4
706 4
707 4
708 5
709 5
710 4
711 5
712 5
713 5
714 6
715 5
716 4
717 5
718 7
719 7
720 7
721 6
722 5
723 4
724 4
725 6
726 6
727 6
728 5
729 6
730 7
731 6
732 4
733 4
734 4
735 4
736 4
737 2
738 1
739 2
740 5
741 5
742 5
743 5
744 5
745 5
746 6
747 6
748 6
749 7
750 6
751 6
752 6
753 6
754 7
755 6
756 6
757 6
758 6
759 7
760 4
761 5
762 5
763 6
764 6
765 6
766 5
767 4
768 4
769 5
770 5
771 5
772 5
773 5
774 5
775 5
776 6
777 5
778 5
779 5
780 4
781 3
782 4
783 3
784 4
785 4
786 4
787 4
788 4
789 5
790 5
791 4
792 4
793 5
794 4
795 4
796 4
797 3
798 4
799 4
800 4
801 6
802 6
803 5
804 5
805 6
806 7
807 6
808 4
809 4
810 4
811 5
812 4
813 4
814 3
815 2
816 3
817 2
818 3
819 2
820 3
821 4
822 4
823 3
824 3
825 4
826 4
827 5
828 5
829 6
830 6
831 5
832 5
833 5
834 5
835 4
836 4
837 3
838 4
839 4
840 4
841 4
842 3
843 4
844 4
845 4
846 4
847 6
848 5
849 6
850 6
851 5
852 4
853 3
854 3
855 3
856 4
857 5
858 5
859 5
860 4
861 3
862 4
863 5
864 5
865 5
866 5
867 5
868 5
869 6
870 6
871 5
872 5
873 6
874 3
875 3
876 3
877 4
878 4
879 4
880 3
881 5
882 6
883 5
884 5
885 4
886 4
887 4
888 4
889 5
890 5
891 6
892 4
893 5
894 5
895 5
896 5
897 4
898 4
899 5
900 4
901 3
902 1
903 1
904 3
905 5
906 5
907 4
908 2
909 2
910 3
911 3
912 4
913 5
914 5
915 5
916 5
917 5
918 6
919 6
920 5
921 5
922 4
923 5
924 5
925 6
926 6
927 6
928 6
929 6
930 5
931 4
932 3
933 5
934 6
935 5
936 5
937 4
938 4
939 3
940 2
941 1
942 3
943 5
944 8
945 7
946 5
947 6
948 5
949 5
950 7
951 7
952 8
953 6
954 5
955 5
956 4
957 3
958 4
959 5
960 4
961 5
962 6
963 5
964 5
965 6
966 7
967 7
968 5
969 5
970 5
971 7
972 5
973 3
974 3
975 4
976 5
977 5
978 5
979 3
980 2
981 2
982 3
983 4
984 3
985 4
986 3
987 5
988 5
989 5
990 5
991 5
992 5
993 6
994 6
995 4
996 4
997 5
998 5
999 5
1000 5
