0 70
1 66
2 63
3 60
4 58
5 56
6 54
7 51
8 48
9 48
10 46
11 40
12 40
13 42
14 40
15 39
16 41
17 42
18 43
19 44
20 45
21 44
22 43
23 43
24 42
25 42
26 43
27 44
28 41
29 42
30 39
31 37
32 39
33 37
34 41
35 42
36 44
37 44
38 41
39 40
40 37
41 38
42 40
43 42
44 40
45 43
46 43
47 45
48 44
49 44
50 43
51 40
52 41
53 38
54 37
55 37
56 40
57 38
58 38
59 37
60 37
61 39
62 39
63 38
64 36
65 37
66 38
67 38
68 39
69 39
70 38
71 38
72 36
73 34
74 34
75 35
76 35
77 36
78 39
79 39
80 40
81 38
82 34
83 33
84 33
85 35
86 35
87 34
88 33
89 35
90 35
91 36
92 36
93 36
94 35
95 36
96 35
97 39
98 38
99 37
100 39
101 39
102 39
103 39
104 40
105 40
106 39
107 37
108 38
109 38
110 41
111 40
112 37
113 36
114 34
115 36
116 36
117 36
118 38
119 39
120 39
121 41
122 39
123 39
124 40
125 41
126 42
127 44
128 44
129 43
130 41
131 40
132 42
133 41
134 39
135 41
136 40
137 41
138 40
139 42
140 43
141 42
142 41
143 41
144 41
145 41
146 43
147 43
148 44
149 42
150 44
151 46
152 47
153 49
154 48
155 47
156 43
157 38
158 38
159 41
160 39
161 36
162 35
163 34
164 36
165 37
166 38
167 37
168 38
169 38
170 38
171 37
172 38
173 39
174 42
175 42
176 42
177 40
178 40
179 42
180 42
181 42
182 42
183 43
184 44
185 44
186 43
187 43
188 43
189 43
190 41
191 38
192 38
193 36
194 37
195 37
196 36
197 35
198 36
199 37
200 37
201 36
202 34
203 35
204 34
205 35
206 37
207 36
208 34
209 32
210 34
211 33
212 36
213 35
214 34
215 33
216 36
217 37
218 38
219 40
220 40
221 39
222 37
223 36
224 37
225 37
226 37
227 38
228 36
229 35
230 34
231 37
232 38
233 36
234 37
235 37
236 37
237 36
238 36
239 36
240 38
241 39
242 40
243 40
244 39
245 38
246 37
247 35
248 38
249 40
250 40
251 39
252 40
253 39
254 40
255 42
256 41
257 41
258 41
259 39
260 38
261 37
262 40
263 38
264 36
265 36
266 34
267 34
268 36
269 38
270 37
271 35
272 37
273 34
274 33
275 32
276 32
277 33
278 36
279 34
280 33
281 33
282 35
283 36
284 36
285 37
286 39
287 38
288 41
289 42
290 44
291 44
292 46
293 46
294 45
295 41
296 38
297 41
298 42
299 42
300 41
301 40
302 39
303 37
304 40
305 38
306 38
307 39
308 38
309 38
310 37
311 39
312 38
313 40
314 41
315 40
316 39
317 38
318 36
319 35
320 36
321 38
322 38
323 39
324 38
325 41
326 39
327 40
328 40
329 42
330 40
331 39
332 37
333 35
334 36
335 37
336 38
337 37
338 39
339 38
340 39
341 38
342 41
343 40
344 41
345 41
346 40
347 40
348 41
349 41
350 40
351 39
352 37
353 36
354 39
355 38
356 37
357 36
358 35
359 35
360 35
361 36
362 36
363 37
364 37
365 37
366 37
367 36
368 39
369 40
370 39
371 41
372 42
373 41
374 44
375 44
376 44
377 41
378 40
379 39
380 39
381 38
382 37
383 38
384 38
385 41
386 41
387 42
388 42
389 41
390 39
391 38
392 38
393 40
394 41
395 41
396 41
397 42
398 43
399 42
400 41
401 41
402 41
403 41
404 37
405 39
406 40
407 41
408 43
409 41
410 43
411 43
412 43
413 40
414 42
415 41
416 41
417 39
418 40
419 38
420 39
421 40
422 41
423 42
424 42
425 42
426 39
427 39
428 40
429 42
430 40
431 39
432 40
433 39
434 37
435 39
436 36
437 39
438 39
439 40
440 41
441 41
442 42
443 42
444 39
445 40
446 41
447 41
448 40
449 39
450 40
451 41
452 40
453 38
454 40
455 39
456 39
457 41
458 42
459 41
460 42
461 40
462 40
463 40
464 40
465 41
466 40
467 41
468 39
469 37
470 36
471 38
472 37
473 36
474 37
475 36
476 37
477 39
478 40
479 43
480 41
481 42
482 40
483 38
484 38
485 37
486 37
487 36
488 36
489 35
490 35
491 37
492 37
493 35
494 36
495 37
496 36
497 37
498 35
499 37
500 37
501 38
502 40
503 41
504 38
505 37
506 37
507 36
508 37
509 37
510 37
511 38
512 37
513 37
514 36
515 38
516 40
517 42
518 42
519 41
520 40
521 40
522 37
523 36
524 35
525 34
526 37
527 39
528 39
529 38
530 38
531 38
532 38
533 39
534 38
535 38
536 37
537 35
538 35
539 33
540 33
541 36
542 35
543 35
544 35
545 35
546 34
547 37
548 36
549 38
550 38
551 36
552 34
553 35
554 36
555 37
556 40
557 43
558 42
559 41
560 39
561 39
562 40
563 41
564 40
565 41
566 41
567 41
568 41
569 40
570 40
571 40
572 40
573 40
574 40
575 42
576 41
577 41
578 40
579 37
580 39
581 39
582 41
583 41
584 39
585 41
586 42
587 42
588 40
589 41
590 39
591 38
592 37
593 38
594 38
595 37
596 36
597 36
598 39
599 41
600 42
601 42
602 41
603 40
604 38
605 37
606 37
607 38
608 39
609 37
610 37
611 36
612 35
613 36
614 35
615 35
616 35
617 36
618 38
619 37
620 38
621 34
622 35
623 36
624 35
625 37
626 36
627 36
628 37
629 38
630 37
631 38
632 39
633 40
634 39
635 42
636 41
637 41
638 43
639 43
640 44
641 43
642 40
643 40
644 39
645 37
646 34
647 32
648 35
649 37
650 37
651 34
652 32
653 32
654 34
655 36
656 34
657 35
658 36
659 39
660 38
661 41
662 41
663 42
664 41
665 40
666 38
667 38
668 38
669 35
670 37
671 36
672 37
673 37
674 36
675 35
676 38
677 37
678 38
679 38
680 38
681 38
682 39
683 39
684 39
685 38
686 35
687 32
688 32
689 32
690 35
691 36
692 36
693 36
694 38
695 40
696 38
697 39
698 41
699 44
700 38
701 39
702 40
703 39
704 38
705 37
706 38
707 39
708 38
709 39
710 39
711 40
712 39
713 41
714 42
715 42
716 44
717 43
718 41
719 39
720 38
721 34
722 34
723 30
724 28
725 31
726 33
727 33
728 32
729 32
730 33
731 34
732 35
733 33
734 31
735 36
736 34
737 37
738 38
739 39
740 39
741 39
742 38
743 40
744 38
745 39
746 38
747 37
748 38
749 39
750 39
751 39
752 41
753 40
754 42
755 44
756 43
757 41
758 41
759 42
760 42
761 41
762 40
763 37
764 38
765 38
766 36
767 37
768 37
769 37
770 36
771 37
772 38
773 40
774 41
775 41
776 41
777 42
778 42
779 40
780 41
781 43
782 41
783 42
784 44
785 44
786 42
787 40
788 39
789 38
790 38
791 39
792 38
793 39
794 41
795 40
796 42
797 43
798 44
799 44
800 41
801 40
802 37
803 35
804 37
805 40
806 40
807 43
808 41
809 39
810 39
811 36
812 37
813 39
814 38
815 40
816 38
817 40
818 41
819 42
820 42
821 43
822 42
823 39
824 42
825 41
826 40
827 40
828 42
829 39
830 40
831 39
832 34
833 32
834 34
835 36
836 36
837 36
838 37
839 38
840 38
841 38
842 38
843 38
844 40
845 41
846 39
847 40
848 38
849 40
850 37
851 37
852 39
853 38
854 37
855 41
856 41
857 41
858 45
859 43
860 42
861 40
862 41
863 42
864 40
865 39
866 42
867 41
868 41
869 39
870 38
871 41
872 43
873 39
874 39
875 38
876 39
877 40
878 39
879 39
880 37
881 34
882 35
883 34
884 33
885 36
886 31
887 35
888 36
889 37
890 35
891 36
892 36
893 38
894 38
895 39
896 40
897 39
898 38
899 40
900 43
901 44
902 40
903 40
904 40
905 42
906 37
907 39
908 40
909 36
910 36
911 35
912 35
913 35
914 36
915 36
916 34
917 34
918 36
919 37
920 37
921 37
922 38
923 36
924 36
925 38
926 38
927 41
928 40
929 42
930 43
931 38
932 36
933 34
934 35
935 36
936 38
937 41
938 39
939 37
940 36
941 35
942 35
943 36
944 35
945 35
946 36
947 37
948 36
949 35
950 37
951 37
952 37
953 39
954 37
955 38
956 38
957 38
958 40
959 40
960 42
961 39
962 38
963 39
964 38
965 35
966 34
967 35
968 35
969 36
970 37
971 39
972 40
973 41
974 38
975 35
976 34
977 37
978 37
979 40
980 36
981 35
982 38
983 39
984 41
985 43
986 44
987 43
988 44
989 42
990 41
991 41
992 41
993 41
994 40
995 40
996 41
997 40
998 40
999 40
1000 39
