0 65
1 62
2 59
3 56
4 51
5 50
6 50
7 47
8 47
9 47
10 45
11 44
12 43
13 43
14 43
15 41
16 43
17 42
18 41
19 41
20 40
21 38
22 39
23 39
24 37
25 38
26 38
27 38
28 39
29 38
30 38
31 39
32 37
33 39
34 39
35 39
36 38
37 38
38 39
39 40
40 40
41 36
42 36
43 35
44 34
45 35
46 34
47 37
48 38
49 37
50 38
51 38
52 35
53 35
54 34
55 35
56 37
57 36
58 37
59 37
60 36
61 36
62 38
63 38
64 37
65 39
66 37
67 37
68 37
69 40
70 39
71 37
72 38
73 38
74 37
75 35
76 39
77 39
78 40
79 39
80 38
81 35
82 36
83 37
84 37
85 36
86 38
87 39
88 37
89 37
90 37
91 37
92 38
93 38
94 37
95 39
96 37
97 38
98 37
99 39
100 37
101 37
102 38
103 39
104 39
105 41
106 42
107 39
108 36
109 38
110 36
111 33
112 34
113 35
114 34
115 37
116 39
117 38
118 36
119 35
120 36
121 34
122 36
123 35
124 34
125 35
126 34
127 35
128 35
129 36
130 36
131 32
132 31
133 30
134 29
135 28
136 30
137 31
138 33
139 32
140 33
141 36
142 33
143 33
144 34
145 34
146 36
147 35
148 35
149 36
150 36
151 37
152 38
153 39
154 38
155 39
156 41
157 40
158 41
159 40
160 38
161 36
162 36
163 38
164 39
165 38
166 38
167 36
168 37
169 36
170 35
171 35
172 38
173 40
174 40
175 42
176 39
177 40
178 38
179 37
180 35
181 35
182 35
183 35
184 35
185 35
186 38
187 36
188 36
189 38
190 38
191 38
192 39
193 40
194 40
195 40
196 39
197 38
198 39
199 36
200 35
201 35
202 33
203 34
204 30
205 30
206 32
207 32
208 32
209 32
210 33
211 31
212 34
213 33
214 34
215 36
216 36
217 38
218 38
219 40
220 41
221 39
222 41
223 41
224 41
225 39
226 40
227 41
228 40
229 41
230 41
231 42
232 42
233 39
234 39
235 36
236 36
237 37
238 37
239 36
240 34
241 34
242 35
243 34
244 34
245 35
246 36
247 37
248 37
249 39
250 39
251 40
252 39
253 41
254 40
255 40
256 38
257 37
258 36
259 36
260 34
261 36
262 36
263 35
264 36
265 37
266 38
267 40
268 39
269 40
270 42
271 43
272 40
273 38
274 38
275 39
276 36
277 33
278 33
279 34
280 35
281 34
282 34
283 33
284 33
285 36
286 35
287 36
288 38
289 38
290 38
291 40
292 39
293 38
294 36
295 37
296 37
297 34
298 34
299 35
300 31
301 31
302 31
303 32
304 33
305 31
306 32
307 30
308 31
309 29
310 31
311 34
312 34
313 34
314 33
315 34
316 34
317 33
318 32
319 33
320 34
321 37
322 37
323 37
324 36
325 34
326 35
327 34
328 33
329 34
330 35
331 35
332 35
333 35
334 36
335 34
336 34
337 34
338 36
339 33
340 35
341 34
342 35
343 36
344 36
345 36
346 36
347 34
348 31
349 33
350 34
351 34
352 33
353 34
354 36
355 37
356 38
357 36
358 36
359 37
360 34
361 34
362 33
363 34
364 35
365 35
366 33
367 32
368 32
369 33
370 33
371 33
372 34
373 34
374 36
375 37
376 34
377 33
378 36
379 37
380 37
381 38
382 39
383 41
384 42
385 42
386 42
387 44
388 45
389 44
390 42
391 44
392 43
393 43
394 39
395 39
396 40
397 40
398 39
399 34
400 34
401 34
402 29
403 31
404 32
405 33
406 35
407 37
408 38
409 37
410 38
411 38
412 37
413 37
414 35
415 35
416 35
417 32
418 31
419 31
420 33
421 33
422 35
423 37
424 36
425 37
426 38
427 36
428 34
429 36
430 35
431 37
432 37
433 38
434 38
435 36
436 38
437 36
438 39
439 38
440 38
441 38
442 37
443 37
444 35
445 34
446 35
447 35
448 36
449 38
450 41
451 41
452 41
453 43
454 42
455 42
456 42
457 42
458 40
459 42
460 39
461 40
462 38
463 38
464 40
465 39
466 40
467 40
468 41
469 41
470 39
471 38
472 39
473 40
474 39
475 38
476 37
477 35
478 36
479 36
480 35
481 35
482 32
483 30
484 30
485 32
486 31
487 31
488 32
489 34
490 35
491 35
492 37
493 37
494 39
495 38
496 37
497 36
498 37
499 39
500 35
501 33
502 35
503 34
504 33
505 33
506 35
507 37
508 37
509 37
510 36
511 36
512 36
513 36
514 33
515 34
516 34
517 34
518 36
519 33
520 34
521 36
522 37
523 37
524 35
525 33
526 34
527 35
528 35
529 35
530 34
531 35
532 35
533 36
534 36
535 37
536 36
537 38
538 37
539 38
540 38
541 36
542 36
543 35
544 36
545 36
546 37
547 38
548 38
549 40
550 40
551 40
552 40
553 38
554 37
555 35
556 35
557 33
558 35
559 34
560 36
561 37
562 38
563 36
564 35
565 37
566 37
567 38
568 37
569 40
570 39
571 38
572 38
573 37
574 36
575 35
576 33
577 31
578 31
579 31
580 33
581 33
582 33
583 33
584 36
585 35
586 35
587 35
588 35
589 35
590 37
591 38
592 41
593 40
594 36
595 34
596 30
597 32
598 32
599 35
600 34
601 33
602 34
603 33
604 31
605 32
606 31
607 31
608 30
609 31
610 32
611 34
612 35
613 35
614 35
615 38
616 37
617 39
618 37
619 37
620 37
621 37
622 38
623 37
624 38
625 40
626 41
627 40
628 38
629 40
630 40
631 40
632 41
633 42
634 40
635 39
636 36
637 39
638 39
639 41
640 41
641 39
642 39
643 38
644 37
645 39
646 37
647 34
648 33
649 34
650 31
651 33
652 34
653 31
654 30
655 30
656 32
657 32
658 34
659 33
660 33
661 33
662 32
663 33
664 35
665 34
666 33
667 32
668 31
669 31
670 30
671 33
672 32
673 31
674 32
675 30
676 31
677 32
678 29
679 27
680 28
681 29
682 29
683 31
684 32
685 30
686 30
687 32
688 33
689 33
690 33
691 37
692 37
693 39
694 36
695 37
696 37
697 37
698 36
699 37
700 39
701 37
702 38
703 38
704 38
705 37
706 33
707 33
708 33
709 30
710 32
711 34
712 36
713 39
714 35
715 36
716 34
717 34
718 32
719 33
720 33
721 34
722 35
723 33
724 35
725 34
726 30
727 34
728 34
729 36
730 36
731 37
732 35
733 36
734 36
735 35
736 35
737 35
738 36
739 33
740 33
741 32
742 32
743 32
744 32
745 33
746 32
747 31
748 34
749 32
750 33
751 31
752 31
753 32
754 32
755 32
756 32
757 34
758 34
759 32
760 34
761 33
762 34
763 35
764 34
765 33
766 32
767 35
768 37
769 37
770 37
771 38
772 36
773 36
774 35
775 34
776 36
777 35
778 35
779 37
780 39
781 34
782 34
783 35
784 34
785 38
786 39
787 38
788 37
789 37
790 38
791 37
792 38
793 38
794 37
795 36
796 34
797 35
798 34
799 35
800 35
801 34
802 33
803 30
804 31
805 29
806 28
807 29
808 28
809 27
810 29
811 30
812 31
813 31
814 34
815 34
816 33
817 33
818 35
819 33
820 30
821 33
822 34
823 33
824 33
825 33
826 35
827 36
828 35
829 34
830 35
831 34
832 35
833 36
834 36
835 37
836 35
837 37
838 38
839 40
840 40
841 42
842 41
843 40
844 40
845 39
846 35
847 35
848 37
849 38
850 37
851 37
852 38
853 39
854 38
855 36
856 37
857 36
858 33
859 33
860 35
861 35
862 34
863 36
864 35
865 33
866 34
867 33
868 37
869 38
870 37
871 37
872 38
873 37
874 37
875 35
876 36
877 38
878 35
879 35
880 34
881 36
882 35
883 36
884 36
885 36
886 36
887 36
888 36
889 34
890 35
891 36
892 38
893 38
894 35
895 34
896 34
897 34
898 35
899 35
900 38
901 38
902 37
903 36
904 34
905 34
906 34
907 34
908 36
909 38
910 37
911 35
912 34
913 35
914 34
915 34
916 35
917 35
918 36
919 36
920 38
921 37
922 38
923 38
924 36
925 33
926 31
927 31
928 32
929 32
930 32
931 34
932 33
933 32
934 34
935 34
936 35
937 37
938 36
939 37
940 35
941 35
942 35
943 35
944 34
945 35
946 34
947 36
948 35
949 36
950 37
951 37
952 39
953 40
954 39
955 39
956 37
957 37
958 36
959 34
960 32
961 30
962 32
963 32
964 32
965 33
966 34
967 36
968 35
969 34
970 33
971 32
972 33
973 34
974 34
975 35
976 36
977 34
978 34
979 34
980 33
981 34
982 35
983 34
984 35
985 34
986 35
987 34
988 35
989 37
990 37
991 36
992 36
993 35
994 34
995 34
996 35
997 36
998 36
999 37
1000 37
