0 55
1 46
2 37
3 35
4 39
5 34
6 40
7 39
8 40
9 41
10 41
11 40
12 39
13 39
14 40
15 43
16 47
17 43
18 45
19 45
20 38
21 40
22 39
23 44
24 40
25 40
26 42
27 48
28 41
29 40
30 43
31 40
32 40
33 36
34 36
35 37
36 37
37 41
38 42
39 37
40 39
41 38
42 36
43 37
44 40
45 38
46 35
47 39
48 34
49 33
50 37
51 38
52 40
53 43
54 40
55 41
56 37
57 40
58 34
59 38
60 36
61 33
62 38
63 37
64 42
65 41
66 39
67 39
68 38
69 42
70 43
71 39
72 42
73 38
74 32
75 39
76 41
77 42
78 40
79 35
80 37
81 45
82 40
83 41
84 38
85 38
86 38
87 37
88 43
89 38
90 34
91 38
92 40
93 39
94 39
95 40
96 37
97 40
98 38
99 33
100 41
101 37
102 30
103 39
104 38
105 40
106 42
107 38
108 36
109 41
110 38
111 43
112 44
113 37
114 36
115 43
116 39
117 40
118 39
119 45
120 40
121 35
122 42
123 43
124 43
125 40
126 39
127 43
128 41
129 30
130 35
131 37
132 41
133 41
134 42
135 45
136 36
137 33
138 35
139 35
140 37
141 37
142 36
143 37
144 41
145 38
146 42
147 40
148 40
149 39
150 41
151 43
152 38
153 38
154 39
155 44
156 45
157 39
158 43
159 40
160 40
161 36
162 36
163 38
164 38
165 44
166 38
167 41
168 36
169 40
170 38
171 42
172 41
173 40
174 40
175 43
176 37
177 35
178 39
179 40
180 39
181 38
182 34
183 43
184 43
185 41
186 41
187 42
188 44
189 41
190 44
191 40
192 40
193 42
194 36
195 41
196 42
197 37
198 42
199 40
200 41
201 40
202 37
203 41
204 41
205 42
206 38
207 41
208 35
209 40
210 36
211 39
212 41
213 39
214 37
215 38
216 38
217 36
218 37
219 36
220 36
221 33
222 37
223 39
224 34
225 41
226 46
227 40
228 38
229 41
230 45
231 38
232 41
233 39
234 38
235 37
236 43
237 43
238 44
239 33
240 38
241 42
242 35
243 38
244 44
245 45
246 39
247 37
248 38
249 36
250 42
251 34
252 42
253 41
254 34
255 40
256 37
257 38
258 41
259 43
260 41
261 40
262 42
263 40
264 38
265 44
266 36
267 36
268 36
269 45
270 41
271 39
272 41
273 41
274 39
275 37
276 35
277 39
278 40
279 41
280 41
281 43
282 42
283 38
284 38
285 42
286 38
287 40
288 43
289 35
290 39
291 40
292 37
293 39
294 38
295 39
296 42
297 41
298 36
299 35
300 37
301 39
302 39
303 40
304 39
305 39
306 39
307 39
308 43
309 36
310 41
311 37
312 31
313 36
314 43
315 40
316 38
317 42
318 38
319 39
320 39
321 40
322 45
323 41
324 41
325 43
326 43
327 42
328 40
329 38
330 43
331 43
332 44
333 42
334 42
335 43
336 43
337 40
338 42
339 40
340 42
341 38
342 38
343 39
344 36
345 42
346 35
347 42
348 41
349 39
350 39
351 42
352 40
353 41
354 43
355 38
356 40
357 40
358 37
359 43
360 39
361 41
362 38
363 38
364 41
365 40
366 36
367 43
368 39
369 36
370 45
371 44
372 40
373 37
374 40
375 39
376 42
377 40
378 41
379 40
380 40
381 42
382 36
383 41
384 37
385 38
386 38
387 36
388 40
389 42
390 35
391 40
392 42
393 35
394 34
395 36
396 43
397 42
398 43
399 38
400 38
401 37
402 42
403 33
404 39
405 40
406 38
407 35
408 38
409 39
410 41
411 35
412 40
413 38
414 40
415 44
416 40
417 38
418 38
419 38
420 42
421 38
422 41
423 40
424 41
425 40
426 37
427 37
428 39
429 42
430 37
431 36
432 38
433 41
434 38
435 38
436 38
437 38
438 40
439 42
440 39
441 38
442 35
443 40
444 32
445 38
446 37
447 42
448 41
449 40
450 39
451 41
452 37
453 43
454 42
455 38
456 35
457 43
458 40
459 38
460 39
461 39
462 38
463 36
464 40
465 42
466 43
467 43
468 42
469 40
470 34
471 41
472 41
473 43
474 40
475 39
476 42
477 42
478 39
479 42
480 38
481 37
482 34
483 43
484 43
485 37
486 41
487 41
488 41
489 39
490 39
491 38
492 41
493 39
494 43
495 41
496 41
497 36
498 39
499 38
500 42
501 38
502 43
503 39
504 41
505 42
506 41
507 39
508 41
509 34
510 34
511 43
512 39
513 38
514 40
515 37
516 37
517 42
518 43
519 38
520 38
521 39
522 41
523 44
524 37
525 41
526 43
527 38
528 41
529 41
530 39
531 44
532 39
533 39
534 41
535 38
536 38
537 40
538 38
539 39
540 41
541 39
542 34
543 41
544 40
545 35
546 31
547 43
548 37
549 32
550 36
551 37
552 41
553 36
554 32
555 39
556 44
557 40
558 37
559 37
560 38
561 44
562 43
563 36
564 40
565 40
566 35
567 38
568 42
569 44
570 37
571 38
572 41
573 35
574 38
575 37
576 36
577 35
578 36
579 39
580 41
581 42
582 39
583 40
584 39
585 40
586 38
587 41
588 41
589 37
590 34
591 41
592 43
593 38
594 41
595 43
596 38
597 37
598 40
599 39
600 38
601 44
602 42
603 40
604 40
605 43
606 43
607 40
608 42
609 41
610 41
611 37
612 42
613 38
614 35
615 39
616 37
617 40
618 38
619 38
620 40
621 33
622 43
623 45
624 38
625 38
626 38
627 42
628 42
629 38
630 39
631 40
632 38
633 41
634 37
635 39
636 37
637 37
638 41
639 40
640 43
641 40
642 41
643 41
644 40
645 42
646 39
647 37
648 36
649 31
650 38
651 42
652 40
653 34
654 40
655 42
656 38
657 34
658 40
659 41
660 35
661 38
662 40
663 41
664 38
665 41
666 37
667 34
668 35
669 40
670 35
671 36
672 38
673 39
674 40
675 44
676 40
677 41
678 39
679 40
680 40
681 39
682 42
683 32
684 38
685 41
686 40
687 41
688 37
689 33
690 37
691 40
692 38
693 39
694 41
695 38
696 41
697 35
698 40
699 37
700 43
701 41
702 34
703 35
704 41
705 41
706 42
707 37
708 35
709 39
710 35
711 43
712 40
713 39
714 40
715 38
716 39
717 39
718 43
719 37
720 40
721 40
722 35
723 37
724 37
725 36
726 36
727 41
728 38
729 37
730 35
731 36
732 35
733 35
734 36
735 36
736 38
737 42
738 42
739 39
740 41
741 39
742 41
743 40
744 42
745 41
746 38
747 40
748 43
749 41
750 42
751 38
752 35
753 42
754 37
755 35
756 38
757 39
758 39
759 44
760 42
761 42
762 38
763 36
764 40
765 38
766 38
767 36
768 35
769 42
770 36
771 35
772 45
773 40
774 37
775 36
776 39
777 36
778 39
779 38
780 41
781 36
782 37
783 32
784 37
785 38
786 37
787 38
788 32
789 33
790 35
791 42
792 41
793 39
794 39
795 38
796 36
797 38
798 40
799 35
800 41
801 39
802 42
803 39
804 33
805 36
806 40
807 38
808 40
809 39
810 40
811 38
812 42
813 43
814 39
815 42
816 41
817 39
818 37
819 40
820 40
821 42
822 41
823 40
824 39
825 32
826 38
827 38
828 41
829 35
830 39
831 43
832 41
833 43
834 40
835 39
836 39
837 38
838 38
839 40
840 39
841 40
842 39
843 34
844 36
845 40
846 38
847 37
848 39
849 35
850 42
851 39
852 37
853 43
854 43
855 41
856 40
857 34
858 42
859 42
860 36
861 41
862 37
863 39
864 42
865 44
866 35
867 35
868 35
869 35
870 38
871 38
872 34
873 40
874 42
875 41
876 40
877 43
878 36
879 39
880 36
881 40
882 43
883 38
884 37
885 35
886 38
887 35
888 36
889 41
890 38
891 38
892 37
893 41
894 40
895 37
896 36
897 43
898 39
899 40
900 40
901 37
902 39
903 39
904 37
905 40
906 42
907 38
908 43
909 39
910 39
911 32
912 40
913 38
914 34
915 38
916 35
917 33
918 38
919 39
920 42
921 38
922 42
923 44
924 38
925 38
926 37
927 38
928 44
929 38
930 40
931 41
932 35
933 35
934 41
935 41
936 42
937 39
938 40
939 41
940 37
941 38
942 43
943 43
944 44
945 41
946 38
947 36
948 32
949 40
950 37
951 38
952 37
953 37
954 35
955 39
956 39
957 40
958 37
959 43
960 44
961 35
962 41
963 42
964 38
965 41
966 40
967 36
968 40
969 36
970 41
971 36
972 35
973 37
974 34
975 38
976 37
977 38
978 42
979 40
980 41
981 40
982 41
983 38
984 36
985 40
986 38
987 38
988 36
989 42
990 34
991 40
992 43
993 39
994 40
995 37
996 36
997 44
998 43
999 43
1000 38
