0 95
1 68
2 67
3 63
4 63
5 70
6 67
7 66
8 71
9 70
10 75
11 65
12 68
13 68
14 71
15 64
16 65
17 72
18 74
19 68
20 77
21 76
22 74
23 74
24 74
25 72
26 72
27 67
28 71
29 69
30 70
31 71
32 69
33 63
34 68
35 64
36 65
37 75
38 70
39 70
40 64
41 72
42 65
43 68
44 68
45 77
46 70
47 69
48 57
49 68
50 67
51 65
52 71
53 67
54 70
55 68
56 68
57 76
58 71
59 71
60 70
61 72
62 69
63 70
64 70
65 64
66 75
67 73
68 67
69 70
70 77
71 64
72 67
73 78
74 67
75 72
76 72
77 70
78 70
79 72
80 63
81 64
82 63
83 68
84 69
85 74
86 64
87 70
88 72
89 73
90 73
91 69
92 70
93 61
94 66
95 70
96 64
97 67
98 69
99 73
100 70
101 64
102 71
103 62
104 72
105 74
106 65
107 66
108 71
109 68
110 65
111 69
112 64
113 65
114 74
115 66
116 67
117 62
118 73
119 69
120 66
121 75
122 65
123 69
124 66
125 71
126 72
127 76
128 73
129 71
130 67
131 70
132 73
133 80
134 71
135 70
136 70
137 68
138 66
139 68
140 68
141 65
142 72
143 66
144 71
145 66
146 64
147 74
148 69
149 74
150 67
151 69
152 64
153 65
154 74
155 71
156 69
157 74
158 67
159 73
160 74
161 69
162 69
163 71
164 70
165 69
166 70
167 63
168 70
169 69
170 70
171 67
172 69
173 73
174 70
175 66
176 67
177 72
178 71
179 69
180 65
181 71
182 70
183 67
184 62
185 66
186 74
187 69
188 69
189 70
190 69
191 67
192 67
193 72
194 59
195 72
196 72
197 67
198 68
199 73
200 69
201 68
202 68
203 69
204 67
205 62
206 62
207 69
208 66
209 77
210 69
211 69
212 67
213 65
214 66
215 65
216 71
217 73
218 62
219 70
220 69
221 67
222 61
223 69
224 73
225 76
226 72
227 65
228 70
229 75
230 72
231 68
232 70
233 64
234 67
235 67
236 69
237 66
238 70
239 68
240 70
241 66
242 69
243 69
244 72
245 67
246 71
247 66
248 71
249 68
250 65
251 62
252 74
253 66
254 68
255 70
256 73
257 66
258 67
259 69
260 72
261 70
262 66
263 73
264 68
265 71
266 71
267 73
268 66
269 66
270 76
271 65
272 73
273 68
274 69
275 72
276 67
277 73
278 71
279 69
280 68
281 68
282 67
283 73
284 72
285 66
286 70
287 74
288 71
289 71
290 65
291 69
292 66
293 68
294 67
295 67
296 69
297 67
298 68
299 72
300 72
301 70
302 68
303 66
304 70
305 68
306 68
307 64
308 69
309 67
310 64
311 68
312 64
313 66
314 64
315 69
316 71
317 63
318 72
319 67
320 67
321 70
322 62
323 64
324 64
325 68
326 73
327 67
328 70
329 73
330 72
331 65
332 67
333 65
334 67
335 67
336 68
337 71
338 68
339 70
340 70
341 63
342 70
343 69
344 67
345 70
346 65
347 74
348 71
349 70
350 69
351 69
352 69
353 67
354 66
355 78
356 66
357 63
358 73
359 69
360 71
361 71
362 66
363 69
364 64
365 64
366 71
367 71
368 67
369 74
370 73
371 68
372 68
373 64
374 72
375 64
376 68
377 72
378 68
379 72
380 66
381 70
382 76
383 68
384 67
385 59
386 72
387 68
388 73
389 75
390 72
391 67
392 75
393 68
394 72
395 65
396 69
397 68
398 72
399 67
400 70
401 65
402 62
403 75
404 74
405 65
406 75
407 65
408 74
409 73
410 65
411 67
412 65
413 67
414 71
415 67
416 72
417 71
418 72
419 71
420 67
421 73
422 69
423 69
424 72
425 65
426 69
427 64
428 61
429 69
430 63
431 64
432 66
433 72
434 76
435 73
436 62
437 74
438 68
439 70
440 65
441 71
442 69
443 74
444 67
445 69
446 67
447 66
448 72
449 72
450 69
451 66
452 66
453 73
454 61
455 68
456 73
457 68
458 66
459 65
460 65
461 70
462 70
463 73
464 75
465 70
466 70
467 74
468 65
469 74
470 69
471 68
472 72
473 70
474 71
475 69
476 70
477 67
478 66
479 69
480 65
481 67
482 69
483 69
484 68
485 71
486 72
487 70
488 70
489 70
490 62
491 67
492 68
493 67
494 73
495 67
496 67
497 64
498 66
499 69
500 68
501 69
502 66
503 73
504 69
505 66
506 75
507 66
508 70
509 66
510 65
511 68
512 62
513 68
514 65
515 66
516 64
517 65
518 70
519 67
520 64
521 60
522 71
523 68
524 71
525 65
526 64
527 70
528 68
529 72
530 62
531 61
532 70
533 75
534 62
535 69
536 69
537 62
538 72
539 67
540 68
541 73
542 73
543 63
544 75
545 67
546 74
547 64
548 78
549 72
550 64
551 69
552 63
553 71
554 60
555 69
556 73
557 69
558 71
559 72
560 67
561 65
562 65
563 68
564 71
565 71
566 70
567 73
568 73
569 67
570 67
571 66
572 68
573 68
574 66
575 73
576 68
577 62
578 74
579 71
580 64
581 66
582 72
583 73
584 71
585 66
586 69
587 73
588 66
589 65
590 72
591 69
592 69
593 68
594 67
595 67
596 73
597 71
598 65
599 70
600 67
601 61
602 68
603 72
604 67
605 68
606 66
607 66
608 69
609 66
610 70
611 68
612 80
613 69
614 65
615 69
616 66
617 68
618 75
619 68
620 70
621 66
622 71
623 67
624 73
625 68
626 65
627 71
628 66
629 68
630 69
631 69
632 69
633 72
634 70
635 71
636 65
637 71
638 71
639 72
640 73
641 70
642 75
643 66
644 64
645 72
646 65
647 63
648 69
649 65
650 71
651 69
652 72
653 71
654 74
655 67
656 68
657 63
658 72
659 65
660 69
661 66
662 74
663 72
664 67
665 72
666 56
667 71
668 65
669 66
670 68
671 63
672 65
673 65
674 66
675 64
676 72
677 73
678 64
679 70
680 72
681 67
682 69
683 69
684 73
685 67
686 68
687 71
688 68
689 66
690 74
691 67
692 65
693 69
694 65
695 68
696 69
697 71
698 65
699 68
700 72
701 68
702 66
703 69
704 71
705 72
706 64
707 67
708 73
709 70
710 68
711 67
712 60
713 66
714 66
715 71
716 65
717 73
718 69
719 67
720 67
721 72
722 63
723 75
724 72
725 66
726 74
727 67
728 70
729 69
730 70
731 74
732 71
733 68
734 75
735 71
736 65
737 71
738 66
739 69
740 65
741 76
742 70
743 61
744 72
745 75
746 72
747 68
748 63
749 70
750 71
751 68
752 68
753 68
754 71
755 69
756 73
757 65
758 71
759 75
760 73
761 75
762 66
763 72
764 68
765 67
766 75
767 64
768 63
769 70
770 66
771 67
772 69
773 67
774 71
775 68
776 71
777 75
778 65
779 73
780 69
781 74
782 67
783 65
784 70
785 71
786 66
787 60
788 74
789 67
790 63
791 76
792 68
793 74
794 71
795 66
796 68
797 67
798 69
799 68
800 70
801 69
802 73
803 74
804 71
805 66
806 73
807 65
808 70
809 67
810 68
811 71
812 65
813 73
814 70
815 69
816 70
817 68
818 68
819 70
820 66
821 63
822 72
823 73
824 61
825 68
826 72
827 71
828 69
829 72
830 71
831 72
832 68
833 72
834 67
835 74
836 66
837 72
838 66
839 70
840 64
841 66
842 70
843 70
844 74
845 73
846 70
847 73
848 74
849 68
850 66
851 65
852 67
853 69
854 71
855 72
856 72
857 68
858 70
859 76
860 67
861 69
862 63
863 73
864 69
865 67
866 74
867 73
868 75
869 65
870 67
871 68
872 68
873 66
874 67
875 70
876 73
877 74
878 68
879 69
880 72
881 66
882 63
883 68
884 73
885 64
886 72
887 64
888 75
889 74
890 64
891 69
892 60
893 78
894 70
895 68
896 68
897 70
898 67
899 67
900 71
901 65
902 67
903 76
904 74
905 71
906 67
907 67
908 63
909 70
910 68
911 73
912 71
913 66
914 66
915 71
916 72
917 74
918 64
919 64
920 68
921 70
922 67
923 69
924 64
925 64
926 64
927 67
928 69
929 66
930 66
931 71
932 71
933 59
934 65
935 67
936 67
937 67
938 72
939 69
940 66
941 69
942 67
943 63
944 66
945 70
946 70
947 65
948 74
949 67
950 67
951 72
952 71
953 65
954 70
955 71
956 69
957 70
958 69
959 63
960 70
961 71
962 76
963 71
964 67
965 67
966 69
967 71
968 68
969 66
970 69
971 65
972 70
973 69
974 67
975 66
976 65
977 66
978 68
979 72
980 70
981 65
982 69
983 68
984 74
985 60
986 74
987 65
988 70
989 69
990 73
991 70
992 75
993 69
994 65
995 72
996 61
997 70
998 62
999 64
1000 73
