0 30
1 23
2 20
3 20
4 22
5 23
6 21
7 19
8 21
9 19
10 21
11 18
12 22
13 20
14 23
15 21
16 20
17 21
18 22
19 17
20 19
21 21
22 19
23 24
24 20
25 21
26 21
27 20
28 19
29 19
30 20
31 19
32 17
33 21
34 21
35 20
36 18
37 21
38 23
39 17
40 19
41 21
42 22
43 22
44 19
45 20
46 21
47 21
48 21
49 23
50 22
51 21
52 20
53 23
54 21
55 23
56 22
57 23
58 22
59 20
60 18
61 18
62 21
63 21
64 20
65 15
66 16
67 19
68 18
69 19
70 21
71 19
72 22
73 21
74 21
75 21
76 20
77 17
78 21
79 20
80 21
81 21
82 20
83 20
84 19
85 19
86 19
87 20
88 21
89 16
90 20
91 20
92 19
93 20
94 18
95 17
96 21
97 21
98 22
99 22
100 22
101 21
102 22
103 22
104 20
105 20
106 20
107 21
108 22
109 21
110 20
111 22
112 24
113 19
114 22
115 18
116 19
117 21
118 21
119 24
120 19
121 20
122 18
123 18
124 23
125 21
126 19
127 21
128 19
129 19
130 19
131 20
132 16
133 17
134 19
135 21
136 21
137 21
138 20
139 19
140 23
141 19
142 18
143 19
144 20
145 21
146 19
147 21
148 20
149 21
150 19
151 23
152 20
153 23
154 22
155 21
156 18
157 19
158 21
159 24
160 24
161 22
162 21
163 22
164 20
165 19
166 22
167 21
168 22
169 24
170 22
171 21
172 20
173 20
174 20
175 19
176 20
177 21
178 20
179 19
180 19
181 18
182 18
183 21
184 23
185 19
186 19
187 22
188 18
189 18
190 20
191 21
192 20
193 23
194 23
195 22
196 22
197 22
198 20
199 19
200 19
201 20
202 21
203 18
204 16
205 16
206 16
207 17
208 15
209 20
210 19
211 17
212 16
213 17
214 18
215 23
216 22
217 21
218 24
219 22
220 19
221 21
222 20
223 21
224 22
225 22
226 21
227 21
228 22
229 21
230 22
231 22
232 19
233 18
234 18
235 21
236 21
237 20
238 19
239 24
240 24
241 19
242 20
243 21
244 20
245 19
246 20
247 19
248 17
249 16
250 19
251 20
252 21
253 23
254 22
255 22
256 23
257 22
258 23
259 20
260 22
261 18
262 19
263 20
264 19
265 19
266 22
267 24
268 18
269 20
270 15
271 17
272 22
273 23
274 19
275 21
276 20
277 21
278 23
279 21
280 21
281 21
282 23
283 23
284 22
285 21
286 22
287 20
288 18
289 19
290 17
291 17
292 19
293 22
294 22
295 20
296 19
297 19
298 19
299 22
300 23
301 22
302 21
303 25
304 19
305 17
306 17
307 17
308 18
309 20
310 20
311 17
312 18
313 22
314 17
315 19
316 18
317 15
318 18
319 18
320 20
321 23
322 19
323 18
324 20
325 21
326 21
327 20
328 23
329 19
330 20
331 20
332 22
333 23
334 22
335 22
336 21
337 19
338 20
339 21
340 23
341 22
342 21
343 18
344 17
345 21
346 21
347 19
348 19
349 19
350 19
351 19
352 21
353 21
354 22
355 20
356 20
357 21
358 21
359 20
360 16
361 19
362 22
363 16
364 14
365 18
366 18
367 22
368 20
369 20
370 21
371 20
372 21
373 18
374 21
375 21
376 22
377 24
378 23
379 22
380 23
381 25
382 24
383 23
384 23
385 23
386 23
387 19
388 21
389 22
390 23
391 25
392 21
393 17
394 19
395 18
396 17
397 16
398 15
399 17
400 19
401 15
402 20
403 23
404 23
405 20
406 20
407 21
408 22
409 24
410 22
411 23
412 22
413 20
414 19
415 18
416 18
417 20
418 20
419 20
420 22
421 20
422 19
423 18
424 17
425 20
426 20
427 21
428 21
429 20
430 21
431 19
432 23
433 20
434 18
435 18
436 17
437 19
438 21
439 24
440 21
441 21
442 18
443 18
444 19
445 18
446 17
447 19
448 19
449 19
450 23
451 20
452 18
453 19
454 18
455 17
456 18
457 21
458 22
459 22
460 22
461 20
462 21
463 22
464 19
465 22
466 20
467 22
468 23
469 20
470 23
471 18
472 18
473 19
474 15
475 16
476 19
477 18
478 20
479 21
480 22
481 20
482 22
483 20
484 22
485 19
486 13
487 16
488 18
489 22
490 21
491 19
492 21
493 18
494 19
495 20
496 20
497 16
498 18
499 17
500 19
501 20
502 22
503 19
504 22
505 19
506 19
507 17
508 20
509 18
510 17
511 18
512 17
513 20
514 19
515 18
516 21
517 18
518 20
519 21
520 19
521 18
522 20
523 14
524 17
525 18
526 21
527 23
528 21
529 23
530 19
531 20
532 21
533 16
534 16
535 16
536 19
537 17
538 20
539 17
540 19
541 17
542 17
543 17
544 21
545 18
546 17
547 17
548 19
549 19
550 21
551 20
552 20
553 20
554 17
555 21
556 22
557 24
558 24
559 22
560 21
561 19
562 20
563 19
564 21
565 19
566 15
567 24
568 20
569 18
570 16
571 17
572 18
573 15
574 20
575 24
576 24
577 24
578 24
579 23
580 20
581 19
582 19
583 20
584 20
585 16
586 17
587 17
588 21
589 21
590 23
591 25
592 23
593 21
594 22
595 20
596 20
597 20
598 19
599 20
600 20
601 20
602 22
603 21
604 22
605 22
606 22
607 20
608 20
609 19
610 21
611 19
612 21
613 21
614 18
615 23
616 24
617 20
618 18
619 22
620 23
621 21
622 22
623 20
624 23
625 22
626 18
627 20
628 19
629 20
630 20
631 16
632 19
633 22
634 22
635 21
636 22
637 23
638 22
639 22
640 23
641 22
642 25
643 24
644 23
645 21
646 18
647 18
648 18
649 19
650 18
651 21
652 22
653 21
654 19
655 19
656 19
657 21
658 23
659 18
660 16
661 17
662 17
663 17
664 16
665 16
666 18
667 20
668 22
669 20
670 20
671 20
672 21
673 19
674 22
675 23
676 20
677 22
678 23
679 21
680 20
681 22
682 19
683 18
684 17
685 20
686 20
687 21
688 21
689 22
690 23
691 19
692 18
693 16
694 19
695 17
696 20
697 18
698 20
699 20
700 22
701 19
702 21
703 16
704 17
705 16
706 17
707 19
708 22
709 18
710 20
711 21
712 19
713 17
714 20
715 22
716 21
717 18
718 21
719 23
720 23
721 22
722 19
723 19
724 17
725 21
726 22
727 20
728 20
729 20
730 20
731 16
732 21
733 21
734 19
735 21
736 19
737 19
738 20
739 21
740 21
741 22
742 20
743 20
744 21
745 21
746 22
747 19
748 22
749 23
750 21
751 20
752 17
753 17
754 16
755 20
756 19
757 21
758 19
759 19
760 23
761 23
762 20
763 23
764 24
765 22
766 23
767 18
768 17
769 19
770 19
771 17
772 21
773 21
774 18
775 19
776 20
777 21
778 19
779 19
780 19
781 19
782 18
783 18
784 18
785 22
786 21
787 20
788 20
789 19
790 20
791 20
792 14
793 18
794 19
795 22
796 19
797 21
798 20
799 19
800 18
801 20
802 20
803 21
804 21
805 21
806 20
807 22
808 20
809 20
810 19
811 19
812 19
813 19
814 20
815 20
816 21
817 21
818 24
819 22
820 22
821 23
822 22
823 21
824 20
825 19
826 17
827 16
828 22
829 24
830 25
831 23
832 24
833 23
834 23
835 20
836 19
837 19
838 19
839 19
840 17
841 17
842 16
843 14
844 20
845 19
846 19
847 18
848 21
849 20
850 20
851 21
852 20
853 20
854 18
855 18
856 19
857 19
858 19
859 20
860 21
861 21
862 21
863 20
864 19
865 20
866 20
867 19
868 19
869 21
870 19
871 17
872 17
873 19
874 18
875 20
876 20
877 22
878 20
879 19
880 21
881 20
882 23
883 21
884 19
885 20
886 20
887 19
888 19
889 21
890 20
891 21
892 22
893 19
894 20
895 18
896 17
897 19
898 18
899 19
900 21
901 21
902 21
903 19
904 21
905 24
906 23
907 21
908 21
909 20
910 21
911 21
912 18
913 19
914 21
915 20
916 21
917 22
918 23
919 23
920 20
921 21
922 21
923 17
924 19
925 19
926 21
927 20
928 21
929 19
930 20
931 22
932 21
933 23
934 19
935 21
936 21
937 20
938 19
939 19
940 20
941 17
942 19
943 24
944 22
945 21
946 18
947 20
948 22
949 21
950 21
951 21
952 19
953 20
954 20
955 20
956 20
957 17
958 21
959 20
960 19
961 17
962 19
963 20
964 20
965 17
966 21
967 22
968 22
969 22
970 23
971 23
972 20
973 21
974 22
975 22
976 21
977 17
978 18
979 22
980 18
981 22
982 21
983 19
984 19
985 20
986 20
987 20
988 23
989 21
990 19
991 22
992 22
993 23
994 23
995 22
996 19
997 19
998 18
999 20
1000 21
