0 90
1 78
2 71
3 65
4 60
5 60
6 52
7 53
8 56
9 49
10 51
11 57
12 57
13 60
14 61
15 55
16 56
17 55
18 57
19 55
20 57
21 57
22 55
23 55
24 57
25 51
26 53
27 56
28 57
29 61
30 64
31 57
32 57
33 55
34 56
35 59
36 61
37 58
38 56
39 56
40 54
41 57
42 51
43 52
44 49
45 46
46 53
47 56
48 53
49 52
50 58
51 56
52 54
53 54
54 55
55 57
56 57
57 57
58 55
59 57
60 54
61 58
62 56
63 59
64 60
65 64
66 61
67 58
68 59
69 60
70 60
71 58
72 55
73 57
74 54
75 56
76 53
77 56
78 57
79 57
80 53
81 56
82 56
83 54
84 57
85 55
86 57
87 54
88 57
89 54
90 56
91 56
92 55
93 56
94 54
95 55
96 55
97 57
98 52
99 57
100 55
101 55
102 54
103 57
104 61
105 60
106 57
107 55
108 56
109 56
110 57
111 56
112 61
113 58
114 57
115 58
116 59
117 56
118 54
119 55
120 58
121 58
122 56
123 55
124 54
125 53
126 50
127 52
128 59
129 57
130 56
131 60
132 60
133 60
134 62
135 62
136 61
137 61
138 58
139 58
140 59
141 60
142 59
143 61
144 59
145 56
146 55
147 57
148 60
149 59
150 54
151 53
152 57
153 58
154 55
155 56
156 56
157 54
158 60
159 58
160 56
161 57
162 61
163 59
164 56
165 54
166 54
167 60
168 60
169 59
170 59
171 58
172 57
173 61
174 59
175 59
176 59
177 61
178 59
179 61
180 64
181 60
182 62
183 62
184 57
185 56
186 56
187 54
188 58
189 59
190 56
191 59
192 59
193 57
194 59
195 59
196 58
197 60
198 57
199 57
200 57
201 55
202 58
203 60
204 56
205 56
206 55
207 60
208 60
209 59
210 57
211 57
212 57
213 58
214 56
215 57
216 54
217 55
218 55
219 52
220 53
221 60
222 59
223 57
224 55
225 56
226 54
227 55
228 54
229 54
230 57
231 57
232 60
233 53
234 52
235 53
236 56
237 62
238 55
239 60
240 60
241 57
242 55
243 55
244 57
245 55
246 53
247 55
248 58
249 57
250 57
251 54
252 54
253 51
254 49
255 54
256 54
257 56
258 60
259 54
260 57
261 56
262 56
263 61
264 57
265 59
266 57
267 54
268 57
269 59
270 59
271 59
272 56
273 57
274 57
275 59
276 57
277 55
278 57
279 56
280 55
281 57
282 51
283 52
284 55
285 58
286 60
287 59
288 61
289 63
290 62
291 61
292 61
293 61
294 59
295 60
296 58
297 56
298 61
299 59
300 59
301 57
302 58
303 54
304 54
305 55
306 58
307 60
308 60
309 55
310 56
311 52
312 56
313 59
314 55
315 56
316 61
317 59
318 56
319 59
320 59
321 61
322 61
323 57
324 58
325 53
326 54
327 59
328 57
329 58
330 58
331 56
332 58
333 56
334 54
335 50
336 52
337 51
338 55
339 57
340 59
341 58
342 58
343 55
344 55
345 53
346 58
347 57
348 56
349 57
350 56
351 56
352 59
353 60
354 61
355 60
356 60
357 60
358 59
359 58
360 58
361 59
362 53
363 53
364 53
365 54
366 57
367 56
368 59
369 59
370 60
371 58
372 59
373 55
374 54
375 59
376 58
377 58
378 58
379 57
380 57
381 54
382 55
383 56
384 56
385 58
386 55
387 54
388 54
389 58
390 57
391 52
392 57
393 58
394 54
395 56
396 54
397 53
398 56
399 56
400 56
401 56
402 56
403 56
404 58
405 63
406 61
407 60
408 57
409 58
410 59
411 54
412 57
413 56
414 55
415 55
416 52
417 52
418 50
419 53
420 53
421 55
422 59
423 57
424 58
425 58
426 60
427 58
428 60
429 58
430 58
431 52
432 53
433 57
434 55
435 54
436 53
437 54
438 56
439 57
440 57
441 56
442 60
443 56
444 54
445 58
446 58
447 57
448 56
449 56
450 59
451 59
452 58
453 59
454 56
455 57
456 52
457 54
458 57
459 59
460 58
461 55
462 55
463 55
464 56
465 54
466 55
467 57
468 57
469 55
470 56
471 56
472 58
473 57
474 54
475 53
476 53
477 52
478 53
479 52
480 53
481 56
482 59
483 58
484 54
485 57
486 58
487 52
488 51
489 51
490 55
491 58
492 53
493 56
494 54
495 54
496 54
497 56
498 53
499 52
500 55
501 53
502 53
503 52
504 52
505 55
506 53
507 52
508 56
509 57
510 56
511 57
512 56
513 55
514 54
515 56
516 54
517 51
518 54
519 53
520 55
521 56
522 56
523 58
524 59
525 54
526 58
527 58
528 52
529 52
530 54
531 59
532 58
533 57
534 58
535 60
536 60
537 61
538 59
539 59
540 61
541 61
542 60
543 58
544 54
545 56
546 55
547 53
548 52
549 54
550 53
551 57
552 52
553 55
554 54
555 53
556 53
557 53
558 50
559 56
560 55
561 53
562 57
563 60
564 58
565 59
566 56
567 54
568 53
569 53
570 54
571 57
572 58
573 55
574 57
575 57
576 60
577 60
578 58
579 58
580 59
581 56
582 57
583 58
584 58
585 59
586 59
587 60
588 60
589 61
590 56
591 58
592 58
593 56
594 58
595 61
596 56
597 55
598 50
599 51
600 56
601 57
602 57
603 56
604 58
605 58
606 58
607 51
608 55
609 57
610 55
611 56
612 58
613 58
614 56
615 51
616 51
617 53
618 57
619 55
620 56
621 58
622 52
623 55
624 54
625 55
626 59
627 54
628 56
629 52
630 52
631 51
632 55
633 49
634 52
635 54
636 56
637 62
638 62
639 61
640 57
641 55
642 54
643 56
644 59
645 56
646 57
647 56
648 57
649 56
650 52
651 54
652 53
653 53
654 56
655 54
656 55
657 53
658 52
659 54
660 55
661 59
662 59
663 54
664 55
665 59
666 58
667 60
668 60
669 60
670 58
671 57
672 57
673 59
674 58
675 55
676 49
677 51
678 54
679 55
680 57
681 59
682 56
683 51
684 53
685 56
686 59
687 57
688 60
689 56
690 58
691 57
692 56
693 56
694 59
695 57
696 59
697 59
698 54
699 53
700 57
701 57
702 55
703 59
704 60
705 58
706 61
707 58
708 54
709 56
710 56
711 59
712 58
713 62
714 55
715 52
716 57
717 55
718 55
719 55
720 55
721 55
722 54
723 59
724 58
725 56
726 55
727 53
728 53
729 56
730 59
731 58
732 58
733 58
734 55
735 58
736 54
737 54
738 55
739 54
740 55
741 55
742 58
743 59
744 60
745 58
746 57
747 56
748 53
749 57
750 58
751 57
752 58
753 57
754 54
755 56
756 57
757 55
758 60
759 64
760 65
761 63
762 62
763 60
764 59
765 60
766 59
767 60
768 58
769 60
770 60
771 56
772 53
773 52
774 52
775 54
776 54
777 55
778 55
779 57
780 56
781 56
782 57
783 59
784 57
785 63
786 59
787 61
788 61
789 60
790 62
791 62
792 58
793 59
794 60
795 54
796 57
797 56
798 55
799 53
800 55
801 56
802 56
803 54
804 51
805 55
806 55
807 56
808 55
809 57
810 59
811 60
812 56
813 50
814 56
815 58
816 60
817 60
818 58
819 58
820 57
821 58
822 56
823 55
824 58
825 58
826 55
827 56
828 54
829 52
830 51
831 54
832 54
833 51
834 54
835 53
836 51
837 51
838 50
839 51
840 55
841 59
842 60
843 59
844 58
845 59
846 61
847 58
848 56
849 55
850 55
851 58
852 59
853 58
854 57
855 55
856 52
857 56
858 61
859 58
860 57
861 56
862 54
863 49
864 56
865 59
866 57
867 58
868 58
869 58
870 55
871 55
872 53
873 55
874 57
875 59
876 56
877 53
878 56
879 58
880 58
881 57
882 54
883 52
884 54
885 54
886 54
887 51
888 55
889 55
890 54
891 53
892 54
893 56
894 58
895 58
896 58
897 56
898 56
899 58
900 56
901 59
902 56
903 52
904 55
905 56
906 54
907 52
908 53
909 50
910 52
911 58
912 57
913 57
914 60
915 56
916 57
917 51
918 48
919 50
920 53
921 55
922 55
923 56
924 58
925 55
926 54
927 56
928 61
929 58
930 55
931 53
932 55
933 55
934 52
935 55
936 55
937 57
938 58
939 55
940 56
941 57
942 54
943 53
944 52
945 55
946 55
947 55
948 56
949 54
950 54
951 58
952 59
953 58
954 57
955 57
956 55
957 61
958 57
959 58
960 62
961 60
962 61
963 57
964 54
965 58
966 56
967 58
968 56
969 58
970 56
971 57
972 60
973 56
974 56
975 53
976 53
977 53
978 53
979 53
980 54
981 56
982 57
983 57
984 53
985 52
986 56
987 59
988 60
989 61
990 60
991 59
992 58
993 56
994 55
995 56
996 56
997 56
998 52
999 52
1000 55
