0 70
1 51
2 44
3 50
4 53
5 47
6 50
7 52
8 52
9 45
10 49
11 49
12 50
13 51
14 47
15 52
16 51
17 49
18 49
19 50
20 49
21 47
22 48
23 51
24 50
25 50
26 52
27 48
28 54
29 46
30 43
31 51
32 50
33 51
34 47
35 48
36 50
37 51
38 46
39 50
40 48
41 53
42 45
43 50
44 49
45 46
46 50
47 47
48 52
49 51
50 50
51 48
52 51
53 48
54 46
55 47
56 47
57 47
58 49
59 48
60 45
61 48
62 51
63 51
64 53
65 51
66 48
67 52
68 49
69 44
70 48
71 53
72 53
73 48
74 53
75 53
76 53
77 48
78 52
79 46
80 52
81 54
82 50
83 48
84 49
85 52
86 46
87 50
88 50
89 46
90 46
91 46
92 47
93 49
94 47
95 50
96 52
97 48
98 49
99 47
100 48
101 45
102 45
103 53
104 50
105 49
106 48
107 51
108 49
109 48
110 49
111 52
112 53
113 50
114 50
115 50
116 48
117 45
118 47
119 52
120 48
121 46
122 47
123 51
124 50
125 44
126 47
127 50
128 47
129 48
130 52
131 49
132 49
133 49
134 53
135 48
136 50
137 53
138 42
139 45
140 50
141 51
142 51
143 47
144 48
145 48
146 47
147 46
148 50
149 47
150 52
151 50
152 51
153 50
154 52
155 50
156 52
157 49
158 51
159 48
160 47
161 51
162 49
163 43
164 49
165 50
166 47
167 46
168 49
169 48
170 49
171 47
172 48
173 51
174 50
175 47
176 50
177 53
178 52
179 49
180 50
181 51
182 49
183 47
184 47
185 47
186 47
187 51
188 52
189 49
190 50
191 49
192 48
193 48
194 47
195 53
196 46
197 51
198 48
199 51
200 44
201 52
202 49
203 44
204 46
205 48
206 49
207 50
208 47
209 49
210 46
211 47
212 48
213 49
214 50
215 45
216 45
217 48
218 45
219 50
220 49
221 44
222 46
223 50
224 49
225 49
226 48
227 47
228 48
229 52
230 51
231 51
232 49
233 50
234 49
235 50
236 50
237 47
238 44
239 50
240 49
241 51
242 54
243 45
244 43
245 46
246 44
247 51
248 48
249 47
250 44
251 47
252 52
253 53
254 50
255 52
256 51
257 44
258 46
259 51
260 49
261 47
262 50
263 49
264 49
265 47
266 42
267 49
268 45
269 42
270 49
271 51
272 48
273 49
274 51
275 47
276 49
277 46
278 47
279 50
280 48
281 47
282 49
283 53
284 51
285 53
286 49
287 46
288 47
289 43
290 52
291 41
292 49
293 48
294 48
295 49
296 45
297 50
298 47
299 46
300 44
301 52
302 47
303 46
304 47
305 50
306 49
307 45
308 48
309 53
310 48
311 51
312 47
313 48
314 52
315 48
316 49
317 49
318 47
319 47
320 49
321 51
322 50
323 46
324 49
325 51
326 47
327 49
328 44
329 45
330 49
331 50
332 52
333 51
334 51
335 50
336 52
337 50
338 48
339 45
340 47
341 50
342 48
343 47
344 53
345 50
346 47
347 43
348 51
349 48
350 51
351 48
352 53
353 48
354 48
355 50
356 50
357 50
358 46
359 50
360 52
361 47
362 51
363 44
364 48
365 48
366 42
367 52
368 48
369 46
370 52
371 50
372 49
373 50
374 49
375 48
376 47
377 48
378 52
379 49
380 50
381 46
382 50
383 52
384 44
385 52
386 50
387 46
388 45
389 44
390 42
391 47
392 53
393 50
394 50
395 45
396 53
397 50
398 48
399 48
400 49
401 52
402 47
403 44
404 48
405 48
406 51
407 55
408 44
409 49
410 52
411 50
412 47
413 53
414 50
415 46
416 51
417 51
418 46
419 48
420 49
421 44
422 47
423 52
424 51
425 48
426 48
427 49
428 52
429 48
430 50
431 48
432 50
433 50
434 53
435 52
436 48
437 53
438 49
439 47
440 53
441 49
442 49
443 47
444 45
445 49
446 48
447 51
448 49
449 44
450 47
451 44
452 47
453 50
454 49
455 50
456 47
457 50
458 47
459 47
460 52
461 47
462 50
463 47
464 52
465 51
466 49
467 49
468 49
469 52
470 50
471 46
472 51
473 49
474 51
475 51
476 46
477 50
478 50
479 51
480 49
481 49
482 49
483 49
484 54
485 47
486 43
487 50
488 46
489 55
490 44
491 53
492 53
493 45
494 49
495 48
496 51
497 49
498 46
499 47
500 47
501 50
502 51
503 50
504 49
505 50
506 46
507 51
508 49
509 48
510 51
511 51
512 45
513 49
514 51
515 53
516 52
517 51
518 51
519 50
520 49
521 49
522 49
523 45
524 51
525 46
526 47
527 50
528 48
529 51
530 52
531 52
532 51
533 53
534 45
535 48
536 46
537 48
538 49
539 50
540 51
541 49
542 47
543 47
544 49
545 47
546 53
547 51
548 53
549 50
550 42
551 52
552 48
553 50
554 47
555 46
556 46
557 47
558 52
559 48
560 45
561 52
562 52
563 48
564 47
565 50
566 47
567 46
568 48
569 45
570 45
571 50
572 51
573 50
574 49
575 47
576 49
577 51
578 52
579 51
580 47
581 46
582 50
583 55
584 47
585 50
586 49
587 49
588 56
589 46
590 48
591 51
592 49
593 48
594 46
595 48
596 54
597 51
598 54
599 49
600 46
601 52
602 50
603 52
604 51
605 49
606 45
607 46
608 48
609 52
610 50
611 46
612 49
613 50
614 48
615 53
616 50
617 51
618 53
619 47
620 50
621 49
622 51
623 52
624 48
625 46
626 47
627 52
628 50
629 48
630 46
631 49
632 49
633 45
634 52
635 53
636 48
637 53
638 51
639 49
640 50
641 47
642 51
643 50
644 47
645 52
646 50
647 52
648 47
649 52
650 48
651 46
652 50
653 50
654 50
655 47
656 50
657 48
658 49
659 52
660 48
661 52
662 51
663 51
664 50
665 52
666 48
667 51
668 51
669 49
670 50
671 49
672 50
673 49
674 49
675 48
676 47
677 52
678 49
679 45
680 44
681 50
682 51
683 51
684 48
685 49
686 46
687 50
688 50
689 45
690 48
691 46
692 46
693 53
694 43
695 50
696 50
697 49
698 47
699 48
700 48
701 49
702 50
703 43
704 46
705 47
706 49
707 51
708 46
709 43
710 45
711 50
712 49
713 54
714 48
715 52
716 43
717 45
718 51
719 48
720 47
721 47
722 49
723 50
724 47
725 45
726 48
727 47
728 48
729 47
730 53
731 50
732 46
733 48
734 52
735 45
736 51
737 50
738 48
739 44
740 48
741 52
742 52
743 50
744 46
745 45
746 44
747 51
748 52
749 45
750 46
751 50
752 50
753 50
754 49
755 48
756 47
757 53
758 50
759 49
760 51
761 50
762 52
763 49
764 50
765 48
766 52
767 46
768 48
769 45
770 50
771 48
772 49
773 48
774 51
775 48
776 51
777 48
778 47
779 46
780 50
781 46
782 47
783 47
784 45
785 49
786 53
787 47
788 44
789 53
790 50
791 49
792 47
793 51
794 46
795 50
796 49
797 52
798 49
799 46
800 50
801 50
802 44
803 47
804 48
805 52
806 52
807 51
808 51
809 51
810 46
811 48
812 50
813 47
814 48
815 50
816 48
817 47
818 51
819 47
820 51
821 51
822 51
823 47
824 52
825 50
826 50
827 55
828 52
829 51
830 51
831 46
832 55
833 47
834 50
835 52
836 46
837 49
838 46
839 47
840 50
841 49
842 49
843 49
844 42
845 51
846 52
847 49
848 49
849 49
850 55
851 52
852 48
853 47
854 51
855 51
856 50
857 48
858 47
859 49
860 49
861 46
862 51
863 50
864 51
865 52
866 50
867 44
868 48
869 51
870 50
871 51
872 48
873 51
874 48
875 51
876 51
877 50
878 48
879 51
880 49
881 43
882 53
883 50
884 50
885 51
886 45
887 48
888 50
889 46
890 42
891 56
892 51
893 52
894 48
895 52
896 51
897 46
898 48
899 51
900 51
901 49
902 51
903 48
904 54
905 47
906 49
907 49
908 50
909 50
910 52
911 53
912 49
913 51
914 48
915 48
916 48
917 54
918 46
919 50
920 44
921 45
922 46
923 49
924 47
925 51
926 51
927 51
928 46
929 49
930 52
931 47
932 52
933 52
934 47
935 49
936 49
937 47
938 48
939 48
940 47
941 48
942 51
943 49
944 47
945 47
946 51
947 48
948 49
949 48
950 49
951 49
952 49
953 50
954 45
955 50
956 46
957 45
958 43
959 52
960 52
961 49
962 48
963 50
964 47
965 50
966 50
967 49
968 50
969 49
970 49
971 49
972 46
973 48
974 51
975 45
976 45
977 51
978 51
979 50
980 50
981 45
982 46
983 46
984 46
985 51
986 48
987 53
988 49
989 49
990 49
991 52
992 52
993 45
994 52
995 53
996 50
997 50
998 49
999 46
1000 49
