0 55
1 40
2 40
3 37
4 36
5 36
6 38
7 33
8 39
9 35
10 38
11 38
12 38
13 41
14 39
15 37
16 40
17 39
18 40
19 37
20 37
21 40
22 37
23 36
24 39
25 40
26 39
27 36
28 37
29 36
30 35
31 35
32 40
33 37
34 40
35 36
36 35
37 37
38 37
39 36
40 40
41 38
42 40
43 38
44 33
45 38
46 34
47 35
48 36
49 35
50 37
51 39
52 39
53 39
54 37
55 39
56 38
57 38
58 42
59 38
60 36
61 39
62 41
63 36
64 38
65 37
66 35
67 41
68 37
69 39
70 39
71 40
72 36
73 35
74 38
75 39
76 37
77 37
78 35
79 33
80 36
81 42
82 37
83 39
84 39
85 37
86 34
87 35
88 36
89 33
90 35
91 42
92 36
93 39
94 38
95 35
96 39
97 37
98 37
99 40
100 39
101 35
102 35
103 34
104 38
105 35
106 40
107 37
108 38
109 38
110 38
111 41
112 41
113 36
114 40
115 36
116 40
117 38
118 38
119 38
120 38
121 41
122 39
123 40
124 39
125 39
126 39
127 37
128 37
129 43
130 43
131 34
132 36
133 38
134 39
135 37
136 37
137 38
138 38
139 39
140 42
141 38
142 38
143 39
144 36
145 39
146 40
147 37
148 33
149 34
150 38
151 40
152 34
153 35
154 33
155 36
156 39
157 35
158 31
159 36
160 33
161 35
162 38
163 38
164 37
165 36
166 40
167 40
168 35
169 36
170 35
171 37
172 36
173 34
174 37
175 36
176 35
177 34
178 38
179 41
180 34
181 39
182 35
183 38
184 35
185 36
186 34
187 34
188 37
189 39
190 38
191 36
192 42
193 41
194 34
195 37
196 35
197 33
198 36
199 37
200 33
201 36
202 39
203 37
204 41
205 36
206 36
207 34
208 34
209 36
210 38
211 38
212 36
213 33
214 36
215 40
216 41
217 35
218 38
219 39
220 39
221 38
222 38
223 37
224 40
225 42
226 39
227 38
228 35
229 34
230 36
231 38
232 36
233 39
234 37
235 33
236 37
237 37
238 36
239 35
240 36
241 38
242 36
243 35
244 38
245 39
246 40
247 36
248 30
249 33
250 36
251 36
252 40
253 41
254 37
255 35
256 36
257 37
258 37
259 41
260 37
261 38
262 37
263 39
264 38
265 36
266 35
267 34
268 34
269 39
270 41
271 35
272 36
273 34
274 41
275 37
276 39
277 38
278 35
279 37
280 39
281 38
282 33
283 35
284 39
285 40
286 39
287 38
288 40
289 35
290 37
291 32
292 37
293 38
294 36
295 34
296 35
297 36
298 38
299 42
300 34
301 32
302 36
303 32
304 34
305 40
306 42
307 38
308 35
309 36
310 37
311 36
312 37
313 35
314 39
315 35
316 32
317 35
318 37
319 37
320 38
321 41
322 34
323 35
324 39
325 42
326 39
327 30
328 37
329 32
330 35
331 36
332 38
333 40
334 37
335 37
336 39
337 37
338 36
339 38
340 33
341 41
342 34
343 33
344 38
345 33
346 35
347 38
348 36
349 36
350 37
351 33
352 34
353 36
354 38
355 37
356 34
357 35
358 38
359 33
360 35
361 36
362 35
363 35
364 35
365 37
366 39
367 40
368 37
369 38
370 41
371 37
372 39
373 37
374 33
375 42
376 39
377 38
378 38
379 39
380 40
381 39
382 38
383 39
384 39
385 39
386 40
387 39
388 38
389 33
390 37
391 36
392 38
393 41
394 36
395 36
396 36
397 35
398 38
399 38
400 40
401 35
402 34
403 36
404 36
405 36
406 36
407 40
408 33
409 35
410 34
411 32
412 34
413 33
414 33
415 38
416 39
417 35
418 37
419 37
420 34
421 35
422 33
423 40
424 35
425 34
426 36
427 38
428 36
429 40
430 37
431 36
432 32
433 35
434 34
435 36
436 37
437 35
438 33
439 34
440 36
441 42
442 38
443 34
444 33
445 34
446 35
447 37
448 36
449 34
450 39
451 36
452 38
453 39
454 34
455 40
456 39
457 38
458 35
459 33
460 38
461 37
462 36
463 40
464 34
465 40
466 38
467 36
468 36
469 37
470 41
471 38
472 33
473 37
474 35
475 37
476 36
477 35
478 35
479 34
480 33
481 34
482 34
483 36
484 37
485 35
486 37
487 35
488 35
489 38
490 40
491 39
492 37
493 37
494 40
495 40
496 37
497 38
498 37
499 38
500 39
501 40
502 37
503 35
504 39
505 35
506 38
507 32
508 36
509 39
510 37
511 33
512 38
513 35
514 35
515 38
516 35
517 36
518 38
519 34
520 36
521 37
522 34
523 37
524 38
525 39
526 37
527 36
528 41
529 37
530 35
531 35
532 30
533 38
534 31
535 39
536 31
537 33
538 36
539 35
540 39
541 38
542 35
543 34
544 35
545 35
546 37
547 36
548 35
549 36
550 35
551 38
552 33
553 36
554 34
555 40
556 37
557 39
558 33
559 37
560 32
561 36
562 37
563 34
564 35
565 33
566 37
567 35
568 36
569 39
570 33
571 36
572 37
573 35
574 36
575 37
576 37
577 39
578 39
579 36
580 37
581 35
582 36
583 38
584 40
585 41
586 41
587 37
588 38
589 36
590 34
591 36
592 36
593 38
594 37
595 38
596 36
597 35
598 34
599 35
600 29
601 34
602 39
603 36
604 36
605 37
606 40
607 36
608 40
609 36
610 40
611 41
612 40
613 35
614 40
615 35
616 38
617 37
618 36
619 36
620 37
621 37
622 36
623 40
624 34
625 38
626 40
627 37
628 37
629 40
630 39
631 39
632 38
633 38
634 42
635 42
636 40
637 34
638 33
639 40
640 36
641 37
642 33
643 35
644 39
645 38
646 39
647 41
648 41
649 37
650 38
651 40
652 40
653 34
654 37
655 32
656 34
657 36
658 40
659 37
660 36
661 33
662 33
663 31
664 37
665 40
666 39
667 40
668 41
669 42
670 38
671 37
672 39
673 37
674 34
675 34
676 36
677 38
678 38
679 38
680 36
681 37
682 38
683 38
684 35
685 38
686 36
687 33
688 36
689 36
690 36
691 34
692 35
693 39
694 34
695 35
696 35
697 35
698 29
699 40
700 41
701 40
702 39
703 34
704 38
705 38
706 40
707 35
708 37
709 39
710 38
711 38
712 35
713 39
714 41
715 39
716 37
717 37
718 36
719 38
720 39
721 43
722 37
723 36
724 40
725 39
726 40
727 43
728 37
729 36
730 38
731 39
732 40
733 40
734 40
735 37
736 36
737 37
738 36
739 37
740 39
741 36
742 36
743 39
744 41
745 35
746 35
747 39
748 36
749 40
750 42
751 38
752 37
753 33
754 37
755 34
756 39
757 36
758 38
759 33
760 40
761 35
762 38
763 37
764 38
765 36
766 38
767 40
768 40
769 38
770 40
771 40
772 38
773 35
774 33
775 34
776 36
777 37
778 36
779 39
780 37
781 39
782 41
783 39
784 34
785 36
786 34
787 35
788 34
789 34
790 32
791 36
792 38
793 42
794 37
795 35
796 35
797 39
798 38
799 37
800 41
801 36
802 34
803 35
804 37
805 37
806 39
807 40
808 39
809 39
810 36
811 37
812 35
813 36
814 31
815 37
816 35
817 32
818 38
819 37
820 36
821 36
822 35
823 37
824 37
825 37
826 37
827 38
828 34
829 36
830 37
831 36
832 38
833 40
834 39
835 34
836 34
837 37
838 37
839 40
840 37
841 35
842 37
843 33
844 36
845 38
846 37
847 39
848 37
849 35
850 38
851 39
852 37
853 37
854 37
855 38
856 36
857 39
858 34
859 34
860 38
861 37
862 36
863 38
864 40
865 40
866 35
867 39
868 39
869 29
870 36
871 42
872 38
873 35
874 33
875 37
876 38
877 40
878 37
879 38
880 36
881 38
882 37
883 38
884 39
885 39
886 41
887 39
888 35
889 37
890 35
891 35
892 37
893 33
894 34
895 37
896 41
897 40
898 36
899 35
900 34
901 38
902 38
903 35
904 41
905 36
906 35
907 36
908 35
909 38
910 38
911 37
912 33
913 34
914 35
915 38
916 35
917 38
918 39
919 37
920 42
921 38
922 42
923 40
924 37
925 36
926 35
927 38
928 34
929 37
930 36
931 34
932 34
933 36
934 34
935 40
936 39
937 32
938 34
939 36
940 34
941 39
942 37
943 30
944 40
945 35
946 40
947 41
948 35
949 35
950 35
951 39
952 39
953 37
954 38
955 38
956 33
957 35
958 39
959 36
960 37
961 36
962 37
963 38
964 37
965 37
966 38
967 36
968 33
969 40
970 33
971 40
972 40
973 38
974 41
975 37
976 38
977 39
978 39
979 41
980 37
981 39
982 38
983 38
984 33
985 37
986 37
987 31
988 33
989 37
990 40
991 39
992 40
993 37
994 40
995 38
996 36
997 37
998 39
999 39
1000 44
