0 30
1 22
2 18
3 20
4 21
5 12
6 17
7 16
8 18
9 20
10 18
11 19
12 18
13 18
14 20
15 18
16 20
17 21
18 19
19 19
20 19
21 18
22 14
23 17
24 16
25 19
26 17
27 17
28 16
29 18
30 17
31 17
32 20
33 18
34 17
35 19
36 18
37 16
38 15
39 17
40 18
41 18
42 16
43 18
44 17
45 18
46 16
47 18
48 20
49 16
50 20
51 18
52 14
53 17
54 17
55 16
56 18
57 14
58 17
59 17
60 16
61 14
62 16
63 18
64 18
65 19
66 18
67 18
68 18
69 18
70 17
71 17
72 14
73 15
74 13
75 14
76 17
77 18
78 17
79 18
80 19
81 19
82 20
83 19
84 21
85 21
86 20
87 18
88 15
89 14
90 17
91 15
92 17
93 17
94 18
95 19
96 21
97 16
98 17
99 19
100 14
101 14
102 17
103 19
104 19
105 17
106 18
107 18
108 18
109 18
110 18
111 16
112 18
113 17
114 20
115 19
116 16
117 13
118 14
119 15
120 16
121 14
122 16
123 15
124 15
125 16
126 18
127 18
128 18
129 19
130 21
131 18
132 18
133 18
134 15
135 18
136 20
137 19
138 15
139 15
140 16
141 17
142 15
143 17
144 14
145 16
146 18
147 15
148 16
149 17
150 18
151 18
152 20
153 19
154 19
155 19
156 18
157 18
158 20
159 19
160 17
161 16
162 13
163 16
164 18
165 20
166 17
167 17
168 18
169 18
170 20
171 19
172 15
173 15
174 16
175 16
176 16
177 16
178 19
179 21
180 18
181 16
182 17
183 17
184 15
185 16
186 17
187 16
188 15
189 18
190 17
191 17
192 15
193 13
194 18
195 17
196 19
197 18
198 17
199 17
200 18
201 19
202 18
203 18
204 16
205 13
206 15
207 17
208 17
209 18
210 16
211 19
212 21
213 19
214 20
215 18
216 18
217 18
218 20
219 20
220 16
221 16
222 19
223 17
224 19
225 19
226 18
227 18
228 16
229 17
230 19
231 18
232 17
233 17
234 14
235 16
236 15
237 16
238 17
239 18
240 16
241 14
242 17
243 14
244 14
245 17
246 19
247 17
248 17
249 17
250 18
251 20
252 17
253 17
254 17
255 15
256 18
257 16
258 17
259 16
260 14
261 17
262 18
263 18
264 17
265 19
266 17
267 18
268 16
269 17
270 18
271 17
272 15
273 16
274 18
275 17
276 17
277 18
278 20
279 21
280 18
281 19
282 18
283 19
284 17
285 20
286 19
287 17
288 18
289 16
290 15
291 16
292 20
293 17
294 16
295 15
296 16
297 16
298 16
299 18
300 18
301 18
302 16
303 13
304 15
305 17
306 16
307 15
308 17
309 17
310 14
311 16
312 18
313 14
314 16
315 14
316 12
317 17
318 16
319 18
320 16
321 16
322 16
323 17
324 13
325 17
326 18
327 17
328 14
329 15
330 18
331 18
332 16
333 16
334 19
335 15
336 16
337 17
338 19
339 20
340 21
341 19
342 16
343 19
344 17
345 19
346 17
347 16
348 17
349 17
350 18
351 18
352 17
353 19
354 20
355 18
356 19
357 19
358 17
359 17
360 17
361 19
362 17
363 18
364 18
365 19
366 19
367 17
368 18
369 18
370 16
371 16
372 14
373 14
374 18
375 19
376 21
377 20
378 20
379 20
380 20
381 17
382 18
383 18
384 17
385 14
386 18
387 19
388 20
389 16
390 14
391 16
392 15
393 18
394 16
395 18
396 15
397 19
398 18
399 19
400 19
401 19
402 17
403 18
404 18
405 14
406 15
407 17
408 16
409 18
410 19
411 17
412 19
413 17
414 17
415 15
416 17
417 17
418 18
419 16
420 15
421 19
422 17
423 18
424 15
425 16
426 15
427 16
428 18
429 18
430 18
431 17
432 17
433 18
434 16
435 18
436 17
437 14
438 17
439 17
440 19
441 17
442 20
443 19
444 19
445 19
446 17
447 18
448 18
449 19
450 14
451 16
452 17
453 16
454 17
455 19
456 19
457 16
458 15
459 17
460 16
461 13
462 15
463 16
464 18
465 20
466 20
467 19
468 19
469 18
470 20
471 17
472 17
473 18
474 17
475 15
476 17
477 19
478 17
479 19
480 19
481 18
482 16
483 14
484 18
485 17
486 18
487 18
488 17
489 17
490 19
491 16
492 16
493 18
494 13
495 12
496 16
497 19
498 18
499 19
500 21
501 16
502 18
503 16
504 18
505 18
506 17
507 20
508 17
509 15
510 16
511 19
512 15
513 15
514 17
515 16
516 15
517 15
518 17
519 19
520 17
521 17
522 16
523 17
524 16
525 18
526 14
527 14
528 19
529 19
530 15
531 14
532 15
533 19
534 15
535 18
536 17
537 17
538 19
539 20
540 19
541 19
542 19
543 19
544 18
545 18
546 17
547 16
548 15
549 17
550 19
551 19
552 17
553 19
554 17
555 16
556 17
557 17
558 18
559 17
560 17
561 17
562 17
563 16
564 18
565 18
566 20
567 19
568 17
569 17
570 18
571 18
572 20
573 17
574 16
575 18
576 15
577 14
578 16
579 18
580 18
581 18
582 20
583 18
584 19
585 18
586 20
587 16
588 16
589 18
590 15
591 17
592 17
593 17
594 17
595 17
596 20
597 15
598 18
599 16
600 19
601 17
602 17
603 15
604 14
605 16
606 16
607 16
608 18
609 18
610 16
611 17
612 20
613 16
614 19
615 17
616 17
617 17
618 18
619 19
620 18
621 17
622 15
623 16
624 16
625 18
626 19
627 18
628 20
629 19
630 19
631 18
632 17
633 20
634 19
635 17
636 18
637 18
638 17
639 17
640 18
641 18
642 19
643 17
644 16
645 16
646 16
647 17
648 17
649 16
650 17
651 17
652 17
653 17
654 16
655 14
656 17
657 18
658 16
659 17
660 15
661 18
662 20
663 17
664 16
665 15
666 14
667 17
668 18
669 19
670 20
671 21
672 19
673 17
674 15
675 18
676 17
677 18
678 16
679 19
680 16
681 15
682 18
683 18
684 19
685 18
686 18
687 18
688 11
689 13
690 13
691 16
692 14
693 14
694 17
695 19
696 17
697 18
698 18
699 18
700 17
701 17
702 18
703 19
704 18
705 18
706 15
707 17
708 18
709 20
710 20
711 18
712 17
713 17
714 18
715 16
716 17
717 18
718 20
719 18
720 17
721 19
722 18
723 18
724 19
725 20
726 19
727 19
728 18
729 17
730 19
731 18
732 18
733 17
734 17
735 17
736 18
737 17
738 14
739 18
740 19
741 18
742 18
743 16
744 17
745 20
746 19
747 18
748 18
749 18
750 20
751 19
752 20
753 15
754 18
755 16
756 17
757 15
758 18
759 18
760 17
761 16
762 17
763 19
764 17
765 14
766 15
767 17
768 18
769 14
770 14
771 16
772 17
773 19
774 20
775 17
776 18
777 16
778 18
779 18
780 17
781 20
782 19
783 18
784 18
785 16
786 18
787 12
788 18
789 18
790 18
791 16
792 19
793 17
794 18
795 20
796 19
797 16
798 16
799 16
800 18
801 17
802 17
803 18
804 20
805 18
806 20
807 20
808 18
809 18
810 18
811 15
812 17
813 17
814 17
815 19
816 16
817 19
818 17
819 16
820 14
821 16
822 17
823 16
824 17
825 17
826 17
827 16
828 17
829 16
830 17
831 20
832 17
833 14
834 17
835 14
836 16
837 16
838 19
839 19
840 18
841 16
842 18
843 19
844 16
845 18
846 19
847 16
848 17
849 16
850 17
851 20
852 20
853 19
854 18
855 18
856 15
857 19
858 17
859 17
860 18
861 19
862 16
863 18
864 18
865 17
866 17
867 16
868 17
869 17
870 18
871 18
872 16
873 15
874 15
875 14
876 17
877 16
878 15
879 18
880 18
881 16
882 19
883 18
884 18
885 18
886 19
887 18
888 18
889 18
890 17
891 18
892 15
893 15
894 12
895 16
896 18
897 17
898 17
899 16
900 13
901 18
902 20
903 17
904 18
905 16
906 16
907 16
908 20
909 17
910 17
911 17
912 17
913 19
914 16
915 20
916 18
917 17
918 17
919 18
920 15
921 17
922 17
923 16
924 18
925 18
926 18
927 17
928 17
929 18
930 18
931 20
932 18
933 16
934 15
935 13
936 16
937 17
938 18
939 15
940 18
941 17
942 19
943 20
944 15
945 16
946 18
947 17
948 18
949 16
950 16
951 17
952 15
953 18
954 17
955 16
956 19
957 19
958 18
959 18
960 21
961 20
962 19
963 18
964 13
965 16
966 19
967 16
968 15
969 16
970 17
971 17
972 18
973 18
974 16
975 15
976 18
977 17
978 19
979 19
980 18
981 17
982 17
983 18
984 16
985 14
986 16
987 18
988 17
989 16
990 16
991 17
992 17
993 17
994 14
995 18
996 15
997 16
998 17
999 15
1000 16
