0 70
1 68
2 66
3 65
4 63
5 61
6 59
7 57
8 55
9 54
10 53
11 52
12 51
13 48
14 47
15 45
16 44
17 43
18 42
19 41
20 40
21 40
22 39
23 39
24 38
25 37
26 35
27 35
28 33
29 33
30 32
31 31
32 29
33 29
34 27
35 26
36 26
37 26
38 26
39 26
40 26
41 26
42 27
43 27
44 25
45 25
46 24
47 24
48 24
49 23
50 23
51 21
52 21
53 21
54 21
55 21
56 21
57 21
58 21
59 21
60 21
61 20
62 20
63 20
64 20
65 20
66 20
67 20
68 19
69 18
70 18
71 18
72 18
73 18
74 18
75 17
76 17
77 16
78 16
79 16
80 16
81 14
82 15
83 14
84 14
85 15
86 15
87 13
88 13
89 13
90 13
91 13
92 13
93 13
94 13
95 13
96 13
97 12
98 12
99 13
100 13
101 14
102 13
103 13
104 12
105 13
106 14
107 14
108 14
109 15
110 14
111 14
112 14
113 15
114 15
115 14
116 14
117 14
118 14
119 14
120 13
121 12
122 12
123 11
124 11
125 12
126 12
127 12
128 12
129 11
130 11
131 11
132 10
133 10
134 10
135 11
136 11
137 11
138 10
139 10
140 10
141 10
142 9
143 9
144 9
145 9
146 9
147 9
148 9
149 8
150 8
151 8
152 8
153 8
154 8
155 8
156 9
157 8
158 9
159 9
160 9
161 9
162 9
163 9
164 9
165 10
166 11
167 12
168 12
169 12
170 12
171 12
172 12
173 12
174 13
175 14
176 14
177 14
178 14
179 14
180 15
181 14
182 12
183 13
184 13
185 13
186 13
187 13
188 12
189 12
190 13
191 14
192 13
193 12
194 12
195 12
196 12
197 12
198 12
199 12
200 11
201 11
202 12
203 12
204 11
205 11
206 11
207 10
208 11
209 11
210 11
211 11
212 11
213 11
214 11
215 11
216 11
217 11
218 11
219 11
220 11
221 11
222 11
223 11
224 11
225 10
226 9
227 9
228 9
229 8
230 8
231 8
232 9
233 9
234 9
235 9
236 9
237 9
238 9
239 9
240 8
241 8
242 8
243 8
244 7
245 8
246 8
247 9
248 8
249 9
250 11
251 11
252 11
253 11
254 11
255 11
256 11
257 11
258 10
259 10
260 10
261 10
262 10
263 9
264 10
265 10
266 9
267 10
268 10
269 10
270 10
271 10
272 9
273 9
274 9
275 9
276 9
277 9
278 9
279 9
280 9
281 9
282 9
283 9
284 10
285 10
286 10
287 10
288 11
289 11
290 11
291 11
292 11
293 10
294 10
295 10
296 11
297 11
298 11
299 11
300 11
301 11
302 13
303 13
304 13
305 14
306 14
307 13
308 13
309 13
310 13
311 12
312 12
313 12
314 11
315 11
316 11
317 10
318 10
319 10
320 10
321 10
322 10
323 10
324 10
325 10
326 10
327 10
328 10
329 10
330 10
331 11
332 12
333 12
334 13
335 14
336 14
337 13
338 14
339 14
340 14
341 14
342 15
343 15
344 14
345 14
346 14
347 15
348 15
349 15
350 14
351 14
352 14
353 14
354 14
355 13
356 13
357 13
358 13
359 13
360 12
361 11
362 11
363 12
364 11
365 11
366 12
367 12
368 12
369 13
370 12
371 12
372 12
373 12
374 12
375 11
376 10
377 10
378 10
379 9
380 9
381 9
382 9
383 9
384 9
385 8
386 9
387 9
388 9
389 9
390 9
391 10
392 10
393 10
394 11
395 12
396 12
397 12
398 13
399 13
400 13
401 13
402 13
403 13
404 14
405 15
406 15
407 15
408 15
409 15
410 16
411 15
412 14
413 14
414 14
415 13
416 13
417 14
418 14
419 15
420 15
421 15
422 15
423 15
424 15
425 15
426 16
427 17
428 17
429 17
430 17
431 17
432 17
433 17
434 18
435 19
436 20
437 20
438 19
439 19
440 19
441 19
442 19
443 19
444 19
445 19
446 19
447 19
448 19
449 19
450 18
451 18
452 19
453 18
454 17
455 16
456 16
457 15
458 15
459 15
460 15
461 14
462 13
463 12
464 12
465 12
466 12
467 13
468 13
469 13
470 14
471 13
472 11
473 11
474 11
475 11
476 11
477 11
478 11
479 12
480 12
481 12
482 11
483 10
484 10
485 11
486 11
487 12
488 12
489 12
490 13
491 13
492 13
493 13
494 13
495 13
496 13
497 14
498 14
499 14
500 14
501 15
502 15
503 13
504 14
505 14
506 13
507 13
508 14
509 14
510 14
511 13
512 13
513 13
514 13
515 13
516 14
517 14
518 14
519 14
520 14
521 14
522 14
523 14
524 14
525 15
526 14
527 14
528 14
529 14
530 14
531 13
532 12
533 12
534 12
535 12
536 12
537 11
538 11
539 12
540 12
541 11
542 11
543 11
544 11
545 11
546 10
547 9
548 9
549 10
550 10
551 11
552 11
553 11
554 11
555 11
556 11
557 11
558 11
559 10
560 10
561 9
562 9
563 9
564 9
565 10
566 10
567 10
568 10
569 9
570 9
571 10
572 10
573 11
574 11
575 11
576 11
577 11
578 11
579 10
580 9
581 10
582 10
583 10
584 9
585 9
586 9
587 9
588 9
589 8
590 9
591 10
592 10
593 10
594 10
595 10
596 11
597 11
598 11
599 11
600 10
601 10
602 9
603 9
604 9
605 8
606 9
607 8
608 7
609 7
610 7
611 8
612 8
613 8
614 8
615 8
616 8
617 8
618 9
619 9
620 9
621 9
622 10
623 11
624 11
625 12
626 12
627 12
628 12
629 12
630 12
631 12
632 12
633 12
634 13
635 13
636 12
637 13
638 14
639 14
640 13
641 13
642 13
643 13
644 13
645 13
646 13
647 13
648 13
649 12
650 12
651 12
652 12
653 11
654 12
655 12
656 12
657 12
658 12
659 13
660 13
661 14
662 14
663 13
664 12
665 12
666 13
667 13
668 13
669 12
670 12
671 12
672 13
673 13
674 13
675 12
676 13
677 14
678 14
679 14
680 14
681 14
682 14
683 14
684 13
685 13
686 12
687 13
688 13
689 14
690 14
691 14
692 13
693 14
694 14
695 14
696 15
697 15
698 14
699 14
700 14
701 14
702 14
703 14
704 14
705 14
706 14
707 13
708 13
709 14
710 13
711 13
712 13
713 13
714 13
715 13
716 13
717 13
718 13
719 13
720 13
721 13
722 13
723 13
724 13
725 14
726 14
727 16
728 16
729 16
730 16
731 16
732 17
733 18
734 18
735 17
736 17
737 17
738 18
739 16
740 16
741 15
742 15
743 15
744 14
745 14
746 14
747 14
748 13
749 12
750 13
751 13
752 12
753 12
754 12
755 12
756 11
757 11
758 11
759 11
760 11
761 11
762 11
763 12
764 12
765 12
766 12
767 12
768 12
769 13
770 12
771 13
772 12
773 12
774 11
775 11
776 11
777 11
778 12
779 13
780 14
781 14
782 15
783 15
784 15
785 14
786 14
787 13
788 12
789 12
790 13
791 13
792 13
793 14
794 15
795 15
796 14
797 14
798 14
799 14
800 14
801 14
802 14
803 14
804 14
805 14
806 13
807 14
808 13
809 12
810 12
811 13
812 13
813 13
814 13
815 13
816 13
817 13
818 13
819 13
820 13
821 13
822 13
823 13
824 13
825 14
826 14
827 13
828 13
829 13
830 13
831 12
832 12
833 12
834 11
835 11
836 10
837 10
838 10
839 12
840 11
841 10
842 10
843 11
844 11
845 12
846 11
847 11
848 11
849 10
850 10
851 10
852 11
853 11
854 11
855 11
856 11
857 11
858 12
859 13
860 12
861 12
862 12
863 13
864 13
865 13
866 13
867 13
868 13
869 12
870 13
871 13
872 13
873 12
874 13
875 14
876 13
877 13
878 13
879 13
880 13
881 14
882 14
883 14
884 13
885 13
886 14
887 13
888 13
889 13
890 13
891 13
892 13
893 13
894 13
895 13
896 12
897 12
898 12
899 12
900 12
901 12
902 12
903 12
904 13
905 13
906 13
907 13
908 13
909 13
910 13
911 12
912 12
913 12
914 11
915 11
916 11
917 11
918 11
919 12
920 12
921 12
922 13
923 14
924 14
925 15
926 16
927 17
928 17
929 17
930 17
931 16
932 16
933 16
934 16
935 15
936 15
937 15
938 14
939 14
940 14
941 14
942 14
943 14
944 14
945 13
946 13
947 13
948 13
949 13
950 13
951 13
952 13
953 14
954 14
955 14
956 14
957 13
958 13
959 13
960 13
961 12
962 12
963 12
964 13
965 13
966 12
967 12
968 12
969 12
970 12
971 12
972 12
973 12
974 12
975 12
976 11
977 11
978 11
979 11
980 11
981 11
982 11
983 11
984 12
985 12
986 12
987 11
988 11
989 10
990 10
991 12
992 12
993 13
994 13
995 13
996 12
997 11
998 11
999 11
1000 10
