0 35
1 31
2 27
3 25
4 21
5 17
6 16
7 16
8 15
9 15
10 16
11 17
12 18
13 17
14 20
15 19
16 19
17 21
18 21
19 19
20 20
21 19
22 20
23 19
24 19
25 20
26 22
27 21
28 20
29 20
30 19
31 20
32 18
33 15
34 18
35 17
36 18
37 15
38 15
39 18
40 18
41 19
42 18
43 18
44 18
45 18
46 19
47 19
48 20
49 20
50 20
51 20
52 21
53 17
54 17
55 17
56 18
57 18
58 18
59 16
60 19
61 20
62 20
63 16
64 19
65 19
66 19
67 16
68 17
69 19
70 20
71 19
72 20
73 20
74 20
75 23
76 22
77 18
78 17
79 18
80 18
81 20
82 18
83 18
84 19
85 21
86 20
87 17
88 17
89 17
90 15
91 16
92 15
93 15
94 17
95 18
96 17
97 18
98 18
99 19
100 18
101 19
102 19
103 19
104 21
105 22
106 18
107 20
108 19
109 19
110 19
111 20
112 17
113 17
114 17
115 19
116 17
117 15
118 17
119 21
120 20
121 21
122 21
123 20
124 19
125 18
126 19
127 19
128 18
129 20
130 19
131 17
132 18
133 19
134 18
135 19
136 19
137 18
138 16
139 17
140 19
141 21
142 22
143 19
144 19
145 21
146 18
147 17
148 19
149 20
150 18
151 19
152 18
153 15
154 18
155 19
156 20
157 17
158 17
159 15
160 17
161 15
162 18
163 21
164 20
165 19
166 18
167 20
168 18
169 18
170 17
171 18
172 18
173 20
174 20
175 17
176 19
177 20
178 18
179 16
180 16
181 18
182 18
183 17
184 16
185 16
186 16
187 18
188 19
189 19
190 18
191 18
192 18
193 20
194 18
195 19
196 19
197 20
198 21
199 20
200 20
201 18
202 18
203 19
204 21
205 21
206 20
207 19
208 18
209 20
210 18
211 19
212 20
213 21
214 21
215 18
216 16
217 19
218 20
219 20
220 20
221 20
222 20
223 16
224 16
225 17
226 20
227 20
228 15
229 16
230 18
231 17
232 17
233 17
234 19
235 20
236 20
237 18
238 17
239 18
240 16
241 18
242 18
243 16
244 16
245 17
246 19
247 18
248 16
249 16
250 15
251 16
252 19
253 18
254 19
255 18
256 20
257 17
258 17
259 16
260 16
261 18
262 20
263 19
264 17
265 19
266 16
267 16
268 16
269 16
270 19
271 16
272 18
273 16
274 13
275 13
276 15
277 15
278 16
279 18
280 16
281 17
282 18
283 18
284 18
285 19
286 20
287 21
288 19
289 16
290 18
291 19
292 20
293 20
294 19
295 19
296 18
297 18
298 19
299 20
300 20
301 21
302 20
303 18
304 19
305 19
306 20
307 19
308 18
309 17
310 18
311 19
312 19
313 21
314 20
315 21
316 18
317 17
318 16
319 16
320 16
321 20
322 18
323 15
324 15
325 16
326 19
327 21
328 20
329 17
330 18
331 19
332 19
333 21
334 19
335 19
336 17
337 19
338 19
339 19
340 17
341 15
342 16
343 17
344 17
345 16
346 18
347 19
348 20
349 18
350 19
351 18
352 19
353 18
354 20
355 19
356 17
357 18
358 17
359 18
360 19
361 18
362 16
363 15
364 16
365 17
366 16
367 18
368 18
369 18
370 19
371 18
372 20
373 20
374 18
375 18
376 19
377 20
378 20
379 18
380 14
381 16
382 19
383 20
384 19
385 19
386 16
387 18
388 20
389 18
390 18
391 19
392 20
393 22
394 22
395 19
396 19
397 19
398 20
399 18
400 15
401 14
402 16
403 16
404 19
405 16
406 16
407 15
408 15
409 16
410 16
411 16
412 17
413 17
414 18
415 16
416 16
417 17
418 16
419 16
420 16
421 17
422 17
423 18
424 18
425 18
426 19
427 17
428 19
429 18
430 18
431 19
432 20
433 18
434 15
435 19
436 19
437 20
438 17
439 17
440 16
441 18
442 18
443 20
444 19
445 17
446 17
447 16
448 17
449 19
450 17
451 19
452 21
453 21
454 22
455 20
456 20
457 20
458 20
459 20
460 18
461 19
462 19
463 18
464 18
465 16
466 19
467 20
468 21
469 22
470 20
471 20
472 19
473 17
474 16
475 19
476 20
477 20
478 20
479 19
480 18
481 15
482 17
483 15
484 18
485 17
486 14
487 16
488 15
489 17
490 18
491 20
492 21
493 19
494 22
495 22
496 22
497 21
498 19
499 18
500 20
501 21
502 20
503 19
504 19
505 18
506 19
507 17
508 18
509 17
510 16
511 18
512 19
513 20
514 20
515 18
516 17
517 17
518 19
519 20
520 18
521 18
522 16
523 17
524 20
525 19
526 18
527 15
528 13
529 16
530 13
531 13
532 16
533 17
534 16
535 17
536 12
537 16
538 18
539 18
540 20
541 17
542 17
543 18
544 16
545 18
546 19
547 20
548 19
549 17
550 19
551 17
552 15
553 17
554 15
555 15
556 19
557 20
558 20
559 21
560 17
561 20
562 20
563 20
564 18
565 19
566 21
567 20
568 20
569 19
570 18
571 17
572 16
573 17
574 18
575 20
576 17
577 16
578 16
579 18
580 18
581 17
582 17
583 17
584 17
585 16
586 17
587 18
588 21
589 20
590 20
591 20
592 19
593 19
594 18
595 18
596 18
597 15
598 17
599 16
600 17
601 17
602 19
603 19
604 21
605 20
606 19
607 19
608 19
609 21
610 21
611 20
612 20
613 20
614 21
615 21
616 22
617 22
618 21
619 18
620 18
621 17
622 19
623 20
624 21
625 20
626 18
627 17
628 16
629 15
630 17
631 19
632 18
633 19
634 20
635 19
636 19
637 19
638 19
639 20
640 20
641 19
642 17
643 17
644 17
645 16
646 16
647 18
648 18
649 18
650 18
651 19
652 19
653 19
654 20
655 20
656 18
657 21
658 18
659 18
660 20
661 21
662 20
663 19
664 18
665 19
666 18
667 18
668 19
669 20
670 18
671 18
672 19
673 20
674 17
675 18
676 19
677 20
678 20
679 19
680 17
681 18
682 18
683 18
684 18
685 20
686 17
687 17
688 19
689 20
690 19
691 18
692 18
693 18
694 20
695 19
696 19
697 20
698 19
699 20
700 19
701 20
702 21
703 22
704 22
705 17
706 17
707 19
708 17
709 18
710 17
711 17
712 17
713 18
714 18
715 17
716 16
717 18
718 17
719 19
720 18
721 19
722 18
723 16
724 16
725 16
726 19
727 20
728 20
729 21
730 21
731 18
732 18
733 19
734 19
735 18
736 17
737 18
738 19
739 19
740 18
741 17
742 16
743 18
744 19
745 21
746 20
747 19
748 18
749 20
750 18
751 17
752 18
753 18
754 17
755 17
756 19
757 19
758 16
759 19
760 18
761 18
762 17
763 17
764 16
765 17
766 18
767 18
768 20
769 19
770 20
771 20
772 18
773 18
774 20
775 21
776 21
777 19
778 19
779 19
780 20
781 17
782 18
783 15
784 15
785 19
786 18
787 20
788 20
789 20
790 20
791 19
792 17
793 17
794 18
795 21
796 21
797 21
798 18
799 19
800 20
801 20
802 21
803 16
804 17
805 19
806 20
807 20
808 20
809 19
810 20
811 20
812 22
813 22
814 18
815 20
816 20
817 17
818 20
819 19
820 19
821 15
822 16
823 16
824 18
825 20
826 19
827 18
828 20
829 17
830 18
831 16
832 17
833 17
834 17
835 16
836 19
837 20
838 18
839 19
840 19
841 18
842 20
843 20
844 19
845 19
846 18
847 19
848 18
849 18
850 18
851 18
852 16
853 16
854 17
855 18
856 18
857 20
858 19
859 18
860 17
861 15
862 14
863 18
864 17
865 17
866 17
867 15
868 16
869 16
870 17
871 17
872 16
873 17
874 18
875 18
876 18
877 18
878 18
879 18
880 16
881 18
882 18
883 18
884 19
885 19
886 20
887 20
888 18
889 19
890 17
891 18
892 18
893 18
894 19
895 16
896 18
897 17
898 16
899 16
900 16
901 19
902 20
903 20
904 18
905 17
906 16
907 15
908 17
909 17
910 16
911 16
912 16
913 16
914 15
915 17
916 16
917 17
918 19
919 18
920 16
921 16
922 13
923 14
924 18
925 18
926 15
927 18
928 18
929 18
930 18
931 18
932 20
933 21
934 21
935 21
936 21
937 20
938 18
939 20
940 20
941 19
942 19
943 19
944 21
945 24
946 21
947 21
948 17
949 19
950 19
951 20
952 19
953 18
954 19
955 16
956 19
957 16
958 18
959 19
960 20
961 20
962 17
963 17
964 17
965 15
966 18
967 18
968 16
969 17
970 17
971 18
972 18
973 18
974 17
975 17
976 18
977 18
978 17
979 16
980 15
981 14
982 16
983 16
984 16
985 17
986 19
987 20
988 19
989 20
990 22
991 21
992 20
993 19
994 18
995 19
996 21
997 22
998 20
999 20
1000 21
