0 5
1 2
2 2
3 3
4 3
5 3
6 3
7 3
8 1
9 2
10 2
11 2
12 2
13 3
14 1
15 3
16 1
17 2
18 2
19 2
20 2
21 2
22 3
23 2
24 3
25 2
26 2
27 2
28 2
29 1
30 4
31 3
32 3
33 2
34 2
35 2
36 2
37 3
38 3
39 1
40 2
41 2
42 3
43 1
44 3
45 2
46 3
47 2
48 2
49 2
50 2
51 2
52 3
53 3
54 2
55 2
56 2
57 4
58 2
59 1
60 2
61 3
62 3
63 3
64 2
65 4
66 2
67 3
68 4
69 3
70 2
71 2
72 3
73 2
74 2
75 2
76 3
77 3
78 2
79 2
80 3
81 3
82 1
83 2
84 3
85 3
86 3
87 1
88 1
89 2
90 3
91 1
92 3
93 3
94 3
95 2
96 2
97 3
98 2
99 2
100 3
101 3
102 1
103 2
104 3
105 2
106 2
107 2
108 2
109 2
110 2
111 1
112 3
113 2
114 2
115 2
116 4
117 3
118 3
119 2
120 2
121 3
122 2
123 2
124 2
125 2
126 2
127 2
128 2
129 3
130 3
131 2
132 2
133 2
134 2
135 2
136 2
137 0
138 2
139 3
140 2
141 3
142 3
143 2
144 2
145 3
146 3
147 2
148 2
149 3
150 2
151 3
152 2
153 3
154 2
155 2
156 2
157 2
158 2
159 3
160 2
161 1
162 2
163 2
164 2
165 3
166 2
167 3
168 2
169 3
170 2
171 2
172 2
173 1
174 3
175 3
176 2
177 3
178 2
179 3
180 2
181 2
182 2
183 4
184 2
185 2
186 3
187 2
188 2
189 2
190 2
191 2
192 4
193 2
194 2
195 2
196 3
197 3
198 2
199 2
200 2
201 2
202 3
203 1
204 2
205 3
206 2
207 3
208 3
209 2
210 2
211 3
212 2
213 1
214 2
215 2
216 3
217 2
218 1
219 3
220 3
221 2
222 2
223 2
224 1
225 2
226 2
227 3
228 3
229 2
230 2
231 3
232 3
233 3
234 2
235 2
236 3
237 3
238 2
239 1
240 2
241 2
242 2
243 2
244 3
245 3
246 3
247 3
248 3
249 2
250 3
251 2
252 4
253 2
254 3
255 1
256 3
257 3
258 3
259 2
260 3
261 3
262 3
263 1
264 2
265 2
266 1
267 2
268 3
269 2
270 3
271 2
272 3
273 1
274 2
275 2
276 0
277 3
278 2
279 1
280 3
281 2
282 2
283 2
284 2
285 3
286 3
287 3
288 3
289 2
290 3
291 4
292 2
293 2
294 2
295 1
296 2
297 3
298 2
299 2
300 3
301 3
302 2
303 2
304 2
305 2
306 2
307 3
308 2
309 1
310 3
311 2
312 3
313 2
314 4
315 4
316 2
317 2
318 2
319 3
320 3
321 1
322 3
323 0
324 4
325 2
326 1
327 2
328 3
329 1
330 2
331 3
332 2
333 3
334 3
335 1
336 1
337 3
338 2
339 2
340 2
341 3
342 3
343 3
344 3
345 3
346 1
347 2
348 2
349 4
350 2
351 1
352 3
353 2
354 3
355 3
356 3
357 2
358 3
359 2
360 2
361 1
362 2
363 3
364 3
365 1
366 3
367 3
368 2
369 0
370 3
371 2
372 3
373 2
374 2
375 3
376 2
377 2
378 3
379 2
380 3
381 3
382 2
383 2
384 1
385 3
386 3
387 2
388 3
389 2
390 2
391 3
392 2
393 3
394 3
395 3
396 3
397 3
398 4
399 2
400 3
401 1
402 2
403 1
404 2
405 2
406 2
407 2
408 3
409 3
410 2
411 2
412 2
413 3
414 2
415 3
416 1
417 3
418 3
419 2
420 3
421 3
422 3
423 2
424 1
425 2
426 3
427 2
428 3
429 2
430 3
431 1
432 2
433 2
434 3
435 1
436 3
437 2
438 3
439 2
440 2
441 3
442 1
443 3
444 3
445 2
446 3
447 2
448 2
449 2
450 2
451 2
452 2
453 3
454 2
455 3
456 1
457 2
458 2
459 3
460 2
461 2
462 2
463 4
464 3
465 2
466 4
467 2
468 2
469 2
470 3
471 1
472 2
473 2
474 1
475 3
476 3
477 3
478 2
479 2
480 4
481 2
482 2
483 1
484 2
485 3
486 2
487 2
488 2
489 3
490 2
491 3
492 3
493 3
494 2
495 2
496 3
497 2
498 3
499 3
500 2
501 3
502 2
503 3
504 2
505 2
506 3
507 2
508 3
509 3
510 3
511 3
512 1
513 1
514 2
515 3
516 3
517 3
518 2
519 2
520 3
521 2
522 2
523 3
524 2
525 2
526 2
527 3
528 3
529 3
530 2
531 1
532 2
533 3
534 2
535 2
536 2
537 2
538 3
539 1
540 2
541 2
542 3
543 2
544 2
545 3
546 1
547 2
548 3
549 3
550 2
551 3
552 3
553 2
554 1
555 2
556 3
557 2
558 2
559 3
560 2
561 4
562 3
563 2
564 3
565 2
566 3
567 3
568 1
569 3
570 2
571 3
572 2
573 3
574 3
575 1
576 2
577 2
578 2
579 3
580 2
581 1
582 3
583 3
584 1
585 2
586 4
587 4
588 2
589 3
590 2
591 1
592 2
593 2
594 1
595 2
596 3
597 4
598 2
599 1
600 2
601 2
602 3
603 4
604 3
605 3
606 2
607 3
608 3
609 2
610 1
611 1
612 2
613 3
614 3
615 2
616 2
617 2
618 1
619 2
620 3
621 1
622 2
623 1
624 4
625 3
626 3
627 2
628 3
629 3
630 2
631 3
632 3
633 4
634 2
635 3
636 2
637 2
638 2
639 3
640 3
641 2
642 3
643 3
644 1
645 2
646 1
647 2
648 1
649 3
650 3
651 2
652 2
653 3
654 2
655 3
656 1
657 1
658 2
659 1
660 3
661 2
662 3
663 2
664 2
665 2
666 3
667 2
668 3
669 2
670 3
671 2
672 2
673 2
674 3
675 3
676 1
677 2
678 2
679 3
680 3
681 3
682 3
683 2
684 3
685 3
686 2
687 2
688 2
689 2
690 1
691 3
692 3
693 2
694 3
695 2
696 2
697 4
698 3
699 2
700 2
701 3
702 2
703 3
704 3
705 3
706 3
707 0
708 0
709 2
710 2
711 3
712 2
713 1
714 1
715 1
716 2
717 3
718 2
719 3
720 3
721 1
722 2
723 2
724 2
725 3
726 3
727 3
728 2
729 1
730 2
731 2
732 2
733 2
734 2
735 2
736 2
737 2
738 2
739 3
740 2
741 1
742 3
743 3
744 3
745 2
746 3
747 2
748 3
749 2
750 2
751 3
752 2
753 0
754 1
755 3
756 2
757 1
758 2
759 3
760 3
761 3
762 3
763 1
764 2
765 3
766 2
767 3
768 1
769 3
770 1
771 3
772 3
773 1
774 1
775 3
776 2
777 2
778 1
779 2
780 2
781 3
782 1
783 2
784 3
785 2
786 2
787 1
788 1
789 3
790 2
791 2
792 3
793 3
794 3
795 3
796 2
797 2
798 3
799 2
800 2
801 2
802 3
803 2
804 2
805 2
806 3
807 2
808 3
809 3
810 3
811 3
812 2
813 3
814 3
815 1
816 2
817 2
818 3
819 3
820 3
821 2
822 2
823 3
824 3
825 3
826 2
827 2
828 2
829 3
830 3
831 2
832 1
833 2
834 1
835 3
836 2
837 2
838 3
839 2
840 2
841 4
842 4
843 3
844 2
845 3
846 3
847 2
848 3
849 3
850 2
851 3
852 3
853 3
854 1
855 3
856 3
857 1
858 3
859 2
860 2
861 2
862 3
863 2
864 3
865 1
866 2
867 2
868 1
869 2
870 2
871 1
872 2
873 3
874 3
875 2
876 3
877 2
878 3
879 2
880 3
881 2
882 3
883 3
884 3
885 3
886 3
887 1
888 3
889 2
890 3
891 3
892 3
893 3
894 2
895 2
896 3
897 3
898 3
899 3
900 2
901 3
902 3
903 2
904 1
905 3
906 3
907 2
908 2
909 2
910 2
911 2
912 2
913 3
914 2
915 2
916 1
917 1
918 3
919 0
920 3
921 1
922 3
923 3
924 3
925 2
926 3
927 2
928 1
929 3
930 2
931 3
932 2
933 1
934 2
935 2
936 3
937 3
938 2
939 2
940 1
941 2
942 3
943 2
944 3
945 2
946 2
947 2
948 3
949 3
950 2
951 2
952 2
953 2
954 3
955 2
956 2
957 3
958 2
959 2
960 3
961 3
962 2
963 3
964 2
965 2
966 2
967 2
968 1
969 2
970 2
971 1
972 3
973 3
974 2
975 4
976 2
977 1
978 3
979 2
980 2
981 3
982 2
983 2
984 2
985 3
986 3
987 3
988 3
989 3
990 3
991 3
992 1
993 3
994 2
995 3
996 2
997 3
998 2
999 3
1000 2
