0 15
1 13
2 13
3 10
4 9
5 10
6 9
7 10
8 10
9 6
10 7
11 8
12 8
13 9
14 9
15 11
16 11
17 10
18 10
19 10
20 11
21 11
22 11
23 9
24 7
25 7
26 8
27 9
28 8
29 7
30 7
31 8
32 8
33 9
34 9
35 10
36 10
37 11
38 10
39 11
40 10
41 12
42 10
43 8
44 8
45 10
46 7
47 8
48 9
49 9
50 11
51 9
52 9
53 11
54 12
55 12
56 12
57 11
58 9
59 9
60 9
61 10
62 9
63 10
64 12
65 10
66 7
67 8
68 7
69 8
70 8
71 11
72 10
73 11
74 13
75 12
76 8
77 7
78 7
79 7
80 9
81 10
82 10
83 10
84 9
85 11
86 10
87 10
88 10
89 11
90 13
91 12
92 12
93 13
94 12
95 9
96 9
97 8
98 9
99 9
100 8
101 7
102 7
103 7
104 7
105 8
106 8
107 11
108 12
109 9
110 10
111 10
112 9
113 8
114 12
115 12
116 11
117 10
118 11
119 10
120 9
121 9
122 10
123 12
124 11
125 9
126 10
127 10
128 8
129 12
130 11
131 11
132 13
133 11
134 9
135 10
136 12
137 11
138 10
139 11
140 10
141 11
142 11
143 10
144 11
145 9
146 9
147 11
148 12
149 10
150 9
151 9
152 8
153 8
154 10
155 10
156 7
157 8
158 8
159 7
160 8
161 9
162 9
163 9
164 7
165 9
166 10
167 10
168 9
169 10
170 10
171 10
172 11
173 10
174 11
175 10
176 9
177 8
178 10
179 11
180 10
181 10
182 12
183 10
184 11
185 10
186 13
187 13
188 13
189 12
190 11
191 11
192 12
193 10
194 12
195 11
196 12
197 12
198 12
199 10
200 10
201 11
202 10
203 11
204 8
205 8
206 9
207 9
208 8
209 8
210 9
211 8
212 9
213 10
214 9
215 9
216 10
217 10
218 9
219 10
220 12
221 11
222 12
223 11
224 10
225 11
226 10
227 9
228 11
229 11
230 10
231 11
232 11
233 8
234 9
235 10
236 11
237 9
238 9
239 10
240 8
241 7
242 10
243 8
244 9
245 10
246 9
247 8
248 10
249 10
250 8
251 7
252 8
253 8
254 10
255 9
256 10
257 12
258 9
259 8
260 8
261 9
262 9
263 9
264 7
265 11
266 10
267 11
268 12
269 12
270 10
271 10
272 10
273 10
274 11
275 10
276 10
277 9
278 10
279 9
280 6
281 7
282 10
283 8
284 10
285 9
286 9
287 11
288 10
289 9
290 10
291 10
292 10
293 11
294 10
295 11
296 10
297 9
298 9
299 9
300 7
301 10
302 10
303 9
304 10
305 11
306 10
307 7
308 9
309 11
310 12
311 12
312 10
313 8
314 11
315 10
316 10
317 9
318 8
319 10
320 11
321 12
322 12
323 10
324 10
325 11
326 10
327 10
328 6
329 11
330 12
331 10
332 8
333 7
334 8
335 6
336 7
337 8
338 9
339 9
340 7
341 9
342 8
343 8
344 10
345 11
346 12
347 10
348 10
349 10
350 11
351 10
352 11
353 12
354 11
355 8
356 10
357 10
358 8
359 10
360 10
361 10
362 11
363 9
364 8
365 11
366 8
367 10
368 10
369 11
370 11
371 10
372 10
373 9
374 8
375 9
376 9
377 8
378 9
379 9
380 10
381 8
382 9
383 7
384 9
385 9
386 7
387 8
388 9
389 7
390 10
391 9
392 6
393 9
394 9
395 10
396 10
397 10
398 10
399 9
400 10
401 11
402 11
403 10
404 11
405 8
406 11
407 13
408 9
409 7
410 9
411 9
412 8
413 7
414 8
415 10
416 9
417 10
418 8
419 8
420 7
421 8
422 8
423 9
424 9
425 9
426 10
427 9
428 11
429 12
430 12
431 11
432 11
433 12
434 12
435 10
436 8
437 9
438 11
439 11
440 13
441 11
442 10
443 10
444 11
445 11
446 10
447 8
448 7
449 7
450 9
451 8
452 9
453 10
454 9
455 11
456 10
457 11
458 11
459 11
460 11
461 12
462 10
463 9
464 9
465 11
466 8
467 7
468 11
469 10
470 9
471 10
472 11
473 10
474 9
475 10
476 9
477 10
478 11
479 12
480 10
481 10
482 6
483 8
484 10
485 11
486 9
487 8
488 10
489 10
490 9
491 9
492 8
493 10
494 11
495 9
496 10
497 11
498 11
499 8
500 10
501 12
502 11
503 10
504 10
505 10
506 11
507 11
508 11
509 9
510 9
511 10
512 10
513 9
514 11
515 13
516 9
517 10
518 8
519 8
520 11
521 11
522 11
523 9
524 10
525 10
526 10
527 10
528 8
529 8
530 8
531 9
532 9
533 7
534 9
535 10
536 10
537 7
538 9
539 9
540 8
541 10
542 9
543 7
544 8
545 9
546 9
547 10
548 11
549 11
550 12
551 13
552 12
553 9
554 11
555 9
556 10
557 9
558 8
559 9
560 9
561 9
562 8
563 9
564 7
565 10
566 10
567 9
568 9
569 11
570 11
571 10
572 10
573 10
574 10
575 8
576 9
577 10
578 8
579 10
580 11
581 9
582 8
583 10
584 9
585 11
586 9
587 8
588 10
589 12
590 12
591 11
592 11
593 9
594 9
595 10
596 10
597 10
598 11
599 12
600 12
601 12
602 13
603 13
604 9
605 10
606 8
607 9
608 10
609 8
610 7
611 11
612 10
613 10
614 9
615 11
616 12
617 12
618 13
619 12
620 11
621 11
622 10
623 11
624 10
625 10
626 9
627 10
628 10
629 9
630 8
631 10
632 10
633 10
634 11
635 11
636 10
637 11
638 11
639 11
640 11
641 8
642 8
643 9
644 10
645 8
646 10
647 9
648 10
649 12
650 10
651 12
652 11
653 12
654 11
655 9
656 10
657 9
658 9
659 9
660 11
661 10
662 11
663 9
664 10
665 9
666 9
667 10
668 10
669 10
670 8
671 9
672 10
673 12
674 10
675 11
676 10
677 9
678 12
679 10
680 13
681 9
682 9
683 9
684 11
685 12
686 13
687 11
688 11
689 11
690 11
691 11
692 9
693 9
694 9
695 8
696 9
697 9
698 11
699 11
700 10
701 9
702 12
703 11
704 12
705 12
706 9
707 8
708 8
709 5
710 6
711 6
712 8
713 9
714 11
715 10
716 7
717 8
718 9
719 9
720 11
721 8
722 9
723 10
724 10
725 9
726 9
727 8
728 10
729 10
730 11
731 10
732 11
733 10
734 11
735 9
736 8
737 6
738 9
739 11
740 10
741 12
742 11
743 12
744 10
745 8
746 9
747 11
748 12
749 12
750 11
751 12
752 11
753 8
754 7
755 10
756 9
757 9
758 7
759 8
760 11
761 12
762 11
763 9
764 9
765 9
766 10
767 7
768 7
769 11
770 11
771 9
772 10
773 9
774 10
775 12
776 12
777 12
778 12
779 12
780 10
781 8
782 11
783 13
784 12
785 12
786 12
787 10
788 11
789 11
790 11
791 11
792 6
793 8
794 11
795 9
796 11
797 11
798 9
799 10
800 12
801 9
802 9
803 10
804 10
805 9
806 10
807 11
808 10
809 10
810 9
811 10
812 10
813 11
814 11
815 12
816 12
817 11
818 12
819 10
820 9
821 10
822 8
823 10
824 7
825 7
826 9
827 11
828 11
829 10
830 10
831 11
832 8
833 11
834 11
835 11
836 12
837 13
838 12
839 12
840 11
841 11
842 10
843 13
844 12
845 11
846 11
847 9
848 10
849 11
850 9
851 11
852 10
853 10
854 9
855 8
856 9
857 10
858 8
859 9
860 10
861 9
862 10
863 7
864 9
865 9
866 10
867 11
868 10
869 11
870 12
871 12
872 11
873 9
874 12
875 9
876 11
877 10
878 9
879 11
880 10
881 11
882 13
883 11
884 10
885 13
886 10
887 11
888 10
889 11
890 10
891 12
892 10
893 10
894 8
895 9
896 12
897 10
898 8
899 8
900 9
901 9
902 10
903 10
904 10
905 11
906 9
907 11
908 8
909 9
910 11
911 9
912 10
913 10
914 10
915 9
916 9
917 8
918 7
919 8
920 9
921 7
922 7
923 8
924 10
925 10
926 11
927 11
928 13
929 11
930 10
931 7
932 8
933 9
934 8
935 9
936 12
937 9
938 10
939 10
940 10
941 10
942 9
943 11
944 9
945 8
946 7
947 6
948 10
949 13
950 11
951 9
952 10
953 11
954 10
955 9
956 7
957 5
958 9
959 10
960 10
961 10
962 10
963 10
964 10
965 10
966 11
967 10
968 10
969 9
970 11
971 9
972 7
973 10
974 9
975 10
976 9
977 8
978 6
979 8
980 9
981 11
982 9
983 9
984 11
985 11
986 10
987 10
988 10
989 8
990 9
991 8
992 8
993 9
994 7
995 7
996 9
997 8
998 7
999 9
1000 11
