0 100
1 71
2 68
3 65
4 70
5 67
6 68
7 72
8 73
9 68
10 70
11 70
12 69
13 66
14 72
15 73
16 66
17 70
18 63
19 71
20 67
21 72
22 67
23 63
24 67
25 70
26 67
27 67
28 68
29 64
30 66
31 70
32 73
33 71
34 70
35 67
36 70
37 68
38 71
39 68
40 70
41 68
42 65
43 69
44 75
45 72
46 69
47 67
48 71
49 72
50 69
51 68
52 72
53 73
54 70
55 73
56 73
57 71
58 72
59 71
60 70
61 72
62 69
63 70
64 68
65 71
66 66
67 69
68 73
69 70
70 68
71 63
72 69
73 72
74 73
75 68
76 72
77 72
78 63
79 64
80 72
81 70
82 66
83 73
84 71
85 70
86 68
87 71
88 72
89 65
90 66
91 69
92 74
93 67
94 70
95 73
96 75
97 74
98 73
99 73
100 66
101 69
102 71
103 67
104 72
105 72
106 75
107 74
108 71
109 72
110 74
111 75
112 75
113 75
114 71
115 70
116 72
117 73
118 74
119 65
120 68
121 65
122 72
123 74
124 71
125 70
126 70
127 69
128 72
129 73
130 67
131 69
132 75
133 64
134 69
135 69
136 70
137 65
138 72
139 68
140 65
141 64
142 68
143 75
144 65
145 66
146 69
147 66
148 71
149 71
150 68
151 73
152 65
153 71
154 65
155 68
156 70
157 73
158 66
159 61
160 66
161 69
162 69
163 74
164 70
165 73
166 74
167 73
168 69
169 70
170 73
171 71
172 68
173 65
174 73
175 67
176 70
177 66
178 64
179 69
180 71
181 72
182 71
183 71
184 72
185 65
186 66
187 72
188 72
189 72
190 67
191 77
192 69
193 71
194 69
195 73
196 77
197 68
198 66
199 69
200 69
201 73
202 71
203 70
204 71
205 74
206 63
207 61
208 67
209 64
210 68
211 70
212 75
213 75
214 66
215 70
216 73
217 69
218 74
219 70
220 71
221 68
222 73
223 74
224 74
225 67
226 67
227 69
228 70
229 74
230 70
231 70
232 69
233 71
234 71
235 67
236 72
237 68
238 75
239 71
240 74
241 68
242 64
243 67
244 66
245 63
246 75
247 68
248 69
249 72
250 72
251 75
252 72
253 66
254 68
255 67
256 59
257 68
258 64
259 67
260 67
261 62
262 70
263 72
264 64
265 63
266 65
267 73
268 66
269 66
270 68
271 62
272 66
273 69
274 70
275 70
276 71
277 67
278 72
279 70
280 74
281 73
282 68
283 65
284 63
285 75
286 68
287 68
288 70
289 68
290 66
291 68
292 67
293 70
294 65
295 72
296 73
297 69
298 64
299 72
300 76
301 70
302 72
303 70
304 66
305 68
306 70
307 69
308 72
309 70
310 68
311 71
312 71
313 69
314 68
315 73
316 76
317 71
318 67
319 68
320 70
321 76
322 69
323 71
324 75
325 69
326 71
327 74
328 71
329 77
330 70
331 70
332 65
333 71
334 72
335 69
336 72
337 70
338 65
339 68
340 73
341 72
342 66
343 66
344 73
345 73
346 71
347 73
348 68
349 69
350 64
351 69
352 74
353 74
354 70
355 74
356 72
357 74
358 67
359 63
360 71
361 66
362 67
363 69
364 69
365 65
366 71
367 69
368 72
369 74
370 75
371 69
372 73
373 65
374 66
375 68
376 71
377 65
378 67
379 67
380 68
381 74
382 67
383 65
384 66
385 71
386 68
387 63
388 61
389 70
390 73
391 69
392 72
393 75
394 71
395 71
396 67
397 69
398 69
399 69
400 70
401 68
402 65
403 71
404 70
405 68
406 71
407 75
408 67
409 65
410 72
411 70
412 69
413 66
414 66
415 73
416 71
417 72
418 73
419 67
420 66
421 69
422 70
423 67
424 68
425 70
426 71
427 71
428 75
429 73
430 69
431 69
432 71
433 71
434 72
435 71
436 70
437 71
438 64
439 71
440 71
441 72
442 71
443 70
444 65
445 78
446 71
447 71
448 71
449 65
450 68
451 66
452 64
453 63
454 69
455 70
456 60
457 68
458 68
459 65
460 69
461 72
462 69
463 73
464 72
465 69
466 67
467 69
468 70
469 72
470 70
471 71
472 68
473 70
474 69
475 71
476 74
477 74
478 69
479 70
480 67
481 63
482 62
483 70
484 73
485 70
486 73
487 66
488 69
489 70
490 71
491 73
492 74
493 66
494 66
495 69
496 67
497 68
498 73
499 76
500 75
501 69
502 67
503 71
504 69
505 70
506 68
507 64
508 65
509 69
510 70
511 69
512 69
513 69
514 69
515 73
516 71
517 68
518 64
519 64
520 66
521 72
522 73
523 74
524 73
525 67
526 70
527 71
528 72
529 64
530 70
531 67
532 66
533 71
534 72
535 74
536 70
537 70
538 73
539 70
540 70
541 71
542 67
543 71
544 66
545 60
546 64
547 69
548 68
549 70
550 64
551 69
552 71
553 70
554 67
555 68
556 68
557 68
558 71
559 67
560 67
561 72
562 69
563 68
564 69
565 67
566 73
567 72
568 70
569 77
570 71
571 70
572 66
573 69
574 67
575 67
576 69
577 77
578 69
579 68
580 70
581 70
582 66
583 70
584 72
585 71
586 70
587 59
588 68
589 63
590 63
591 70
592 72
593 64
594 66
595 69
596 64
597 66
598 70
599 71
600 71
601 75
602 66
603 70
604 67
605 73
606 69
607 72
608 67
609 70
610 72
611 67
612 69
613 71
614 70
615 73
616 73
617 72
618 69
619 70
620 71
621 68
622 72
623 71
624 63
625 71
626 71
627 70
628 69
629 59
630 66
631 69
632 70
633 62
634 67
635 66
636 71
637 70
638 67
639 65
640 67
641 70
642 71
643 72
644 65
645 69
646 68
647 70
648 65
649 69
650 69
651 69
652 63
653 72
654 76
655 71
656 67
657 75
658 75
659 69
660 67
661 66
662 75
663 68
664 74
665 75
666 72
667 74
668 66
669 70
670 71
671 71
672 71
673 64
674 68
675 66
676 65
677 71
678 71
679 68
680 73
681 68
682 66
683 66
684 69
685 69
686 73
687 72
688 71
689 70
690 69
691 70
692 71
693 70
694 67
695 68
696 73
697 71
698 68
699 65
700 69
701 68
702 66
703 66
704 67
705 71
706 68
707 70
708 70
709 64
710 74
711 62
712 69
713 65
714 68
715 71
716 74
717 73
718 70
719 70
720 67
721 71
722 66
723 67
724 69
725 65
726 71
727 71
728 68
729 66
730 64
731 69
732 69
733 63
734 65
735 67
736 67
737 72
738 73
739 71
740 71
741 72
742 67
743 70
744 68
745 69
746 68
747 68
748 69
749 71
750 69
751 67
752 68
753 68
754 69
755 71
756 68
757 71
758 69
759 66
760 64
761 70
762 73
763 72
764 71
765 72
766 72
767 69
768 71
769 66
770 69
771 70
772 70
773 74
774 68
775 70
776 73
777 63
778 65
779 70
780 63
781 68
782 67
783 68
784 64
785 72
786 75
787 72
788 65
789 69
790 74
791 73
792 72
793 64
794 65
795 65
796 70
797 67
798 69
799 68
800 69
801 69
802 71
803 66
804 66
805 69
806 70
807 69
808 70
809 75
810 74
811 66
812 70
813 69
814 60
815 68
816 72
817 74
818 71
819 68
820 71
821 67
822 66
823 67
824 70
825 73
826 71
827 71
828 72
829 66
830 62
831 68
832 67
833 69
834 64
835 64
836 69
837 71
838 75
839 69
840 72
841 72
842 73
843 66
844 68
845 65
846 66
847 68
848 64
849 68
850 68
851 73
852 68
853 72
854 70
855 69
856 70
857 69
858 69
859 73
860 74
861 67
862 73
863 74
864 73
865 70
866 69
867 66
868 66
869 63
870 65
871 72
872 74
873 70
874 63
875 62
876 70
877 76
878 72
879 65
880 67
881 75
882 77
883 68
884 64
885 70
886 69
887 68
888 66
889 65
890 63
891 68
892 67
893 70
894 69
895 71
896 69
897 70
898 74
899 72
900 64
901 65
902 70
903 71
904 68
905 73
906 67
907 69
908 69
909 69
910 69
911 69
912 72
913 72
914 65
915 65
916 69
917 70
918 65
919 63
920 70
921 74
922 72
923 66
924 77
925 72
926 64
927 62
928 68
929 67
930 69
931 69
932 66
933 65
934 69
935 75
936 77
937 74
938 67
939 71
940 65
941 65
942 71
943 67
944 71
945 69
946 69
947 68
948 69
949 70
950 69
951 64
952 67
953 64
954 70
955 70
956 70
957 72
958 69
959 69
960 67
961 67
962 68
963 73
964 71
965 74
966 70
967 71
968 65
969 65
970 72
971 66
972 68
973 69
974 66
975 68
976 64
977 64
978 64
979 71
980 71
981 72
982 71
983 73
984 74
985 73
986 78
987 73
988 65
989 66
990 69
991 72
992 66
993 70
994 68
995 71
996 68
997 73
998 70
999 70
1000 59
