0 45
1 34
2 23
3 28
4 30
5 31
6 29
7 28
8 26
9 28
10 26
11 31
12 31
13 28
14 30
15 29
16 30
17 29
18 26
19 26
20 31
21 33
22 29
23 31
24 33
25 28
26 29
27 28
28 27
29 28
30 27
31 26
32 28
33 26
34 27
35 29
36 29
37 30
38 31
39 30
40 30
41 31
42 27
43 27
44 32
45 27
46 26
47 27
48 28
49 31
50 32
51 31
52 28
53 26
54 29
55 30
56 28
57 28
58 30
59 27
60 27
61 29
62 28
63 30
64 29
65 31
66 31
67 28
68 27
69 26
70 29
71 27
72 28
73 32
74 29
75 33
76 35
77 30
78 30
79 26
80 29
81 27
82 28
83 26
84 28
85 28
86 31
87 32
88 33
89 28
90 31
91 29
92 30
93 27
94 29
95 26
96 28
97 26
98 24
99 27
100 28
101 26
102 27
103 29
104 30
105 32
106 30
107 27
108 22
109 28
110 26
111 27
112 33
113 31
114 31
115 29
116 29
117 29
118 27
119 29
120 30
121 30
122 30
123 27
124 26
125 25
126 28
127 29
128 29
129 30
130 31
131 28
132 29
133 29
134 26
135 27
136 29
137 31
138 32
139 32
140 26
141 27
142 27
143 31
144 29
145 31
146 32
147 31
148 31
149 35
150 30
151 31
152 30
153 30
154 30
155 33
156 30
157 28
158 30
159 28
160 26
161 32
162 31
163 29
164 28
165 27
166 29
167 29
168 27
169 25
170 31
171 27
172 30
173 29
174 29
175 31
176 30
177 27
178 27
179 28
180 32
181 31
182 29
183 28
184 29
185 30
186 30
187 28
188 31
189 27
190 27
191 27
192 24
193 26
194 32
195 31
196 26
197 26
198 25
199 28
200 27
201 27
202 29
203 27
204 29
205 31
206 32
207 32
208 28
209 28
210 31
211 27
212 28
213 25
214 25
215 29
216 31
217 29
218 29
219 27
220 28
221 28
222 27
223 28
224 33
225 31
226 33
227 30
228 29
229 25
230 28
231 30
232 29
233 24
234 22
235 25
236 29
237 29
238 32
239 27
240 28
241 28
242 25
243 25
244 29
245 27
246 27
247 29
248 29
249 24
250 26
251 29
252 33
253 33
254 29
255 29
256 33
257 32
258 28
259 27
260 30
261 32
262 28
263 30
264 31
265 31
266 33
267 30
268 30
269 31
270 31
271 28
272 30
273 27
274 30
275 30
276 30
277 28
278 27
279 28
280 28
281 31
282 30
283 28
284 29
285 33
286 34
287 29
288 28
289 35
290 34
291 33
292 31
293 26
294 28
295 29
296 32
297 32
298 29
299 33
300 30
301 28
302 28
303 29
304 28
305 29
306 29
307 28
308 26
309 28
310 26
311 29
312 29
313 28
314 27
315 29
316 31
317 29
318 31
319 33
320 26
321 30
322 30
323 30
324 27
325 27
326 29
327 28
328 28
329 33
330 32
331 30
332 29
333 31
334 30
335 33
336 32
337 26
338 31
339 28
340 30
341 30
342 29
343 26
344 25
345 26
346 29
347 29
348 27
349 32
350 30
351 30
352 32
353 31
354 34
355 25
356 27
357 27
358 30
359 32
360 32
361 32
362 31
363 27
364 28
365 31
366 29
367 32
368 31
369 28
370 29
371 25
372 29
373 31
374 31
375 29
376 27
377 29
378 30
379 30
380 28
381 28
382 28
383 31
384 32
385 28
386 29
387 29
388 28
389 26
390 26
391 28
392 29
393 24
394 30
395 33
396 32
397 32
398 30
399 28
400 29
401 23
402 27
403 27
404 29
405 26
406 27
407 28
408 30
409 29
410 29
411 26
412 28
413 29
414 28
415 30
416 29
417 28
418 25
419 27
420 29
421 30
422 31
423 29
424 28
425 30
426 31
427 30
428 29
429 28
430 28
431 29
432 32
433 32
434 27
435 27
436 30
437 29
438 31
439 29
440 30
441 31
442 29
443 30
444 29
445 30
446 32
447 33
448 32
449 29
450 30
451 31
452 32
453 27
454 29
455 31
456 32
457 31
458 33
459 32
460 29
461 30
462 29
463 30
464 33
465 32
466 31
467 31
468 27
469 28
470 30
471 30
472 32
473 26
474 30
475 27
476 30
477 30
478 29
479 30
480 28
481 28
482 29
483 31
484 33
485 32
486 31
487 30
488 34
489 27
490 27
491 25
492 24
493 28
494 31
495 28
496 28
497 31
498 29
499 28
500 28
501 30
502 30
503 35
504 31
505 27
506 29
507 27
508 28
509 27
510 31
511 28
512 32
513 29
514 26
515 30
516 26
517 30
518 29
519 31
520 30
521 31
522 30
523 29
524 32
525 32
526 33
527 30
528 26
529 27
530 27
531 31
532 33
533 32
534 28
535 32
536 31
537 30
538 33
539 32
540 28
541 28
542 30
543 29
544 28
545 31
546 32
547 31
548 30
549 32
550 34
551 30
552 30
553 25
554 30
555 28
556 32
557 30
558 28
559 28
560 31
561 31
562 31
563 31
564 32
565 30
566 31
567 32
568 31
569 31
570 32
571 29
572 31
573 31
574 27
575 27
576 28
577 29
578 27
579 28
580 30
581 26
582 28
583 29
584 28
585 26
586 28
587 29
588 27
589 27
590 27
591 26
592 28
593 29
594 29
595 30
596 27
597 31
598 32
599 31
600 28
601 30
602 27
603 30
604 33
605 31
606 26
607 29
608 31
609 29
610 30
611 30
612 29
613 28
614 29
615 29
616 29
617 29
618 33
619 33
620 28
621 31
622 27
623 30
624 32
625 28
626 29
627 32
628 31
629 31
630 30
631 31
632 30
633 31
634 34
635 30
636 27
637 26
638 31
639 31
640 30
641 29
642 29
643 23
644 27
645 32
646 28
647 27
648 30
649 32
650 30
651 30
652 29
653 30
654 29
655 29
656 30
657 28
658 28
659 26
660 29
661 30
662 32
663 33
664 30
665 34
666 33
667 29
668 29
669 28
670 30
671 30
672 25
673 29
674 31
675 30
676 31
677 32
678 30
679 24
680 28
681 30
682 30
683 30
684 27
685 28
686 32
687 32
688 30
689 30
690 31
691 28
692 28
693 31
694 28
695 30
696 28
697 28
698 30
699 27
700 30
701 30
702 29
703 32
704 30
705 27
706 30
707 33
708 34
709 30
710 28
711 26
712 28
713 28
714 31
715 30
716 30
717 30
718 33
719 30
720 27
721 27
722 28
723 30
724 28
725 25
726 30
727 31
728 28
729 29
730 28
731 30
732 32
733 30
734 32
735 27
736 28
737 32
738 32
739 29
740 28
741 26
742 24
743 27
744 27
745 24
746 31
747 30
748 31
749 30
750 28
751 28
752 27
753 31
754 33
755 30
756 28
757 29
758 28
759 29
760 32
761 29
762 28
763 29
764 26
765 28
766 29
767 26
768 25
769 27
770 27
771 26
772 26
773 27
774 29
775 30
776 30
777 30
778 31
779 28
780 31
781 30
782 32
783 32
784 28
785 33
786 27
787 33
788 30
789 30
790 28
791 32
792 25
793 31
794 29
795 29
796 26
797 26
798 30
799 30
800 29
801 33
802 28
803 30
804 31
805 31
806 29
807 23
808 28
809 26
810 26
811 25
812 32
813 34
814 28
815 26
816 30
817 30
818 28
819 29
820 29
821 26
822 30
823 29
824 31
825 32
826 26
827 27
828 29
829 33
830 33
831 32
832 31
833 29
834 32
835 33
836 31
837 34
838 28
839 28
840 29
841 30
842 30
843 27
844 30
845 27
846 28
847 27
848 26
849 30
850 27
851 29
852 30
853 29
854 26
855 29
856 29
857 27
858 26
859 28
860 32
861 29
862 29
863 29
864 31
865 32
866 29
867 30
868 32
869 35
870 32
871 30
872 34
873 31
874 29
875 28
876 28
877 25
878 28
879 24
880 30
881 30
882 29
883 30
884 29
885 29
886 28
887 28
888 30
889 29
890 28
891 32
892 29
893 27
894 28
895 30
896 31
897 31
898 26
899 30
900 25
901 30
902 29
903 27
904 31
905 30
906 28
907 30
908 31
909 31
910 34
911 32
912 32
913 30
914 33
915 33
916 30
917 30
918 30
919 30
920 33
921 25
922 28
923 26
924 31
925 32
926 29
927 31
928 29
929 29
930 32
931 31
932 31
933 29
934 31
935 28
936 31
937 31
938 29
939 32
940 30
941 31
942 32
943 28
944 28
945 27
946 29
947 29
948 29
949 31
950 29
951 32
952 31
953 30
954 29
955 31
956 27
957 30
958 32
959 31
960 31
961 28
962 31
963 32
964 32
965 30
966 31
967 30
968 30
969 31
970 29
971 31
972 30
973 27
974 27
975 27
976 28
977 28
978 32
979 31
980 32
981 29
982 29
983 26
984 29
985 31
986 29
987 30
988 28
989 29
990 30
991 30
992 27
993 31
994 31
995 28
996 32
997 35
998 31
999 31
1000 27
