0 15
1 14
2 14
3 14
4 14
5 14
6 14
7 13
8 13
9 13
10 13
11 13
12 12
13 12
14 11
15 11
16 12
17 12
18 11
19 11
20 11
21 11
22 11
23 11
24 11
25 11
26 11
27 11
28 10
29 10
30 10
31 10
32 10
33 10
34 10
35 9
36 9
37 9
38 9
39 9
40 9
41 10
42 10
43 10
44 9
45 9
46 9
47 9
48 9
49 9
50 9
51 9
52 9
53 9
54 9
55 9
56 9
57 9
58 9
59 9
60 9
61 9
62 9
63 9
64 8
65 8
66 9
67 9
68 9
69 9
70 9
71 9
72 9
73 9
74 9
75 9
76 9
77 9
78 9
79 9
80 8
81 8
82 8
83 8
84 9
85 9
86 9
87 9
88 9
89 9
90 9
91 9
92 9
93 9
94 9
95 8
96 8
97 7
98 7
99 7
100 7
101 7
102 7
103 7
104 7
105 7
106 7
107 7
108 8
109 8
110 8
111 7
112 6
113 5
114 4
115 5
116 5
117 5
118 5
119 5
120 5
121 5
122 5
123 5
124 5
125 4
126 4
127 4
128 4
129 5
130 5
131 5
132 4
133 4
134 4
135 4
136 4
137 4
138 5
139 5
140 6
141 6
142 6
143 6
144 7
145 7
146 6
147 6
148 6
149 6
150 6
151 5
152 6
153 5
154 5
155 5
156 5
157 6
158 6
159 6
160 6
161 6
162 5
163 5
164 5
165 4
166 4
167 5
168 5
169 5
170 5
171 6
172 6
173 6
174 6
175 6
176 6
177 6
178 6
179 6
180 6
181 5
182 5
183 6
184 6
185 6
186 6
187 6
188 6
189 6
190 6
191 5
192 5
193 5
194 5
195 5
196 5
197 5
198 5
199 5
200 5
201 5
202 5
203 5
204 5
205 5
206 5
207 5
208 4
209 4
210 4
211 4
212 4
213 4
214 4
215 4
216 4
217 4
218 4
219 4
220 4
221 4
222 5
223 5
224 5
225 5
226 5
227 6
228 6
229 6
230 6
231 6
232 6
233 6
234 6
235 6
236 7
237 6
238 6
239 6
240 6
241 7
242 7
243 7
244 7
245 7
246 7
247 7
248 6
249 6
250 6
251 6
252 7
253 7
254 7
255 7
256 7
257 7
258 7
259 7
260 7
261 7
262 7
263 7
264 7
265 7
266 7
267 7
268 6
269 6
270 6
271 6
272 6
273 6
274 6
275 6
276 6
277 6
278 7
279 8
280 8
281 8
282 8
283 8
284 8
285 8
286 8
287 8
288 8
289 8
290 8
291 8
292 8
293 8
294 8
295 8
296 8
297 8
298 8
299 8
300 8
301 8
302 8
303 8
304 8
305 8
306 8
307 8
308 8
309 8
310 8
311 8
312 8
313 8
314 8
315 8
316 7
317 7
318 7
319 7
320 7
321 7
322 7
323 7
324 7
325 7
326 6
327 6
328 6
329 6
330 6
331 5
332 4
333 4
334 4
335 4
336 4
337 4
338 5
339 6
340 6
341 6
342 6
343 6
344 6
345 6
346 6
347 5
348 5
349 5
350 5
351 5
352 5
353 5
354 5
355 6
356 6
357 6
358 6
359 6
360 6
361 6
362 6
363 5
364 5
365 5
366 5
367 5
368 5
369 5
370 5
371 5
372 6
373 6
374 6
375 6
376 6
377 6
378 6
379 6
380 6
381 6
382 6
383 6
384 6
385 6
386 6
387 6
388 5
389 5
390 4
391 4
392 4
393 4
394 4
395 4
396 4
397 4
398 4
399 3
400 3
401 3
402 3
403 4
404 4
405 4
406 4
407 4
408 5
409 5
410 5
411 5
412 4
413 4
414 4
415 4
416 4
417 4
418 4
419 4
420 4
421 4
422 4
423 4
424 4
425 4
426 4
427 4
428 4
429 4
430 5
431 4
432 4
433 4
434 4
435 4
436 4
437 4
438 4
439 4
440 4
441 4
442 4
443 4
444 4
445 3
446 3
447 3
448 3
449 3
450 3
451 3
452 3
453 3
454 3
455 3
456 3
457 3
458 3
459 3
460 2
461 2
462 2
463 2
464 2
465 2
466 2
467 3
468 3
469 3
470 3
471 4
472 5
473 5
474 5
475 5
476 5
477 5
478 5
479 5
480 5
481 5
482 5
483 5
484 5
485 5
486 5
487 6
488 5
489 5
490 5
491 5
492 5
493 5
494 5
495 4
496 4
497 4
498 4
499 4
500 5
501 5
502 5
503 5
504 5
505 5
506 6
507 6
508 6
509 6
510 6
511 6
512 6
513 5
514 4
515 4
516 5
517 5
518 5
519 5
520 5
521 5
522 5
523 5
524 4
525 4
526 4
527 4
528 4
529 4
530 4
531 4
532 4
533 4
534 4
535 4
536 5
537 5
538 5
539 5
540 5
541 5
542 5
543 5
544 6
545 6
546 6
547 6
548 6
549 6
550 6
551 6
552 6
553 6
554 6
555 6
556 6
557 6
558 6
559 6
560 6
561 7
562 7
563 7
564 7
565 6
566 6
567 6
568 6
569 6
570 6
571 6
572 6
573 5
574 5
575 5
576 5
577 5
578 5
579 5
580 5
581 5
582 5
583 5
584 5
585 5
586 5
587 5
588 5
589 5
590 5
591 5
592 5
593 5
594 5
595 5
596 5
597 6
598 6
599 6
600 6
601 6
602 6
603 5
604 5
605 5
606 5
607 5
608 5
609 5
610 5
611 5
612 5
613 5
614 5
615 5
616 5
617 5
618 5
619 5
620 5
621 5
622 5
623 5
624 5
625 5
626 6
627 5
628 5
629 5
630 4
631 4
632 4
633 4
634 4
635 4
636 4
637 4
638 4
639 3
640 4
641 4
642 4
643 4
644 4
645 4
646 4
647 4
648 4
649 4
650 4
651 3
652 3
653 3
654 3
655 4
656 4
657 3
658 3
659 3
660 3
661 3
662 3
663 3
664 3
665 3
666 3
667 4
668 5
669 5
670 5
671 4
672 4
673 4
674 4
675 4
676 4
677 4
678 4
679 4
680 4
681 4
682 4
683 4
684 4
685 4
686 4
687 4
688 4
689 4
690 5
691 5
692 5
693 5
694 5
695 6
696 6
697 6
698 6
699 6
700 6
701 6
702 6
703 6
704 6
705 6
706 6
707 6
708 6
709 6
710 6
711 6
712 6
713 7
714 7
715 7
716 7
717 7
718 8
719 8
720 7
721 7
722 7
723 6
724 7
725 7
726 7
727 7
728 7
729 7
730 7
731 7
732 7
733 7
734 7
735 7
736 8
737 8
738 7
739 8
740 8
741 8
742 8
743 8
744 8
745 8
746 8
747 8
748 8
749 8
750 8
751 8
752 8
753 8
754 8
755 7
756 7
757 7
758 7
759 7
760 7
761 7
762 7
763 7
764 7
765 7
766 6
767 6
768 7
769 7
770 7
771 5
772 5
773 5
774 5
775 5
776 5
777 5
778 5
779 4
780 4
781 4
782 4
783 3
784 3
785 3
786 3
787 3
788 4
789 4
790 4
791 4
792 3
793 3
794 3
795 3
796 2
797 2
798 3
799 3
800 3
801 3
802 3
803 3
804 2
805 2
806 2
807 2
808 2
809 2
810 2
811 2
812 2
813 2
814 2
815 2
816 2
817 2
818 2
819 2
820 2
821 2
822 2
823 3
824 3
825 3
826 4
827 4
828 4
829 4
830 4
831 4
832 4
833 4
834 3
835 3
836 2
837 3
838 4
839 4
840 4
841 4
842 4
843 4
844 3
845 3
846 3
847 3
848 3
849 3
850 3
851 3
852 3
853 3
854 3
855 3
856 3
857 3
858 3
859 3
860 3
861 3
862 3
863 3
864 3
865 3
866 3
867 3
868 3
869 4
870 4
871 4
872 3
873 3
874 3
875 3
876 3
877 3
878 3
879 3
880 3
881 3
882 3
883 3
884 3
885 2
886 2
887 3
888 3
889 3
890 3
891 3
892 3
893 3
894 2
895 2
896 2
897 2
898 2
899 2
900 2
901 3
902 3
903 3
904 3
905 3
906 3
907 4
908 4
909 5
910 5
911 5
912 5
913 5
914 4
915 5
916 5
917 5
918 5
919 5
920 5
921 5
922 5
923 5
924 5
925 5
926 5
927 5
928 5
929 5
930 5
931 4
932 4
933 4
934 4
935 4
936 4
937 4
938 4
939 4
940 4
941 4
942 4
943 4
944 4
945 4
946 4
947 4
948 4
949 4
950 3
951 3
952 4
953 4
954 4
955 4
956 4
957 4
958 4
959 4
960 4
961 4
962 4
963 4
964 4
965 4
966 4
967 5
968 4
969 4
970 4
971 4
972 4
973 5
974 5
975 5
976 5
977 5
978 5
979 5
980 5
981 5
982 5
983 5
984 5
985 5
986 5
987 5
988 6
989 6
990 6
991 6
992 6
993 6
994 6
995 6
996 6
997 6
998 6
999 7
1000 7
