0 35
1 29
2 23
3 23
4 21
5 20
6 18
7 17
8 18
9 18
10 19
11 19
12 18
13 20
14 18
15 20
16 18
17 18
18 18
19 20
20 21
21 18
22 20
23 22
24 23
25 23
26 23
27 25
28 21
29 23
30 22
31 21
32 18
33 18
34 18
35 19
36 15
37 14
38 16
39 18
40 16
41 19
42 21
43 21
44 21
45 20
46 18
47 16
48 16
49 17
50 17
51 16
52 20
53 22
54 20
55 19
56 18
57 18
58 20
59 19
60 21
61 21
62 19
63 18
64 20
65 16
66 19
67 19
68 21
69 21
70 17
71 18
72 19
73 19
74 21
75 21
76 20
77 20
78 21
79 19
80 20
81 21
82 20
83 20
84 19
85 20
86 21
87 21
88 19
89 18
90 20
91 17
92 17
93 18
94 19
95 18
96 18
97 18
98 16
99 18
100 20
101 17
102 17
103 18
104 19
105 19
106 20
107 20
108 18
109 18
110 20
111 18
112 19
113 18
114 19
115 19
116 19
117 19
118 18
119 17
120 18
121 19
122 20
123 19
124 22
125 18
126 18
127 18
128 19
129 19
130 19
131 20
132 22
133 21
134 21
135 20
136 22
137 23
138 23
139 23
140 23
141 21
142 21
143 22
144 18
145 20
146 22
147 20
148 21
149 23
150 22
151 20
152 19
153 20
154 18
155 21
156 19
157 18
158 16
159 15
160 16
161 17
162 19
163 19
164 18
165 22
166 22
167 23
168 21
169 21
170 20
171 20
172 18
173 17
174 19
175 20
176 20
177 21
178 21
179 17
180 17
181 18
182 16
183 20
184 19
185 22
186 21
187 21
188 19
189 19
190 18
191 19
192 20
193 18
194 18
195 16
196 15
197 17
198 16
199 17
200 17
201 21
202 22
203 20
204 19
205 21
206 20
207 21
208 22
209 22
210 20
211 19
212 19
213 20
214 20
215 20
216 19
217 17
218 20
219 20
220 19
221 21
222 16
223 18
224 19
225 18
226 20
227 21
228 21
229 21
230 21
231 23
232 21
233 18
234 19
235 20
236 22
237 22
238 20
239 20
240 21
241 21
242 20
243 17
244 17
245 16
246 16
247 18
248 18
249 18
250 19
251 18
252 18
253 20
254 18
255 18
256 19
257 19
258 20
259 19
260 18
261 19
262 21
263 22
264 18
265 20
266 21
267 22
268 21
269 17
270 18
271 18
272 19
273 16
274 16
275 15
276 16
277 16
278 18
279 19
280 18
281 18
282 20
283 20
284 19
285 17
286 18
287 19
288 20
289 19
290 20
291 20
292 18
293 20
294 18
295 18
296 16
297 19
298 20
299 20
300 19
301 18
302 18
303 18
304 17
305 19
306 20
307 21
308 20
309 19
310 18
311 19
312 20
313 20
314 22
315 24
316 22
317 23
318 22
319 21
320 24
321 24
322 24
323 24
324 21
325 20
326 20
327 16
328 17
329 17
330 19
331 21
332 21
333 21
334 21
335 18
336 19
337 21
338 21
339 17
340 17
341 20
342 19
343 19
344 22
345 22
346 20
347 20
348 19
349 19
350 17
351 21
352 21
353 21
354 20
355 19
356 18
357 17
358 20
359 20
360 20
361 17
362 18
363 17
364 18
365 21
366 21
367 20
368 22
369 21
370 21
371 22
372 20
373 19
374 17
375 18
376 20
377 20
378 22
379 22
380 23
381 21
382 20
383 20
384 20
385 21
386 20
387 21
388 19
389 19
390 21
391 21
392 20
393 20
394 19
395 19
396 20
397 20
398 22
399 22
400 24
401 22
402 22
403 20
404 20
405 20
406 20
407 18
408 19
409 20
410 20
411 19
412 18
413 18
414 20
415 22
416 22
417 20
418 20
419 21
420 21
421 21
422 20
423 21
424 22
425 23
426 22
427 24
428 21
429 17
430 18
431 18
432 17
433 17
434 16
435 18
436 19
437 18
438 16
439 15
440 15
441 15
442 15
443 16
444 16
445 18
446 17
447 20
448 19
449 20
450 20
451 18
452 19
453 18
454 17
455 18
456 20
457 17
458 19
459 21
460 19
461 20
462 20
463 19
464 18
465 17
466 19
467 18
468 17
469 20
470 19
471 16
472 16
473 19
474 18
475 21
476 21
477 21
478 21
479 22
480 21
481 20
482 16
483 18
484 20
485 18
486 17
487 20
488 20
489 18
490 18
491 18
492 20
493 22
494 20
495 22
496 18
497 19
498 18
499 19
500 21
501 21
502 22
503 23
504 23
505 24
506 23
507 23
508 20
509 19
510 19
511 20
512 19
513 17
514 16
515 17
516 17
517 16
518 17
519 19
520 20
521 21
522 22
523 21
524 18
525 18
526 18
527 19
528 19
529 21
530 20
531 20
532 21
533 21
534 23
535 21
536 19
537 17
538 20
539 18
540 20
541 21
542 22
543 20
544 20
545 19
546 19
547 19
548 19
549 20
550 22
551 20
552 19
553 17
554 19
555 20
556 20
557 21
558 21
559 23
560 21
561 22
562 23
563 22
564 22
565 21
566 22
567 20
568 20
569 20
570 17
571 17
572 18
573 20
574 20
575 21
576 21
577 21
578 21
579 19
580 20
581 17
582 18
583 19
584 20
585 20
586 19
587 20
588 20
589 22
590 21
591 21
592 20
593 20
594 17
595 19
596 17
597 17
598 21
599 21
600 16
601 15
602 15
603 14
604 17
605 18
606 19
607 22
608 21
609 21
610 21
611 19
612 18
613 17
614 19
615 19
616 20
617 20
618 21
619 18
620 19
621 19
622 20
623 22
624 20
625 20
626 21
627 20
628 21
629 22
630 20
631 18
632 17
633 21
634 20
635 19
636 17
637 19
638 20
639 21
640 20
641 19
642 20
643 20
644 21
645 23
646 22
647 20
648 20
649 18
650 19
651 19
652 19
653 22
654 21
655 20
656 18
657 21
658 21
659 22
660 20
661 20
662 19
663 21
664 18
665 16
666 17
667 18
668 18
669 20
670 19
671 16
672 19
673 17
674 19
675 21
676 19
677 21
678 19
679 19
680 20
681 21
682 21
683 21
684 16
685 18
686 19
687 17
688 17
689 15
690 18
691 16
692 17
693 16
694 20
695 20
696 21
697 20
698 21
699 21
700 19
701 21
702 20
703 21
704 21
705 21
706 22
707 23
708 21
709 21
710 22
711 20
712 18
713 21
714 21
715 19
716 18
717 18
718 19
719 18
720 19
721 17
722 18
723 17
724 17
725 15
726 19
727 18
728 16
729 18
730 20
731 22
732 19
733 17
734 18
735 18
736 19
737 18
738 17
739 21
740 22
741 22
742 22
743 23
744 20
745 23
746 20
747 19
748 18
749 19
750 17
751 16
752 17
753 18
754 17
755 16
756 17
757 20
758 19
759 20
760 20
761 21
762 16
763 18
764 19
765 18
766 19
767 21
768 20
769 21
770 21
771 19
772 20
773 19
774 20
775 20
776 21
777 19
778 21
779 21
780 22
781 21
782 19
783 18
784 18
785 17
786 16
787 17
788 19
789 20
790 22
791 20
792 19
793 19
794 17
795 16
796 14
797 17
798 16
799 18
800 17
801 19
802 21
803 19
804 19
805 16
806 17
807 20
808 19
809 21
810 22
811 21
812 20
813 20
814 20
815 19
816 19
817 18
818 18
819 19
820 20
821 17
822 19
823 16
824 18
825 19
826 19
827 21
828 21
829 19
830 21
831 21
832 19
833 19
834 18
835 16
836 17
837 16
838 15
839 17
840 17
841 19
842 20
843 17
844 16
845 18
846 17
847 20
848 20
849 19
850 19
851 20
852 18
853 18
854 19
855 20
856 20
857 18
858 18
859 17
860 17
861 15
862 16
863 18
864 19
865 18
866 16
867 17
868 18
869 20
870 18
871 18
872 16
873 19
874 21
875 21
876 21
877 21
878 20
879 22
880 24
881 21
882 20
883 19
884 19
885 18
886 17
887 16
888 18
889 19
890 19
891 20
892 22
893 21
894 23
895 25
896 21
897 23
898 20
899 20
900 21
901 19
902 19
903 19
904 17
905 17
906 20
907 20
908 20
909 19
910 20
911 18
912 19
913 20
914 20
915 20
916 21
917 22
918 19
919 18
920 19
921 21
922 22
923 21
924 21
925 20
926 21
927 19
928 18
929 18
930 17
931 19
932 17
933 17
934 19
935 19
936 16
937 17
938 16
939 18
940 19
941 19
942 19
943 19
944 20
945 18
946 18
947 17
948 19
949 20
950 17
951 18
952 18
953 20
954 22
955 19
956 19
957 18
958 21
959 19
960 19
961 19
962 21
963 18
964 19
965 21
966 22
967 19
968 20
969 19
970 20
971 18
972 17
973 20
974 18
975 18
976 19
977 20
978 19
979 18
980 17
981 17
982 17
983 18
984 18
985 18
986 17
987 16
988 17
989 16
990 15
991 15
992 17
993 18
994 19
995 19
996 20
997 21
998 19
999 18
1000 19
