0 70
1 52
2 52
3 50
4 52
5 47
6 55
7 50
8 51
9 51
10 55
11 50
12 52
13 50
14 49
15 49
16 48
17 52
18 50
19 54
20 50
21 46
22 49
23 51
24 53
25 53
26 44
27 53
28 50
29 48
30 45
31 57
32 50
33 55
34 51
35 47
36 52
37 52
38 49
39 50
40 55
41 53
42 54
43 52
44 53
45 47
46 51
47 50
48 56
49 49
50 57
51 52
52 55
53 51
54 45
55 46
56 46
57 49
58 57
59 54
60 51
61 55
62 54
63 52
64 48
65 46
66 50
67 52
68 49
69 48
70 46
71 54
72 50
73 52
74 50
75 51
76 56
77 49
78 53
79 45
80 50
81 47
82 49
83 50
84 50
85 48
86 50
87 50
88 46
89 51
90 50
91 48
92 46
93 49
94 47
95 49
96 51
97 48
98 43
99 49
100 51
101 51
102 54
103 52
104 57
105 56
106 52
107 49
108 48
109 50
110 48
111 45
112 51
113 48
114 49
115 48
116 54
117 52
118 50
119 49
120 49
121 45
122 52
123 48
124 51
125 44
126 51
127 53
128 52
129 53
130 47
131 50
132 47
133 47
134 50
135 45
136 51
137 50
138 51
139 51
140 49
141 51
142 49
143 51
144 51
145 48
146 52
147 48
148 49
149 49
150 51
151 55
152 53
153 48
154 51
155 49
156 56
157 51
158 44
159 54
160 47
161 49
162 52
163 48
164 49
165 49
166 49
167 47
168 52
169 50
170 48
171 53
172 56
173 53
174 51
175 55
176 52
177 49
178 51
179 50
180 52
181 52
182 49
183 51
184 48
185 44
186 51
187 49
188 52
189 47
190 52
191 45
192 53
193 52
194 51
195 49
196 49
197 50
198 56
199 53
200 52
201 44
202 46
203 51
204 53
205 48
206 50
207 48
208 45
209 51
210 51
211 48
212 51
213 47
214 47
215 49
216 54
217 51
218 55
219 50
220 48
221 51
222 50
223 47
224 53
225 46
226 47
227 48
228 52
229 52
230 52
231 58
232 48
233 52
234 49
235 50
236 50
237 55
238 50
239 50
240 48
241 50
242 44
243 49
244 53
245 52
246 49
247 44
248 50
249 49
250 49
251 49
252 53
253 54
254 47
255 47
256 51
257 56
258 50
259 50
260 47
261 46
262 48
263 50
264 48
265 55
266 48
267 54
268 51
269 57
270 53
271 51
272 53
273 54
274 47
275 51
276 49
277 55
278 49
279 54
280 51
281 47
282 49
283 50
284 49
285 50
286 52
287 51
288 50
289 49
290 51
291 52
292 49
293 48
294 51
295 52
296 54
297 48
298 53
299 48
300 49
301 51
302 46
303 50
304 51
305 51
306 50
307 52
308 52
309 47
310 47
311 50
312 46
313 51
314 49
315 55
316 52
317 54
318 48
319 51
320 51
321 49
322 50
323 50
324 51
325 49
326 45
327 49
328 50
329 49
330 55
331 52
332 47
333 51
334 53
335 47
336 45
337 52
338 50
339 50
340 50
341 53
342 51
343 49
344 51
345 45
346 52
347 51
348 47
349 51
350 51
351 45
352 53
353 50
354 48
355 51
356 48
357 50
358 48
359 54
360 55
361 51
362 51
363 51
364 53
365 52
366 54
367 54
368 50
369 57
370 52
371 51
372 45
373 47
374 48
375 51
376 49
377 49
378 51
379 52
380 51
381 49
382 46
383 49
384 49
385 49
386 47
387 49
388 49
389 51
390 53
391 50
392 54
393 52
394 49
395 55
396 53
397 50
398 47
399 51
400 48
401 53
402 49
403 52
404 51
405 54
406 52
407 54
408 53
409 51
410 48
411 45
412 51
413 46
414 48
415 50
416 48
417 51
418 56
419 55
420 48
421 50
422 48
423 50
424 51
425 45
426 50
427 58
428 51
429 45
430 49
431 52
432 53
433 48
434 45
435 51
436 50
437 48
438 56
439 53
440 53
441 52
442 50
443 49
444 49
445 53
446 50
447 46
448 46
449 48
450 37
451 51
452 50
453 51
454 45
455 51
456 52
457 55
458 48
459 53
460 48
461 51
462 53
463 52
464 51
465 39
466 53
467 53
468 52
469 49
470 52
471 47
472 52
473 50
474 51
475 50
476 49
477 47
478 50
479 53
480 49
481 49
482 48
483 44
484 51
485 52
486 49
487 51
488 47
489 45
490 51
491 54
492 54
493 51
494 48
495 51
496 49
497 51
498 53
499 48
500 55
501 47
502 50
503 46
504 52
505 50
506 49
507 46
508 53
509 52
510 51
511 54
512 53
513 53
514 45
515 51
516 45
517 46
518 48
519 48
520 53
521 49
522 52
523 53
524 57
525 49
526 49
527 50
528 49
529 52
530 50
531 53
532 50
533 49
534 50
535 56
536 51
537 49
538 49
539 53
540 55
541 51
542 50
543 47
544 50
545 52
546 52
547 52
548 45
549 50
550 54
551 55
552 53
553 49
554 46
555 50
556 52
557 48
558 49
559 49
560 47
561 52
562 55
563 56
564 48
565 51
566 50
567 52
568 47
569 45
570 41
571 53
572 46
573 49
574 50
575 48
576 54
577 56
578 49
579 48
580 49
581 50
582 46
583 50
584 51
585 41
586 51
587 48
588 47
589 44
590 48
591 47
592 47
593 48
594 49
595 49
596 53
597 48
598 50
599 56
600 50
601 51
602 48
603 44
604 45
605 52
606 48
607 52
608 51
609 55
610 45
611 50
612 53
613 53
614 54
615 54
616 44
617 51
618 50
619 46
620 44
621 47
622 52
623 47
624 49
625 55
626 46
627 50
628 50
629 46
630 51
631 53
632 47
633 55
634 48
635 51
636 48
637 49
638 54
639 55
640 49
641 53
642 48
643 52
644 45
645 46
646 48
647 49
648 52
649 51
650 54
651 50
652 52
653 50
654 46
655 52
656 48
657 51
658 50
659 50
660 51
661 56
662 46
663 52
664 51
665 51
666 50
667 51
668 46
669 49
670 53
671 56
672 46
673 46
674 46
675 51
676 51
677 52
678 42
679 46
680 51
681 49
682 48
683 54
684 46
685 48
686 50
687 48
688 52
689 48
690 47
691 47
692 53
693 45
694 47
695 47
696 52
697 45
698 53
699 50
700 54
701 49
702 50
703 50
704 52
705 51
706 45
707 48
708 49
709 48
710 54
711 51
712 53
713 53
714 51
715 51
716 49
717 51
718 54
719 50
720 53
721 49
722 51
723 54
724 51
725 53
726 48
727 54
728 49
729 43
730 47
731 50
732 52
733 48
734 50
735 53
736 49
737 50
738 44
739 49
740 51
741 48
742 46
743 54
744 54
745 54
746 48
747 53
748 47
749 48
750 52
751 52
752 48
753 51
754 51
755 51
756 51
757 49
758 48
759 50
760 52
761 49
762 48
763 56
764 55
765 54
766 52
767 52
768 53
769 48
770 49
771 49
772 47
773 56
774 48
775 51
776 50
777 45
778 47
779 48
780 50
781 49
782 49
783 56
784 52
785 51
786 54
787 51
788 43
789 51
790 51
791 51
792 51
793 49
794 55
795 51
796 49
797 49
798 51
799 49
800 48
801 46
802 49
803 50
804 50
805 52
806 50
807 46
808 48
809 47
810 49
811 45
812 48
813 50
814 47
815 49
816 53
817 53
818 54
819 47
820 46
821 51
822 54
823 53
824 48
825 43
826 47
827 46
828 48
829 50
830 52
831 47
832 51
833 51
834 50
835 52
836 46
837 48
838 49
839 47
840 41
841 50
842 50
843 47
844 51
845 52
846 53
847 54
848 52
849 46
850 41
851 46
852 51
853 49
854 52
855 49
856 47
857 49
858 45
859 51
860 47
861 47
862 51
863 52
864 47
865 51
866 49
867 47
868 51
869 53
870 54
871 52
872 51
873 49
874 46
875 54
876 51
877 54
878 48
879 49
880 53
881 48
882 51
883 50
884 48
885 50
886 43
887 48
888 53
889 51
890 51
891 48
892 53
893 50
894 49
895 54
896 51
897 53
898 53
899 46
900 56
901 50
902 49
903 53
904 52
905 49
906 46
907 55
908 51
909 51
910 44
911 49
912 53
913 52
914 50
915 48
916 49
917 52
918 56
919 55
920 54
921 52
922 55
923 53
924 42
925 52
926 51
927 54
928 55
929 54
930 52
931 52
932 51
933 43
934 42
935 52
936 50
937 43
938 49
939 52
940 50
941 51
942 54
943 52
944 56
945 50
946 56
947 51
948 53
949 47
950 47
951 53
952 53
953 54
954 52
955 52
956 47
957 47
958 47
959 52
960 50
961 51
962 48
963 55
964 46
965 52
966 49
967 51
968 44
969 50
970 51
971 51
972 48
973 46
974 52
975 53
976 52
977 50
978 52
979 53
980 52
981 47
982 48
983 48
984 55
985 49
986 50
987 44
988 48
989 49
990 50
991 47
992 48
993 52
994 47
995 52
996 49
997 48
998 51
999 51
1000 50
