0 100
1 88
2 79
3 75
4 76
5 78
6 74
7 75
8 69
9 69
10 72
11 70
12 69
13 73
14 73
15 74
16 69
17 71
18 73
19 76
20 78
21 69
22 69
23 67
24 70
25 71
26 62
27 71
28 70
29 68
30 68
31 68
32 69
33 73
34 69
35 67
36 76
37 74
38 71
39 69
40 64
41 71
42 66
43 72
44 78
45 71
46 70
47 71
48 72
49 73
50 71
51 69
52 70
53 73
54 69
55 66
56 72
57 71
58 69
59 68
60 72
61 72
62 74
63 72
64 73
65 78
66 73
67 71
68 60
69 66
70 72
71 68
72 70
73 74
74 71
75 71
76 65
77 70
78 70
79 70
80 68
81 72
82 66
83 72
84 74
85 69
86 64
87 65
88 67
89 65
90 77
91 72
92 68
93 67
94 67
95 69
96 72
97 77
98 76
99 69
100 73
101 64
102 73
103 76
104 80
105 80
106 74
107 69
108 66
109 64
110 64
111 63
112 63
113 67
114 69
115 69
116 71
117 78
118 72
119 75
120 69
121 74
122 73
123 76
124 75
125 76
126 77
127 77
128 71
129 77
130 69
131 69
132 70
133 68
134 67
135 70
136 70
137 68
138 73
139 74
140 75
141 76
142 73
143 70
144 72
145 69
146 72
147 71
148 74
149 66
150 71
151 74
152 71
153 73
154 74
155 67
156 63
157 67
158 70
159 67
160 69
161 67
162 67
163 73
164 75
165 71
166 74
167 79
168 70
169 73
170 70
171 69
172 67
173 70
174 68
175 73
176 77
177 76
178 69
179 68
180 72
181 69
182 71
183 71
184 70
185 73
186 72
187 72
188 70
189 70
190 76
191 76
192 75
193 81
194 75
195 67
196 74
197 71
198 71
199 71
200 72
201 74
202 71
203 66
204 67
205 74
206 77
207 77
208 76
209 72
210 71
211 73
212 74
213 71
214 71
215 70
216 74
217 73
218 75
219 74
220 73
221 72
222 73
223 69
224 66
225 70
226 74
227 72
228 63
229 69
230 68
231 72
232 73
233 78
234 75
235 74
236 68
237 67
238 72
239 73
240 67
241 67
242 69
243 70
244 67
245 69
246 70
247 71
248 74
249 75
250 77
251 72
252 68
253 69
254 67
255 72
256 72
257 68
258 70
259 71
260 68
261 64
262 68
263 74
264 71
265 65
266 65
267 70
268 71
269 64
270 66
271 69
272 73
273 75
274 70
275 65
276 69
277 71
278 68
279 73
280 72
281 71
282 69
283 68
284 71
285 68
286 67
287 62
288 70
289 68
290 72
291 69
292 70
293 69
294 67
295 71
296 74
297 70
298 74
299 66
300 72
301 73
302 76
303 65
304 66
305 70
306 74
307 74
308 69
309 75
310 82
311 75
312 73
313 77
314 72
315 71
316 71
317 73
318 70
319 68
320 63
321 68
322 73
323 73
324 67
325 69
326 74
327 72
328 71
329 72
330 74
331 72
332 74
333 71
334 66
335 72
336 73
337 72
338 71
339 76
340 77
341 73
342 72
343 77
344 71
345 71
346 72
347 70
348 67
349 74
350 77
351 75
352 72
353 76
354 70
355 67
356 70
357 71
358 70
359 69
360 72
361 77
362 74
363 71
364 66
365 64
366 66
367 72
368 69
369 76
370 76
371 72
372 72
373 73
374 77
375 74
376 70
377 73
378 75
379 76
380 76
381 74
382 70
383 69
384 70
385 72
386 71
387 72
388 74
389 75
390 74
391 73
392 71
393 67
394 70
395 65
396 70
397 73
398 68
399 75
400 82
401 78
402 72
403 70
404 65
405 70
406 72
407 68
408 72
409 69
410 72
411 73
412 70
413 69
414 73
415 69
416 69
417 75
418 72
419 68
420 70
421 72
422 67
423 73
424 74
425 74
426 69
427 73
428 68
429 73
430 68
431 71
432 67
433 66
434 66
435 70
436 66
437 70
438 73
439 70
440 71
441 71
442 73
443 74
444 79
445 79
446 84
447 78
448 74
449 73
450 72
451 74
452 72
453 72
454 69
455 69
456 68
457 69
458 68
459 66
460 73
461 68
462 73
463 68
464 72
465 74
466 73
467 68
468 71
469 74
470 74
471 74
472 73
473 69
474 73
475 68
476 72
477 76
478 73
479 71
480 71
481 71
482 71
483 64
484 72
485 73
486 74
487 72
488 64
489 71
490 70
491 73
492 76
493 72
494 74
495 76
496 75
497 73
498 75
499 72
500 71
501 72
502 66
503 68
504 72
505 69
506 72
507 76
508 77
509 69
510 71
511 70
512 71
513 71
514 70
515 68
516 76
517 73
518 72
519 71
520 74
521 73
522 71
523 76
524 75
525 70
526 67
527 65
528 71
529 69
530 74
531 74
532 71
533 72
534 74
535 71
536 69
537 65
538 68
539 74
540 73
541 66
542 71
543 72
544 71
545 75
546 72
547 70
548 67
549 66
550 74
551 68
552 73
553 75
554 74
555 63
556 62
557 65
558 75
559 77
560 76
561 66
562 70
563 70
564 67
565 71
566 73
567 72
568 75
569 65
570 67
571 68
572 73
573 73
574 69
575 66
576 63
577 65
578 69
579 67
580 64
581 73
582 72
583 70
584 67
585 71
586 77
587 76
588 75
589 75
590 74
591 67
592 68
593 70
594 74
595 75
596 68
597 60
598 69
599 67
600 70
601 69
602 70
603 67
604 70
605 68
606 66
607 62
608 73
609 68
610 75
611 77
612 79
613 77
614 72
615 68
616 70
617 71
618 73
619 71
620 68
621 73
622 70
623 74
624 77
625 78
626 72
627 73
628 69
629 69
630 64
631 68
632 68
633 69
634 66
635 67
636 68
637 62
638 65
639 70
640 68
641 71
642 72
643 72
644 68
645 71
646 68
647 70
648 71
649 69
650 72
651 73
652 70
653 65
654 69
655 64
656 70
657 69
658 65
659 66
660 65
661 70
662 71
663 69
664 63
665 69
666 74
667 77
668 70
669 69
670 69
671 75
672 70
673 68
674 69
675 64
676 69
677 72
678 73
679 69
680 74
681 76
682 73
683 74
684 74
685 69
686 72
687 74
688 71
689 73
690 71
691 65
692 70
693 75
694 76
695 67
696 71
697 68
698 70
699 67
700 66
701 71
702 73
703 76
704 74
705 72
706 71
707 63
708 63
709 66
710 69
711 69
712 72
713 75
714 72
715 67
716 72
717 69
718 74
719 72
720 75
721 76
722 73
723 68
724 68
725 70
726 69
727 65
728 68
729 70
730 68
731 73
732 70
733 75
734 75
735 73
736 71
737 73
738 71
739 72
740 75
741 74
742 71
743 65
744 73
745 69
746 66
747 68
748 68
749 69
750 72
751 70
752 65
753 66
754 71
755 75
756 71
757 71
758 71
759 71
760 66
761 67
762 67
763 69
764 69
765 68
766 71
767 76
768 73
769 70
770 71
771 70
772 65
773 64
774 68
775 73
776 74
777 64
778 69
779 69
780 72
781 73
782 73
783 69
784 72
785 72
786 71
787 64
788 74
789 74
790 74
791 75
792 74
793 73
794 76
795 76
796 74
797 70
798 70
799 70
800 75
801 65
802 68
803 69
804 66
805 72
806 69
807 64
808 66
809 72
810 74
811 69
812 69
813 66
814 69
815 69
816 74
817 71
818 70
819 71
820 73
821 68
822 74
823 66
824 72
825 69
826 69
827 69
828 66
829 74
830 75
831 69
832 72
833 69
834 73
835 75
836 73
837 73
838 70
839 73
840 70
841 74
842 73
843 71
844 63
845 68
846 69
847 74
848 75
849 74
850 79
851 78
852 73
853 74
854 77
855 76
856 77
857 77
858 71
859 77
860 72
861 68
862 67
863 74
864 70
865 63
866 62
867 66
868 68
869 66
870 68
871 67
872 67
873 65
874 71
875 69
876 73
877 73
878 74
879 73
880 70
881 74
882 78
883 78
884 73
885 75
886 72
887 69
888 72
889 68
890 73
891 73
892 72
893 67
894 71
895 69
896 69
897 74
898 70
899 73
900 73
901 74
902 72
903 72
904 69
905 70
906 77
907 76
908 75
909 74
910 74
911 73
912 74
913 73
914 70
915 63
916 63
917 69
918 65
919 70
920 71
921 69
922 71
923 69
924 65
925 64
926 66
927 69
928 73
929 67
930 68
931 70
932 71
933 72
934 74
935 74
936 71
937 71
938 62
939 67
940 70
941 69
942 71
943 69
944 73
945 67
946 70
947 75
948 73
949 72
950 75
951 79
952 75
953 65
954 69
955 71
956 74
957 69
958 71
959 69
960 69
961 66
962 70
963 67
964 64
965 71
966 67
967 67
968 69
969 71
970 73
971 73
972 71
973 71
974 72
975 72
976 68
977 63
978 67
979 72
980 73
981 70
982 69
983 66
984 74
985 73
986 68
987 72
988 73
989 73
990 73
991 69
992 72
993 74
994 71
995 69
996 69
997 74
998 77
999 75
1000 78
