0 40
1 37
2 35
3 34
4 31
5 31
6 30
7 27
8 26
9 25
10 23
11 22
12 22
13 22
14 25
15 24
16 22
17 20
18 20
19 19
20 20
21 19
22 19
23 20
24 21
25 22
26 21
27 21
28 21
29 21
30 21
31 21
32 18
33 20
34 20
35 20
36 19
37 20
38 18
39 19
40 19
41 18
42 17
43 18
44 19
45 19
46 19
47 18
48 17
49 18
50 20
51 20
52 21
53 21
54 20
55 19
56 20
57 19
58 19
59 17
60 17
61 18
62 19
63 18
64 19
65 19
66 19
67 18
68 18
69 19
70 19
71 18
72 16
73 17
74 18
75 19
76 20
77 19
78 19
79 20
80 20
81 20
82 20
83 20
84 20
85 21
86 21
87 19
88 21
89 18
90 19
91 20
92 20
93 22
94 21
95 22
96 22
97 22
98 22
99 22
100 22
101 21
102 20
103 18
104 16
105 18
106 20
107 20
108 21
109 20
110 20
111 20
112 20
113 19
114 18
115 19
116 21
117 20
118 21
119 22
120 22
121 21
122 21
123 20
124 19
125 18
126 17
127 15
128 17
129 17
130 17
131 16
132 15
133 16
134 16
135 17
136 16
137 16
138 17
139 17
140 17
141 19
142 20
143 21
144 22
145 22
146 21
147 21
148 20
149 20
150 20
151 20
152 19
153 19
154 16
155 17
156 18
157 18
158 18
159 18
160 18
161 17
162 18
163 15
164 13
165 14
166 14
167 13
168 13
169 15
170 16
171 15
172 14
173 16
174 17
175 17
176 18
177 19
178 19
179 18
180 17
181 18
182 15
183 15
184 14
185 15
186 17
187 17
188 17
189 18
190 18
191 20
192 20
193 20
194 20
195 19
196 19
197 20
198 21
199 20
200 21
201 22
202 23
203 21
204 21
205 22
206 25
207 24
208 24
209 21
210 21
211 22
212 23
213 22
214 22
215 22
216 22
217 21
218 21
219 21
220 21
221 21
222 21
223 22
224 22
225 19
226 19
227 21
228 19
229 18
230 18
231 19
232 21
233 20
234 19
235 19
236 18
237 15
238 16
239 16
240 15
241 16
242 17
243 18
244 18
245 19
246 18
247 17
248 16
249 16
250 17
251 17
252 19
253 18
254 18
255 16
256 16
257 16
258 17
259 17
260 16
261 17
262 17
263 17
264 16
265 17
266 17
267 15
268 15
269 16
270 17
271 16
272 16
273 16
274 16
275 18
276 18
277 19
278 18
279 18
280 19
281 20
282 19
283 18
284 19
285 18
286 19
287 21
288 21
289 22
290 23
291 21
292 20
293 21
294 22
295 24
296 23
297 24
298 22
299 21
300 21
301 20
302 20
303 21
304 22
305 22
306 23
307 22
308 22
309 23
310 22
311 21
312 21
313 21
314 22
315 19
316 19
317 18
318 16
319 16
320 15
321 14
322 15
323 17
324 18
325 18
326 15
327 14
328 15
329 15
330 15
331 16
332 18
333 19
334 20
335 19
336 19
337 18
338 18
339 19
340 18
341 19
342 17
343 18
344 18
345 17
346 18
347 18
348 18
349 19
350 19
351 19
352 16
353 16
354 18
355 17
356 17
357 17
358 17
359 17
360 16
361 15
362 18
363 19
364 19
365 21
366 21
367 21
368 20
369 20
370 19
371 18
372 19
373 21
374 20
375 20
376 21
377 20
378 21
379 17
380 18
381 19
382 18
383 20
384 21
385 21
386 20
387 20
388 20
389 21
390 21
391 18
392 19
393 20
394 20
395 22
396 22
397 20
398 19
399 17
400 18
401 19
402 18
403 20
404 23
405 21
406 23
407 23
408 21
409 22
410 22
411 23
412 23
413 24
414 25
415 24
416 24
417 25
418 22
419 25
420 23
421 21
422 19
423 20
424 20
425 21
426 20
427 19
428 19
429 19
430 19
431 18
432 19
433 20
434 20
435 19
436 20
437 22
438 23
439 24
440 25
441 24
442 23
443 23
444 23
445 23
446 23
447 23
448 24
449 24
450 24
451 23
452 21
453 21
454 19
455 20
456 20
457 19
458 19
459 18
460 17
461 19
462 20
463 19
464 18
465 19
466 18
467 20
468 18
469 18
470 21
471 19
472 20
473 17
474 19
475 20
476 21
477 21
478 20
479 21
480 21
481 21
482 20
483 20
484 18
485 17
486 17
487 18
488 17
489 17
490 19
491 20
492 18
493 18
494 16
495 16
496 16
497 17
498 17
499 16
500 16
501 17
502 17
503 16
504 15
505 16
506 15
507 15
508 16
509 16
510 16
511 15
512 13
513 15
514 15
515 17
516 18
517 18
518 19
519 18
520 18
521 20
522 21
523 22
524 24
525 19
526 20
527 21
528 20
529 21
530 21
531 18
532 16
533 16
534 16
535 16
536 17
537 16
538 17
539 17
540 19
541 21
542 21
543 21
544 22
545 22
546 23
547 23
548 21
549 20
550 20
551 20
552 18
553 18
554 18
555 18
556 20
557 22
558 20
559 22
560 21
561 20
562 21
563 21
564 21
565 20
566 20
567 19
568 19
569 20
570 21
571 23
572 22
573 23
574 22
575 21
576 21
577 22
578 21
579 20
580 20
581 21
582 22
583 21
584 19
585 17
586 17
587 15
588 13
589 15
590 15
591 15
592 15
593 15
594 16
595 18
596 18
597 17
598 14
599 14
600 15
601 15
602 16
603 18
604 15
605 14
606 16
607 17
608 18
609 19
610 20
611 20
612 21
613 18
614 19
615 20
616 22
617 23
618 24
619 22
620 23
621 22
622 21
623 20
624 20
625 21
626 19
627 19
628 19
629 20
630 18
631 17
632 17
633 18
634 19
635 19
636 21
637 20
638 20
639 18
640 17
641 17
642 19
643 20
644 21
645 20
646 20
647 22
648 22
649 24
650 25
651 25
652 24
653 22
654 21
655 19
656 20
657 18
658 19
659 18
660 18
661 19
662 18
663 19
664 18
665 16
666 17
667 18
668 19
669 20
670 18
671 18
672 18
673 18
674 21
675 19
676 21
677 21
678 18
679 16
680 13
681 13
682 12
683 13
684 15
685 15
686 14
687 16
688 17
689 18
690 18
691 19
692 20
693 21
694 22
695 22
696 21
697 22
698 22
699 23
700 21
701 21
702 23
703 24
704 21
705 20
706 18
707 18
708 18
709 20
710 20
711 20
712 20
713 21
714 22
715 22
716 21
717 22
718 22
719 22
720 20
721 22
722 20
723 19
724 16
725 15
726 17
727 17
728 18
729 16
730 16
731 16
732 17
733 17
734 18
735 17
736 18
737 19
738 18
739 17
740 18
741 17
742 16
743 15
744 16
745 16
746 17
747 17
748 16
749 16
750 17
751 17
752 18
753 20
754 20
755 21
756 20
757 19
758 18
759 19
760 18
761 17
762 17
763 18
764 18
765 17
766 18
767 19
768 18
769 20
770 21
771 19
772 20
773 19
774 19
775 20
776 19
777 19
778 19
779 17
780 16
781 18
782 19
783 19
784 20
785 21
786 21
787 21
788 21
789 20
790 18
791 18
792 18
793 18
794 21
795 20
796 19
797 20
798 21
799 21
800 21
801 20
802 20
803 22
804 23
805 22
806 21
807 21
808 21
809 20
810 19
811 18
812 15
813 16
814 16
815 16
816 16
817 16
818 16
819 17
820 18
821 18
822 19
823 20
824 19
825 19
826 20
827 18
828 18
829 17
830 18
831 18
832 16
833 17
834 18
835 18
836 19
837 19
838 20
839 20
840 21
841 22
842 22
843 22
844 19
845 20
846 18
847 18
848 18
849 20
850 19
851 19
852 18
853 20
854 21
855 20
856 19
857 20
858 19
859 17
860 18
861 19
862 18
863 19
864 19
865 18
866 20
867 20
868 22
869 22
870 23
871 22
872 21
873 20
874 18
875 20
876 19
877 20
878 20
879 20
880 20
881 19
882 21
883 19
884 20
885 21
886 21
887 19
888 17
889 18
890 16
891 18
892 18
893 18
894 18
895 20
896 18
897 20
898 21
899 22
900 19
901 18
902 16
903 17
904 16
905 17
906 17
907 16
908 15
909 15
910 15
911 16
912 16
913 14
914 15
915 16
916 17
917 14
918 16
919 17
920 18
921 17
922 17
923 16
924 17
925 16
926 16
927 16
928 18
929 17
930 17
931 18
932 20
933 19
934 18
935 17
936 18
937 17
938 19
939 17
940 17
941 17
942 17
943 15
944 17
945 17
946 17
947 16
948 17
949 18
950 17
951 18
952 19
953 18
954 19
955 19
956 18
957 19
958 18
959 19
960 18
961 19
962 19
963 21
964 21
965 21
966 20
967 20
968 19
969 21
970 20
971 19
972 19
973 19
974 18
975 16
976 16
977 17
978 17
979 16
980 16
981 17
982 17
983 17
984 18
985 19
986 19
987 20
988 19
989 18
990 18
991 18
992 16
993 15
994 15
995 17
996 16
997 15
998 16
999 16
1000 17
