0 15
1 9
2 11
3 10
4 7
5 9
6 8
7 9
8 9
9 10
10 10
11 9
12 9
13 10
14 8
15 9
16 7
17 8
18 11
19 10
20 9
21 9
22 9
23 10
24 9
25 8
26 10
27 10
28 8
29 8
30 8
31 8
32 7
33 9
34 9
35 8
36 9
37 9
38 9
39 6
40 8
41 10
42 9
43 9
44 10
45 6
46 9
47 10
48 8
49 9
50 6
51 10
52 9
53 9
54 11
55 10
56 9
57 7
58 8
59 8
60 9
61 9
62 9
63 9
64 9
65 9
66 8
67 10
68 6
69 7
70 9
71 7
72 9
73 7
74 9
75 9
76 8
77 9
78 8
79 9
80 8
81 7
82 10
83 9
84 7
85 10
86 7
87 8
88 7
89 10
90 8
91 8
92 10
93 10
94 9
95 9
96 8
97 8
98 10
99 9
100 9
101 9
102 10
103 9
104 8
105 8
106 7
107 8
108 9
109 9
110 8
111 8
112 10
113 9
114 8
115 8
116 9
117 9
118 8
119 8
120 5
121 8
122 8
123 9
124 9
125 9
126 11
127 9
128 9
129 7
130 9
131 9
132 7
133 8
134 7
135 7
136 8
137 9
138 8
139 10
140 9
141 10
142 10
143 9
144 7
145 9
146 9
147 8
148 8
149 9
150 7
151 10
152 11
153 9
154 9
155 8
156 10
157 11
158 11
159 7
160 10
161 9
162 8
163 8
164 8
165 8
166 10
167 10
168 10
169 9
170 8
171 10
172 8
173 10
174 6
175 7
176 10
177 10
178 7
179 9
180 10
181 9
182 7
183 8
184 8
185 9
186 9
187 7
188 9
189 6
190 9
191 11
192 9
193 10
194 6
195 9
196 8
197 9
198 8
199 9
200 8
201 10
202 8
203 8
204 8
205 10
206 9
207 9
208 7
209 9
210 9
211 9
212 9
213 10
214 9
215 10
216 9
217 9
218 10
219 10
220 3
221 7
222 8
223 7
224 7
225 11
226 10
227 10
228 10
229 10
230 8
231 7
232 8
233 11
234 9
235 8
236 5
237 9
238 8
239 9
240 8
241 8
242 10
243 9
244 10
245 7
246 8
247 8
248 8
249 10
250 10
251 10
252 9
253 7
254 10
255 9
256 8
257 11
258 9
259 9
260 9
261 9
262 8
263 9
264 8
265 10
266 10
267 10
268 10
269 9
270 8
271 8
272 8
273 9
274 8
275 11
276 9
277 10
278 8
279 7
280 11
281 10
282 10
283 8
284 9
285 7
286 10
287 10
288 8
289 8
290 9
291 8
292 8
293 7
294 9
295 8
296 8
297 10
298 8
299 9
300 9
301 10
302 7
303 9
304 9
305 9
306 9
307 7
308 7
309 8
310 9
311 6
312 9
313 9
314 10
315 9
316 8
317 8
318 10
319 7
320 10
321 8
322 9
323 8
324 10
325 7
326 9
327 9
328 10
329 9
330 8
331 9
332 11
333 11
334 9
335 8
336 9
337 9
338 11
339 9
340 9
341 11
342 9
343 10
344 10
345 9
346 8
347 8
348 8
349 11
350 8
351 9
352 10
353 8
354 9
355 10
356 10
357 6
358 9
359 9
360 9
361 11
362 9
363 7
364 10
365 9
366 8
367 10
368 6
369 9
370 8
371 7
372 9
373 10
374 7
375 8
376 10
377 8
378 8
379 8
380 8
381 8
382 7
383 9
384 9
385 10
386 10
387 8
388 9
389 10
390 8
391 10
392 9
393 9
394 9
395 10
396 10
397 9
398 8
399 9
400 10
401 9
402 9
403 8
404 10
405 7
406 8
407 9
408 10
409 9
410 9
411 9
412 7
413 6
414 9
415 8
416 9
417 8
418 8
419 7
420 10
421 9
422 9
423 9
424 10
425 10
426 6
427 9
428 9
429 9
430 7
431 10
432 8
433 9
434 10
435 9
436 10
437 7
438 9
439 10
440 10
441 9
442 8
443 9
444 9
445 9
446 9
447 11
448 9
449 9
450 8
451 8
452 9
453 9
454 10
455 7
456 9
457 9
458 7
459 9
460 7
461 8
462 9
463 9
464 10
465 10
466 8
467 7
468 9
469 9
470 9
471 9
472 7
473 8
474 7
475 8
476 9
477 8
478 10
479 9
480 9
481 10
482 9
483 7
484 8
485 9
486 8
487 10
488 9
489 9
490 9
491 9
492 9
493 7
494 11
495 6
496 8
497 10
498 9
499 9
500 9
501 11
502 10
503 10
504 9
505 9
506 9
507 7
508 9
509 9
510 9
511 9
512 10
513 10
514 7
515 11
516 10
517 9
518 11
519 8
520 10
521 9
522 10
523 9
524 10
525 8
526 10
527 6
528 7
529 11
530 9
531 8
532 8
533 9
534 7
535 10
536 9
537 9
538 8
539 8
540 9
541 8
542 7
543 9
544 10
545 7
546 8
547 9
548 9
549 8
550 7
551 8
552 9
553 10
554 9
555 10
556 8
557 9
558 9
559 10
560 9
561 9
562 10
563 11
564 7
565 9
566 9
567 10
568 10
569 9
570 10
571 9
572 8
573 8
574 10
575 8
576 10
577 8
578 9
579 8
580 8
581 10
582 7
583 9
584 9
585 9
586 8
587 7
588 9
589 9
590 10
591 8
592 10
593 9
594 7
595 9
596 9
597 10
598 9
599 8
600 9
601 9
602 9
603 5
604 8
605 7
606 7
607 11
608 8
609 8
610 9
611 9
612 7
613 9
614 9
615 9
616 9
617 8
618 7
619 10
620 10
621 9
622 9
623 9
624 9
625 8
626 8
627 10
628 11
629 8
630 9
631 8
632 8
633 9
634 8
635 9
636 9
637 9
638 8
639 8
640 9
641 10
642 10
643 11
644 10
645 9
646 9
647 9
648 8
649 8
650 10
651 6
652 9
653 8
654 10
655 8
656 9
657 8
658 8
659 8
660 10
661 9
662 10
663 9
664 8
665 10
666 7
667 10
668 10
669 7
670 9
671 8
672 11
673 10
674 8
675 7
676 8
677 9
678 11
679 9
680 7
681 8
682 7
683 8
684 9
685 9
686 11
687 5
688 8
689 9
690 8
691 9
692 9
693 10
694 10
695 7
696 9
697 9
698 9
699 9
700 7
701 10
702 9
703 10
704 10
705 10
706 9
707 9
708 9
709 9
710 7
711 10
712 10
713 7
714 11
715 8
716 10
717 10
718 7
719 10
720 7
721 10
722 8
723 8
724 10
725 9
726 9
727 9
728 8
729 8
730 8
731 10
732 5
733 9
734 9
735 10
736 10
737 8
738 10
739 8
740 10
741 8
742 9
743 7
744 9
745 8
746 7
747 10
748 10
749 10
750 8
751 7
752 10
753 8
754 6
755 9
756 10
757 8
758 8
759 6
760 7
761 7
762 9
763 9
764 8
765 8
766 9
767 9
768 7
769 9
770 9
771 6
772 8
773 10
774 8
775 8
776 7
777 8
778 10
779 9
780 9
781 10
782 7
783 8
784 10
785 9
786 8
787 10
788 7
789 9
790 9
791 10
792 8
793 9
794 9
795 9
796 9
797 8
798 8
799 8
800 9
801 9
802 10
803 9
804 9
805 10
806 9
807 9
808 10
809 9
810 8
811 7
812 8
813 9
814 10
815 8
816 7
817 10
818 10
819 9
820 10
821 7
822 7
823 7
824 10
825 9
826 8
827 9
828 9
829 7
830 9
831 8
832 11
833 9
834 7
835 11
836 9
837 9
838 10
839 9
840 10
841 10
842 10
843 8
844 9
845 10
846 9
847 8
848 8
849 9
850 8
851 8
852 10
853 7
854 10
855 10
856 10
857 8
858 10
859 10
860 9
861 9
862 9
863 10
864 4
865 8
866 10
867 9
868 9
869 9
870 7
871 7
872 10
873 9
874 9
875 7
876 7
877 8
878 9
879 9
880 9
881 8
882 11
883 9
884 6
885 9
886 8
887 9
888 11
889 9
890 9
891 8
892 8
893 9
894 10
895 8
896 8
897 8
898 9
899 8
900 10
901 11
902 9
903 11
904 7
905 10
906 8
907 8
908 10
909 8
910 9
911 9
912 10
913 7
914 10
915 8
916 9
917 8
918 10
919 10
920 9
921 9
922 9
923 9
924 10
925 9
926 10
927 8
928 10
929 10
930 7
931 9
932 8
933 9
934 10
935 9
936 10
937 9
938 7
939 8
940 5
941 10
942 11
943 9
944 8
945 10
946 9
947 10
948 6
949 11
950 8
951 8
952 8
953 8
954 9
955 10
956 10
957 9
958 10
959 9
960 8
961 10
962 9
963 10
964 10
965 9
966 9
967 9
968 9
969 8
970 9
971 9
972 10
973 9
974 8
975 6
976 8
977 7
978 9
979 8
980 11
981 9
982 10
983 10
984 9
985 9
986 6
987 8
988 7
989 9
990 8
991 9
992 8
993 9
994 10
995 8
996 10
997 10
998 8
999 10
1000 9
