0 50
1 41
2 38
3 40
4 39
5 34
6 30
7 32
8 27
9 32
10 34
11 35
12 34
13 30
14 31
15 34
16 36
17 33
18 37
19 36
20 37
21 39
22 38
23 39
24 37
25 34
26 34
27 34
28 35
29 34
30 37
31 38
32 37
33 36
34 39
35 36
36 34
37 32
38 35
39 33
40 37
41 34
42 41
43 38
44 36
45 35
46 39
47 39
48 35
49 35
50 35
51 32
52 31
53 37
54 37
55 32
56 36
57 37
58 35
59 34
60 34
61 33
62 35
63 34
64 36
65 40
66 39
67 32
68 33
69 35
70 37
71 36
72 37
73 38
74 36
75 32
76 32
77 31
78 35
79 31
80 31
81 33
82 38
83 35
84 33
85 33
86 33
87 34
88 35
89 32
90 36
91 39
92 36
93 36
94 35
95 36
96 38
97 38
98 35
99 35
100 34
101 33
102 31
103 32
104 35
105 37
106 38
107 36
108 37
109 33
110 35
111 34
112 42
113 36
114 34
115 35
116 36
117 37
118 39
119 34
120 33
121 33
122 32
123 35
124 35
125 30
126 35
127 39
128 40
129 43
130 41
131 35
132 38
133 36
134 39
135 39
136 36
137 37
138 36
139 36
140 36
141 35
142 34
143 37
144 37
145 39
146 34
147 34
148 30
149 29
150 35
151 33
152 30
153 34
154 32
155 33
156 36
157 36
158 35
159 30
160 33
161 33
162 34
163 37
164 34
165 36
166 38
167 38
168 38
169 30
170 29
171 27
172 30
173 36
174 37
175 36
176 31
177 33
178 34
179 36
180 34
181 34
182 35
183 28
184 31
185 35
186 34
187 38
188 36
189 37
190 36
191 35
192 32
193 37
194 33
195 32
196 31
197 27
198 29
199 35
200 39
201 33
202 36
203 36
204 38
205 39
206 33
207 29
208 31
209 34
210 36
211 38
212 34
213 35
214 33
215 35
216 38
217 38
218 34
219 35
220 31
221 35
222 32
223 34
224 35
225 33
226 31
227 31
228 32
229 33
230 34
231 35
232 30
233 34
234 34
235 34
236 35
237 34
238 34
239 32
240 34
241 33
242 35
243 37
244 36
245 41
246 39
247 39
248 36
249 40
250 37
251 36
252 38
253 39
254 35
255 37
256 39
257 38
258 36
259 38
260 37
261 33
262 34
263 32
264 36
265 36
266 33
267 32
268 37
269 35
270 34
271 32
272 33
273 32
274 34
275 34
276 32
277 35
278 37
279 34
280 38
281 39
282 36
283 38
284 35
285 37
286 36
287 35
288 35
289 35
290 33
291 35
292 37
293 39
294 31
295 37
296 36
297 33
298 35
299 37
300 34
301 33
302 35
303 34
304 36
305 37
306 35
307 31
308 36
309 36
310 36
311 33
312 32
313 31
314 30
315 32
316 33
317 34
318 36
319 34
320 36
321 38
322 35
323 37
324 33
325 39
326 34
327 36
328 39
329 36
330 37
331 35
332 31
333 33
334 32
335 34
336 33
337 31
338 29
339 32
340 35
341 34
342 37
343 38
344 36
345 35
346 35
347 38
348 40
349 37
350 37
351 36
352 34
353 31
354 34
355 37
356 34
357 34
358 33
359 35
360 34
361 35
362 36
363 39
364 39
365 36
366 34
367 32
368 38
369 35
370 35
371 36
372 36
373 35
374 36
375 35
376 36
377 34
378 37
379 38
380 37
381 31
382 34
383 33
384 36
385 35
386 33
387 34
388 34
389 35
390 34
391 31
392 35
393 33
394 34
395 34
396 36
397 41
398 37
399 38
400 36
401 34
402 33
403 32
404 31
405 34
406 35
407 34
408 32
409 37
410 34
411 39
412 29
413 28
414 35
415 34
416 32
417 35
418 37
419 34
420 36
421 36
422 34
423 32
424 37
425 34
426 34
427 35
428 32
429 28
430 31
431 38
432 39
433 34
434 36
435 33
436 34
437 36
438 32
439 33
440 38
441 36
442 37
443 35
444 35
445 38
446 37
447 35
448 36
449 34
450 32
451 35
452 35
453 40
454 37
455 32
456 35
457 37
458 36
459 35
460 37
461 36
462 36
463 35
464 36
465 39
466 33
467 30
468 28
469 35
470 34
471 31
472 33
473 30
474 33
475 34
476 32
477 29
478 35
479 34
480 36
481 36
482 36
483 32
484 37
485 42
486 42
487 40
488 40
489 40
490 34
491 32
492 35
493 37
494 36
495 32
496 33
497 34
498 33
499 33
500 31
501 31
502 28
503 31
504 35
505 39
506 34
507 35
508 33
509 38
510 38
511 36
512 38
513 37
514 30
515 33
516 33
517 27
518 31
519 32
520 36
521 36
522 35
523 38
524 37
525 40
526 34
527 35
528 33
529 36
530 38
531 32
532 33
533 39
534 35
535 34
536 34
537 35
538 33
539 35
540 36
541 34
542 35
543 35
544 34
545 36
546 35
547 32
548 35
549 36
550 35
551 35
552 35
553 37
554 35
555 34
556 35
557 32
558 28
559 29
560 27
561 31
562 34
563 32
564 30
565 34
566 35
567 35
568 34
569 33
570 35
571 31
572 30
573 31
574 35
575 37
576 36
577 37
578 34
579 33
580 33
581 38
582 37
583 38
584 39
585 39
586 38
587 37
588 34
589 36
590 34
591 36
592 34
593 33
594 36
595 36
596 43
597 37
598 32
599 32
600 34
601 35
602 32
603 34
604 33
605 35
606 35
607 33
608 35
609 34
610 33
611 32
612 35
613 34
614 37
615 36
616 34
617 33
618 33
619 31
620 33
621 38
622 36
623 36
624 40
625 34
626 40
627 40
628 33
629 34
630 35
631 33
632 34
633 31
634 35
635 36
636 40
637 34
638 33
639 31
640 34
641 37
642 32
643 38
644 36
645 35
646 34
647 36
648 39
649 36
650 39
651 36
652 37
653 33
654 37
655 36
656 35
657 33
658 34
659 38
660 33
661 36
662 36
663 35
664 36
665 36
666 37
667 40
668 38
669 32
670 33
671 36
672 37
673 33
674 30
675 32
676 36
677 35
678 31
679 35
680 40
681 39
682 37
683 35
684 36
685 35
686 33
687 34
688 38
689 36
690 33
691 33
692 29
693 33
694 32
695 26
696 27
697 31
698 33
699 35
700 33
701 34
702 31
703 38
704 33
705 32
706 36
707 30
708 32
709 35
710 35
711 36
712 38
713 33
714 38
715 40
716 32
717 27
718 34
719 35
720 32
721 37
722 34
723 35
724 35
725 32
726 32
727 35
728 37
729 38
730 38
731 38
732 38
733 34
734 38
735 31
736 32
737 30
738 32
739 36
740 39
741 35
742 38
743 35
744 30
745 31
746 32
747 32
748 32
749 32
750 32
751 28
752 33
753 35
754 36
755 34
756 36
757 36
758 33
759 29
760 33
761 34
762 34
763 35
764 37
765 37
766 38
767 33
768 32
769 37
770 37
771 34
772 39
773 35
774 37
775 37
776 37
777 37
778 38
779 35
780 34
781 37
782 40
783 40
784 38
785 38
786 37
787 32
788 36
789 34
790 36
791 35
792 37
793 34
794 39
795 34
796 36
797 35
798 37
799 31
800 31
801 34
802 35
803 34
804 34
805 37
806 34
807 34
808 30
809 34
810 34
811 33
812 26
813 31
814 37
815 35
816 34
817 36
818 37
819 37
820 35
821 38
822 37
823 35
824 34
825 33
826 34
827 37
828 35
829 36
830 36
831 36
832 34
833 35
834 35
835 34
836 36
837 37
838 36
839 37
840 39
841 38
842 37
843 33
844 32
845 33
846 33
847 36
848 33
849 35
850 37
851 33
852 34
853 31
854 37
855 34
856 36
857 37
858 34
859 33
860 38
861 32
862 33
863 35
864 34
865 37
866 36
867 32
868 33
869 34
870 33
871 38
872 41
873 38
874 32
875 31
876 32
877 33
878 33
879 32
880 33
881 32
882 32
883 33
884 35
885 30
886 32
887 31
888 33
889 35
890 33
891 34
892 37
893 35
894 36
895 33
896 34
897 36
898 31
899 31
900 29
901 34
902 27
903 30
904 35
905 34
906 31
907 36
908 37
909 34
910 35
911 36
912 37
913 33
914 36
915 36
916 35
917 36
918 36
919 35
920 36
921 37
922 34
923 38
924 35
925 35
926 38
927 38
928 38
929 40
930 40
931 37
932 36
933 38
934 36
935 33
936 33
937 34
938 35
939 29
940 33
941 36
942 34
943 34
944 37
945 37
946 32
947 36
948 36
949 37
950 36
951 38
952 36
953 37
954 35
955 38
956 35
957 33
958 32
959 35
960 40
961 32
962 31
963 35
964 34
965 34
966 35
967 33
968 34
969 32
970 32
971 35
972 30
973 26
974 32
975 34
976 38
977 40
978 35
979 34
980 33
981 33
982 33
983 35
984 30
985 31
986 36
987 34
988 30
989 35
990 36
991 35
992 32
993 34
994 35
995 34
996 36
997 32
998 32
999 34
1000 31
