0 30
1 22
2 22
3 20
4 23
5 19
6 19
7 18
8 21
9 21
10 18
11 21
12 20
13 20
14 22
15 21
16 18
17 16
18 18
19 19
20 21
21 18
22 22
23 22
24 20
25 21
26 23
27 20
28 19
29 19
30 18
31 18
32 19
33 19
34 20
35 20
36 22
37 20
38 25
39 19
40 20
41 17
42 19
43 20
44 20
45 20
46 16
47 16
48 20
49 19
50 19
51 18
52 19
53 19
54 16
55 15
56 17
57 22
58 20
59 20
60 19
61 20
62 19
63 22
64 19
65 17
66 21
67 17
68 17
69 18
70 21
71 18
72 20
73 21
74 20
75 20
76 19
77 19
78 18
79 21
80 15
81 17
82 20
83 19
84 17
85 21
86 20
87 20
88 17
89 18
90 20
91 19
92 19
93 19
94 19
95 17
96 22
97 17
98 15
99 17
100 19
101 19
102 20
103 23
104 21
105 17
106 20
107 21
108 21
109 22
110 19
111 17
112 22
113 16
114 18
115 18
116 19
117 19
118 18
119 19
120 17
121 18
122 18
123 18
124 19
125 20
126 18
127 18
128 19
129 20
130 18
131 20
132 23
133 21
134 19
135 22
136 22
137 21
138 19
139 20
140 18
141 20
142 21
143 22
144 21
145 20
146 16
147 19
148 19
149 22
150 23
151 20
152 18
153 19
154 18
155 17
156 18
157 19
158 23
159 20
160 17
161 19
162 18
163 18
164 16
165 21
166 21
167 15
168 14
169 19
170 20
171 21
172 19
173 19
174 19
175 22
176 21
177 21
178 21
179 20
180 18
181 12
182 16
183 18
184 20
185 23
186 18
187 19
188 20
189 19
190 20
191 22
192 21
193 20
194 16
195 14
196 18
197 17
198 18
199 19
200 21
201 19
202 19
203 22
204 18
205 14
206 17
207 17
208 17
209 17
210 19
211 20
212 22
213 19
214 19
215 19
216 20
217 20
218 19
219 20
220 22
221 20
222 19
223 21
224 14
225 17
226 19
227 18
228 19
229 19
230 19
231 20
232 21
233 20
234 22
235 20
236 19
237 18
238 20
239 20
240 22
241 23
242 21
243 20
244 21
245 19
246 21
247 22
248 21
249 20
250 16
251 17
252 19
253 21
254 18
255 20
256 21
257 18
258 19
259 21
260 21
261 22
262 17
263 20
264 19
265 20
266 20
267 18
268 19
269 20
270 23
271 22
272 23
273 20
274 19
275 19
276 16
277 20
278 23
279 19
280 21
281 20
282 19
283 20
284 20
285 21
286 19
287 18
288 17
289 19
290 20
291 18
292 18
293 20
294 19
295 18
296 21
297 20
298 17
299 15
300 17
301 20
302 21
303 22
304 19
305 17
306 16
307 18
308 20
309 20
310 17
311 18
312 20
313 22
314 20
315 19
316 19
317 22
318 18
319 16
320 17
321 14
322 14
323 18
324 15
325 22
326 21
327 21
328 18
329 21
330 22
331 22
332 19
333 20
334 21
335 21
336 20
337 19
338 22
339 19
340 20
341 20
342 18
343 19
344 21
345 20
346 16
347 16
348 16
349 18
350 21
351 20
352 19
353 20
354 18
355 18
356 20
357 20
358 21
359 19
360 19
361 20
362 18
363 21
364 19
365 19
366 19
367 20
368 18
369 18
370 20
371 20
372 22
373 20
374 21
375 18
376 21
377 18
378 20
379 21
380 18
381 20
382 18
383 18
384 16
385 20
386 20
387 17
388 20
389 19
390 19
391 18
392 21
393 20
394 20
395 17
396 19
397 21
398 19
399 17
400 17
401 21
402 17
403 22
404 20
405 20
406 20
407 18
408 19
409 21
410 17
411 18
412 21
413 20
414 21
415 20
416 21
417 16
418 19
419 19
420 17
421 16
422 17
423 20
424 22
425 18
426 18
427 21
428 20
429 16
430 19
431 21
432 23
433 21
434 21
435 17
436 18
437 17
438 20
439 19
440 22
441 20
442 20
443 23
444 19
445 16
446 19
447 19
448 20
449 20
450 19
451 20
452 22
453 21
454 18
455 21
456 24
457 22
458 20
459 18
460 19
461 18
462 17
463 20
464 19
465 17
466 20
467 18
468 18
469 19
470 18
471 19
472 18
473 21
474 18
475 15
476 18
477 20
478 19
479 17
480 19
481 19
482 16
483 19
484 19
485 19
486 20
487 21
488 20
489 16
490 20
491 19
492 21
493 19
494 22
495 20
496 24
497 21
498 21
499 19
500 20
501 17
502 17
503 21
504 20
505 18
506 22
507 20
508 22
509 20
510 21
511 20
512 19
513 20
514 20
515 20
516 20
517 20
518 22
519 21
520 23
521 19
522 20
523 20
524 22
525 18
526 21
527 19
528 19
529 18
530 18
531 17
532 20
533 21
534 21
535 20
536 20
537 18
538 16
539 19
540 20
541 17
542 20
543 17
544 17
545 19
546 19
547 17
548 19
549 20
550 19
551 19
552 19
553 21
554 20
555 20
556 21
557 21
558 20
559 21
560 22
561 17
562 22
563 20
564 21
565 20
566 18
567 19
568 15
569 17
570 16
571 19
572 20
573 21
574 21
575 19
576 20
577 18
578 19
579 17
580 19
581 18
582 21
583 21
584 20
585 21
586 23
587 22
588 19
589 20
590 20
591 23
592 22
593 22
594 18
595 17
596 18
597 22
598 18
599 20
600 19
601 18
602 20
603 18
604 16
605 18
606 20
607 18
608 19
609 23
610 16
611 20
612 19
613 23
614 21
615 24
616 19
617 20
618 15
619 18
620 17
621 18
622 18
623 21
624 21
625 21
626 16
627 19
628 22
629 18
630 20
631 21
632 19
633 16
634 18
635 19
636 20
637 17
638 16
639 14
640 16
641 21
642 17
643 19
644 18
645 19
646 21
647 21
648 22
649 20
650 15
651 17
652 18
653 18
654 17
655 18
656 21
657 19
658 22
659 20
660 22
661 18
662 19
663 18
664 20
665 19
666 20
667 20
668 19
669 19
670 22
671 21
672 20
673 21
674 19
675 19
676 16
677 16
678 21
679 17
680 20
681 17
682 20
683 19
684 15
685 19
686 19
687 19
688 19
689 17
690 20
691 19
692 18
693 16
694 20
695 22
696 21
697 22
698 16
699 22
700 21
701 20
702 21
703 22
704 19
705 16
706 19
707 20
708 18
709 16
710 19
711 19
712 20
713 19
714 20
715 20
716 18
717 18
718 20
719 20
720 19
721 19
722 18
723 14
724 18
725 20
726 21
727 17
728 21
729 19
730 21
731 19
732 20
733 18
734 18
735 20
736 19
737 19
738 19
739 18
740 18
741 20
742 23
743 20
744 22
745 21
746 20
747 19
748 18
749 18
750 20
751 19
752 19
753 19
754 17
755 18
756 19
757 20
758 20
759 16
760 17
761 17
762 19
763 18
764 22
765 18
766 17
767 18
768 18
769 19
770 17
771 16
772 16
773 16
774 17
775 17
776 19
777 19
778 18
779 21
780 21
781 20
782 18
783 15
784 19
785 19
786 22
787 20
788 20
789 19
790 18
791 19
792 18
793 17
794 17
795 19
796 20
797 20
798 19
799 21
800 18
801 19
802 19
803 21
804 20
805 21
806 21
807 15
808 17
809 21
810 20
811 19
812 21
813 20
814 19
815 22
816 22
817 19
818 18
819 16
820 17
821 20
822 20
823 15
824 17
825 20
826 19
827 20
828 18
829 20
830 19
831 19
832 20
833 20
834 19
835 18
836 20
837 20
838 20
839 21
840 20
841 18
842 20
843 20
844 20
845 17
846 17
847 19
848 19
849 18
850 18
851 21
852 23
853 20
854 20
855 22
856 24
857 22
858 21
859 24
860 24
861 20
862 19
863 17
864 19
865 20
866 18
867 17
868 20
869 19
870 22
871 19
872 20
873 21
874 20
875 21
876 21
877 22
878 21
879 18
880 19
881 20
882 21
883 22
884 23
885 21
886 19
887 19
888 21
889 18
890 19
891 19
892 18
893 18
894 17
895 17
896 19
897 22
898 23
899 22
900 21
901 19
902 20
903 18
904 18
905 17
906 18
907 19
908 18
909 18
910 21
911 18
912 25
913 21
914 20
915 22
916 22
917 20
918 20
919 18
920 18
921 18
922 20
923 18
924 15
925 16
926 19
927 18
928 22
929 21
930 20
931 19
932 20
933 19
934 18
935 20
936 20
937 19
938 17
939 15
940 16
941 20
942 19
943 19
944 20
945 23
946 20
947 19
948 21
949 18
950 19
951 17
952 17
953 18
954 19
955 20
956 23
957 21
958 19
959 18
960 20
961 21
962 21
963 19
964 22
965 20
966 18
967 19
968 18
969 19
970 19
971 18
972 20
973 21
974 20
975 21
976 20
977 19
978 19
979 18
980 20
981 17
982 16
983 17
984 18
985 21
986 20
987 18
988 18
989 19
990 16
991 15
992 19
993 21
994 21
995 20
996 21
997 20
998 17
999 19
1000 19
