0 85
1 73
2 68
3 62
4 52
5 53
6 51
7 51
8 54
9 51
10 53
11 53
12 51
13 51
14 48
15 49
16 51
17 51
18 54
19 53
20 53
21 52
22 54
23 50
24 50
25 50
26 48
27 42
28 40
29 46
30 49
31 49
32 49
33 48
34 50
35 53
36 55
37 54
38 49
39 48
40 50
41 46
42 48
43 47
44 49
45 51
46 51
47 50
48 49
49 48
50 50
51 47
52 51
53 49
54 55
55 55
56 55
57 51
58 50
59 51
60 54
61 51
62 49
63 47
64 46
65 46
66 48
67 50
68 46
69 48
70 51
71 50
72 52
73 52
74 52
75 57
76 57
77 54
78 55
79 58
80 55
81 56
82 55
83 54
84 55
85 52
86 51
87 51
88 52
89 48
90 48
91 50
92 50
93 50
94 49
95 53
96 53
97 52
98 49
99 50
100 51
101 50
102 47
103 48
104 47
105 48
106 48
107 53
108 54
109 52
110 55
111 51
112 53
113 53
114 53
115 54
116 51
117 50
118 50
119 52
120 51
121 51
122 52
123 53
124 52
125 52
126 49
127 51
128 54
129 54
130 50
131 52
132 49
133 50
134 51
135 52
136 52
137 56
138 54
139 53
140 53
141 54
142 54
143 49
144 51
145 53
146 51
147 48
148 49
149 51
150 52
151 54
152 55
153 54
154 53
155 54
156 58
157 57
158 57
159 53
160 50
161 52
162 53
163 53
164 48
165 51
166 52
167 55
168 52
169 54
170 50
171 48
172 48
173 51
174 52
175 53
176 55
177 55
178 51
179 48
180 49
181 50
182 49
183 52
184 49
185 53
186 52
187 52
188 50
189 56
190 54
191 51
192 49
193 48
194 50
195 52
196 56
197 55
198 52
199 51
200 51
201 52
202 52
203 52
204 52
205 50
206 52
207 53
208 54
209 54
210 53
211 54
212 50
213 48
214 48
215 47
216 52
217 55
218 55
219 52
220 52
221 52
222 47
223 54
224 52
225 55
226 48
227 50
228 49
229 52
230 49
231 49
232 46
233 50
234 51
235 51
236 52
237 55
238 53
239 51
240 54
241 51
242 51
243 48
244 51
245 50
246 55
247 50
248 52
249 49
250 47
251 50
252 47
253 48
254 46
255 48
256 51
257 55
258 54
259 50
260 51
261 52
262 54
263 53
264 51
265 51
266 52
267 56
268 56
269 55
270 56
271 56
272 54
273 54
274 55
275 52
276 53
277 54
278 54
279 54
280 50
281 49
282 46
283 48
284 48
285 52
286 54
287 54
288 51
289 48
290 50
291 53
292 48
293 48
294 49
295 50
296 52
297 49
298 52
299 55
300 56
301 58
302 57
303 54
304 54
305 51
306 49
307 50
308 49
309 46
310 50
311 52
312 53
313 55
314 58
315 53
316 53
317 54
318 50
319 51
320 51
321 50
322 46
323 44
324 49
325 55
326 53
327 51
328 50
329 51
330 48
331 47
332 47
333 50
334 51
335 49
336 52
337 54
338 56
339 54
340 52
341 51
342 49
343 51
344 50
345 55
346 54
347 55
348 51
349 51
350 51
351 51
352 54
353 55
354 53
355 53
356 52
357 51
358 52
359 51
360 47
361 50
362 51
363 50
364 49
365 52
366 55
367 51
368 55
369 52
370 49
371 46
372 46
373 50
374 50
375 47
376 47
377 53
378 49
379 48
380 49
381 50
382 52
383 54
384 56
385 51
386 53
387 50
388 45
389 46
390 47
391 52
392 52
393 53
394 54
395 55
396 54
397 51
398 50
399 53
400 54
401 54
402 53
403 53
404 51
405 52
406 53
407 53
408 55
409 52
410 50
411 52
412 52
413 55
414 56
415 58
416 57
417 55
418 49
419 50
420 52
421 50
422 49
423 50
424 52
425 52
426 51
427 51
428 47
429 45
430 44
431 49
432 48
433 49
434 49
435 53
436 52
437 51
438 50
439 49
440 53
441 54
442 53
443 55
444 53
445 54
446 55
447 55
448 52
449 51
450 50
451 51
452 50
453 48
454 49
455 48
456 52
457 51
458 50
459 54
460 51
461 49
462 52
463 55
464 57
465 54
466 52
467 53
468 52
469 52
470 49
471 49
472 48
473 46
474 46
475 48
476 47
477 46
478 42
479 47
480 50
481 49
482 49
483 51
484 55
485 56
486 54
487 53
488 57
489 54
490 52
491 54
492 56
493 54
494 56
495 58
496 55
497 54
498 51
499 52
500 54
501 50
502 50
503 49
504 48
505 51
506 53
507 52
508 54
509 55
510 51
511 53
512 53
513 53
514 52
515 47
516 47
517 49
518 50
519 54
520 54
521 55
522 54
523 53
524 51
525 55
526 56
527 58
528 56
529 55
530 48
531 50
532 53
533 53
534 54
535 54
536 54
537 54
538 52
539 49
540 47
541 50
542 53
543 53
544 57
545 54
546 58
547 57
548 53
549 52
550 55
551 53
552 55
553 55
554 52
555 50
556 50
557 49
558 49
559 52
560 52
561 53
562 56
563 56
564 55
565 54
566 56
567 52
568 56
569 56
570 54
571 56
572 51
573 52
574 47
575 48
576 51
577 54
578 55
579 50
580 47
581 44
582 49
583 48
584 51
585 50
586 53
587 50
588 53
589 49
590 53
591 50
592 55
593 53
594 54
595 54
596 52
597 52
598 53
599 54
600 53
601 50
602 52
603 53
604 52
605 55
606 56
607 53
608 53
609 54
610 53
611 55
612 52
613 51
614 51
615 52
616 48
617 53
618 55
619 54
620 51
621 54
622 50
623 49
624 52
625 53
626 55
627 49
628 50
629 52
630 48
631 52
632 52
633 56
634 53
635 55
636 55
637 50
638 51
639 51
640 50
641 50
642 52
643 48
644 53
645 55
646 57
647 57
648 54
649 55
650 55
651 52
652 51
653 52
654 53
655 54
656 52
657 55
658 52
659 49
660 51
661 54
662 49
663 50
664 49
665 53
666 54
667 52
668 50
669 53
670 52
671 52
672 52
673 50
674 51
675 52
676 53
677 54
678 51
679 48
680 49
681 48
682 45
683 46
684 45
685 44
686 43
687 43
688 46
689 43
690 47
691 50
692 50
693 50
694 48
695 49
696 52
697 54
698 54
699 54
700 52
701 53
702 54
703 53
704 51
705 48
706 52
707 55
708 53
709 56
710 54
711 53
712 50
713 51
714 53
715 55
716 52
717 52
718 48
719 48
720 51
721 54
722 52
723 55
724 52
725 55
726 55
727 52
728 54
729 51
730 55
731 52
732 55
733 57
734 53
735 51
736 53
737 55
738 55
739 53
740 54
741 55
742 53
743 51
744 53
745 50
746 49
747 49
748 45
749 48
750 50
751 49
752 51
753 52
754 49
755 50
756 48
757 52
758 51
759 50
760 51
761 46
762 46
763 44
764 46
765 49
766 50
767 49
768 47
769 49
770 47
771 51
772 51
773 50
774 51
775 49
776 52
777 50
778 51
779 53
780 49
781 55
782 53
783 50
784 53
785 56
786 56
787 56
788 58
789 54
790 55
791 56
792 55
793 53
794 54
795 54
796 56
797 50
798 53
799 52
800 55
801 51
802 50
803 49
804 49
805 49
806 50
807 45
808 51
809 49
810 50
811 50
812 50
813 48
814 49
815 51
816 52
817 53
818 54
819 50
820 50
821 49
822 50
823 51
824 52
825 49
826 48
827 52
828 51
829 52
830 53
831 53
832 51
833 52
834 53
835 52
836 52
837 53
838 50
839 53
840 54
841 54
842 54
843 55
844 55
845 55
846 54
847 53
848 53
849 48
850 48
851 46
852 50
853 49
854 51
855 51
856 55
857 51
858 50
859 50
860 53
861 48
862 52
863 54
864 54
865 51
866 54
867 48
868 51
869 49
870 49
871 49
872 46
873 49
874 51
875 52
876 53
877 51
878 52
879 51
880 50
881 49
882 51
883 54
884 53
885 54
886 54
887 57
888 54
889 57
890 59
891 54
892 51
893 47
894 52
895 54
896 54
897 52
898 49
899 52
900 50
901 53
902 53
903 50
904 51
905 50
906 53
907 52
908 52
909 52
910 54
911 52
912 49
913 50
914 51
915 53
916 55
917 54
918 54
919 54
920 51
921 50
922 51
923 51
924 49
925 48
926 46
927 47
928 45
929 47
930 50
931 51
932 52
933 53
934 50
935 50
936 48
937 56
938 59
939 57
940 55
941 55
942 52
943 49
944 52
945 55
946 53
947 53
948 55
949 55
950 56
951 53
952 52
953 53
954 52
955 55
956 55
957 58
958 54
959 55
960 53
961 54
962 53
963 54
964 55
965 55
966 47
967 50
968 54
969 55
970 53
971 56
972 51
973 52
974 48
975 49
976 48
977 50
978 48
979 49
980 50
981 49
982 49
983 48
984 48
985 49
986 51
987 53
988 54
989 53
990 55
991 54
992 52
993 54
994 55
995 55
996 53
997 55
998 54
999 55
1000 53
