0 20
1 16
2 12
3 11
4 11
5 9
6 9
7 9
8 10
9 10
10 8
11 9
12 9
13 11
14 11
15 10
16 9
17 9
18 8
19 7
20 7
21 6
22 7
23 8
24 9
25 9
26 9
27 7
28 9
29 9
30 9
31 9
32 10
33 10
34 8
35 7
36 7
37 6
38 9
39 9
40 7
41 8
42 8
43 9
44 10
45 7
46 8
47 11
48 8
49 10
50 9
51 8
52 7
53 6
54 5
55 8
56 9
57 10
58 9
59 7
60 7
61 8
62 10
63 11
64 12
65 10
66 7
67 8
68 7
69 10
70 10
71 9
72 10
73 8
74 8
75 8
76 8
77 9
78 9
79 9
80 10
81 8
82 9
83 9
84 9
85 8
86 8
87 8
88 8
89 9
90 7
91 9
92 10
93 9
94 9
95 8
96 6
97 8
98 10
99 8
100 8
101 9
102 8
103 6
104 8
105 8
106 9
107 8
108 9
109 9
110 8
111 10
112 9
113 10
114 9
115 9
116 10
117 10
118 11
119 10
120 10
121 10
122 9
123 10
124 9
125 8
126 8
127 8
128 10
129 9
130 10
131 10
132 9
133 9
134 8
135 7
136 7
137 8
138 7
139 10
140 10
141 9
142 10
143 10
144 9
145 7
146 8
147 9
148 10
149 9
150 9
151 10
152 8
153 8
154 8
155 7
156 9
157 6
158 8
159 8
160 9
161 11
162 9
163 10
164 10
165 10
166 10
167 9
168 10
169 10
170 9
171 8
172 7
173 8
174 8
175 10
176 8
177 8
178 7
179 8
180 6
181 7
182 9
183 8
184 9
185 9
186 8
187 7
188 8
189 9
190 9
191 11
192 10
193 9
194 8
195 9
196 10
197 8
198 9
199 9
200 10
201 8
202 10
203 10
204 11
205 10
206 10
207 11
208 10
209 10
210 11
211 9
212 10
213 10
214 12
215 11
216 9
217 9
218 11
219 10
220 10
221 11
222 10
223 10
224 11
225 11
226 11
227 10
228 10
229 9
230 11
231 10
232 11
233 11
234 10
235 9
236 10
237 10
238 10
239 10
240 9
241 9
242 8
243 10
244 9
245 9
246 8
247 8
248 6
249 7
250 8
251 9
252 8
253 8
254 8
255 7
256 6
257 7
258 8
259 11
260 9
261 9
262 9
263 10
264 10
265 8
266 8
267 9
268 8
269 9
270 9
271 11
272 9
273 9
274 10
275 10
276 11
277 11
278 9
279 10
280 9
281 10
282 9
283 9
284 8
285 9
286 9
287 9
288 10
289 9
290 8
291 10
292 10
293 8
294 8
295 9
296 10
297 11
298 11
299 10
300 9
301 9
302 11
303 8
304 11
305 9
306 7
307 6
308 6
309 6
310 5
311 7
312 5
313 9
314 10
315 9
316 7
317 9
318 10
319 9
320 9
321 9
322 8
323 7
324 8
325 10
326 9
327 10
328 9
329 9
330 8
331 7
332 7
333 7
334 7
335 6
336 6
337 6
338 7
339 9
340 9
341 9
342 8
343 7
344 9
345 9
346 10
347 8
348 8
349 8
350 7
351 5
352 6
353 8
354 8
355 7
356 9
357 10
358 10
359 11
360 10
361 9
362 9
363 10
364 10
365 9
366 7
367 8
368 9
369 7
370 6
371 7
372 8
373 10
374 11
375 8
376 8
377 8
378 8
379 10
380 8
381 9
382 9
383 7
384 8
385 9
386 7
387 8
388 10
389 9
390 8
391 7
392 8
393 8
394 8
395 9
396 7
397 6
398 6
399 6
400 6
401 8
402 8
403 10
404 9
405 8
406 8
407 9
408 8
409 8
410 9
411 8
412 8
413 7
414 7
415 8
416 8
417 9
418 8
419 8
420 10
421 10
422 9
423 9
424 8
425 10
426 8
427 9
428 9
429 8
430 10
431 10
432 10
433 11
434 9
435 11
436 9
437 8
438 9
439 8
440 10
441 10
442 10
443 11
444 10
445 9
446 10
447 10
448 11
449 10
450 9
451 10
452 10
453 10
454 9
455 11
456 10
457 11
458 10
459 10
460 9
461 10
462 10
463 8
464 10
465 9
466 9
467 10
468 10
469 10
470 9
471 10
472 10
473 9
474 9
475 10
476 9
477 10
478 10
479 12
480 12
481 9
482 9
483 9
484 9
485 7
486 8
487 7
488 7
489 8
490 8
491 9
492 10
493 9
494 10
495 9
496 9
497 8
498 9
499 8
500 8
501 9
502 9
503 8
504 8
505 7
506 8
507 9
508 9
509 9
510 8
511 7
512 7
513 8
514 9
515 11
516 10
517 10
518 12
519 11
520 9
521 8
522 8
523 8
524 6
525 7
526 8
527 10
528 8
529 9
530 9
531 9
532 9
533 9
534 10
535 11
536 12
537 10
538 9
539 8
540 9
541 10
542 9
543 10
544 12
545 11
546 12
547 11
548 11
549 11
550 10
551 10
552 10
553 11
554 12
555 10
556 9
557 10
558 9
559 9
560 9
561 10
562 10
563 12
564 9
565 7
566 8
567 8
568 9
569 9
570 10
571 11
572 11
573 10
574 8
575 8
576 10
577 11
578 10
579 10
580 10
581 10
582 9
583 9
584 10
585 10
586 11
587 9
588 10
589 10
590 8
591 8
592 10
593 9
594 7
595 5
596 4
597 5
598 7
599 7
600 9
601 9
602 8
603 7
604 8
605 9
606 10
607 10
608 8
609 9
610 8
611 9
612 9
613 10
614 7
615 8
616 8
617 10
618 10
619 9
620 10
621 9
622 8
623 8
624 9
625 10
626 9
627 9
628 10
629 11
630 11
631 11
632 10
633 11
634 9
635 8
636 8
637 8
638 8
639 8
640 10
641 10
642 11
643 10
644 8
645 9
646 9
647 9
648 8
649 8
650 8
651 8
652 9
653 11
654 10
655 9
656 10
657 8
658 7
659 8
660 9
661 9
662 9
663 10
664 9
665 10
666 8
667 9
668 8
669 8
670 9
671 9
672 10
673 10
674 10
675 10
676 10
677 9
678 10
679 8
680 8
681 9
682 8
683 7
684 8
685 7
686 8
687 9
688 8
689 8
690 8
691 8
692 7
693 6
694 5
695 5
696 4
697 7
698 9
699 9
700 11
701 10
702 10
703 10
704 10
705 8
706 8
707 10
708 10
709 11
710 9
711 8
712 9
713 9
714 10
715 11
716 13
717 11
718 10
719 11
720 9
721 10
722 9
723 6
724 7
725 9
726 9
727 9
728 9
729 9
730 10
731 10
732 9
733 10
734 10
735 10
736 9
737 8
738 8
739 9
740 8
741 9
742 6
743 7
744 7
745 7
746 7
747 7
748 8
749 8
750 8
751 9
752 11
753 10
754 8
755 9
756 9
757 10
758 10
759 8
760 9
761 9
762 8
763 8
764 6
765 7
766 8
767 9
768 9
769 10
770 10
771 11
772 11
773 11
774 11
775 9
776 10
777 11
778 11
779 10
780 11
781 11
782 9
783 10
784 9
785 10
786 9
787 10
788 9
789 7
790 8
791 11
792 10
793 8
794 9
795 9
796 8
797 10
798 9
799 10
800 9
801 8
802 7
803 7
804 7
805 5
806 7
807 8
808 10
809 10
810 10
811 10
812 10
813 9
814 7
815 8
816 7
817 8
818 9
819 8
820 8
821 8
822 9
823 9
824 8
825 9
826 9
827 8
828 8
829 7
830 7
831 9
832 8
833 7
834 9
835 10
836 9
837 8
838 8
839 10
840 9
841 8
842 8
843 10
844 10
845 10
846 10
847 10
848 10
849 9
850 9
851 8
852 9
853 10
854 8
855 9
856 9
857 11
858 9
859 10
860 11
861 10
862 10
863 11
864 9
865 7
866 7
867 9
868 10
869 10
870 8
871 9
872 9
873 8
874 9
875 9
876 9
877 9
878 8
879 8
880 9
881 9
882 8
883 8
884 8
885 8
886 8
887 8
888 9
889 8
890 9
891 9
892 8
893 9
894 9
895 10
896 10
897 8
898 6
899 6
900 8
901 8
902 10
903 10
904 10
905 12
906 11
907 9
908 8
909 7
910 7
911 5
912 6
913 9
914 8
915 9
916 7
917 7
918 7
919 9
920 9
921 9
922 10
923 10
924 9
925 10
926 8
927 9
928 10
929 9
930 11
931 11
932 10
933 11
934 11
935 11
936 11
937 10
938 7
939 9
940 7
941 8
942 6
943 5
944 7
945 10
946 10
947 11
948 9
949 10
950 11
951 11
952 8
953 8
954 7
955 8
956 9
957 7
958 7
959 7
960 9
961 10
962 6
963 6
964 7
965 8
966 7
967 8
968 9
969 10
970 11
971 11
972 9
973 6
974 8
975 9
976 7
977 9
978 9
979 9
980 10
981 10
982 9
983 9
984 9
985 9
986 9
987 10
988 9
989 9
990 9
991 9
992 10
993 11
994 11
995 11
996 10
997 9
998 9
999 8
1000 8
