0 15
1 11
2 10
3 9
4 6
5 5
6 6
7 6
8 6
9 6
10 6
11 5
12 6
13 6
14 5
15 5
16 6
17 5
18 6
19 7
20 8
21 7
22 6
23 5
24 4
25 4
26 5
27 5
28 4
29 5
30 4
31 3
32 3
33 3
34 5
35 7
36 6
37 7
38 6
39 6
40 7
41 7
42 6
43 6
44 6
45 7
46 7
47 7
48 7
49 5
50 4
51 4
52 5
53 5
54 5
55 6
56 6
57 5
58 5
59 6
60 6
61 7
62 8
63 8
64 8
65 8
66 8
67 7
68 8
69 7
70 5
71 3
72 4
73 4
74 4
75 4
76 4
77 5
78 3
79 4
80 4
81 3
82 4
83 6
84 7
85 6
86 7
87 6
88 5
89 4
90 4
91 5
92 6
93 5
94 6
95 7
96 7
97 6
98 6
99 6
100 5
101 4
102 5
103 4
104 5
105 6
106 6
107 5
108 4
109 6
110 6
111 6
112 4
113 4
114 6
115 4
116 5
117 5
118 5
119 5
120 6
121 6
122 5
123 5
124 6
125 6
126 6
127 4
128 7
129 5
130 5
131 4
132 4
133 7
134 7
135 7
136 8
137 9
138 9
139 5
140 6
141 6
142 6
143 7
144 7
145 7
146 8
147 9
148 9
149 9
150 8
151 8
152 8
153 10
154 8
155 8
156 7
157 7
158 8
159 8
160 8
161 8
162 6
163 5
164 5
165 5
166 6
167 5
168 4
169 4
170 5
171 5
172 6
173 6
174 6
175 5
176 6
177 5
178 5
179 5
180 5
181 6
182 5
183 5
184 6
185 7
186 8
187 8
188 9
189 6
190 6
191 5
192 6
193 7
194 7
195 6
196 5
197 5
198 6
199 5
200 5
201 4
202 6
203 6
204 7
205 6
206 4
207 5
208 5
209 6
210 6
211 6
212 6
213 7
214 7
215 5
216 7
217 8
218 6
219 6
220 5
221 4
222 4
223 6
224 6
225 6
226 6
227 6
228 5
229 6
230 6
231 7
232 7
233 6
234 5
235 6
236 7
237 8
238 8
239 7
240 7
241 8
242 7
243 7
244 7
245 6
246 7
247 8
248 7
249 6
250 7
251 7
252 6
253 5
254 5
255 5
256 5
257 6
258 6
259 7
260 7
261 6
262 6
263 6
264 6
265 6
266 4
267 4
268 7
269 6
270 4
271 6
272 6
273 7
274 6
275 6
276 7
277 4
278 4
279 6
280 6
281 8
282 7
283 6
284 6
285 4
286 4
287 5
288 6
289 7
290 7
291 7
292 6
293 7
294 6
295 5
296 7
297 8
298 7
299 5
300 4
301 4
302 7
303 7
304 7
305 7
306 7
307 7
308 7
309 7
310 8
311 8
312 8
313 7
314 8
315 7
316 6
317 5
318 6
319 6
320 7
321 5
322 6
323 4
324 6
325 6
326 5
327 6
328 5
329 6
330 6
331 5
332 3
333 4
334 4
335 5
336 5
337 5
338 5
339 5
340 7
341 8
342 6
343 7
344 7
345 6
346 7
347 6
348 6
349 5
350 5
351 6
352 7
353 8
354 8
355 10
356 9
357 7
358 7
359 7
360 7
361 8
362 7
363 7
364 7
365 7
366 8
367 8
368 7
369 5
370 5
371 6
372 8
373 7
374 4
375 4
376 5
377 6
378 7
379 7
380 6
381 6
382 5
383 5
384 6
385 6
386 6
387 7
388 8
389 9
390 9
391 7
392 7
393 8
394 7
395 7
396 5
397 5
398 5
399 6
400 7
401 6
402 6
403 7
404 7
405 5
406 6
407 5
408 5
409 5
410 5
411 6
412 5
413 5
414 5
415 5
416 5
417 5
418 6
419 7
420 7
421 6
422 4
423 5
424 5
425 4
426 6
427 6
428 7
429 7
430 6
431 6
432 6
433 7
434 7
435 7
436 7
437 7
438 6
439 6
440 6
441 5
442 6
443 6
444 6
445 6
446 6
447 6
448 4
449 5
450 5
451 4
452 5
453 5
454 6
455 6
456 5
457 5
458 5
459 5
460 5
461 5
462 6
463 8
464 6
465 5
466 5
467 5
468 5
469 5
470 5
471 4
472 4
473 7
474 7
475 8
476 8
477 7
478 5
479 6
480 6
481 5
482 5
483 5
484 6
485 6
486 6
487 7
488 7
489 8
490 7
491 6
492 6
493 6
494 6
495 4
496 3
497 5
498 5
499 6
500 8
501 8
502 7
503 7
504 7
505 5
506 4
507 4
508 5
509 7
510 7
511 6
512 6
513 6
514 6
515 5
516 5
517 6
518 5
519 6
520 6
521 6
522 6
523 4
524 7
525 6
526 3
527 3
528 3
529 4
530 5
531 6
532 6
533 5
534 5
535 5
536 7
537 6
538 6
539 4
540 6
541 6
542 6
543 6
544 7
545 7
546 5
547 6
548 6
549 6
550 7
551 7
552 8
553 6
554 6
555 6
556 5
557 6
558 6
559 7
560 6
561 5
562 5
563 6
564 7
565 7
566 7
567 8
568 8
569 7
570 8
571 8
572 8
573 8
574 8
575 8
576 9
577 9
578 8
579 7
580 6
581 5
582 6
583 6
584 6
585 5
586 3
587 4
588 5
589 4
590 5
591 6
592 6
593 6
594 5
595 6
596 6
597 5
598 5
599 6
600 6
601 6
602 7
603 5
604 5
605 5
606 6
607 6
608 6
609 8
610 7
611 6
612 6
613 6
614 4
615 5
616 5
617 7
618 7
619 7
620 6
621 7
622 7
623 6
624 8
625 7
626 5
627 6
628 4
629 4
630 6
631 5
632 6
633 6
634 6
635 6
636 7
637 5
638 5
639 6
640 6
641 5
642 6
643 6
644 7
645 5
646 5
647 6
648 6
649 5
650 4
651 4
652 5
653 6
654 6
655 6
656 6
657 6
658 7
659 7
660 7
661 7
662 7
663 7
664 7
665 8
666 8
667 7
668 7
669 7
670 7
671 7
672 7
673 8
674 8
675 7
676 7
677 5
678 6
679 6
680 5
681 6
682 6
683 6
684 6
685 6
686 6
687 5
688 6
689 6
690 6
691 7
692 6
693 6
694 6
695 5
696 7
697 8
698 8
699 8
700 8
701 8
702 7
703 7
704 8
705 5
706 6
707 6
708 6
709 5
710 6
711 7
712 5
713 6
714 6
715 5
716 6
717 8
718 9
719 9
720 7
721 6
722 6
723 7
724 7
725 7
726 6
727 6
728 7
729 7
730 7
731 7
732 5
733 5
734 5
735 5
736 5
737 5
738 5
739 5
740 6
741 6
742 5
743 8
744 7
745 8
746 7
747 8
748 8
749 7
750 7
751 7
752 6
753 5
754 5
755 5
756 6
757 7
758 7
759 6
760 7
761 6
762 6
763 7
764 7
765 4
766 4
767 4
768 5
769 5
770 6
771 6
772 5
773 5
774 5
775 3
776 4
777 3
778 4
779 5
780 4
781 5
782 5
783 5
784 6
785 6
786 6
787 6
788 7
789 5
790 6
791 8
792 6
793 5
794 6
795 7
796 7
797 7
798 7
799 7
800 6
801 7
802 6
803 6
804 7
805 8
806 7
807 8
808 8
809 8
810 8
811 8
812 8
813 7
814 6
815 7
816 6
817 7
818 5
819 6
820 6
821 7
822 7
823 7
824 6
825 6
826 6
827 6
828 6
829 7
830 7
831 6
832 6
833 5
834 5
835 6
836 7
837 6
838 3
839 4
840 4
841 4
842 5
843 6
844 7
845 6
846 8
847 7
848 8
849 7
850 6
851 6
852 8
853 9
854 8
855 7
856 7
857 7
858 7
859 6
860 6
861 5
862 4
863 4
864 4
865 5
866 6
867 5
868 5
869 7
870 7
871 9
872 9
873 9
874 8
875 7
876 5
877 5
878 6
879 6
880 4
881 4
882 5
883 6
884 7
885 7
886 7
887 7
888 8
889 9
890 7
891 4
892 6
893 6
894 6
895 5
896 6
897 5
898 4
899 3
900 3
901 5
902 6
903 5
904 5
905 6
906 5
907 6
908 6
909 5
910 4
911 6
912 5
913 5
914 4
915 2
916 4
917 6
918 7
919 7
920 7
921 3
922 6
923 6
924 7
925 7
926 6
927 6
928 6
929 5
930 5
931 5
932 5
933 6
934 6
935 4
936 4
937 5
938 6
939 5
940 7
941 7
942 8
943 7
944 6
945 5
946 6
947 6
948 7
949 7
950 7
951 7
952 7
953 7
954 5
955 6
956 5
957 4
958 6
959 7
960 6
961 7
962 5
963 4
964 6
965 7
966 5
967 4
968 3
969 4
970 5
971 5
972 6
973 7
974 6
975 5
976 4
977 5
978 7
979 8
980 7
981 7
982 7
983 7
984 7
985 8
986 7
987 5
988 4
989 5
990 4
991 4
992 4
993 5
994 4
995 4
996 5
997 6
998 6
999 7
1000 7
