0 35
1 31
2 30
3 27
4 26
5 25
6 25
7 24
8 24
9 24
10 22
11 22
12 22
13 24
14 24
15 25
16 26
17 25
18 24
19 23
20 22
21 22
22 21
23 18
24 19
25 19
26 18
27 17
28 19
29 19
30 18
31 19
32 20
33 21
34 21
35 21
36 22
37 19
38 19
39 18
40 19
41 18
42 17
43 18
44 18
45 18
46 16
47 16
48 15
49 15
50 17
51 16
52 19
53 20
54 18
55 18
56 19
57 19
58 20
59 19
60 17
61 16
62 16
63 16
64 16
65 18
66 19
67 20
68 20
69 18
70 17
71 18
72 18
73 18
74 19
75 20
76 19
77 20
78 19
79 20
80 21
81 22
82 22
83 22
84 22
85 23
86 24
87 22
88 22
89 20
90 21
91 21
92 20
93 20
94 20
95 19
96 19
97 18
98 18
99 19
100 19
101 21
102 22
103 21
104 21
105 20
106 19
107 22
108 21
109 18
110 16
111 17
112 19
113 20
114 19
115 20
116 22
117 24
118 23
119 22
120 23
121 23
122 22
123 23
124 22
125 22
126 22
127 21
128 21
129 20
130 21
131 22
132 22
133 21
134 21
135 18
136 19
137 20
138 18
139 19
140 17
141 18
142 18
143 18
144 20
145 20
146 21
147 22
148 23
149 23
150 21
151 21
152 20
153 21
154 21
155 20
156 19
157 19
158 20
159 20
160 19
161 20
162 20
163 20
164 19
165 19
166 19
167 18
168 19
169 21
170 22
171 22
172 22
173 21
174 21
175 20
176 20
177 21
178 22
179 23
180 26
181 25
182 25
183 23
184 23
185 22
186 21
187 21
188 20
189 21
190 20
191 19
192 19
193 16
194 18
195 19
196 19
197 20
198 18
199 18
200 15
201 17
202 18
203 19
204 21
205 22
206 22
207 22
208 23
209 21
210 22
211 24
212 23
213 24
214 22
215 21
216 21
217 22
218 23
219 23
220 23
221 23
222 23
223 20
224 21
225 22
226 22
227 22
228 22
229 25
230 23
231 24
232 23
233 24
234 22
235 25
236 24
237 23
238 23
239 26
240 23
241 21
242 21
243 23
244 20
245 20
246 21
247 19
248 19
249 16
250 18
251 18
252 19
253 20
254 20
255 19
256 19
257 17
258 18
259 17
260 20
261 19
262 17
263 20
264 22
265 24
266 22
267 22
268 21
269 21
270 20
271 21
272 19
273 19
274 20
275 21
276 22
277 22
278 24
279 23
280 23
281 19
282 21
283 21
284 21
285 22
286 22
287 22
288 23
289 22
290 23
291 23
292 26
293 24
294 23
295 22
296 23
297 21
298 21
299 21
300 21
301 22
302 20
303 21
304 21
305 22
306 18
307 19
308 21
309 21
310 23
311 23
312 22
313 22
314 22
315 23
316 21
317 22
318 22
319 20
320 20
321 19
322 20
323 20
324 20
325 19
326 20
327 20
328 21
329 21
330 20
331 18
332 19
333 21
334 19
335 22
336 23
337 23
338 24
339 24
340 24
341 24
342 25
343 25
344 25
345 27
346 26
347 26
348 27
349 26
350 25
351 25
352 25
353 25
354 26
355 25
356 25
357 23
358 22
359 23
360 22
361 21
362 21
363 20
364 20
365 20
366 20
367 20
368 21
369 21
370 20
371 21
372 21
373 21
374 23
375 23
376 22
377 23
378 21
379 22
380 22
381 22
382 22
383 23
384 24
385 25
386 25
387 25
388 26
389 26
390 25
391 24
392 23
393 22
394 20
395 19
396 17
397 18
398 20
399 19
400 18
401 19
402 19
403 18
404 19
405 21
406 23
407 23
408 21
409 22
410 23
411 23
412 23
413 22
414 20
415 19
416 20
417 21
418 22
419 21
420 22
421 22
422 23
423 22
424 23
425 23
426 24
427 20
428 22
429 22
430 22
431 25
432 24
433 25
434 25
435 26
436 24
437 22
438 23
439 23
440 23
441 23
442 24
443 24
444 22
445 21
446 20
447 21
448 19
449 21
450 21
451 22
452 23
453 22
454 22
455 21
456 18
457 18
458 18
459 19
460 18
461 19
462 20
463 20
464 20
465 21
466 21
467 20
468 20
469 20
470 21
471 22
472 21
473 23
474 22
475 21
476 22
477 23
478 22
479 21
480 21
481 21
482 20
483 20
484 21
485 21
486 20
487 21
488 21
489 20
490 20
491 20
492 21
493 21
494 20
495 21
496 19
497 19
498 20
499 21
500 21
501 22
502 23
503 22
504 21
505 21
506 20
507 20
508 21
509 21
510 21
511 22
512 20
513 20
514 21
515 22
516 20
517 21
518 21
519 21
520 21
521 21
522 21
523 20
524 20
525 22
526 22
527 21
528 19
529 19
530 20
531 20
532 19
533 20
534 20
535 19
536 21
537 21
538 20
539 19
540 18
541 18
542 21
543 20
544 20
545 20
546 23
547 24
548 26
549 27
550 23
551 24
552 26
553 25
554 25
555 23
556 22
557 19
558 16
559 18
560 18
561 20
562 18
563 18
564 20
565 18
566 19
567 20
568 19
569 18
570 19
571 19
572 18
573 17
574 18
575 20
576 20
577 22
578 22
579 21
580 23
581 24
582 24
583 22
584 21
585 22
586 20
587 20
588 23
589 25
590 22
591 23
592 24
593 24
594 25
595 26
596 26
597 24
598 23
599 23
600 21
601 22
602 22
603 21
604 20
605 19
606 19
607 20
608 20
609 21
610 20
611 22
612 23
613 22
614 20
615 19
616 17
617 15
618 16
619 18
620 17
621 19
622 21
623 20
624 20
625 20
626 22
627 24
628 22
629 21
630 23
631 25
632 24
633 23
634 21
635 21
636 21
637 22
638 22
639 23
640 23
641 22
642 20
643 18
644 19
645 17
646 18
647 18
648 19
649 19
650 21
651 23
652 22
653 26
654 26
655 26
656 26
657 26
658 25
659 25
660 26
661 24
662 24
663 24
664 26
665 25
666 25
667 21
668 21
669 21
670 20
671 19
672 20
673 20
674 19
675 21
676 21
677 21
678 23
679 23
680 21
681 21
682 21
683 21
684 21
685 21
686 21
687 22
688 23
689 22
690 21
691 22
692 23
693 22
694 21
695 21
696 22
697 22
698 22
699 22
700 21
701 21
702 21
703 21
704 21
705 23
706 23
707 21
708 20
709 20
710 22
711 22
712 20
713 19
714 19
715 20
716 21
717 22
718 21
719 21
720 23
721 22
722 22
723 22
724 22
725 21
726 19
727 19
728 19
729 20
730 22
731 22
732 22
733 22
734 22
735 22
736 21
737 23
738 23
739 22
740 21
741 21
742 20
743 20
744 24
745 25
746 25
747 22
748 24
749 25
750 24
751 24
752 25
753 24
754 24
755 24
756 24
757 23
758 25
759 23
760 24
761 25
762 22
763 23
764 22
765 23
766 22
767 22
768 21
769 21
770 22
771 21
772 20
773 21
774 20
775 18
776 19
777 19
778 18
779 15
780 18
781 19
782 20
783 19
784 19
785 20
786 22
787 22
788 22
789 22
790 23
791 22
792 22
793 23
794 22
795 23
796 24
797 24
798 24
799 22
800 20
801 20
802 18
803 20
804 20
805 20
806 18
807 18
808 19
809 20
810 20
811 19
812 18
813 20
814 21
815 21
816 20
817 21
818 21
819 22
820 19
821 20
822 18
823 19
824 18
825 20
826 20
827 18
828 18
829 18
830 19
831 20
832 22
833 23
834 24
835 25
836 26
837 25
838 24
839 25
840 23
841 20
842 20
843 21
844 19
845 19
846 19
847 20
848 22
849 22
850 21
851 23
852 23
853 24
854 25
855 24
856 23
857 23
858 21
859 21
860 21
861 21
862 20
863 20
864 21
865 24
866 22
867 23
868 23
869 21
870 22
871 22
872 23
873 23
874 22
875 20
876 21
877 21
878 22
879 20
880 22
881 19
882 21
883 22
884 23
885 26
886 24
887 22
888 23
889 22
890 19
891 19
892 21
893 24
894 24
895 21
896 20
897 20
898 21
899 22
900 21
901 22
902 21
903 20
904 22
905 22
906 22
907 24
908 23
909 23
910 26
911 25
912 26
913 27
914 26
915 26
916 24
917 24
918 25
919 27
920 25
921 25
922 24
923 24
924 23
925 24
926 24
927 24
928 24
929 23
930 24
931 23
932 24
933 23
934 24
935 25
936 25
937 21
938 21
939 21
940 22
941 24
942 24
943 22
944 22
945 21
946 19
947 18
948 19
949 20
950 20
951 19
952 20
953 22
954 22
955 22
956 21
957 23
958 21
959 20
960 23
961 24
962 24
963 24
964 26
965 25
966 27
967 27
968 25
969 23
970 24
971 23
972 25
973 21
974 18
975 19
976 20
977 18
978 21
979 21
980 21
981 22
982 22
983 22
984 22
985 22
986 23
987 24
988 23
989 23
990 24
991 24
992 24
993 22
994 22
995 22
996 23
997 22
998 22
999 23
1000 23
