0 70
1 59
2 48
3 43
4 45
5 47
6 44
7 42
8 41
9 40
10 37
11 41
12 45
13 47
14 45
15 44
16 45
17 44
18 42
19 44
20 45
21 43
22 44
23 44
24 45
25 44
26 45
27 46
28 45
29 43
30 46
31 45
32 47
33 46
34 47
35 44
36 41
37 46
38 42
39 40
40 43
41 45
42 45
43 48
44 49
45 47
46 48
47 46
48 46
49 45
50 50
51 50
52 47
53 48
54 48
55 46
56 50
57 49
58 44
59 44
60 46
61 48
62 41
63 45
64 47
65 48
66 49
67 43
68 42
69 45
70 42
71 43
72 42
73 38
74 43
75 44
76 46
77 44
78 47
79 46
80 41
81 43
82 43
83 43
84 43
85 44
86 45
87 42
88 41
89 42
90 39
91 42
92 43
93 43
94 42
95 45
96 45
97 46
98 49
99 50
100 50
101 48
102 46
103 49
104 46
105 47
106 47
107 46
108 46
109 48
110 46
111 46
112 43
113 45
114 44
115 40
116 45
117 47
118 45
119 46
120 49
121 48
122 46
123 43
124 44
125 47
126 47
127 45
128 46
129 47
130 43
131 42
132 41
133 45
134 48
135 46
136 45
137 47
138 45
139 45
140 44
141 44
142 47
143 45
144 44
145 46
146 36
147 41
148 45
149 48
150 49
151 46
152 47
153 43
154 47
155 48
156 46
157 47
158 47
159 47
160 45
161 47
162 47
163 47
164 43
165 42
166 42
167 47
168 45
169 45
170 43
171 44
172 45
173 45
174 46
175 45
176 44
177 43
178 46
179 40
180 41
181 41
182 42
183 43
184 46
185 45
186 43
187 45
188 48
189 45
190 46
191 46
192 45
193 46
194 47
195 49
196 47
197 47
198 49
199 45
200 43
201 43
202 46
203 46
204 41
205 43
206 44
207 46
208 46
209 42
210 41
211 43
212 42
213 44
214 45
215 44
216 42
217 43
218 43
219 44
220 41
221 42
222 44
223 44
224 41
225 40
226 43
227 44
228 48
229 46
230 47
231 47
232 46
233 43
234 43
235 46
236 48
237 44
238 45
239 44
240 45
241 43
242 43
243 46
244 48
245 48
246 47
247 47
248 45
249 48
250 47
251 47
252 47
253 48
254 48
255 48
256 45
257 42
258 46
259 41
260 41
261 44
262 45
263 45
264 47
265 48
266 46
267 44
268 42
269 45
270 47
271 41
272 43
273 45
274 42
275 43
276 45
277 45
278 49
279 45
280 42
281 46
282 47
283 43
284 44
285 41
286 39
287 44
288 45
289 40
290 46
291 44
292 43
293 40
294 43
295 43
296 43
297 44
298 47
299 42
300 45
301 46
302 45
303 46
304 45
305 46
306 47
307 49
308 48
309 44
310 41
311 45
312 46
313 47
314 45
315 44
316 44
317 46
318 48
319 46
320 45
321 46
322 43
323 46
324 46
325 47
326 46
327 43
328 44
329 45
330 44
331 46
332 47
333 47
334 46
335 47
336 47
337 46
338 45
339 47
340 47
341 45
342 45
343 47
344 49
345 46
346 40
347 44
348 44
349 45
350 44
351 45
352 45
353 44
354 44
355 48
356 45
357 42
358 42
359 43
360 44
361 40
362 41
363 43
364 40
365 42
366 42
367 45
368 46
369 44
370 43
371 40
372 44
373 48
374 47
375 46
376 46
377 47
378 46
379 48
380 49
381 46
382 42
383 42
384 44
385 44
386 47
387 47
388 47
389 46
390 42
391 42
392 45
393 43
394 46
395 47
396 40
397 43
398 43
399 44
400 46
401 47
402 46
403 43
404 47
405 47
406 46
407 44
408 46
409 42
410 45
411 43
412 35
413 42
414 37
415 42
416 44
417 42
418 45
419 41
420 46
421 47
422 46
423 42
424 46
425 49
426 48
427 43
428 44
429 41
430 39
431 42
432 45
433 46
434 50
435 49
436 45
437 41
438 41
439 43
440 47
441 44
442 43
443 43
444 47
445 45
446 43
447 41
448 45
449 48
450 45
451 44
452 47
453 48
454 45
455 45
456 43
457 41
458 45
459 43
460 42
461 42
462 41
463 40
464 42
465 39
466 42
467 47
468 44
469 46
470 46
471 48
472 48
473 47
474 44
475 45
476 44
477 42
478 43
479 47
480 43
481 42
482 45
483 46
484 47
485 46
486 45
487 46
488 46
489 45
490 45
491 45
492 43
493 46
494 46
495 47
496 50
497 50
498 46
499 50
500 47
501 41
502 39
503 41
504 40
505 46
506 46
507 46
508 45
509 46
510 48
511 44
512 46
513 38
514 40
515 47
516 46
517 45
518 44
519 46
520 44
521 44
522 47
523 46
524 44
525 42
526 41
527 45
528 47
529 49
530 46
531 46
532 45
533 47
534 45
535 44
536 46
537 45
538 41
539 44
540 41
541 42
542 43
543 43
544 43
545 42
546 42
547 45
548 48
549 45
550 47
551 44
552 47
553 45
554 44
555 46
556 46
557 46
558 47
559 46
560 43
561 45
562 46
563 40
564 42
565 40
566 42
567 44
568 42
569 41
570 39
571 43
572 42
573 48
574 47
575 45
576 43
577 45
578 45
579 47
580 44
581 41
582 46
583 49
584 49
585 48
586 50
587 47
588 47
589 43
590 45
591 42
592 45
593 43
594 43
595 39
596 43
597 46
598 49
599 48
600 41
601 42
602 44
603 48
604 45
605 37
606 41
607 45
608 45
609 44
610 45
611 40
612 45
613 47
614 47
615 49
616 45
617 46
618 43
619 43
620 42
621 45
622 45
623 45
624 40
625 43
626 42
627 43
628 43
629 41
630 45
631 44
632 47
633 48
634 45
635 43
636 47
637 46
638 45
639 47
640 41
641 41
642 42
643 44
644 45
645 48
646 48
647 46
648 44
649 42
650 45
651 39
652 36
653 41
654 40
655 44
656 45
657 44
658 47
659 48
660 49
661 44
662 48
663 46
664 47
665 45
666 46
667 44
668 44
669 45
670 44
671 49
672 48
673 46
674 45
675 44
676 43
677 47
678 47
679 47
680 49
681 46
682 41
683 41
684 41
685 41
686 42
687 43
688 43
689 43
690 47
691 45
692 48
693 44
694 48
695 45
696 46
697 48
698 46
699 43
700 39
701 43
702 42
703 44
704 43
705 43
706 45
707 45
708 41
709 40
710 44
711 46
712 47
713 49
714 47
715 45
716 46
717 50
718 49
719 52
720 49
721 47
722 47
723 48
724 48
725 50
726 45
727 43
728 44
729 45
730 46
731 45
732 42
733 42
734 39
735 40
736 42
737 44
738 42
739 44
740 44
741 44
742 43
743 43
744 44
745 49
746 47
747 44
748 44
749 45
750 46
751 44
752 43
753 46
754 45
755 43
756 44
757 39
758 43
759 43
760 44
761 40
762 38
763 43
764 45
765 43
766 43
767 42
768 41
769 40
770 44
771 45
772 43
773 43
774 46
775 46
776 45
777 40
778 38
779 41
780 45
781 46
782 43
783 46
784 46
785 43
786 44
787 45
788 46
789 44
790 43
791 43
792 44
793 46
794 46
795 44
796 46
797 43
798 42
799 42
800 42
801 42
802 42
803 42
804 46
805 42
806 47
807 47
808 50
809 48
810 47
811 43
812 43
813 43
814 44
815 42
816 48
817 50
818 47
819 46
820 49
821 39
822 43
823 46
824 44
825 43
826 48
827 47
828 43
829 45
830 44
831 44
832 43
833 44
834 44
835 43
836 44
837 45
838 44
839 42
840 40
841 43
842 43
843 45
844 42
845 47
846 43
847 46
848 44
849 46
850 48
851 46
852 44
853 44
854 45
855 47
856 43
857 43
858 43
859 40
860 41
861 45
862 41
863 42
864 42
865 41
866 44
867 43
868 47
869 44
870 46
871 48
872 47
873 41
874 37
875 46
876 42
877 43
878 46
879 43
880 46
881 44
882 42
883 42
884 44
885 45
886 44
887 47
888 48
889 47
890 45
891 45
892 43
893 45
894 45
895 44
896 44
897 46
898 47
899 47
900 45
901 42
902 46
903 48
904 45
905 48
906 48
907 45
908 50
909 46
910 47
911 44
912 48
913 41
914 42
915 45
916 43
917 43
918 43
919 45
920 46
921 45
922 46
923 46
924 45
925 44
926 44
927 46
928 44
929 39
930 42
931 39
932 37
933 38
934 42
935 42
936 42
937 46
938 45
939 48
940 43
941 48
942 48
943 50
944 46
945 46
946 48
947 45
948 43
949 41
950 43
951 44
952 41
953 43
954 45
955 46
956 46
957 47
958 44
959 43
960 43
961 45
962 47
963 46
964 47
965 46
966 45
967 40
968 45
969 47
970 45
971 47
972 44
973 42
974 42
975 45
976 46
977 46
978 43
979 43
980 45
981 48
982 44
983 43
984 43
985 47
986 46
987 42
988 44
989 43
990 41
991 44
992 42
993 46
994 44
995 42
996 41
997 42
998 39
999 37
1000 41
