0 90
1 83
2 80
3 78
4 77
5 74
6 71
7 68
8 62
9 62
10 59
11 61
12 63
13 60
14 60
15 56
16 54
17 53
18 56
19 51
20 52
21 51
22 53
23 53
24 54
25 56
26 57
27 59
28 55
29 55
30 54
31 53
32 54
33 57
34 56
35 61
36 61
37 59
38 60
39 59
40 61
41 60
42 55
43 56
44 57
45 57
46 58
47 57
48 58
49 59
50 61
51 58
52 56
53 57
54 58
55 57
56 57
57 58
58 59
59 58
60 57
61 56
62 56
63 56
64 57
65 58
66 60
67 63
68 65
69 61
70 63
71 65
72 67
73 67
74 64
75 62
76 61
77 64
78 66
79 62
80 60
81 57
82 56
83 57
84 56
85 54
86 55
87 55
88 57
89 57
90 58
91 59
92 60
93 57
94 58
95 59
96 60
97 59
98 60
99 56
100 58
101 59
102 55
103 53
104 51
105 51
106 51
107 57
108 57
109 59
110 61
111 59
112 57
113 56
114 57
115 55
116 57
117 54
118 55
119 57
120 56
121 52
122 53
123 54
124 54
125 53
126 56
127 57
128 58
129 60
130 61
131 60
132 59
133 60
134 61
135 63
136 63
137 63
138 61
139 60
140 61
141 60
142 64
143 65
144 64
145 65
146 64
147 64
148 63
149 59
150 61
151 62
152 61
153 61
154 58
155 59
156 59
157 56
158 58
159 58
160 56
161 57
162 57
163 59
164 59
165 60
166 59
167 59
168 60
169 58
170 58
171 55
172 51
173 52
174 54
175 55
176 55
177 60
178 60
179 58
180 58
181 55
182 54
183 57
184 56
185 56
186 51
187 51
188 54
189 56
190 56
191 54
192 54
193 55
194 55
195 56
196 54
197 53
198 51
199 50
200 48
201 49
202 55
203 57
204 59
205 60
206 58
207 60
208 59
209 59
210 60
211 59
212 60
213 63
214 56
215 54
216 54
217 55
218 57
219 58
220 60
221 63
222 63
223 63
224 64
225 65
226 65
227 64
228 63
229 60
230 63
231 62
232 64
233 63
234 62
235 60
236 63
237 64
238 65
239 64
240 64
241 66
242 65
243 64
244 62
245 64
246 65
247 64
248 62
249 63
250 65
251 64
252 64
253 65
254 62
255 65
256 63
257 67
258 67
259 67
260 66
261 67
262 65
263 67
264 69
265 66
266 66
267 63
268 59
269 60
270 62
271 59
272 62
273 62
274 64
275 64
276 64
277 64
278 63
279 62
280 64
281 60
282 56
283 60
284 59
285 55
286 57
287 56
288 57
289 57
290 55
291 52
292 52
293 55
294 54
295 58
296 60
297 60
298 57
299 60
300 58
301 55
302 55
303 58
304 59
305 61
306 62
307 60
308 57
309 56
310 58
311 57
312 57
313 59
314 58
315 57
316 59
317 58
318 58
319 59
320 58
321 58
322 58
323 58
324 57
325 59
326 57
327 56
328 59
329 59
330 60
331 56
332 56
333 57
334 58
335 59
336 61
337 59
338 59
339 61
340 60
341 59
342 61
343 62
344 61
345 62
346 59
347 59
348 57
349 56
350 55
351 57
352 56
353 55
354 54
355 57
356 57
357 57
358 54
359 57
360 59
361 59
362 57
363 56
364 55
365 56
366 54
367 57
368 59
369 59
370 59
371 59
372 62
373 64
374 61
375 59
376 59
377 60
378 59
379 60
380 62
381 61
382 59
383 61
384 59
385 60
386 59
387 61
388 60
389 61
390 59
391 57
392 53
393 52
394 53
395 57
396 58
397 58
398 57
399 59
400 59
401 55
402 57
403 59
404 59
405 61
406 62
407 62
408 61
409 59
410 59
411 60
412 56
413 55
414 52
415 54
416 55
417 58
418 57
419 58
420 59
421 58
422 58
423 55
424 57
425 59
426 61
427 56
428 54
429 56
430 55
431 56
432 60
433 58
434 53
435 53
436 49
437 52
438 56
439 57
440 57
441 57
442 56
443 58
444 58
445 60
446 61
447 60
448 61
449 60
450 58
451 59
452 59
453 58
454 54
455 54
456 58
457 60
458 60
459 60
460 57
461 56
462 53
463 56
464 56
465 55
466 55
467 59
468 61
469 59
470 59
471 57
472 54
473 58
474 58
475 60
476 63
477 65
478 63
479 61
480 63
481 65
482 62
483 60
484 64
485 61
486 62
487 60
488 62
489 61
490 58
491 57
492 55
493 57
494 57
495 57
496 58
497 58
498 60
499 62
500 60
501 61
502 61
503 60
504 58
505 56
506 56
507 56
508 57
509 55
510 59
511 59
512 62
513 59
514 63
515 63
516 64
517 66
518 63
519 60
520 62
521 63
522 65
523 63
524 61
525 62
526 63
527 63
528 61
529 61
530 62
531 62
532 61
533 62
534 62
535 64
536 64
537 65
538 63
539 62
540 60
541 57
542 58
543 58
544 60
545 60
546 59
547 58
548 57
549 59
550 61
551 62
552 59
553 57
554 56
555 56
556 59
557 59
558 60
559 61
560 62
561 63
562 60
563 62
564 62
565 62
566 62
567 62
568 59
569 60
570 61
571 63
572 60
573 59
574 56
575 56
576 58
577 60
578 61
579 59
580 58
581 58
582 54
583 55
584 58
585 55
586 52
587 53
588 56
589 58
590 59
591 60
592 60
593 57
594 57
595 56
596 58
597 58
598 57
599 56
600 57
601 54
602 57
603 58
604 55
605 54
606 53
607 55
608 55
609 54
610 56
611 55
612 57
613 55
614 60
615 60
616 56
617 57
618 58
619 52
620 53
621 55
622 55
623 59
624 61
625 65
626 63
627 62
628 61
629 61
630 64
631 63
632 65
633 63
634 63
635 65
636 65
637 65
638 62
639 60
640 58
641 56
642 53
643 52
644 54
645 56
646 56
647 60
648 62
649 59
650 59
651 62
652 60
653 58
654 59
655 64
656 64
657 65
658 66
659 64
660 64
661 65
662 64
663 63
664 62
665 63
666 63
667 62
668 62
669 63
670 66
671 64
672 67
673 67
674 66
675 65
676 60
677 60
678 63
679 63
680 62
681 67
682 65
683 66
684 64
685 63
686 67
687 63
688 63
689 61
690 62
691 62
692 61
693 60
694 55
695 57
696 59
697 57
698 54
699 56
700 57
701 55
702 56
703 55
704 51
705 51
706 49
707 50
708 49
709 50
710 50
711 51
712 51
713 53
714 57
715 57
716 61
717 63
718 61
719 61
720 62
721 64
722 63
723 62
724 59
725 63
726 62
727 56
728 58
729 57
730 58
731 57
732 58
733 61
734 59
735 59
736 59
737 58
738 59
739 58
740 60
741 58
742 59
743 60
744 60
745 60
746 64
747 62
748 64
749 63
750 62
751 63
752 64
753 64
754 65
755 63
756 61
757 61
758 61
759 61
760 60
761 59
762 62
763 64
764 59
765 61
766 59
767 63
768 62
769 62
770 63
771 61
772 59
773 59
774 58
775 56
776 59
777 58
778 57
779 53
780 53
781 54
782 53
783 58
784 60
785 58
786 56
787 58
788 60
789 56
790 54
791 58
792 57
793 53
794 52
795 53
796 53
797 54
798 58
799 59
800 59
801 60
802 62
803 58
804 56
805 56
806 54
807 55
808 54
809 57
810 61
811 60
812 59
813 60
814 59
815 61
816 62
817 66
818 62
819 60
820 60
821 61
822 62
823 61
824 61
825 63
826 66
827 66
828 62
829 61
830 62
831 61
832 58
833 58
834 61
835 62
836 62
837 64
838 62
839 61
840 59
841 60
842 65
843 65
844 64
845 62
846 59
847 58
848 59
849 59
850 57
851 58
852 58
853 59
854 62
855 60
856 61
857 62
858 61
859 62
860 64
861 67
862 66
863 65
864 63
865 63
866 63
867 65
868 64
869 60
870 59
871 57
872 56
873 57
874 58
875 61
876 53
877 56
878 57
879 56
880 58
881 55
882 56
883 59
884 58
885 52
886 57
887 55
888 54
889 56
890 54
891 51
892 51
893 52
894 55
895 54
896 55
897 59
898 60
899 60
900 60
901 61
902 62
903 59
904 59
905 60
906 60
907 57
908 60
909 59
910 59
911 59
912 58
913 60
914 60
915 60
916 61
917 61
918 64
919 61
920 57
921 57
922 59
923 59
924 62
925 59
926 58
927 58
928 58
929 53
930 51
931 49
932 51
933 51
934 52
935 53
936 52
937 54
938 53
939 53
940 53
941 51
942 52
943 55
944 57
945 57
946 54
947 54
948 53
949 52
950 53
951 50
952 50
953 48
954 48
955 48
956 51
957 56
958 58
959 59
960 57
961 55
962 58
963 60
964 61
965 60
966 59
967 60
968 63
969 63
970 63
971 59
972 59
973 61
974 61
975 62
976 61
977 64
978 61
979 59
980 57
981 56
982 58
983 59
984 60
985 60
986 60
987 60
988 61
989 62
990 62
991 57
992 59
993 58
994 59
995 58
996 58
997 58
998 56
999 58
1000 61
