0 55
1 46
2 41
3 37
4 40
5 43
6 42
7 40
8 38
9 38
10 36
11 38
12 39
13 43
14 41
15 39
16 42
17 39
18 43
19 41
20 36
21 41
22 39
23 34
24 33
25 36
26 45
27 37
28 36
29 33
30 34
31 41
32 42
33 41
34 41
35 36
36 36
37 40
38 39
39 34
40 36
41 40
42 39
43 36
44 38
45 40
46 42
47 43
48 43
49 33
50 30
51 39
52 37
53 40
54 38
55 37
56 38
57 38
58 39
59 38
60 39
61 44
62 42
63 38
64 37
65 39
66 41
67 39
68 37
69 32
70 42
71 43
72 41
73 37
74 38
75 39
76 40
77 37
78 43
79 38
80 37
81 41
82 38
83 33
84 39
85 34
86 37
87 36
88 33
89 31
90 34
91 40
92 39
93 38
94 38
95 38
96 41
97 37
98 38
99 41
100 40
101 43
102 41
103 40
104 42
105 41
106 38
107 40
108 43
109 43
110 40
111 31
112 38
113 36
114 41
115 39
116 38
117 38
118 44
119 42
120 37
121 38
122 40
123 40
124 43
125 43
126 39
127 40
128 38
129 43
130 43
131 39
132 39
133 39
134 41
135 38
136 36
137 42
138 38
139 40
140 41
141 40
142 39
143 37
144 40
145 43
146 41
147 39
148 35
149 40
150 34
151 36
152 38
153 42
154 42
155 37
156 39
157 40
158 42
159 42
160 39
161 42
162 38
163 37
164 42
165 39
166 37
167 37
168 33
169 37
170 36
171 36
172 34
173 40
174 41
175 36
176 36
177 41
178 36
179 36
180 41
181 40
182 34
183 40
184 39
185 40
186 42
187 39
188 42
189 42
190 42
191 39
192 38
193 33
194 36
195 35
196 40
197 38
198 41
199 35
200 39
201 40
202 38
203 31
204 39
205 42
206 35
207 41
208 37
209 37
210 37
211 39
212 40
213 40
214 40
215 36
216 40
217 39
218 41
219 42
220 40
221 39
222 42
223 41
224 41
225 35
226 39
227 38
228 42
229 34
230 39
231 42
232 39
233 41
234 45
235 39
236 41
237 41
238 42
239 38
240 37
241 37
242 38
243 39
244 41
245 43
246 42
247 39
248 40
249 40
250 44
251 37
252 35
253 45
254 43
255 41
256 36
257 38
258 41
259 42
260 41
261 38
262 37
263 39
264 39
265 36
266 39
267 37
268 38
269 39
270 37
271 41
272 40
273 41
274 38
275 38
276 41
277 40
278 36
279 40
280 36
281 36
282 35
283 39
284 39
285 38
286 37
287 36
288 32
289 38
290 39
291 35
292 42
293 39
294 38
295 39
296 34
297 39
298 42
299 39
300 39
301 38
302 39
303 42
304 42
305 40
306 37
307 38
308 43
309 39
310 38
311 34
312 38
313 39
314 36
315 40
316 42
317 39
318 36
319 41
320 40
321 35
322 36
323 41
324 37
325 39
326 42
327 40
328 38
329 38
330 35
331 41
332 37
333 39
334 40
335 41
336 39
337 41
338 43
339 41
340 41
341 41
342 37
343 36
344 37
345 38
346 37
347 42
348 42
349 36
350 44
351 43
352 39
353 35
354 34
355 33
356 39
357 37
358 43
359 43
360 39
361 40
362 39
363 39
364 37
365 39
366 36
367 35
368 35
369 41
370 42
371 42
372 40
373 41
374 40
375 43
376 35
377 35
378 38
379 35
380 40
381 42
382 37
383 38
384 39
385 42
386 41
387 37
388 40
389 44
390 39
391 38
392 37
393 38
394 42
395 43
396 38
397 38
398 41
399 39
400 41
401 41
402 36
403 31
404 37
405 41
406 44
407 42
408 44
409 40
410 41
411 38
412 39
413 40
414 37
415 34
416 39
417 41
418 43
419 35
420 36
421 36
422 38
423 40
424 38
425 35
426 40
427 40
428 41
429 37
430 40
431 43
432 40
433 39
434 43
435 39
436 42
437 38
438 41
439 37
440 38
441 41
442 37
443 36
444 44
445 41
446 33
447 40
448 37
449 32
450 36
451 40
452 36
453 41
454 40
455 39
456 36
457 42
458 38
459 36
460 36
461 38
462 41
463 39
464 40
465 40
466 36
467 36
468 40
469 37
470 41
471 40
472 40
473 36
474 34
475 34
476 42
477 47
478 42
479 43
480 41
481 40
482 41
483 36
484 38
485 39
486 40
487 42
488 45
489 42
490 42
491 42
492 41
493 40
494 35
495 40
496 38
497 41
498 42
499 39
500 41
501 43
502 41
503 40
504 42
505 36
506 38
507 35
508 37
509 38
510 39
511 39
512 36
513 39
514 39
515 39
516 36
517 37
518 41
519 36
520 36
521 42
522 39
523 44
524 38
525 42
526 40
527 38
528 41
529 42
530 40
531 38
532 40
533 39
534 42
535 39
536 39
537 39
538 39
539 40
540 41
541 35
542 37
543 42
544 45
545 44
546 38
547 39
548 40
549 41
550 40
551 43
552 42
553 41
554 40
555 36
556 36
557 32
558 37
559 40
560 33
561 32
562 33
563 37
564 37
565 36
566 40
567 33
568 35
569 43
570 41
571 42
572 37
573 39
574 35
575 42
576 39
577 37
578 38
579 42
580 38
581 33
582 37
583 37
584 36
585 40
586 42
587 42
588 39
589 42
590 34
591 39
592 41
593 38
594 39
595 38
596 37
597 36
598 42
599 38
600 41
601 37
602 33
603 33
604 33
605 38
606 38
607 33
608 40
609 41
610 39
611 40
612 38
613 39
614 43
615 40
616 39
617 42
618 42
619 39
620 40
621 39
622 39
623 38
624 40
625 42
626 38
627 36
628 37
629 39
630 40
631 42
632 41
633 40
634 34
635 41
636 40
637 40
638 39
639 38
640 42
641 43
642 39
643 38
644 39
645 41
646 41
647 39
648 44
649 36
650 39
651 37
652 36
653 38
654 37
655 37
656 39
657 39
658 38
659 38
660 40
661 37
662 37
663 41
664 36
665 42
666 40
667 36
668 34
669 38
670 35
671 40
672 39
673 30
674 38
675 42
676 36
677 40
678 43
679 42
680 38
681 35
682 37
683 36
684 41
685 41
686 38
687 36
688 35
689 40
690 38
691 40
692 35
693 39
694 35
695 38
696 39
697 33
698 35
699 36
700 39
701 38
702 30
703 40
704 37
705 42
706 40
707 36
708 39
709 41
710 38
711 38
712 39
713 37
714 36
715 39
716 41
717 41
718 40
719 46
720 40
721 42
722 41
723 40
724 36
725 36
726 38
727 41
728 34
729 39
730 36
731 38
732 38
733 38
734 40
735 38
736 39
737 40
738 36
739 42
740 39
741 43
742 39
743 41
744 41
745 43
746 36
747 34
748 38
749 35
750 36
751 38
752 38
753 38
754 40
755 38
756 41
757 43
758 42
759 42
760 40
761 39
762 40
763 34
764 35
765 38
766 34
767 37
768 37
769 36
770 38
771 42
772 35
773 34
774 41
775 39
776 37
777 39
778 36
779 41
780 38
781 40
782 40
783 39
784 36
785 36
786 42
787 41
788 42
789 42
790 40
791 42
792 37
793 38
794 32
795 38
796 42
797 40
798 43
799 45
800 41
801 39
802 40
803 38
804 40
805 39
806 36
807 40
808 46
809 44
810 42
811 36
812 42
813 38
814 42
815 37
816 41
817 38
818 34
819 39
820 41
821 39
822 38
823 42
824 46
825 43
826 39
827 35
828 38
829 35
830 39
831 43
832 40
833 35
834 39
835 40
836 37
837 40
838 44
839 42
840 34
841 37
842 37
843 34
844 42
845 38
846 37
847 37
848 38
849 40
850 40
851 41
852 41
853 38
854 39
855 35
856 38
857 36
858 35
859 34
860 34
861 38
862 43
863 41
864 34
865 32
866 36
867 42
868 40
869 40
870 38
871 38
872 41
873 38
874 37
875 42
876 38
877 37
878 36
879 37
880 37
881 36
882 34
883 32
884 31
885 38
886 41
887 33
888 33
889 39
890 38
891 37
892 38
893 37
894 39
895 39
896 39
897 41
898 35
899 40
900 42
901 41
902 44
903 38
904 43
905 44
906 45
907 43
908 43
909 47
910 41
911 41
912 38
913 43
914 42
915 39
916 42
917 40
918 38
919 40
920 38
921 38
922 38
923 41
924 40
925 38
926 39
927 43
928 40
929 38
930 39
931 43
932 35
933 43
934 42
935 36
936 39
937 38
938 37
939 36
940 41
941 37
942 37
943 38
944 44
945 44
946 45
947 35
948 39
949 36
950 35
951 36
952 40
953 42
954 41
955 39
956 33
957 32
958 34
959 38
960 42
961 38
962 35
963 43
964 34
965 39
966 37
967 37
968 38
969 39
970 39
971 43
972 37
973 40
974 35
975 33
976 42
977 35
978 37
979 34
980 35
981 41
982 45
983 39
984 34
985 37
986 37
987 40
988 36
989 39
990 37
991 34
992 42
993 41
994 40
995 40
996 40
997 40
998 40
999 40
1000 36
