0 55
1 41
2 37
3 36
4 36
5 33
6 38
7 37
8 39
9 38
10 37
11 38
12 37
13 34
14 36
15 36
16 40
17 33
18 37
19 35
20 38
21 35
22 38
23 38
24 37
25 37
26 38
27 36
28 38
29 36
30 35
31 36
32 34
33 37
34 41
35 35
36 35
37 37
38 38
39 36
40 39
41 40
42 37
43 36
44 33
45 40
46 41
47 35
48 36
49 35
50 29
51 36
52 33
53 35
54 38
55 40
56 38
57 39
58 32
59 34
60 39
61 37
62 35
63 37
64 38
65 34
66 38
67 36
68 36
69 36
70 36
71 38
72 37
73 36
74 35
75 33
76 36
77 36
78 36
79 36
80 37
81 38
82 37
83 37
84 38
85 37
86 38
87 36
88 36
89 32
90 35
91 32
92 35
93 35
94 34
95 38
96 37
97 37
98 39
99 39
100 35
101 34
102 34
103 38
104 37
105 35
106 27
107 33
108 40
109 37
110 36
111 36
112 35
113 37
114 37
115 37
116 39
117 39
118 37
119 39
120 35
121 37
122 38
123 36
124 38
125 37
126 37
127 37
128 37
129 40
130 37
131 33
132 33
133 37
134 37
135 33
136 35
137 37
138 36
139 38
140 39
141 37
142 34
143 37
144 36
145 34
146 37
147 38
148 34
149 39
150 37
151 31
152 33
153 33
154 37
155 37
156 36
157 35
158 34
159 36
160 34
161 34
162 38
163 33
164 38
165 36
166 37
167 33
168 38
169 34
170 37
171 37
172 35
173 37
174 35
175 34
176 37
177 38
178 39
179 40
180 38
181 39
182 39
183 33
184 38
185 40
186 37
187 39
188 39
189 38
190 38
191 35
192 37
193 37
194 38
195 38
196 37
197 33
198 33
199 38
200 34
201 37
202 36
203 38
204 38
205 33
206 37
207 30
208 33
209 34
210 38
211 38
212 36
213 37
214 38
215 37
216 37
217 38
218 37
219 36
220 37
221 37
222 32
223 36
224 36
225 39
226 34
227 38
228 36
229 36
230 40
231 37
232 37
233 34
234 40
235 37
236 37
237 37
238 33
239 33
240 36
241 37
242 37
243 34
244 39
245 37
246 36
247 33
248 39
249 37
250 39
251 36
252 35
253 36
254 38
255 37
256 38
257 38
258 40
259 36
260 33
261 36
262 35
263 36
264 40
265 38
266 36
267 38
268 40
269 36
270 35
271 37
272 34
273 38
274 36
275 36
276 40
277 38
278 37
279 39
280 34
281 36
282 36
283 38
284 35
285 38
286 33
287 37
288 35
289 36
290 36
291 38
292 40
293 35
294 39
295 34
296 39
297 34
298 36
299 36
300 39
301 34
302 37
303 37
304 36
305 37
306 37
307 39
308 35
309 34
310 37
311 39
312 37
313 34
314 34
315 31
316 32
317 33
318 38
319 37
320 34
321 35
322 38
323 32
324 40
325 37
326 33
327 32
328 35
329 37
330 33
331 35
332 35
333 35
334 40
335 34
336 37
337 35
338 39
339 37
340 39
341 36
342 37
343 31
344 38
345 36
346 37
347 38
348 36
349 36
350 40
351 38
352 38
353 37
354 36
355 38
356 34
357 38
358 39
359 41
360 41
361 39
362 40
363 38
364 32
365 33
366 35
367 37
368 34
369 32
370 36
371 35
372 35
373 36
374 38
375 37
376 32
377 29
378 39
379 38
380 38
381 41
382 37
383 35
384 34
385 37
386 39
387 36
388 36
389 37
390 38
391 37
392 37
393 40
394 32
395 39
396 37
397 39
398 36
399 35
400 36
401 33
402 35
403 37
404 36
405 40
406 39
407 36
408 38
409 39
410 35
411 37
412 36
413 33
414 36
415 38
416 37
417 39
418 38
419 38
420 39
421 37
422 39
423 39
424 37
425 38
426 40
427 41
428 34
429 38
430 34
431 33
432 37
433 33
434 35
435 33
436 31
437 33
438 37
439 37
440 37
441 39
442 36
443 33
444 35
445 38
446 36
447 36
448 38
449 39
450 39
451 40
452 40
453 31
454 34
455 37
456 37
457 36
458 29
459 35
460 37
461 36
462 38
463 35
464 34
465 38
466 32
467 40
468 33
469 34
470 34
471 38
472 35
473 35
474 38
475 37
476 36
477 40
478 39
479 36
480 38
481 36
482 34
483 38
484 39
485 37
486 35
487 38
488 40
489 37
490 36
491 41
492 37
493 34
494 33
495 38
496 38
497 40
498 37
499 36
500 37
501 36
502 36
503 40
504 37
505 39
506 37
507 38
508 39
509 36
510 41
511 37
512 41
513 37
514 40
515 37
516 37
517 40
518 36
519 37
520 38
521 36
522 36
523 37
524 35
525 38
526 40
527 33
528 35
529 36
530 37
531 35
532 36
533 38
534 38
535 36
536 41
537 37
538 37
539 35
540 33
541 36
542 38
543 38
544 37
545 39
546 33
547 38
548 39
549 37
550 33
551 40
552 38
553 38
554 39
555 37
556 39
557 36
558 35
559 39
560 38
561 38
562 35
563 39
564 38
565 37
566 34
567 38
568 37
569 32
570 35
571 38
572 36
573 35
574 36
575 37
576 38
577 36
578 40
579 34
580 39
581 34
582 34
583 38
584 34
585 38
586 36
587 35
588 38
589 37
590 40
591 41
592 40
593 34
594 32
595 34
596 38
597 39
598 36
599 37
600 36
601 36
602 38
603 35
604 37
605 37
606 39
607 38
608 34
609 34
610 37
611 39
612 37
613 37
614 36
615 35
616 34
617 36
618 37
619 31
620 33
621 39
622 38
623 40
624 34
625 36
626 34
627 39
628 32
629 38
630 37
631 35
632 33
633 35
634 35
635 36
636 37
637 34
638 35
639 37
640 36
641 36
642 34
643 39
644 34
645 36
646 37
647 39
648 36
649 38
650 39
651 36
652 40
653 39
654 38
655 37
656 38
657 36
658 41
659 31
660 37
661 35
662 37
663 39
664 41
665 40
666 40
667 35
668 39
669 39
670 36
671 37
672 40
673 37
674 36
675 38
676 39
677 39
678 36
679 39
680 30
681 32
682 38
683 37
684 38
685 39
686 32
687 37
688 38
689 39
690 37
691 35
692 34
693 37
694 36
695 36
696 38
697 39
698 32
699 34
700 38
701 36
702 35
703 40
704 38
705 36
706 38
707 35
708 32
709 38
710 38
711 38
712 37
713 36
714 34
715 35
716 33
717 32
718 39
719 33
720 39
721 37
722 40
723 40
724 40
725 36
726 38
727 37
728 35
729 35
730 36
731 39
732 37
733 39
734 35
735 35
736 40
737 32
738 37
739 38
740 36
741 37
742 38
743 41
744 35
745 35
746 40
747 38
748 36
749 38
750 36
751 38
752 38
753 39
754 41
755 32
756 35
757 38
758 38
759 34
760 34
761 36
762 35
763 36
764 41
765 40
766 33
767 33
768 40
769 34
770 36
771 34
772 37
773 35
774 37
775 33
776 36
777 36
778 36
779 36
780 36
781 38
782 37
783 35
784 39
785 40
786 37
787 40
788 36
789 33
790 33
791 39
792 36
793 37
794 39
795 37
796 39
797 35
798 37
799 37
800 37
801 34
802 34
803 39
804 35
805 35
806 33
807 38
808 40
809 38
810 36
811 38
812 40
813 41
814 32
815 34
816 35
817 38
818 37
819 35
820 31
821 36
822 37
823 38
824 38
825 37
826 41
827 40
828 38
829 37
830 40
831 35
832 36
833 38
834 40
835 39
836 38
837 40
838 37
839 35
840 36
841 38
842 37
843 40
844 40
845 37
846 37
847 39
848 37
849 33
850 35
851 34
852 36
853 33
854 35
855 38
856 37
857 33
858 35
859 35
860 35
861 39
862 38
863 37
864 36
865 34
866 36
867 38
868 35
869 36
870 40
871 39
872 40
873 39
874 39
875 37
876 35
877 38
878 39
879 37
880 36
881 39
882 37
883 37
884 39
885 38
886 39
887 38
888 39
889 36
890 41
891 40
892 37
893 34
894 36
895 37
896 41
897 36
898 36
899 38
900 35
901 36
902 35
903 35
904 34
905 35
906 35
907 37
908 38
909 38
910 36
911 38
912 35
913 35
914 37
915 36
916 34
917 34
918 38
919 34
920 37
921 36
922 38
923 36
924 35
925 36
926 35
927 38
928 36
929 37
930 33
931 33
932 37
933 40
934 41
935 37
936 36
937 37
938 35
939 33
940 37
941 33
942 38
943 33
944 36
945 34
946 37
947 37
948 37
949 36
950 35
951 37
952 40
953 36
954 35
955 34
956 33
957 38
958 34
959 37
960 39
961 41
962 36
963 37
964 33
965 36
966 36
967 32
968 34
969 32
970 37
971 35
972 36
973 41
974 38
975 35
976 36
977 36
978 37
979 36
980 39
981 34
982 31
983 37
984 37
985 40
986 34
987 36
988 37
989 39
990 35
991 32
992 39
993 34
994 39
995 35
996 36
997 35
998 40
999 39
1000 32
