0 10
1 8
2 5
3 8
4 5
5 8
6 7
7 8
8 6
9 8
10 6
11 5
12 7
13 7
14 6
15 7
16 6
17 6
18 7
19 6
20 7
21 6
22 7
23 8
24 8
25 5
26 6
27 8
28 8
29 6
30 9
31 7
32 7
33 6
34 8
35 7
36 5
37 8
38 7
39 8
40 7
41 5
42 4
43 7
44 5
45 7
46 6
47 5
48 6
49 8
50 7
51 8
52 5
53 7
54 8
55 8
56 8
57 5
58 7
59 9
60 6
61 8
62 7
63 6
64 9
65 8
66 7
67 7
68 7
69 8
70 5
71 8
72 7
73 6
74 8
75 8
76 6
77 7
78 6
79 6
80 4
81 8
82 10
83 7
84 8
85 10
86 8
87 7
88 7
89 4
90 5
91 8
92 8
93 9
94 7
95 7
96 9
97 6
98 7
99 9
100 6
101 6
102 9
103 7
104 9
105 7
106 5
107 6
108 8
109 8
110 8
111 8
112 7
113 8
114 8
115 7
116 7
117 7
118 7
119 6
120 5
121 4
122 7
123 7
124 7
125 6
126 6
127 8
128 7
129 8
130 6
131 6
132 8
133 6
134 6
135 9
136 5
137 7
138 6
139 5
140 7
141 6
142 4
143 5
144 6
145 9
146 6
147 8
148 6
149 9
150 6
151 6
152 6
153 5
154 8
155 7
156 7
157 4
158 8
159 6
160 7
161 7
162 8
163 7
164 6
165 7
166 5
167 7
168 8
169 6
170 6
171 6
172 8
173 6
174 4
175 7
176 6
177 8
178 8
179 7
180 7
181 6
182 7
183 4
184 6
185 8
186 6
187 8
188 6
189 7
190 7
191 8
192 7
193 6
194 10
195 8
196 4
197 7
198 7
199 8
200 7
201 7
202 6
203 7
204 8
205 8
206 6
207 6
208 9
209 8
210 8
211 6
212 5
213 7
214 4
215 7
216 6
217 5
218 7
219 6
220 8
221 7
222 8
223 8
224 8
225 7
226 6
227 8
228 8
229 6
230 7
231 8
232 8
233 8
234 6
235 6
236 6
237 6
238 5
239 6
240 7
241 5
242 6
243 7
244 8
245 7
246 8
247 7
248 7
249 8
250 8
251 5
252 7
253 7
254 7
255 7
256 8
257 8
258 9
259 7
260 6
261 4
262 9
263 7
264 7
265 6
266 6
267 8
268 6
269 7
270 7
271 8
272 8
273 7
274 6
275 7
276 8
277 7
278 6
279 7
280 6
281 5
282 7
283 4
284 8
285 6
286 6
287 8
288 7
289 4
290 7
291 8
292 7
293 9
294 5
295 5
296 5
297 8
298 7
299 5
300 8
301 6
302 8
303 5
304 9
305 7
306 5
307 9
308 6
309 8
310 6
311 7
312 7
313 8
314 9
315 7
316 6
317 5
318 3
319 6
320 8
321 6
322 7
323 8
324 6
325 6
326 8
327 5
328 6
329 6
330 5
331 6
332 9
333 8
334 6
335 6
336 5
337 7
338 7
339 6
340 6
341 6
342 7
343 8
344 8
345 7
346 6
347 7
348 5
349 6
350 4
351 8
352 8
353 5
354 7
355 7
356 6
357 9
358 8
359 7
360 7
361 6
362 8
363 7
364 7
365 8
366 7
367 8
368 5
369 8
370 7
371 7
372 6
373 7
374 8
375 7
376 6
377 7
378 8
379 4
380 7
381 6
382 7
383 7
384 9
385 7
386 7
387 9
388 6
389 9
390 8
391 6
392 8
393 7
394 5
395 5
396 8
397 8
398 7
399 8
400 7
401 5
402 7
403 7
404 6
405 6
406 8
407 8
408 8
409 6
410 6
411 7
412 6
413 6
414 9
415 6
416 9
417 8
418 8
419 6
420 7
421 6
422 8
423 6
424 7
425 7
426 5
427 7
428 7
429 9
430 8
431 5
432 7
433 6
434 6
435 6
436 7
437 8
438 8
439 7
440 8
441 7
442 6
443 7
444 8
445 7
446 7
447 8
448 6
449 7
450 9
451 6
452 7
453 5
454 7
455 6
456 8
457 5
458 5
459 7
460 7
461 6
462 7
463 6
464 7
465 3
466 8
467 7
468 6
469 8
470 8
471 5
472 5
473 5
474 6
475 9
476 8
477 7
478 7
479 6
480 8
481 8
482 8
483 9
484 6
485 5
486 7
487 6
488 7
489 9
490 6
491 4
492 7
493 7
494 7
495 6
496 7
497 9
498 5
499 9
500 6
501 7
502 8
503 6
504 6
505 5
506 3
507 6
508 6
509 6
510 6
511 9
512 8
513 6
514 7
515 5
516 6
517 9
518 7
519 7
520 7
521 6
522 7
523 7
524 8
525 7
526 6
527 6
528 7
529 5
530 7
531 5
532 6
533 8
534 6
535 7
536 6
537 6
538 8
539 6
540 7
541 7
542 8
543 8
544 6
545 6
546 7
547 7
548 8
549 7
550 7
551 8
552 6
553 4
554 6
555 5
556 5
557 7
558 5
559 5
560 4
561 9
562 3
563 8
564 8
565 6
566 4
567 7
568 8
569 3
570 5
571 6
572 5
573 7
574 6
575 8
576 8
577 6
578 8
579 8
580 9
581 6
582 6
583 5
584 7
585 6
586 6
587 6
588 7
589 4
590 8
591 6
592 6
593 8
594 7
595 7
596 7
597 7
598 7
599 6
600 8
601 5
602 7
603 7
604 7
605 8
606 5
607 6
608 6
609 7
610 9
611 8
612 8
613 9
614 5
615 5
616 5
617 7
618 7
619 9
620 6
621 9
622 7
623 7
624 6
625 6
626 8
627 7
628 7
629 8
630 6
631 6
632 6
633 8
634 6
635 6
636 7
637 8
638 6
639 6
640 8
641 7
642 7
643 6
644 5
645 7
646 7
647 7
648 7
649 7
650 7
651 7
652 8
653 7
654 4
655 6
656 6
657 7
658 7
659 8
660 7
661 4
662 5
663 7
664 5
665 4
666 6
667 8
668 7
669 8
670 8
671 6
672 4
673 7
674 8
675 8
676 8
677 7
678 8
679 8
680 8
681 8
682 8
683 5
684 6
685 5
686 6
687 8
688 7
689 8
690 9
691 8
692 8
693 7
694 7
695 3
696 8
697 7
698 8
699 6
700 5
701 7
702 7
703 6
704 7
705 4
706 7
707 6
708 7
709 8
710 6
711 7
712 5
713 7
714 9
715 8
716 7
717 4
718 8
719 6
720 7
721 6
722 7
723 6
724 6
725 9
726 7
727 7
728 6
729 7
730 9
731 5
732 7
733 7
734 5
735 7
736 8
737 7
738 6
739 8
740 8
741 6
742 8
743 9
744 8
745 9
746 7
747 7
748 5
749 5
750 5
751 8
752 8
753 7
754 7
755 7
756 6
757 5
758 8
759 7
760 5
761 7
762 8
763 9
764 9
765 8
766 7
767 7
768 6
769 6
770 8
771 8
772 5
773 7
774 8
775 9
776 8
777 7
778 5
779 6
780 7
781 6
782 7
783 7
784 6
785 8
786 8
787 6
788 6
789 7
790 5
791 5
792 5
793 8
794 3
795 7
796 7
797 5
798 4
799 8
800 4
801 8
802 7
803 8
804 7
805 8
806 6
807 7
808 8
809 7
810 7
811 6
812 6
813 6
814 5
815 6
816 6
817 8
818 8
819 8
820 7
821 7
822 6
823 8
824 7
825 3
826 7
827 8
828 3
829 6
830 7
831 7
832 5
833 8
834 6
835 7
836 6
837 7
838 9
839 7
840 7
841 5
842 7
843 7
844 8
845 7
846 7
847 6
848 8
849 5
850 9
851 7
852 7
853 6
854 7
855 8
856 8
857 6
858 8
859 7
860 6
861 8
862 6
863 8
864 7
865 6
866 7
867 8
868 7
869 4
870 7
871 6
872 5
873 7
874 9
875 3
876 7
877 7
878 7
879 7
880 8
881 8
882 9
883 8
884 7
885 7
886 7
887 9
888 9
889 8
890 6
891 7
892 5
893 7
894 7
895 6
896 6
897 7
898 7
899 7
900 7
901 6
902 5
903 7
904 5
905 8
906 5
907 6
908 8
909 7
910 8
911 9
912 5
913 5
914 8
915 8
916 8
917 6
918 6
919 6
920 4
921 7
922 7
923 9
924 6
925 6
926 5
927 7
928 6
929 5
930 8
931 8
932 8
933 7
934 8
935 5
936 4
937 8
938 6
939 9
940 7
941 6
942 7
943 7
944 7
945 7
946 9
947 8
948 6
949 10
950 7
951 6
952 7
953 6
954 6
955 7
956 6
957 7
958 6
959 6
960 7
961 7
962 7
963 5
964 8
965 7
966 7
967 5
968 6
969 6
970 7
971 6
972 8
973 8
974 6
975 6
976 6
977 6
978 6
979 8
980 5
981 5
982 6
983 9
984 4
985 6
986 2
987 9
988 7
989 5
990 8
991 4
992 8
993 7
994 8
995 5
996 8
997 8
998 9
999 8
1000 7
