0 35
1 25
2 24
3 19
4 20
5 18
6 20
7 21
8 18
9 20
10 23
11 21
12 22
13 26
14 25
15 20
16 23
17 22
18 22
19 22
20 24
21 25
22 21
23 21
24 22
25 24
26 20
27 21
28 22
29 24
30 22
31 21
32 24
33 23
34 21
35 21
36 21
37 22
38 22
39 23
40 24
41 20
42 19
43 20
44 21
45 23
46 22
47 22
48 19
49 20
50 22
51 20
52 21
53 24
54 22
55 22
56 24
57 24
58 23
59 24
60 20
61 22
62 18
63 22
64 20
65 20
66 20
67 23
68 21
69 22
70 23
71 22
72 25
73 23
74 24
75 20
76 20
77 22
78 22
79 21
80 21
81 22
82 21
83 23
84 22
85 19
86 23
87 22
88 24
89 23
90 23
91 24
92 22
93 20
94 20
95 22
96 25
97 23
98 22
99 20
100 21
101 22
102 24
103 23
104 21
105 23
106 22
107 23
108 23
109 20
110 20
111 22
112 24
113 25
114 23
115 23
116 18
117 20
118 26
119 23
120 19
121 16
122 21
123 22
124 23
125 22
126 20
127 21
128 20
129 22
130 18
131 19
132 23
133 25
134 27
135 25
136 23
137 23
138 24
139 21
140 22
141 21
142 19
143 21
144 22
145 23
146 22
147 25
148 24
149 22
150 21
151 21
152 24
153 19
154 21
155 23
156 23
157 23
158 22
159 23
160 24
161 27
162 24
163 23
164 23
165 22
166 23
167 23
168 22
169 24
170 22
171 21
172 19
173 23
174 23
175 23
176 22
177 22
178 22
179 24
180 22
181 24
182 23
183 22
184 22
185 22
186 24
187 22
188 19
189 22
190 21
191 24
192 23
193 24
194 23
195 26
196 20
197 18
198 18
199 22
200 21
201 23
202 22
203 23
204 22
205 19
206 17
207 21
208 22
209 22
210 21
211 21
212 17
213 21
214 16
215 23
216 23
217 25
218 25
219 21
220 21
221 19
222 20
223 23
224 23
225 22
226 23
227 23
228 23
229 25
230 24
231 25
232 20
233 20
234 19
235 21
236 22
237 22
238 22
239 23
240 23
241 23
242 23
243 21
244 20
245 21
246 20
247 21
248 23
249 22
250 23
251 22
252 20
253 21
254 23
255 22
256 23
257 24
258 23
259 23
260 25
261 22
262 23
263 22
264 24
265 23
266 20
267 20
268 20
269 21
270 24
271 22
272 21
273 21
274 22
275 25
276 26
277 18
278 21
279 22
280 20
281 20
282 22
283 22
284 21
285 22
286 21
287 22
288 18
289 19
290 17
291 23
292 23
293 23
294 25
295 21
296 23
297 25
298 24
299 23
300 22
301 21
302 21
303 21
304 19
305 23
306 24
307 23
308 25
309 23
310 19
311 23
312 24
313 22
314 22
315 21
316 24
317 24
318 22
319 22
320 20
321 19
322 22
323 21
324 21
325 23
326 20
327 25
328 23
329 24
330 22
331 22
332 22
333 24
334 22
335 23
336 26
337 21
338 23
339 24
340 21
341 22
342 23
343 24
344 21
345 23
346 23
347 22
348 22
349 22
350 20
351 23
352 20
353 24
354 25
355 24
356 23
357 23
358 21
359 19
360 23
361 21
362 22
363 24
364 23
365 21
366 19
367 21
368 20
369 20
370 23
371 24
372 22
373 19
374 23
375 23
376 22
377 21
378 25
379 20
380 19
381 21
382 22
383 22
384 21
385 20
386 21
387 21
388 20
389 21
390 21
391 21
392 23
393 23
394 22
395 25
396 23
397 24
398 22
399 21
400 22
401 23
402 25
403 23
404 20
405 20
406 21
407 19
408 23
409 21
410 22
411 16
412 23
413 19
414 22
415 20
416 22
417 25
418 22
419 23
420 21
421 21
422 20
423 22
424 21
425 23
426 25
427 26
428 23
429 22
430 22
431 23
432 21
433 19
434 21
435 21
436 20
437 23
438 21
439 23
440 23
441 24
442 20
443 23
444 25
445 23
446 23
447 23
448 22
449 23
450 24
451 25
452 23
453 20
454 21
455 23
456 24
457 21
458 24
459 23
460 20
461 20
462 23
463 22
464 18
465 20
466 22
467 23
468 26
469 24
470 22
471 24
472 19
473 21
474 24
475 23
476 22
477 23
478 21
479 24
480 23
481 24
482 21
483 22
484 21
485 24
486 25
487 22
488 21
489 21
490 21
491 24
492 24
493 23
494 24
495 23
496 22
497 24
498 21
499 20
500 24
501 22
502 21
503 22
504 21
505 23
506 23
507 22
508 21
509 22
510 23
511 24
512 21
513 21
514 22
515 25
516 22
517 25
518 23
519 25
520 19
521 23
522 21
523 22
524 25
525 23
526 22
527 23
528 23
529 21
530 21
531 23
532 22
533 20
534 23
535 21
536 21
537 23
538 22
539 23
540 23
541 23
542 22
543 18
544 20
545 21
546 22
547 22
548 23
549 23
550 21
551 20
552 20
553 19
554 21
555 20
556 25
557 23
558 20
559 22
560 21
561 17
562 22
563 24
564 22
565 20
566 24
567 24
568 21
569 22
570 20
571 23
572 22
573 22
574 20
575 24
576 25
577 25
578 23
579 21
580 21
581 25
582 18
583 25
584 24
585 23
586 22
587 23
588 23
589 25
590 24
591 23
592 25
593 19
594 19
595 23
596 23
597 23
598 21
599 24
600 24
601 22
602 22
603 22
604 21
605 25
606 24
607 21
608 23
609 24
610 23
611 23
612 22
613 24
614 22
615 23
616 23
617 23
618 24
619 24
620 23
621 24
622 22
623 20
624 21
625 22
626 22
627 19
628 23
629 23
630 25
631 24
632 23
633 23
634 20
635 18
636 22
637 23
638 21
639 18
640 20
641 22
642 24
643 23
644 20
645 20
646 19
647 20
648 24
649 24
650 23
651 22
652 21
653 24
654 25
655 22
656 24
657 23
658 22
659 25
660 23
661 23
662 21
663 20
664 20
665 18
666 19
667 20
668 20
669 23
670 23
671 22
672 24
673 22
674 18
675 20
676 23
677 21
678 20
679 22
680 19
681 19
682 20
683 19
684 22
685 24
686 21
687 23
688 21
689 23
690 22
691 23
692 24
693 21
694 25
695 20
696 22
697 18
698 23
699 20
700 19
701 23
702 26
703 25
704 25
705 21
706 21
707 25
708 24
709 20
710 19
711 22
712 23
713 26
714 21
715 21
716 19
717 21
718 21
719 24
720 19
721 23
722 21
723 22
724 20
725 19
726 18
727 23
728 24
729 22
730 19
731 21
732 21
733 23
734 24
735 24
736 21
737 25
738 24
739 23
740 20
741 23
742 19
743 24
744 25
745 23
746 24
747 24
748 23
749 22
750 22
751 23
752 20
753 24
754 23
755 22
756 19
757 23
758 22
759 21
760 23
761 24
762 23
763 24
764 24
765 23
766 24
767 23
768 22
769 24
770 15
771 21
772 22
773 23
774 22
775 22
776 25
777 22
778 20
779 23
780 19
781 21
782 21
783 20
784 21
785 22
786 21
787 21
788 22
789 22
790 20
791 21
792 20
793 23
794 26
795 25
796 25
797 23
798 22
799 22
800 23
801 22
802 21
803 22
804 20
805 21
806 22
807 21
808 21
809 23
810 23
811 24
812 23
813 19
814 21
815 24
816 22
817 21
818 23
819 23
820 22
821 23
822 22
823 23
824 23
825 24
826 21
827 20
828 24
829 22
830 22
831 22
832 20
833 24
834 24
835 25
836 25
837 26
838 24
839 25
840 23
841 18
842 21
843 20
844 21
845 21
846 22
847 19
848 16
849 14
850 22
851 22
852 22
853 24
854 25
855 21
856 23
857 23
858 25
859 20
860 21
861 22
862 24
863 25
864 23
865 20
866 22
867 24
868 19
869 23
870 23
871 21
872 22
873 20
874 23
875 21
876 22
877 25
878 23
879 22
880 22
881 20
882 24
883 22
884 20
885 20
886 22
887 24
888 23
889 23
890 24
891 24
892 24
893 19
894 23
895 21
896 16
897 20
898 21
899 23
900 25
901 25
902 23
903 24
904 22
905 22
906 22
907 23
908 24
909 22
910 22
911 21
912 22
913 23
914 24
915 23
916 22
917 21
918 20
919 19
920 19
921 23
922 23
923 22
924 24
925 23
926 23
927 21
928 20
929 23
930 24
931 21
932 22
933 22
934 22
935 21
936 25
937 22
938 22
939 20
940 21
941 21
942 23
943 20
944 22
945 23
946 21
947 21
948 22
949 24
950 24
951 24
952 20
953 20
954 23
955 25
956 18
957 21
958 20
959 23
960 22
961 24
962 22
963 19
964 22
965 23
966 20
967 22
968 21
969 25
970 21
971 22
972 23
973 21
974 20
975 20
976 20
977 23
978 23
979 21
980 19
981 23
982 23
983 20
984 22
985 23
986 24
987 20
988 21
989 20
990 24
991 24
992 23
993 19
994 22
995 18
996 16
997 18
998 23
999 24
1000 24
