0 30
1 18
2 22
3 19
4 20
5 20
6 20
7 22
8 18
9 17
10 21
11 20
12 20
13 21
14 16
15 21
16 17
17 17
18 20
19 20
20 19
21 19
22 23
23 20
24 19
25 19
26 22
27 22
28 22
29 19
30 18
31 21
32 19
33 19
34 21
35 21
36 20
37 19
38 19
39 17
40 21
41 18
42 22
43 19
44 17
45 20
46 20
47 19
48 19
49 19
50 17
51 20
52 20
53 19
54 20
55 18
56 20
57 21
58 18
59 16
60 20
61 16
62 22
63 19
64 22
65 21
66 17
67 19
68 19
69 17
70 19
71 19
72 21
73 20
74 19
75 20
76 20
77 20
78 18
79 18
80 17
81 18
82 20
83 18
84 21
85 20
86 18
87 22
88 19
89 18
90 20
91 17
92 20
93 19
94 19
95 19
96 20
97 19
98 20
99 20
100 21
101 18
102 20
103 19
104 19
105 20
106 21
107 21
108 18
109 20
110 22
111 18
112 22
113 22
114 19
115 18
116 19
117 19
118 24
119 21
120 21
121 18
122 20
123 20
124 19
125 21
126 16
127 21
128 20
129 19
130 21
131 22
132 19
133 20
134 19
135 20
136 20
137 20
138 23
139 16
140 20
141 19
142 21
143 19
144 19
145 20
146 19
147 20
148 15
149 17
150 20
151 19
152 17
153 19
154 21
155 21
156 17
157 22
158 19
159 22
160 22
161 20
162 18
163 19
164 15
165 19
166 17
167 20
168 20
169 21
170 19
171 18
172 20
173 19
174 16
175 18
176 19
177 20
178 19
179 19
180 20
181 18
182 19
183 20
184 20
185 20
186 21
187 21
188 21
189 20
190 22
191 20
192 20
193 20
194 18
195 20
196 20
197 16
198 19
199 20
200 19
201 21
202 20
203 19
204 18
205 18
206 14
207 21
208 20
209 20
210 18
211 19
212 23
213 17
214 20
215 16
216 22
217 17
218 20
219 18
220 19
221 20
222 19
223 21
224 18
225 19
226 21
227 17
228 17
229 20
230 18
231 19
232 22
233 16
234 20
235 20
236 19
237 21
238 21
239 19
240 19
241 18
242 21
243 21
244 18
245 16
246 20
247 20
248 17
249 18
250 22
251 19
252 20
253 21
254 20
255 20
256 19
257 20
258 18
259 19
260 18
261 21
262 19
263 18
264 20
265 20
266 19
267 19
268 19
269 17
270 19
271 17
272 17
273 18
274 20
275 15
276 22
277 19
278 19
279 21
280 20
281 20
282 19
283 21
284 20
285 22
286 21
287 18
288 20
289 16
290 20
291 21
292 21
293 22
294 19
295 17
296 16
297 17
298 22
299 21
300 20
301 20
302 21
303 20
304 17
305 18
306 22
307 21
308 20
309 18
310 20
311 20
312 21
313 18
314 20
315 17
316 20
317 17
318 18
319 20
320 20
321 21
322 20
323 19
324 15
325 18
326 19
327 15
328 19
329 21
330 23
331 23
332 19
333 18
334 21
335 22
336 19
337 21
338 20
339 20
340 22
341 21
342 17
343 18
344 20
345 20
346 22
347 20
348 20
349 18
350 16
351 20
352 17
353 19
354 20
355 19
356 17
357 18
358 22
359 21
360 20
361 16
362 17
363 22
364 17
365 21
366 21
367 21
368 22
369 20
370 17
371 21
372 21
373 18
374 19
375 20
376 19
377 21
378 19
379 20
380 22
381 18
382 20
383 19
384 21
385 20
386 20
387 18
388 18
389 20
390 17
391 19
392 18
393 19
394 20
395 19
396 20
397 20
398 18
399 18
400 20
401 19
402 15
403 19
404 21
405 20
406 20
407 20
408 20
409 16
410 18
411 21
412 20
413 21
414 17
415 21
416 19
417 18
418 19
419 17
420 22
421 20
422 18
423 20
424 20
425 20
426 22
427 19
428 19
429 18
430 20
431 18
432 19
433 18
434 19
435 20
436 20
437 19
438 19
439 18
440 20
441 19
442 17
443 21
444 22
445 20
446 17
447 21
448 19
449 17
450 19
451 20
452 21
453 19
454 20
455 19
456 17
457 20
458 22
459 17
460 21
461 21
462 20
463 21
464 17
465 20
466 16
467 21
468 16
469 20
470 22
471 19
472 19
473 22
474 19
475 18
476 20
477 18
478 19
479 21
480 20
481 16
482 21
483 21
484 19
485 21
486 21
487 18
488 20
489 20
490 20
491 17
492 18
493 15
494 19
495 20
496 18
497 17
498 19
499 21
500 21
501 20
502 21
503 20
504 22
505 17
506 21
507 16
508 20
509 19
510 18
511 19
512 21
513 19
514 19
515 19
516 18
517 20
518 20
519 17
520 16
521 21
522 20
523 21
524 20
525 15
526 15
527 18
528 20
529 19
530 20
531 18
532 20
533 19
534 19
535 20
536 19
537 20
538 19
539 20
540 20
541 19
542 21
543 20
544 21
545 20
546 22
547 21
548 19
549 21
550 21
551 15
552 18
553 19
554 19
555 19
556 17
557 21
558 20
559 19
560 18
561 21
562 19
563 20
564 18
565 19
566 20
567 20
568 18
569 19
570 18
571 22
572 23
573 20
574 21
575 20
576 22
577 17
578 20
579 17
580 19
581 16
582 19
583 17
584 19
585 20
586 22
587 20
588 20
589 17
590 18
591 20
592 18
593 21
594 19
595 21
596 19
597 21
598 19
599 19
600 19
601 20
602 17
603 18
604 19
605 18
606 18
607 18
608 19
609 21
610 20
611 21
612 19
613 18
614 18
615 18
616 18
617 19
618 16
619 18
620 19
621 18
622 17
623 23
624 21
625 18
626 21
627 22
628 19
629 18
630 22
631 17
632 21
633 18
634 20
635 20
636 19
637 18
638 17
639 21
640 19
641 20
642 19
643 17
644 19
645 19
646 18
647 22
648 19
649 20
650 20
651 20
652 23
653 19
654 21
655 21
656 21
657 19
658 20
659 23
660 21
661 20
662 19
663 20
664 22
665 19
666 19
667 21
668 18
669 18
670 22
671 20
672 20
673 21
674 16
675 17
676 21
677 21
678 20
679 20
680 20
681 20
682 19
683 19
684 20
685 18
686 20
687 18
688 17
689 21
690 18
691 19
692 17
693 17
694 18
695 19
696 19
697 18
698 21
699 16
700 20
701 22
702 18
703 18
704 18
705 19
706 16
707 17
708 17
709 21
710 21
711 18
712 20
713 21
714 21
715 17
716 18
717 21
718 20
719 18
720 19
721 18
722 20
723 21
724 16
725 20
726 18
727 20
728 20
729 17
730 22
731 21
732 20
733 22
734 19
735 20
736 18
737 20
738 21
739 17
740 17
741 20
742 20
743 20
744 19
745 20
746 16
747 20
748 20
749 19
750 19
751 18
752 19
753 20
754 23
755 19
756 19
757 20
758 19
759 17
760 16
761 20
762 18
763 17
764 21
765 22
766 21
767 19
768 18
769 19
770 17
771 20
772 21
773 20
774 17
775 21
776 20
777 18
778 18
779 20
780 21
781 19
782 19
783 20
784 18
785 16
786 22
787 23
788 19
789 16
790 19
791 16
792 20
793 19
794 21
795 22
796 19
797 22
798 22
799 20
800 22
801 19
802 22
803 17
804 21
805 17
806 21
807 20
808 21
809 17
810 17
811 21
812 20
813 19
814 18
815 18
816 22
817 20
818 20
819 15
820 20
821 19
822 21
823 19
824 18
825 19
826 21
827 18
828 21
829 22
830 20
831 19
832 20
833 18
834 19
835 21
836 20
837 18
838 22
839 20
840 20
841 23
842 18
843 21
844 19
845 16
846 18
847 18
848 21
849 20
850 23
851 19
852 20
853 21
854 19
855 20
856 20
857 18
858 22
859 17
860 21
861 14
862 19
863 19
864 17
865 21
866 20
867 21
868 19
869 20
870 18
871 20
872 18
873 20
874 20
875 17
876 19
877 21
878 20
879 19
880 19
881 20
882 21
883 20
884 18
885 21
886 19
887 20
888 22
889 19
890 20
891 21
892 19
893 16
894 18
895 22
896 16
897 18
898 19
899 22
900 18
901 23
902 16
903 19
904 21
905 21
906 19
907 21
908 19
909 19
910 20
911 20
912 19
913 20
914 17
915 21
916 20
917 20
918 20
919 17
920 20
921 19
922 17
923 24
924 16
925 17
926 21
927 20
928 17
929 20
930 19
931 18
932 18
933 22
934 18
935 20
936 21
937 20
938 17
939 18
940 21
941 19
942 22
943 21
944 21
945 19
946 20
947 20
948 20
949 20
950 20
951 21
952 16
953 23
954 19
955 18
956 20
957 20
958 20
959 20
960 19
961 18
962 20
963 18
964 19
965 20
966 21
967 19
968 22
969 19
970 20
971 18
972 18
973 19
974 16
975 19
976 16
977 22
978 22
979 20
980 22
981 23
982 21
983 21
984 17
985 21
986 19
987 17
988 18
989 21
990 18
991 22
992 18
993 22
994 20
995 21
996 22
997 20
998 20
999 20
1000 21
