0 80
1 62
2 56
3 52
4 55
5 53
6 50
7 50
8 48
9 56
10 56
11 53
12 53
13 51
14 44
15 49
16 53
17 53
18 55
19 54
20 53
21 51
22 51
23 49
24 52
25 51
26 50
27 53
28 52
29 52
30 55
31 54
32 55
33 58
34 57
35 56
36 52
37 51
38 52
39 53
40 53
41 56
42 55
43 52
44 52
45 53
46 54
47 49
48 51
49 47
50 49
51 46
52 54
53 51
54 57
55 53
56 51
57 54
58 52
59 55
60 53
61 47
62 52
63 52
64 54
65 53
66 51
67 52
68 50
69 53
70 55
71 56
72 53
73 53
74 51
75 53
76 50
77 55
78 52
79 54
80 54
81 56
82 50
83 57
84 54
85 52
86 50
87 50
88 54
89 52
90 54
91 55
92 49
93 52
94 52
95 54
96 53
97 54
98 51
99 52
100 55
101 49
102 57
103 52
104 51
105 53
106 54
107 52
108 52
109 49
110 53
111 53
112 56
113 51
114 48
115 55
116 56
117 59
118 54
119 50
120 56
121 57
122 52
123 54
124 54
125 49
126 55
127 53
128 49
129 50
130 52
131 50
132 52
133 55
134 55
135 54
136 51
137 56
138 54
139 53
140 53
141 51
142 57
143 55
144 52
145 53
146 52
147 56
148 52
149 50
150 53
151 58
152 51
153 50
154 52
155 55
156 50
157 54
158 48
159 54
160 54
161 54
162 53
163 50
164 53
165 54
166 54
167 53
168 54
169 53
170 50
171 49
172 55
173 53
174 57
175 57
176 54
177 49
178 56
179 53
180 55
181 52
182 53
183 53
184 56
185 52
186 51
187 53
188 49
189 48
190 53
191 53
192 56
193 56
194 50
195 54
196 53
197 53
198 47
199 51
200 54
201 52
202 48
203 53
204 56
205 54
206 55
207 54
208 54
209 53
210 52
211 53
212 51
213 57
214 56
215 55
216 54
217 52
218 49
219 52
220 53
221 56
222 55
223 50
224 48
225 51
226 54
227 47
228 49
229 57
230 53
231 54
232 56
233 53
234 55
235 49
236 52
237 52
238 52
239 52
240 53
241 53
242 54
243 53
244 55
245 56
246 55
247 51
248 56
249 59
250 51
251 52
252 47
253 45
254 52
255 55
256 57
257 55
258 58
259 54
260 54
261 50
262 54
263 54
264 54
265 52
266 56
267 50
268 50
269 55
270 55
271 53
272 54
273 51
274 52
275 55
276 52
277 49
278 55
279 52
280 49
281 49
282 55
283 54
284 53
285 51
286 53
287 52
288 49
289 48
290 51
291 52
292 51
293 47
294 51
295 52
296 53
297 51
298 52
299 49
300 55
301 50
302 55
303 53
304 47
305 50
306 53
307 56
308 52
309 55
310 57
311 54
312 54
313 52
314 54
315 55
316 44
317 51
318 50
319 50
320 50
321 55
322 55
323 54
324 54
325 49
326 54
327 55
328 56
329 52
330 52
331 53
332 48
333 48
334 51
335 56
336 53
337 54
338 57
339 54
340 47
341 56
342 53
343 51
344 51
345 57
346 54
347 54
348 54
349 57
350 54
351 54
352 53
353 52
354 51
355 51
356 50
357 53
358 57
359 58
360 56
361 58
362 55
363 56
364 56
365 56
366 51
367 53
368 50
369 47
370 45
371 50
372 55
373 51
374 53
375 55
376 52
377 50
378 53
379 56
380 54
381 51
382 56
383 54
384 53
385 56
386 58
387 53
388 48
389 49
390 55
391 50
392 54
393 50
394 52
395 53
396 57
397 47
398 48
399 51
400 50
401 53
402 54
403 54
404 51
405 57
406 58
407 53
408 54
409 53
410 53
411 51
412 52
413 54
414 55
415 52
416 50
417 48
418 47
419 47
420 51
421 53
422 55
423 54
424 57
425 52
426 53
427 49
428 49
429 52
430 47
431 54
432 57
433 56
434 54
435 52
436 55
437 55
438 51
439 56
440 54
441 58
442 55
443 53
444 48
445 49
446 54
447 53
448 52
449 56
450 56
451 53
452 54
453 48
454 55
455 55
456 59
457 53
458 57
459 57
460 54
461 53
462 55
463 54
464 56
465 55
466 58
467 50
468 52
469 49
470 53
471 52
472 52
473 51
474 54
475 55
476 56
477 49
478 55
479 54
480 51
481 48
482 54
483 53
484 51
485 52
486 54
487 55
488 55
489 49
490 52
491 51
492 51
493 54
494 57
495 56
496 56
497 52
498 54
499 54
500 54
501 53
502 47
503 47
504 51
505 53
506 53
507 53
508 58
509 53
510 52
511 54
512 55
513 53
514 52
515 51
516 52
517 54
518 53
519 52
520 52
521 53
522 53
523 56
524 55
525 53
526 52
527 46
528 52
529 53
530 56
531 55
532 51
533 51
534 50
535 51
536 55
537 46
538 52
539 55
540 56
541 56
542 55
543 53
544 50
545 54
546 52
547 54
548 57
549 50
550 50
551 55
552 54
553 52
554 51
555 51
556 54
557 53
558 53
559 49
560 51
561 53
562 52
563 56
564 53
565 55
566 52
567 54
568 57
569 47
570 47
571 52
572 52
573 51
574 51
575 53
576 51
577 54
578 54
579 56
580 56
581 55
582 52
583 52
584 56
585 49
586 50
587 56
588 54
589 56
590 53
591 53
592 49
593 50
594 53
595 53
596 49
597 51
598 53
599 50
600 53
601 55
602 51
603 47
604 54
605 52
606 48
607 54
608 52
609 51
610 53
611 51
612 55
613 54
614 55
615 51
616 52
617 52
618 52
619 53
620 52
621 54
622 56
623 55
624 51
625 51
626 49
627 53
628 55
629 57
630 57
631 56
632 53
633 50
634 56
635 52
636 52
637 54
638 54
639 53
640 52
641 54
642 53
643 56
644 54
645 52
646 56
647 53
648 52
649 55
650 53
651 52
652 54
653 57
654 55
655 54
656 52
657 51
658 48
659 51
660 57
661 51
662 54
663 54
664 50
665 51
666 52
667 49
668 51
669 55
670 55
671 53
672 55
673 56
674 54
675 52
676 53
677 53
678 52
679 52
680 54
681 51
682 53
683 52
684 55
685 52
686 54
687 53
688 55
689 51
690 50
691 52
692 54
693 53
694 54
695 50
696 53
697 48
698 54
699 55
700 56
701 54
702 56
703 54
704 56
705 54
706 54
707 57
708 50
709 48
710 46
711 51
712 52
713 52
714 54
715 53
716 51
717 54
718 54
719 53
720 54
721 53
722 54
723 51
724 53
725 51
726 53
727 55
728 52
729 50
730 53
731 51
732 45
733 50
734 53
735 53
736 52
737 52
738 49
739 54
740 53
741 58
742 55
743 57
744 55
745 53
746 53
747 54
748 50
749 50
750 51
751 53
752 50
753 53
754 54
755 55
756 56
757 56
758 55
759 54
760 51
761 52
762 51
763 50
764 54
765 52
766 54
767 54
768 51
769 53
770 52
771 55
772 50
773 53
774 56
775 54
776 55
777 52
778 48
779 50
780 52
781 52
782 49
783 48
784 56
785 55
786 57
787 57
788 59
789 50
790 51
791 52
792 53
793 51
794 53
795 54
796 48
797 44
798 51
799 54
800 51
801 46
802 50
803 53
804 52
805 53
806 52
807 52
808 53
809 55
810 54
811 49
812 49
813 54
814 53
815 56
816 52
817 50
818 52
819 52
820 55
821 53
822 50
823 55
824 50
825 52
826 55
827 57
828 58
829 53
830 52
831 55
832 50
833 52
834 54
835 55
836 49
837 54
838 52
839 47
840 48
841 53
842 56
843 52
844 54
845 50
846 48
847 53
848 55
849 54
850 56
851 54
852 57
853 51
854 51
855 50
856 52
857 53
858 54
859 51
860 56
861 55
862 56
863 53
864 56
865 56
866 51
867 52
868 53
869 51
870 51
871 55
872 54
873 56
874 55
875 53
876 58
877 55
878 54
879 47
880 52
881 53
882 55
883 53
884 54
885 57
886 52
887 54
888 51
889 53
890 54
891 55
892 54
893 57
894 60
895 55
896 56
897 54
898 56
899 52
900 52
901 52
902 52
903 50
904 54
905 50
906 53
907 50
908 55
909 51
910 50
911 53
912 53
913 52
914 53
915 54
916 54
917 55
918 53
919 54
920 49
921 53
922 55
923 53
924 51
925 50
926 57
927 53
928 52
929 54
930 52
931 49
932 46
933 53
934 54
935 53
936 55
937 51
938 50
939 52
940 56
941 54
942 55
943 52
944 52
945 52
946 51
947 49
948 52
949 56
950 52
951 50
952 54
953 53
954 55
955 55
956 54
957 52
958 56
959 56
960 54
961 55
962 50
963 54
964 54
965 49
966 51
967 55
968 50
969 52
970 48
971 46
972 49
973 54
974 55
975 47
976 50
977 55
978 53
979 54
980 53
981 51
982 51
983 50
984 54
985 47
986 52
987 53
988 54
989 54
990 55
991 52
992 50
993 51
994 51
995 52
996 52
997 53
998 56
999 49
1000 55
