0 95
1 93
2 89
3 87
4 85
5 83
6 81
7 79
8 77
9 75
10 72
11 71
12 70
13 69
14 68
15 67
16 66
17 64
18 62
19 60
20 60
21 59
22 58
23 56
24 56
25 55
26 52
27 52
28 51
29 49
30 47
31 47
32 47
33 47
34 48
35 48
36 47
37 47
38 46
39 46
40 45
41 45
42 44
43 44
44 44
45 44
46 44
47 43
48 42
49 41
50 40
51 39
52 39
53 38
54 39
55 38
56 38
57 37
58 37
59 36
60 35
61 35
62 35
63 34
64 34
65 33
66 33
67 33
68 33
69 33
70 32
71 32
72 32
73 33
74 34
75 34
76 33
77 33
78 33
79 33
80 33
81 32
82 32
83 31
84 31
85 30
86 30
87 30
88 31
89 30
90 29
91 28
92 27
93 27
94 27
95 28
96 28
97 27
98 26
99 26
100 26
101 26
102 26
103 26
104 25
105 26
106 26
107 26
108 26
109 26
110 27
111 27
112 26
113 26
114 27
115 27
116 27
117 27
118 26
119 26
120 26
121 26
122 25
123 25
124 25
125 25
126 24
127 24
128 23
129 23
130 23
131 23
132 22
133 23
134 23
135 22
136 22
137 22
138 23
139 22
140 22
141 22
142 22
143 22
144 22
145 21
146 21
147 22
148 22
149 23
150 23
151 23
152 22
153 22
154 22
155 22
156 22
157 22
158 21
159 21
160 21
161 21
162 21
163 21
164 22
165 22
166 21
167 23
168 23
169 23
170 23
171 21
172 22
173 20
174 21
175 21
176 22
177 22
178 22
179 21
180 22
181 22
182 22
183 22
184 22
185 21
186 21
187 21
188 22
189 22
190 20
191 20
192 19
193 20
194 21
195 22
196 23
197 22
198 22
199 22
200 21
201 22
202 23
203 21
204 21
205 21
206 21
207 21
208 20
209 20
210 20
211 20
212 19
213 20
214 19
215 20
216 21
217 21
218 20
219 21
220 21
221 22
222 22
223 22
224 23
225 25
226 24
227 24
228 25
229 26
230 26
231 27
232 27
233 28
234 27
235 26
236 26
237 26
238 26
239 25
240 27
241 27
242 28
243 29
244 27
245 27
246 25
247 25
248 25
249 25
250 26
251 27
252 27
253 27
254 27
255 27
256 27
257 28
258 27
259 27
260 28
261 28
262 28
263 27
264 27
265 28
266 28
267 28
268 28
269 28
270 28
271 28
272 28
273 27
274 27
275 27
276 28
277 27
278 27
279 27
280 26
281 27
282 27
283 27
284 27
285 26
286 26
287 26
288 24
289 24
290 25
291 24
292 24
293 25
294 25
295 24
296 24
297 24
298 25
299 24
300 24
301 24
302 25
303 26
304 25
305 24
306 23
307 23
308 22
309 22
310 22
311 23
312 21
313 20
314 22
315 22
316 21
317 21
318 21
319 20
320 19
321 20
322 20
323 20
324 21
325 21
326 21
327 22
328 23
329 23
330 23
331 23
332 22
333 22
334 22
335 21
336 21
337 21
338 20
339 20
340 22
341 22
342 23
343 24
344 23
345 23
346 24
347 24
348 24
349 25
350 25
351 26
352 25
353 25
354 25
355 25
356 25
357 26
358 27
359 27
360 27
361 25
362 25
363 23
364 23
365 24
366 24
367 24
368 24
369 24
370 26
371 26
372 26
373 26
374 27
375 28
376 28
377 27
378 27
379 26
380 26
381 26
382 26
383 26
384 26
385 26
386 27
387 27
388 26
389 26
390 25
391 25
392 25
393 25
394 25
395 25
396 25
397 25
398 25
399 26
400 27
401 27
402 26
403 27
404 27
405 27
406 27
407 27
408 27
409 27
410 26
411 26
412 27
413 27
414 26
415 26
416 26
417 27
418 27
419 26
420 26
421 26
422 25
423 25
424 25
425 25
426 24
427 24
428 25
429 25
430 25
431 24
432 24
433 24
434 23
435 24
436 23
437 23
438 23
439 24
440 24
441 25
442 25
443 24
444 24
445 24
446 24
447 23
448 23
449 23
450 23
451 22
452 22
453 21
454 22
455 21
456 21
457 21
458 22
459 22
460 22
461 21
462 20
463 20
464 20
465 20
466 18
467 18
468 19
469 19
470 19
471 20
472 21
473 21
474 21
475 22
476 22
477 21
478 21
479 22
480 22
481 22
482 22
483 22
484 23
485 24
486 24
487 24
488 25
489 23
490 24
491 24
492 24
493 24
494 25
495 27
496 26
497 25
498 25
499 24
500 26
501 27
502 27
503 27
504 27
505 26
506 27
507 27
508 27
509 26
510 26
511 26
512 26
513 26
514 26
515 27
516 27
517 27
518 27
519 27
520 27
521 27
522 26
523 26
524 25
525 25
526 25
527 26
528 26
529 26
530 25
531 24
532 25
533 25
534 25
535 26
536 25
537 26
538 27
539 27
540 29
541 28
542 28
543 28
544 28
545 28
546 28
547 28
548 28
549 28
550 28
551 28
552 29
553 28
554 28
555 28
556 28
557 28
558 28
559 28
560 28
561 29
562 30
563 30
564 29
565 28
566 28
567 27
568 27
569 28
570 27
571 26
572 26
573 26
574 26
575 24
576 25
577 25
578 26
579 25
580 24
581 23
582 23
583 23
584 23
585 24
586 24
587 24
588 23
589 24
590 23
591 22
592 22
593 22
594 22
595 22
596 23
597 22
598 23
599 23
600 23
601 23
602 23
603 22
604 22
605 21
606 20
607 20
608 20
609 22
610 22
611 21
612 21
613 21
614 21
615 21
616 21
617 21
618 21
619 22
620 22
621 23
622 23
623 23
624 23
625 24
626 24
627 22
628 22
629 22
630 22
631 22
632 22
633 23
634 23
635 21
636 22
637 22
638 22
639 23
640 22
641 23
642 23
643 25
644 23
645 23
646 23
647 23
648 24
649 23
650 23
651 24
652 24
653 23
654 22
655 22
656 22
657 22
658 21
659 22
660 22
661 23
662 22
663 22
664 22
665 22
666 22
667 23
668 23
669 23
670 24
671 24
672 23
673 23
674 24
675 23
676 23
677 23
678 23
679 23
680 23
681 23
682 22
683 20
684 18
685 17
686 17
687 17
688 18
689 18
690 19
691 18
692 18
693 18
694 19
695 19
696 19
697 19
698 20
699 20
700 20
701 20
702 20
703 21
704 21
705 22
706 22
707 22
708 21
709 21
710 20
711 20
712 21
713 21
714 21
715 21
716 21
717 23
718 23
719 23
720 23
721 22
722 22
723 22
724 22
725 22
726 22
727 22
728 22
729 22
730 22
731 22
732 23
733 22
734 21
735 22
736 22
737 22
738 22
739 22
740 23
741 23
742 24
743 23
744 23
745 22
746 22
747 22
748 23
749 23
750 24
751 23
752 23
753 23
754 23
755 23
756 22
757 22
758 23
759 23
760 23
761 23
762 23
763 21
764 21
765 20
766 21
767 20
768 21
769 21
770 20
771 20
772 20
773 20
774 21
775 20
776 20
777 21
778 21
779 21
780 20
781 20
782 21
783 21
784 21
785 21
786 22
787 21
788 22
789 22
790 23
791 24
792 25
793 25
794 25
795 25
796 26
797 26
798 25
799 25
800 26
801 26
802 27
803 26
804 24
805 24
806 24
807 25
808 26
809 26
810 26
811 26
812 24
813 25
814 24
815 24
816 23
817 23
818 23
819 24
820 24
821 23
822 21
823 21
824 21
825 21
826 21
827 21
828 20
829 19
830 20
831 20
832 19
833 20
834 21
835 21
836 21
837 22
838 22
839 21
840 21
841 21
842 21
843 21
844 21
845 21
846 22
847 22
848 22
849 22
850 23
851 24
852 24
853 23
854 23
855 23
856 23
857 23
858 22
859 22
860 21
861 21
862 20
863 21
864 21
865 21
866 21
867 22
868 23
869 24
870 24
871 25
872 25
873 25
874 25
875 26
876 26
877 26
878 25
879 24
880 24
881 25
882 24
883 24
884 25
885 26
886 26
887 28
888 28
889 27
890 27
891 27
892 27
893 27
894 27
895 26
896 25
897 26
898 24
899 25
900 24
901 23
902 23
903 22
904 22
905 21
906 21
907 22
908 22
909 22
910 22
911 21
912 21
913 21
914 22
915 22
916 22
917 22
918 23
919 23
920 23
921 23
922 23
923 23
924 23
925 24
926 24
927 23
928 23
929 23
930 23
931 22
932 22
933 22
934 22
935 22
936 22
937 22
938 22
939 22
940 22
941 22
942 22
943 21
944 21
945 21
946 21
947 22
948 22
949 22
950 22
951 22
952 22
953 22
954 22
955 24
956 24
957 24
958 24
959 24
960 25
961 25
962 25
963 25
964 25
965 25
966 26
967 25
968 26
969 24
970 24
971 25
972 26
973 27
974 27
975 27
976 27
977 27
978 27
979 26
980 27
981 27
982 28
983 29
984 28
985 28
986 28
987 28
988 28
989 26
990 26
991 26
992 25
993 24
994 23
995 23
996 22
997 21
998 21
999 20
1000 19
