0 65
1 52
2 42
3 40
4 41
5 39
6 35
7 35
8 41
9 35
10 36
11 39
12 41
13 45
14 41
15 40
16 42
17 40
18 44
19 41
20 39
21 36
22 37
23 36
24 38
25 36
26 37
27 38
28 35
29 37
30 34
31 37
32 31
33 37
34 39
35 37
36 38
37 35
38 35
39 40
40 38
41 38
42 39
43 41
44 41
45 40
46 40
47 42
48 39
49 39
50 41
51 44
52 45
53 43
54 41
55 42
56 42
57 40
58 40
59 40
60 36
61 40
62 42
63 43
64 40
65 41
66 40
67 38
68 38
69 38
70 38
71 40
72 40
73 39
74 40
75 43
76 43
77 43
78 42
79 38
80 40
81 39
82 37
83 36
84 38
85 42
86 44
87 40
88 34
89 34
90 35
91 34
92 36
93 37
94 40
95 43
96 43
97 43
98 41
99 40
100 35
101 40
102 38
103 34
104 36
105 35
106 35
107 35
108 36
109 37
110 32
111 39
112 42
113 40
114 39
115 34
116 36
117 40
118 40
119 42
120 43
121 42
122 44
123 45
124 41
125 42
126 41
127 38
128 41
129 40
130 40
131 40
132 40
133 41
134 44
135 43
136 42
137 40
138 41
139 43
140 40
141 39
142 37
143 39
144 38
145 42
146 40
147 37
148 40
149 39
150 40
151 41
152 42
153 37
154 38
155 41
156 37
157 41
158 42
159 43
160 42
161 37
162 39
163 39
164 39
165 41
166 37
167 41
168 39
169 40
170 38
171 37
172 37
173 37
174 36
175 39
176 37
177 37
178 36
179 38
180 37
181 41
182 39
183 41
184 42
185 42
186 40
187 40
188 40
189 41
190 38
191 35
192 36
193 41
194 40
195 36
196 38
197 38
198 40
199 41
200 40
201 43
202 41
203 40
204 36
205 34
206 34
207 33
208 36
209 39
210 40
211 36
212 41
213 37
214 38
215 40
216 39
217 35
218 36
219 37
220 35
221 39
222 42
223 41
224 38
225 39
226 41
227 39
228 40
229 40
230 38
231 40
232 39
233 41
234 40
235 41
236 44
237 43
238 41
239 38
240 37
241 40
242 40
243 40
244 41
245 41
246 41
247 38
248 37
249 43
250 44
251 41
252 40
253 43
254 42
255 41
256 41
257 38
258 42
259 39
260 41
261 41
262 40
263 33
264 35
265 36
266 40
267 38
268 44
269 45
270 39
271 38
272 41
273 42
274 39
275 41
276 42
277 40
278 36
279 40
280 34
281 38
282 42
283 41
284 41
285 40
286 44
287 44
288 39
289 38
290 41
291 40
292 38
293 37
294 37
295 36
296 35
297 40
298 42
299 42
300 41
301 41
302 39
303 41
304 41
305 39
306 39
307 43
308 41
309 40
310 43
311 45
312 41
313 38
314 40
315 41
316 41
317 41
318 37
319 42
320 39
321 39
322 37
323 40
324 39
325 41
326 39
327 37
328 39
329 42
330 41
331 38
332 39
333 41
334 41
335 42
336 40
337 39
338 37
339 40
340 41
341 39
342 42
343 41
344 40
345 40
346 36
347 38
348 37
349 36
350 38
351 41
352 41
353 38
354 38
355 41
356 42
357 38
358 38
359 39
360 38
361 39
362 40
363 40
364 39
365 40
366 40
367 39
368 42
369 38
370 39
371 42
372 42
373 42
374 40
375 39
376 42
377 41
378 40
379 39
380 40
381 41
382 43
383 41
384 38
385 39
386 43
387 43
388 33
389 37
390 38
391 36
392 40
393 40
394 40
395 41
396 36
397 41
398 42
399 41
400 41
401 40
402 42
403 44
404 41
405 42
406 44
407 44
408 39
409 42
410 40
411 42
412 43
413 44
414 41
415 42
416 43
417 40
418 40
419 41
420 43
421 44
422 42
423 38
424 37
425 40
426 42
427 37
428 38
429 37
430 38
431 40
432 42
433 45
434 45
435 42
436 43
437 42
438 42
439 43
440 40
441 41
442 39
443 37
444 40
445 36
446 38
447 37
448 37
449 35
450 38
451 41
452 36
453 37
454 38
455 42
456 40
457 37
458 41
459 40
460 39
461 36
462 39
463 39
464 39
465 41
466 44
467 39
468 40
469 37
470 40
471 38
472 40
473 39
474 36
475 38
476 37
477 36
478 37
479 42
480 36
481 37
482 39
483 40
484 40
485 39
486 41
487 40
488 39
489 42
490 38
491 38
492 41
493 38
494 40
495 40
496 40
497 44
498 42
499 43
500 38
501 41
502 37
503 40
504 44
505 42
506 40
507 37
508 39
509 41
510 42
511 40
512 37
513 39
514 39
515 34
516 36
517 35
518 38
519 37
520 36
521 39
522 41
523 39
524 39
525 40
526 41
527 41
528 41
529 36
530 38
531 41
532 42
533 42
534 44
535 42
536 39
537 38
538 41
539 39
540 39
541 42
542 41
543 40
544 39
545 42
546 42
547 40
548 38
549 41
550 45
551 45
552 39
553 38
554 39
555 41
556 41
557 39
558 36
559 38
560 38
561 36
562 40
563 38
564 42
565 41
566 41
567 38
568 40
569 40
570 40
571 41
572 40
573 39
574 38
575 35
576 39
577 36
578 38
579 38
580 40
581 42
582 39
583 39
584 32
585 33
586 36
587 36
588 41
589 43
590 42
591 39
592 40
593 38
594 40
595 39
596 40
597 41
598 38
599 39
600 38
601 38
602 39
603 38
604 38
605 37
606 39
607 39
608 39
609 38
610 37
611 40
612 41
613 41
614 43
615 41
616 43
617 43
618 41
619 41
620 42
621 41
622 43
623 44
624 41
625 39
626 38
627 39
628 39
629 40
630 36
631 41
632 41
633 41
634 43
635 40
636 43
637 43
638 40
639 38
640 38
641 41
642 42
643 43
644 43
645 43
646 40
647 39
648 38
649 38
650 37
651 38
652 34
653 40
654 37
655 38
656 42
657 40
658 40
659 41
660 44
661 41
662 41
663 40
664 41
665 42
666 38
667 36
668 36
669 38
670 39
671 41
672 41
673 39
674 41
675 37
676 36
677 33
678 37
679 36
680 36
681 32
682 36
683 39
684 42
685 42
686 44
687 41
688 42
689 42
690 40
691 38
692 39
693 39
694 40
695 41
696 43
697 43
698 40
699 41
700 41
701 41
702 42
703 43
704 43
705 38
706 38
707 36
708 34
709 34
710 39
711 35
712 37
713 40
714 42
715 42
716 38
717 35
718 39
719 37
720 40
721 38
722 38
723 41
724 43
725 42
726 42
727 42
728 41
729 39
730 43
731 41
732 41
733 40
734 41
735 40
736 41
737 42
738 41
739 40
740 41
741 41
742 41
743 41
744 41
745 41
746 39
747 38
748 39
749 39
750 40
751 38
752 40
753 39
754 38
755 40
756 37
757 36
758 38
759 42
760 42
761 39
762 41
763 42
764 41
765 38
766 38
767 36
768 38
769 38
770 40
771 40
772 38
773 40
774 38
775 38
776 40
777 44
778 42
779 42
780 40
781 44
782 38
783 40
784 36
785 39
786 42
787 37
788 35
789 35
790 37
791 40
792 41
793 41
794 42
795 42
796 41
797 38
798 39
799 40
800 41
801 43
802 44
803 44
804 37
805 36
806 38
807 39
808 41
809 38
810 41
811 42
812 42
813 42
814 37
815 39
816 38
817 41
818 37
819 39
820 38
821 41
822 40
823 40
824 42
825 40
826 39
827 37
828 42
829 42
830 42
831 45
832 47
833 42
834 41
835 43
836 36
837 31
838 40
839 40
840 42
841 41
842 38
843 39
844 42
845 41
846 41
847 41
848 43
849 41
850 43
851 42
852 42
853 37
854 35
855 37
856 37
857 41
858 41
859 42
860 40
861 40
862 39
863 40
864 34
865 38
866 38
867 40
868 40
869 40
870 42
871 41
872 40
873 43
874 43
875 39
876 40
877 43
878 44
879 42
880 41
881 40
882 38
883 42
884 43
885 44
886 40
887 41
888 40
889 41
890 41
891 42
892 42
893 42
894 42
895 42
896 40
897 40
898 42
899 45
900 42
901 41
902 42
903 41
904 43
905 43
906 43
907 40
908 37
909 37
910 36
911 40
912 42
913 42
914 42
915 43
916 42
917 40
918 40
919 41
920 36
921 41
922 39
923 41
924 43
925 42
926 41
927 40
928 37
929 38
930 40
931 42
932 43
933 41
934 42
935 42
936 44
937 43
938 41
939 43
940 41
941 37
942 40
943 41
944 42
945 41
946 42
947 42
948 41
949 38
950 41
951 42
952 43
953 42
954 43
955 40
956 40
957 41
958 42
959 41
960 41
961 37
962 39
963 40
964 42
965 39
966 43
967 40
968 39
969 42
970 45
971 44
972 39
973 41
974 37
975 36
976 36
977 40
978 41
979 40
980 37
981 40
982 38
983 40
984 38
985 37
986 35
987 35
988 38
989 40
990 36
991 34
992 38
993 39
994 42
995 44
996 39
997 43
998 41
999 39
1000 39
