0 10
1 6
2 4
3 5
4 4
5 5
6 6
7 5
8 6
9 5
10 5
11 6
12 6
13 4
14 5
15 4
16 6
17 3
18 4
19 5
20 6
21 4
22 5
23 6
24 5
25 5
26 5
27 6
28 6
29 6
30 6
31 7
32 6
33 5
34 5
35 6
36 6
37 3
38 5
39 3
40 4
41 5
42 6
43 4
44 7
45 5
46 5
47 7
48 6
49 5
50 4
51 5
52 6
53 7
54 4
55 7
56 5
57 5
58 5
59 5
60 5
61 3
62 6
63 5
64 7
65 5
66 5
67 5
68 6
69 4
70 7
71 5
72 2
73 6
74 7
75 6
76 5
77 6
78 5
79 4
80 6
81 5
82 7
83 7
84 5
85 4
86 6
87 5
88 6
89 6
90 6
91 6
92 6
93 5
94 5
95 5
96 5
97 6
98 5
99 5
100 3
101 5
102 7
103 6
104 4
105 5
106 6
107 7
108 6
109 7
110 6
111 6
112 7
113 8
114 6
115 7
116 7
117 6
118 6
119 5
120 5
121 4
122 5
123 5
124 5
125 5
126 4
127 4
128 6
129 6
130 4
131 5
132 5
133 6
134 5
135 5
136 5
137 4
138 5
139 6
140 7
141 7
142 6
143 5
144 6
145 4
146 4
147 5
148 6
149 7
150 5
151 4
152 6
153 7
154 5
155 7
156 5
157 4
158 7
159 6
160 7
161 5
162 6
163 6
164 4
165 6
166 5
167 4
168 5
169 7
170 6
171 5
172 7
173 4
174 5
175 6
176 5
177 5
178 6
179 6
180 5
181 5
182 5
183 5
184 5
185 6
186 7
187 7
188 6
189 5
190 5
191 6
192 6
193 4
194 7
195 5
196 4
197 5
198 5
199 6
200 5
201 6
202 5
203 5
204 4
205 6
206 6
207 5
208 5
209 6
210 5
211 5
212 7
213 5
214 6
215 6
216 7
217 6
218 6
219 5
220 6
221 6
222 6
223 6
224 5
225 6
226 7
227 6
228 5
229 5
230 7
231 5
232 6
233 7
234 7
235 5
236 5
237 6
238 2
239 5
240 5
241 6
242 5
243 6
244 6
245 4
246 6
247 3
248 5
249 6
250 5
251 6
252 5
253 4
254 6
255 6
256 7
257 4
258 5
259 6
260 7
261 6
262 6
263 6
264 4
265 4
266 6
267 5
268 6
269 4
270 4
271 5
272 5
273 6
274 6
275 5
276 4
277 5
278 6
279 5
280 5
281 5
282 5
283 7
284 4
285 6
286 6
287 6
288 5
289 7
290 6
291 6
292 7
293 5
294 4
295 6
296 6
297 7
298 5
299 5
300 6
301 6
302 6
303 5
304 6
305 5
306 5
307 5
308 4
309 5
310 5
311 6
312 6
313 5
314 6
315 6
316 2
317 4
318 6
319 6
320 6
321 4
322 6
323 5
324 5
325 5
326 7
327 6
328 4
329 5
330 5
331 6
332 6
333 5
334 5
335 4
336 5
337 6
338 6
339 6
340 5
341 6
342 3
343 5
344 6
345 3
346 4
347 6
348 5
349 5
350 5
351 2
352 6
353 5
354 5
355 7
356 4
357 6
358 4
359 7
360 6
361 5
362 8
363 7
364 6
365 5
366 7
367 7
368 5
369 6
370 5
371 6
372 5
373 5
374 4
375 5
376 5
377 7
378 7
379 4
380 6
381 5
382 6
383 6
384 7
385 7
386 5
387 5
388 5
389 6
390 5
391 6
392 4
393 5
394 5
395 5
396 5
397 7
398 7
399 7
400 6
401 7
402 5
403 8
404 6
405 4
406 7
407 5
408 5
409 5
410 6
411 6
412 4
413 5
414 5
415 6
416 6
417 6
418 6
419 5
420 3
421 7
422 4
423 6
424 6
425 5
426 7
427 5
428 5
429 6
430 4
431 6
432 5
433 7
434 6
435 5
436 5
437 4
438 6
439 6
440 7
441 7
442 8
443 7
444 3
445 5
446 6
447 6
448 7
449 5
450 5
451 6
452 6
453 5
454 6
455 4
456 3
457 4
458 7
459 5
460 6
461 5
462 6
463 5
464 6
465 7
466 5
467 4
468 5
469 6
470 6
471 6
472 7
473 5
474 7
475 4
476 7
477 6
478 5
479 5
480 7
481 5
482 6
483 6
484 6
485 4
486 6
487 7
488 7
489 8
490 6
491 7
492 7
493 5
494 6
495 5
496 6
497 4
498 5
499 4
500 5
501 6
502 3
503 4
504 7
505 6
506 6
507 6
508 5
509 7
510 7
511 5
512 7
513 6
514 6
515 6
516 5
517 5
518 7
519 5
520 4
521 5
522 7
523 7
524 6
525 6
526 5
527 6
528 6
529 2
530 6
531 7
532 6
533 5
534 5
535 5
536 5
537 6
538 5
539 6
540 4
541 5
542 6
543 6
544 6
545 6
546 7
547 6
548 5
549 6
550 6
551 6
552 7
553 4
554 7
555 8
556 6
557 5
558 6
559 6
560 6
561 4
562 6
563 5
564 5
565 7
566 6
567 3
568 5
569 5
570 7
571 5
572 5
573 5
574 6
575 6
576 4
577 5
578 5
579 5
580 5
581 4
582 4
583 5
584 3
585 6
586 6
587 5
588 5
589 6
590 5
591 3
592 5
593 5
594 6
595 6
596 5
597 6
598 6
599 5
600 4
601 5
602 6
603 7
604 6
605 6
606 5
607 6
608 5
609 5
610 5
611 4
612 5
613 6
614 5
615 6
616 7
617 5
618 6
619 5
620 7
621 7
622 7
623 5
624 7
625 5
626 7
627 6
628 6
629 7
630 7
631 6
632 8
633 5
634 5
635 5
636 7
637 6
638 5
639 5
640 6
641 4
642 4
643 3
644 5
645 5
646 5
647 6
648 6
649 5
650 6
651 6
652 4
653 4
654 5
655 4
656 5
657 5
658 4
659 7
660 4
661 6
662 7
663 7
664 7
665 6
666 6
667 6
668 5
669 7
670 7
671 4
672 4
673 5
674 4
675 5
676 6
677 5
678 5
679 6
680 4
681 3
682 6
683 4
684 5
685 5
686 4
687 4
688 4
689 5
690 6
691 6
692 5
693 7
694 5
695 5
696 5
697 6
698 6
699 4
700 6
701 7
702 7
703 4
704 6
705 6
706 6
707 5
708 4
709 6
710 6
711 6
712 5
713 5
714 6
715 6
716 4
717 6
718 6
719 7
720 5
721 5
722 6
723 6
724 7
725 6
726 6
727 7
728 7
729 7
730 5
731 4
732 5
733 5
734 4
735 5
736 6
737 6
738 6
739 6
740 6
741 7
742 8
743 6
744 5
745 6
746 6
747 6
748 6
749 6
750 5
751 4
752 5
753 3
754 4
755 7
756 7
757 5
758 5
759 6
760 6
761 5
762 7
763 5
764 4
765 5
766 7
767 5
768 4
769 6
770 5
771 5
772 5
773 5
774 8
775 6
776 7
777 7
778 6
779 7
780 4
781 6
782 5
783 6
784 6
785 6
786 6
787 4
788 5
789 6
790 6
791 5
792 5
793 5
794 6
795 6
796 4
797 4
798 5
799 7
800 4
801 6
802 5
803 6
804 7
805 5
806 7
807 6
808 4
809 5
810 6
811 6
812 5
813 6
814 6
815 3
816 5
817 4
818 4
819 5
820 7
821 6
822 6
823 5
824 5
825 6
826 5
827 6
828 5
829 6
830 5
831 6
832 6
833 5
834 6
835 6
836 6
837 5
838 6
839 4
840 5
841 5
842 6
843 5
844 3
845 2
846 5
847 4
848 6
849 6
850 6
851 4
852 6
853 7
854 6
855 6
856 4
857 4
858 5
859 4
860 3
861 7
862 7
863 7
864 6
865 6
866 7
867 6
868 6
869 5
870 4
871 6
872 6
873 6
874 7
875 4
876 5
877 4
878 6
879 6
880 6
881 7
882 6
883 6
884 4
885 4
886 7
887 4
888 5
889 6
890 5
891 6
892 3
893 5
894 2
895 6
896 5
897 6
898 6
899 6
900 5
901 5
902 5
903 5
904 6
905 4
906 5
907 4
908 4
909 5
910 5
911 5
912 6
913 5
914 6
915 5
916 6
917 5
918 6
919 5
920 7
921 7
922 5
923 5
924 6
925 6
926 6
927 2
928 5
929 4
930 4
931 6
932 6
933 4
934 4
935 6
936 6
937 7
938 5
939 7
940 8
941 4
942 6
943 7
944 5
945 5
946 7
947 6
948 7
949 6
950 6
951 8
952 5
953 6
954 4
955 6
956 6
957 5
958 6
959 6
960 4
961 4
962 5
963 6
964 5
965 6
966 7
967 6
968 4
969 6
970 7
971 7
972 5
973 5
974 6
975 7
976 6
977 5
978 5
979 5
980 3
981 4
982 5
983 7
984 5
985 6
986 6
987 5
988 6
989 5
990 6
991 7
992 5
993 5
994 6
995 4
996 8
997 3
998 5
999 6
1000 6
