0 20
1 15
2 11
3 14
4 9
5 10
6 12
7 12
8 12
9 12
10 14
11 15
12 14
13 13
14 13
15 13
16 12
17 11
18 14
19 14
20 13
21 13
22 12
23 14
24 12
25 11
26 13
27 10
28 12
29 13
30 9
31 13
32 14
33 12
34 15
35 14
36 11
37 13
38 12
39 12
40 14
41 13
42 13
43 12
44 14
45 10
46 14
47 10
48 14
49 11
50 12
51 13
52 12
53 15
54 10
55 12
56 9
57 11
58 13
59 13
60 10
61 11
62 12
63 12
64 13
65 13
66 11
67 13
68 13
69 12
70 14
71 13
72 12
73 13
74 12
75 12
76 14
77 13
78 14
79 13
80 13
81 12
82 15
83 13
84 11
85 14
86 12
87 14
88 14
89 11
90 12
91 10
92 11
93 11
94 13
95 10
96 14
97 13
98 13
99 12
100 13
101 13
102 13
103 9
104 14
105 15
106 12
107 14
108 10
109 10
110 13
111 12
112 10
113 12
114 13
115 13
116 12
117 13
118 13
119 13
120 12
121 12
122 12
123 12
124 12
125 12
126 10
127 12
128 12
129 12
130 11
131 13
132 11
133 15
134 10
135 14
136 12
137 13
138 12
139 13
140 15
141 12
142 15
143 14
144 14
145 11
146 14
147 14
148 11
149 11
150 11
151 12
152 13
153 14
154 13
155 12
156 11
157 11
158 14
159 13
160 14
161 12
162 13
163 11
164 12
165 12
166 12
167 13
168 13
169 14
170 13
171 15
172 14
173 14
174 12
175 13
176 13
177 12
178 14
179 13
180 13
181 8
182 13
183 12
184 11
185 10
186 13
187 14
188 14
189 12
190 13
191 14
192 13
193 12
194 13
195 13
196 15
197 10
198 12
199 12
200 12
201 12
202 13
203 15
204 11
205 13
206 10
207 12
208 13
209 13
210 8
211 14
212 11
213 13
214 11
215 14
216 11
217 13
218 12
219 13
220 12
221 10
222 12
223 14
224 13
225 13
226 11
227 12
228 11
229 13
230 13
231 12
232 12
233 14
234 13
235 12
236 13
237 13
238 9
239 10
240 14
241 14
242 12
243 12
244 12
245 12
246 12
247 12
248 14
249 8
250 13
251 10
252 14
253 15
254 15
255 13
256 11
257 14
258 11
259 13
260 13
261 13
262 13
263 12
264 11
265 12
266 12
267 13
268 14
269 13
270 12
271 15
272 12
273 12
274 12
275 12
276 14
277 13
278 12
279 11
280 13
281 13
282 15
283 14
284 11
285 13
286 11
287 13
288 14
289 11
290 12
291 12
292 12
293 12
294 12
295 15
296 12
297 12
298 12
299 15
300 11
301 13
302 12
303 14
304 12
305 10
306 14
307 11
308 12
309 14
310 15
311 13
312 11
313 13
314 12
315 11
316 11
317 9
318 14
319 13
320 14
321 14
322 14
323 13
324 12
325 12
326 14
327 12
328 13
329 14
330 14
331 14
332 13
333 13
334 14
335 9
336 13
337 15
338 15
339 14
340 14
341 15
342 13
343 13
344 12
345 13
346 14
347 9
348 12
349 10
350 11
351 11
352 10
353 11
354 12
355 11
356 12
357 12
358 14
359 13
360 15
361 12
362 13
363 12
364 13
365 12
366 13
367 12
368 12
369 11
370 14
371 13
372 13
373 15
374 12
375 9
376 11
377 12
378 13
379 13
380 13
381 13
382 13
383 13
384 14
385 14
386 14
387 13
388 13
389 14
390 13
391 12
392 13
393 13
394 13
395 13
396 12
397 14
398 12
399 11
400 12
401 11
402 15
403 13
404 13
405 13
406 14
407 11
408 10
409 16
410 14
411 13
412 10
413 13
414 11
415 14
416 12
417 14
418 14
419 10
420 12
421 14
422 14
423 13
424 13
425 11
426 12
427 14
428 12
429 10
430 13
431 12
432 12
433 13
434 14
435 13
436 12
437 13
438 11
439 14
440 14
441 13
442 13
443 10
444 13
445 13
446 14
447 14
448 14
449 12
450 9
451 15
452 14
453 13
454 12
455 13
456 14
457 12
458 13
459 13
460 10
461 12
462 15
463 12
464 11
465 12
466 15
467 12
468 12
469 11
470 12
471 13
472 13
473 13
474 13
475 11
476 14
477 12
478 14
479 14
480 11
481 13
482 13
483 12
484 13
485 13
486 11
487 13
488 14
489 14
490 13
491 13
492 11
493 12
494 14
495 15
496 13
497 13
498 13
499 13
500 8
501 13
502 12
503 13
504 11
505 13
506 13
507 10
508 14
509 12
510 15
511 13
512 8
513 13
514 11
515 13
516 11
517 12
518 13
519 11
520 10
521 13
522 12
523 9
524 12
525 13
526 12
527 11
528 12
529 12
530 11
531 12
532 12
533 12
534 13
535 14
536 10
537 13
538 12
539 14
540 10
541 11
542 13
543 10
544 12
545 13
546 14
547 14
548 13
549 14
550 10
551 13
552 11
553 13
554 11
555 12
556 15
557 12
558 12
559 13
560 12
561 13
562 12
563 14
564 11
565 10
566 13
567 15
568 12
569 12
570 13
571 12
572 10
573 13
574 11
575 13
576 13
577 14
578 12
579 15
580 15
581 12
582 13
583 15
584 11
585 12
586 12
587 11
588 12
589 12
590 12
591 13
592 13
593 12
594 13
595 12
596 14
597 13
598 13
599 13
600 12
601 10
602 13
603 13
604 13
605 15
606 7
607 12
608 11
609 13
610 11
611 11
612 11
613 12
614 14
615 14
616 11
617 14
618 11
619 12
620 14
621 14
622 10
623 9
624 13
625 14
626 10
627 11
628 11
629 10
630 10
631 10
632 12
633 14
634 14
635 14
636 14
637 13
638 12
639 13
640 10
641 13
642 12
643 14
644 9
645 13
646 13
647 13
648 10
649 10
650 13
651 11
652 14
653 15
654 12
655 12
656 11
657 15
658 14
659 13
660 15
661 14
662 11
663 12
664 12
665 12
666 12
667 13
668 14
669 11
670 14
671 14
672 15
673 9
674 9
675 14
676 12
677 11
678 13
679 13
680 13
681 11
682 14
683 14
684 11
685 14
686 13
687 11
688 13
689 11
690 13
691 14
692 13
693 11
694 13
695 10
696 12
697 13
698 13
699 13
700 11
701 13
702 13
703 12
704 11
705 11
706 13
707 13
708 11
709 11
710 12
711 14
712 11
713 13
714 11
715 13
716 14
717 10
718 10
719 13
720 13
721 12
722 13
723 11
724 14
725 13
726 10
727 11
728 14
729 14
730 10
731 11
732 14
733 11
734 13
735 12
736 13
737 13
738 13
739 12
740 13
741 14
742 14
743 13
744 14
745 12
746 12
747 13
748 12
749 12
750 11
751 11
752 15
753 12
754 12
755 13
756 13
757 10
758 13
759 14
760 13
761 16
762 10
763 16
764 11
765 12
766 13
767 11
768 13
769 14
770 12
771 14
772 11
773 13
774 14
775 12
776 14
777 12
778 12
779 12
780 16
781 16
782 13
783 12
784 14
785 12
786 12
787 14
788 13
789 14
790 14
791 7
792 13
793 11
794 12
795 13
796 10
797 13
798 14
799 12
800 11
801 15
802 12
803 13
804 12
805 13
806 13
807 12
808 14
809 13
810 11
811 11
812 13
813 12
814 11
815 11
816 12
817 13
818 13
819 13
820 14
821 11
822 15
823 12
824 14
825 11
826 13
827 13
828 14
829 13
830 11
831 13
832 11
833 14
834 12
835 11
836 13
837 13
838 10
839 14
840 11
841 13
842 11
843 13
844 14
845 13
846 14
847 14
848 11
849 12
850 13
851 13
852 13
853 13
854 12
855 13
856 12
857 12
858 13
859 10
860 11
861 12
862 14
863 13
864 13
865 14
866 13
867 13
868 12
869 12
870 13
871 12
872 13
873 12
874 9
875 12
876 13
877 13
878 12
879 12
880 11
881 10
882 11
883 13
884 12
885 12
886 10
887 13
888 13
889 12
890 13
891 13
892 14
893 12
894 11
895 12
896 13
897 13
898 12
899 11
900 10
901 14
902 11
903 14
904 12
905 13
906 13
907 9
908 10
909 13
910 14
911 14
912 13
913 13
914 13
915 11
916 12
917 13
918 12
919 11
920 15
921 13
922 11
923 12
924 13
925 15
926 13
927 12
928 13
929 12
930 16
931 11
932 13
933 9
934 11
935 13
936 13
937 12
938 13
939 14
940 13
941 12
942 12
943 12
944 10
945 11
946 11
947 13
948 10
949 12
950 10
951 14
952 12
953 14
954 14
955 12
956 13
957 10
958 11
959 13
960 8
961 11
962 14
963 13
964 12
965 13
966 10
967 12
968 15
969 12
970 13
971 14
972 12
973 13
974 13
975 13
976 14
977 14
978 12
979 12
980 12
981 12
982 13
983 14
984 11
985 13
986 12
987 14
988 12
989 14
990 14
991 12
992 12
993 10
994 11
995 13
996 13
997 13
998 15
999 12
1000 12
