0 25
1 19
2 15
3 16
4 17
5 16
6 16
7 14
8 15
9 14
10 15
11 15
12 11
13 11
14 13
15 11
16 11
17 12
18 11
19 12
20 11
21 13
22 12
23 11
24 14
25 16
26 14
27 14
28 14
29 12
30 14
31 13
32 12
33 15
34 15
35 16
36 16
37 14
38 16
39 13
40 11
41 14
42 14
43 15
44 16
45 13
46 12
47 15
48 15
49 14
50 14
51 14
52 13
53 15
54 14
55 15
56 15
57 14
58 13
59 13
60 14
61 16
62 17
63 16
64 12
65 11
66 15
67 14
68 16
69 15
70 15
71 15
72 10
73 11
74 12
75 14
76 15
77 14
78 13
79 13
80 14
81 15
82 12
83 11
84 13
85 13
86 13
87 11
88 12
89 10
90 13
91 13
92 14
93 15
94 12
95 11
96 15
97 13
98 13
99 12
100 13
101 16
102 15
103 16
104 15
105 16
106 15
107 15
108 14
109 15
110 15
111 15
112 15
113 14
114 15
115 14
116 16
117 16
118 16
119 14
120 14
121 13
122 13
123 16
124 14
125 13
126 15
127 17
128 13
129 15
130 12
131 14
132 13
133 13
134 13
135 15
136 17
137 18
138 16
139 17
140 14
141 15
142 15
143 15
144 13
145 14
146 16
147 14
148 14
149 15
150 13
151 14
152 11
153 12
154 13
155 14
156 13
157 12
158 13
159 13
160 14
161 13
162 15
163 15
164 15
165 15
166 12
167 12
168 11
169 12
170 10
171 9
172 14
173 12
174 14
175 13
176 15
177 15
178 16
179 16
180 14
181 12
182 14
183 14
184 14
185 12
186 13
187 15
188 14
189 15
190 16
191 16
192 15
193 14
194 15
195 14
196 15
197 14
198 12
199 12
200 14
201 12
202 15
203 14
204 11
205 13
206 11
207 13
208 12
209 11
210 12
211 10
212 13
213 12
214 13
215 12
216 14
217 15
218 14
219 14
220 13
221 14
222 13
223 15
224 13
225 15
226 15
227 15
228 14
229 16
230 16
231 16
232 14
233 14
234 13
235 13
236 13
237 15
238 15
239 15
240 16
241 17
242 17
243 17
244 13
245 14
246 15
247 12
248 13
249 13
250 13
251 14
252 13
253 12
254 14
255 13
256 13
257 11
258 14
259 14
260 15
261 15
262 15
263 14
264 16
265 16
266 14
267 14
268 15
269 14
270 15
271 13
272 15
273 14
274 14
275 15
276 14
277 16
278 15
279 14
280 15
281 16
282 15
283 17
284 14
285 14
286 16
287 14
288 15
289 16
290 16
291 14
292 14
293 16
294 15
295 16
296 17
297 17
298 18
299 17
300 16
301 16
302 11
303 11
304 13
305 12
306 13
307 13
308 13
309 13
310 10
311 13
312 12
313 11
314 13
315 12
316 11
317 12
318 15
319 14
320 13
321 15
322 11
323 13
324 12
325 12
326 14
327 14
328 13
329 15
330 16
331 12
332 14
333 15
334 15
335 15
336 14
337 15
338 14
339 15
340 15
341 13
342 14
343 14
344 15
345 14
346 13
347 12
348 11
349 12
350 13
351 15
352 14
353 14
354 15
355 14
356 14
357 15
358 15
359 12
360 11
361 12
362 15
363 16
364 15
365 14
366 15
367 13
368 13
369 14
370 13
371 11
372 12
373 13
374 12
375 15
376 16
377 15
378 14
379 13
380 11
381 12
382 16
383 14
384 13
385 13
386 13
387 12
388 15
389 15
390 14
391 13
392 13
393 15
394 16
395 15
396 14
397 15
398 13
399 12
400 13
401 14
402 14
403 14
404 15
405 14
406 14
407 14
408 15
409 13
410 13
411 14
412 15
413 13
414 12
415 15
416 15
417 13
418 12
419 14
420 17
421 14
422 12
423 12
424 12
425 13
426 13
427 15
428 13
429 14
430 16
431 14
432 13
433 13
434 13
435 12
436 11
437 15
438 11
439 11
440 13
441 15
442 16
443 15
444 17
445 15
446 16
447 15
448 16
449 14
450 14
451 15
452 13
453 14
454 12
455 13
456 11
457 13
458 12
459 12
460 13
461 12
462 11
463 13
464 12
465 15
466 16
467 15
468 13
469 13
470 15
471 13
472 13
473 11
474 10
475 10
476 13
477 12
478 12
479 14
480 13
481 13
482 13
483 15
484 14
485 12
486 13
487 15
488 16
489 15
490 13
491 13
492 13
493 16
494 10
495 11
496 12
497 13
498 14
499 13
500 15
501 13
502 11
503 12
504 12
505 10
506 12
507 13
508 12
509 14
510 13
511 13
512 16
513 15
514 15
515 13
516 12
517 13
518 12
519 12
520 14
521 14
522 14
523 14
524 11
525 14
526 14
527 15
528 13
529 12
530 12
531 13
532 15
533 14
534 16
535 15
536 13
537 14
538 14
539 14
540 16
541 15
542 16
543 12
544 11
545 15
546 16
547 15
548 13
549 14
550 15
551 15
552 16
553 15
554 18
555 16
556 15
557 16
558 14
559 16
560 15
561 14
562 14
563 13
564 14
565 14
566 13
567 15
568 14
569 14
570 12
571 14
572 14
573 13
574 13
575 11
576 13
577 15
578 14
579 15
580 14
581 12
582 12
583 14
584 15
585 15
586 14
587 14
588 12
589 13
590 14
591 16
592 14
593 14
594 15
595 14
596 16
597 15
598 11
599 16
600 16
601 17
602 14
603 15
604 14
605 14
606 14
607 14
608 16
609 17
610 16
611 15
612 14
613 15
614 12
615 14
616 12
617 13
618 12
619 14
620 13
621 11
622 12
623 13
624 13
625 12
626 14
627 13
628 14
629 14
630 15
631 14
632 13
633 12
634 12
635 14
636 12
637 12
638 13
639 14
640 12
641 14
642 15
643 15
644 12
645 13
646 11
647 13
648 16
649 14
650 12
651 14
652 12
653 13
654 15
655 14
656 14
657 12
658 13
659 13
660 13
661 12
662 12
663 11
664 9
665 12
666 12
667 12
668 14
669 13
670 15
671 14
672 12
673 14
674 14
675 14
676 14
677 15
678 13
679 13
680 14
681 15
682 14
683 13
684 12
685 14
686 15
687 14
688 13
689 15
690 12
691 13
692 13
693 14
694 14
695 14
696 14
697 13
698 13
699 14
700 13
701 13
702 13
703 14
704 13
705 13
706 14
707 15
708 13
709 13
710 13
711 14
712 14
713 15
714 14
715 13
716 15
717 13
718 15
719 12
720 14
721 13
722 15
723 14
724 14
725 15
726 15
727 15
728 14
729 16
730 14
731 14
732 14
733 12
734 12
735 10
736 13
737 16
738 12
739 13
740 14
741 13
742 14
743 18
744 17
745 17
746 16
747 14
748 14
749 11
750 12
751 13
752 15
753 15
754 15
755 14
756 14
757 15
758 14
759 15
760 15
761 13
762 16
763 15
764 15
765 16
766 12
767 13
768 14
769 12
770 13
771 15
772 15
773 14
774 14
775 14
776 13
777 14
778 15
779 15
780 14
781 13
782 11
783 13
784 13
785 13
786 13
787 10
788 15
789 11
790 15
791 12
792 13
793 11
794 13
795 13
796 15
797 14
798 14
799 15
800 14
801 14
802 14
803 12
804 12
805 13
806 16
807 15
808 14
809 15
810 13
811 14
812 14
813 12
814 14
815 13
816 14
817 13
818 13
819 14
820 15
821 13
822 14
823 13
824 16
825 13
826 14
827 13
828 14
829 14
830 15
831 14
832 11
833 13
834 17
835 17
836 16
837 15
838 14
839 15
840 17
841 16
842 15
843 16
844 12
845 12
846 14
847 14
848 15
849 15
850 14
851 14
852 15
853 14
854 15
855 15
856 12
857 14
858 15
859 14
860 12
861 14
862 13
863 15
864 14
865 16
866 14
867 13
868 10
869 13
870 14
871 12
872 11
873 11
874 11
875 10
876 12
877 15
878 15
879 15
880 16
881 15
882 16
883 15
884 14
885 13
886 16
887 15
888 14
889 13
890 14
891 15
892 14
893 14
894 14
895 13
896 13
897 12
898 15
899 15
900 16
901 15
902 13
903 13
904 14
905 11
906 12
907 15
908 15
909 16
910 12
911 15
912 14
913 14
914 14
915 17
916 14
917 13
918 12
919 12
920 14
921 13
922 14
923 12
924 14
925 14
926 13
927 14
928 14
929 14
930 14
931 16
932 13
933 13
934 10
935 11
936 12
937 12
938 13
939 15
940 13
941 13
942 11
943 12
944 12
945 13
946 14
947 15
948 15
949 16
950 16
951 16
952 16
953 16
954 16
955 18
956 16
957 13
958 12
959 15
960 14
961 15
962 14
963 16
964 12
965 12
966 15
967 12
968 15
969 13
970 13
971 14
972 12
973 13
974 13
975 14
976 13
977 14
978 16
979 16
980 13
981 15
982 15
983 13
984 14
985 15
986 13
987 15
988 14
989 15
990 15
991 16
992 15
993 13
994 13
995 9
996 10
997 12
998 13
999 13
1000 11
