0 35
1 26
2 22
3 24
4 22
5 23
6 24
7 23
8 21
9 22
10 24
11 22
12 20
13 23
14 19
15 21
16 21
17 21
18 18
19 22
20 22
21 20
22 20
23 17
24 18
25 19
26 21
27 20
28 23
29 22
30 24
31 21
32 22
33 22
34 20
35 19
36 20
37 19
38 18
39 20
40 20
41 24
42 21
43 23
44 23
45 20
46 21
47 19
48 19
49 20
50 18
51 19
52 20
53 20
54 19
55 20
56 21
57 21
58 20
59 21
60 21
61 21
62 17
63 20
64 20
65 21
66 19
67 20
68 23
69 21
70 23
71 21
72 17
73 15
74 20
75 22
76 20
77 21
78 22
79 21
80 20
81 23
82 22
83 21
84 20
85 20
86 22
87 20
88 22
89 19
90 18
91 20
92 21
93 23
94 21
95 22
96 22
97 22
98 21
99 21
100 21
101 22
102 22
103 21
104 18
105 19
106 21
107 21
108 21
109 20
110 19
111 19
112 22
113 23
114 21
115 19
116 21
117 24
118 22
119 21
120 19
121 22
122 17
123 21
124 20
125 20
126 22
127 21
128 23
129 22
130 22
131 23
132 20
133 22
134 19
135 21
136 18
137 19
138 21
139 22
140 22
141 24
142 23
143 23
144 20
145 23
146 21
147 21
148 19
149 24
150 24
151 23
152 23
153 22
154 19
155 20
156 21
157 20
158 22
159 21
160 20
161 23
162 23
163 22
164 22
165 22
166 23
167 22
168 20
169 22
170 21
171 19
172 21
173 22
174 22
175 18
176 20
177 20
178 21
179 23
180 26
181 21
182 20
183 19
184 22
185 23
186 17
187 22
188 21
189 21
190 19
191 21
192 22
193 22
194 18
195 20
196 24
197 22
198 21
199 20
200 20
201 22
202 19
203 19
204 21
205 21
206 20
207 21
208 20
209 21
210 21
211 21
212 23
213 21
214 21
215 19
216 19
217 18
218 21
219 19
220 21
221 20
222 20
223 21
224 23
225 21
226 20
227 18
228 21
229 23
230 23
231 22
232 21
233 22
234 22
235 21
236 20
237 21
238 21
239 21
240 20
241 19
242 21
243 21
244 21
245 22
246 22
247 22
248 18
249 18
250 20
251 19
252 20
253 22
254 20
255 23
256 23
257 21
258 23
259 22
260 21
261 19
262 20
263 22
264 23
265 22
266 19
267 20
268 19
269 20
270 21
271 21
272 21
273 21
274 22
275 18
276 23
277 22
278 23
279 20
280 19
281 21
282 20
283 19
284 19
285 20
286 21
287 20
288 19
289 20
290 20
291 19
292 20
293 19
294 21
295 22
296 20
297 22
298 22
299 17
300 19
301 21
302 22
303 20
304 20
305 19
306 18
307 18
308 15
309 18
310 18
311 21
312 21
313 21
314 21
315 22
316 20
317 22
318 17
319 18
320 18
321 20
322 23
323 18
324 20
325 21
326 22
327 22
328 21
329 20
330 22
331 23
332 20
333 18
334 19
335 19
336 16
337 20
338 21
339 22
340 19
341 20
342 23
343 23
344 22
345 21
346 22
347 21
348 21
349 22
350 21
351 20
352 20
353 19
354 23
355 17
356 17
357 21
358 17
359 19
360 21
361 21
362 20
363 20
364 16
365 19
366 21
367 20
368 22
369 18
370 20
371 20
372 20
373 22
374 23
375 17
376 19
377 20
378 18
379 21
380 20
381 23
382 20
383 23
384 22
385 20
386 20
387 20
388 19
389 18
390 19
391 18
392 18
393 20
394 23
395 22
396 22
397 22
398 19
399 19
400 20
401 20
402 17
403 16
404 18
405 20
406 19
407 18
408 17
409 18
410 20
411 21
412 23
413 21
414 18
415 19
416 22
417 21
418 19
419 19
420 19
421 23
422 18
423 20
424 21
425 17
426 19
427 21
428 20
429 20
430 20
431 20
432 20
433 21
434 19
435 18
436 21
437 19
438 21
439 22
440 23
441 23
442 23
443 21
444 23
445 23
446 22
447 18
448 18
449 19
450 20
451 23
452 19
453 21
454 20
455 20
456 20
457 21
458 19
459 20
460 20
461 23
462 24
463 18
464 21
465 20
466 21
467 19
468 25
469 21
470 19
471 19
472 22
473 21
474 21
475 21
476 23
477 21
478 22
479 20
480 17
481 20
482 17
483 20
484 21
485 22
486 21
487 18
488 19
489 19
490 20
491 20
492 17
493 21
494 22
495 24
496 24
497 21
498 21
499 24
500 23
501 19
502 18
503 19
504 20
505 22
506 23
507 22
508 22
509 19
510 20
511 23
512 21
513 21
514 21
515 20
516 22
517 21
518 21
519 23
520 22
521 20
522 20
523 20
524 20
525 21
526 23
527 23
528 24
529 22
530 21
531 17
532 25
533 22
534 22
535 20
536 19
537 21
538 20
539 21
540 21
541 20
542 20
543 17
544 17
545 18
546 20
547 19
548 17
549 21
550 20
551 22
552 24
553 21
554 19
555 21
556 23
557 22
558 19
559 21
560 22
561 21
562 16
563 19
564 20
565 19
566 21
567 20
568 20
569 19
570 22
571 17
572 20
573 19
574 21
575 24
576 22
577 19
578 19
579 20
580 19
581 21
582 23
583 21
584 20
585 21
586 20
587 20
588 17
589 20
590 19
591 19
592 20
593 15
594 17
595 19
596 24
597 23
598 23
599 22
600 19
601 22
602 22
603 21
604 20
605 19
606 20
607 20
608 24
609 20
610 22
611 20
612 23
613 22
614 19
615 23
616 23
617 18
618 19
619 23
620 23
621 23
622 23
623 22
624 21
625 22
626 24
627 23
628 19
629 20
630 20
631 20
632 22
633 24
634 22
635 22
636 20
637 23
638 22
639 22
640 16
641 19
642 19
643 21
644 21
645 19
646 20
647 19
648 23
649 21
650 22
651 23
652 23
653 23
654 23
655 22
656 23
657 23
658 20
659 19
660 22
661 23
662 25
663 22
664 18
665 20
666 20
667 20
668 19
669 17
670 20
671 18
672 21
673 21
674 20
675 18
676 17
677 19
678 20
679 18
680 21
681 22
682 20
683 19
684 19
685 18
686 20
687 20
688 19
689 17
690 21
691 20
692 21
693 20
694 23
695 22
696 22
697 23
698 23
699 23
700 24
701 24
702 21
703 22
704 22
705 20
706 21
707 20
708 21
709 21
710 20
711 20
712 22
713 21
714 20
715 22
716 19
717 20
718 17
719 17
720 20
721 21
722 20
723 19
724 17
725 21
726 22
727 20
728 21
729 18
730 19
731 20
732 19
733 19
734 23
735 20
736 19
737 21
738 19
739 20
740 20
741 16
742 20
743 21
744 23
745 22
746 23
747 22
748 20
749 23
750 22
751 23
752 20
753 18
754 21
755 20
756 21
757 22
758 22
759 21
760 21
761 24
762 22
763 18
764 20
765 20
766 20
767 19
768 20
769 20
770 20
771 19
772 21
773 24
774 23
775 23
776 20
777 19
778 15
779 19
780 19
781 20
782 19
783 21
784 21
785 20
786 22
787 19
788 15
789 20
790 23
791 20
792 21
793 20
794 21
795 22
796 18
797 21
798 21
799 21
800 21
801 23
802 24
803 20
804 22
805 23
806 25
807 21
808 19
809 21
810 21
811 21
812 21
813 20
814 22
815 19
816 21
817 19
818 20
819 20
820 20
821 22
822 20
823 23
824 22
825 22
826 18
827 21
828 24
829 22
830 20
831 23
832 22
833 20
834 19
835 21
836 20
837 20
838 18
839 19
840 20
841 22
842 24
843 22
844 20
845 21
846 20
847 20
848 20
849 22
850 18
851 21
852 20
853 19
854 19
855 22
856 21
857 20
858 18
859 21
860 22
861 21
862 19
863 24
864 21
865 20
866 22
867 22
868 21
869 19
870 23
871 22
872 21
873 22
874 21
875 18
876 21
877 19
878 20
879 22
880 21
881 21
882 22
883 19
884 19
885 21
886 23
887 20
888 19
889 23
890 22
891 21
892 20
893 22
894 19
895 22
896 22
897 22
898 21
899 17
900 20
901 20
902 18
903 20
904 21
905 17
906 20
907 20
908 24
909 22
910 20
911 21
912 21
913 21
914 19
915 20
916 21
917 20
918 21
919 22
920 23
921 25
922 23
923 21
924 21
925 22
926 22
927 20
928 24
929 24
930 22
931 23
932 21
933 21
934 21
935 19
936 20
937 20
938 18
939 19
940 22
941 21
942 21
943 25
944 21
945 19
946 20
947 22
948 22
949 22
950 24
951 24
952 21
953 23
954 23
955 21
956 22
957 19
958 23
959 21
960 24
961 23
962 20
963 20
964 20
965 21
966 21
967 16
968 20
969 21
970 18
971 20
972 20
973 19
974 21
975 24
976 23
977 20
978 20
979 21
980 20
981 20
982 22
983 21
984 20
985 20
986 19
987 20
988 18
989 19
990 22
991 23
992 25
993 22
994 22
995 19
996 21
997 20
998 20
999 21
1000 22
