0 100
1 87
2 77
3 68
4 69
5 71
6 69
7 67
8 66
9 67
10 65
11 67
12 68
13 66
14 65
15 61
16 63
17 63
18 63
19 61
20 61
21 62
22 65
23 66
24 66
25 65
26 63
27 60
28 59
29 63
30 61
31 63
32 62
33 59
34 64
35 64
36 61
37 62
38 64
39 60
40 62
41 62
42 63
43 59
44 59
45 57
46 56
47 62
48 63
49 61
50 61
51 57
52 59
53 59
54 61
55 64
56 63
57 60
58 62
59 58
60 60
61 57
62 61
63 65
64 65
65 60
66 62
67 58
68 59
69 60
70 62
71 62
72 66
73 62
74 60
75 56
76 58
77 57
78 59
79 61
80 59
81 61
82 64
83 65
84 65
85 64
86 65
87 64
88 61
89 64
90 60
91 60
92 59
93 60
94 61
95 60
96 60
97 62
98 64
99 65
100 64
101 62
102 66
103 58
104 62
105 65
106 65
107 61
108 60
109 62
110 65
111 68
112 64
113 62
114 63
115 66
116 65
117 62
118 65
119 65
120 68
121 66
122 64
123 65
124 65
125 63
126 64
127 63
128 64
129 63
130 64
131 65
132 67
133 68
134 66
135 65
136 62
137 61
138 64
139 61
140 59
141 65
142 64
143 66
144 66
145 69
146 65
147 64
148 68
149 65
150 63
151 64
152 63
153 65
154 67
155 68
156 65
157 63
158 67
159 60
160 56
161 54
162 59
163 61
164 62
165 62
166 63
167 64
168 63
169 63
170 63
171 64
172 67
173 60
174 62
175 63
176 63
177 64
178 60
179 58
180 61
181 64
182 66
183 69
184 69
185 65
186 66
187 62
188 63
189 60
190 64
191 64
192 63
193 60
194 64
195 65
196 65
197 67
198 64
199 68
200 69
201 65
202 62
203 65
204 63
205 64
206 65
207 61
208 65
209 63
210 61
211 60
212 64
213 60
214 62
215 60
216 60
217 64
218 68
219 70
220 67
221 65
222 67
223 66
224 66
225 60
226 59
227 62
228 63
229 63
230 63
231 63
232 65
233 67
234 70
235 71
236 70
237 70
238 66
239 62
240 63
241 64
242 63
243 65
244 62
245 60
246 64
247 63
248 66
249 67
250 67
251 66
252 66
253 64
254 68
255 68
256 69
257 71
258 68
259 67
260 63
261 60
262 64
263 64
264 61
265 60
266 62
267 64
268 64
269 61
270 62
271 58
272 58
273 59
274 55
275 57
276 60
277 62
278 63
279 59
280 58
281 60
282 62
283 65
284 62
285 62
286 61
287 58
288 61
289 65
290 65
291 65
292 62
293 65
294 63
295 68
296 63
297 61
298 63
299 64
300 61
301 61
302 59
303 58
304 59
305 63
306 60
307 62
308 57
309 57
310 60
311 62
312 62
313 60
314 62
315 66
316 67
317 64
318 61
319 56
320 61
321 61
322 60
323 63
324 62
325 60
326 63
327 63
328 64
329 65
330 62
331 66
332 65
333 62
334 65
335 64
336 64
337 63
338 62
339 65
340 61
341 62
342 64
343 62
344 60
345 63
346 59
347 64
348 64
349 62
350 60
351 59
352 61
353 57
354 59
355 62
356 66
357 70
358 67
359 65
360 62
361 61
362 67
363 68
364 66
365 58
366 62
367 59
368 61
369 65
370 64
371 65
372 62
373 62
374 62
375 62
376 62
377 64
378 61
379 54
380 57
381 59
382 64
383 65
384 64
385 60
386 60
387 59
388 61
389 66
390 66
391 67
392 68
393 68
394 66
395 64
396 63
397 58
398 61
399 62
400 60
401 61
402 62
403 64
404 61
405 62
406 63
407 66
408 68
409 65
410 66
411 66
412 67
413 63
414 59
415 62
416 64
417 66
418 66
419 67
420 68
421 69
422 67
423 69
424 69
425 64
426 59
427 60
428 62
429 58
430 62
431 62
432 63
433 61
434 61
435 64
436 65
437 65
438 66
439 69
440 69
441 68
442 66
443 66
444 68
445 69
446 66
447 69
448 65
449 63
450 60
451 62
452 59
453 63
454 62
455 65
456 66
457 64
458 65
459 64
460 69
461 67
462 65
463 66
464 65
465 66
466 61
467 58
468 58
469 61
470 64
471 59
472 60
473 65
474 58
475 55
476 58
477 59
478 57
479 56
480 61
481 56
482 60
483 65
484 64
485 64
486 64
487 67
488 68
489 67
490 67
491 70
492 67
493 64
494 59
495 60
496 65
497 63
498 62
499 60
500 64
501 64
502 68
503 68
504 65
505 64
506 63
507 64
508 62
509 60
510 61
511 58
512 63
513 62
514 66
515 67
516 68
517 65
518 66
519 67
520 68
521 67
522 68
523 65
524 60
525 62
526 61
527 58
528 61
529 59
530 59
531 58
532 62
533 64
534 64
535 63
536 62
537 67
538 64
539 64
540 64
541 64
542 60
543 64
544 64
545 65
546 61
547 62
548 65
549 61
550 62
551 61
552 63
553 60
554 59
555 60
556 62
557 64
558 61
559 60
560 62
561 67
562 65
563 67
564 64
565 66
566 65
567 61
568 61
569 65
570 62
571 61
572 65
573 66
574 64
575 64
576 63
577 67
578 62
579 64
580 62
581 60
582 62
583 64
584 64
585 63
586 66
587 60
588 59
589 59
590 63
591 66
592 63
593 61
594 62
595 66
596 65
597 65
598 63
599 65
600 62
601 63
602 58
603 62
604 63
605 62
606 64
607 65
608 61
609 63
610 63
611 64
612 65
613 66
614 69
615 66
616 64
617 63
618 61
619 60
620 61
621 61
622 66
623 62
624 63
625 62
626 63
627 65
628 63
629 62
630 63
631 65
632 63
633 63
634 64
635 62
636 63
637 69
638 70
639 66
640 64
641 63
642 63
643 63
644 67
645 66
646 65
647 65
648 66
649 68
650 66
651 66
652 68
653 73
654 70
655 70
656 70
657 69
658 69
659 66
660 63
661 64
662 63
663 63
664 59
665 62
666 63
667 63
668 65
669 62
670 64
671 65
672 68
673 65
674 62
675 60
676 60
677 63
678 65
679 67
680 64
681 66
682 64
683 61
684 61
685 62
686 64
687 67
688 67
689 66
690 67
691 62
692 61
693 65
694 64
695 64
696 65
697 68
698 63
699 64
700 62
701 66
702 67
703 70
704 68
705 67
706 67
707 66
708 67
709 59
710 61
711 62
712 67
713 65
714 65
715 65
716 67
717 62
718 65
719 69
720 67
721 64
722 64
723 62
724 63
725 62
726 60
727 62
728 63
729 58
730 56
731 60
732 62
733 62
734 60
735 58
736 63
737 62
738 62
739 61
740 63
741 63
742 63
743 62
744 64
745 62
746 63
747 66
748 65
749 64
750 64
751 63
752 62
753 64
754 62
755 62
756 64
757 64
758 63
759 65
760 63
761 64
762 63
763 59
764 58
765 59
766 58
767 58
768 62
769 65
770 64
771 66
772 68
773 68
774 63
775 64
776 62
777 64
778 65
779 64
780 65
781 63
782 58
783 57
784 61
785 66
786 67
787 65
788 63
789 62
790 60
791 62
792 63
793 64
794 64
795 66
796 64
797 64
798 66
799 63
800 61
801 57
802 58
803 61
804 60
805 58
806 56
807 59
808 64
809 64
810 64
811 68
812 66
813 64
814 66
815 69
816 69
817 68
818 65
819 66
820 64
821 65
822 69
823 68
824 62
825 68
826 66
827 61
828 60
829 61
830 60
831 63
832 64
833 62
834 60
835 62
836 63
837 60
838 56
839 57
840 57
841 61
842 58
843 61
844 65
845 62
846 63
847 64
848 68
849 63
850 65
851 65
852 65
853 68
854 65
855 68
856 64
857 62
858 65
859 67
860 67
861 66
862 67
863 64
864 66
865 66
866 63
867 65
868 63
869 65
870 63
871 62
872 61
873 57
874 60
875 63
876 57
877 63
878 64
879 64
880 56
881 56
882 62
883 62
884 63
885 63
886 63
887 62
888 57
889 62
890 64
891 60
892 62
893 68
894 64
895 65
896 61
897 62
898 59
899 63
900 66
901 64
902 65
903 62
904 64
905 63
906 62
907 62
908 63
909 61
910 64
911 66
912 64
913 64
914 62
915 65
916 64
917 63
918 65
919 64
920 63
921 64
922 63
923 63
924 66
925 64
926 66
927 70
928 67
929 69
930 68
931 66
932 59
933 59
934 60
935 64
936 66
937 68
938 66
939 70
940 69
941 68
942 63
943 61
944 65
945 66
946 60
947 59
948 66
949 65
950 64
951 60
952 59
953 61
954 61
955 66
956 68
957 66
958 69
959 71
960 67
961 68
962 69
963 70
964 68
965 66
966 65
967 63
968 60
969 65
970 62
971 64
972 63
973 62
974 66
975 64
976 65
977 64
978 65
979 62
980 67
981 64
982 65
983 65
984 64
985 65
986 68
987 64
988 63
989 57
990 60
991 59
992 59
993 61
994 59
995 64
996 62
997 62
998 61
999 60
1000 63
