0 100
1 84
2 75
3 67
4 67
5 65
6 62
7 66
8 68
9 65
10 68
11 68
12 67
13 63
14 59
15 60
16 65
17 58
18 58
19 59
20 60
21 66
22 66
23 62
24 65
25 68
26 68
27 68
28 67
29 63
30 64
31 64
32 62
33 65
34 63
35 61
36 61
37 66
38 61
39 61
40 66
41 64
42 61
43 62
44 63
45 60
46 64
47 66
48 66
49 64
50 64
51 63
52 63
53 61
54 65
55 67
56 66
57 62
58 66
59 67
60 63
61 63
62 63
63 66
64 63
65 69
66 68
67 70
68 69
69 62
70 64
71 62
72 62
73 65
74 66
75 65
76 66
77 66
78 62
79 66
80 63
81 67
82 66
83 63
84 62
85 63
86 63
87 62
88 63
89 63
90 63
91 64
92 65
93 65
94 63
95 68
96 64
97 61
98 62
99 64
100 66
101 66
102 65
103 67
104 60
105 58
106 59
107 58
108 61
109 61
110 63
111 66
112 62
113 62
114 66
115 67
116 65
117 69
118 68
119 64
120 65
121 63
122 65
123 65
124 64
125 67
126 69
127 66
128 62
129 65
130 64
131 62
132 63
133 61
134 62
135 63
136 66
137 61
138 67
139 66
140 66
141 64
142 62
143 60
144 60
145 64
146 67
147 66
148 70
149 69
150 64
151 60
152 62
153 63
154 63
155 62
156 62
157 61
158 66
159 67
160 62
161 61
162 68
163 65
164 65
165 65
166 63
167 63
168 66
169 65
170 67
171 69
172 64
173 65
174 64
175 61
176 63
177 60
178 58
179 62
180 64
181 67
182 64
183 61
184 63
185 67
186 65
187 61
188 54
189 57
190 58
191 61
192 63
193 65
194 64
195 65
196 68
197 62
198 62
199 66
200 63
201 62
202 65
203 66
204 73
205 71
206 65
207 64
208 66
209 63
210 62
211 66
212 63
213 67
214 73
215 68
216 67
217 66
218 69
219 64
220 67
221 68
222 68
223 66
224 65
225 68
226 68
227 68
228 68
229 68
230 68
231 69
232 68
233 63
234 67
235 66
236 63
237 66
238 63
239 60
240 58
241 65
242 66
243 64
244 66
245 62
246 64
247 61
248 60
249 63
250 62
251 60
252 63
253 63
254 63
255 64
256 67
257 66
258 62
259 62
260 63
261 64
262 60
263 64
264 64
265 62
266 65
267 60
268 63
269 60
270 64
271 66
272 64
273 67
274 67
275 57
276 57
277 62
278 64
279 66
280 68
281 64
282 60
283 64
284 68
285 69
286 70
287 68
288 65
289 66
290 62
291 57
292 61
293 62
294 64
295 64
296 66
297 66
298 65
299 65
300 63
301 67
302 58
303 62
304 65
305 67
306 69
307 70
308 71
309 66
310 63
311 64
312 61
313 64
314 66
315 69
316 68
317 68
318 64
319 66
320 64
321 67
322 68
323 64
324 66
325 69
326 67
327 71
328 69
329 69
330 68
331 64
332 64
333 65
334 66
335 63
336 66
337 61
338 64
339 61
340 61
341 63
342 67
343 65
344 67
345 66
346 68
347 62
348 64
349 63
350 58
351 60
352 58
353 62
354 63
355 68
356 68
357 66
358 61
359 64
360 65
361 65
362 64
363 60
364 63
365 60
366 63
367 64
368 64
369 66
370 69
371 66
372 64
373 60
374 64
375 59
376 64
377 60
378 57
379 63
380 63
381 62
382 60
383 60
384 64
385 66
386 63
387 61
388 61
389 58
390 62
391 65
392 64
393 68
394 64
395 67
396 68
397 63
398 65
399 62
400 65
401 66
402 62
403 63
404 65
405 69
406 64
407 62
408 62
409 64
410 63
411 64
412 63
413 62
414 62
415 60
416 61
417 57
418 57
419 63
420 65
421 68
422 67
423 66
424 64
425 61
426 62
427 64
428 64
429 64
430 63
431 66
432 69
433 65
434 66
435 66
436 69
437 66
438 64
439 64
440 60
441 62
442 64
443 65
444 66
445 68
446 67
447 65
448 68
449 65
450 64
451 67
452 67
453 62
454 61
455 65
456 66
457 67
458 67
459 59
460 60
461 62
462 64
463 60
464 61
465 65
466 67
467 67
468 66
469 62
470 65
471 64
472 67
473 67
474 71
475 71
476 67
477 65
478 64
479 69
480 63
481 67
482 66
483 62
484 67
485 66
486 63
487 61
488 62
489 63
490 66
491 64
492 68
493 66
494 65
495 66
496 63
497 63
498 64
499 68
500 63
501 59
502 65
503 64
504 61
505 60
506 60
507 61
508 63
509 58
510 58
511 59
512 61
513 61
514 64
515 61
516 61
517 63
518 65
519 65
520 67
521 61
522 65
523 63
524 63
525 62
526 65
527 64
528 62
529 62
530 63
531 64
532 64
533 66
534 67
535 64
536 65
537 59
538 61
539 66
540 68
541 66
542 60
543 62
544 63
545 67
546 66
547 63
548 60
549 62
550 60
551 61
552 63
553 60
554 63
555 66
556 67
557 67
558 69
559 67
560 64
561 63
562 63
563 64
564 64
565 55
566 61
567 59
568 62
569 65
570 64
571 65
572 62
573 65
574 66
575 70
576 68
577 67
578 66
579 60
580 60
581 60
582 60
583 62
584 66
585 69
586 68
587 67
588 63
589 63
590 61
591 63
592 66
593 68
594 67
595 65
596 65
597 66
598 67
599 68
600 62
601 60
602 62
603 62
604 62
605 64
606 63
607 64
608 69
609 65
610 64
611 65
612 63
613 59
614 52
615 59
616 63
617 66
618 68
619 66
620 63
621 61
622 63
623 64
624 67
625 70
626 70
627 67
628 60
629 60
630 60
631 65
632 66
633 68
634 67
635 61
636 63
637 69
638 66
639 63
640 64
641 64
642 61
643 59
644 66
645 63
646 62
647 59
648 61
649 63
650 67
651 69
652 66
653 66
654 68
655 69
656 64
657 61
658 61
659 62
660 62
661 60
662 51
663 56
664 60
665 64
666 56
667 58
668 60
669 66
670 63
671 66
672 68
673 63
674 59
675 58
676 63
677 67
678 66
679 67
680 68
681 65
682 60
683 58
684 61
685 58
686 61
687 61
688 63
689 62
690 64
691 63
692 66
693 66
694 68
695 67
696 71
697 69
698 68
699 68
700 68
701 65
702 64
703 67
704 67
705 64
706 58
707 60
708 66
709 65
710 62
711 65
712 64
713 64
714 65
715 64
716 62
717 65
718 66
719 62
720 64
721 67
722 71
723 66
724 67
725 70
726 65
727 65
728 67
729 65
730 67
731 68
732 66
733 68
734 67
735 65
736 69
737 67
738 63
739 63
740 64
741 66
742 63
743 63
744 64
745 61
746 61
747 64
748 64
749 66
750 66
751 66
752 66
753 63
754 63
755 63
756 62
757 63
758 65
759 60
760 61
761 64
762 62
763 65
764 66
765 64
766 69
767 68
768 69
769 68
770 69
771 62
772 60
773 57
774 60
775 62
776 59
777 64
778 64
779 68
780 64
781 69
782 68
783 66
784 68
785 64
786 62
787 59
788 59
789 60
790 65
791 63
792 66
793 68
794 69
795 70
796 67
797 63
798 57
799 62
800 69
801 65
802 67
803 67
804 64
805 65
806 64
807 66
808 70
809 72
810 69
811 70
812 66
813 67
814 69
815 70
816 67
817 65
818 67
819 67
820 65
821 64
822 65
823 61
824 63
825 64
826 64
827 64
828 68
829 68
830 69
831 71
832 68
833 62
834 62
835 65
836 64
837 67
838 68
839 64
840 67
841 64
842 68
843 70
844 71
845 67
846 68
847 65
848 65
849 64
850 66
851 63
852 62
853 66
854 66
855 68
856 68
857 68
858 66
859 69
860 65
861 62
862 64
863 67
864 65
865 63
866 60
867 61
868 66
869 67
870 65
871 66
872 68
873 62
874 63
875 64
876 66
877 65
878 67
879 67
880 66
881 65
882 65
883 64
884 63
885 64
886 61
887 65
888 66
889 64
890 64
891 58
892 59
893 64
894 65
895 65
896 66
897 65
898 61
899 61
900 63
901 66
902 60
903 64
904 67
905 66
906 64
907 67
908 67
909 64
910 65
911 63
912 65
913 65
914 65
915 65
916 67
917 66
918 62
919 62
920 62
921 65
922 65
923 62
924 58
925 62
926 64
927 65
928 60
929 62
930 64
931 61
932 64
933 63
934 63
935 61
936 56
937 59
938 62
939 65
940 64
941 67
942 66
943 68
944 65
945 58
946 63
947 62
948 65
949 63
950 60
951 65
952 62
953 63
954 64
955 65
956 66
957 65
958 62
959 63
960 62
961 61
962 60
963 60
964 61
965 60
966 65
967 66
968 66
969 65
970 63
971 67
972 65
973 64
974 63
975 65
976 57
977 57
978 59
979 62
980 60
981 66
982 70
983 67
984 65
985 62
986 64
987 63
988 63
989 61
990 64
991 66
992 61
993 63
994 64
995 66
996 59
997 60
998 62
999 58
1000 62
