0 95
1 75
2 69
3 71
4 69
5 72
6 63
7 74
8 74
9 71
10 67
11 72
12 69
13 61
14 62
15 66
16 70
17 72
18 74
19 71
20 76
21 74
22 67
23 65
24 68
25 64
26 65
27 66
28 62
29 74
30 65
31 67
32 60
33 70
34 67
35 67
36 69
37 71
38 67
39 62
40 72
41 72
42 62
43 68
44 69
45 70
46 66
47 65
48 62
49 65
50 65
51 64
52 70
53 64
54 63
55 73
56 62
57 63
58 69
59 65
60 69
61 65
62 65
63 71
64 70
65 64
66 65
67 69
68 68
69 70
70 70
71 63
72 66
73 72
74 69
75 76
76 65
77 65
78 69
79 67
80 67
81 67
82 65
83 67
84 70
85 65
86 64
87 74
88 73
89 69
90 69
91 71
92 68
93 68
94 68
95 68
96 61
97 57
98 72
99 72
100 68
101 66
102 63
103 67
104 64
105 66
106 65
107 68
108 66
109 71
110 73
111 77
112 67
113 72
114 73
115 71
116 66
117 74
118 64
119 58
120 67
121 68
122 65
123 68
124 72
125 70
126 67
127 73
128 71
129 67
130 66
131 64
132 63
133 70
134 73
135 71
136 64
137 68
138 67
139 68
140 71
141 72
142 71
143 71
144 71
145 72
146 71
147 70
148 75
149 71
150 70
151 69
152 73
153 62
154 72
155 67
156 69
157 58
158 67
159 67
160 70
161 70
162 66
163 71
164 67
165 68
166 65
167 64
168 69
169 67
170 73
171 70
172 68
173 70
174 71
175 69
176 69
177 73
178 69
179 74
180 73
181 63
182 66
183 70
184 67
185 70
186 67
187 68
188 70
189 69
190 69
191 64
192 69
193 67
194 70
195 69
196 71
197 58
198 65
199 74
200 75
201 69
202 67
203 69
204 63
205 63
206 66
207 65
208 69
209 67
210 67
211 68
212 64
213 62
214 60
215 66
216 69
217 71
218 69
219 71
220 65
221 68
222 66
223 59
224 66
225 70
226 68
227 67
228 62
229 70
230 70
231 68
232 70
233 73
234 64
235 68
236 73
237 71
238 66
239 65
240 70
241 70
242 68
243 64
244 72
245 64
246 68
247 73
248 75
249 68
250 68
251 66
252 68
253 66
254 71
255 68
256 67
257 70
258 73
259 66
260 74
261 70
262 67
263 64
264 70
265 67
266 65
267 69
268 65
269 65
270 64
271 67
272 69
273 65
274 74
275 69
276 75
277 67
278 62
279 68
280 61
281 67
282 64
283 65
284 65
285 64
286 65
287 67
288 64
289 70
290 71
291 74
292 69
293 68
294 70
295 68
296 66
297 70
298 69
299 70
300 70
301 72
302 72
303 72
304 77
305 69
306 69
307 68
308 65
309 68
310 69
311 70
312 69
313 73
314 65
315 68
316 66
317 68
318 67
319 75
320 68
321 71
322 65
323 65
324 67
325 72
326 73
327 71
328 63
329 65
330 66
331 69
332 71
333 74
334 68
335 71
336 70
337 65
338 71
339 72
340 68
341 64
342 66
343 64
344 68
345 64
346 66
347 66
348 72
349 72
350 66
351 61
352 68
353 65
354 66
355 66
356 63
357 64
358 67
359 66
360 69
361 70
362 56
363 68
364 67
365 68
366 72
367 72
368 64
369 66
370 68
371 68
372 70
373 63
374 65
375 65
376 63
377 72
378 72
379 74
380 75
381 72
382 62
383 68
384 65
385 69
386 65
387 68
388 72
389 67
390 62
391 68
392 69
393 70
394 69
395 70
396 68
397 71
398 67
399 69
400 71
401 70
402 67
403 68
404 67
405 71
406 67
407 65
408 61
409 61
410 64
411 71
412 71
413 68
414 64
415 73
416 71
417 64
418 61
419 72
420 68
421 70
422 69
423 67
424 65
425 70
426 72
427 65
428 74
429 70
430 72
431 69
432 68
433 71
434 69
435 68
436 66
437 65
438 69
439 68
440 70
441 70
442 63
443 65
444 66
445 70
446 73
447 66
448 73
449 71
450 63
451 70
452 64
453 64
454 72
455 70
456 70
457 70
458 71
459 69
460 70
461 69
462 70
463 68
464 69
465 64
466 71
467 67
468 67
469 71
470 73
471 65
472 72
473 69
474 70
475 69
476 64
477 65
478 66
479 72
480 66
481 69
482 65
483 69
484 67
485 68
486 69
487 68
488 73
489 65
490 65
491 68
492 66
493 71
494 71
495 72
496 63
497 64
498 59
499 60
500 60
501 69
502 64
503 63
504 61
505 66
506 72
507 69
508 68
509 67
510 61
511 62
512 64
513 75
514 75
515 72
516 68
517 70
518 69
519 70
520 63
521 62
522 68
523 70
524 72
525 71
526 76
527 74
528 67
529 68
530 68
531 68
532 72
533 74
534 72
535 69
536 64
537 67
538 69
539 67
540 65
541 64
542 72
543 72
544 73
545 76
546 70
547 75
548 65
549 67
550 71
551 68
552 69
553 62
554 73
555 68
556 66
557 67
558 65
559 67
560 71
561 71
562 64
563 72
564 65
565 65
566 63
567 68
568 68
569 69
570 67
571 68
572 65
573 64
574 66
575 63
576 65
577 70
578 68
579 67
580 67
581 70
582 68
583 61
584 69
585 67
586 67
587 67
588 64
589 66
590 67
591 66
592 65
593 67
594 66
595 72
596 66
597 69
598 74
599 76
600 72
601 68
602 69
603 69
604 69
605 72
606 70
607 70
608 72
609 62
610 63
611 66
612 69
613 67
614 67
615 73
616 66
617 65
618 63
619 61
620 64
621 66
622 69
623 61
624 64
625 64
626 65
627 66
628 63
629 73
630 64
631 69
632 64
633 65
634 61
635 66
636 74
637 65
638 68
639 71
640 68
641 67
642 75
643 74
644 70
645 73
646 67
647 69
648 69
649 68
650 72
651 72
652 72
653 71
654 75
655 64
656 73
657 70
658 69
659 67
660 73
661 71
662 70
663 66
664 64
665 65
666 66
667 71
668 72
669 68
670 70
671 71
672 68
673 75
674 69
675 68
676 60
677 67
678 64
679 63
680 71
681 65
682 68
683 73
684 70
685 71
686 73
687 72
688 67
689 69
690 58
691 65
692 65
693 63
694 69
695 64
696 70
697 63
698 77
699 74
700 66
701 65
702 72
703 74
704 69
705 72
706 68
707 71
708 71
709 71
710 68
711 73
712 69
713 68
714 62
715 66
716 67
717 73
718 65
719 68
720 68
721 71
722 67
723 69
724 70
725 66
726 69
727 74
728 70
729 64
730 66
731 74
732 73
733 71
734 74
735 73
736 69
737 68
738 74
739 66
740 71
741 71
742 69
743 64
744 61
745 63
746 62
747 70
748 68
749 65
750 67
751 70
752 63
753 65
754 68
755 70
756 68
757 66
758 71
759 64
760 68
761 70
762 65
763 67
764 62
765 65
766 68
767 63
768 68
769 63
770 63
771 63
772 66
773 64
774 61
775 68
776 65
777 69
778 65
779 64
780 71
781 65
782 61
783 75
784 67
785 59
786 71
787 73
788 71
789 68
790 66
791 69
792 70
793 70
794 69
795 67
796 71
797 74
798 67
799 65
800 65
801 64
802 69
803 70
804 68
805 71
806 65
807 69
808 73
809 68
810 71
811 71
812 70
813 68
814 68
815 68
816 66
817 69
818 60
819 69
820 68
821 76
822 74
823 70
824 70
825 69
826 74
827 72
828 67
829 69
830 71
831 66
832 66
833 66
834 69
835 68
836 62
837 70
838 67
839 70
840 72
841 65
842 64
843 68
844 72
845 75
846 77
847 75
848 72
849 73
850 68
851 65
852 66
853 63
854 66
855 65
856 66
857 73
858 69
859 67
860 74
861 77
862 71
863 64
864 67
865 61
866 65
867 69
868 64
869 66
870 63
871 66
872 69
873 59
874 69
875 72
876 73
877 70
878 73
879 71
880 71
881 69
882 69
883 65
884 71
885 67
886 67
887 64
888 69
889 71
890 62
891 62
892 67
893 71
894 65
895 65
896 67
897 67
898 67
899 68
900 70
901 73
902 69
903 72
904 69
905 68
906 69
907 66
908 71
909 68
910 78
911 75
912 66
913 70
914 69
915 65
916 68
917 68
918 68
919 71
920 71
921 68
922 60
923 66
924 59
925 69
926 73
927 76
928 67
929 65
930 71
931 70
932 66
933 60
934 72
935 64
936 65
937 64
938 67
939 67
940 67
941 65
942 67
943 61
944 64
945 72
946 68
947 69
948 69
949 70
950 66
951 62
952 68
953 70
954 67
955 73
956 75
957 69
958 69
959 73
960 67
961 67
962 73
963 74
964 69
965 72
966 76
967 75
968 72
969 73
970 73
971 71
972 67
973 70
974 67
975 70
976 72
977 68
978 62
979 62
980 70
981 66
982 65
983 74
984 67
985 70
986 73
987 73
988 74
989 68
990 72
991 77
992 72
993 64
994 70
995 66
996 71
997 71
998 63
999 66
1000 63
