0 90
1 78
2 71
3 62
4 58
5 56
6 58
7 61
8 59
9 57
10 57
11 58
12 57
13 54
14 55
15 55
16 58
17 60
18 54
19 54
20 55
21 56
22 56
23 50
24 55
25 56
26 53
27 55
28 54
29 50
30 52
31 53
32 54
33 55
34 56
35 56
36 56
37 57
38 57
39 58
40 57
41 55
42 56
43 55
44 52
45 50
46 54
47 57
48 56
49 57
50 57
51 53
52 52
53 56
54 54
55 46
56 51
57 53
58 50
59 52
60 50
61 51
62 56
63 57
64 57
65 57
66 57
67 55
68 57
69 58
70 59
71 54
72 56
73 54
74 53
75 55
76 55
77 56
78 57
79 55
80 56
81 58
82 56
83 53
84 55
85 52
86 53
87 56
88 56
89 55
90 56
91 53
92 48
93 50
94 52
95 53
96 56
97 58
98 57
99 54
100 54
101 52
102 55
103 58
104 58
105 61
106 56
107 56
108 55
109 52
110 55
111 55
112 53
113 52
114 53
115 53
116 57
117 58
118 57
119 57
120 58
121 59
122 57
123 52
124 49
125 50
126 51
127 54
128 55
129 54
130 56
131 61
132 59
133 58
134 58
135 56
136 53
137 53
138 54
139 55
140 55
141 55
142 60
143 62
144 57
145 54
146 49
147 53
148 52
149 53
150 53
151 51
152 55
153 55
154 55
155 55
156 54
157 59
158 60
159 59
160 59
161 59
162 59
163 55
164 55
165 55
166 53
167 53
168 53
169 50
170 51
171 53
172 53
173 53
174 52
175 56
176 50
177 50
178 51
179 51
180 49
181 54
182 54
183 56
184 57
185 58
186 58
187 55
188 54
189 55
190 57
191 56
192 55
193 57
194 52
195 54
196 56
197 49
198 48
199 50
200 55
201 53
202 55
203 56
204 56
205 58
206 57
207 56
208 58
209 55
210 52
211 57
212 57
213 56
214 56
215 56
216 55
217 53
218 55
219 56
220 58
221 59
222 59
223 60
224 56
225 54
226 54
227 56
228 59
229 59
230 58
231 56
232 59
233 58
234 55
235 55
236 52
237 55
238 54
239 57
240 57
241 59
242 60
243 59
244 59
245 59
246 53
247 57
248 59
249 59
250 58
251 57
252 57
253 59
254 62
255 57
256 54
257 53
258 50
259 53
260 56
261 54
262 56
263 56
264 58
265 58
266 57
267 57
268 56
269 54
270 53
271 55
272 53
273 55
274 56
275 52
276 56
277 59
278 63
279 57
280 58
281 58
282 54
283 57
284 58
285 56
286 55
287 55
288 57
289 55
290 57
291 55
292 55
293 54
294 56
295 56
296 57
297 58
298 59
299 54
300 57
301 54
302 53
303 52
304 53
305 52
306 53
307 55
308 54
309 54
310 51
311 52
312 52
313 51
314 53
315 53
316 57
317 55
318 53
319 51
320 54
321 55
322 50
323 53
324 53
325 57
326 59
327 58
328 58
329 55
330 56
331 56
332 58
333 60
334 58
335 57
336 58
337 56
338 54
339 56
340 57
341 54
342 55
343 53
344 54
345 52
346 52
347 51
348 51
349 55
350 55
351 54
352 56
353 55
354 57
355 59
356 59
357 60
358 54
359 47
360 49
361 52
362 55
363 56
364 55
365 56
366 54
367 56
368 54
369 55
370 55
371 53
372 53
373 54
374 52
375 54
376 56
377 56
378 59
379 59
380 58
381 60
382 56
383 53
384 57
385 55
386 55
387 57
388 59
389 54
390 56
391 55
392 51
393 52
394 55
395 59
396 56
397 56
398 57
399 56
400 57
401 53
402 52
403 47
404 54
405 57
406 58
407 60
408 58
409 57
410 57
411 55
412 53
413 53
414 53
415 56
416 52
417 52
418 55
419 53
420 52
421 51
422 59
423 56
424 57
425 53
426 56
427 57
428 56
429 58
430 60
431 58
432 57
433 58
434 54
435 55
436 56
437 51
438 56
439 57
440 53
441 53
442 53
443 54
444 56
445 54
446 53
447 52
448 54
449 52
450 52
451 55
452 53
453 54
454 54
455 56
456 53
457 53
458 56
459 58
460 59
461 57
462 59
463 56
464 56
465 59
466 58
467 57
468 55
469 55
470 58
471 58
472 57
473 57
474 57
475 56
476 55
477 53
478 54
479 52
480 53
481 51
482 51
483 55
484 54
485 54
486 51
487 53
488 53
489 55
490 53
491 55
492 58
493 58
494 58
495 55
496 55
497 54
498 55
499 55
500 55
501 58
502 57
503 56
504 57
505 55
506 52
507 56
508 54
509 55
510 55
511 52
512 56
513 59
514 56
515 56
516 55
517 55
518 56
519 61
520 56
521 54
522 53
523 52
524 56
525 57
526 60
527 58
528 55
529 57
530 51
531 52
532 48
533 47
534 52
535 50
536 51
537 53
538 57
539 59
540 54
541 56
542 60
543 58
544 59
545 59
546 59
547 60
548 59
549 61
550 58
551 58
552 57
553 57
554 51
555 52
556 56
557 55
558 53
559 51
560 51
561 56
562 57
563 57
564 54
565 50
566 55
567 53
568 51
569 53
570 57
571 56
572 56
573 58
574 53
575 57
576 56
577 50
578 51
579 51
580 52
581 56
582 56
583 57
584 57
585 56
586 51
587 52
588 51
589 54
590 54
591 57
592 56
593 53
594 56
595 57
596 57
597 57
598 54
599 53
600 54
601 50
602 56
603 55
604 58
605 54
606 55
607 54
608 56
609 52
610 51
611 52
612 51
613 52
614 52
615 51
616 53
617 55
618 52
619 52
620 53
621 55
622 59
623 58
624 57
625 55
626 52
627 55
628 53
629 54
630 52
631 53
632 54
633 54
634 53
635 53
636 52
637 51
638 53
639 51
640 51
641 56
642 59
643 60
644 59
645 59
646 58
647 57
648 58
649 55
650 58
651 53
652 53
653 57
654 52
655 56
656 58
657 56
658 51
659 52
660 53
661 54
662 56
663 57
664 59
665 60
666 62
667 59
668 58
669 59
670 59
671 58
672 58
673 60
674 58
675 58
676 58
677 55
678 52
679 56
680 55
681 56
682 56
683 56
684 59
685 58
686 58
687 57
688 58
689 59
690 59
691 56
692 57
693 58
694 55
695 58
696 60
697 61
698 58
699 54
700 57
701 56
702 53
703 53
704 52
705 53
706 53
707 56
708 51
709 53
710 51
711 53
712 51
713 54
714 53
715 53
716 55
717 55
718 58
719 58
720 56
721 55
722 58
723 59
724 57
725 54
726 57
727 55
728 53
729 52
730 48
731 50
732 48
733 50
734 51
735 55
736 52
737 56
738 53
739 55
740 51
741 54
742 55
743 58
744 58
745 58
746 57
747 59
748 55
749 60
750 58
751 59
752 59
753 56
754 57
755 50
756 51
757 50
758 54
759 48
760 48
761 51
762 50
763 53
764 55
765 54
766 53
767 55
768 57
769 57
770 57
771 57
772 57
773 59
774 52
775 51
776 52
777 53
778 55
779 57
780 51
781 53
782 54
783 56
784 56
785 53
786 55
787 56
788 57
789 58
790 60
791 56
792 57
793 51
794 51
795 54
796 58
797 57
798 55
799 57
800 58
801 58
802 59
803 57
804 55
805 57
806 53
807 51
808 56
809 60
810 61
811 60
812 58
813 56
814 54
815 54
816 55
817 55
818 54
819 55
820 52
821 53
822 55
823 58
824 60
825 56
826 50
827 51
828 53
829 55
830 55
831 55
832 51
833 52
834 56
835 56
836 58
837 59
838 58
839 53
840 55
841 56
842 58
843 60
844 55
845 55
846 55
847 57
848 58
849 56
850 58
851 58
852 58
853 55
854 53
855 51
856 53
857 52
858 54
859 54
860 52
861 51
862 52
863 52
864 53
865 52
866 51
867 52
868 55
869 54
870 52
871 51
872 52
873 56
874 55
875 54
876 57
877 55
878 56
879 57
880 60
881 60
882 56
883 54
884 55
885 55
886 55
887 55
888 57
889 59
890 58
891 61
892 55
893 53
894 54
895 54
896 56
897 57
898 60
899 57
900 59
901 57
902 59
903 59
904 58
905 61
906 57
907 59
908 57
909 57
910 58
911 55
912 57
913 57
914 57
915 54
916 56
917 52
918 56
919 57
920 56
921 55
922 54
923 56
924 55
925 53
926 52
927 51
928 52
929 50
930 53
931 51
932 55
933 53
934 52
935 51
936 49
937 50
938 55
939 57
940 55
941 55
942 58
943 54
944 48
945 50
946 48
947 47
948 50
949 54
950 56
951 54
952 50
953 47
954 42
955 48
956 49
957 53
958 54
959 55
960 51
961 51
962 50
963 53
964 52
965 56
966 57
967 56
968 55
969 52
970 53
971 52
972 53
973 55
974 53
975 53
976 50
977 50
978 51
979 56
980 54
981 53
982 56
983 56
984 55
985 55
986 57
987 59
988 59
989 57
990 56
991 59
992 59
993 58
994 55
995 56
996 55
997 55
998 55
999 54
1000 52
