0 10
1 8
2 7
3 6
4 5
5 5
6 4
7 3
8 3
9 3
10 3
11 3
12 2
13 2
14 2
15 1
16 1
17 1
18 1
19 1
20 1
21 1
22 1
23 2
24 2
25 2
26 1
27 2
28 2
29 2
30 2
31 2
32 1
33 2
34 2
35 2
36 2
37 2
38 1
39 1
40 2
41 2
42 3
43 3
44 3
45 3
46 3
47 2
48 2
49 2
50 3
51 3
52 2
53 3
54 2
55 2
56 1
57 1
58 1
59 1
60 2
61 2
62 2
63 2
64 2
65 2
66 2
67 2
68 1
69 1
70 1
71 1
72 1
73 1
74 1
75 2
76 2
77 3
78 3
79 3
80 2
81 1
82 0
83 0
84 0
85 0
86 0
87 1
88 2
89 2
90 2
91 2
92 2
93 2
94 2
95 2
96 3
97 3
98 2
99 1
100 1
101 1
102 0
103 0
104 0
105 0
106 1
107 3
108 2
109 2
110 2
111 2
112 3
113 3
114 2
115 2
116 1
117 1
118 3
119 3
120 2
121 2
122 1
123 1
124 1
125 1
126 1
127 2
128 3
129 3
130 3
131 3
132 3
133 3
134 3
135 3
136 3
137 2
138 3
139 3
140 2
141 2
142 2
143 2
144 2
145 1
146 1
147 1
148 2
149 2
150 1
151 2
152 1
153 2
154 1
155 1
156 2
157 2
158 2
159 3
160 3
161 3
162 3
163 3
164 3
165 3
166 2
167 1
168 1
169 1
170 1
171 1
172 1
173 2
174 3
175 2
176 3
177 2
178 2
179 2
180 2
181 2
182 1
183 2
184 1
185 1
186 2
187 2
188 2
189 2
190 2
191 2
192 2
193 1
194 1
195 1
196 1
197 1
198 1
199 2
200 3
201 3
202 2
203 1
204 1
205 1
206 2
207 3
208 4
209 3
210 3
211 3
212 2
213 2
214 2
215 2
216 2
217 2
218 1
219 1
220 1
221 2
222 2
223 2
224 2
225 2
226 1
227 1
228 1
229 1
230 0
231 2
232 2
233 2
234 2
235 1
236 0
237 1
238 2
239 2
240 2
241 4
242 4
243 3
244 3
245 3
246 4
247 2
248 2
249 1
250 1
251 2
252 2
253 2
254 2
255 2
256 1
257 2
258 2
259 2
260 1
261 1
262 1
263 2
264 2
265 3
266 2
267 2
268 2
269 2
270 2
271 2
272 2
273 3
274 3
275 2
276 2
277 2
278 2
279 2
280 2
281 2
282 3
283 3
284 3
285 2
286 2
287 2
288 2
289 2
290 2
291 2
292 2
293 2
294 2
295 2
296 2
297 2
298 3
299 3
300 3
301 2
302 2
303 2
304 2
305 2
306 2
307 2
308 2
309 2
310 2
311 2
312 3
313 2
314 2
315 2
316 2
317 2
318 1
319 1
320 1
321 2
322 3
323 3
324 3
325 1
326 2
327 3
328 2
329 2
330 3
331 3
332 3
333 2
334 3
335 3
336 2
337 3
338 3
339 3
340 3
341 3
342 4
343 4
344 3
345 3
346 3
347 4
348 3
349 3
350 2
351 1
352 1
353 2
354 2
355 1
356 1
357 1
358 2
359 2
360 2
361 2
362 2
363 2
364 2
365 2
366 2
367 2
368 2
369 1
370 2
371 2
372 2
373 2
374 1
375 2
376 3
377 3
378 2
379 2
380 1
381 0
382 0
383 0
384 0
385 0
386 0
387 1
388 2
389 2
390 2
391 2
392 1
393 2
394 2
395 2
396 1
397 3
398 3
399 2
400 2
401 2
402 2
403 2
404 2
405 0
406 0
407 0
408 0
409 1
410 2
411 2
412 1
413 1
414 1
415 1
416 1
417 1
418 1
419 2
420 3
421 4
422 3
423 3
424 2
425 2
426 2
427 2
428 2
429 3
430 2
431 2
432 2
433 1
434 1
435 1
436 2
437 2
438 1
439 1
440 1
441 3
442 2
443 3
444 2
445 2
446 3
447 2
448 3
449 3
450 3
451 3
452 3
453 3
454 3
455 2
456 2
457 2
458 3
459 3
460 2
461 2
462 1
463 2
464 3
465 3
466 3
467 2
468 2
469 2
470 1
471 1
472 2
473 2
474 2
475 2
476 2
477 1
478 1
479 2
480 3
481 2
482 2
483 2
484 3
485 3
486 3
487 3
488 3
489 3
490 2
491 2
492 1
493 1
494 1
495 0
496 0
497 0
498 0
499 1
500 1
501 1
502 1
503 1
504 1
505 1
506 2
507 2
508 2
509 1
510 1
511 2
512 3
513 3
514 2
515 2
516 2
517 2
518 2
519 3
520 3
521 3
522 2
523 2
524 2
525 3
526 4
527 3
528 3
529 3
530 3
531 3
532 3
533 4
534 4
535 4
536 4
537 4
538 4
539 4
540 4
541 4
542 1
543 2
544 1
545 1
546 2
547 3
548 3
549 3
550 3
551 3
552 3
553 3
554 2
555 1
556 1
557 1
558 1
559 1
560 1
561 1
562 1
563 1
564 1
565 1
566 2
567 2
568 3
569 4
570 3
571 3
572 3
573 3
574 3
575 3
576 3
577 4
578 4
579 3
580 3
581 3
582 3
583 2
584 2
585 2
586 2
587 3
588 2
589 3
590 4
591 3
592 2
593 2
594 2
595 2
596 3
597 3
598 3
599 3
600 2
601 2
602 3
603 3
604 2
605 2
606 1
607 1
608 2
609 1
610 2
611 2
612 2
613 2
614 2
615 1
616 2
617 2
618 3
619 4
620 5
621 5
622 4
623 3
624 2
625 2
626 2
627 2
628 3
629 3
630 3
631 3
632 3
633 3
634 2
635 2
636 2
637 2
638 3
639 3
640 3
641 3
642 3
643 3
644 2
645 3
646 2
647 3
648 3
649 3
650 2
651 3
652 3
653 2
654 4
655 3
656 3
657 2
658 2
659 2
660 2
661 2
662 2
663 2
664 3
665 2
666 1
667 2
668 3
669 3
670 3
671 2
672 1
673 2
674 3
675 4
676 3
677 3
678 3
679 3
680 3
681 3
682 2
683 2
684 1
685 1
686 1
687 2
688 3
689 3
690 1
691 2
692 2
693 2
694 3
695 3
696 4
697 3
698 2
699 3
700 4
701 4
702 3
703 3
704 3
705 3
706 3
707 3
708 2
709 2
710 1
711 1
712 1
713 1
714 2
715 2
716 1
717 2
718 2
719 2
720 2
721 2
722 3
723 3
724 2
725 2
726 1
727 1
728 1
729 2
730 2
731 1
732 1
733 1
734 1
735 1
736 2
737 2
738 2
739 2
740 2
741 2
742 2
743 2
744 3
745 3
746 3
747 3
748 2
749 2
750 1
751 1
752 1
753 1
754 1
755 2
756 3
757 3
758 3
759 2
760 2
761 3
762 2
763 3
764 3
765 3
766 2
767 2
768 2
769 2
770 2
771 2
772 3
773 2
774 2
775 2
776 2
777 0
778 0
779 0
780 1
781 1
782 1
783 2
784 2
785 2
786 3
787 2
788 1
789 0
790 0
791 0
792 1
793 2
794 3
795 2
796 3
797 2
798 2
799 2
800 2
801 2
802 3
803 2
804 2
805 3
806 4
807 4
808 4
809 4
810 4
811 4
812 4
813 3
814 3
815 3
816 2
817 3
818 3
819 2
820 2
821 2
822 2
823 2
824 2
825 1
826 1
827 2
828 2
829 2
830 2
831 2
832 3
833 3
834 2
835 3
836 3
837 3
838 3
839 2
840 1
841 1
842 1
843 2
844 2
845 2
846 3
847 2
848 3
849 2
850 2
851 2
852 2
853 1
854 1
855 0
856 1
857 1
858 1
859 2
860 2
861 1
862 1
863 1
864 2
865 2
866 2
867 2
868 2
869 2
870 2
871 2
872 2
873 3
874 3
875 4
876 4
877 4
878 3
879 3
880 2
881 1
882 1
883 1
884 1
885 1
886 2
887 2
888 3
889 3
890 2
891 3
892 2
893 2
894 2
895 2
896 2
897 2
898 3
899 3
900 4
901 3
902 3
903 3
904 2
905 3
906 3
907 3
908 3
909 3
910 3
911 3
912 2
913 2
914 2
915 2
916 1
917 1
918 1
919 1
920 1
921 1
922 2
923 3
924 3
925 1
926 1
927 1
928 1
929 2
930 2
931 2
932 2
933 2
934 2
935 2
936 2
937 2
938 3
939 3
940 2
941 2
942 2
943 2
944 2
945 3
946 2
947 3
948 3
949 4
950 4
951 4
952 4
953 4
954 4
955 3
956 3
957 4
958 3
959 3
960 3
961 2
962 3
963 2
964 1
965 2
966 1
967 2
968 2
969 2
970 3
971 2
972 2
973 1
974 1
975 1
976 1
977 1
978 2
979 2
980 2
981 1
982 1
983 1
984 3
985 4
986 3
987 3
988 4
989 3
990 4
991 4
992 4
993 4
994 5
995 5
996 5
997 4
998 4
999 3
1000 4
