0 10
1 6
2 7
3 6
4 5
5 8
6 7
7 6
8 7
9 7
10 8
11 6
12 6
13 8
14 8
15 5
16 6
17 7
18 7
19 8
20 8
21 7
22 7
23 10
24 6
25 6
26 7
27 5
28 7
29 8
30 6
31 4
32 7
33 7
34 7
35 6
36 5
37 5
38 7
39 6
40 6
41 7
42 5
43 4
44 4
45 8
46 8
47 4
48 6
49 5
50 7
51 6
52 6
53 3
54 7
55 6
56 5
57 7
58 7
59 6
60 6
61 6
62 6
63 5
64 7
65 9
66 5
67 7
68 7
69 7
70 7
71 7
72 7
73 4
74 6
75 6
76 7
77 6
78 8
79 7
80 6
81 8
82 6
83 7
84 10
85 8
86 5
87 8
88 6
89 5
90 6
91 7
92 8
93 7
94 8
95 5
96 5
97 6
98 6
99 7
100 6
101 6
102 6
103 6
104 6
105 9
106 7
107 8
108 8
109 5
110 4
111 6
112 7
113 5
114 7
115 7
116 7
117 7
118 9
119 8
120 8
121 8
122 7
123 8
124 9
125 8
126 6
127 5
128 6
129 6
130 6
131 6
132 6
133 7
134 5
135 5
136 7
137 8
138 8
139 7
140 7
141 7
142 6
143 6
144 7
145 6
146 8
147 7
148 9
149 5
150 8
151 5
152 6
153 6
154 7
155 7
156 5
157 7
158 5
159 8
160 7
161 9
162 6
163 5
164 7
165 8
166 8
167 7
168 7
169 8
170 7
171 8
172 6
173 7
174 8
175 5
176 7
177 6
178 7
179 8
180 7
181 8
182 7
183 7
184 8
185 6
186 7
187 8
188 8
189 7
190 6
191 8
192 8
193 6
194 8
195 8
196 8
197 7
198 7
199 6
200 7
201 6
202 6
203 6
204 8
205 6
206 5
207 5
208 8
209 8
210 7
211 6
212 7
213 8
214 8
215 6
216 7
217 6
218 6
219 7
220 7
221 5
222 7
223 7
224 7
225 2
226 7
227 6
228 6
229 5
230 8
231 5
232 5
233 7
234 8
235 6
236 5
237 6
238 6
239 6
240 6
241 8
242 7
243 7
244 6
245 6
246 7
247 6
248 5
249 9
250 7
251 6
252 5
253 7
254 6
255 6
256 6
257 6
258 7
259 5
260 9
261 7
262 6
263 6
264 4
265 8
266 7
267 8
268 8
269 8
270 7
271 8
272 7
273 7
274 8
275 7
276 6
277 5
278 6
279 8
280 7
281 8
282 7
283 6
284 8
285 8
286 8
287 7
288 7
289 6
290 6
291 5
292 5
293 6
294 7
295 6
296 7
297 6
298 6
299 7
300 5
301 7
302 8
303 7
304 6
305 8
306 7
307 7
308 6
309 8
310 8
311 7
312 6
313 3
314 6
315 8
316 4
317 5
318 8
319 7
320 5
321 6
322 6
323 6
324 6
325 7
326 6
327 4
328 6
329 7
330 7
331 6
332 6
333 4
334 6
335 5
336 7
337 5
338 6
339 6
340 6
341 9
342 8
343 7
344 4
345 6
346 8
347 7
348 7
349 6
350 7
351 5
352 7
353 5
354 8
355 8
356 7
357 8
358 6
359 6
360 4
361 6
362 7
363 6
364 5
365 7
366 5
367 3
368 5
369 7
370 6
371 6
372 7
373 8
374 6
375 4
376 6
377 6
378 7
379 5
380 7
381 8
382 8
383 7
384 7
385 7
386 9
387 7
388 7
389 7
390 6
391 6
392 7
393 7
394 5
395 7
396 6
397 8
398 8
399 5
400 4
401 6
402 7
403 8
404 6
405 8
406 5
407 5
408 6
409 8
410 7
411 6
412 8
413 7
414 7
415 6
416 7
417 5
418 7
419 6
420 8
421 8
422 7
423 6
424 7
425 6
426 8
427 8
428 5
429 5
430 7
431 7
432 6
433 7
434 4
435 8
436 7
437 7
438 8
439 7
440 7
441 7
442 7
443 8
444 7
445 9
446 6
447 4
448 6
449 8
450 6
451 6
452 6
453 8
454 7
455 7
456 9
457 7
458 7
459 5
460 9
461 6
462 6
463 6
464 9
465 6
466 4
467 8
468 8
469 6
470 6
471 6
472 7
473 6
474 7
475 8
476 6
477 4
478 7
479 7
480 6
481 6
482 7
483 6
484 6
485 6
486 8
487 8
488 7
489 6
490 9
491 7
492 8
493 7
494 7
495 8
496 7
497 4
498 5
499 7
500 6
501 7
502 4
503 5
504 7
505 6
506 6
507 8
508 9
509 5
510 7
511 6
512 7
513 6
514 8
515 7
516 8
517 7
518 7
519 6
520 6
521 5
522 7
523 6
524 5
525 8
526 7
527 5
528 7
529 7
530 7
531 7
532 4
533 7
534 7
535 7
536 7
537 8
538 8
539 7
540 9
541 4
542 6
543 7
544 7
545 6
546 5
547 7
548 6
549 7
550 5
551 6
552 7
553 6
554 5
555 4
556 5
557 5
558 7
559 6
560 4
561 5
562 4
563 5
564 8
565 9
566 5
567 7
568 8
569 8
570 4
571 6
572 7
573 7
574 8
575 8
576 8
577 7
578 6
579 6
580 7
581 7
582 5
583 8
584 9
585 4
586 7
587 6
588 6
589 7
590 5
591 7
592 6
593 6
594 7
595 6
596 9
597 8
598 8
599 4
600 8
601 7
602 8
603 6
604 6
605 7
606 7
607 8
608 6
609 6
610 7
611 7
612 7
613 6
614 6
615 5
616 7
617 7
618 5
619 7
620 8
621 6
622 5
623 6
624 7
625 7
626 7
627 6
628 6
629 6
630 7
631 7
632 6
633 8
634 6
635 5
636 6
637 7
638 5
639 6
640 8
641 9
642 7
643 7
644 4
645 7
646 9
647 6
648 6
649 6
650 6
651 4
652 8
653 8
654 9
655 5
656 6
657 6
658 8
659 5
660 7
661 9
662 8
663 9
664 8
665 5
666 6
667 5
668 7
669 5
670 7
671 7
672 7
673 8
674 4
675 6
676 7
677 7
678 7
679 6
680 7
681 7
682 5
683 4
684 5
685 5
686 7
687 6
688 7
689 6
690 8
691 5
692 8
693 8
694 8
695 8
696 8
697 8
698 6
699 8
700 7
701 8
702 8
703 7
704 4
705 8
706 8
707 8
708 7
709 7
710 6
711 8
712 6
713 5
714 4
715 6
716 5
717 7
718 8
719 8
720 6
721 7
722 8
723 7
724 6
725 7
726 9
727 6
728 5
729 8
730 8
731 4
732 8
733 8
734 8
735 7
736 8
737 6
738 7
739 5
740 6
741 8
742 5
743 6
744 8
745 8
746 8
747 6
748 4
749 6
750 6
751 6
752 7
753 7
754 8
755 5
756 7
757 7
758 6
759 5
760 8
761 8
762 7
763 6
764 5
765 7
766 5
767 7
768 6
769 7
770 7
771 6
772 7
773 9
774 7
775 6
776 6
777 4
778 8
779 7
780 6
781 5
782 6
783 9
784 6
785 5
786 5
787 6
788 7
789 6
790 8
791 4
792 7
793 8
794 8
795 10
796 7
797 7
798 6
799 6
800 8
801 5
802 6
803 8
804 6
805 7
806 4
807 7
808 6
809 6
810 8
811 6
812 7
813 6
814 6
815 4
816 6
817 7
818 9
819 5
820 8
821 8
822 7
823 8
824 8
825 6
826 6
827 8
828 7
829 6
830 5
831 5
832 7
833 8
834 5
835 7
836 7
837 8
838 6
839 4
840 9
841 6
842 4
843 5
844 7
845 6
846 7
847 8
848 7
849 5
850 6
851 10
852 7
853 5
854 5
855 5
856 7
857 7
858 6
859 6
860 7
861 7
862 7
863 7
864 7
865 8
866 8
867 5
868 8
869 6
870 8
871 7
872 8
873 8
874 5
875 5
876 8
877 6
878 5
879 8
880 6
881 5
882 6
883 7
884 5
885 7
886 8
887 9
888 7
889 5
890 7
891 5
892 8
893 6
894 5
895 5
896 7
897 6
898 5
899 9
900 8
901 5
902 6
903 6
904 7
905 7
906 9
907 6
908 4
909 7
910 8
911 8
912 8
913 7
914 5
915 6
916 6
917 8
918 6
919 4
920 7
921 7
922 7
923 5
924 7
925 6
926 6
927 7
928 8
929 8
930 8
931 8
932 5
933 6
934 6
935 6
936 7
937 6
938 8
939 7
940 8
941 6
942 5
943 6
944 6
945 6
946 8
947 6
948 8
949 8
950 7
951 5
952 4
953 7
954 6
955 6
956 7
957 7
958 7
959 7
960 7
961 7
962 6
963 6
964 6
965 8
966 5
967 6
968 7
969 6
970 6
971 8
972 6
973 7
974 7
975 7
976 8
977 8
978 8
979 6
980 5
981 8
982 6
983 7
984 6
985 6
986 7
987 8
988 7
989 5
990 7
991 9
992 6
993 6
994 8
995 7
996 7
997 8
998 8
999 8
1000 6
