0 80
1 63
2 54
3 51
4 52
5 51
6 51
7 54
8 52
9 52
10 51
11 50
12 49
13 53
14 54
15 51
16 49
17 48
18 49
19 49
20 45
21 49
22 52
23 48
24 50
25 52
26 49
27 51
28 52
29 48
30 48
31 47
32 48
33 49
34 49
35 51
36 53
37 50
38 48
39 51
40 51
41 47
42 46
43 48
44 54
45 52
46 49
47 47
48 44
49 45
50 46
51 49
52 55
53 54
54 50
55 48
56 49
57 55
58 52
59 53
60 51
61 49
62 50
63 49
64 47
65 46
66 49
67 47
68 49
69 51
70 52
71 46
72 48
73 54
74 55
75 55
76 50
77 52
78 52
79 51
80 47
81 49
82 49
83 51
84 52
85 51
86 56
87 54
88 54
89 51
90 51
91 55
92 50
93 47
94 49
95 50
96 50
97 55
98 54
99 53
100 53
101 54
102 53
103 53
104 48
105 50
106 49
107 51
108 53
109 50
110 52
111 55
112 50
113 51
114 52
115 51
116 48
117 48
118 49
119 48
120 46
121 47
122 48
123 52
124 54
125 49
126 50
127 49
128 50
129 50
130 53
131 47
132 50
133 49
134 54
135 55
136 54
137 55
138 50
139 49
140 50
141 51
142 50
143 47
144 48
145 51
146 55
147 52
148 51
149 52
150 50
151 52
152 51
153 50
154 53
155 53
156 47
157 49
158 48
159 48
160 50
161 53
162 54
163 52
164 56
165 52
166 55
167 46
168 50
169 50
170 52
171 51
172 51
173 50
174 47
175 47
176 49
177 50
178 50
179 49
180 51
181 53
182 51
183 49
184 51
185 54
186 51
187 50
188 44
189 44
190 49
191 50
192 50
193 53
194 49
195 51
196 51
197 49
198 49
199 48
200 52
201 52
202 52
203 53
204 53
205 52
206 50
207 50
208 49
209 48
210 52
211 50
212 51
213 47
214 49
215 45
216 45
217 46
218 49
219 52
220 52
221 55
222 52
223 51
224 54
225 53
226 55
227 54
228 52
229 51
230 53
231 53
232 53
233 49
234 50
235 44
236 50
237 50
238 45
239 47
240 47
241 49
242 52
243 45
244 47
245 46
246 48
247 49
248 50
249 52
250 48
251 43
252 46
253 50
254 50
255 52
256 51
257 51
258 51
259 48
260 50
261 52
262 53
263 50
264 49
265 51
266 49
267 50
268 49
269 50
270 45
271 48
272 51
273 50
274 52
275 49
276 50
277 46
278 49
279 50
280 50
281 54
282 50
283 51
284 53
285 53
286 52
287 50
288 51
289 54
290 50
291 52
292 53
293 53
294 53
295 49
296 52
297 51
298 51
299 48
300 51
301 51
302 51
303 51
304 51
305 48
306 50
307 53
308 47
309 50
310 50
311 56
312 56
313 52
314 53
315 50
316 53
317 54
318 48
319 49
320 47
321 48
322 50
323 54
324 50
325 51
326 53
327 52
328 51
329 50
330 48
331 51
332 50
333 50
334 50
335 52
336 50
337 54
338 51
339 53
340 55
341 55
342 53
343 48
344 47
345 51
346 50
347 52
348 48
349 44
350 46
351 48
352 48
353 51
354 52
355 49
356 48
357 47
358 48
359 49
360 48
361 51
362 51
363 52
364 47
365 49
366 51
367 51
368 44
369 48
370 52
371 50
372 51
373 54
374 52
375 46
376 48
377 50
378 50
379 52
380 51
381 48
382 50
383 51
384 47
385 49
386 48
387 52
388 54
389 50
390 47
391 49
392 49
393 50
394 52
395 54
396 54
397 54
398 55
399 54
400 53
401 52
402 52
403 50
404 50
405 48
406 50
407 51
408 52
409 48
410 50
411 49
412 53
413 51
414 53
415 53
416 53
417 51
418 51
419 48
420 49
421 48
422 49
423 48
424 51
425 52
426 53
427 56
428 54
429 50
430 50
431 49
432 49
433 52
434 48
435 48
436 48
437 49
438 49
439 50
440 48
441 52
442 49
443 47
444 48
445 51
446 51
447 56
448 54
449 49
450 52
451 55
452 51
453 46
454 50
455 52
456 51
457 52
458 52
459 50
460 50
461 50
462 52
463 55
464 52
465 54
466 50
467 52
468 52
469 55
470 52
471 54
472 52
473 48
474 52
475 51
476 50
477 52
478 52
479 48
480 51
481 50
482 48
483 48
484 50
485 52
486 51
487 51
488 52
489 52
490 45
491 46
492 47
493 50
494 53
495 55
496 49
497 51
498 44
499 49
500 49
501 50
502 51
503 52
504 48
505 48
506 47
507 51
508 51
509 50
510 49
511 49
512 49
513 48
514 48
515 50
516 43
517 46
518 50
519 48
520 43
521 46
522 51
523 52
524 48
525 49
526 51
527 49
528 52
529 50
530 46
531 51
532 50
533 50
534 51
535 50
536 48
537 51
538 49
539 47
540 51
541 48
542 49
543 50
544 51
545 54
546 52
547 53
548 54
549 55
550 53
551 52
552 47
553 49
554 47
555 49
556 52
557 52
558 46
559 46
560 47
561 46
562 50
563 48
564 43
565 44
566 47
567 50
568 46
569 48
570 51
571 54
572 52
573 54
574 53
575 53
576 54
577 50
578 56
579 56
580 51
581 49
582 51
583 52
584 51
585 50
586 49
587 47
588 48
589 52
590 43
591 49
592 52
593 51
594 54
595 53
596 48
597 48
598 52
599 51
600 54
601 50
602 53
603 53
604 48
605 51
606 52
607 49
608 50
609 51
610 53
611 53
612 53
613 52
614 50
615 51
616 48
617 49
618 45
619 51
620 50
621 53
622 54
623 53
624 52
625 53
626 52
627 50
628 51
629 51
630 51
631 52
632 50
633 48
634 49
635 49
636 51
637 53
638 51
639 51
640 54
641 57
642 53
643 51
644 52
645 48
646 50
647 43
648 48
649 50
650 48
651 50
652 49
653 49
654 51
655 50
656 50
657 51
658 49
659 51
660 47
661 50
662 49
663 52
664 51
665 49
666 48
667 48
668 50
669 52
670 51
671 51
672 50
673 53
674 46
675 42
676 47
677 51
678 51
679 53
680 52
681 52
682 56
683 53
684 50
685 51
686 52
687 55
688 51
689 49
690 48
691 51
692 50
693 50
694 50
695 51
696 51
697 50
698 52
699 51
700 49
701 48
702 49
703 49
704 52
705 53
706 53
707 54
708 52
709 53
710 51
711 53
712 50
713 51
714 52
715 51
716 48
717 49
718 49
719 48
720 53
721 46
722 52
723 50
724 48
725 52
726 51
727 52
728 48
729 48
730 49
731 49
732 46
733 47
734 50
735 45
736 49
737 49
738 49
739 50
740 51
741 51
742 49
743 51
744 50
745 50
746 52
747 48
748 49
749 47
750 52
751 47
752 47
753 49
754 48
755 48
756 48
757 50
758 53
759 48
760 53
761 54
762 53
763 50
764 48
765 50
766 54
767 55
768 52
769 53
770 53
771 52
772 52
773 48
774 49
775 51
776 47
777 47
778 52
779 54
780 52
781 52
782 55
783 49
784 52
785 53
786 52
787 49
788 51
789 52
790 53
791 49
792 50
793 49
794 49
795 50
796 50
797 46
798 48
799 49
800 46
801 47
802 52
803 48
804 52
805 51
806 52
807 49
808 49
809 46
810 48
811 50
812 52
813 51
814 50
815 50
816 52
817 53
818 56
819 56
820 50
821 53
822 54
823 50
824 48
825 45
826 45
827 46
828 47
829 48
830 51
831 52
832 49
833 49
834 46
835 49
836 52
837 53
838 53
839 53
840 47
841 52
842 50
843 46
844 47
845 46
846 46
847 48
848 51
849 49
850 50
851 51
852 50
853 44
854 46
855 51
856 51
857 52
858 50
859 48
860 50
861 54
862 51
863 52
864 51
865 51
866 51
867 46
868 52
869 52
870 54
871 51
872 52
873 53
874 47
875 50
876 54
877 54
878 53
879 52
880 52
881 53
882 52
883 52
884 56
885 53
886 52
887 50
888 48
889 52
890 48
891 52
892 49
893 52
894 50
895 48
896 50
897 48
898 49
899 45
900 48
901 46
902 46
903 49
904 49
905 54
906 51
907 53
908 54
909 54
910 53
911 50
912 48
913 48
914 51
915 52
916 50
917 52
918 50
919 50
920 49
921 51
922 51
923 55
924 56
925 53
926 49
927 48
928 49
929 47
930 50
931 46
932 49
933 49
934 49
935 44
936 44
937 45
938 50
939 49
940 52
941 46
942 50
943 50
944 47
945 43
946 43
947 45
948 46
949 46
950 44
951 46
952 47
953 50
954 48
955 51
956 49
957 50
958 51
959 52
960 50
961 50
962 48
963 50
964 51
965 51
966 49
967 48
968 51
969 51
970 48
971 42
972 43
973 47
974 50
975 48
976 46
977 41
978 47
979 46
980 46
981 46
982 49
983 48
984 47
985 49
986 49
987 51
988 49
989 47
990 52
991 51
992 49
993 51
994 49
995 52
996 54
997 55
998 50
999 42
1000 48
