0 70
1 69
2 66
3 65
4 62
5 62
6 60
7 59
8 59
9 55
10 54
11 52
12 52
13 51
14 49
15 49
16 49
17 49
18 48
19 47
20 46
21 47
22 46
23 45
24 45
25 43
26 42
27 41
28 41
29 40
30 40
31 37
32 36
33 36
34 35
35 36
36 35
37 35
38 35
39 36
40 37
41 37
42 37
43 37
44 35
45 34
46 34
47 35
48 35
49 34
50 34
51 34
52 34
53 33
54 32
55 32
56 31
57 32
58 32
59 32
60 33
61 33
62 34
63 32
64 31
65 31
66 30
67 30
68 30
69 31
70 31
71 31
72 30
73 29
74 28
75 27
76 26
77 27
78 27
79 27
80 27
81 26
82 27
83 27
84 26
85 26
86 25
87 23
88 23
89 22
90 22
91 22
92 22
93 22
94 24
95 23
96 22
97 23
98 23
99 22
100 23
101 23
102 23
103 22
104 21
105 22
106 21
107 21
108 20
109 21
110 21
111 22
112 22
113 22
114 22
115 22
116 22
117 22
118 23
119 23
120 21
121 22
122 23
123 23
124 23
125 23
126 24
127 24
128 24
129 24
130 24
131 24
132 24
133 25
134 25
135 27
136 27
137 28
138 29
139 30
140 30
141 30
142 31
143 31
144 30
145 31
146 31
147 30
148 31
149 30
150 30
151 31
152 30
153 29
154 29
155 27
156 27
157 26
158 26
159 26
160 26
161 26
162 26
163 25
164 24
165 25
166 26
167 27
168 28
169 28
170 27
171 27
172 27
173 27
174 28
175 28
176 27
177 26
178 26
179 26
180 26
181 25
182 27
183 28
184 28
185 28
186 28
187 27
188 26
189 26
190 25
191 26
192 26
193 26
194 27
195 27
196 28
197 28
198 28
199 28
200 28
201 28
202 28
203 29
204 29
205 28
206 28
207 28
208 27
209 27
210 25
211 25
212 25
213 24
214 24
215 23
216 23
217 23
218 23
219 24
220 24
221 24
222 23
223 23
224 23
225 22
226 20
227 21
228 22
229 22
230 22
231 22
232 22
233 22
234 21
235 20
236 21
237 21
238 22
239 22
240 21
241 21
242 21
243 21
244 20
245 21
246 21
247 20
248 20
249 21
250 21
251 21
252 22
253 22
254 22
255 22
256 23
257 23
258 24
259 24
260 25
261 26
262 26
263 27
264 26
265 27
266 26
267 27
268 27
269 27
270 27
271 27
272 27
273 29
274 30
275 29
276 29
277 30
278 30
279 30
280 31
281 30
282 30
283 31
284 30
285 30
286 30
287 31
288 28
289 27
290 28
291 28
292 27
293 27
294 28
295 29
296 29
297 28
298 29
299 29
300 30
301 29
302 28
303 29
304 28
305 28
306 27
307 26
308 24
309 25
310 25
311 26
312 25
313 26
314 26
315 26
316 26
317 26
318 26
319 26
320 25
321 25
322 25
323 25
324 25
325 26
326 25
327 24
328 23
329 23
330 23
331 22
332 23
333 24
334 24
335 24
336 24
337 25
338 25
339 25
340 24
341 25
342 26
343 25
344 25
345 25
346 24
347 23
348 23
349 22
350 22
351 22
352 23
353 23
354 23
355 23
356 23
357 23
358 23
359 23
360 24
361 22
362 22
363 22
364 21
365 22
366 22
367 23
368 23
369 23
370 24
371 24
372 25
373 26
374 26
375 24
376 27
377 26
378 26
379 26
380 27
381 25
382 27
383 26
384 26
385 27
386 26
387 26
388 26
389 26
390 24
391 23
392 23
393 23
394 21
395 22
396 21
397 20
398 20
399 19
400 20
401 21
402 21
403 23
404 23
405 23
406 23
407 23
408 23
409 23
410 23
411 23
412 23
413 23
414 23
415 23
416 23
417 23
418 24
419 25
420 24
421 23
422 22
423 21
424 21
425 22
426 22
427 22
428 22
429 23
430 23
431 21
432 21
433 21
434 21
435 22
436 20
437 19
438 20
439 20
440 20
441 20
442 20
443 20
444 20
445 20
446 19
447 18
448 18
449 18
450 19
451 20
452 20
453 20
454 20
455 19
456 19
457 19
458 20
459 20
460 20
461 20
462 21
463 21
464 22
465 22
466 22
467 21
468 21
469 22
470 22
471 22
472 22
473 22
474 21
475 22
476 23
477 23
478 23
479 23
480 24
481 24
482 24
483 23
484 23
485 23
486 24
487 24
488 24
489 24
490 23
491 23
492 24
493 24
494 25
495 25
496 24
497 25
498 26
499 26
500 26
501 26
502 25
503 24
504 23
505 23
506 23
507 22
508 22
509 23
510 22
511 22
512 23
513 22
514 20
515 20
516 20
517 20
518 21
519 22
520 22
521 23
522 24
523 24
524 24
525 25
526 26
527 26
528 27
529 28
530 29
531 30
532 30
533 29
534 28
535 28
536 27
537 27
538 28
539 28
540 28
541 29
542 29
543 28
544 28
545 29
546 29
547 28
548 28
549 28
550 28
551 28
552 28
553 27
554 26
555 26
556 27
557 26
558 26
559 27
560 27
561 27
562 27
563 27
564 28
565 28
566 26
567 26
568 25
569 24
570 23
571 23
572 22
573 21
574 21
575 21
576 21
577 21
578 20
579 19
580 21
581 21
582 21
583 21
584 21
585 20
586 20
587 21
588 21
589 21
590 22
591 21
592 20
593 20
594 19
595 19
596 19
597 21
598 21
599 22
600 23
601 23
602 23
603 23
604 23
605 22
606 23
607 23
608 22
609 23
610 23
611 23
612 23
613 24
614 24
615 24
616 24
617 24
618 24
619 22
620 23
621 24
622 24
623 23
624 23
625 24
626 23
627 23
628 22
629 21
630 21
631 21
632 20
633 21
634 21
635 21
636 20
637 20
638 21
639 22
640 23
641 23
642 24
643 25
644 25
645 25
646 25
647 25
648 25
649 24
650 25
651 24
652 23
653 23
654 24
655 23
656 22
657 22
658 22
659 22
660 24
661 24
662 24
663 24
664 22
665 22
666 22
667 22
668 23
669 24
670 24
671 23
672 23
673 22
674 21
675 21
676 20
677 21
678 22
679 22
680 21
681 22
682 23
683 24
684 24
685 25
686 24
687 24
688 25
689 25
690 25
691 25
692 24
693 24
694 24
695 24
696 25
697 26
698 27
699 27
700 27
701 25
702 24
703 24
704 23
705 23
706 23
707 23
708 24
709 23
710 22
711 22
712 23
713 23
714 24
715 23
716 22
717 22
718 23
719 23
720 24
721 25
722 25
723 25
724 23
725 22
726 20
727 20
728 21
729 22
730 22
731 22
732 22
733 22
734 23
735 23
736 23
737 23
738 23
739 24
740 24
741 22
742 23
743 23
744 24
745 23
746 23
747 24
748 23
749 23
750 24
751 24
752 24
753 24
754 24
755 24
756 24
757 24
758 24
759 25
760 25
761 25
762 26
763 26
764 26
765 26
766 26
767 25
768 25
769 24
770 25
771 25
772 25
773 25
774 25
775 25
776 25
777 24
778 24
779 23
780 22
781 23
782 23
783 23
784 23
785 24
786 25
787 24
788 24
789 24
790 23
791 22
792 21
793 21
794 21
795 21
796 21
797 21
798 21
799 21
800 20
801 20
802 19
803 20
804 21
805 22
806 22
807 23
808 24
809 24
810 22
811 22
812 22
813 22
814 22
815 23
816 23
817 23
818 24
819 23
820 24
821 23
822 24
823 25
824 25
825 26
826 26
827 26
828 26
829 26
830 25
831 25
832 25
833 24
834 23
835 24
836 24
837 23
838 23
839 23
840 23
841 24
842 24
843 25
844 25
845 26
846 26
847 26
848 27
849 27
850 28
851 27
852 28
853 27
854 26
855 25
856 25
857 25
858 24
859 24
860 24
861 24
862 24
863 24
864 25
865 25
866 25
867 25
868 25
869 25
870 24
871 24
872 24
873 24
874 24
875 23
876 23
877 24
878 24
879 24
880 25
881 26
882 26
883 26
884 27
885 27
886 27
887 28
888 28
889 28
890 28
891 27
892 26
893 26
894 25
895 25
896 26
897 26
898 26
899 26
900 26
901 26
902 26
903 27
904 28
905 28
906 29
907 29
908 28
909 28
910 28
911 26
912 27
913 27
914 27
915 26
916 26
917 25
918 24
919 24
920 23
921 23
922 23
923 23
924 21
925 21
926 20
927 20
928 20
929 20
930 20
931 19
932 19
933 19
934 19
935 19
936 19
937 19
938 20
939 19
940 20
941 20
942 20
943 20
944 20
945 21
946 21
947 22
948 22
949 21
950 21
951 21
952 22
953 21
954 21
955 21
956 20
957 20
958 20
959 20
960 20
961 19
962 18
963 19
964 18
965 19
966 19
967 19
968 19
969 20
970 21
971 21
972 21
973 21
974 19
975 19
976 19
977 19
978 19
979 20
980 22
981 22
982 22
983 23
984 24
985 24
986 24
987 25
988 26
989 25
990 25
991 25
992 25
993 25
994 25
995 25
996 25
997 25
998 25
999 25
1000 25
