0 50
1 47
2 45
3 41
4 40
5 35
6 32
7 31
8 28
9 27
10 26
11 27
12 28
13 29
14 27
15 25
16 24
17 25
18 26
19 26
20 26
21 26
22 24
23 24
24 23
25 23
26 24
27 25
28 24
29 24
30 23
31 23
32 25
33 25
34 26
35 25
36 26
37 27
38 27
39 25
40 26
41 27
42 27
43 26
44 25
45 25
46 26
47 24
48 24
49 23
50 25
51 22
52 23
53 20
54 20
55 22
56 22
57 21
58 16
59 17
60 18
61 19
62 22
63 23
64 22
65 19
66 18
67 18
68 19
69 20
70 20
71 21
72 20
73 20
74 21
75 21
76 20
77 23
78 24
79 23
80 24
81 23
82 23
83 23
84 24
85 24
86 23
87 22
88 22
89 20
90 20
91 19
92 20
93 22
94 20
95 21
96 22
97 22
98 21
99 23
100 25
101 24
102 23
103 22
104 23
105 25
106 25
107 25
108 25
109 25
110 25
111 23
112 23
113 24
114 23
115 23
116 24
117 23
118 24
119 24
120 24
121 23
122 23
123 25
124 26
125 25
126 24
127 25
128 25
129 23
130 23
131 21
132 20
133 21
134 24
135 24
136 24
137 23
138 22
139 22
140 23
141 24
142 22
143 25
144 24
145 24
146 25
147 24
148 25
149 25
150 25
151 23
152 22
153 23
154 24
155 22
156 22
157 18
158 18
159 18
160 19
161 20
162 21
163 21
164 20
165 20
166 22
167 22
168 24
169 23
170 24
171 25
172 25
173 22
174 23
175 23
176 20
177 23
178 23
179 21
180 20
181 21
182 22
183 23
184 23
185 22
186 22
187 20
188 22
189 21
190 20
191 20
192 19
193 19
194 21
195 19
196 21
197 22
198 22
199 21
200 22
201 22
202 23
203 23
204 22
205 22
206 23
207 23
208 24
209 26
210 25
211 24
212 21
213 22
214 24
215 25
216 24
217 25
218 25
219 27
220 27
221 27
222 28
223 27
224 27
225 26
226 26
227 27
228 25
229 25
230 24
231 22
232 22
233 22
234 22
235 22
236 23
237 23
238 23
239 24
240 23
241 21
242 21
243 21
244 21
245 20
246 21
247 20
248 20
249 19
250 22
251 22
252 22
253 23
254 25
255 24
256 22
257 21
258 21
259 22
260 22
261 22
262 22
263 21
264 21
265 21
266 20
267 21
268 20
269 20
270 20
271 20
272 23
273 23
274 22
275 20
276 20
277 19
278 19
279 20
280 19
281 18
282 20
283 21
284 20
285 21
286 21
287 20
288 18
289 20
290 23
291 23
292 21
293 21
294 20
295 22
296 23
297 23
298 24
299 23
300 22
301 23
302 23
303 22
304 24
305 26
306 26
307 26
308 24
309 22
310 21
311 20
312 20
313 21
314 20
315 19
316 20
317 21
318 20
319 22
320 22
321 24
322 25
323 24
324 25
325 26
326 26
327 25
328 24
329 23
330 23
331 25
332 26
333 25
334 26
335 24
336 25
337 24
338 24
339 25
340 26
341 26
342 24
343 22
344 22
345 21
346 22
347 22
348 23
349 23
350 22
351 22
352 24
353 25
354 25
355 25
356 24
357 24
358 23
359 24
360 25
361 24
362 23
363 21
364 21
365 22
366 22
367 22
368 24
369 24
370 25
371 23
372 23
373 23
374 20
375 21
376 21
377 20
378 21
379 20
380 21
381 21
382 22
383 23
384 24
385 23
386 25
387 27
388 26
389 26
390 26
391 23
392 23
393 22
394 22
395 22
396 19
397 19
398 18
399 18
400 18
401 19
402 21
403 21
404 23
405 23
406 21
407 22
408 24
409 24
410 23
411 24
412 23
413 23
414 23
415 22
416 23
417 23
418 25
419 26
420 26
421 25
422 24
423 23
424 24
425 21
426 22
427 23
428 23
429 24
430 23
431 24
432 24
433 25
434 24
435 24
436 25
437 24
438 23
439 23
440 22
441 21
442 20
443 20
444 19
445 19
446 20
447 21
448 22
449 20
450 19
451 18
452 16
453 18
454 19
455 21
456 22
457 23
458 23
459 24
460 25
461 26
462 26
463 25
464 23
465 24
466 25
467 22
468 24
469 24
470 23
471 23
472 24
473 22
474 21
475 20
476 19
477 20
478 19
479 19
480 21
481 20
482 21
483 23
484 22
485 23
486 23
487 24
488 24
489 22
490 23
491 21
492 21
493 21
494 20
495 20
496 20
497 22
498 23
499 23
500 23
501 22
502 21
503 21
504 22
505 22
506 24
507 24
508 23
509 24
510 24
511 20
512 20
513 20
514 21
515 21
516 20
517 20
518 20
519 22
520 22
521 21
522 21
523 22
524 24
525 26
526 24
527 26
528 26
529 25
530 24
531 25
532 22
533 23
534 23
535 23
536 24
537 25
538 24
539 25
540 24
541 24
542 25
543 25
544 24
545 24
546 25
547 26
548 26
549 27
550 27
551 26
552 23
553 24
554 25
555 25
556 23
557 20
558 20
559 20
560 21
561 22
562 20
563 20
564 19
565 20
566 21
567 23
568 25
569 24
570 24
571 25
572 25
573 25
574 22
575 22
576 23
577 21
578 21
579 23
580 23
581 24
582 23
583 23
584 22
585 22
586 20
587 20
588 21
589 23
590 24
591 20
592 23
593 21
594 22
595 22
596 23
597 24
598 23
599 22
600 21
601 22
602 23
603 24
604 25
605 24
606 26
607 24
608 25
609 25
610 25
611 25
612 24
613 24
614 24
615 21
616 21
617 20
618 20
619 22
620 21
621 22
622 22
623 22
624 21
625 22
626 20
627 22
628 22
629 23
630 23
631 23
632 24
633 25
634 26
635 26
636 26
637 27
638 27
639 27
640 27
641 28
642 27
643 26
644 26
645 26
646 27
647 23
648 22
649 21
650 22
651 23
652 23
653 26
654 27
655 26
656 28
657 28
658 27
659 26
660 24
661 25
662 24
663 26
664 26
665 25
666 25
667 25
668 25
669 25
670 27
671 27
672 27
673 26
674 25
675 25
676 24
677 22
678 21
679 22
680 21
681 21
682 22
683 20
684 21
685 20
686 21
687 22
688 22
689 23
690 24
691 26
692 26
693 26
694 27
695 28
696 27
697 27
698 28
699 27
700 27
701 28
702 28
703 27
704 29
705 27
706 26
707 25
708 26
709 25
710 25
711 25
712 23
713 23
714 23
715 24
716 23
717 22
718 21
719 21
720 23
721 23
722 21
723 19
724 19
725 20
726 20
727 19
728 18
729 19
730 19
731 17
732 20
733 21
734 21
735 22
736 22
737 23
738 24
739 25
740 25
741 24
742 23
743 22
744 24
745 25
746 24
747 25
748 25
749 25
750 21
751 22
752 20
753 21
754 23
755 24
756 24
757 23
758 24
759 23
760 22
761 22
762 23
763 23
764 22
765 21
766 23
767 24
768 24
769 23
770 22
771 22
772 23
773 22
774 23
775 23
776 23
777 23
778 22
779 23
780 22
781 23
782 25
783 25
784 25
785 25
786 25
787 25
788 22
789 22
790 23
791 24
792 23
793 24
794 25
795 26
796 25
797 26
798 24
799 22
800 24
801 23
802 24
803 27
804 25
805 24
806 22
807 22
808 20
809 21
810 22
811 21
812 21
813 22
814 22
815 24
816 23
817 23
818 22
819 23
820 23
821 22
822 21
823 22
824 23
825 25
826 24
827 24
828 25
829 24
830 24
831 24
832 24
833 23
834 22
835 23
836 22
837 24
838 23
839 23
840 22
841 23
842 24
843 25
844 25
845 24
846 24
847 24
848 23
849 22
850 22
851 23
852 21
853 22
854 22
855 23
856 23
857 21
858 22
859 23
860 22
861 23
862 23
863 23
864 22
865 21
866 21
867 21
868 22
869 23
870 22
871 21
872 24
873 23
874 23
875 23
876 22
877 20
878 23
879 23
880 23
881 23
882 25
883 26
884 24
885 25
886 24
887 24
888 22
889 20
890 19
891 21
892 20
893 22
894 22
895 24
896 23
897 23
898 23
899 24
900 25
901 25
902 26
903 26
904 26
905 26
906 26
907 24
908 23
909 24
910 23
911 23
912 24
913 24
914 24
915 24
916 24
917 24
918 26
919 27
920 27
921 26
922 22
923 23
924 23
925 20
926 21
927 20
928 24
929 23
930 24
931 22
932 21
933 19
934 18
935 18
936 20
937 19
938 19
939 20
940 20
941 20
942 22
943 21
944 21
945 21
946 20
947 20
948 20
949 20
950 22
951 20
952 18
953 17
954 19
955 20
956 19
957 20
958 21
959 23
960 24
961 23
962 24
963 24
964 26
965 24
966 25
967 24
968 22
969 22
970 22
971 23
972 23
973 24
974 23
975 22
976 20
977 21
978 21
979 21
980 22
981 22
982 23
983 25
984 26
985 24
986 24
987 24
988 23
989 23
990 25
991 23
992 22
993 22
994 22
995 22
996 23
997 22
998 22
999 23
1000 22
