0 90
1 85
2 78
3 74
4 70
5 68
6 63
7 59
8 58
9 57
10 54
11 53
12 52
13 49
14 49
15 48
16 47
17 48
18 46
19 46
20 45
21 46
22 47
23 48
24 49
25 47
26 47
27 48
28 49
29 45
30 46
31 42
32 39
33 41
34 39
35 38
36 38
37 38
38 38
39 36
40 35
41 38
42 43
43 43
44 42
45 45
46 45
47 47
48 48
49 47
50 49
51 51
52 50
53 51
54 50
55 48
56 49
57 50
58 51
59 53
60 52
61 51
62 51
63 48
64 45
65 46
66 47
67 44
68 45
69 44
70 44
71 46
72 43
73 43
74 44
75 41
76 41
77 44
78 43
79 45
80 45
81 44
82 45
83 45
84 42
85 42
86 41
87 42
88 42
89 39
90 42
91 42
92 43
93 45
94 47
95 48
96 50
97 50
98 49
99 50
100 48
101 47
102 46
103 45
104 47
105 42
106 44
107 44
108 42
109 43
110 45
111 46
112 43
113 45
114 46
115 46
116 42
117 43
118 45
119 46
120 47
121 49
122 49
123 49
124 50
125 48
126 47
127 46
128 45
129 46
130 46
131 49
132 50
133 50
134 49
135 50
136 49
137 50
138 49
139 45
140 45
141 44
142 46
143 46
144 46
145 46
146 45
147 43
148 44
149 44
150 47
151 45
152 44
153 43
154 45
155 44
156 44
157 40
158 42
159 44
160 43
161 42
162 42
163 44
164 43
165 45
166 45
167 46
168 48
169 47
170 47
171 46
172 46
173 46
174 46
175 44
176 45
177 48
178 47
179 48
180 49
181 50
182 49
183 50
184 50
185 46
186 47
187 48
188 49
189 50
190 50
191 47
192 44
193 44
194 47
195 46
196 48
197 46
198 45
199 43
200 43
201 43
202 43
203 42
204 39
205 38
206 37
207 38
208 43
209 44
210 44
211 46
212 47
213 46
214 46
215 47
216 48
217 46
218 44
219 47
220 48
221 50
222 45
223 45
224 50
225 50
226 50
227 47
228 49
229 47
230 48
231 47
232 48
233 45
234 45
235 44
236 42
237 43
238 44
239 46
240 47
241 51
242 53
243 54
244 55
245 53
246 51
247 49
248 49
249 50
250 52
251 50
252 48
253 49
254 48
255 46
256 46
257 48
258 50
259 49
260 48
261 47
262 51
263 54
264 51
265 50
266 50
267 47
268 46
269 47
270 47
271 43
272 46
273 48
274 49
275 50
276 47
277 48
278 45
279 44
280 42
281 40
282 40
283 41
284 43
285 45
286 43
287 43
288 44
289 46
290 46
291 45
292 44
293 44
294 44
295 42
296 47
297 47
298 49
299 52
300 52
301 50
302 51
303 51
304 50
305 49
306 51
307 50
308 52
309 53
310 52
311 51
312 51
313 48
314 49
315 48
316 49
317 50
318 49
319 48
320 47
321 44
322 47
323 49
324 49
325 48
326 48
327 48
328 49
329 49
330 52
331 54
332 51
333 50
334 50
335 52
336 53
337 54
338 53
339 53
340 54
341 54
342 53
343 53
344 54
345 56
346 54
347 54
348 53
349 53
350 50
351 50
352 51
353 50
354 51
355 52
356 52
357 52
358 53
359 50
360 51
361 51
362 52
363 49
364 50
365 49
366 48
367 47
368 47
369 48
370 46
371 48
372 46
373 45
374 48
375 49
376 49
377 50
378 50
379 51
380 50
381 52
382 53
383 48
384 49
385 46
386 50
387 47
388 45
389 45
390 45
391 46
392 45
393 45
394 45
395 48
396 48
397 48
398 46
399 49
400 47
401 47
402 47
403 47
404 47
405 47
406 47
407 48
408 46
409 49
410 47
411 50
412 49
413 47
414 47
415 46
416 46
417 44
418 45
419 46
420 47
421 45
422 48
423 47
424 47
425 48
426 48
427 45
428 45
429 47
430 45
431 43
432 45
433 46
434 45
435 45
436 45
437 46
438 45
439 47
440 46
441 46
442 47
443 49
444 49
445 47
446 47
447 44
448 43
449 42
450 43
451 43
452 43
453 43
454 44
455 44
456 47
457 48
458 51
459 48
460 51
461 49
462 50
463 48
464 50
465 48
466 49
467 49
468 51
469 51
470 48
471 48
472 50
473 49
474 51
475 48
476 48
477 48
478 46
479 46
480 44
481 47
482 46
483 43
484 45
485 45
486 44
487 44
488 44
489 45
490 44
491 43
492 45
493 47
494 47
495 43
496 43
497 46
498 48
499 48
500 47
501 48
502 44
503 44
504 45
505 43
506 41
507 44
508 44
509 44
510 44
511 47
512 48
513 50
514 50
515 48
516 49
517 48
518 49
519 48
520 47
521 48
522 46
523 44
524 45
525 46
526 48
527 44
528 44
529 44
530 45
531 44
532 43
533 45
534 45
535 44
536 42
537 45
538 47
539 46
540 47
541 44
542 45
543 48
544 48
545 50
546 52
547 52
548 50
549 50
550 49
551 48
552 49
553 48
554 47
555 46
556 45
557 46
558 46
559 46
560 48
561 51
562 51
563 50
564 50
565 50
566 51
567 50
568 49
569 48
570 49
571 51
572 52
573 52
574 54
575 53
576 50
577 52
578 49
579 51
580 53
581 53
582 51
583 49
584 51
585 52
586 52
587 48
588 47
589 47
590 46
591 47
592 51
593 49
594 49
595 50
596 49
597 48
598 47
599 50
600 48
601 49
602 51
603 51
604 50
605 47
606 48
607 47
608 48
609 48
610 52
611 50
612 50
613 51
614 51
615 51
616 52
617 51
618 52
619 54
620 53
621 54
622 55
623 55
624 56
625 57
626 56
627 54
628 51
629 46
630 46
631 45
632 44
633 46
634 44
635 46
636 47
637 46
638 46
639 46
640 46
641 46
642 46
643 49
644 51
645 51
646 50
647 49
648 49
649 43
650 43
651 42
652 43
653 44
654 43
655 44
656 45
657 48
658 46
659 45
660 46
661 48
662 47
663 48
664 50
665 46
666 48
667 46
668 43
669 45
670 47
671 49
672 52
673 53
674 53
675 54
676 52
677 50
678 51
679 50
680 49
681 51
682 48
683 48
684 49
685 47
686 49
687 47
688 48
689 47
690 45
691 47
692 46
693 49
694 49
695 49
696 48
697 47
698 45
699 49
700 51
701 48
702 48
703 49
704 51
705 51
706 50
707 51
708 49
709 48
710 49
711 48
712 49
713 45
714 47
715 47
716 45
717 47
718 48
719 50
720 50
721 50
722 51
723 50
724 51
725 49
726 49
727 49
728 51
729 48
730 47
731 47
732 46
733 48
734 48
735 49
736 51
737 52
738 52
739 53
740 53
741 55
742 55
743 54
744 52
745 52
746 52
747 51
748 50
749 51
750 51
751 49
752 49
753 49
754 49
755 48
756 49
757 49
758 50
759 48
760 49
761 48
762 46
763 43
764 42
765 42
766 44
767 43
768 42
769 43
770 43
771 46
772 45
773 48
774 49
775 49
776 50
777 51
778 49
779 50
780 51
781 51
782 52
783 47
784 43
785 43
786 46
787 45
788 44
789 43
790 42
791 42
792 43
793 46
794 46
795 46
796 47
797 44
798 46
799 44
800 42
801 40
802 43
803 43
804 41
805 41
806 42
807 42
808 44
809 43
810 41
811 44
812 46
813 45
814 46
815 47
816 49
817 48
818 47
819 46
820 47
821 47
822 45
823 48
824 49
825 48
826 49
827 46
828 47
829 48
830 48
831 48
832 50
833 50
834 49
835 50
836 47
837 46
838 46
839 47
840 46
841 47
842 45
843 43
844 46
845 49
846 49
847 45
848 47
849 45
850 47
851 47
852 45
853 46
854 47
855 48
856 44
857 45
858 46
859 47
860 49
861 49
862 49
863 47
864 49
865 50
866 48
867 47
868 48
869 49
870 51
871 49
872 50
873 48
874 48
875 49
876 51
877 49
878 50
879 50
880 47
881 47
882 50
883 47
884 47
885 49
886 47
887 47
888 46
889 45
890 46
891 45
892 44
893 43
894 45
895 47
896 50
897 49
898 49
899 47
900 48
901 44
902 44
903 45
904 44
905 46
906 47
907 47
908 45
909 49
910 48
911 49
912 51
913 52
914 51
915 51
916 49
917 47
918 49
919 48
920 46
921 46
922 46
923 47
924 48
925 49
926 49
927 47
928 47
929 48
930 48
931 48
932 48
933 47
934 47
935 48
936 50
937 47
938 46
939 47
940 47
941 46
942 48
943 47
944 47
945 47
946 47
947 47
948 46
949 48
950 48
951 47
952 49
953 48
954 49
955 47
956 47
957 49
958 48
959 47
960 45
961 45
962 49
963 50
964 49
965 50
966 48
967 47
968 46
969 46
970 45
971 47
972 48
973 50
974 49
975 50
976 52
977 49
978 45
979 45
980 49
981 49
982 51
983 52
984 50
985 50
986 50
987 50
988 50
989 50
990 51
991 52
992 54
993 52
994 49
995 49
996 50
997 50
998 51
999 53
1000 53
