0 60
1 46
2 42
3 36
4 36
5 39
6 37
7 38
8 42
9 41
10 38
11 38
12 38
13 36
14 38
15 41
16 41
17 39
18 35
19 41
20 42
21 34
22 33
23 32
24 37
25 40
26 40
27 39
28 40
29 42
30 36
31 40
32 39
33 38
34 34
35 39
36 40
37 37
38 40
39 39
40 36
41 39
42 37
43 37
44 36
45 35
46 36
47 38
48 38
49 39
50 39
51 40
52 41
53 40
54 41
55 40
56 39
57 38
58 38
59 36
60 38
61 40
62 40
63 42
64 40
65 38
66 40
67 40
68 39
69 37
70 40
71 40
72 37
73 36
74 35
75 37
76 36
77 40
78 39
79 34
80 35
81 40
82 43
83 40
84 41
85 41
86 35
87 35
88 36
89 39
90 41
91 43
92 40
93 41
94 43
95 37
96 38
97 39
98 33
99 37
100 38
101 38
102 40
103 40
104 36
105 40
106 39
107 40
108 39
109 40
110 37
111 36
112 36
113 39
114 37
115 39
116 34
117 40
118 34
119 40
120 40
121 41
122 38
123 39
124 39
125 40
126 37
127 38
128 38
129 40
130 40
131 39
132 37
133 42
134 42
135 40
136 38
137 39
138 41
139 39
140 36
141 39
142 39
143 34
144 33
145 37
146 40
147 38
148 38
149 34
150 38
151 40
152 42
153 40
154 39
155 40
156 42
157 38
158 38
159 39
160 39
161 42
162 40
163 40
164 42
165 45
166 42
167 41
168 37
169 33
170 41
171 39
172 37
173 40
174 40
175 39
176 40
177 38
178 39
179 38
180 41
181 43
182 44
183 38
184 36
185 34
186 39
187 42
188 44
189 41
190 39
191 37
192 42
193 41
194 43
195 38
196 36
197 38
198 37
199 38
200 41
201 41
202 37
203 38
204 38
205 41
206 41
207 39
208 37
209 39
210 38
211 36
212 39
213 39
214 37
215 38
216 35
217 36
218 38
219 38
220 38
221 40
222 40
223 40
224 37
225 37
226 40
227 36
228 39
229 41
230 39
231 41
232 41
233 39
234 40
235 37
236 31
237 35
238 36
239 35
240 39
241 39
242 41
243 38
244 38
245 37
246 37
247 36
248 38
249 27
250 33
251 37
252 42
253 40
254 41
255 41
256 41
257 39
258 40
259 43
260 37
261 36
262 37
263 36
264 37
265 40
266 41
267 38
268 33
269 33
270 36
271 40
272 42
273 40
274 40
275 37
276 37
277 38
278 37
279 38
280 39
281 43
282 40
283 40
284 34
285 37
286 41
287 38
288 38
289 36
290 39
291 38
292 39
293 41
294 41
295 40
296 38
297 40
298 38
299 38
300 40
301 38
302 34
303 37
304 42
305 43
306 41
307 39
308 38
309 42
310 38
311 41
312 41
313 39
314 41
315 42
316 37
317 37
318 35
319 36
320 39
321 40
322 41
323 37
324 35
325 37
326 37
327 37
328 34
329 31
330 36
331 36
332 38
333 36
334 34
335 37
336 37
337 34
338 39
339 33
340 36
341 36
342 38
343 35
344 37
345 40
346 39
347 39
348 40
349 38
350 37
351 40
352 40
353 43
354 37
355 41
356 39
357 38
358 38
359 42
360 37
361 38
362 40
363 40
364 40
365 40
366 39
367 39
368 41
369 41
370 42
371 41
372 35
373 36
374 39
375 42
376 41
377 35
378 39
379 36
380 35
381 40
382 38
383 35
384 37
385 39
386 39
387 43
388 45
389 43
390 40
391 38
392 40
393 37
394 36
395 36
396 39
397 39
398 39
399 39
400 41
401 40
402 38
403 38
404 39
405 37
406 38
407 42
408 41
409 40
410 39
411 38
412 38
413 37
414 38
415 37
416 32
417 31
418 36
419 39
420 40
421 40
422 37
423 34
424 36
425 36
426 39
427 42
428 39
429 40
430 39
431 37
432 38
433 37
434 31
435 40
436 38
437 38
438 33
439 39
440 38
441 36
442 40
443 40
444 38
445 38
446 39
447 39
448 37
449 34
450 39
451 41
452 43
453 39
454 37
455 37
456 37
457 40
458 39
459 35
460 41
461 37
462 36
463 41
464 42
465 41
466 37
467 40
468 33
469 36
470 33
471 32
472 36
473 35
474 38
475 41
476 37
477 40
478 37
479 39
480 40
481 37
482 37
483 34
484 36
485 40
486 39
487 41
488 37
489 37
490 42
491 37
492 41
493 39
494 40
495 40
496 40
497 35
498 38
499 37
500 38
501 38
502 37
503 36
504 41
505 37
506 37
507 36
508 34
509 36
510 40
511 41
512 42
513 38
514 36
515 37
516 39
517 38
518 37
519 37
520 38
521 42
522 39
523 39
524 35
525 39
526 40
527 39
528 40
529 38
530 40
531 39
532 41
533 42
534 39
535 42
536 42
537 41
538 43
539 43
540 43
541 40
542 41
543 40
544 35
545 38
546 40
547 41
548 42
549 40
550 40
551 38
552 39
553 36
554 34
555 39
556 40
557 39
558 40
559 37
560 35
561 40
562 42
563 42
564 37
565 41
566 39
567 39
568 39
569 34
570 36
571 38
572 38
573 40
574 40
575 42
576 38
577 38
578 40
579 39
580 39
581 42
582 42
583 41
584 38
585 38
586 39
587 38
588 40
589 42
590 39
591 37
592 37
593 40
594 37
595 32
596 37
597 39
598 36
599 36
600 38
601 38
602 36
603 34
604 36
605 35
606 37
607 40
608 39
609 41
610 37
611 36
612 38
613 40
614 41
615 41
616 40
617 38
618 38
619 40
620 41
621 43
622 39
623 36
624 39
625 41
626 40
627 40
628 39
629 37
630 39
631 37
632 40
633 40
634 41
635 41
636 38
637 41
638 42
639 42
640 40
641 42
642 39
643 42
644 42
645 35
646 35
647 35
648 33
649 37
650 42
651 43
652 43
653 39
654 41
655 39
656 40
657 37
658 36
659 35
660 40
661 44
662 40
663 40
664 39
665 35
666 42
667 39
668 37
669 41
670 42
671 38
672 38
673 39
674 41
675 43
676 40
677 38
678 38
679 34
680 38
681 40
682 39
683 37
684 38
685 39
686 40
687 43
688 41
689 39
690 39
691 42
692 36
693 33
694 37
695 40
696 42
697 41
698 41
699 37
700 38
701 39
702 40
703 40
704 42
705 42
706 41
707 40
708 40
709 39
710 42
711 40
712 40
713 40
714 39
715 42
716 38
717 39
718 37
719 39
720 42
721 42
722 41
723 41
724 41
725 39
726 40
727 35
728 35
729 37
730 38
731 39
732 38
733 39
734 39
735 42
736 39
737 39
738 34
739 33
740 37
741 40
742 34
743 38
744 36
745 36
746 40
747 39
748 39
749 36
750 36
751 41
752 39
753 38
754 39
755 38
756 38
757 40
758 41
759 38
760 38
761 38
762 36
763 36
764 38
765 40
766 41
767 37
768 35
769 38
770 39
771 38
772 38
773 39
774 36
775 39
776 40
777 36
778 34
779 39
780 40
781 37
782 37
783 38
784 40
785 38
786 36
787 35
788 37
789 37
790 38
791 39
792 35
793 37
794 39
795 39
796 41
797 39
798 39
799 39
800 40
801 42
802 39
803 41
804 40
805 38
806 39
807 42
808 36
809 39
810 44
811 44
812 41
813 39
814 41
815 39
816 39
817 36
818 39
819 35
820 38
821 40
822 38
823 38
824 38
825 39
826 39
827 41
828 34
829 38
830 35
831 36
832 36
833 36
834 43
835 40
836 39
837 39
838 39
839 42
840 39
841 40
842 36
843 38
844 41
845 38
846 36
847 38
848 39
849 37
850 37
851 37
852 38
853 38
854 39
855 37
856 39
857 39
858 39
859 40
860 41
861 41
862 38
863 34
864 40
865 39
866 41
867 39
868 33
869 37
870 38
871 38
872 33
873 36
874 38
875 41
876 40
877 41
878 42
879 40
880 39
881 36
882 41
883 39
884 42
885 43
886 40
887 40
888 40
889 39
890 40
891 40
892 41
893 40
894 38
895 40
896 37
897 36
898 36
899 41
900 42
901 39
902 38
903 40
904 40
905 41
906 40
907 43
908 41
909 36
910 37
911 39
912 38
913 37
914 35
915 37
916 40
917 38
918 37
919 37
920 35
921 34
922 34
923 38
924 38
925 39
926 40
927 40
928 39
929 37
930 40
931 41
932 39
933 38
934 34
935 38
936 39
937 39
938 42
939 40
940 37
941 38
942 37
943 39
944 42
945 39
946 36
947 40
948 41
949 41
950 40
951 39
952 35
953 41
954 39
955 39
956 42
957 43
958 43
959 38
960 31
961 40
962 33
963 36
964 40
965 39
966 41
967 44
968 40
969 40
970 41
971 39
972 36
973 40
974 40
975 40
976 38
977 40
978 39
979 39
980 38
981 36
982 37
983 39
984 40
985 38
986 40
987 41
988 38
989 39
990 36
991 37
992 38
993 40
994 41
995 41
996 39
997 38
998 40
999 39
1000 38
