0 5
1 2
2 3
3 3
4 3
5 2
6 3
7 3
8 4
9 2
10 3
11 4
12 2
13 3
14 3
15 3
16 3
17 4
18 2
19 3
20 3
21 2
22 3
23 4
24 3
25 3
26 1
27 2
28 4
29 1
30 4
31 1
32 1
33 3
34 1
35 1
36 3
37 3
38 3
39 2
40 4
41 3
42 1
43 2
44 3
45 3
46 3
47 4
48 3
49 2
50 2
51 2
52 3
53 3
54 4
55 3
56 3
57 4
58 1
59 3
60 3
61 2
62 3
63 1
64 2
65 2
66 3
67 3
68 3
69 2
70 3
71 2
72 4
73 3
74 2
75 4
76 2
77 3
78 3
79 1
80 4
81 3
82 2
83 3
84 2
85 4
86 3
87 3
88 2
89 4
90 4
91 3
92 3
93 2
94 1
95 3
96 4
97 3
98 2
99 4
100 4
101 2
102 2
103 3
104 3
105 3
106 2
107 2
108 3
109 3
110 2
111 2
112 4
113 4
114 2
115 2
116 3
117 4
118 2
119 3
120 3
121 3
122 3
123 3
124 2
125 2
126 3
127 1
128 2
129 2
130 2
131 2
132 3
133 3
134 3
135 2
136 4
137 3
138 3
139 2
140 3
141 2
142 3
143 2
144 2
145 3
146 3
147 3
148 3
149 4
150 3
151 3
152 4
153 3
154 2
155 1
156 3
157 3
158 4
159 2
160 2
161 4
162 1
163 3
164 2
165 4
166 3
167 2
168 3
169 3
170 2
171 4
172 3
173 3
174 2
175 4
176 3
177 3
178 1
179 2
180 2
181 2
182 3
183 2
184 3
185 3
186 3
187 3
188 2
189 3
190 3
191 2
192 2
193 2
194 3
195 2
196 4
197 2
198 2
199 3
200 4
201 2
202 3
203 3
204 3
205 2
206 3
207 4
208 3
209 3
210 3
211 3
212 4
213 3
214 2
215 3
216 3
217 3
218 2
219 1
220 3
221 4
222 2
223 3
224 3
225 3
226 4
227 3
228 3
229 2
230 3
231 3
232 2
233 2
234 1
235 3
236 3
237 2
238 2
239 1
240 4
241 3
242 1
243 2
244 3
245 2
246 2
247 3
248 4
249 4
250 4
251 3
252 4
253 2
254 3
255 2
256 3
257 2
258 2
259 2
260 4
261 3
262 2
263 2
264 2
265 4
266 4
267 3
268 3
269 3
270 3
271 2
272 3
273 3
274 3
275 2
276 1
277 3
278 4
279 4
280 3
281 3
282 2
283 4
284 3
285 3
286 3
287 3
288 2
289 2
290 4
291 3
292 3
293 3
294 1
295 1
296 3
297 2
298 2
299 2
300 3
301 2
302 3
303 2
304 3
305 3
306 3
307 3
308 3
309 3
310 3
311 3
312 3
313 4
314 2
315 3
316 2
317 4
318 2
319 3
320 3
321 2
322 3
323 2
324 3
325 3
326 3
327 2
328 3
329 4
330 2
331 2
332 3
333 3
334 3
335 4
336 3
337 4
338 3
339 2
340 3
341 3
342 4
343 2
344 2
345 4
346 4
347 3
348 1
349 3
350 3
351 4
352 2
353 2
354 2
355 3
356 3
357 1
358 3
359 2
360 3
361 2
362 3
363 2
364 2
365 3
366 4
367 2
368 1
369 2
370 2
371 4
372 2
373 3
374 2
375 2
376 3
377 3
378 1
379 2
380 2
381 2
382 4
383 3
384 4
385 3
386 3
387 2
388 2
389 4
390 2
391 3
392 3
393 2
394 2
395 5
396 3
397 2
398 3
399 3
400 4
401 3
402 2
403 4
404 4
405 3
406 3
407 3
408 2
409 3
410 4
411 3
412 2
413 2
414 3
415 3
416 4
417 2
418 3
419 2
420 3
421 4
422 3
423 3
424 3
425 3
426 3
427 1
428 4
429 4
430 3
431 3
432 3
433 1
434 1
435 2
436 2
437 2
438 3
439 3
440 3
441 3
442 3
443 3
444 2
445 1
446 3
447 2
448 3
449 2
450 3
451 3
452 3
453 2
454 4
455 3
456 4
457 1
458 3
459 3
460 2
461 3
462 3
463 3
464 3
465 2
466 3
467 3
468 3
469 4
470 4
471 3
472 2
473 4
474 3
475 2
476 2
477 3
478 3
479 3
480 2
481 3
482 4
483 1
484 3
485 3
486 3
487 2
488 2
489 3
490 4
491 2
492 3
493 2
494 3
495 2
496 3
497 2
498 2
499 3
500 4
501 2
502 4
503 2
504 2
505 2
506 2
507 2
508 3
509 3
510 2
511 1
512 3
513 3
514 2
515 3
516 4
517 3
518 1
519 3
520 3
521 2
522 3
523 2
524 2
525 3
526 2
527 3
528 3
529 2
530 3
531 2
532 3
533 2
534 2
535 2
536 2
537 2
538 4
539 3
540 2
541 3
542 2
543 2
544 2
545 4
546 3
547 2
548 2
549 4
550 4
551 3
552 3
553 4
554 3
555 3
556 2
557 3
558 3
559 3
560 2
561 4
562 3
563 2
564 3
565 4
566 1
567 3
568 2
569 3
570 3
571 2
572 2
573 2
574 3
575 3
576 2
577 3
578 3
579 4
580 2
581 2
582 3
583 2
584 3
585 3
586 2
587 3
588 3
589 3
590 3
591 1
592 2
593 1
594 3
595 2
596 2
597 3
598 4
599 3
600 4
601 3
602 3
603 3
604 4
605 2
606 4
607 4
608 4
609 2
610 4
611 4
612 3
613 2
614 3
615 2
616 2
617 2
618 4
619 3
620 2
621 3
622 4
623 4
624 3
625 2
626 3
627 3
628 2
629 4
630 4
631 4
632 3
633 4
634 2
635 3
636 1
637 3
638 3
639 2
640 2
641 3
642 3
643 2
644 3
645 2
646 4
647 1
648 2
649 2
650 3
651 4
652 2
653 4
654 3
655 2
656 2
657 2
658 3
659 3
660 3
661 3
662 3
663 1
664 3
665 1
666 3
667 3
668 4
669 4
670 3
671 4
672 3
673 3
674 4
675 3
676 2
677 3
678 3
679 3
680 3
681 3
682 3
683 2
684 2
685 3
686 3
687 1
688 2
689 4
690 2
691 2
692 3
693 2
694 3
695 4
696 3
697 3
698 4
699 3
700 3
701 3
702 2
703 2
704 2
705 2
706 4
707 3
708 3
709 3
710 3
711 4
712 2
713 2
714 1
715 3
716 2
717 2
718 3
719 2
720 3
721 1
722 3
723 1
724 3
725 2
726 3
727 4
728 1
729 3
730 2
731 2
732 4
733 4
734 3
735 1
736 3
737 4
738 3
739 2
740 3
741 3
742 0
743 3
744 3
745 3
746 4
747 3
748 3
749 2
750 2
751 2
752 3
753 4
754 3
755 3
756 3
757 3
758 3
759 2
760 4
761 2
762 3
763 2
764 3
765 3
766 3
767 3
768 3
769 3
770 2
771 4
772 2
773 3
774 2
775 2
776 3
777 2
778 2
779 3
780 2
781 3
782 2
783 4
784 3
785 3
786 4
787 2
788 3
789 2
790 2
791 3
792 4
793 3
794 1
795 3
796 4
797 1
798 3
799 3
800 2
801 2
802 3
803 3
804 3
805 3
806 1
807 4
808 2
809 4
810 2
811 4
812 2
813 2
814 4
815 3
816 2
817 3
818 2
819 2
820 3
821 3
822 3
823 3
824 4
825 4
826 1
827 3
828 3
829 3
830 3
831 4
832 2
833 3
834 3
835 3
836 2
837 3
838 3
839 3
840 3
841 2
842 3
843 2
844 3
845 3
846 3
847 3
848 3
849 3
850 3
851 3
852 3
853 3
854 3
855 2
856 3
857 2
858 1
859 3
860 4
861 2
862 2
863 4
864 4
865 1
866 3
867 2
868 3
869 2
870 3
871 3
872 4
873 3
874 3
875 3
876 2
877 4
878 2
879 2
880 2
881 2
882 2
883 2
884 5
885 3
886 3
887 2
888 2
889 3
890 3
891 2
892 4
893 1
894 2
895 3
896 2
897 4
898 4
899 3
900 2
901 4
902 2
903 2
904 3
905 2
906 3
907 2
908 3
909 2
910 3
911 3
912 4
913 3
914 3
915 3
916 2
917 3
918 3
919 3
920 3
921 4
922 3
923 4
924 2
925 2
926 2
927 3
928 3
929 2
930 2
931 4
932 3
933 4
934 2
935 2
936 1
937 3
938 3
939 2
940 3
941 1
942 2
943 4
944 2
945 3
946 3
947 2
948 4
949 3
950 2
951 2
952 3
953 3
954 3
955 4
956 3
957 2
958 2
959 3
960 3
961 2
962 2
963 2
964 3
965 1
966 4
967 4
968 3
969 2
970 2
971 2
972 2
973 3
974 3
975 4
976 3
977 2
978 3
979 4
980 3
981 1
982 4
983 3
984 3
985 2
986 0
987 4
988 2
989 2
990 4
991 3
992 2
993 3
994 2
995 2
996 2
997 4
998 2
999 3
1000 2
