0 60
1 50
2 42
3 41
4 38
5 36
6 36
7 34
8 36
9 37
10 35
11 35
12 35
13 32
14 34
15 36
16 37
17 36
18 39
19 37
20 38
21 40
22 39
23 39
24 40
25 40
26 41
27 38
28 37
29 35
30 36
31 37
32 39
33 37
34 36
35 37
36 37
37 36
38 37
39 37
40 35
41 35
42 33
43 36
44 33
45 32
46 35
47 34
48 36
49 37
50 35
51 36
52 38
53 37
54 38
55 38
56 37
57 38
58 37
59 36
60 34
61 32
62 30
63 34
64 32
65 36
66 37
67 38
68 36
69 30
70 35
71 34
72 36
73 33
74 32
75 33
76 34
77 35
78 36
79 35
80 34
81 34
82 37
83 38
84 40
85 39
86 38
87 35
88 36
89 34
90 33
91 30
92 34
93 32
94 32
95 32
96 35
97 36
98 38
99 38
100 38
101 35
102 36
103 34
104 33
105 37
106 35
107 35
108 37
109 32
110 35
111 34
112 36
113 34
114 33
115 33
116 36
117 36
118 32
119 37
120 34
121 37
122 38
123 40
124 39
125 39
126 38
127 38
128 38
129 36
130 39
131 37
132 37
133 34
134 31
135 32
136 34
137 35
138 38
139 39
140 36
141 34
142 39
143 40
144 39
145 38
146 37
147 37
148 34
149 33
150 35
151 34
152 34
153 34
154 33
155 35
156 36
157 34
158 34
159 35
160 36
161 38
162 37
163 35
164 37
165 38
166 38
167 38
168 37
169 38
170 39
171 40
172 40
173 40
174 40
175 40
176 39
177 38
178 37
179 36
180 38
181 39
182 42
183 37
184 37
185 37
186 36
187 35
188 34
189 34
190 34
191 36
192 38
193 38
194 36
195 36
196 34
197 37
198 39
199 40
200 35
201 36
202 38
203 37
204 36
205 37
206 37
207 34
208 36
209 38
210 39
211 37
212 37
213 35
214 31
215 33
216 29
217 29
218 32
219 33
220 35
221 33
222 37
223 33
224 35
225 38
226 36
227 38
228 37
229 38
230 37
231 38
232 37
233 39
234 36
235 35
236 36
237 38
238 38
239 37
240 36
241 38
242 34
243 37
244 38
245 39
246 41
247 37
248 37
249 37
250 35
251 37
252 35
253 36
254 36
255 39
256 40
257 38
258 38
259 40
260 41
261 40
262 38
263 35
264 36
265 34
266 33
267 32
268 36
269 38
270 40
271 40
272 40
273 40
274 38
275 34
276 36
277 34
278 33
279 33
280 35
281 37
282 39
283 37
284 36
285 33
286 32
287 35
288 34
289 35
290 36
291 37
292 39
293 36
294 37
295 36
296 33
297 33
298 35
299 35
300 35
301 37
302 38
303 36
304 34
305 34
306 35
307 33
308 31
309 34
310 35
311 37
312 36
313 34
314 38
315 35
316 35
317 40
318 39
319 39
320 39
321 38
322 36
323 36
324 32
325 32
326 34
327 32
328 32
329 31
330 35
331 35
332 35
333 35
334 35
335 35
336 35
337 39
338 38
339 37
340 35
341 38
342 33
343 35
344 37
345 38
346 35
347 35
348 34
349 34
350 32
351 32
352 34
353 34
354 35
355 35
356 30
357 30
358 30
359 34
360 32
361 32
362 35
363 35
364 35
365 35
366 34
367 37
368 35
369 36
370 38
371 38
372 39
373 39
374 37
375 37
376 39
377 36
378 34
379 32
380 35
381 36
382 39
383 38
384 40
385 37
386 35
387 34
388 32
389 35
390 32
391 32
392 33
393 34
394 33
395 34
396 36
397 37
398 37
399 38
400 37
401 39
402 37
403 37
404 38
405 40
406 37
407 36
408 37
409 36
410 37
411 38
412 35
413 36
414 36
415 37
416 33
417 36
418 37
419 37
420 37
421 35
422 35
423 33
424 36
425 35
426 37
427 36
428 37
429 37
430 38
431 39
432 39
433 39
434 38
435 38
436 39
437 36
438 40
439 40
440 38
441 36
442 34
443 37
444 39
445 37
446 36
447 35
448 36
449 37
450 38
451 34
452 33
453 29
454 34
455 35
456 30
457 31
458 31
459 36
460 37
461 34
462 37
463 37
464 35
465 37
466 35
467 39
468 39
469 39
470 36
471 36
472 36
473 32
474 35
475 34
476 33
477 33
478 33
479 34
480 34
481 33
482 36
483 38
484 40
485 40
486 38
487 37
488 33
489 31
490 32
491 35
492 37
493 35
494 35
495 36
496 37
497 37
498 37
499 39
500 40
501 39
502 37
503 40
504 39
505 37
506 34
507 31
508 34
509 32
510 34
511 34
512 37
513 32
514 31
515 31
516 32
517 34
518 37
519 37
520 36
521 35
522 37
523 32
524 33
525 32
526 32
527 34
528 35
529 33
530 32
531 36
532 38
533 36
534 37
535 29
536 29
537 32
538 34
539 33
540 35
541 34
542 34
543 38
544 37
545 34
546 36
547 33
548 31
549 34
550 37
551 34
552 35
553 38
554 38
555 34
556 32
557 34
558 33
559 33
560 34
561 34
562 32
563 35
564 35
565 33
566 30
567 32
568 34
569 33
570 34
571 36
572 38
573 40
574 39
575 35
576 36
577 38
578 39
579 40
580 37
581 37
582 35
583 36
584 36
585 39
586 39
587 38
588 36
589 35
590 38
591 37
592 40
593 38
594 37
595 37
596 38
597 36
598 35
599 35
600 36
601 36
602 35
603 37
604 34
605 35
606 40
607 40
608 38
609 40
610 39
611 40
612 38
613 40
614 41
615 41
616 37
617 35
618 37
619 38
620 36
621 35
622 37
623 35
624 37
625 39
626 36
627 36
628 37
629 37
630 35
631 35
632 35
633 35
634 38
635 40
636 37
637 35
638 33
639 37
640 37
641 37
642 34
643 33
644 36
645 32
646 34
647 33
648 34
649 33
650 35
651 34
652 38
653 38
654 37
655 40
656 40
657 40
658 39
659 36
660 37
661 33
662 33
663 35
664 37
665 38
666 38
667 39
668 39
669 39
670 36
671 34
672 38
673 37
674 35
675 36
676 38
677 36
678 35
679 35
680 39
681 38
682 38
683 37
684 36
685 35
686 36
687 37
688 38
689 36
690 39
691 39
692 36
693 36
694 39
695 36
696 38
697 35
698 29
699 31
700 32
701 31
702 34
703 37
704 36
705 37
706 38
707 38
708 40
709 39
710 38
711 37
712 39
713 40
714 37
715 35
716 36
717 35
718 35
719 34
720 36
721 36
722 35
723 34
724 34
725 37
726 32
727 32
728 33
729 35
730 33
731 35
732 33
733 33
734 33
735 32
736 34
737 34
738 38
739 39
740 38
741 40
742 40
743 41
744 42
745 41
746 40
747 36
748 38
749 38
750 38
751 42
752 41
753 42
754 41
755 38
756 36
757 36
758 35
759 32
760 34
761 36
762 35
763 34
764 36
765 38
766 37
767 36
768 39
769 37
770 36
771 38
772 37
773 38
774 37
775 38
776 38
777 38
778 36
779 37
780 38
781 37
782 38
783 37
784 40
785 34
786 35
787 34
788 34
789 34
790 34
791 35
792 35
793 34
794 34
795 36
796 39
797 41
798 39
799 39
800 39
801 35
802 35
803 36
804 38
805 40
806 38
807 39
808 41
809 36
810 36
811 35
812 36
813 33
814 35
815 36
816 36
817 36
818 37
819 37
820 37
821 35
822 33
823 35
824 35
825 34
826 30
827 31
828 29
829 32
830 32
831 37
832 36
833 35
834 35
835 36
836 36
837 37
838 39
839 37
840 38
841 38
842 39
843 36
844 31
845 31
846 31
847 35
848 36
849 35
850 33
851 33
852 33
853 34
854 35
855 37
856 40
857 38
858 35
859 36
860 38
861 36
862 35
863 34
864 36
865 37
866 35
867 36
868 36
869 39
870 37
871 33
872 35
873 34
874 34
875 37
876 36
877 33
878 34
879 35
880 34
881 32
882 31
883 34
884 32
885 34
886 35
887 37
888 39
889 35
890 34
891 37
892 37
893 34
894 35
895 31
896 29
897 33
898 37
899 36
900 35
901 34
902 39
903 39
904 38
905 40
906 37
907 35
908 37
909 35
910 35
911 34
912 34
913 36
914 37
915 37
916 35
917 36
918 39
919 38
920 39
921 36
922 37
923 32
924 32
925 34
926 38
927 37
928 34
929 34
930 36
931 40
932 39
933 35
934 36
935 32
936 32
937 32
938 32
939 35
940 34
941 37
942 36
943 35
944 34
945 35
946 36
947 37
948 36
949 36
950 34
951 34
952 32
953 33
954 35
955 37
956 37
957 39
958 38
959 40
960 39
961 37
962 34
963 33
964 35
965 38
966 40
967 39
968 36
969 36
970 34
971 38
972 36
973 36
974 34
975 37
976 37
977 37
978 39
979 36
980 37
981 39
982 37
983 37
984 36
985 37
986 36
987 39
988 37
989 38
990 36
991 35
992 36
993 34
994 35
995 35
996 38
997 39
998 41
999 36
1000 38
