0 75
1 58
2 52
3 55
4 56
5 52
6 53
7 54
8 56
9 58
10 50
11 58
12 54
13 57
14 53
15 55
16 57
17 52
18 54
19 54
20 55
21 56
22 60
23 52
24 53
25 57
26 56
27 53
28 54
29 52
30 47
31 54
32 58
33 53
34 57
35 51
36 53
37 57
38 55
39 53
40 52
41 48
42 50
43 56
44 55
45 57
46 56
47 52
48 48
49 45
50 50
51 53
52 55
53 55
54 53
55 46
56 55
57 45
58 56
59 51
60 52
61 59
62 58
63 60
64 54
65 59
66 47
67 51
68 53
69 57
70 47
71 57
72 62
73 58
74 55
75 46
76 52
77 55
78 58
79 55
80 52
81 53
82 55
83 51
84 54
85 53
86 58
87 55
88 55
89 54
90 52
91 51
92 49
93 55
94 57
95 56
96 54
97 51
98 54
99 56
100 49
101 48
102 56
103 56
104 48
105 56
106 53
107 49
108 53
109 51
110 53
111 51
112 50
113 55
114 54
115 58
116 57
117 55
118 52
119 52
120 49
121 52
122 58
123 57
124 54
125 50
126 51
127 52
128 57
129 54
130 52
131 54
132 57
133 54
134 57
135 52
136 58
137 55
138 52
139 58
140 56
141 50
142 51
143 55
144 53
145 47
146 54
147 55
148 59
149 57
150 59
151 56
152 54
153 53
154 53
155 59
156 57
157 56
158 56
159 56
160 59
161 55
162 47
163 51
164 52
165 55
166 59
167 57
168 48
169 59
170 58
171 55
172 55
173 52
174 53
175 56
176 56
177 56
178 57
179 57
180 51
181 56
182 55
183 54
184 52
185 53
186 58
187 61
188 56
189 54
190 54
191 56
192 57
193 55
194 53
195 58
196 55
197 51
198 53
199 54
200 43
201 50
202 53
203 55
204 57
205 51
206 58
207 50
208 53
209 53
210 56
211 56
212 59
213 57
214 57
215 61
216 54
217 47
218 55
219 55
220 60
221 60
222 50
223 61
224 54
225 56
226 55
227 55
228 57
229 54
230 56
231 54
232 56
233 60
234 46
235 54
236 55
237 58
238 48
239 52
240 52
241 53
242 59
243 55
244 45
245 52
246 58
247 55
248 50
249 56
250 55
251 54
252 58
253 57
254 59
255 47
256 59
257 57
258 50
259 53
260 56
261 55
262 55
263 55
264 53
265 56
266 50
267 49
268 55
269 55
270 55
271 52
272 53
273 56
274 55
275 51
276 52
277 54
278 50
279 49
280 47
281 54
282 56
283 51
284 54
285 58
286 51
287 57
288 59
289 56
290 52
291 51
292 54
293 55
294 54
295 51
296 53
297 55
298 60
299 44
300 54
301 49
302 53
303 55
304 53
305 51
306 52
307 53
308 58
309 51
310 55
311 56
312 53
313 54
314 54
315 45
316 51
317 57
318 53
319 56
320 55
321 52
322 49
323 57
324 55
325 57
326 54
327 53
328 58
329 57
330 54
331 55
332 52
333 46
334 53
335 55
336 51
337 51
338 54
339 58
340 53
341 54
342 56
343 52
344 51
345 48
346 58
347 58
348 56
349 55
350 55
351 49
352 56
353 54
354 56
355 52
356 53
357 51
358 56
359 53
360 57
361 44
362 53
363 54
364 52
365 56
366 56
367 56
368 52
369 49
370 53
371 55
372 54
373 55
374 55
375 56
376 63
377 56
378 57
379 48
380 52
381 56
382 57
383 56
384 62
385 58
386 56
387 54
388 59
389 58
390 48
391 51
392 54
393 56
394 57
395 55
396 58
397 53
398 56
399 55
400 45
401 45
402 54
403 58
404 55
405 54
406 49
407 54
408 56
409 54
410 52
411 49
412 54
413 52
414 58
415 55
416 59
417 55
418 51
419 56
420 60
421 50
422 53
423 54
424 53
425 56
426 51
427 59
428 56
429 61
430 57
431 53
432 53
433 58
434 58
435 57
436 60
437 55
438 56
439 56
440 60
441 52
442 55
443 54
444 53
445 57
446 54
447 54
448 53
449 55
450 55
451 56
452 52
453 52
454 52
455 51
456 54
457 59
458 58
459 57
460 50
461 62
462 57
463 56
464 51
465 48
466 53
467 55
468 52
469 56
470 51
471 56
472 45
473 53
474 50
475 46
476 52
477 53
478 50
479 50
480 55
481 54
482 54
483 56
484 48
485 58
486 62
487 56
488 53
489 56
490 55
491 53
492 58
493 53
494 49
495 49
496 53
497 53
498 56
499 54
500 52
501 55
502 60
503 54
504 52
505 55
506 54
507 54
508 54
509 48
510 60
511 59
512 60
513 54
514 58
515 58
516 53
517 60
518 51
519 53
520 51
521 45
522 47
523 55
524 54
525 54
526 54
527 47
528 50
529 54
530 52
531 57
532 52
533 52
534 51
535 56
536 56
537 51
538 51
539 54
540 57
541 49
542 52
543 53
544 55
545 58
546 56
547 60
548 61
549 57
550 55
551 57
552 54
553 54
554 56
555 51
556 52
557 49
558 50
559 51
560 52
561 52
562 59
563 48
564 58
565 56
566 56
567 50
568 52
569 52
570 57
571 50
572 53
573 56
574 55
575 52
576 50
577 55
578 53
579 55
580 58
581 55
582 60
583 56
584 55
585 57
586 52
587 52
588 54
589 57
590 53
591 54
592 55
593 53
594 54
595 56
596 58
597 58
598 54
599 54
600 49
601 57
602 54
603 46
604 50
605 53
606 57
607 50
608 54
609 52
610 57
611 55
612 52
613 48
614 52
615 50
616 55
617 52
618 54
619 56
620 53
621 52
622 58
623 52
624 57
625 54
626 63
627 56
628 52
629 51
630 53
631 52
632 57
633 53
634 51
635 51
636 53
637 54
638 52
639 57
640 54
641 52
642 50
643 51
644 52
645 56
646 54
647 50
648 50
649 54
650 55
651 57
652 61
653 50
654 48
655 59
656 54
657 59
658 55
659 53
660 53
661 56
662 52
663 51
664 57
665 55
666 56
667 46
668 56
669 57
670 56
671 58
672 54
673 55
674 51
675 53
676 55
677 52
678 54
679 57
680 49
681 50
682 55
683 55
684 55
685 58
686 54
687 55
688 53
689 58
690 50
691 57
692 51
693 55
694 59
695 62
696 53
697 57
698 54
699 53
700 61
701 57
702 51
703 59
704 54
705 56
706 52
707 53
708 53
709 58
710 59
711 54
712 47
713 54
714 54
715 53
716 52
717 55
718 54
719 57
720 54
721 48
722 54
723 53
724 57
725 55
726 53
727 58
728 51
729 47
730 57
731 52
732 51
733 56
734 59
735 53
736 55
737 54
738 60
739 52
740 52
741 49
742 50
743 52
744 57
745 53
746 51
747 48
748 56
749 57
750 54
751 54
752 54
753 55
754 56
755 52
756 56
757 53
758 51
759 46
760 54
761 57
762 60
763 60
764 58
765 44
766 58
767 56
768 54
769 58
770 51
771 54
772 51
773 47
774 52
775 47
776 55
777 55
778 54
779 48
780 46
781 56
782 52
783 50
784 56
785 53
786 55
787 61
788 56
789 50
790 54
791 52
792 54
793 52
794 53
795 48
796 52
797 55
798 58
799 59
800 56
801 53
802 48
803 53
804 51
805 53
806 59
807 51
808 56
809 55
810 51
811 53
812 52
813 56
814 54
815 57
816 55
817 55
818 55
819 55
820 56
821 57
822 52
823 49
824 55
825 54
826 49
827 45
828 55
829 59
830 55
831 51
832 60
833 54
834 49
835 57
836 56
837 54
838 55
839 48
840 56
841 52
842 53
843 55
844 50
845 58
846 55
847 55
848 51
849 52
850 53
851 54
852 52
853 49
854 49
855 50
856 55
857 49
858 52
859 59
860 51
861 53
862 59
863 53
864 55
865 54
866 53
867 58
868 60
869 55
870 54
871 57
872 56
873 59
874 55
875 59
876 52
877 53
878 54
879 52
880 55
881 62
882 52
883 54
884 53
885 58
886 54
887 52
888 55
889 54
890 60
891 56
892 58
893 56
894 58
895 57
896 52
897 50
898 49
899 52
900 54
901 53
902 58
903 53
904 58
905 55
906 55
907 59
908 50
909 57
910 53
911 55
912 47
913 53
914 53
915 62
916 57
917 57
918 54
919 52
920 54
921 62
922 49
923 51
924 57
925 49
926 55
927 54
928 53
929 57
930 50
931 52
932 54
933 57
934 55
935 58
936 52
937 53
938 57
939 55
940 56
941 54
942 55
943 51
944 53
945 53
946 59
947 59
948 55
949 58
950 49
951 49
952 53
953 56
954 57
955 56
956 59
957 53
958 56
959 54
960 47
961 51
962 57
963 52
964 47
965 52
966 57
967 59
968 56
969 55
970 59
971 55
972 58
973 53
974 54
975 56
976 52
977 53
978 56
979 57
980 54
981 49
982 53
983 55
984 49
985 51
986 46
987 50
988 54
989 55
990 49
991 50
992 56
993 58
994 52
995 54
996 58
997 54
998 54
999 54
1000 60
