0 90
1 72
2 65
3 66
4 68
5 66
6 62
7 63
8 66
9 65
10 67
11 66
12 64
13 63
14 61
15 66
16 67
17 68
18 66
19 66
20 69
21 65
22 69
23 62
24 68
25 69
26 64
27 71
28 62
29 63
30 68
31 70
32 64
33 68
34 66
35 68
36 58
37 69
38 67
39 61
40 65
41 62
42 60
43 72
44 65
45 66
46 61
47 60
48 60
49 66
50 63
51 70
52 69
53 67
54 62
55 60
56 65
57 64
58 66
59 62
60 70
61 63
62 65
63 68
64 63
65 68
66 62
67 61
68 70
69 67
70 66
71 68
72 71
73 66
74 65
75 59
76 65
77 64
78 67
79 65
80 64
81 69
82 69
83 67
84 62
85 63
86 62
87 61
88 63
89 66
90 58
91 63
92 61
93 64
94 61
95 64
96 64
97 65
98 66
99 64
100 62
101 63
102 68
103 69
104 66
105 63
106 64
107 65
108 69
109 68
110 61
111 65
112 60
113 60
114 66
115 63
116 63
117 64
118 70
119 68
120 61
121 65
122 67
123 64
124 71
125 66
126 63
127 64
128 68
129 68
130 64
131 62
132 66
133 69
134 63
135 66
136 62
137 69
138 68
139 59
140 60
141 69
142 68
143 64
144 66
145 67
146 74
147 70
148 61
149 73
150 65
151 66
152 66
153 58
154 60
155 64
156 67
157 66
158 69
159 66
160 65
161 60
162 67
163 61
164 68
165 65
166 66
167 62
168 64
169 62
170 68
171 66
172 64
173 59
174 63
175 61
176 68
177 67
178 62
179 65
180 66
181 66
182 65
183 64
184 68
185 67
186 61
187 64
188 65
189 65
190 66
191 62
192 66
193 65
194 65
195 64
196 62
197 58
198 62
199 64
200 57
201 65
202 68
203 60
204 64
205 56
206 63
207 68
208 70
209 62
210 71
211 72
212 61
213 66
214 69
215 60
216 65
217 65
218 70
219 61
220 64
221 62
222 60
223 65
224 68
225 65
226 68
227 66
228 65
229 64
230 68
231 63
232 65
233 56
234 64
235 67
236 66
237 68
238 63
239 66
240 63
241 65
242 64
243 65
244 62
245 64
246 67
247 61
248 67
249 65
250 63
251 63
252 62
253 62
254 66
255 65
256 63
257 67
258 69
259 65
260 65
261 64
262 64
263 61
264 61
265 62
266 57
267 60
268 67
269 61
270 62
271 60
272 70
273 65
274 60
275 64
276 64
277 68
278 64
279 65
280 75
281 70
282 67
283 65
284 66
285 66
286 71
287 65
288 65
289 63
290 60
291 71
292 60
293 68
294 63
295 68
296 66
297 66
298 61
299 61
300 65
301 60
302 65
303 66
304 70
305 62
306 66
307 66
308 65
309 60
310 56
311 59
312 65
313 70
314 65
315 63
316 63
317 60
318 66
319 69
320 67
321 65
322 63
323 62
324 68
325 65
326 62
327 61
328 68
329 66
330 69
331 65
332 66
333 60
334 58
335 64
336 66
337 67
338 66
339 61
340 70
341 62
342 69
343 70
344 68
345 67
346 66
347 66
348 61
349 67
350 62
351 63
352 61
353 64
354 69
355 68
356 66
357 63
358 66
359 67
360 63
361 63
362 63
363 66
364 61
365 60
366 63
367 68
368 64
369 63
370 64
371 65
372 62
373 64
374 62
375 61
376 64
377 60
378 50
379 61
380 64
381 64
382 68
383 60
384 70
385 65
386 54
387 63
388 65
389 62
390 61
391 61
392 63
393 70
394 67
395 65
396 62
397 64
398 65
399 61
400 63
401 68
402 66
403 64
404 60
405 66
406 66
407 66
408 62
409 70
410 60
411 67
412 62
413 58
414 72
415 73
416 67
417 70
418 62
419 67
420 69
421 65
422 66
423 65
424 66
425 64
426 67
427 65
428 61
429 65
430 67
431 61
432 61
433 70
434 67
435 62
436 64
437 61
438 59
439 60
440 71
441 65
442 63
443 62
444 59
445 65
446 68
447 69
448 63
449 56
450 62
451 60
452 67
453 64
454 59
455 62
456 56
457 67
458 71
459 64
460 66
461 62
462 61
463 70
464 64
465 66
466 67
467 67
468 68
469 62
470 56
471 63
472 64
473 61
474 67
475 68
476 64
477 62
478 59
479 67
480 66
481 64
482 57
483 60
484 64
485 57
486 63
487 69
488 64
489 63
490 65
491 63
492 67
493 62
494 63
495 62
496 58
497 69
498 67
499 67
500 65
501 68
502 67
503 63
504 69
505 61
506 63
507 67
508 62
509 67
510 63
511 61
512 62
513 62
514 65
515 62
516 63
517 63
518 68
519 72
520 69
521 69
522 70
523 66
524 65
525 55
526 67
527 59
528 63
529 65
530 62
531 63
532 69
533 65
534 66
535 65
536 65
537 65
538 68
539 65
540 63
541 62
542 63
543 54
544 65
545 74
546 64
547 66
548 63
549 72
550 65
551 63
552 68
553 64
554 62
555 70
556 65
557 59
558 69
559 64
560 60
561 59
562 65
563 64
564 65
565 65
566 65
567 70
568 68
569 66
570 67
571 68
572 69
573 66
574 66
575 60
576 65
577 68
578 66
579 64
580 60
581 67
582 73
583 62
584 65
585 65
586 66
587 62
588 65
589 66
590 66
591 67
592 65
593 67
594 69
595 61
596 68
597 67
598 63
599 64
600 68
601 63
602 67
603 63
604 64
605 65
606 65
607 68
608 66
609 65
610 70
611 68
612 63
613 66
614 54
615 66
616 68
617 66
618 66
619 65
620 62
621 68
622 65
623 66
624 70
625 63
626 71
627 63
628 63
629 69
630 55
631 67
632 64
633 66
634 68
635 59
636 67
637 69
638 67
639 69
640 59
641 63
642 66
643 65
644 58
645 68
646 70
647 67
648 61
649 63
650 68
651 62
652 66
653 70
654 62
655 60
656 64
657 71
658 66
659 63
660 72
661 69
662 67
663 65
664 64
665 61
666 66
667 66
668 61
669 65
670 70
671 62
672 61
673 62
674 66
675 55
676 62
677 68
678 63
679 56
680 65
681 71
682 68
683 66
684 60
685 62
686 66
687 63
688 69
689 61
690 68
691 63
692 64
693 63
694 67
695 59
696 62
697 69
698 60
699 65
700 65
701 67
702 69
703 65
704 67
705 64
706 70
707 64
708 63
709 67
710 59
711 62
712 63
713 68
714 65
715 67
716 68
717 64
718 64
719 61
720 70
721 67
722 62
723 64
724 67
725 59
726 62
727 69
728 60
729 58
730 64
731 65
732 61
733 65
734 71
735 65
736 69
737 69
738 63
739 64
740 66
741 68
742 62
743 59
744 65
745 64
746 68
747 70
748 68
749 61
750 61
751 55
752 62
753 60
754 65
755 68
756 66
757 64
758 64
759 69
760 59
761 67
762 64
763 62
764 62
765 60
766 67
767 67
768 61
769 62
770 62
771 61
772 63
773 59
774 67
775 66
776 75
777 67
778 65
779 62
780 69
781 64
782 66
783 67
784 72
785 68
786 58
787 68
788 64
789 61
790 62
791 64
792 61
793 61
794 64
795 68
796 69
797 61
798 60
799 63
800 68
801 62
802 71
803 65
804 66
805 65
806 66
807 62
808 66
809 66
810 61
811 65
812 70
813 70
814 74
815 66
816 57
817 61
818 64
819 53
820 63
821 66
822 67
823 64
824 65
825 72
826 62
827 65
828 68
829 69
830 65
831 60
832 59
833 63
834 67
835 63
836 62
837 60
838 63
839 64
840 64
841 67
842 57
843 66
844 71
845 64
846 67
847 65
848 57
849 68
850 70
851 62
852 61
853 64
854 66
855 70
856 57
857 62
858 61
859 63
860 61
861 62
862 66
863 62
864 64
865 63
866 64
867 64
868 62
869 67
870 64
871 62
872 63
873 57
874 62
875 70
876 54
877 59
878 62
879 64
880 66
881 58
882 67
883 60
884 61
885 67
886 66
887 67
888 64
889 64
890 60
891 70
892 69
893 65
894 65
895 69
896 65
897 62
898 66
899 66
900 67
901 61
902 61
903 65
904 70
905 66
906 74
907 62
908 60
909 66
910 64
911 63
912 66
913 67
914 63
915 66
916 68
917 65
918 59
919 60
920 69
921 70
922 70
923 62
924 61
925 65
926 64
927 65
928 60
929 63
930 55
931 65
932 63
933 61
934 60
935 65
936 66
937 68
938 63
939 66
940 68
941 68
942 76
943 65
944 64
945 64
946 68
947 61
948 69
949 61
950 67
951 61
952 65
953 65
954 68
955 66
956 63
957 59
958 65
959 68
960 66
961 62
962 58
963 59
964 71
965 68
966 63
967 59
968 63
969 61
970 69
971 63
972 69
973 73
974 68
975 72
976 66
977 69
978 62
979 63
980 63
981 63
982 66
983 70
984 66
985 68
986 69
987 56
988 64
989 66
990 63
991 62
992 64
993 60
994 64
995 67
996 67
997 62
998 62
999 66
1000 63
