0 60
1 43
2 39
3 43
4 40
5 39
6 40
7 36
8 41
9 40
10 39
11 35
12 40
13 39
14 40
15 41
16 42
17 40
18 35
19 41
20 35
21 41
22 43
23 38
24 37
25 42
26 38
27 35
28 40
29 38
30 42
31 41
32 41
33 38
34 40
35 40
36 38
37 41
38 41
39 36
40 40
41 36
42 39
43 39
44 40
45 35
46 41
47 40
48 34
49 38
50 42
51 35
52 39
53 40
54 37
55 41
56 40
57 42
58 38
59 41
60 42
61 39
62 39
63 41
64 42
65 41
66 36
67 36
68 42
69 39
70 38
71 39
72 37
73 39
74 38
75 36
76 41
77 39
78 42
79 39
80 43
81 44
82 39
83 39
84 38
85 34
86 42
87 37
88 39
89 43
90 39
91 36
92 42
93 40
94 38
95 39
96 37
97 41
98 42
99 39
100 43
101 41
102 39
103 40
104 39
105 39
106 42
107 40
108 39
109 40
110 43
111 39
112 38
113 38
114 38
115 40
116 37
117 41
118 40
119 43
120 42
121 41
122 36
123 37
124 40
125 40
126 45
127 43
128 39
129 39
130 39
131 43
132 42
133 38
134 37
135 40
136 41
137 40
138 41
139 45
140 38
141 37
142 38
143 42
144 43
145 42
146 39
147 40
148 42
149 40
150 42
151 36
152 40
153 40
154 38
155 34
156 39
157 43
158 41
159 42
160 43
161 43
162 40
163 41
164 39
165 42
166 39
167 39
168 40
169 35
170 40
171 40
172 41
173 41
174 39
175 40
176 41
177 39
178 36
179 39
180 39
181 39
182 38
183 43
184 41
185 42
186 44
187 41
188 36
189 40
190 40
191 39
192 42
193 38
194 37
195 34
196 39
197 41
198 37
199 40
200 37
201 35
202 40
203 41
204 42
205 39
206 41
207 39
208 39
209 40
210 40
211 39
212 43
213 38
214 40
215 40
216 39
217 43
218 42
219 41
220 38
221 37
222 40
223 40
224 41
225 40
226 38
227 39
228 40
229 33
230 37
231 37
232 37
233 41
234 36
235 42
236 37
237 39
238 39
239 44
240 44
241 34
242 37
243 40
244 40
245 39
246 39
247 41
248 43
249 39
250 41
251 43
252 40
253 37
254 43
255 41
256 42
257 43
258 41
259 43
260 42
261 34
262 36
263 39
264 41
265 41
266 40
267 40
268 37
269 39
270 39
271 38
272 40
273 41
274 39
275 38
276 43
277 37
278 38
279 37
280 40
281 39
282 41
283 43
284 39
285 40
286 41
287 40
288 41
289 39
290 40
291 40
292 40
293 40
294 37
295 39
296 40
297 40
298 41
299 37
300 36
301 41
302 42
303 36
304 35
305 41
306 38
307 39
308 38
309 39
310 41
311 41
312 40
313 40
314 38
315 38
316 39
317 43
318 39
319 40
320 40
321 41
322 38
323 39
324 42
325 40
326 42
327 41
328 36
329 37
330 40
331 42
332 40
333 43
334 34
335 37
336 39
337 39
338 41
339 38
340 41
341 36
342 43
343 39
344 39
345 42
346 36
347 35
348 40
349 39
350 40
351 41
352 39
353 40
354 36
355 38
356 40
357 38
358 40
359 35
360 42
361 42
362 38
363 42
364 41
365 37
366 42
367 43
368 38
369 38
370 39
371 37
372 38
373 35
374 39
375 40
376 39
377 40
378 38
379 38
380 41
381 46
382 40
383 35
384 42
385 41
386 40
387 41
388 42
389 44
390 40
391 38
392 42
393 42
394 39
395 41
396 44
397 39
398 38
399 38
400 39
401 42
402 42
403 38
404 36
405 39
406 42
407 40
408 40
409 42
410 43
411 42
412 33
413 40
414 39
415 40
416 38
417 38
418 40
419 36
420 38
421 38
422 36
423 40
424 44
425 40
426 40
427 40
428 40
429 41
430 41
431 38
432 39
433 39
434 40
435 40
436 40
437 40
438 44
439 40
440 42
441 41
442 37
443 38
444 40
445 39
446 39
447 38
448 39
449 39
450 37
451 37
452 41
453 42
454 40
455 40
456 39
457 41
458 36
459 43
460 40
461 38
462 41
463 41
464 40
465 39
466 39
467 39
468 40
469 39
470 42
471 41
472 41
473 39
474 43
475 42
476 39
477 39
478 41
479 38
480 38
481 40
482 41
483 41
484 39
485 43
486 41
487 41
488 40
489 38
490 38
491 41
492 43
493 40
494 42
495 38
496 40
497 41
498 39
499 39
500 41
501 37
502 40
503 41
504 40
505 42
506 43
507 42
508 36
509 40
510 39
511 40
512 39
513 40
514 38
515 39
516 37
517 41
518 42
519 42
520 42
521 44
522 43
523 39
524 41
525 42
526 37
527 40
528 37
529 37
530 40
531 38
532 40
533 39
534 40
535 41
536 42
537 40
538 40
539 37
540 40
541 38
542 42
543 40
544 41
545 39
546 38
547 41
548 37
549 40
550 42
551 41
552 38
553 38
554 39
555 32
556 41
557 40
558 43
559 41
560 39
561 36
562 40
563 38
564 40
565 41
566 39
567 43
568 42
569 42
570 42
571 40
572 44
573 42
574 39
575 41
576 41
577 42
578 40
579 38
580 42
581 42
582 39
583 40
584 40
585 39
586 38
587 38
588 38
589 39
590 41
591 37
592 39
593 34
594 37
595 40
596 43
597 41
598 36
599 37
600 41
601 32
602 39
603 38
604 44
605 38
606 40
607 40
608 39
609 40
610 38
611 38
612 41
613 40
614 39
615 42
616 41
617 34
618 39
619 41
620 39
621 38
622 38
623 34
624 41
625 37
626 39
627 39
628 40
629 41
630 39
631 42
632 41
633 41
634 41
635 43
636 33
637 34
638 39
639 40
640 40
641 38
642 30
643 38
644 39
645 40
646 41
647 41
648 37
649 38
650 40
651 41
652 41
653 38
654 40
655 39
656 40
657 42
658 38
659 36
660 40
661 40
662 40
663 43
664 38
665 41
666 39
667 36
668 38
669 35
670 37
671 40
672 41
673 40
674 40
675 39
676 40
677 37
678 38
679 36
680 36
681 36
682 39
683 42
684 42
685 41
686 39
687 36
688 37
689 43
690 42
691 41
692 37
693 39
694 40
695 35
696 39
697 38
698 40
699 39
700 42
701 40
702 39
703 39
704 41
705 39
706 44
707 44
708 42
709 40
710 37
711 38
712 40
713 40
714 41
715 41
716 43
717 43
718 39
719 42
720 40
721 35
722 41
723 41
724 41
725 38
726 42
727 41
728 38
729 41
730 39
731 36
732 34
733 37
734 39
735 37
736 41
737 40
738 37
739 42
740 39
741 42
742 43
743 40
744 42
745 43
746 41
747 43
748 41
749 42
750 39
751 41
752 40
753 40
754 37
755 38
756 41
757 42
758 42
759 39
760 39
761 37
762 41
763 40
764 39
765 40
766 39
767 41
768 41
769 41
770 41
771 39
772 41
773 40
774 41
775 41
776 42
777 41
778 39
779 40
780 35
781 39
782 36
783 40
784 40
785 38
786 38
787 37
788 36
789 38
790 42
791 44
792 43
793 40
794 41
795 39
796 40
797 40
798 42
799 39
800 36
801 37
802 40
803 34
804 39
805 37
806 41
807 37
808 42
809 39
810 35
811 40
812 36
813 41
814 40
815 41
816 40
817 40
818 43
819 40
820 41
821 40
822 39
823 36
824 38
825 41
826 41
827 36
828 38
829 40
830 40
831 42
832 40
833 38
834 39
835 42
836 43
837 41
838 38
839 43
840 41
841 36
842 37
843 37
844 41
845 40
846 40
847 40
848 41
849 35
850 41
851 40
852 44
853 35
854 39
855 39
856 38
857 41
858 40
859 41
860 38
861 39
862 41
863 40
864 42
865 34
866 41
867 43
868 37
869 38
870 42
871 42
872 42
873 44
874 36
875 39
876 42
877 40
878 41
879 38
880 36
881 39
882 42
883 38
884 42
885 40
886 43
887 41
888 38
889 38
890 39
891 35
892 43
893 37
894 43
895 39
896 41
897 40
898 42
899 41
900 41
901 40
902 41
903 38
904 39
905 40
906 36
907 39
908 40
909 39
910 39
911 41
912 39
913 40
914 40
915 39
916 38
917 41
918 40
919 32
920 38
921 40
922 41
923 40
924 39
925 39
926 36
927 41
928 36
929 42
930 38
931 40
932 42
933 40
934 45
935 37
936 39
937 37
938 39
939 37
940 40
941 41
942 38
943 42
944 39
945 42
946 35
947 41
948 39
949 38
950 40
951 44
952 42
953 37
954 38
955 40
956 41
957 41
958 41
959 38
960 43
961 40
962 31
963 40
964 37
965 42
966 39
967 40
968 43
969 41
970 39
971 35
972 37
973 40
974 41
975 39
976 35
977 41
978 42
979 40
980 41
981 40
982 42
983 36
984 39
985 39
986 39
987 41
988 38
989 41
990 36
991 38
992 37
993 38
994 38
995 38
996 43
997 39
998 41
999 40
1000 39
