0 45
1 39
2 37
3 35
4 32
5 33
6 31
7 29
8 28
9 26
10 26
11 25
12 25
13 22
14 22
15 21
16 21
17 22
18 22
19 23
20 23
21 23
22 24
23 24
24 24
25 19
26 18
27 20
28 22
29 22
30 22
31 23
32 24
33 25
34 28
35 26
36 23
37 25
38 23
39 22
40 22
41 19
42 21
43 22
44 22
45 22
46 23
47 24
48 23
49 23
50 24
51 24
52 25
53 25
54 24
55 25
56 25
57 26
58 25
59 25
60 24
61 24
62 24
63 25
64 26
65 27
66 27
67 27
68 26
69 25
70 24
71 24
72 23
73 23
74 23
75 24
76 24
77 24
78 24
79 27
80 28
81 25
82 27
83 24
84 25
85 23
86 23
87 23
88 24
89 23
90 22
91 23
92 23
93 24
94 23
95 24
96 24
97 25
98 24
99 21
100 24
101 25
102 25
103 25
104 27
105 27
106 27
107 27
108 26
109 25
110 24
111 24
112 25
113 26
114 25
115 22
116 20
117 20
118 22
119 23
120 24
121 24
122 26
123 26
124 23
125 24
126 24
127 26
128 26
129 26
130 23
131 23
132 22
133 21
134 22
135 22
136 22
137 22
138 25
139 25
140 24
141 22
142 24
143 25
144 22
145 22
146 24
147 26
148 26
149 26
150 25
151 24
152 24
153 23
154 24
155 24
156 22
157 23
158 22
159 23
160 25
161 26
162 26
163 25
164 23
165 23
166 25
167 23
168 25
169 28
170 26
171 25
172 24
173 25
174 24
175 25
176 25
177 23
178 25
179 23
180 24
181 23
182 24
183 23
184 25
185 24
186 24
187 24
188 27
189 24
190 26
191 27
192 27
193 27
194 25
195 23
196 25
197 25
198 24
199 22
200 22
201 23
202 24
203 25
204 22
205 24
206 24
207 25
208 24
209 27
210 28
211 27
212 28
213 27
214 27
215 29
216 28
217 27
218 24
219 19
220 21
221 23
222 24
223 22
224 22
225 20
226 21
227 22
228 21
229 22
230 23
231 23
232 23
233 24
234 28
235 28
236 28
237 24
238 23
239 25
240 24
241 23
242 21
243 23
244 25
245 24
246 25
247 24
248 24
249 23
250 25
251 24
252 24
253 25
254 24
255 26
256 24
257 22
258 22
259 21
260 21
261 22
262 21
263 21
264 21
265 24
266 23
267 23
268 22
269 22
270 22
271 22
272 22
273 25
274 25
275 25
276 24
277 25
278 24
279 24
280 23
281 24
282 23
283 22
284 24
285 25
286 23
287 24
288 22
289 22
290 25
291 25
292 23
293 25
294 26
295 26
296 25
297 25
298 25
299 27
300 25
301 25
302 27
303 26
304 26
305 24
306 24
307 24
308 23
309 24
310 23
311 24
312 24
313 24
314 23
315 25
316 26
317 28
318 28
319 26
320 26
321 27
322 25
323 24
324 25
325 22
326 22
327 23
328 22
329 23
330 24
331 23
332 22
333 23
334 21
335 23
336 21
337 21
338 21
339 22
340 23
341 25
342 21
343 24
344 23
345 23
346 23
347 23
348 22
349 23
350 22
351 24
352 22
353 23
354 20
355 21
356 20
357 19
358 19
359 19
360 22
361 24
362 26
363 25
364 27
365 26
366 24
367 25
368 24
369 23
370 21
371 20
372 22
373 25
374 27
375 23
376 23
377 24
378 21
379 23
380 24
381 22
382 24
383 27
384 26
385 25
386 25
387 27
388 26
389 29
390 28
391 25
392 26
393 25
394 25
395 25
396 25
397 24
398 24
399 26
400 25
401 24
402 26
403 24
404 24
405 25
406 23
407 21
408 20
409 18
410 18
411 19
412 23
413 23
414 26
415 26
416 26
417 27
418 27
419 27
420 24
421 26
422 24
423 24
424 23
425 24
426 24
427 24
428 24
429 25
430 26
431 26
432 27
433 26
434 25
435 24
436 23
437 23
438 26
439 26
440 25
441 20
442 21
443 20
444 21
445 19
446 23
447 23
448 25
449 25
450 24
451 25
452 25
453 25
454 26
455 26
456 25
457 26
458 27
459 28
460 25
461 26
462 26
463 27
464 27
465 29
466 28
467 27
468 27
469 25
470 25
471 24
472 23
473 21
474 21
475 23
476 23
477 23
478 25
479 21
480 23
481 24
482 21
483 22
484 21
485 22
486 22
487 22
488 23
489 22
490 23
491 25
492 25
493 26
494 26
495 25
496 25
497 22
498 24
499 25
500 23
501 20
502 21
503 23
504 23
505 24
506 24
507 23
508 24
509 22
510 21
511 23
512 24
513 25
514 25
515 25
516 23
517 24
518 26
519 26
520 28
521 27
522 28
523 29
524 25
525 25
526 26
527 25
528 25
529 25
530 25
531 24
532 24
533 22
534 23
535 24
536 25
537 26
538 26
539 26
540 25
541 23
542 23
543 25
544 25
545 22
546 21
547 22
548 24
549 23
550 26
551 23
552 25
553 25
554 24
555 24
556 23
557 19
558 19
559 20
560 21
561 24
562 25
563 26
564 26
565 25
566 23
567 26
568 25
569 23
570 23
571 24
572 26
573 26
574 25
575 25
576 26
577 25
578 27
579 25
580 23
581 25
582 26
583 24
584 26
585 25
586 24
587 21
588 21
589 22
590 21
591 22
592 24
593 24
594 27
595 24
596 23
597 21
598 21
599 22
600 22
601 23
602 24
603 25
604 25
605 25
606 23
607 23
608 21
609 21
610 22
611 24
612 26
613 23
614 24
615 24
616 23
617 22
618 21
619 20
620 20
621 23
622 23
623 21
624 21
625 19
626 19
627 15
628 18
629 21
630 21
631 21
632 24
633 23
634 23
635 23
636 22
637 25
638 20
639 20
640 20
641 21
642 24
643 26
644 26
645 25
646 25
647 24
648 23
649 23
650 24
651 25
652 26
653 25
654 29
655 28
656 27
657 27
658 25
659 26
660 23
661 22
662 24
663 23
664 25
665 27
666 26
667 25
668 25
669 24
670 22
671 21
672 23
673 25
674 26
675 23
676 25
677 25
678 24
679 26
680 27
681 24
682 22
683 21
684 20
685 20
686 22
687 25
688 24
689 24
690 25
691 24
692 24
693 22
694 24
695 25
696 24
697 25
698 27
699 26
700 21
701 21
702 21
703 22
704 23
705 24
706 26
707 26
708 27
709 25
710 24
711 22
712 23
713 24
714 25
715 26
716 25
717 24
718 24
719 26
720 27
721 26
722 23
723 24
724 27
725 26
726 23
727 24
728 24
729 23
730 25
731 25
732 25
733 26
734 26
735 23
736 25
737 25
738 23
739 24
740 24
741 25
742 26
743 24
744 26
745 27
746 27
747 24
748 24
749 27
750 26
751 25
752 26
753 23
754 24
755 25
756 21
757 22
758 24
759 27
760 26
761 24
762 23
763 22
764 23
765 22
766 23
767 23
768 21
769 22
770 21
771 21
772 22
773 21
774 21
775 21
776 22
777 22
778 22
779 22
780 24
781 23
782 24
783 25
784 26
785 27
786 28
787 27
788 29
789 29
790 28
791 28
792 27
793 24
794 25
795 24
796 24
797 20
798 19
799 21
800 20
801 22
802 22
803 23
804 22
805 23
806 23
807 23
808 22
809 22
810 22
811 23
812 22
813 19
814 21
815 19
816 21
817 22
818 23
819 24
820 25
821 24
822 24
823 24
824 25
825 26
826 23
827 21
828 22
829 24
830 26
831 27
832 26
833 28
834 27
835 24
836 25
837 25
838 25
839 24
840 24
841 25
842 25
843 26
844 22
845 25
846 25
847 25
848 24
849 25
850 25
851 25
852 23
853 25
854 24
855 23
856 23
857 23
858 21
859 22
860 21
861 22
862 21
863 20
864 20
865 22
866 23
867 23
868 25
869 24
870 21
871 20
872 16
873 17
874 19
875 21
876 21
877 21
878 23
879 24
880 27
881 25
882 24
883 25
884 24
885 26
886 27
887 26
888 27
889 26
890 27
891 26
892 25
893 25
894 25
895 23
896 22
897 23
898 23
899 21
900 22
901 22
902 23
903 23
904 24
905 26
906 24
907 24
908 23
909 26
910 27
911 28
912 27
913 27
914 28
915 29
916 26
917 24
918 23
919 25
920 25
921 27
922 24
923 22
924 24
925 24
926 23
927 21
928 22
929 21
930 23
931 24
932 22
933 23
934 23
935 23
936 24
937 24
938 23
939 23
940 25
941 25
942 24
943 25
944 23
945 22
946 24
947 23
948 25
949 26
950 26
951 27
952 26
953 26
954 27
955 25
956 24
957 26
958 26
959 26
960 27
961 25
962 26
963 26
964 23
965 22
966 22
967 25
968 25
969 23
970 21
971 24
972 24
973 24
974 25
975 22
976 22
977 23
978 22
979 22
980 21
981 22
982 22
983 25
984 22
985 24
986 23
987 23
988 24
989 24
990 23
991 24
992 22
993 23
994 23
995 24
996 24
997 22
998 22
999 23
1000 22
