0 90
1 72
2 67
3 66
4 66
5 66
6 68
7 67
8 65
9 64
10 64
11 61
12 55
13 54
14 57
15 56
16 58
17 60
18 61
19 60
20 59
21 57
22 59
23 59
24 60
25 62
26 64
27 67
28 65
29 63
30 62
31 63
32 62
33 61
34 63
35 59
36 55
37 61
38 62
39 62
40 61
41 56
42 55
43 64
44 61
45 58
46 63
47 61
48 61
49 62
50 63
51 62
52 60
53 63
54 65
55 60
56 62
57 62
58 63
59 64
60 59
61 60
62 57
63 63
64 64
65 59
66 62
67 60
68 59
69 63
70 67
71 61
72 58
73 53
74 57
75 57
76 60
77 60
78 63
79 61
80 53
81 59
82 58
83 58
84 57
85 62
86 59
87 61
88 65
89 64
90 58
91 62
92 60
93 61
94 59
95 57
96 59
97 62
98 65
99 65
100 66
101 63
102 60
103 53
104 57
105 61
106 62
107 59
108 61
109 61
110 60
111 60
112 60
113 60
114 61
115 58
116 58
117 57
118 57
119 64
120 60
121 61
122 62
123 61
124 61
125 59
126 63
127 61
128 58
129 52
130 61
131 60
132 56
133 61
134 53
135 59
136 57
137 58
138 60
139 58
140 59
141 60
142 57
143 55
144 59
145 57
146 63
147 66
148 62
149 62
150 62
151 58
152 61
153 61
154 62
155 62
156 66
157 59
158 60
159 57
160 57
161 55
162 62
163 64
164 65
165 59
166 60
167 61
168 65
169 60
170 60
171 62
172 61
173 58
174 59
175 65
176 60
177 64
178 62
179 60
180 60
181 64
182 64
183 60
184 60
185 60
186 61
187 60
188 54
189 54
190 57
191 61
192 60
193 60
194 59
195 54
196 55
197 60
198 64
199 60
200 63
201 59
202 57
203 64
204 61
205 63
206 63
207 63
208 58
209 60
210 56
211 60
212 57
213 61
214 63
215 62
216 65
217 69
218 64
219 65
220 61
221 58
222 58
223 55
224 54
225 60
226 65
227 62
228 61
229 59
230 59
231 63
232 59
233 62
234 61
235 57
236 59
237 67
238 63
239 62
240 66
241 64
242 60
243 61
244 55
245 62
246 58
247 53
248 57
249 59
250 61
251 59
252 59
253 53
254 64
255 60
256 60
257 62
258 65
259 63
260 62
261 67
262 66
263 60
264 60
265 59
266 59
267 63
268 61
269 59
270 56
271 57
272 58
273 59
274 60
275 61
276 61
277 62
278 60
279 61
280 60
281 59
282 59
283 65
284 61
285 65
286 59
287 62
288 60
289 62
290 62
291 60
292 60
293 58
294 62
295 58
296 64
297 65
298 68
299 67
300 62
301 60
302 62
303 61
304 60
305 57
306 58
307 57
308 58
309 60
310 65
311 63
312 62
313 56
314 62
315 62
316 62
317 57
318 62
319 64
320 61
321 59
322 56
323 59
324 63
325 54
326 50
327 55
328 60
329 62
330 61
331 66
332 65
333 65
334 59
335 59
336 57
337 61
338 58
339 60
340 64
341 61
342 60
343 58
344 55
345 60
346 59
347 59
348 60
349 63
350 63
351 59
352 61
353 65
354 64
355 65
356 61
357 62
358 66
359 65
360 63
361 61
362 62
363 63
364 63
365 61
366 60
367 57
368 59
369 59
370 62
371 62
372 58
373 51
374 56
375 59
376 62
377 63
378 61
379 61
380 65
381 60
382 62
383 61
384 58
385 58
386 60
387 60
388 66
389 65
390 67
391 60
392 63
393 66
394 60
395 63
396 59
397 63
398 59
399 59
400 63
401 65
402 57
403 59
404 58
405 58
406 65
407 59
408 58
409 62
410 66
411 65
412 61
413 62
414 63
415 63
416 63
417 63
418 62
419 57
420 59
421 63
422 62
423 61
424 64
425 62
426 58
427 62
428 57
429 55
430 53
431 53
432 57
433 60
434 65
435 61
436 65
437 61
438 58
439 59
440 63
441 65
442 64
443 60
444 60
445 56
446 59
447 64
448 59
449 58
450 60
451 59
452 56
453 55
454 52
455 59
456 62
457 58
458 64
459 60
460 63
461 54
462 60
463 61
464 60
465 54
466 53
467 60
468 63
469 65
470 63
471 65
472 61
473 63
474 63
475 62
476 62
477 63
478 65
479 63
480 63
481 61
482 60
483 60
484 63
485 61
486 61
487 58
488 62
489 56
490 57
491 59
492 59
493 60
494 59
495 61
496 64
497 65
498 56
499 64
500 64
501 57
502 61
503 60
504 61
505 62
506 60
507 64
508 57
509 60
510 61
511 56
512 53
513 56
514 58
515 60
516 63
517 61
518 63
519 66
520 68
521 63
522 61
523 59
524 63
525 61
526 58
527 56
528 61
529 62
530 60
531 58
532 61
533 61
534 61
535 61
536 60
537 63
538 61
539 63
540 61
541 56
542 60
543 59
544 60
545 60
546 61
547 61
548 66
549 61
550 63
551 64
552 68
553 65
554 62
555 59
556 59
557 62
558 65
559 61
560 63
561 59
562 61
563 63
564 60
565 64
566 63
567 62
568 66
569 64
570 58
571 56
572 58
573 58
574 62
575 59
576 58
577 63
578 62
579 60
580 58
581 58
582 59
583 55
584 56
585 60
586 60
587 61
588 63
589 64
590 63
591 64
592 68
593 61
594 64
595 65
596 68
597 62
598 58
599 58
600 58
601 61
602 63
603 60
604 57
605 56
606 55
607 58
608 58
609 62
610 61
611 57
612 59
613 61
614 59
615 63
616 64
617 63
618 62
619 55
620 65
621 64
622 62
623 58
624 57
625 57
626 56
627 58
628 66
629 66
630 67
631 60
632 61
633 65
634 65
635 61
636 59
637 63
638 63
639 61
640 57
641 63
642 65
643 61
644 61
645 63
646 63
647 65
648 62
649 65
650 59
651 59
652 61
653 61
654 57
655 57
656 64
657 57
658 60
659 60
660 60
661 62
662 63
663 68
664 68
665 65
666 64
667 63
668 60
669 61
670 65
671 61
672 60
673 60
674 61
675 61
676 64
677 63
678 59
679 59
680 58
681 58
682 63
683 65
684 64
685 58
686 61
687 58
688 54
689 58
690 61
691 60
692 55
693 57
694 57
695 58
696 58
697 60
698 62
699 58
700 59
701 61
702 63
703 63
704 63
705 63
706 63
707 57
708 62
709 62
710 62
711 59
712 60
713 60
714 62
715 63
716 63
717 60
718 61
719 58
720 65
721 62
722 58
723 58
724 67
725 63
726 62
727 59
728 57
729 58
730 60
731 57
732 57
733 64
734 65
735 61
736 65
737 62
738 64
739 65
740 65
741 64
742 65
743 67
744 62
745 57
746 57
747 64
748 63
749 61
750 60
751 62
752 58
753 60
754 62
755 61
756 56
757 57
758 60
759 58
760 59
761 59
762 55
763 59
764 60
765 63
766 68
767 64
768 61
769 58
770 63
771 63
772 64
773 67
774 62
775 63
776 63
777 59
778 59
779 59
780 68
781 59
782 55
783 55
784 61
785 62
786 63
787 58
788 57
789 60
790 62
791 60
792 56
793 59
794 58
795 64
796 55
797 62
798 61
799 57
800 54
801 59
802 65
803 66
804 62
805 61
806 63
807 66
808 62
809 59
810 62
811 59
812 61
813 64
814 61
815 62
816 59
817 61
818 60
819 54
820 62
821 64
822 59
823 59
824 64
825 66
826 63
827 60
828 60
829 58
830 65
831 65
832 61
833 61
834 62
835 65
836 56
837 56
838 63
839 59
840 58
841 58
842 63
843 65
844 67
845 64
846 59
847 57
848 60
849 58
850 55
851 58
852 60
853 59
854 55
855 56
856 62
857 63
858 62
859 61
860 63
861 65
862 65
863 67
864 65
865 62
866 58
867 57
868 63
869 63
870 63
871 63
872 58
873 56
874 63
875 69
876 64
877 57
878 62
879 56
880 57
881 58
882 63
883 60
884 63
885 62
886 64
887 65
888 59
889 60
890 65
891 70
892 63
893 63
894 63
895 63
896 61
897 56
898 60
899 56
900 56
901 60
902 60
903 59
904 58
905 60
906 63
907 63
908 62
909 62
910 61
911 61
912 64
913 56
914 64
915 59
916 62
917 62
918 61
919 65
920 60
921 61
922 55
923 64
924 63
925 64
926 67
927 61
928 66
929 63
930 64
931 56
932 57
933 64
934 65
935 63
936 63
937 60
938 57
939 60
940 59
941 62
942 62
943 60
944 63
945 60
946 61
947 59
948 55
949 59
950 59
951 62
952 62
953 54
954 61
955 56
956 57
957 65
958 62
959 61
960 64
961 60
962 65
963 57
964 62
965 55
966 56
967 56
968 60
969 59
970 58
971 57
972 56
973 60
974 61
975 62
976 62
977 60
978 57
979 59
980 57
981 62
982 62
983 62
984 65
985 58
986 61
987 59
988 58
989 54
990 57
991 57
992 60
993 57
994 60
995 62
996 57
997 58
998 61
999 58
1000 58
