0 95
1 80
2 71
3 69
4 60
5 56
6 57
7 56
8 61
9 64
10 59
11 64
12 59
13 63
14 61
15 62
16 61
17 63
18 63
19 61
20 60
21 62
22 64
23 62
24 62
25 62
26 64
27 62
28 67
29 62
30 63
31 61
32 66
33 65
34 64
35 63
36 61
37 62
38 61
39 63
40 62
41 64
42 61
43 60
44 62
45 60
46 61
47 63
48 60
49 61
50 63
51 63
52 60
53 61
54 58
55 59
56 60
57 60
58 63
59 58
60 66
61 66
62 63
63 64
64 64
65 66
66 61
67 63
68 64
69 62
70 63
71 64
72 65
73 64
74 65
75 61
76 60
77 59
78 56
79 61
80 59
81 58
82 66
83 65
84 65
85 65
86 63
87 60
88 62
89 64
90 61
91 60
92 59
93 63
94 56
95 62
96 65
97 67
98 66
99 61
100 62
101 58
102 62
103 66
104 65
105 62
106 65
107 63
108 58
109 61
110 60
111 61
112 62
113 60
114 61
115 61
116 60
117 62
118 65
119 60
120 59
121 57
122 59
123 65
124 64
125 59
126 60
127 60
128 62
129 62
130 61
131 63
132 61
133 61
134 63
135 60
136 58
137 60
138 60
139 62
140 64
141 62
142 64
143 60
144 62
145 63
146 62
147 62
148 61
149 65
150 65
151 65
152 59
153 60
154 61
155 63
156 60
157 62
158 66
159 64
160 62
161 59
162 58
163 60
164 63
165 57
166 62
167 67
168 62
169 62
170 64
171 63
172 64
173 69
174 65
175 65
176 64
177 60
178 57
179 58
180 61
181 64
182 58
183 62
184 63
185 63
186 62
187 62
188 65
189 59
190 61
191 58
192 59
193 56
194 59
195 55
196 60
197 55
198 59
199 57
200 61
201 64
202 62
203 59
204 64
205 63
206 58
207 63
208 63
209 59
210 61
211 59
212 62
213 58
214 60
215 58
216 62
217 66
218 65
219 57
220 56
221 59
222 61
223 65
224 64
225 63
226 61
227 63
228 63
229 63
230 64
231 62
232 58
233 61
234 62
235 65
236 64
237 63
238 63
239 59
240 61
241 65
242 66
243 64
244 63
245 58
246 57
247 61
248 61
249 56
250 56
251 59
252 59
253 58
254 61
255 65
256 61
257 64
258 60
259 64
260 66
261 66
262 66
263 64
264 62
265 68
266 62
267 57
268 62
269 59
270 62
271 61
272 62
273 65
274 66
275 65
276 66
277 66
278 68
279 57
280 62
281 61
282 57
283 59
284 63
285 62
286 59
287 64
288 63
289 65
290 67
291 66
292 63
293 62
294 62
295 66
296 64
297 61
298 60
299 62
300 63
301 62
302 61
303 55
304 63
305 64
306 64
307 65
308 64
309 66
310 61
311 63
312 66
313 65
314 63
315 66
316 64
317 63
318 55
319 56
320 58
321 56
322 62
323 61
324 64
325 67
326 69
327 67
328 69
329 62
330 61
331 58
332 62
333 62
334 62
335 60
336 61
337 61
338 66
339 63
340 64
341 62
342 62
343 65
344 65
345 62
346 58
347 60
348 62
349 64
350 63
351 63
352 62
353 61
354 58
355 60
356 61
357 63
358 62
359 64
360 63
361 62
362 59
363 59
364 65
365 67
366 67
367 64
368 64
369 61
370 65
371 64
372 61
373 60
374 60
375 59
376 61
377 62
378 63
379 65
380 63
381 62
382 61
383 61
384 64
385 66
386 65
387 62
388 58
389 62
390 64
391 60
392 61
393 63
394 65
395 60
396 61
397 55
398 56
399 60
400 60
401 62
402 60
403 62
404 63
405 61
406 62
407 63
408 61
409 63
410 60
411 61
412 60
413 62
414 60
415 60
416 63
417 64
418 68
419 66
420 65
421 64
422 64
423 65
424 64
425 62
426 56
427 59
428 61
429 60
430 61
431 61
432 57
433 59
434 56
435 61
436 62
437 64
438 67
439 69
440 66
441 64
442 60
443 64
444 62
445 62
446 64
447 63
448 64
449 67
450 63
451 60
452 59
453 62
454 60
455 60
456 61
457 58
458 61
459 59
460 59
461 59
462 56
463 61
464 64
465 61
466 63
467 61
468 58
469 58
470 63
471 65
472 66
473 61
474 63
475 63
476 57
477 59
478 60
479 59
480 62
481 63
482 69
483 66
484 62
485 62
486 64
487 64
488 65
489 64
490 62
491 61
492 61
493 62
494 66
495 65
496 65
497 59
498 55
499 58
500 57
501 57
502 53
503 57
504 58
505 56
506 62
507 66
508 64
509 62
510 64
511 59
512 62
513 64
514 64
515 66
516 67
517 68
518 66
519 63
520 57
521 60
522 62
523 65
524 63
525 64
526 62
527 64
528 65
529 65
530 64
531 62
532 64
533 60
534 61
535 63
536 61
537 59
538 63
539 62
540 64
541 66
542 67
543 61
544 66
545 66
546 61
547 61
548 64
549 66
550 63
551 63
552 61
553 60
554 65
555 65
556 65
557 60
558 59
559 59
560 60
561 57
562 60
563 59
564 61
565 63
566 59
567 63
568 64
569 68
570 68
571 62
572 62
573 62
574 62
575 64
576 63
577 65
578 62
579 62
580 59
581 65
582 63
583 64
584 65
585 66
586 63
587 60
588 60
589 62
590 59
591 59
592 57
593 55
594 57
595 60
596 63
597 61
598 56
599 57
600 60
601 62
602 60
603 63
604 61
605 61
606 60
607 62
608 63
609 66
610 66
611 64
612 64
613 57
614 58
615 56
616 56
617 59
618 63
619 66
620 62
621 60
622 60
623 63
624 66
625 55
626 59
627 63
628 63
629 64
630 60
631 58
632 55
633 60
634 62
635 63
636 65
637 60
638 62
639 59
640 60
641 61
642 62
643 65
644 60
645 61
646 61
647 63
648 61
649 61
650 62
651 60
652 60
653 59
654 57
655 56
656 62
657 69
658 68
659 66
660 65
661 62
662 66
663 64
664 64
665 63
666 60
667 60
668 61
669 64
670 64
671 64
672 65
673 66
674 61
675 62
676 62
677 67
678 67
679 64
680 64
681 66
682 63
683 59
684 59
685 61
686 61
687 61
688 60
689 66
690 64
691 65
692 61
693 63
694 64
695 63
696 65
697 62
698 64
699 65
700 60
701 65
702 64
703 64
704 62
705 65
706 63
707 62
708 62
709 64
710 62
711 59
712 62
713 58
714 60
715 58
716 62
717 62
718 60
719 63
720 61
721 62
722 63
723 66
724 67
725 64
726 64
727 64
728 59
729 64
730 60
731 62
732 64
733 68
734 65
735 65
736 60
737 62
738 64
739 66
740 61
741 61
742 65
743 58
744 63
745 61
746 62
747 65
748 63
749 65
750 64
751 67
752 63
753 61
754 62
755 63
756 64
757 64
758 62
759 61
760 62
761 60
762 62
763 64
764 62
765 59
766 65
767 64
768 63
769 65
770 61
771 63
772 61
773 68
774 62
775 63
776 64
777 58
778 62
779 61
780 59
781 64
782 60
783 61
784 64
785 63
786 62
787 63
788 62
789 61
790 63
791 59
792 57
793 57
794 57
795 65
796 66
797 62
798 63
799 58
800 60
801 60
802 62
803 60
804 62
805 65
806 65
807 64
808 64
809 60
810 63
811 57
812 66
813 66
814 65
815 63
816 66
817 62
818 63
819 63
820 65
821 60
822 58
823 59
824 64
825 60
826 63
827 63
828 58
829 62
830 66
831 66
832 64
833 64
834 63
835 65
836 62
837 61
838 58
839 61
840 59
841 60
842 59
843 61
844 62
845 65
846 66
847 64
848 62
849 55
850 63
851 62
852 60
853 60
854 62
855 62
856 66
857 67
858 63
859 60
860 67
861 59
862 63
863 66
864 66
865 62
866 64
867 58
868 59
869 59
870 60
871 62
872 61
873 54
874 59
875 56
876 55
877 60
878 60
879 62
880 62
881 66
882 64
883 66
884 64
885 64
886 62
887 64
888 63
889 66
890 54
891 60
892 62
893 55
894 54
895 56
896 60
897 58
898 59
899 61
900 65
901 65
902 61
903 56
904 59
905 63
906 66
907 63
908 60
909 61
910 63
911 63
912 61
913 62
914 59
915 58
916 64
917 64
918 65
919 66
920 65
921 66
922 57
923 56
924 59
925 62
926 61
927 58
928 59
929 60
930 58
931 62
932 61
933 61
934 62
935 64
936 61
937 63
938 63
939 61
940 65
941 62
942 67
943 63
944 60
945 62
946 63
947 65
948 65
949 60
950 64
951 64
952 67
953 68
954 63
955 59
956 64
957 65
958 58
959 60
960 65
961 63
962 64
963 61
964 63
965 59
966 62
967 62
968 59
969 57
970 58
971 62
972 63
973 64
974 63
975 62
976 61
977 62
978 63
979 63
980 60
981 58
982 57
983 61
984 60
985 63
986 63
987 61
988 60
989 59
990 63
991 59
992 61
993 58
994 60
995 57
996 56
997 56
998 59
999 58
1000 60
