0 95
1 85
2 79
3 73
4 70
5 65
6 64
7 60
8 61
9 67
10 70
11 67
12 67
13 62
14 68
15 70
16 71
17 72
18 72
19 75
20 67
21 65
22 64
23 68
24 68
25 65
26 72
27 67
28 68
29 69
30 65
31 62
32 63
33 64
34 67
35 69
36 74
37 67
38 68
39 68
40 68
41 67
42 67
43 72
44 68
45 64
46 66
47 64
48 61
49 66
50 68
51 74
52 65
53 65
54 65
55 64
56 58
57 60
58 61
59 61
60 68
61 68
62 64
63 64
64 65
65 67
66 63
67 64
68 61
69 67
70 66
71 62
72 62
73 68
74 76
75 68
76 64
77 62
78 66
79 66
80 64
81 64
82 64
83 65
84 66
85 66
86 67
87 65
88 68
89 61
90 61
91 64
92 66
93 68
94 68
95 70
96 70
97 64
98 65
99 69
100 69
101 65
102 66
103 68
104 67
105 67
106 63
107 63
108 64
109 66
110 63
111 65
112 68
113 65
114 59
115 62
116 66
117 68
118 66
119 73
120 70
121 61
122 67
123 69
124 66
125 68
126 66
127 66
128 68
129 70
130 65
131 60
132 63
133 66
134 68
135 69
136 69
137 68
138 73
139 73
140 68
141 70
142 61
143 66
144 73
145 70
146 74
147 69
148 63
149 69
150 66
151 62
152 64
153 70
154 70
155 70
156 73
157 71
158 71
159 69
160 70
161 64
162 70
163 64
164 61
165 59
166 64
167 62
168 62
169 63
170 62
171 64
172 67
173 68
174 66
175 63
176 65
177 64
178 67
179 67
180 63
181 62
182 69
183 70
184 65
185 64
186 66
187 62
188 60
189 59
190 64
191 69
192 66
193 64
194 63
195 62
196 61
197 65
198 68
199 67
200 67
201 67
202 72
203 68
204 71
205 70
206 67
207 66
208 61
209 71
210 67
211 65
212 69
213 66
214 69
215 69
216 66
217 67
218 70
219 71
220 65
221 70
222 62
223 64
224 64
225 65
226 65
227 65
228 68
229 67
230 66
231 69
232 66
233 64
234 66
235 66
236 69
237 67
238 65
239 66
240 68
241 70
242 70
243 63
244 65
245 67
246 62
247 66
248 63
249 68
250 69
251 63
252 64
253 69
254 66
255 69
256 70
257 70
258 67
259 69
260 66
261 68
262 63
263 68
264 69
265 69
266 70
267 68
268 68
269 58
270 61
271 67
272 62
273 63
274 69
275 69
276 66
277 66
278 68
279 67
280 63
281 65
282 66
283 69
284 66
285 68
286 70
287 71
288 70
289 70
290 64
291 62
292 65
293 62
294 62
295 68
296 71
297 69
298 69
299 69
300 71
301 71
302 69
303 69
304 63
305 62
306 65
307 66
308 66
309 66
310 67
311 67
312 68
313 67
314 68
315 69
316 69
317 67
318 69
319 69
320 62
321 63
322 60
323 65
324 62
325 64
326 65
327 67
328 61
329 59
330 63
331 61
332 60
333 62
334 61
335 59
336 58
337 65
338 67
339 72
340 73
341 74
342 71
343 69
344 69
345 69
346 67
347 70
348 69
349 68
350 72
351 74
352 71
353 68
354 62
355 66
356 70
357 67
358 67
359 70
360 68
361 66
362 68
363 67
364 70
365 65
366 67
367 68
368 64
369 62
370 63
371 67
372 63
373 60
374 65
375 66
376 65
377 63
378 66
379 72
380 67
381 67
382 70
383 67
384 67
385 66
386 64
387 62
388 62
389 64
390 59
391 61
392 64
393 70
394 70
395 66
396 67
397 69
398 70
399 67
400 64
401 71
402 70
403 64
404 64
405 66
406 65
407 67
408 69
409 65
410 63
411 64
412 63
413 63
414 64
415 65
416 64
417 62
418 68
419 66
420 70
421 69
422 70
423 69
424 63
425 65
426 66
427 64
428 70
429 72
430 66
431 66
432 70
433 69
434 66
435 68
436 69
437 65
438 65
439 72
440 70
441 69
442 64
443 65
444 66
445 67
446 68
447 67
448 69
449 69
450 68
451 70
452 66
453 67
454 66
455 66
456 66
457 64
458 63
459 66
460 63
461 62
462 65
463 68
464 68
465 65
466 65
467 59
468 65
469 69
470 70
471 66
472 68
473 64
474 61
475 60
476 64
477 62
478 68
479 63
480 63
481 67
482 66
483 68
484 65
485 62
486 64
487 64
488 65
489 62
490 68
491 68
492 66
493 69
494 72
495 65
496 58
497 62
498 62
499 60
500 65
501 70
502 67
503 63
504 60
505 69
506 67
507 65
508 65
509 61
510 60
511 64
512 67
513 71
514 68
515 66
516 73
517 69
518 65
519 61
520 57
521 64
522 66
523 71
524 68
525 71
526 69
527 73
528 71
529 70
530 63
531 63
532 62
533 62
534 61
535 64
536 58
537 67
538 65
539 65
540 65
541 63
542 67
543 71
544 68
545 65
546 67
547 67
548 69
549 66
550 70
551 68
552 66
553 67
554 65
555 66
556 67
557 66
558 64
559 64
560 66
561 66
562 68
563 67
564 66
565 64
566 63
567 70
568 71
569 70
570 72
571 72
572 72
573 69
574 63
575 62
576 63
577 68
578 67
579 67
580 67
581 72
582 75
583 66
584 65
585 64
586 67
587 64
588 65
589 66
590 67
591 66
592 63
593 67
594 74
595 73
596 70
597 70
598 68
599 69
600 69
601 69
602 69
603 65
604 67
605 65
606 71
607 72
608 68
609 71
610 73
611 78
612 71
613 72
614 69
615 65
616 72
617 64
618 69
619 67
620 70
621 75
622 70
623 69
624 67
625 76
626 73
627 73
628 73
629 71
630 68
631 69
632 69
633 69
634 67
635 66
636 62
637 65
638 69
639 68
640 70
641 68
642 64
643 57
644 60
645 59
646 59
647 61
648 58
649 60
650 62
651 65
652 68
653 65
654 68
655 68
656 62
657 68
658 72
659 72
660 67
661 70
662 67
663 64
664 66
665 67
666 69
667 63
668 63
669 66
670 68
671 71
672 71
673 70
674 68
675 65
676 62
677 69
678 67
679 68
680 65
681 62
682 64
683 72
684 67
685 64
686 64
687 65
688 66
689 61
690 65
691 68
692 74
693 72
694 72
695 65
696 70
697 69
698 71
699 71
700 71
701 71
702 68
703 63
704 66
705 60
706 66
707 67
708 74
709 67
710 62
711 67
712 67
713 67
714 66
715 63
716 63
717 63
718 63
719 67
720 65
721 67
722 66
723 69
724 73
725 72
726 77
727 73
728 70
729 71
730 68
731 74
732 71
733 70
734 72
735 61
736 65
737 65
738 66
739 69
740 69
741 65
742 64
743 71
744 68
745 69
746 66
747 64
748 63
749 64
750 63
751 62
752 63
753 66
754 65
755 62
756 66
757 64
758 65
759 67
760 67
761 72
762 68
763 71
764 70
765 71
766 66
767 60
768 65
769 67
770 68
771 71
772 72
773 71
774 70
775 71
776 70
777 65
778 62
779 61
780 63
781 63
782 66
783 66
784 65
785 63
786 69
787 66
788 64
789 65
790 68
791 69
792 67
793 66
794 63
795 65
796 65
797 64
798 66
799 65
800 68
801 72
802 72
803 67
804 66
805 64
806 63
807 65
808 59
809 60
810 67
811 64
812 67
813 67
814 66
815 64
816 66
817 68
818 70
819 67
820 64
821 65
822 72
823 70
824 70
825 69
826 67
827 66
828 68
829 67
830 64
831 61
832 61
833 63
834 63
835 61
836 63
837 60
838 69
839 68
840 68
841 65
842 65
843 71
844 64
845 65
846 64
847 68
848 65
849 67
850 71
851 71
852 65
853 60
854 65
855 72
856 71
857 71
858 63
859 61
860 60
861 65
862 64
863 69
864 66
865 67
866 68
867 67
868 63
869 66
870 68
871 64
872 65
873 63
874 66
875 64
876 64
877 68
878 70
879 63
880 65
881 64
882 63
883 70
884 68
885 64
886 68
887 67
888 70
889 70
890 67
891 65
892 65
893 67
894 70
895 66
896 69
897 73
898 67
899 67
900 67
901 68
902 67
903 65
904 67
905 70
906 66
907 68
908 65
909 66
910 63
911 54
912 61
913 64
914 68
915 71
916 69
917 67
918 72
919 73
920 71
921 71
922 70
923 63
924 66
925 65
926 66
927 67
928 65
929 65
930 61
931 61
932 61
933 62
934 68
935 61
936 64
937 67
938 66
939 61
940 65
941 71
942 70
943 68
944 64
945 64
946 68
947 71
948 64
949 58
950 57
951 59
952 60
953 63
954 66
955 66
956 58
957 62
958 62
959 65
960 64
961 66
962 61
963 64
964 68
965 71
966 68
967 67
968 70
969 66
970 68
971 72
972 67
973 73
974 70
975 68
976 64
977 60
978 63
979 63
980 68
981 67
982 68
983 67
984 71
985 70
986 73
987 67
988 64
989 65
990 65
991 67
992 66
993 68
994 68
995 68
996 72
997 67
998 66
999 65
1000 62
