0 100
1 74
2 71
3 72
4 68
5 68
6 68
7 69
8 74
9 73
10 73
11 69
12 71
13 70
14 68
15 66
16 74
17 60
18 66
19 67
20 69
21 65
22 71
23 67
24 73
25 67
26 63
27 70
28 68
29 68
30 68
31 69
32 73
33 65
34 71
35 68
36 68
37 67
38 69
39 68
40 64
41 66
42 75
43 73
44 72
45 73
46 71
47 71
48 70
49 69
50 69
51 69
52 71
53 59
54 66
55 69
56 71
57 67
58 70
59 72
60 61
61 71
62 70
63 72
64 68
65 71
66 67
67 71
68 69
69 71
70 69
71 70
72 68
73 67
74 67
75 68
76 74
77 71
78 75
79 69
80 66
81 66
82 67
83 65
84 69
85 69
86 71
87 67
88 68
89 67
90 59
91 64
92 61
93 66
94 64
95 71
96 62
97 69
98 67
99 69
100 69
101 71
102 74
103 71
104 67
105 67
106 72
107 70
108 70
109 71
110 69
111 71
112 73
113 70
114 70
115 70
116 69
117 67
118 71
119 69
120 73
121 73
122 67
123 68
124 66
125 71
126 74
127 74
128 65
129 66
130 74
131 63
132 72
133 69
134 67
135 64
136 69
137 73
138 68
139 71
140 71
141 69
142 71
143 73
144 71
145 69
146 70
147 73
148 66
149 75
150 72
151 70
152 69
153 68
154 70
155 70
156 72
157 70
158 72
159 67
160 72
161 71
162 61
163 69
164 67
165 72
166 67
167 66
168 68
169 75
170 70
171 65
172 65
173 64
174 70
175 70
176 70
177 69
178 65
179 66
180 72
181 68
182 68
183 69
184 64
185 71
186 67
187 68
188 69
189 70
190 66
191 66
192 68
193 69
194 67
195 70
196 71
197 71
198 62
199 71
200 70
201 72
202 71
203 69
204 67
205 73
206 73
207 68
208 72
209 71
210 67
211 75
212 68
213 72
214 65
215 70
216 66
217 65
218 69
219 67
220 66
221 69
222 72
223 70
224 68
225 69
226 74
227 69
228 72
229 70
230 69
231 72
232 69
233 69
234 70
235 68
236 67
237 69
238 70
239 67
240 71
241 71
242 72
243 69
244 67
245 68
246 68
247 68
248 68
249 65
250 71
251 69
252 62
253 68
254 70
255 69
256 71
257 71
258 65
259 69
260 69
261 67
262 70
263 72
264 72
265 69
266 68
267 65
268 65
269 67
270 71
271 69
272 66
273 68
274 66
275 65
276 69
277 67
278 68
279 67
280 69
281 72
282 69
283 68
284 65
285 68
286 71
287 74
288 70
289 63
290 57
291 69
292 68
293 69
294 74
295 69
296 74
297 72
298 76
299 70
300 71
301 66
302 66
303 68
304 68
305 70
306 68
307 65
308 67
309 70
310 69
311 72
312 70
313 69
314 75
315 77
316 74
317 70
318 68
319 69
320 69
321 70
322 69
323 65
324 68
325 71
326 71
327 71
328 69
329 70
330 69
331 69
332 71
333 68
334 69
335 69
336 70
337 65
338 72
339 72
340 70
341 66
342 68
343 69
344 67
345 66
346 67
347 71
348 67
349 69
350 70
351 69
352 63
353 72
354 72
355 71
356 72
357 62
358 71
359 69
360 69
361 67
362 68
363 69
364 70
365 68
366 69
367 72
368 71
369 72
370 65
371 70
372 72
373 69
374 68
375 72
376 71
377 72
378 74
379 69
380 70
381 66
382 67
383 75
384 65
385 71
386 66
387 71
388 67
389 73
390 69
391 70
392 68
393 67
394 69
395 69
396 67
397 66
398 73
399 68
400 67
401 72
402 68
403 70
404 71
405 69
406 66
407 65
408 70
409 66
410 68
411 71
412 67
413 67
414 65
415 65
416 71
417 69
418 61
419 67
420 69
421 68
422 68
423 69
424 71
425 59
426 74
427 73
428 71
429 73
430 71
431 69
432 72
433 68
434 58
435 65
436 68
437 70
438 68
439 66
440 69
441 69
442 62
443 72
444 66
445 68
446 73
447 67
448 66
449 68
450 70
451 70
452 63
453 72
454 73
455 69
456 68
457 68
458 66
459 64
460 69
461 73
462 68
463 74
464 69
465 71
466 66
467 66
468 64
469 65
470 66
471 70
472 69
473 69
474 70
475 69
476 71
477 68
478 72
479 65
480 70
481 65
482 65
483 68
484 71
485 67
486 63
487 72
488 71
489 73
490 72
491 67
492 65
493 71
494 66
495 70
496 69
497 71
498 63
499 65
500 67
501 69
502 64
503 65
504 67
505 73
506 69
507 71
508 66
509 73
510 65
511 69
512 78
513 69
514 66
515 70
516 65
517 67
518 64
519 70
520 67
521 70
522 69
523 68
524 68
525 69
526 67
527 71
528 74
529 71
530 72
531 74
532 65
533 72
534 69
535 64
536 68
537 74
538 72
539 70
540 68
541 70
542 69
543 68
544 75
545 67
546 71
547 71
548 71
549 69
550 73
551 70
552 70
553 71
554 58
555 63
556 70
557 68
558 69
559 68
560 75
561 65
562 71
563 66
564 69
565 71
566 70
567 68
568 71
569 71
570 73
571 69
572 70
573 67
574 68
575 67
576 66
577 69
578 68
579 70
580 64
581 68
582 70
583 69
584 71
585 69
586 71
587 67
588 65
589 68
590 65
591 73
592 65
593 71
594 67
595 67
596 69
597 69
598 71
599 70
600 70
601 67
602 67
603 70
604 67
605 70
606 60
607 67
608 66
609 67
610 69
611 69
612 65
613 70
614 74
615 71
616 69
617 72
618 70
619 68
620 65
621 67
622 70
623 67
624 71
625 69
626 64
627 71
628 72
629 69
630 69
631 72
632 71
633 70
634 69
635 68
636 72
637 66
638 67
639 71
640 72
641 66
642 68
643 71
644 69
645 72
646 64
647 65
648 66
649 64
650 70
651 73
652 69
653 71
654 70
655 71
656 69
657 68
658 68
659 70
660 73
661 68
662 70
663 67
664 68
665 73
666 64
667 73
668 67
669 68
670 68
671 73
672 72
673 63
674 71
675 69
676 67
677 70
678 69
679 67
680 68
681 67
682 67
683 73
684 71
685 68
686 70
687 68
688 68
689 71
690 68
691 69
692 69
693 68
694 73
695 71
696 72
697 68
698 70
699 72
700 72
701 71
702 72
703 71
704 69
705 63
706 66
707 70
708 69
709 68
710 67
711 60
712 68
713 64
714 66
715 70
716 75
717 69
718 68
719 67
720 72
721 68
722 72
723 65
724 70
725 71
726 63
727 68
728 66
729 65
730 70
731 66
732 69
733 68
734 70
735 71
736 68
737 66
738 64
739 71
740 66
741 71
742 71
743 68
744 67
745 71
746 71
747 67
748 66
749 71
750 72
751 63
752 68
753 66
754 70
755 68
756 68
757 68
758 70
759 73
760 72
761 73
762 69
763 65
764 72
765 68
766 67
767 76
768 68
769 70
770 70
771 71
772 67
773 73
774 73
775 74
776 63
777 64
778 69
779 66
780 65
781 65
782 68
783 70
784 64
785 67
786 69
787 65
788 70
789 73
790 68
791 71
792 63
793 70
794 66
795 69
796 71
797 67
798 60
799 71
800 67
801 66
802 67
803 68
804 71
805 73
806 67
807 72
808 73
809 65
810 64
811 71
812 73
813 73
814 70
815 67
816 67
817 68
818 70
819 69
820 69
821 72
822 66
823 68
824 72
825 72
826 70
827 71
828 71
829 62
830 68
831 70
832 70
833 64
834 72
835 66
836 68
837 69
838 67
839 66
840 67
841 71
842 70
843 66
844 69
845 64
846 74
847 69
848 64
849 72
850 70
851 68
852 69
853 69
854 68
855 68
856 71
857 68
858 67
859 70
860 71
861 69
862 72
863 68
864 68
865 69
866 70
867 71
868 68
869 71
870 74
871 71
872 68
873 69
874 55
875 71
876 70
877 64
878 68
879 63
880 71
881 69
882 67
883 68
884 71
885 68
886 62
887 74
888 67
889 69
890 67
891 69
892 69
893 73
894 54
895 68
896 70
897 71
898 63
899 66
900 73
901 69
902 72
903 67
904 66
905 69
906 68
907 73
908 67
909 70
910 65
911 66
912 67
913 70
914 67
915 72
916 72
917 71
918 71
919 71
920 68
921 65
922 65
923 66
924 73
925 70
926 68
927 63
928 65
929 70
930 66
931 72
932 68
933 70
934 70
935 73
936 70
937 68
938 73
939 69
940 69
941 68
942 62
943 73
944 70
945 69
946 69
947 72
948 69
949 72
950 69
951 68
952 67
953 69
954 65
955 64
956 70
957 70
958 66
959 69
960 64
961 70
962 76
963 65
964 66
965 70
966 73
967 69
968 71
969 67
970 69
971 71
972 68
973 65
974 67
975 66
976 70
977 69
978 74
979 73
980 65
981 71
982 71
983 70
984 72
985 59
986 67
987 70
988 68
989 70
990 72
991 61
992 71
993 64
994 67
995 70
996 68
997 69
998 71
999 69
1000 67
