0 25
1 21
2 19
3 18
4 15
5 13
6 13
7 12
8 12
9 11
10 12
11 13
12 13
13 11
14 10
15 11
16 13
17 11
18 11
19 11
20 12
21 10
22 12
23 10
24 11
25 11
26 12
27 13
28 14
29 12
30 12
31 10
32 11
33 13
34 12
35 11
36 11
37 12
38 14
39 12
40 14
41 13
42 13
43 14
44 14
45 15
46 13
47 10
48 8
49 8
50 9
51 8
52 7
53 9
54 10
55 10
56 9
57 10
58 11
59 12
60 10
61 12
62 12
63 13
64 13
65 13
66 12
67 12
68 13
69 13
70 13
71 13
72 14
73 13
74 11
75 12
76 13
77 13
78 13
79 12
80 12
81 10
82 9
83 10
84 12
85 12
86 13
87 13
88 13
89 14
90 13
91 10
92 11
93 10
94 10
95 12
96 13
97 13
98 11
99 13
100 11
101 11
102 12
103 11
104 11
105 10
106 10
107 13
108 13
109 12
110 11
111 11
112 10
113 12
114 12
115 11
116 11
117 12
118 10
119 11
120 10
121 9
122 9
123 8
124 9
125 9
126 12
127 11
128 12
129 13
130 12
131 11
132 12
133 13
134 13
135 13
136 14
137 14
138 13
139 13
140 13
141 12
142 12
143 10
144 10
145 9
146 9
147 9
148 11
149 12
150 12
151 12
152 12
153 13
154 13
155 11
156 12
157 12
158 14
159 12
160 12
161 10
162 9
163 10
164 8
165 9
166 11
167 13
168 12
169 13
170 14
171 14
172 15
173 13
174 12
175 13
176 14
177 12
178 15
179 15
180 12
181 11
182 12
183 13
184 12
185 14
186 11
187 12
188 14
189 13
190 13
191 12
192 13
193 13
194 11
195 11
196 12
197 13
198 12
199 11
200 9
201 10
202 11
203 14
204 14
205 15
206 15
207 14
208 15
209 14
210 15
211 16
212 15
213 12
214 10
215 8
216 11
217 13
218 11
219 12
220 10
221 11
222 10
223 10
224 10
225 11
226 13
227 13
228 13
229 13
230 13
231 11
232 11
233 12
234 11
235 12
236 13
237 13
238 12
239 9
240 9
241 10
242 9
243 10
244 11
245 11
246 12
247 11
248 12
249 10
250 12
251 11
252 10
253 11
254 12
255 12
256 11
257 12
258 13
259 12
260 12
261 13
262 13
263 12
264 12
265 12
266 12
267 12
268 12
269 12
270 13
271 12
272 13
273 11
274 12
275 12
276 12
277 11
278 13
279 14
280 12
281 12
282 13
283 13
284 13
285 12
286 13
287 15
288 14
289 14
290 14
291 14
292 13
293 15
294 15
295 14
296 14
297 14
298 13
299 14
300 15
301 15
302 15
303 14
304 14
305 13
306 11
307 10
308 12
309 13
310 11
311 10
312 11
313 14
314 12
315 10
316 10
317 13
318 13
319 14
320 12
321 12
322 12
323 12
324 12
325 13
326 12
327 12
328 12
329 12
330 12
331 12
332 11
333 12
334 12
335 13
336 12
337 13
338 14
339 16
340 15
341 12
342 10
343 10
344 8
345 9
346 9
347 10
348 10
349 12
350 10
351 8
352 8
353 9
354 11
355 12
356 12
357 12
358 13
359 13
360 9
361 12
362 11
363 12
364 13
365 13
366 12
367 12
368 13
369 14
370 14
371 13
372 11
373 10
374 12
375 10
376 10
377 10
378 12
379 12
380 11
381 11
382 12
383 11
384 11
385 13
386 13
387 14
388 13
389 11
390 11
391 11
392 12
393 12
394 14
395 13
396 12
397 11
398 13
399 13
400 13
401 12
402 13
403 12
404 13
405 14
406 13
407 13
408 13
409 13
410 12
411 14
412 10
413 10
414 11
415 10
416 9
417 10
418 11
419 9
420 11
421 10
422 8
423 10
424 12
425 14
426 13
427 14
428 14
429 14
430 14
431 13
432 13
433 14
434 12
435 11
436 13
437 13
438 13
439 12
440 12
441 12
442 14
443 13
444 13
445 12
446 12
447 13
448 11
449 10
450 10
451 12
452 14
453 14
454 13
455 13
456 12
457 12
458 13
459 12
460 11
461 9
462 10
463 10
464 13
465 13
466 13
467 11
468 13
469 14
470 13
471 12
472 10
473 12
474 12
475 11
476 12
477 14
478 14
479 13
480 15
481 12
482 12
483 11
484 12
485 12
486 11
487 11
488 10
489 11
490 11
491 11
492 13
493 12
494 12
495 14
496 14
497 11
498 12
499 13
500 13
501 12
502 12
503 11
504 10
505 10
506 10
507 10
508 10
509 10
510 8
511 8
512 9
513 9
514 11
515 11
516 10
517 11
518 13
519 11
520 12
521 12
522 9
523 10
524 10
525 7
526 8
527 10
528 12
529 13
530 10
531 12
532 12
533 12
534 12
535 10
536 11
537 12
538 11
539 12
540 13
541 13
542 14
543 12
544 12
545 13
546 13
547 11
548 10
549 9
550 10
551 12
552 14
553 14
554 12
555 9
556 10
557 11
558 14
559 13
560 13
561 14
562 12
563 14
564 14
565 13
566 12
567 13
568 15
569 13
570 14
571 13
572 14
573 15
574 14
575 14
576 14
577 13
578 13
579 14
580 10
581 10
582 12
583 13
584 12
585 13
586 11
587 13
588 14
589 11
590 10
591 11
592 11
593 11
594 11
595 11
596 10
597 12
598 12
599 13
600 13
601 12
602 13
603 14
604 12
605 10
606 12
607 13
608 15
609 14
610 15
611 16
612 13
613 12
614 11
615 11
616 11
617 10
618 11
619 12
620 9
621 12
622 13
623 12
624 9
625 12
626 13
627 12
628 11
629 12
630 12
631 13
632 11
633 13
634 13
635 15
636 11
637 9
638 10
639 10
640 10
641 11
642 13
643 10
644 12
645 12
646 12
647 12
648 13
649 10
650 11
651 13
652 12
653 13
654 11
655 13
656 13
657 13
658 14
659 13
660 12
661 10
662 10
663 11
664 12
665 12
666 10
667 11
668 12
669 12
670 11
671 12
672 12
673 13
674 13
675 12
676 13
677 14
678 14
679 12
680 13
681 13
682 12
683 11
684 10
685 11
686 12
687 13
688 13
689 13
690 13
691 13
692 11
693 11
694 12
695 11
696 11
697 13
698 14
699 13
700 13
701 13
702 11
703 12
704 12
705 11
706 11
707 11
708 10
709 13
710 13
711 14
712 11
713 9
714 8
715 8
716 9
717 10
718 10
719 12
720 11
721 11
722 12
723 14
724 13
725 13
726 12
727 10
728 12
729 12
730 14
731 15
732 14
733 13
734 12
735 14
736 12
737 10
738 11
739 11
740 12
741 12
742 12
743 11
744 11
745 10
746 11
747 11
748 12
749 11
750 12
751 13
752 15
753 16
754 15
755 14
756 12
757 12
758 14
759 12
760 14
761 13
762 13
763 13
764 13
765 10
766 8
767 9
768 11
769 11
770 10
771 11
772 11
773 12
774 10
775 11
776 14
777 15
778 14
779 14
780 13
781 11
782 12
783 14
784 13
785 12
786 12
787 10
788 9
789 8
790 9
791 10
792 10
793 10
794 12
795 13
796 10
797 10
798 12
799 12
800 12
801 11
802 10
803 10
804 9
805 11
806 8
807 9
808 12
809 10
810 10
811 11
812 14
813 14
814 14
815 14
816 11
817 10
818 9
819 9
820 10
821 10
822 9
823 12
824 11
825 13
826 13
827 11
828 12
829 11
830 9
831 10
832 12
833 14
834 14
835 15
836 14
837 13
838 13
839 14
840 12
841 11
842 13
843 13
844 14
845 13
846 12
847 12
848 12
849 11
850 11
851 11
852 11
853 11
854 13
855 13
856 13
857 14
858 13
859 13
860 12
861 12
862 13
863 13
864 15
865 12
866 13
867 14
868 13
869 11
870 12
871 13
872 14
873 14
874 14
875 12
876 12
877 11
878 11
879 12
880 12
881 10
882 14
883 13
884 11
885 10
886 11
887 11
888 9
889 10
890 10
891 12
892 12
893 11
894 11
895 12
896 14
897 14
898 15
899 13
900 14
901 11
902 10
903 8
904 10
905 9
906 9
907 11
908 11
909 12
910 13
911 13
912 10
913 11
914 12
915 12
916 11
917 11
918 11
919 11
920 10
921 8
922 10
923 11
924 11
925 12
926 10
927 12
928 13
929 13
930 13
931 14
932 13
933 11
934 11
935 11
936 11
937 12
938 14
939 14
940 13
941 14
942 11
943 10
944 9
945 12
946 12
947 12
948 14
949 15
950 14
951 14
952 13
953 12
954 11
955 10
956 8
957 10
958 11
959 12
960 12
961 13
962 13
963 13
964 14
965 14
966 14
967 13
968 13
969 11
970 9
971 10
972 10
973 11
974 13
975 15
976 14
977 14
978 13
979 11
980 11
981 12
982 14
983 14
984 12
985 10
986 9
987 9
988 11
989 12
990 13
991 13
992 11
993 10
994 10
995 9
996 11
997 10
998 10
999 10
1000 10
