0 85
1 72
2 58
3 59
4 59
5 59
6 59
7 55
8 53
9 53
10 51
11 50
12 54
13 52
14 51
15 54
16 52
17 52
18 56
19 56
20 58
21 55
22 56
23 55
24 56
25 55
26 53
27 54
28 53
29 51
30 49
31 50
32 52
33 58
34 58
35 54
36 54
37 55
38 58
39 53
40 52
41 53
42 55
43 55
44 53
45 53
46 58
47 53
48 53
49 54
50 51
51 53
52 53
53 49
54 55
55 59
56 57
57 58
58 57
59 55
60 54
61 52
62 52
63 54
64 57
65 55
66 54
67 49
68 55
69 53
70 53
71 54
72 56
73 56
74 57
75 53
76 51
77 55
78 57
79 56
80 56
81 55
82 58
83 54
84 52
85 58
86 56
87 56
88 50
89 49
90 57
91 55
92 54
93 57
94 57
95 53
96 56
97 55
98 55
99 53
100 54
101 53
102 54
103 55
104 50
105 51
106 51
107 57
108 56
109 55
110 54
111 51
112 49
113 56
114 57
115 55
116 53
117 54
118 57
119 58
120 60
121 58
122 55
123 56
124 54
125 58
126 54
127 54
128 55
129 57
130 48
131 55
132 55
133 53
134 53
135 58
136 53
137 57
138 56
139 58
140 61
141 61
142 63
143 61
144 56
145 55
146 58
147 57
148 55
149 59
150 63
151 60
152 55
153 54
154 56
155 53
156 51
157 53
158 53
159 53
160 54
161 57
162 58
163 58
164 60
165 56
166 57
167 57
168 54
169 57
170 55
171 55
172 54
173 48
174 52
175 54
176 53
177 53
178 55
179 54
180 54
181 54
182 50
183 55
184 57
185 53
186 53
187 47
188 49
189 52
190 56
191 58
192 54
193 57
194 54
195 51
196 56
197 56
198 52
199 54
200 46
201 47
202 45
203 50
204 53
205 52
206 51
207 53
208 54
209 55
210 55
211 58
212 58
213 57
214 60
215 55
216 56
217 57
218 55
219 57
220 58
221 61
222 58
223 61
224 59
225 53
226 56
227 54
228 56
229 54
230 58
231 57
232 58
233 56
234 56
235 56
236 52
237 52
238 56
239 57
240 55
241 53
242 54
243 53
244 54
245 54
246 56
247 56
248 52
249 53
250 51
251 51
252 51
253 54
254 57
255 52
256 50
257 50
258 50
259 57
260 57
261 58
262 50
263 52
264 57
265 56
266 57
267 58
268 61
269 56
270 54
271 53
272 54
273 54
274 50
275 53
276 57
277 55
278 56
279 52
280 47
281 53
282 56
283 59
284 55
285 53
286 54
287 54
288 50
289 52
290 51
291 53
292 54
293 53
294 54
295 57
296 51
297 55
298 56
299 52
300 55
301 53
302 54
303 51
304 50
305 52
306 58
307 57
308 57
309 59
310 58
311 57
312 57
313 59
314 57
315 55
316 58
317 52
318 53
319 56
320 56
321 49
322 50
323 52
324 51
325 54
326 52
327 52
328 52
329 48
330 51
331 50
332 57
333 57
334 55
335 55
336 57
337 60
338 58
339 54
340 57
341 55
342 55
343 58
344 59
345 61
346 58
347 56
348 50
349 55
350 55
351 57
352 56
353 57
354 54
355 53
356 59
357 56
358 58
359 58
360 60
361 60
362 60
363 59
364 58
365 56
366 52
367 54
368 52
369 52
370 53
371 54
372 55
373 56
374 55
375 46
376 49
377 49
378 55
379 54
380 53
381 55
382 52
383 55
384 56
385 59
386 54
387 54
388 57
389 56
390 51
391 52
392 58
393 54
394 51
395 53
396 55
397 56
398 53
399 57
400 58
401 58
402 55
403 50
404 53
405 53
406 51
407 50
408 56
409 60
410 57
411 54
412 52
413 52
414 54
415 52
416 55
417 52
418 54
419 52
420 49
421 56
422 59
423 55
424 51
425 53
426 54
427 53
428 59
429 60
430 55
431 57
432 59
433 57
434 54
435 52
436 53
437 54
438 58
439 59
440 60
441 59
442 56
443 59
444 55
445 56
446 55
447 53
448 54
449 52
450 53
451 55
452 58
453 59
454 54
455 51
456 47
457 53
458 54
459 57
460 53
461 52
462 53
463 54
464 54
465 52
466 51
467 52
468 51
469 49
470 50
471 56
472 54
473 57
474 57
475 56
476 55
477 57
478 55
479 57
480 53
481 53
482 54
483 58
484 59
485 51
486 51
487 52
488 55
489 58
490 55
491 54
492 57
493 56
494 58
495 54
496 55
497 59
498 50
499 52
500 52
501 50
502 48
503 51
504 53
505 54
506 57
507 56
508 50
509 48
510 53
511 54
512 57
513 56
514 56
515 52
516 56
517 61
518 61
519 54
520 57
521 59
522 57
523 56
524 58
525 57
526 57
527 56
528 53
529 55
530 54
531 55
532 53
533 54
534 56
535 57
536 58
537 56
538 56
539 59
540 59
541 61
542 57
543 52
544 53
545 56
546 51
547 52
548 54
549 54
550 58
551 54
552 56
553 57
554 57
555 58
556 55
557 56
558 55
559 58
560 56
561 60
562 55
563 55
564 48
565 49
566 54
567 60
568 58
569 57
570 54
571 56
572 57
573 55
574 53
575 53
576 52
577 50
578 51
579 53
580 52
581 49
582 53
583 52
584 51
585 51
586 56
587 55
588 55
589 54
590 53
591 56
592 55
593 55
594 56
595 56
596 57
597 56
598 58
599 55
600 49
601 52
602 51
603 53
604 57
605 55
606 55
607 59
608 55
609 53
610 53
611 54
612 58
613 58
614 55
615 59
616 56
617 53
618 51
619 55
620 57
621 59
622 54
623 56
624 57
625 53
626 55
627 54
628 54
629 55
630 53
631 52
632 52
633 55
634 59
635 49
636 50
637 50
638 53
639 56
640 56
641 61
642 58
643 57
644 54
645 60
646 56
647 56
648 53
649 51
650 53
651 54
652 52
653 50
654 55
655 54
656 51
657 56
658 55
659 53
660 51
661 49
662 47
663 50
664 52
665 52
666 58
667 56
668 51
669 53
670 57
671 58
672 56
673 54
674 56
675 57
676 54
677 49
678 54
679 53
680 51
681 52
682 49
683 54
684 57
685 54
686 54
687 53
688 50
689 49
690 55
691 50
692 51
693 52
694 54
695 53
696 58
697 54
698 51
699 53
700 50
701 54
702 56
703 59
704 58
705 57
706 57
707 56
708 54
709 58
710 60
711 57
712 57
713 61
714 58
715 59
716 58
717 52
718 53
719 55
720 51
721 55
722 53
723 53
724 57
725 56
726 54
727 56
728 56
729 57
730 53
731 56
732 54
733 54
734 52
735 52
736 49
737 49
738 52
739 56
740 55
741 53
742 54
743 52
744 54
745 55
746 57
747 59
748 58
749 57
750 56
751 56
752 56
753 54
754 53
755 52
756 54
757 58
758 59
759 56
760 56
761 54
762 54
763 57
764 59
765 56
766 57
767 56
768 59
769 58
770 57
771 58
772 55
773 52
774 50
775 54
776 57
777 58
778 58
779 52
780 50
781 55
782 57
783 55
784 55
785 55
786 57
787 52
788 55
789 57
790 59
791 55
792 53
793 52
794 52
795 51
796 49
797 56
798 51
799 54
800 53
801 54
802 52
803 55
804 53
805 56
806 52
807 52
808 53
809 58
810 57
811 54
812 56
813 52
814 55
815 57
816 57
817 56
818 51
819 56
820 54
821 51
822 53
823 53
824 55
825 57
826 55
827 50
828 45
829 49
830 50
831 55
832 55
833 56
834 53
835 53
836 53
837 53
838 58
839 55
840 57
841 56
842 53
843 55
844 58
845 61
846 55
847 53
848 53
849 54
850 52
851 51
852 53
853 51
854 55
855 55
856 57
857 52
858 52
859 53
860 52
861 55
862 53
863 52
864 50
865 50
866 57
867 57
868 59
869 61
870 56
871 52
872 55
873 57
874 56
875 58
876 52
877 49
878 54
879 55
880 54
881 56
882 51
883 51
884 53
885 56
886 59
887 57
888 61
889 57
890 57
891 55
892 55
893 59
894 57
895 53
896 56
897 58
898 59
899 55
900 55
901 57
902 56
903 52
904 50
905 55
906 58
907 60
908 60
909 63
910 58
911 58
912 53
913 53
914 56
915 58
916 59
917 52
918 50
919 51
920 56
921 54
922 55
923 55
924 57
925 59
926 56
927 54
928 52
929 53
930 59
931 55
932 55
933 56
934 58
935 56
936 57
937 57
938 57
939 58
940 57
941 56
942 57
943 54
944 55
945 52
946 57
947 54
948 56
949 57
950 59
951 57
952 57
953 56
954 52
955 52
956 55
957 54
958 56
959 55
960 56
961 57
962 54
963 54
964 56
965 56
966 51
967 51
968 56
969 57
970 53
971 49
972 48
973 53
974 53
975 54
976 57
977 60
978 55
979 54
980 52
981 52
982 55
983 55
984 55
985 58
986 55
987 54
988 54
989 56
990 55
991 54
992 58
993 55
994 53
995 49
996 55
997 56
998 55
999 57
1000 50
