0 5
1 2
2 2
3 2
4 3
5 1
6 2
7 2
8 2
9 1
10 2
11 2
12 2
13 3
14 2
15 2
16 1
17 2
18 2
19 2
20 0
21 2
22 3
23 2
24 3
25 1
26 2
27 3
28 1
29 3
30 3
31 4
32 2
33 1
34 2
35 2
36 1
37 3
38 2
39 3
40 2
41 1
42 1
43 1
44 2
45 2
46 2
47 2
48 2
49 2
50 2
51 2
52 3
53 3
54 2
55 3
56 2
57 1
58 2
59 0
60 2
61 3
62 3
63 2
64 0
65 3
66 2
67 2
68 2
69 0
70 3
71 2
72 2
73 2
74 3
75 1
76 2
77 3
78 3
79 3
80 2
81 2
82 3
83 3
84 2
85 2
86 1
87 2
88 2
89 2
90 2
91 3
92 1
93 1
94 3
95 2
96 1
97 2
98 1
99 2
100 2
101 2
102 2
103 2
104 1
105 2
106 1
107 2
108 3
109 1
110 2
111 1
112 2
113 3
114 3
115 2
116 2
117 2
118 3
119 3
120 2
121 2
122 2
123 2
124 3
125 1
126 2
127 3
128 2
129 1
130 1
131 2
132 1
133 1
134 1
135 2
136 3
137 2
138 2
139 1
140 2
141 2
142 1
143 4
144 2
145 1
146 3
147 2
148 1
149 2
150 2
151 2
152 2
153 2
154 2
155 2
156 2
157 2
158 2
159 2
160 3
161 2
162 2
163 1
164 1
165 2
166 2
167 2
168 2
169 3
170 2
171 2
172 1
173 1
174 2
175 3
176 3
177 0
178 2
179 2
180 1
181 2
182 3
183 3
184 0
185 1
186 2
187 2
188 2
189 2
190 3
191 3
192 2
193 3
194 2
195 2
196 2
197 3
198 3
199 1
200 2
201 3
202 2
203 1
204 2
205 2
206 2
207 2
208 2
209 3
210 2
211 2
212 2
213 3
214 3
215 2
216 3
217 2
218 2
219 2
220 2
221 2
222 2
223 1
224 3
225 3
226 1
227 1
228 2
229 1
230 2
231 2
232 1
233 0
234 1
235 3
236 1
237 2
238 0
239 1
240 3
241 3
242 3
243 2
244 3
245 3
246 2
247 3
248 2
249 3
250 3
251 2
252 2
253 3
254 3
255 2
256 2
257 2
258 3
259 3
260 2
261 1
262 3
263 2
264 2
265 1
266 2
267 2
268 3
269 3
270 2
271 3
272 3
273 3
274 3
275 3
276 2
277 2
278 1
279 2
280 2
281 2
282 2
283 3
284 2
285 2
286 3
287 3
288 1
289 3
290 3
291 3
292 2
293 3
294 2
295 2
296 1
297 2
298 1
299 2
300 3
301 2
302 2
303 2
304 1
305 2
306 2
307 3
308 2
309 3
310 1
311 1
312 2
313 2
314 2
315 3
316 2
317 2
318 1
319 3
320 3
321 2
322 2
323 2
324 2
325 1
326 0
327 1
328 1
329 1
330 2
331 1
332 1
333 2
334 2
335 1
336 4
337 3
338 2
339 3
340 2
341 1
342 3
343 3
344 3
345 2
346 3
347 2
348 2
349 3
350 3
351 3
352 3
353 2
354 0
355 2
356 2
357 2
358 2
359 2
360 3
361 3
362 2
363 1
364 2
365 2
366 2
367 2
368 2
369 2
370 1
371 2
372 3
373 3
374 2
375 3
376 3
377 2
378 2
379 1
380 1
381 2
382 2
383 2
384 3
385 1
386 0
387 3
388 3
389 2
390 2
391 3
392 3
393 3
394 3
395 3
396 3
397 3
398 2
399 3
400 1
401 2
402 3
403 2
404 1
405 3
406 2
407 2
408 2
409 3
410 2
411 3
412 3
413 3
414 3
415 3
416 1
417 2
418 1
419 1
420 2
421 2
422 2
423 3
424 1
425 1
426 2
427 3
428 3
429 2
430 2
431 2
432 3
433 3
434 2
435 1
436 2
437 1
438 3
439 2
440 2
441 2
442 2
443 2
444 3
445 2
446 1
447 1
448 2
449 2
450 4
451 3
452 2
453 2
454 2
455 2
456 2
457 3
458 2
459 2
460 2
461 3
462 2
463 2
464 2
465 1
466 2
467 2
468 3
469 3
470 3
471 1
472 2
473 2
474 2
475 3
476 2
477 1
478 2
479 2
480 1
481 2
482 2
483 2
484 3
485 2
486 3
487 2
488 2
489 3
490 1
491 3
492 2
493 2
494 3
495 2
496 3
497 1
498 2
499 2
500 2
501 2
502 2
503 3
504 3
505 2
506 3
507 1
508 3
509 3
510 3
511 2
512 2
513 2
514 2
515 2
516 2
517 2
518 1
519 2
520 2
521 2
522 1
523 1
524 3
525 3
526 2
527 1
528 3
529 2
530 3
531 2
532 4
533 2
534 3
535 2
536 2
537 3
538 3
539 3
540 2
541 2
542 1
543 0
544 2
545 2
546 2
547 2
548 2
549 1
550 3
551 2
552 2
553 2
554 2
555 2
556 2
557 2
558 3
559 2
560 1
561 2
562 1
563 2
564 2
565 2
566 3
567 2
568 1
569 2
570 3
571 4
572 2
573 2
574 2
575 1
576 2
577 1
578 2
579 2
580 2
581 2
582 3
583 2
584 2
585 2
586 1
587 2
588 1
589 2
590 2
591 3
592 3
593 2
594 2
595 3
596 2
597 3
598 2
599 3
600 2
601 2
602 3
603 3
604 1
605 1
606 2
607 2
608 2
609 3
610 3
611 2
612 2
613 3
614 2
615 2
616 2
617 2
618 2
619 4
620 3
621 2
622 2
623 2
624 3
625 2
626 2
627 3
628 3
629 2
630 3
631 3
632 2
633 2
634 1
635 2
636 3
637 3
638 2
639 2
640 3
641 2
642 3
643 2
644 2
645 1
646 2
647 2
648 2
649 3
650 2
651 1
652 3
653 3
654 3
655 3
656 2
657 2
658 2
659 2
660 2
661 2
662 3
663 2
664 3
665 2
666 2
667 2
668 3
669 1
670 2
671 2
672 2
673 2
674 2
675 2
676 3
677 2
678 2
679 3
680 3
681 1
682 2
683 3
684 2
685 2
686 3
687 2
688 1
689 2
690 3
691 2
692 2
693 2
694 3
695 2
696 3
697 2
698 2
699 1
700 2
701 0
702 1
703 2
704 2
705 2
706 2
707 2
708 2
709 2
710 1
711 2
712 3
713 3
714 1
715 1
716 3
717 2
718 1
719 2
720 1
721 2
722 2
723 0
724 1
725 2
726 3
727 2
728 3
729 3
730 3
731 3
732 1
733 2
734 1
735 0
736 2
737 2
738 2
739 2
740 3
741 2
742 2
743 2
744 3
745 2
746 2
747 1
748 1
749 2
750 1
751 1
752 2
753 2
754 2
755 3
756 1
757 2
758 2
759 1
760 2
761 3
762 1
763 3
764 1
765 1
766 2
767 1
768 3
769 2
770 3
771 3
772 2
773 3
774 2
775 3
776 2
777 3
778 2
779 2
780 3
781 2
782 3
783 2
784 2
785 1
786 2
787 1
788 2
789 2
790 2
791 3
792 3
793 3
794 3
795 3
796 1
797 1
798 1
799 2
800 1
801 3
802 3
803 3
804 2
805 2
806 3
807 2
808 2
809 3
810 2
811 2
812 2
813 2
814 1
815 2
816 2
817 2
818 1
819 2
820 3
821 2
822 1
823 2
824 2
825 3
826 2
827 2
828 3
829 2
830 3
831 1
832 1
833 1
834 1
835 3
836 2
837 3
838 2
839 3
840 2
841 2
842 2
843 1
844 2
845 2
846 2
847 1
848 2
849 3
850 2
851 2
852 1
853 1
854 1
855 2
856 2
857 2
858 3
859 3
860 3
861 3
862 3
863 2
864 3
865 2
866 2
867 3
868 2
869 2
870 2
871 2
872 2
873 2
874 3
875 2
876 2
877 2
878 3
879 3
880 2
881 2
882 2
883 1
884 3
885 1
886 2
887 2
888 2
889 3
890 1
891 2
892 2
893 3
894 2
895 3
896 2
897 1
898 1
899 1
900 1
901 2
902 2
903 3
904 3
905 2
906 3
907 3
908 3
909 2
910 2
911 2
912 2
913 3
914 1
915 2
916 3
917 3
918 3
919 2
920 3
921 4
922 1
923 3
924 3
925 2
926 2
927 1
928 1
929 2
930 3
931 1
932 2
933 3
934 1
935 2
936 2
937 1
938 1
939 2
940 3
941 3
942 2
943 2
944 2
945 1
946 1
947 2
948 2
949 2
950 2
951 1
952 0
953 1
954 2
955 2
956 2
957 2
958 3
959 3
960 2
961 2
962 2
963 3
964 2
965 2
966 3
967 1
968 2
969 2
970 1
971 2
972 1
973 2
974 2
975 3
976 3
977 2
978 2
979 2
980 2
981 2
982 2
983 3
984 2
985 0
986 2
987 1
988 2
989 2
990 2
991 2
992 3
993 2
994 2
995 2
996 1
997 1
998 2
999 3
1000 2
