0 55
1 52
2 48
3 45
4 43
5 41
6 38
7 35
8 33
9 34
10 32
11 31
12 29
13 29
14 28
15 26
16 26
17 25
18 25
19 24
20 24
21 22
22 23
23 22
24 22
25 23
26 23
27 22
28 23
29 24
30 25
31 27
32 27
33 30
34 32
35 32
36 30
37 29
38 30
39 29
40 31
41 31
42 30
43 25
44 26
45 27
46 25
47 25
48 25
49 25
50 24
51 27
52 27
53 26
54 26
55 22
56 24
57 25
58 25
59 27
60 27
61 27
62 28
63 29
64 28
65 28
66 28
67 26
68 27
69 26
70 25
71 24
72 24
73 24
74 26
75 24
76 25
77 23
78 23
79 22
80 23
81 23
82 23
83 24
84 25
85 26
86 26
87 24
88 24
89 24
90 24
91 22
92 23
93 24
94 26
95 27
96 28
97 30
98 30
99 29
100 28
101 27
102 27
103 27
104 26
105 27
106 25
107 26
108 25
109 25
110 27
111 23
112 24
113 24
114 25
115 26
116 27
117 28
118 30
119 30
120 29
121 28
122 27
123 24
124 23
125 23
126 25
127 25
128 26
129 29
130 30
131 31
132 31
133 30
134 30
135 30
136 29
137 30
138 28
139 29
140 27
141 26
142 26
143 25
144 24
145 24
146 25
147 25
148 25
149 23
150 26
151 27
152 26
153 26
154 24
155 24
156 24
157 25
158 25
159 26
160 25
161 27
162 28
163 30
164 32
165 30
166 30
167 29
168 29
169 27
170 28
171 28
172 29
173 27
174 27
175 27
176 26
177 27
178 28
179 27
180 27
181 24
182 23
183 22
184 24
185 24
186 25
187 25
188 21
189 21
190 22
191 24
192 22
193 24
194 24
195 24
196 27
197 28
198 28
199 28
200 29
201 29
202 30
203 32
204 30
205 29
206 29
207 27
208 27
209 28
210 29
211 30
212 29
213 28
214 25
215 26
216 24
217 22
218 23
219 24
220 24
221 24
222 24
223 23
224 23
225 23
226 23
227 23
228 24
229 24
230 25
231 25
232 27
233 27
234 27
235 27
236 26
237 26
238 26
239 26
240 27
241 24
242 25
243 27
244 27
245 28
246 25
247 26
248 26
249 27
250 25
251 27
252 26
253 27
254 28
255 28
256 28
257 29
258 29
259 27
260 27
261 28
262 29
263 30
264 29
265 28
266 30
267 30
268 28
269 29
270 25
271 26
272 27
273 28
274 27
275 28
276 29
277 27
278 27
279 26
280 26
281 27
282 26
283 26
284 25
285 24
286 23
287 24
288 22
289 19
290 20
291 22
292 21
293 22
294 23
295 21
296 20
297 20
298 22
299 23
300 24
301 24
302 25
303 26
304 25
305 24
306 26
307 27
308 28
309 30
310 30
311 30
312 27
313 29
314 28
315 30
316 29
317 28
318 28
319 28
320 28
321 26
322 25
323 25
324 25
325 22
326 23
327 22
328 24
329 23
330 21
331 22
332 22
333 22
334 23
335 26
336 25
337 27
338 26
339 27
340 28
341 28
342 27
343 27
344 26
345 28
346 28
347 28
348 28
349 28
350 27
351 27
352 28
353 28
354 28
355 28
356 27
357 28
358 27
359 27
360 25
361 26
362 26
363 25
364 28
365 27
366 26
367 24
368 21
369 21
370 22
371 22
372 20
373 21
374 21
375 21
376 23
377 21
378 20
379 21
380 23
381 24
382 24
383 23
384 24
385 24
386 22
387 25
388 25
389 26
390 28
391 27
392 27
393 26
394 25
395 26
396 25
397 26
398 26
399 27
400 26
401 25
402 26
403 27
404 24
405 22
406 23
407 24
408 26
409 27
410 29
411 28
412 29
413 29
414 27
415 27
416 26
417 27
418 28
419 28
420 26
421 28
422 27
423 26
424 24
425 25
426 26
427 26
428 26
429 26
430 26
431 27
432 27
433 25
434 25
435 25
436 25
437 24
438 24
439 25
440 25
441 24
442 25
443 22
444 21
445 23
446 23
447 23
448 21
449 24
450 24
451 25
452 24
453 24
454 25
455 25
456 25
457 25
458 24
459 24
460 27
461 29
462 29
463 28
464 27
465 26
466 26
467 28
468 26
469 25
470 26
471 28
472 29
473 29
474 31
475 30
476 30
477 31
478 31
479 30
480 28
481 28
482 27
483 28
484 28
485 28
486 28
487 31
488 30
489 27
490 27
491 28
492 30
493 26
494 28
495 26
496 27
497 27
498 29
499 30
500 30
501 30
502 31
503 30
504 30
505 30
506 32
507 29
508 26
509 26
510 24
511 24
512 26
513 26
514 26
515 25
516 25
517 25
518 26
519 26
520 27
521 26
522 27
523 28
524 28
525 27
526 26
527 26
528 28
529 26
530 27
531 26
532 28
533 28
534 26
535 25
536 25
537 24
538 24
539 24
540 25
541 26
542 26
543 26
544 24
545 25
546 26
547 26
548 24
549 23
550 21
551 23
552 23
553 23
554 23
555 21
556 23
557 22
558 25
559 24
560 25
561 24
562 23
563 23
564 26
565 24
566 25
567 25
568 25
569 26
570 26
571 25
572 24
573 24
574 23
575 24
576 26
577 25
578 24
579 22
580 23
581 24
582 25
583 26
584 26
585 26
586 26
587 28
588 27
589 28
590 29
591 28
592 28
593 27
594 25
595 25
596 24
597 25
598 23
599 23
600 23
601 24
602 24
603 26
604 25
605 25
606 26
607 24
608 24
609 24
610 25
611 25
612 25
613 27
614 28
615 28
616 29
617 29
618 27
619 26
620 29
621 30
622 29
623 31
624 31
625 31
626 31
627 30
628 32
629 31
630 32
631 31
632 32
633 32
634 32
635 34
636 33
637 31
638 31
639 30
640 28
641 28
642 27
643 26
644 28
645 27
646 26
647 26
648 23
649 24
650 25
651 27
652 24
653 25
654 26
655 25
656 25
657 27
658 26
659 24
660 25
661 26
662 28
663 27
664 25
665 27
666 30
667 31
668 31
669 31
670 32
671 30
672 29
673 29
674 28
675 26
676 25
677 27
678 26
679 26
680 26
681 27
682 28
683 28
684 28
685 28
686 29
687 30
688 28
689 28
690 28
691 28
692 26
693 26
694 26
695 26
696 27
697 27
698 26
699 28
700 27
701 28
702 28
703 28
704 27
705 28
706 26
707 25
708 24
709 25
710 25
711 26
712 26
713 26
714 26
715 29
716 29
717 29
718 27
719 29
720 31
721 29
722 26
723 24
724 24
725 24
726 25
727 25
728 24
729 28
730 29
731 28
732 28
733 29
734 29
735 29
736 27
737 29
738 28
739 28
740 28
741 29
742 23
743 25
744 25
745 25
746 24
747 24
748 23
749 24
750 23
751 23
752 23
753 22
754 24
755 23
756 22
757 22
758 21
759 22
760 23
761 21
762 20
763 22
764 19
765 20
766 21
767 21
768 22
769 19
770 20
771 21
772 22
773 21
774 22
775 23
776 24
777 24
778 23
779 25
780 25
781 24
782 24
783 26
784 26
785 24
786 23
787 23
788 23
789 24
790 24
791 21
792 22
793 25
794 24
795 23
796 25
797 23
798 25
799 25
800 25
801 24
802 27
803 27
804 26
805 25
806 25
807 25
808 24
809 26
810 27
811 28
812 29
813 29
814 28
815 28
816 27
817 27
818 26
819 27
820 28
821 27
822 27
823 27
824 28
825 26
826 25
827 25
828 25
829 23
830 23
831 22
832 21
833 22
834 22
835 21
836 21
837 22
838 23
839 24
840 24
841 21
842 21
843 21
844 21
845 22
846 26
847 25
848 25
849 25
850 24
851 22
852 23
853 23
854 26
855 24
856 24
857 26
858 25
859 24
860 25
861 25
862 26
863 26
864 25
865 23
866 23
867 24
868 25
869 24
870 25
871 27
872 27
873 25
874 26
875 27
876 27
877 27
878 25
879 25
880 25
881 24
882 21
883 23
884 24
885 25
886 25
887 26
888 24
889 24
890 24
891 23
892 24
893 25
894 26
895 27
896 27
897 28
898 29
899 28
900 29
901 28
902 27
903 29
904 30
905 28
906 28
907 28
908 26
909 26
910 27
911 27
912 26
913 26
914 29
915 28
916 28
917 29
918 29
919 26
920 26
921 26
922 28
923 28
924 28
925 27
926 27
927 27
928 25
929 21
930 20
931 22
932 23
933 26
934 25
935 26
936 27
937 26
938 25
939 25
940 25
941 24
942 24
943 23
944 22
945 23
946 21
947 23
948 24
949 22
950 23
951 22
952 22
953 22
954 25
955 24
956 22
957 22
958 21
959 22
960 22
961 24
962 24
963 25
964 26
965 28
966 27
967 26
968 26
969 25
970 25
971 28
972 29
973 29
974 29
975 29
976 29
977 31
978 31
979 30
980 26
981 26
982 28
983 28
984 27
985 27
986 26
987 25
988 27
989 26
990 28
991 28
992 29
993 28
994 30
995 31
996 31
997 30
998 30
999 30
1000 30
