0 85
1 82
2 79
3 77
4 73
5 71
6 70
7 68
8 67
9 65
10 63
11 60
12 59
13 58
14 57
15 56
16 54
17 53
18 52
19 51
20 50
21 49
22 48
23 47
24 45
25 44
26 44
27 44
28 44
29 44
30 42
31 41
32 40
33 39
34 39
35 38
36 37
37 37
38 36
39 36
40 36
41 36
42 36
43 35
44 35
45 34
46 33
47 31
48 30
49 30
50 29
51 29
52 29
53 29
54 28
55 28
56 29
57 28
58 28
59 27
60 27
61 27
62 25
63 26
64 25
65 24
66 24
67 24
68 25
69 24
70 24
71 24
72 24
73 24
74 24
75 22
76 22
77 22
78 22
79 22
80 22
81 22
82 22
83 23
84 22
85 22
86 22
87 22
88 22
89 21
90 22
91 21
92 20
93 20
94 20
95 21
96 20
97 20
98 20
99 20
100 20
101 20
102 20
103 20
104 20
105 18
106 18
107 18
108 18
109 19
110 19
111 20
112 21
113 22
114 23
115 22
116 23
117 22
118 22
119 22
120 22
121 21
122 20
123 20
124 20
125 21
126 21
127 21
128 21
129 22
130 22
131 23
132 23
133 23
134 23
135 23
136 23
137 23
138 24
139 24
140 24
141 23
142 23
143 23
144 22
145 22
146 21
147 20
148 19
149 19
150 19
151 19
152 19
153 19
154 19
155 20
156 19
157 20
158 19
159 19
160 19
161 19
162 19
163 19
164 19
165 19
166 18
167 15
168 15
169 16
170 16
171 16
172 16
173 16
174 16
175 17
176 18
177 18
178 18
179 19
180 19
181 19
182 18
183 18
184 17
185 16
186 16
187 15
188 15
189 15
190 16
191 17
192 16
193 16
194 16
195 14
196 14
197 14
198 15
199 13
200 13
201 14
202 15
203 15
204 15
205 15
206 15
207 15
208 15
209 15
210 15
211 16
212 15
213 14
214 14
215 15
216 15
217 15
218 14
219 14
220 15
221 14
222 14
223 14
224 14
225 14
226 14
227 14
228 15
229 14
230 14
231 14
232 14
233 14
234 15
235 15
236 15
237 14
238 14
239 15
240 16
241 17
242 18
243 17
244 17
245 17
246 17
247 17
248 17
249 17
250 18
251 18
252 19
253 19
254 20
255 20
256 19
257 19
258 20
259 19
260 20
261 20
262 20
263 20
264 19
265 18
266 20
267 20
268 20
269 21
270 21
271 21
272 20
273 20
274 20
275 20
276 20
277 21
278 20
279 22
280 22
281 21
282 20
283 22
284 22
285 22
286 22
287 22
288 22
289 21
290 21
291 21
292 21
293 20
294 20
295 20
296 21
297 21
298 22
299 22
300 22
301 22
302 22
303 22
304 22
305 22
306 22
307 22
308 21
309 21
310 21
311 21
312 21
313 21
314 22
315 21
316 21
317 21
318 21
319 21
320 21
321 21
322 21
323 19
324 19
325 19
326 19
327 20
328 20
329 21
330 21
331 21
332 21
333 21
334 21
335 21
336 21
337 21
338 21
339 21
340 22
341 22
342 22
343 21
344 21
345 22
346 22
347 22
348 23
349 23
350 23
351 23
352 23
353 23
354 23
355 23
356 23
357 23
358 22
359 22
360 21
361 22
362 21
363 20
364 20
365 20
366 19
367 19
368 19
369 20
370 21
371 20
372 20
373 20
374 18
375 19
376 19
377 20
378 21
379 21
380 21
381 21
382 21
383 21
384 21
385 21
386 21
387 20
388 19
389 17
390 17
391 16
392 17
393 18
394 18
395 16
396 16
397 16
398 16
399 17
400 17
401 17
402 18
403 18
404 18
405 18
406 18
407 18
408 18
409 17
410 17
411 17
412 18
413 17
414 17
415 17
416 17
417 17
418 16
419 15
420 15
421 15
422 15
423 15
424 15
425 15
426 16
427 17
428 18
429 19
430 19
431 19
432 19
433 17
434 17
435 18
436 18
437 16
438 15
439 15
440 16
441 16
442 16
443 16
444 15
445 15
446 14
447 13
448 14
449 14
450 14
451 14
452 13
453 13
454 13
455 13
456 12
457 13
458 13
459 15
460 15
461 15
462 15
463 15
464 16
465 16
466 17
467 17
468 17
469 16
470 16
471 16
472 17
473 17
474 17
475 18
476 17
477 16
478 17
479 17
480 16
481 17
482 17
483 17
484 16
485 15
486 15
487 16
488 16
489 16
490 15
491 15
492 14
493 14
494 15
495 16
496 16
497 16
498 16
499 16
500 16
501 16
502 17
503 17
504 17
505 18
506 18
507 18
508 19
509 19
510 19
511 18
512 18
513 18
514 18
515 18
516 18
517 19
518 19
519 19
520 19
521 19
522 20
523 21
524 21
525 21
526 21
527 21
528 21
529 19
530 19
531 19
532 18
533 17
534 17
535 18
536 19
537 18
538 18
539 18
540 16
541 16
542 16
543 17
544 17
545 17
546 17
547 18
548 17
549 17
550 18
551 18
552 19
553 18
554 18
555 18
556 18
557 19
558 18
559 19
560 19
561 20
562 20
563 19
564 19
565 19
566 19
567 19
568 20
569 20
570 21
571 21
572 21
573 21
574 22
575 22
576 23
577 23
578 23
579 23
580 23
581 23
582 23
583 24
584 24
585 25
586 25
587 25
588 24
589 24
590 24
591 24
592 24
593 25
594 25
595 25
596 25
597 26
598 26
599 25
600 24
601 24
602 24
603 25
604 24
605 24
606 24
607 24
608 24
609 22
610 22
611 21
612 22
613 22
614 23
615 24
616 24
617 24
618 25
619 25
620 24
621 23
622 22
623 22
624 22
625 22
626 22
627 22
628 22
629 21
630 22
631 21
632 21
633 20
634 21
635 22
636 22
637 22
638 22
639 21
640 21
641 21
642 21
643 20
644 21
645 21
646 21
647 20
648 20
649 21
650 21
651 21
652 21
653 21
654 23
655 24
656 25
657 25
658 24
659 24
660 24
661 23
662 23
663 23
664 23
665 23
666 21
667 20
668 21
669 22
670 21
671 20
672 20
673 18
674 18
675 18
676 19
677 19
678 20
679 19
680 18
681 19
682 19
683 17
684 18
685 18
686 18
687 17
688 18
689 18
690 18
691 17
692 17
693 16
694 15
695 15
696 16
697 16
698 15
699 15
700 15
701 16
702 16
703 17
704 17
705 17
706 17
707 17
708 17
709 18
710 18
711 18
712 17
713 17
714 16
715 16
716 18
717 18
718 18
719 17
720 17
721 17
722 19
723 20
724 19
725 19
726 19
727 19
728 19
729 19
730 19
731 18
732 17
733 18
734 18
735 19
736 19
737 20
738 20
739 21
740 21
741 21
742 20
743 19
744 19
745 20
746 19
747 19
748 20
749 20
750 21
751 21
752 22
753 22
754 22
755 22
756 22
757 22
758 22
759 22
760 23
761 23
762 23
763 24
764 23
765 24
766 24
767 25
768 26
769 25
770 24
771 23
772 23
773 23
774 24
775 24
776 24
777 25
778 24
779 24
780 23
781 23
782 23
783 23
784 23
785 23
786 22
787 22
788 22
789 22
790 22
791 22
792 23
793 23
794 23
795 22
796 23
797 24
798 24
799 25
800 25
801 26
802 26
803 26
804 26
805 25
806 25
807 25
808 25
809 24
810 24
811 24
812 24
813 22
814 22
815 23
816 23
817 22
818 22
819 22
820 22
821 22
822 22
823 22
824 22
825 23
826 23
827 23
828 24
829 25
830 24
831 23
832 24
833 24
834 24
835 23
836 22
837 22
838 20
839 20
840 20
841 19
842 19
843 19
844 19
845 19
846 19
847 20
848 22
849 19
850 19
851 18
852 16
853 16
854 17
855 17
856 17
857 18
858 18
859 19
860 19
861 19
862 18
863 19
864 18
865 19
866 18
867 18
868 18
869 18
870 17
871 18
872 19
873 18
874 19
875 19
876 19
877 19
878 19
879 19
880 20
881 20
882 20
883 20
884 20
885 19
886 19
887 20
888 21
889 21
890 21
891 21
892 20
893 20
894 20
895 19
896 20
897 20
898 19
899 19
900 19
901 20
902 21
903 21
904 21
905 22
906 21
907 22
908 21
909 21
910 21
911 21
912 21
913 20
914 20
915 21
916 20
917 19
918 19
919 18
920 19
921 19
922 19
923 19
924 18
925 18
926 17
927 17
928 17
929 18
930 18
931 18
932 18
933 18
934 18
935 18
936 18
937 18
938 18
939 19
940 20
941 20
942 20
943 19
944 19
945 18
946 18
947 18
948 19
949 20
950 20
951 20
952 20
953 20
954 21
955 21
956 20
957 19
958 20
959 20
960 19
961 20
962 19
963 20
964 21
965 19
966 19
967 17
968 18
969 18
970 18
971 17
972 18
973 18
974 18
975 17
976 17
977 16
978 15
979 15
980 17
981 18
982 17
983 17
984 17
985 16
986 16
987 16
988 16
989 16
990 16
991 16
992 16
993 16
994 15
995 16
996 17
997 17
998 17
999 17
1000 17
