0 95
1 80
2 69
3 64
4 66
5 61
6 61
7 64
8 62
9 64
10 61
11 61
12 61
13 60
14 59
15 62
16 64
17 61
18 57
19 61
20 63
21 62
22 60
23 57
24 60
25 61
26 60
27 64
28 63
29 58
30 58
31 62
32 59
33 63
34 63
35 61
36 60
37 61
38 64
39 61
40 61
41 62
42 63
43 65
44 62
45 63
46 62
47 63
48 64
49 65
50 59
51 60
52 58
53 63
54 61
55 61
56 61
57 59
58 55
59 60
60 58
61 60
62 60
63 62
64 61
65 61
66 61
67 62
68 57
69 61
70 60
71 63
72 65
73 62
74 62
75 62
76 63
77 62
78 63
79 61
80 58
81 60
82 62
83 65
84 63
85 58
86 61
87 62
88 57
89 59
90 61
91 61
92 62
93 65
94 65
95 65
96 67
97 64
98 65
99 64
100 63
101 58
102 60
103 60
104 61
105 59
106 57
107 54
108 60
109 58
110 62
111 61
112 56
113 56
114 58
115 65
116 62
117 62
118 63
119 61
120 62
121 59
122 57
123 59
124 60
125 62
126 65
127 62
128 62
129 61
130 60
131 64
132 61
133 59
134 62
135 65
136 62
137 63
138 61
139 60
140 59
141 57
142 62
143 64
144 59
145 62
146 63
147 67
148 64
149 65
150 63
151 61
152 61
153 58
154 56
155 60
156 61
157 58
158 59
159 62
160 65
161 65
162 59
163 65
164 65
165 63
166 64
167 64
168 58
169 55
170 55
171 56
172 62
173 58
174 56
175 60
176 58
177 62
178 53
179 61
180 61
181 60
182 57
183 60
184 59
185 63
186 59
187 56
188 57
189 59
190 61
191 62
192 54
193 56
194 53
195 59
196 62
197 56
198 57
199 62
200 66
201 62
202 60
203 59
204 62
205 62
206 62
207 67
208 65
209 66
210 65
211 65
212 63
213 60
214 63
215 63
216 60
217 63
218 65
219 62
220 59
221 56
222 58
223 63
224 58
225 60
226 59
227 63
228 62
229 60
230 61
231 56
232 59
233 54
234 57
235 55
236 54
237 60
238 60
239 64
240 60
241 61
242 59
243 58
244 57
245 58
246 60
247 58
248 61
249 55
250 59
251 62
252 64
253 62
254 61
255 61
256 60
257 62
258 63
259 59
260 61
261 62
262 57
263 57
264 60
265 58
266 63
267 64
268 65
269 61
270 57
271 59
272 61
273 56
274 60
275 61
276 56
277 57
278 60
279 61
280 61
281 60
282 58
283 60
284 61
285 58
286 58
287 61
288 58
289 58
290 59
291 55
292 59
293 63
294 63
295 62
296 63
297 65
298 62
299 61
300 61
301 63
302 64
303 65
304 61
305 66
306 63
307 60
308 65
309 61
310 63
311 64
312 65
313 62
314 62
315 63
316 60
317 59
318 62
319 55
320 58
321 55
322 58
323 62
324 60
325 64
326 64
327 59
328 59
329 61
330 59
331 60
332 58
333 57
334 59
335 64
336 64
337 63
338 64
339 61
340 63
341 63
342 55
343 59
344 61
345 64
346 59
347 62
348 60
349 57
350 59
351 58
352 60
353 61
354 61
355 58
356 62
357 63
358 63
359 61
360 61
361 64
362 62
363 61
364 62
365 62
366 63
367 65
368 60
369 62
370 60
371 60
372 60
373 62
374 59
375 61
376 63
377 60
378 57
379 60
380 65
381 60
382 60
383 58
384 55
385 63
386 63
387 62
388 63
389 62
390 62
391 62
392 63
393 63
394 66
395 65
396 64
397 60
398 62
399 62
400 64
401 64
402 67
403 60
404 56
405 59
406 62
407 63
408 63
409 60
410 56
411 62
412 60
413 64
414 62
415 63
416 58
417 59
418 62
419 61
420 63
421 60
422 50
423 55
424 54
425 60
426 58
427 63
428 61
429 63
430 62
431 59
432 56
433 56
434 59
435 65
436 59
437 61
438 60
439 58
440 62
441 62
442 65
443 64
444 61
445 60
446 61
447 63
448 62
449 63
450 63
451 63
452 64
453 63
454 64
455 67
456 60
457 60
458 63
459 63
460 58
461 60
462 61
463 56
464 61
465 63
466 60
467 58
468 60
469 62
470 62
471 57
472 62
473 56
474 57
475 60
476 57
477 61
478 60
479 63
480 59
481 62
482 63
483 55
484 55
485 60
486 58
487 59
488 59
489 58
490 58
491 62
492 62
493 64
494 61
495 59
496 61
497 62
498 58
499 60
500 56
501 57
502 62
503 62
504 63
505 63
506 62
507 65
508 62
509 64
510 64
511 55
512 62
513 64
514 61
515 61
516 62
517 58
518 60
519 65
520 60
521 63
522 56
523 57
524 60
525 61
526 63
527 62
528 64
529 60
530 61
531 60
532 61
533 64
534 62
535 63
536 58
537 54
538 59
539 60
540 60
541 60
542 58
543 53
544 54
545 56
546 55
547 58
548 58
549 62
550 61
551 62
552 65
553 63
554 61
555 61
556 60
557 63
558 63
559 61
560 58
561 55
562 51
563 55
564 59
565 54
566 56
567 56
568 63
569 64
570 63
571 61
572 58
573 65
574 64
575 63
576 60
577 60
578 63
579 61
580 61
581 59
582 58
583 58
584 61
585 61
586 61
587 64
588 61
589 64
590 66
591 64
592 67
593 64
594 59
595 61
596 57
597 59
598 62
599 64
600 63
601 64
602 65
603 61
604 62
605 62
606 59
607 60
608 60
609 60
610 60
611 60
612 57
613 60
614 61
615 57
616 59
617 62
618 56
619 59
620 59
621 60
622 63
623 62
624 59
625 59
626 60
627 58
628 58
629 61
630 63
631 67
632 65
633 59
634 63
635 60
636 56
637 58
638 58
639 61
640 64
641 63
642 63
643 61
644 61
645 58
646 62
647 62
648 57
649 57
650 58
651 62
652 58
653 59
654 57
655 62
656 62
657 66
658 63
659 62
660 63
661 63
662 56
663 55
664 58
665 60
666 62
667 62
668 61
669 66
670 54
671 56
672 55
673 57
674 56
675 60
676 62
677 64
678 63
679 59
680 64
681 62
682 61
683 56
684 60
685 62
686 61
687 61
688 64
689 62
690 63
691 64
692 65
693 60
694 59
695 56
696 60
697 61
698 61
699 64
700 67
701 67
702 66
703 63
704 61
705 62
706 62
707 63
708 61
709 61
710 58
711 63
712 66
713 61
714 63
715 61
716 63
717 58
718 60
719 58
720 52
721 55
722 58
723 60
724 60
725 63
726 61
727 62
728 59
729 61
730 61
731 62
732 58
733 54
734 55
735 53
736 57
737 58
738 60
739 60
740 67
741 62
742 61
743 60
744 59
745 60
746 54
747 57
748 56
749 57
750 59
751 56
752 55
753 60
754 64
755 60
756 63
757 59
758 61
759 59
760 60
761 60
762 60
763 64
764 62
765 62
766 64
767 67
768 64
769 60
770 61
771 58
772 59
773 62
774 63
775 60
776 61
777 65
778 62
779 59
780 60
781 58
782 60
783 58
784 54
785 55
786 63
787 60
788 59
789 60
790 57
791 57
792 60
793 61
794 58
795 57
796 61
797 60
798 60
799 62
800 65
801 62
802 63
803 60
804 63
805 62
806 63
807 62
808 61
809 60
810 58
811 54
812 56
813 58
814 63
815 58
816 55
817 61
818 61
819 63
820 62
821 61
822 62
823 61
824 64
825 63
826 61
827 61
828 62
829 59
830 62
831 60
832 60
833 63
834 66
835 61
836 62
837 63
838 60
839 61
840 62
841 58
842 60
843 63
844 65
845 66
846 67
847 63
848 63
849 65
850 59
851 62
852 61
853 63
854 66
855 66
856 63
857 62
858 63
859 61
860 60
861 61
862 55
863 58
864 60
865 64
866 63
867 62
868 62
869 54
870 57
871 62
872 60
873 58
874 61
875 64
876 61
877 63
878 63
879 62
880 62
881 59
882 58
883 57
884 61
885 63
886 67
887 65
888 59
889 62
890 60
891 64
892 59
893 57
894 62
895 61
896 64
897 57
898 55
899 60
900 58
901 60
902 62
903 65
904 63
905 58
906 60
907 58
908 63
909 61
910 62
911 61
912 63
913 65
914 61
915 62
916 61
917 64
918 62
919 63
920 63
921 62
922 60
923 59
924 57
925 60
926 58
927 61
928 57
929 63
930 61
931 61
932 63
933 65
934 66
935 61
936 61
937 57
938 62
939 59
940 57
941 63
942 61
943 63
944 63
945 62
946 62
947 62
948 60
949 62
950 63
951 62
952 58
953 60
954 58
955 59
956 60
957 62
958 61
959 62
960 61
961 63
962 63
963 60
964 62
965 64
966 60
967 61
968 61
969 57
970 58
971 61
972 60
973 63
974 63
975 64
976 65
977 60
978 61
979 63
980 61
981 52
982 56
983 60
984 62
985 59
986 58
987 57
988 59
989 53
990 57
991 64
992 64
993 68
994 66
995 62
996 61
997 56
998 57
999 58
1000 60
