0 80
1 75
2 73
3 66
4 65
5 64
6 59
7 56
8 55
9 54
10 53
11 54
12 54
13 54
14 53
15 54
16 53
17 52
18 51
19 50
20 48
21 49
22 49
23 47
24 49
25 43
26 46
27 46
28 45
29 43
30 43
31 45
32 46
33 44
34 45
35 44
36 46
37 45
38 44
39 44
40 43
41 43
42 41
43 42
44 43
45 40
46 39
47 38
48 39
49 40
50 40
51 42
52 44
53 46
54 43
55 44
56 45
57 44
58 43
59 43
60 45
61 44
62 43
63 45
64 44
65 46
66 44
67 45
68 44
69 45
70 44
71 43
72 43
73 44
74 43
75 46
76 48
77 49
78 50
79 49
80 48
81 52
82 53
83 53
84 51
85 48
86 49
87 50
88 48
89 48
90 48
91 46
92 46
93 48
94 49
95 52
96 54
97 53
98 53
99 54
100 52
101 53
102 51
103 49
104 51
105 50
106 47
107 45
108 45
109 46
110 48
111 49
112 49
113 47
114 49
115 47
116 47
117 47
118 45
119 43
120 43
121 42
122 44
123 45
124 44
125 46
126 47
127 45
128 46
129 50
130 47
131 47
132 48
133 49
134 47
135 48
136 44
137 44
138 45
139 45
140 45
141 47
142 45
143 44
144 46
145 47
146 47
147 44
148 46
149 47
150 45
151 43
152 44
153 46
154 46
155 46
156 46
157 44
158 45
159 43
160 44
161 43
162 45
163 44
164 43
165 43
166 44
167 43
168 46
169 44
170 46
171 43
172 45
173 46
174 45
175 47
176 49
177 49
178 50
179 47
180 45
181 47
182 45
183 47
184 46
185 49
186 47
187 46
188 44
189 44
190 42
191 43
192 44
193 43
194 44
195 47
196 46
197 42
198 42
199 40
200 42
201 43
202 45
203 48
204 48
205 49
206 48
207 45
208 45
209 47
210 47
211 49
212 46
213 44
214 46
215 45
216 46
217 47
218 49
219 49
220 50
221 50
222 47
223 46
224 46
225 42
226 43
227 42
228 42
229 41
230 43
231 44
232 42
233 40
234 40
235 39
236 40
237 42
238 45
239 45
240 45
241 46
242 45
243 45
244 45
245 46
246 44
247 44
248 40
249 43
250 40
251 40
252 42
253 46
254 48
255 50
256 51
257 51
258 50
259 47
260 45
261 45
262 46
263 46
264 46
265 49
266 49
267 48
268 46
269 43
270 44
271 41
272 43
273 44
274 43
275 45
276 46
277 44
278 42
279 43
280 44
281 45
282 45
283 44
284 43
285 41
286 43
287 43
288 45
289 45
290 45
291 43
292 43
293 46
294 45
295 46
296 45
297 45
298 44
299 45
300 44
301 45
302 48
303 48
304 51
305 49
306 51
307 49
308 47
309 45
310 42
311 41
312 42
313 43
314 41
315 43
316 41
317 42
318 42
319 41
320 40
321 40
322 40
323 41
324 39
325 40
326 42
327 44
328 46
329 45
330 47
331 47
332 47
333 48
334 47
335 47
336 46
337 48
338 49
339 47
340 48
341 47
342 49
343 49
344 48
345 47
346 45
347 45
348 45
349 45
350 48
351 49
352 50
353 48
354 46
355 45
356 47
357 46
358 45
359 44
360 43
361 42
362 43
363 43
364 45
365 47
366 46
367 46
368 45
369 47
370 45
371 47
372 46
373 45
374 46
375 47
376 46
377 45
378 46
379 45
380 44
381 46
382 44
383 45
384 45
385 42
386 40
387 41
388 42
389 43
390 39
391 42
392 42
393 45
394 45
395 46
396 43
397 43
398 45
399 45
400 44
401 45
402 44
403 46
404 44
405 46
406 48
407 50
408 51
409 52
410 52
411 50
412 50
413 51
414 51
415 49
416 48
417 47
418 49
419 48
420 46
421 46
422 47
423 48
424 46
425 47
426 48
427 45
428 45
429 46
430 47
431 47
432 47
433 45
434 44
435 47
436 48
437 46
438 43
439 41
440 41
441 42
442 40
443 40
444 42
445 39
446 40
447 43
448 42
449 42
450 43
451 43
452 43
453 43
454 45
455 44
456 43
457 45
458 45
459 44
460 42
461 43
462 43
463 43
464 41
465 45
466 45
467 45
468 45
469 44
470 44
471 44
472 46
473 44
474 46
475 45
476 46
477 47
478 46
479 46
480 46
481 48
482 48
483 48
484 50
485 51
486 50
487 51
488 49
489 47
490 48
491 47
492 44
493 44
494 43
495 43
496 42
497 40
498 41
499 41
500 42
501 41
502 41
503 42
504 43
505 45
506 46
507 45
508 44
509 46
510 44
511 44
512 44
513 45
514 47
515 47
516 47
517 45
518 46
519 44
520 45
521 44
522 44
523 43
524 43
525 43
526 44
527 42
528 43
529 46
530 47
531 47
532 44
533 45
534 43
535 42
536 40
537 40
538 42
539 42
540 43
541 44
542 44
543 41
544 43
545 40
546 44
547 41
548 42
549 43
550 43
551 44
552 45
553 42
554 44
555 45
556 43
557 45
558 48
559 50
560 51
561 51
562 52
563 53
564 51
565 52
566 52
567 49
568 52
569 50
570 49
571 48
572 50
573 51
574 49
575 51
576 50
577 50
578 47
579 44
580 41
581 44
582 41
583 40
584 41
585 39
586 38
587 39
588 37
589 39
590 40
591 40
592 43
593 43
594 44
595 44
596 46
597 46
598 45
599 48
600 47
601 50
602 49
603 49
604 50
605 49
606 49
607 48
608 46
609 44
610 43
611 42
612 39
613 38
614 38
615 36
616 38
617 39
618 41
619 41
620 39
621 39
622 42
623 42
624 43
625 42
626 43
627 43
628 46
629 45
630 46
631 48
632 48
633 50
634 49
635 47
636 47
637 45
638 42
639 40
640 41
641 43
642 42
643 43
644 43
645 44
646 45
647 46
648 46
649 42
650 44
651 46
652 44
653 42
654 41
655 44
656 44
657 41
658 44
659 46
660 43
661 41
662 41
663 41
664 40
665 43
666 43
667 41
668 43
669 44
670 44
671 45
672 44
673 48
674 49
675 49
676 46
677 46
678 46
679 44
680 46
681 46
682 47
683 45
684 44
685 41
686 40
687 42
688 43
689 46
690 47
691 48
692 49
693 50
694 50
695 50
696 50
697 50
698 51
699 51
700 50
701 48
702 47
703 49
704 45
705 46
706 45
707 44
708 44
709 42
710 45
711 48
712 47
713 48
714 46
715 45
716 47
717 46
718 45
719 45
720 42
721 40
722 42
723 44
724 42
725 43
726 43
727 42
728 41
729 44
730 47
731 47
732 42
733 41
734 40
735 40
736 41
737 43
738 41
739 40
740 39
741 41
742 41
743 41
744 42
745 41
746 41
747 42
748 43
749 44
750 43
751 40
752 41
753 41
754 40
755 39
756 39
757 40
758 40
759 40
760 41
761 42
762 42
763 43
764 46
765 47
766 44
767 46
768 46
769 45
770 45
771 43
772 44
773 45
774 43
775 43
776 43
777 44
778 44
779 43
780 43
781 42
782 44
783 48
784 48
785 48
786 47
787 46
788 46
789 48
790 47
791 42
792 43
793 44
794 43
795 44
796 44
797 43
798 44
799 45
800 45
801 42
802 43
803 42
804 41
805 44
806 45
807 47
808 49
809 47
810 48
811 48
812 49
813 48
814 50
815 46
816 46
817 48
818 50
819 50
820 47
821 45
822 42
823 43
824 43
825 44
826 46
827 47
828 47
829 46
830 48
831 51
832 53
833 50
834 50
835 45
836 46
837 46
838 43
839 43
840 40
841 42
842 42
843 40
844 42
845 43
846 43
847 41
848 40
849 42
850 45
851 45
852 47
853 48
854 47
855 46
856 46
857 46
858 47
859 46
860 45
861 46
862 46
863 48
864 49
865 46
866 44
867 44
868 44
869 46
870 46
871 46
872 48
873 50
874 49
875 50
876 48
877 48
878 49
879 51
880 48
881 50
882 48
883 50
884 48
885 47
886 46
887 43
888 42
889 38
890 39
891 40
892 41
893 45
894 45
895 48
896 49
897 48
898 45
899 47
900 48
901 47
902 47
903 48
904 46
905 46
906 50
907 51
908 50
909 50
910 48
911 44
912 46
913 46
914 44
915 45
916 45
917 45
918 45
919 47
920 47
921 48
922 47
923 48
924 49
925 45
926 44
927 42
928 43
929 44
930 45
931 45
932 45
933 42
934 44
935 44
936 41
937 38
938 42
939 41
940 41
941 43
942 43
943 40
944 41
945 39
946 41
947 42
948 43
949 43
950 45
951 44
952 44
953 44
954 45
955 44
956 44
957 43
958 44
959 43
960 41
961 40
962 40
963 41
964 41
965 39
966 40
967 43
968 46
969 46
970 45
971 46
972 46
973 48
974 48
975 47
976 48
977 48
978 48
979 48
980 48
981 47
982 48
983 45
984 45
985 44
986 43
987 43
988 44
989 46
990 47
991 47
992 47
993 47
994 47
995 44
996 46
997 46
998 46
999 47
1000 47
