0 30
1 20
2 19
3 20
4 19
5 21
6 21
7 16
8 19
9 18
10 18
11 19
12 17
13 15
14 15
15 16
16 17
17 20
18 20
19 19
20 18
21 18
22 16
23 20
24 19
25 19
26 18
27 16
28 20
29 21
30 19
31 20
32 20
33 17
34 18
35 16
36 19
37 18
38 20
39 20
40 19
41 17
42 19
43 15
44 15
45 18
46 22
47 21
48 19
49 21
50 20
51 19
52 20
53 18
54 21
55 18
56 13
57 17
58 18
59 15
60 15
61 16
62 16
63 19
64 18
65 19
66 15
67 15
68 17
69 19
70 19
71 19
72 17
73 15
74 16
75 16
76 17
77 17
78 20
79 17
80 22
81 20
82 18
83 19
84 18
85 18
86 20
87 19
88 20
89 21
90 20
91 20
92 15
93 19
94 18
95 19
96 19
97 16
98 18
99 19
100 21
101 19
102 19
103 19
104 21
105 20
106 18
107 17
108 18
109 18
110 18
111 17
112 17
113 17
114 19
115 18
116 20
117 19
118 18
119 17
120 20
121 20
122 19
123 20
124 18
125 18
126 18
127 20
128 19
129 19
130 20
131 21
132 17
133 15
134 17
135 18
136 15
137 17
138 20
139 17
140 19
141 21
142 22
143 20
144 19
145 16
146 18
147 21
148 21
149 19
150 19
151 19
152 20
153 17
154 18
155 18
156 19
157 19
158 20
159 21
160 20
161 20
162 20
163 21
164 15
165 18
166 18
167 19
168 18
169 18
170 18
171 19
172 19
173 19
174 21
175 20
176 18
177 16
178 18
179 20
180 18
181 18
182 19
183 15
184 18
185 18
186 19
187 15
188 15
189 16
190 19
191 18
192 20
193 14
194 21
195 20
196 20
197 22
198 18
199 17
200 19
201 16
202 21
203 20
204 21
205 21
206 22
207 17
208 19
209 20
210 18
211 19
212 20
213 20
214 18
215 16
216 16
217 18
218 18
219 14
220 18
221 18
222 17
223 20
224 19
225 20
226 17
227 16
228 18
229 18
230 19
231 16
232 14
233 17
234 16
235 19
236 20
237 14
238 17
239 18
240 19
241 17
242 17
243 18
244 20
245 22
246 20
247 18
248 20
249 20
250 18
251 20
252 18
253 17
254 18
255 16
256 19
257 18
258 16
259 16
260 16
261 16
262 15
263 13
264 19
265 21
266 19
267 17
268 18
269 20
270 19
271 21
272 20
273 18
274 21
275 19
276 19
277 18
278 19
279 19
280 16
281 18
282 18
283 18
284 16
285 18
286 20
287 16
288 20
289 21
290 20
291 22
292 19
293 21
294 18
295 19
296 17
297 18
298 19
299 17
300 21
301 17
302 17
303 16
304 17
305 19
306 18
307 18
308 20
309 19
310 16
311 21
312 20
313 19
314 19
315 16
316 17
317 19
318 17
319 20
320 21
321 20
322 20
323 20
324 18
325 18
326 22
327 20
328 18
329 19
330 20
331 18
332 19
333 17
334 19
335 19
336 19
337 18
338 19
339 20
340 18
341 17
342 17
343 16
344 18
345 18
346 16
347 19
348 19
349 19
350 19
351 17
352 20
353 22
354 19
355 20
356 16
357 18
358 17
359 19
360 19
361 17
362 17
363 19
364 17
365 19
366 17
367 18
368 18
369 19
370 15
371 18
372 17
373 19
374 18
375 12
376 17
377 21
378 21
379 18
380 19
381 19
382 19
383 19
384 17
385 19
386 19
387 18
388 16
389 15
390 17
391 20
392 19
393 15
394 20
395 20
396 18
397 19
398 19
399 17
400 19
401 14
402 16
403 17
404 18
405 19
406 17
407 17
408 18
409 17
410 16
411 15
412 18
413 18
414 22
415 19
416 17
417 19
418 19
419 18
420 19
421 19
422 19
423 21
424 18
425 19
426 19
427 17
428 18
429 19
430 18
431 15
432 19
433 21
434 21
435 20
436 16
437 16
438 19
439 17
440 18
441 21
442 18
443 15
444 14
445 13
446 18
447 15
448 20
449 19
450 20
451 21
452 22
453 19
454 19
455 21
456 19
457 17
458 19
459 15
460 18
461 17
462 15
463 18
464 17
465 19
466 20
467 17
468 18
469 20
470 18
471 20
472 20
473 20
474 16
475 17
476 18
477 20
478 18
479 18
480 19
481 20
482 18
483 19
484 17
485 20
486 19
487 21
488 20
489 16
490 20
491 18
492 19
493 19
494 17
495 19
496 19
497 16
498 17
499 20
500 19
501 17
502 20
503 20
504 20
505 19
506 18
507 20
508 18
509 18
510 18
511 19
512 21
513 21
514 21
515 20
516 19
517 20
518 21
519 17
520 17
521 18
522 17
523 17
524 19
525 20
526 19
527 18
528 20
529 20
530 18
531 18
532 21
533 18
534 18
535 19
536 17
537 16
538 16
539 17
540 19
541 18
542 20
543 19
544 17
545 20
546 18
547 19
548 20
549 21
550 18
551 18
552 18
553 18
554 18
555 16
556 21
557 19
558 18
559 16
560 17
561 20
562 21
563 20
564 17
565 19
566 18
567 19
568 19
569 18
570 17
571 17
572 14
573 20
574 22
575 20
576 16
577 16
578 17
579 19
580 19
581 19
582 17
583 19
584 18
585 17
586 18
587 18
588 17
589 17
590 19
591 16
592 16
593 18
594 19
595 18
596 18
597 17
598 16
599 18
600 20
601 19
602 17
603 17
604 16
605 16
606 18
607 15
608 17
609 19
610 18
611 20
612 20
613 19
614 16
615 16
616 18
617 17
618 20
619 20
620 18
621 20
622 22
623 19
624 19
625 21
626 18
627 20
628 22
629 19
630 17
631 17
632 18
633 19
634 19
635 19
636 18
637 18
638 20
639 19
640 19
641 20
642 19
643 19
644 20
645 16
646 19
647 17
648 20
649 20
650 21
651 19
652 16
653 20
654 18
655 20
656 19
657 20
658 19
659 19
660 16
661 19
662 18
663 19
664 17
665 16
666 21
667 18
668 21
669 19
670 18
671 19
672 20
673 18
674 20
675 20
676 16
677 20
678 19
679 18
680 19
681 19
682 19
683 16
684 19
685 18
686 18
687 20
688 19
689 19
690 19
691 19
692 21
693 20
694 17
695 19
696 16
697 20
698 20
699 20
700 15
701 19
702 17
703 18
704 20
705 18
706 18
707 17
708 19
709 16
710 17
711 18
712 19
713 19
714 21
715 18
716 19
717 19
718 18
719 20
720 19
721 18
722 19
723 18
724 20
725 15
726 18
727 16
728 18
729 17
730 20
731 20
732 20
733 19
734 19
735 18
736 18
737 21
738 19
739 22
740 20
741 20
742 20
743 19
744 16
745 15
746 20
747 21
748 20
749 19
750 21
751 20
752 20
753 20
754 16
755 20
756 19
757 17
758 19
759 21
760 17
761 18
762 19
763 19
764 21
765 21
766 19
767 17
768 15
769 18
770 19
771 18
772 17
773 18
774 18
775 17
776 16
777 19
778 16
779 18
780 18
781 15
782 19
783 16
784 17
785 21
786 21
787 20
788 19
789 19
790 19
791 18
792 19
793 17
794 19
795 17
796 17
797 18
798 17
799 21
800 19
801 19
802 22
803 17
804 20
805 15
806 21
807 20
808 18
809 14
810 18
811 19
812 17
813 18
814 20
815 17
816 16
817 19
818 16
819 16
820 20
821 17
822 18
823 16
824 18
825 20
826 14
827 18
828 18
829 20
830 20
831 20
832 21
833 17
834 20
835 19
836 19
837 20
838 22
839 21
840 18
841 19
842 20
843 19
844 17
845 16
846 14
847 17
848 18
849 18
850 19
851 18
852 17
853 17
854 18
855 15
856 15
857 17
858 20
859 19
860 18
861 18
862 17
863 19
864 19
865 18
866 19
867 19
868 17
869 19
870 20
871 20
872 21
873 18
874 19
875 19
876 20
877 17
878 18
879 17
880 20
881 20
882 20
883 20
884 23
885 17
886 19
887 18
888 19
889 17
890 18
891 15
892 16
893 20
894 17
895 18
896 17
897 19
898 18
899 19
900 16
901 20
902 18
903 17
904 19
905 22
906 22
907 23
908 20
909 19
910 19
911 22
912 18
913 18
914 18
915 21
916 19
917 16
918 17
919 15
920 18
921 19
922 18
923 19
924 19
925 20
926 21
927 19
928 20
929 16
930 17
931 14
932 17
933 20
934 22
935 22
936 20
937 19
938 16
939 18
940 20
941 20
942 20
943 19
944 19
945 17
946 21
947 20
948 19
949 21
950 22
951 20
952 18
953 14
954 19
955 19
956 21
957 23
958 19
959 22
960 20
961 18
962 19
963 17
964 19
965 18
966 19
967 21
968 20
969 21
970 20
971 18
972 20
973 19
974 21
975 20
976 20
977 18
978 16
979 19
980 22
981 19
982 18
983 21
984 17
985 18
986 17
987 20
988 21
989 20
990 19
991 19
992 22
993 18
994 18
995 18
996 18
997 19
998 17
999 19
1000 21
