0 20
1 13
2 11
3 12
4 12
5 13
6 12
7 12
8 13
9 13
10 13
11 12
12 13
13 14
14 9
15 10
16 13
17 12
18 12
19 10
20 10
21 9
22 12
23 11
24 11
25 13
26 12
27 12
28 12
29 12
30 12
31 13
32 13
33 14
34 13
35 10
36 9
37 12
38 12
39 10
40 11
41 11
42 12
43 13
44 12
45 9
46 11
47 12
48 12
49 11
50 10
51 10
52 9
53 13
54 10
55 10
56 11
57 12
58 12
59 12
60 12
61 10
62 13
63 11
64 12
65 12
66 9
67 13
68 10
69 12
70 13
71 7
72 10
73 11
74 12
75 11
76 12
77 12
78 12
79 10
80 12
81 12
82 12
83 12
84 11
85 10
86 11
87 11
88 10
89 13
90 11
91 11
92 12
93 12
94 12
95 11
96 11
97 14
98 11
99 9
100 8
101 12
102 12
103 9
104 11
105 12
106 11
107 11
108 10
109 12
110 13
111 14
112 12
113 11
114 12
115 13
116 11
117 12
118 12
119 11
120 14
121 13
122 13
123 10
124 12
125 12
126 12
127 12
128 12
129 10
130 11
131 11
132 9
133 11
134 11
135 10
136 10
137 9
138 11
139 10
140 11
141 11
142 11
143 14
144 12
145 12
146 12
147 13
148 14
149 14
150 13
151 12
152 11
153 12
154 11
155 10
156 11
157 14
158 12
159 13
160 14
161 13
162 12
163 12
164 11
165 12
166 13
167 13
168 12
169 10
170 11
171 11
172 11
173 12
174 11
175 13
176 14
177 13
178 8
179 9
180 10
181 9
182 10
183 11
184 10
185 11
186 12
187 12
188 13
189 12
190 12
191 14
192 11
193 13
194 14
195 14
196 11
197 11
198 13
199 11
200 11
201 12
202 9
203 10
204 12
205 13
206 10
207 12
208 12
209 10
210 11
211 11
212 9
213 12
214 10
215 9
216 11
217 13
218 11
219 10
220 12
221 12
222 12
223 12
224 11
225 11
226 14
227 13
228 13
229 12
230 11
231 11
232 13
233 13
234 10
235 11
236 11
237 11
238 12
239 12
240 11
241 12
242 12
243 10
244 11
245 11
246 12
247 10
248 7
249 12
250 10
251 10
252 13
253 13
254 10
255 9
256 10
257 9
258 9
259 9
260 11
261 10
262 12
263 11
264 12
265 12
266 13
267 10
268 12
269 13
270 13
271 11
272 11
273 12
274 10
275 11
276 8
277 10
278 11
279 12
280 11
281 10
282 9
283 12
284 12
285 12
286 13
287 11
288 10
289 8
290 10
291 12
292 10
293 11
294 9
295 10
296 10
297 11
298 11
299 12
300 10
301 12
302 11
303 10
304 11
305 13
306 14
307 11
308 12
309 13
310 8
311 9
312 12
313 12
314 14
315 12
316 11
317 9
318 11
319 13
320 12
321 10
322 9
323 8
324 11
325 11
326 13
327 12
328 11
329 10
330 12
331 11
332 11
333 13
334 13
335 12
336 11
337 10
338 11
339 9
340 11
341 11
342 12
343 12
344 12
345 10
346 11
347 13
348 12
349 8
350 10
351 11
352 11
353 12
354 11
355 13
356 9
357 8
358 9
359 11
360 10
361 12
362 10
363 9
364 12
365 13
366 11
367 13
368 11
369 12
370 11
371 14
372 12
373 13
374 12
375 13
376 12
377 11
378 11
379 12
380 11
381 10
382 12
383 12
384 14
385 12
386 12
387 12
388 11
389 7
390 12
391 12
392 12
393 12
394 9
395 11
396 12
397 11
398 12
399 13
400 10
401 11
402 8
403 11
404 13
405 12
406 10
407 12
408 11
409 13
410 10
411 12
412 11
413 11
414 13
415 11
416 11
417 12
418 11
419 10
420 13
421 11
422 12
423 14
424 12
425 11
426 12
427 13
428 12
429 11
430 12
431 12
432 13
433 13
434 11
435 9
436 13
437 13
438 10
439 13
440 13
441 8
442 12
443 12
444 13
445 12
446 12
447 13
448 12
449 13
450 14
451 14
452 11
453 12
454 11
455 9
456 10
457 12
458 10
459 8
460 9
461 8
462 12
463 12
464 12
465 10
466 13
467 11
468 12
469 9
470 10
471 9
472 13
473 11
474 12
475 12
476 13
477 11
478 10
479 14
480 13
481 9
482 12
483 11
484 10
485 11
486 14
487 12
488 12
489 12
490 10
491 11
492 11
493 12
494 15
495 13
496 13
497 12
498 10
499 12
500 11
501 12
502 11
503 11
504 11
505 12
506 9
507 12
508 10
509 9
510 12
511 13
512 12
513 13
514 13
515 12
516 10
517 12
518 13
519 12
520 10
521 10
522 10
523 12
524 11
525 12
526 10
527 10
528 9
529 8
530 9
531 11
532 11
533 12
534 11
535 12
536 13
537 12
538 10
539 9
540 12
541 13
542 12
543 10
544 9
545 10
546 12
547 14
548 10
549 10
550 12
551 13
552 10
553 13
554 13
555 12
556 13
557 12
558 11
559 11
560 12
561 12
562 11
563 9
564 12
565 12
566 13
567 13
568 12
569 12
570 11
571 10
572 13
573 11
574 12
575 8
576 11
577 11
578 13
579 12
580 12
581 13
582 12
583 12
584 12
585 11
586 10
587 11
588 11
589 10
590 11
591 12
592 11
593 11
594 12
595 8
596 11
597 11
598 10
599 10
600 11
601 12
602 11
603 13
604 11
605 10
606 11
607 11
608 11
609 14
610 13
611 10
612 12
613 11
614 11
615 11
616 11
617 10
618 11
619 11
620 9
621 11
622 11
623 12
624 10
625 9
626 10
627 10
628 11
629 9
630 12
631 12
632 12
633 10
634 11
635 12
636 10
637 13
638 12
639 10
640 12
641 12
642 8
643 12
644 14
645 12
646 11
647 11
648 12
649 12
650 10
651 11
652 10
653 12
654 12
655 13
656 11
657 12
658 11
659 12
660 11
661 12
662 12
663 11
664 12
665 11
666 13
667 13
668 13
669 12
670 12
671 12
672 11
673 9
674 9
675 12
676 12
677 11
678 13
679 13
680 12
681 12
682 13
683 10
684 12
685 10
686 10
687 12
688 8
689 9
690 10
691 10
692 11
693 9
694 12
695 13
696 12
697 10
698 11
699 12
700 9
701 11
702 9
703 10
704 11
705 12
706 11
707 10
708 10
709 13
710 11
711 12
712 12
713 9
714 13
715 13
716 11
717 11
718 12
719 11
720 10
721 12
722 15
723 7
724 12
725 12
726 11
727 11
728 9
729 9
730 11
731 11
732 12
733 12
734 11
735 12
736 11
737 14
738 13
739 14
740 12
741 12
742 12
743 14
744 12
745 12
746 11
747 13
748 11
749 11
750 13
751 12
752 11
753 9
754 12
755 11
756 12
757 10
758 11
759 11
760 13
761 13
762 13
763 14
764 14
765 11
766 10
767 11
768 12
769 11
770 12
771 11
772 12
773 11
774 13
775 12
776 12
777 12
778 12
779 11
780 11
781 12
782 14
783 11
784 10
785 12
786 11
787 10
788 12
789 13
790 13
791 11
792 11
793 12
794 13
795 11
796 13
797 12
798 11
799 11
800 12
801 12
802 12
803 13
804 14
805 12
806 11
807 10
808 9
809 10
810 11
811 11
812 11
813 9
814 12
815 12
816 9
817 12
818 12
819 9
820 12
821 11
822 11
823 12
824 13
825 11
826 11
827 13
828 11
829 14
830 12
831 11
832 12
833 13
834 14
835 12
836 9
837 12
838 12
839 12
840 12
841 13
842 10
843 11
844 13
845 12
846 12
847 11
848 9
849 10
850 9
851 8
852 12
853 8
854 11
855 11
856 13
857 11
858 9
859 11
860 11
861 13
862 9
863 10
864 10
865 11
866 11
867 12
868 10
869 10
870 9
871 10
872 9
873 12
874 9
875 9
876 9
877 9
878 10
879 10
880 11
881 13
882 12
883 11
884 12
885 13
886 12
887 13
888 10
889 10
890 12
891 10
892 10
893 11
894 11
895 11
896 9
897 12
898 11
899 11
900 12
901 11
902 12
903 9
904 13
905 13
906 13
907 10
908 13
909 12
910 12
911 11
912 11
913 10
914 11
915 12
916 10
917 13
918 11
919 10
920 12
921 14
922 11
923 11
924 10
925 10
926 8
927 8
928 11
929 13
930 12
931 10
932 12
933 10
934 13
935 13
936 12
937 12
938 13
939 14
940 13
941 11
942 11
943 9
944 13
945 12
946 10
947 12
948 13
949 12
950 15
951 12
952 12
953 11
954 13
955 13
956 11
957 11
958 12
959 10
960 12
961 11
962 11
963 8
964 12
965 12
966 10
967 12
968 11
969 13
970 13
971 12
972 8
973 9
974 12
975 10
976 12
977 12
978 11
979 11
980 13
981 12
982 13
983 10
984 12
985 13
986 11
987 11
988 12
989 9
990 9
991 12
992 12
993 12
994 9
995 12
996 10
997 11
998 11
999 10
1000 14
