0 45
1 36
2 31
3 30
4 27
5 28
6 27
7 27
8 27
9 28
10 29
11 31
12 28
13 29
14 30
15 27
16 28
17 29
18 29
19 31
20 31
21 25
22 27
23 26
24 25
25 29
26 26
27 29
28 28
29 26
30 28
31 27
32 28
33 28
34 29
35 29
36 31
37 27
38 22
39 28
40 27
41 29
42 31
43 28
44 27
45 25
46 30
47 28
48 27
49 28
50 27
51 25
52 26
53 26
54 25
55 26
56 29
57 30
58 29
59 30
60 31
61 26
62 28
63 29
64 27
65 26
66 27
67 31
68 30
69 29
70 30
71 33
72 32
73 31
74 27
75 26
76 29
77 30
78 33
79 29
80 28
81 30
82 29
83 29
84 27
85 27
86 29
87 30
88 30
89 30
90 31
91 28
92 26
93 25
94 28
95 27
96 28
97 24
98 27
99 28
100 29
101 28
102 26
103 29
104 30
105 32
106 31
107 28
108 26
109 24
110 26
111 28
112 28
113 30
114 26
115 27
116 30
117 28
118 26
119 25
120 28
121 27
122 25
123 28
124 28
125 30
126 30
127 28
128 26
129 28
130 28
131 29
132 29
133 27
134 28
135 33
136 32
137 32
138 32
139 31
140 34
141 31
142 27
143 24
144 25
145 28
146 28
147 33
148 32
149 29
150 31
151 28
152 31
153 28
154 30
155 29
156 30
157 28
158 28
159 28
160 32
161 31
162 27
163 29
164 31
165 31
166 29
167 30
168 33
169 30
170 30
171 34
172 31
173 31
174 31
175 32
176 30
177 28
178 27
179 26
180 29
181 28
182 28
183 28
184 26
185 27
186 28
187 31
188 33
189 29
190 28
191 28
192 29
193 30
194 30
195 28
196 29
197 28
198 32
199 31
200 31
201 31
202 30
203 27
204 29
205 27
206 28
207 32
208 28
209 31
210 29
211 32
212 30
213 30
214 28
215 28
216 31
217 30
218 29
219 28
220 31
221 32
222 31
223 28
224 29
225 27
226 28
227 27
228 28
229 29
230 31
231 27
232 27
233 29
234 30
235 30
236 27
237 25
238 28
239 31
240 27
241 26
242 27
243 26
244 27
245 30
246 28
247 28
248 29
249 28
250 29
251 29
252 29
253 29
254 28
255 28
256 30
257 29
258 27
259 22
260 26
261 26
262 28
263 27
264 28
265 22
266 26
267 29
268 27
269 25
270 29
271 33
272 29
273 28
274 26
275 30
276 32
277 31
278 28
279 28
280 29
281 26
282 27
283 31
284 29
285 30
286 26
287 29
288 29
289 30
290 31
291 25
292 27
293 24
294 26
295 28
296 30
297 28
298 30
299 31
300 30
301 31
302 30
303 30
304 30
305 28
306 27
307 26
308 28
309 28
310 27
311 29
312 27
313 28
314 29
315 26
316 29
317 29
318 30
319 30
320 29
321 29
322 31
323 32
324 33
325 30
326 31
327 30
328 27
329 30
330 31
331 28
332 25
333 30
334 32
335 32
336 31
337 26
338 24
339 27
340 28
341 27
342 26
343 28
344 25
345 26
346 30
347 30
348 31
349 27
350 29
351 31
352 27
353 29
354 28
355 28
356 26
357 26
358 29
359 30
360 27
361 30
362 29
363 25
364 25
365 29
366 29
367 27
368 28
369 25
370 27
371 26
372 27
373 27
374 27
375 27
376 26
377 28
378 30
379 32
380 31
381 30
382 32
383 32
384 28
385 27
386 29
387 30
388 26
389 30
390 27
391 29
392 28
393 30
394 31
395 25
396 26
397 29
398 28
399 31
400 28
401 27
402 27
403 29
404 32
405 25
406 28
407 28
408 30
409 27
410 28
411 30
412 31
413 30
414 28
415 28
416 30
417 28
418 31
419 26
420 28
421 25
422 31
423 28
424 29
425 27
426 25
427 27
428 27
429 29
430 30
431 29
432 25
433 28
434 26
435 24
436 24
437 27
438 27
439 32
440 33
441 31
442 30
443 30
444 28
445 29
446 31
447 30
448 27
449 25
450 26
451 28
452 29
453 29
454 29
455 29
456 29
457 29
458 32
459 31
460 29
461 32
462 30
463 30
464 30
465 27
466 23
467 22
468 24
469 27
470 26
471 26
472 31
473 30
474 28
475 29
476 31
477 27
478 28
479 28
480 29
481 27
482 28
483 29
484 31
485 31
486 30
487 28
488 29
489 28
490 29
491 31
492 31
493 32
494 31
495 30
496 30
497 29
498 29
499 29
500 25
501 30
502 27
503 26
504 22
505 24
506 26
507 27
508 30
509 28
510 32
511 29
512 29
513 30
514 32
515 31
516 29
517 31
518 25
519 27
520 28
521 28
522 28
523 30
524 25
525 28
526 27
527 29
528 26
529 29
530 29
531 31
532 25
533 21
534 20
535 24
536 26
537 31
538 30
539 27
540 30
541 26
542 27
543 26
544 30
545 29
546 31
547 27
548 28
549 30
550 27
551 25
552 28
553 28
554 27
555 31
556 29
557 32
558 32
559 27
560 25
561 22
562 25
563 24
564 25
565 27
566 26
567 28
568 30
569 31
570 28
571 31
572 32
573 29
574 30
575 30
576 30
577 27
578 28
579 27
580 23
581 25
582 27
583 26
584 31
585 30
586 30
587 32
588 29
589 27
590 29
591 30
592 26
593 28
594 29
595 28
596 29
597 28
598 27
599 26
600 29
601 31
602 24
603 21
604 27
605 25
606 27
607 27
608 29
609 31
610 30
611 29
612 30
613 28
614 25
615 26
616 27
617 28
618 28
619 28
620 28
621 29
622 32
623 32
624 29
625 28
626 28
627 27
628 24
629 25
630 23
631 24
632 25
633 28
634 28
635 28
636 28
637 30
638 28
639 25
640 29
641 31
642 29
643 28
644 26
645 27
646 31
647 29
648 27
649 30
650 33
651 31
652 32
653 31
654 28
655 32
656 30
657 30
658 29
659 31
660 32
661 28
662 32
663 28
664 30
665 30
666 26
667 26
668 28
669 27
670 27
671 26
672 24
673 29
674 29
675 30
676 30
677 33
678 28
679 28
680 28
681 30
682 29
683 29
684 32
685 27
686 29
687 26
688 27
689 28
690 24
691 27
692 28
693 27
694 28
695 31
696 29
697 27
698 26
699 26
700 28
701 26
702 27
703 28
704 28
705 26
706 29
707 27
708 26
709 26
710 29
711 32
712 30
713 28
714 29
715 28
716 28
717 25
718 26
719 30
720 33
721 31
722 30
723 31
724 29
725 28
726 29
727 31
728 28
729 28
730 27
731 28
732 28
733 28
734 29
735 27
736 25
737 27
738 28
739 29
740 29
741 24
742 27
743 26
744 28
745 23
746 29
747 28
748 25
749 30
750 32
751 31
752 31
753 31
754 30
755 33
756 29
757 33
758 29
759 28
760 27
761 28
762 30
763 30
764 30
765 30
766 29
767 31
768 32
769 28
770 30
771 26
772 25
773 26
774 26
775 27
776 30
777 30
778 28
779 29
780 29
781 27
782 28
783 31
784 30
785 30
786 28
787 27
788 30
789 29
790 28
791 26
792 26
793 26
794 29
795 23
796 26
797 29
798 28
799 30
800 32
801 26
802 26
803 28
804 30
805 31
806 32
807 31
808 28
809 26
810 24
811 27
812 24
813 26
814 27
815 28
816 27
817 31
818 30
819 31
820 32
821 26
822 27
823 28
824 28
825 28
826 26
827 26
828 30
829 31
830 27
831 28
832 30
833 28
834 29
835 28
836 29
837 30
838 27
839 31
840 28
841 33
842 31
843 29
844 29
845 27
846 26
847 27
848 27
849 31
850 28
851 29
852 30
853 30
854 27
855 29
856 26
857 27
858 25
859 23
860 27
861 28
862 24
863 26
864 25
865 24
866 28
867 28
868 28
869 25
870 27
871 27
872 24
873 25
874 24
875 24
876 26
877 29
878 26
879 26
880 29
881 30
882 33
883 31
884 32
885 32
886 32
887 28
888 26
889 29
890 29
891 28
892 28
893 28
894 30
895 31
896 29
897 32
898 30
899 30
900 27
901 28
902 32
903 26
904 29
905 30
906 25
907 24
908 27
909 27
910 25
911 26
912 28
913 26
914 28
915 28
916 26
917 27
918 30
919 31
920 31
921 28
922 28
923 27
924 29
925 28
926 30
927 31
928 31
929 26
930 28
931 27
932 28
933 26
934 26
935 22
936 24
937 24
938 26
939 30
940 28
941 27
942 29
943 30
944 31
945 29
946 31
947 23
948 25
949 29
950 30
951 31
952 27
953 27
954 28
955 25
956 27
957 27
958 26
959 26
960 31
961 30
962 27
963 25
964 29
965 28
966 29
967 28
968 28
969 29
970 31
971 31
972 32
973 30
974 28
975 30
976 29
977 31
978 30
979 29
980 29
981 31
982 28
983 30
984 29
985 29
986 31
987 30
988 27
989 28
990 30
991 26
992 27
993 27
994 25
995 28
996 27
997 27
998 30
999 27
1000 28
