0 85
1 62
2 49
3 58
4 53
5 54
6 52
7 54
8 58
9 58
10 61
11 58
12 61
13 54
14 59
15 60
16 60
17 61
18 60
19 60
20 55
21 57
22 59
23 57
24 57
25 55
26 57
27 57
28 56
29 58
30 60
31 55
32 54
33 53
34 57
35 60
36 57
37 58
38 57
39 57
40 58
41 57
42 60
43 59
44 53
45 57
46 53
47 57
48 62
49 60
50 60
51 61
52 58
53 60
54 60
55 60
56 58
57 61
58 61
59 56
60 56
61 53
62 54
63 58
64 57
65 59
66 57
67 63
68 59
69 57
70 60
71 56
72 57
73 59
74 57
75 59
76 58
77 57
78 57
79 57
80 61
81 57
82 55
83 58
84 60
85 60
86 58
87 55
88 58
89 56
90 57
91 53
92 56
93 57
94 56
95 57
96 56
97 56
98 57
99 57
100 57
101 60
102 56
103 56
104 55
105 57
106 57
107 55
108 59
109 54
110 57
111 55
112 55
113 57
114 50
115 53
116 52
117 60
118 58
119 57
120 62
121 58
122 58
123 54
124 57
125 62
126 60
127 59
128 58
129 56
130 57
131 56
132 54
133 54
134 59
135 57
136 60
137 53
138 58
139 54
140 56
141 56
142 56
143 60
144 59
145 59
146 50
147 56
148 52
149 62
150 58
151 60
152 59
153 59
154 53
155 55
156 60
157 52
158 59
159 57
160 59
161 60
162 52
163 60
164 64
165 59
166 54
167 55
168 62
169 56
170 55
171 56
172 58
173 54
174 56
175 59
176 59
177 60
178 54
179 59
180 60
181 57
182 57
183 61
184 60
185 60
186 58
187 55
188 57
189 60
190 56
191 54
192 53
193 56
194 60
195 60
196 51
197 57
198 53
199 56
200 60
201 59
202 61
203 54
204 55
205 56
206 58
207 59
208 56
209 58
210 55
211 57
212 57
213 53
214 53
215 54
216 60
217 59
218 61
219 55
220 58
221 57
222 52
223 60
224 54
225 54
226 59
227 58
228 53
229 57
230 58
231 60
232 58
233 54
234 57
235 56
236 55
237 56
238 57
239 54
240 54
241 56
242 59
243 56
244 60
245 54
246 55
247 53
248 55
249 61
250 57
251 54
252 56
253 53
254 56
255 60
256 57
257 59
258 59
259 56
260 57
261 58
262 59
263 56
264 57
265 59
266 59
267 55
268 52
269 58
270 57
271 59
272 56
273 59
274 56
275 61
276 55
277 54
278 57
279 60
280 61
281 60
282 54
283 59
284 57
285 59
286 58
287 57
288 59
289 58
290 49
291 56
292 56
293 57
294 54
295 57
296 62
297 58
298 56
299 50
300 57
301 60
302 58
303 54
304 56
305 56
306 60
307 59
308 60
309 57
310 55
311 49
312 59
313 57
314 59
315 59
316 58
317 60
318 58
319 59
320 58
321 60
322 56
323 58
324 55
325 60
326 57
327 57
328 59
329 62
330 61
331 55
332 58
333 59
334 51
335 58
336 55
337 52
338 58
339 56
340 60
341 63
342 48
343 57
344 53
345 54
346 55
347 60
348 56
349 58
350 59
351 61
352 57
353 54
354 59
355 55
356 55
357 51
358 60
359 55
360 58
361 55
362 56
363 55
364 53
365 61
366 56
367 51
368 59
369 60
370 60
371 54
372 54
373 57
374 57
375 54
376 56
377 58
378 58
379 57
380 58
381 59
382 56
383 59
384 59
385 55
386 57
387 52
388 56
389 56
390 60
391 57
392 55
393 56
394 59
395 54
396 60
397 61
398 60
399 57
400 58
401 55
402 60
403 54
404 56
405 55
406 59
407 59
408 60
409 56
410 60
411 60
412 54
413 58
414 59
415 57
416 59
417 57
418 59
419 53
420 57
421 59
422 56
423 58
424 61
425 61
426 61
427 57
428 56
429 56
430 60
431 52
432 56
433 61
434 62
435 57
436 58
437 59
438 54
439 54
440 54
441 58
442 57
443 58
444 56
445 61
446 57
447 58
448 61
449 58
450 59
451 57
452 54
453 51
454 61
455 60
456 58
457 59
458 60
459 61
460 58
461 60
462 58
463 55
464 56
465 55
466 57
467 60
468 61
469 58
470 56
471 60
472 54
473 59
474 59
475 60
476 57
477 61
478 62
479 57
480 61
481 59
482 56
483 59
484 56
485 54
486 57
487 56
488 55
489 57
490 60
491 52
492 54
493 53
494 58
495 56
496 55
497 58
498 60
499 59
500 60
501 61
502 60
503 56
504 57
505 54
506 50
507 59
508 60
509 55
510 55
511 59
512 53
513 61
514 54
515 56
516 54
517 57
518 59
519 56
520 58
521 56
522 58
523 56
524 55
525 58
526 55
527 56
528 62
529 56
530 53
531 53
532 55
533 62
534 59
535 58
536 54
537 57
538 58
539 60
540 55
541 59
542 61
543 55
544 59
545 55
546 59
547 52
548 60
549 54
550 57
551 56
552 57
553 57
554 58
555 57
556 58
557 58
558 61
559 57
560 57
561 59
562 59
563 62
564 56
565 56
566 59
567 60
568 55
569 55
570 59
571 57
572 55
573 57
574 60
575 56
576 58
577 52
578 56
579 53
580 53
581 56
582 52
583 60
584 61
585 56
586 59
587 57
588 61
589 54
590 58
591 57
592 59
593 58
594 56
595 56
596 55
597 56
598 58
599 58
600 60
601 58
602 61
603 56
604 57
605 56
606 59
607 56
608 58
609 54
610 55
611 61
612 58
613 51
614 58
615 59
616 60
617 62
618 58
619 58
620 49
621 59
622 60
623 52
624 59
625 60
626 60
627 59
628 59
629 56
630 61
631 59
632 63
633 58
634 59
635 60
636 60
637 62
638 59
639 59
640 60
641 60
642 56
643 58
644 59
645 58
646 58
647 55
648 59
649 53
650 59
651 56
652 58
653 58
654 53
655 57
656 59
657 59
658 58
659 55
660 56
661 55
662 60
663 59
664 61
665 58
666 60
667 57
668 58
669 55
670 56
671 61
672 54
673 52
674 53
675 57
676 56
677 55
678 54
679 59
680 52
681 55
682 63
683 57
684 56
685 53
686 59
687 56
688 58
689 58
690 59
691 58
692 58
693 59
694 58
695 58
696 55
697 54
698 52
699 57
700 58
701 57
702 61
703 59
704 52
705 58
706 55
707 58
708 55
709 56
710 56
711 55
712 57
713 55
714 57
715 58
716 57
717 54
718 58
719 58
720 55
721 52
722 55
723 59
724 57
725 52
726 55
727 60
728 56
729 54
730 58
731 56
732 55
733 61
734 60
735 58
736 57
737 59
738 58
739 58
740 59
741 59
742 52
743 57
744 60
745 57
746 61
747 58
748 57
749 61
750 60
751 58
752 56
753 58
754 58
755 60
756 59
757 56
758 49
759 57
760 55
761 58
762 61
763 53
764 56
765 59
766 59
767 56
768 60
769 55
770 57
771 54
772 57
773 61
774 58
775 57
776 58
777 52
778 54
779 57
780 58
781 60
782 57
783 58
784 57
785 59
786 56
787 52
788 53
789 61
790 60
791 59
792 61
793 59
794 57
795 58
796 54
797 53
798 61
799 60
800 56
801 53
802 60
803 57
804 56
805 52
806 60
807 58
808 58
809 56
810 49
811 57
812 56
813 56
814 52
815 60
816 60
817 59
818 57
819 53
820 60
821 58
822 59
823 57
824 57
825 56
826 59
827 55
828 58
829 58
830 56
831 52
832 58
833 58
834 57
835 58
836 58
837 56
838 57
839 59
840 58
841 54
842 57
843 56
844 63
845 60
846 59
847 54
848 61
849 61
850 54
851 59
852 59
853 60
854 58
855 59
856 57
857 58
858 57
859 55
860 59
861 59
862 58
863 56
864 59
865 57
866 58
867 58
868 61
869 61
870 57
871 57
872 60
873 61
874 55
875 62
876 59
877 58
878 62
879 55
880 61
881 62
882 58
883 57
884 52
885 56
886 51
887 54
888 58
889 60
890 61
891 63
892 61
893 58
894 59
895 59
896 62
897 56
898 57
899 55
900 58
901 59
902 60
903 57
904 48
905 59
906 52
907 49
908 54
909 56
910 59
911 61
912 59
913 54
914 60
915 55
916 58
917 54
918 61
919 61
920 58
921 56
922 61
923 57
924 62
925 56
926 60
927 57
928 55
929 56
930 58
931 59
932 57
933 56
934 58
935 61
936 57
937 57
938 56
939 55
940 61
941 56
942 56
943 55
944 52
945 56
946 61
947 57
948 52
949 59
950 54
951 53
952 53
953 58
954 58
955 55
956 56
957 62
958 61
959 54
960 53
961 59
962 58
963 61
964 58
965 60
966 55
967 54
968 61
969 58
970 55
971 56
972 50
973 56
974 56
975 56
976 57
977 56
978 60
979 60
980 58
981 60
982 55
983 54
984 47
985 54
986 58
987 62
988 56
989 57
990 62
991 59
992 58
993 59
994 61
995 58
996 55
997 57
998 58
999 63
1000 56
