0 35
1 31
2 27
3 26
4 25
5 22
6 19
7 19
8 18
9 17
10 17
11 17
12 17
13 15
14 15
15 14
16 15
17 16
18 16
19 15
20 16
21 17
22 16
23 16
24 15
25 15
26 13
27 14
28 14
29 14
30 12
31 13
32 11
33 11
34 11
35 11
36 12
37 12
38 12
39 12
40 11
41 12
42 13
43 12
44 10
45 12
46 12
47 11
48 12
49 9
50 10
51 10
52 11
53 12
54 13
55 14
56 12
57 13
58 12
59 14
60 14
61 15
62 16
63 15
64 16
65 15
66 16
67 15
68 15
69 15
70 16
71 15
72 15
73 15
74 14
75 15
76 15
77 15
78 15
79 15
80 15
81 16
82 17
83 18
84 19
85 18
86 18
87 15
88 15
89 14
90 14
91 13
92 14
93 14
94 15
95 15
96 17
97 16
98 16
99 16
100 17
101 16
102 14
103 14
104 13
105 15
106 14
107 14
108 15
109 14
110 14
111 12
112 11
113 12
114 11
115 11
116 13
117 13
118 13
119 13
120 12
121 11
122 11
123 11
124 12
125 11
126 11
127 12
128 12
129 11
130 12
131 13
132 13
133 13
134 13
135 14
136 14
137 15
138 15
139 16
140 16
141 16
142 16
143 17
144 16
145 16
146 16
147 13
148 14
149 14
150 14
151 15
152 13
153 12
154 13
155 12
156 12
157 13
158 12
159 11
160 13
161 14
162 14
163 14
164 13
165 13
166 12
167 12
168 10
169 10
170 10
171 12
172 12
173 12
174 14
175 13
176 13
177 13
178 12
179 14
180 14
181 14
182 16
183 17
184 17
185 18
186 18
187 16
188 15
189 14
190 14
191 14
192 15
193 15
194 15
195 15
196 17
197 18
198 19
199 18
200 19
201 19
202 18
203 17
204 16
205 16
206 15
207 15
208 15
209 15
210 14
211 14
212 14
213 15
214 14
215 13
216 13
217 13
218 12
219 13
220 14
221 14
222 14
223 15
224 15
225 15
226 15
227 15
228 14
229 14
230 12
231 12
232 13
233 14
234 15
235 15
236 14
237 14
238 15
239 15
240 15
241 17
242 14
243 14
244 16
245 16
246 15
247 14
248 14
249 15
250 15
251 15
252 16
253 16
254 15
255 13
256 13
257 13
258 13
259 15
260 15
261 16
262 17
263 17
264 16
265 16
266 15
267 16
268 17
269 17
270 17
271 17
272 17
273 14
274 13
275 12
276 12
277 12
278 12
279 11
280 12
281 14
282 15
283 15
284 15
285 17
286 18
287 17
288 15
289 16
290 16
291 16
292 15
293 15
294 14
295 17
296 18
297 15
298 14
299 13
300 14
301 15
302 15
303 15
304 15
305 15
306 16
307 15
308 16
309 15
310 17
311 18
312 18
313 17
314 18
315 18
316 16
317 15
318 13
319 12
320 13
321 13
322 12
323 14
324 12
325 13
326 11
327 12
328 13
329 13
330 13
331 13
332 12
333 14
334 14
335 13
336 15
337 15
338 13
339 14
340 15
341 15
342 14
343 14
344 14
345 13
346 14
347 14
348 14
349 14
350 14
351 12
352 10
353 12
354 11
355 13
356 14
357 14
358 16
359 16
360 16
361 15
362 15
363 15
364 16
365 15
366 17
367 17
368 17
369 17
370 18
371 16
372 17
373 15
374 15
375 15
376 15
377 15
378 13
379 14
380 13
381 12
382 12
383 14
384 16
385 17
386 17
387 17
388 17
389 17
390 16
391 17
392 15
393 15
394 14
395 13
396 13
397 14
398 13
399 13
400 13
401 12
402 14
403 15
404 14
405 15
406 13
407 12
408 10
409 10
410 11
411 12
412 12
413 11
414 12
415 12
416 11
417 11
418 12
419 10
420 10
421 9
422 11
423 9
424 11
425 11
426 10
427 11
428 11
429 10
430 9
431 12
432 12
433 13
434 13
435 13
436 14
437 15
438 15
439 16
440 15
441 13
442 14
443 12
444 13
445 12
446 13
447 13
448 14
449 14
450 14
451 15
452 14
453 14
454 14
455 14
456 14
457 15
458 15
459 15
460 15
461 16
462 14
463 15
464 16
465 16
466 16
467 17
468 16
469 16
470 15
471 13
472 10
473 11
474 9
475 9
476 9
477 10
478 13
479 14
480 14
481 14
482 13
483 14
484 14
485 15
486 16
487 15
488 15
489 15
490 13
491 14
492 14
493 14
494 14
495 13
496 14
497 14
498 14
499 12
500 11
501 12
502 12
503 13
504 14
505 12
506 12
507 13
508 14
509 13
510 12
511 13
512 13
513 13
514 13
515 14
516 13
517 12
518 13
519 15
520 14
521 14
522 14
523 14
524 15
525 14
526 14
527 14
528 13
529 13
530 12
531 12
532 13
533 12
534 12
535 13
536 12
537 11
538 11
539 12
540 13
541 14
542 15
543 14
544 12
545 13
546 14
547 14
548 15
549 15
550 14
551 14
552 14
553 14
554 13
555 12
556 12
557 13
558 13
559 12
560 12
561 12
562 13
563 12
564 13
565 13
566 13
567 12
568 10
569 11
570 12
571 12
572 12
573 12
574 13
575 13
576 10
577 11
578 12
579 13
580 13
581 13
582 11
583 12
584 14
585 13
586 13
587 14
588 14
589 15
590 14
591 15
592 15
593 14
594 14
595 13
596 12
597 13
598 13
599 12
600 11
601 11
602 10
603 12
604 13
605 14
606 14
607 12
608 14
609 14
610 12
611 13
612 12
613 11
614 12
615 12
616 10
617 11
618 13
619 13
620 14
621 11
622 11
623 11
624 11
625 12
626 10
627 12
628 12
629 14
630 14
631 14
632 14
633 15
634 14
635 14
636 15
637 16
638 17
639 17
640 17
641 17
642 15
643 15
644 13
645 13
646 13
647 13
648 12
649 13
650 13
651 13
652 14
653 15
654 14
655 13
656 13
657 15
658 16
659 14
660 13
661 12
662 10
663 11
664 9
665 8
666 8
667 7
668 8
669 8
670 9
671 9
672 10
673 10
674 9
675 9
676 10
677 10
678 10
679 9
680 9
681 10
682 9
683 10
684 11
685 11
686 11
687 12
688 14
689 15
690 16
691 16
692 17
693 17
694 16
695 16
696 16
697 14
698 13
699 14
700 13
701 11
702 12
703 14
704 12
705 13
706 13
707 13
708 12
709 11
710 12
711 14
712 13
713 13
714 14
715 15
716 15
717 16
718 17
719 16
720 16
721 14
722 14
723 13
724 13
725 12
726 11
727 12
728 11
729 12
730 11
731 11
732 11
733 12
734 14
735 15
736 15
737 16
738 16
739 16
740 17
741 16
742 16
743 17
744 17
745 16
746 16
747 16
748 14
749 14
750 15
751 14
752 14
753 15
754 16
755 17
756 16
757 17
758 17
759 17
760 17
761 17
762 18
763 17
764 16
765 16
766 16
767 16
768 16
769 14
770 15
771 14
772 14
773 15
774 14
775 14
776 13
777 12
778 13
779 13
780 13
781 12
782 13
783 13
784 12
785 12
786 13
787 14
788 14
789 13
790 13
791 13
792 13
793 12
794 12
795 12
796 12
797 13
798 13
799 13
800 14
801 14
802 16
803 16
804 15
805 14
806 16
807 17
808 16
809 15
810 15
811 15
812 14
813 15
814 15
815 15
816 14
817 14
818 14
819 14
820 14
821 13
822 14
823 16
824 16
825 16
826 16
827 16
828 16
829 15
830 14
831 14
832 13
833 12
834 14
835 14
836 14
837 15
838 15
839 15
840 14
841 15
842 15
843 13
844 14
845 14
846 13
847 13
848 11
849 11
850 10
851 12
852 14
853 14
854 14
855 12
856 12
857 13
858 14
859 14
860 14
861 15
862 15
863 15
864 17
865 16
866 14
867 14
868 15
869 14
870 14
871 13
872 11
873 11
874 10
875 11
876 13
877 12
878 12
879 12
880 11
881 13
882 13
883 13
884 14
885 13
886 13
887 11
888 11
889 11
890 11
891 11
892 11
893 12
894 11
895 11
896 12
897 13
898 14
899 14
900 14
901 14
902 13
903 13
904 13
905 13
906 13
907 13
908 13
909 13
910 12
911 12
912 13
913 13
914 13
915 14
916 14
917 13
918 13
919 12
920 13
921 12
922 13
923 11
924 11
925 11
926 12
927 12
928 13
929 14
930 16
931 15
932 15
933 15
934 15
935 16
936 16
937 15
938 15
939 15
940 16
941 17
942 17
943 16
944 16
945 16
946 16
947 15
948 15
949 14
950 16
951 15
952 15
953 14
954 15
955 15
956 14
957 15
958 15
959 13
960 13
961 15
962 16
963 16
964 15
965 14
966 15
967 13
968 13
969 13
970 14
971 15
972 16
973 16
974 17
975 16
976 17
977 17
978 16
979 15
980 15
981 15
982 16
983 17
984 17
985 17
986 16
987 14
988 15
989 15
990 15
991 14
992 14
993 15
994 16
995 17
996 17
997 18
998 17
999 16
1000 15
