0 25
1 22
2 20
3 20
4 20
5 18
6 16
7 15
8 14
9 15
10 14
11 13
12 14
13 17
14 17
15 16
16 16
17 15
18 13
19 14
20 15
21 15
22 14
23 15
24 12
25 13
26 11
27 12
28 16
29 16
30 14
31 12
32 10
33 10
34 10
35 12
36 14
37 10
38 10
39 15
40 15
41 16
42 17
43 14
44 14
45 17
46 17
47 15
48 15
49 14
50 13
51 13
52 14
53 13
54 14
55 13
56 15
57 15
58 15
59 15
60 15
61 15
62 17
63 15
64 14
65 14
66 15
67 15
68 13
69 13
70 16
71 16
72 16
73 16
74 16
75 15
76 16
77 17
78 17
79 17
80 16
81 15
82 14
83 17
84 18
85 18
86 20
87 20
88 20
89 20
90 19
91 20
92 18
93 18
94 17
95 18
96 19
97 17
98 16
99 16
100 16
101 16
102 14
103 15
104 14
105 13
106 13
107 14
108 16
109 15
110 15
111 16
112 18
113 17
114 17
115 16
116 15
117 17
118 16
119 17
120 17
121 16
122 18
123 16
124 17
125 15
126 17
127 16
128 16
129 18
130 19
131 18
132 15
133 16
134 15
135 17
136 17
137 16
138 18
139 17
140 16
141 16
142 14
143 16
144 17
145 16
146 17
147 18
148 18
149 17
150 15
151 15
152 16
153 16
154 17
155 17
156 17
157 15
158 14
159 15
160 15
161 14
162 13
163 14
164 11
165 11
166 13
167 10
168 14
169 15
170 14
171 14
172 15
173 14
174 14
175 15
176 16
177 17
178 19
179 20
180 19
181 18
182 18
183 18
184 19
185 15
186 13
187 14
188 16
189 15
190 16
191 17
192 17
193 14
194 13
195 12
196 12
197 12
198 15
199 15
200 16
201 17
202 17
203 14
204 15
205 15
206 13
207 13
208 14
209 14
210 14
211 16
212 17
213 18
214 18
215 17
216 17
217 16
218 16
219 19
220 20
221 17
222 17
223 17
224 16
225 15
226 15
227 13
228 14
229 14
230 15
231 15
232 15
233 14
234 12
235 13
236 14
237 14
238 16
239 16
240 15
241 15
242 16
243 17
244 17
245 16
246 17
247 19
248 18
249 17
250 19
251 17
252 17
253 18
254 18
255 17
256 16
257 14
258 14
259 13
260 13
261 13
262 14
263 15
264 15
265 15
266 16
267 13
268 12
269 11
270 12
271 12
272 12
273 13
274 12
275 14
276 14
277 13
278 15
279 15
280 14
281 14
282 17
283 17
284 15
285 16
286 16
287 17
288 16
289 15
290 16
291 14
292 16
293 17
294 18
295 15
296 16
297 17
298 15
299 14
300 17
301 15
302 14
303 15
304 15
305 13
306 14
307 14
308 13
309 13
310 13
311 14
312 14
313 12
314 13
315 16
316 15
317 13
318 14
319 13
320 15
321 17
322 17
323 17
324 16
325 17
326 19
327 18
328 17
329 18
330 18
331 18
332 18
333 17
334 17
335 16
336 17
337 16
338 16
339 15
340 13
341 15
342 15
343 14
344 13
345 11
346 15
347 17
348 17
349 17
350 18
351 18
352 16
353 16
354 15
355 15
356 17
357 17
358 16
359 19
360 19
361 17
362 17
363 16
364 18
365 17
366 20
367 18
368 18
369 18
370 17
371 17
372 17
373 16
374 17
375 17
376 15
377 16
378 16
379 16
380 18
381 17
382 18
383 16
384 15
385 16
386 16
387 17
388 15
389 16
390 15
391 16
392 14
393 15
394 15
395 15
396 17
397 16
398 17
399 18
400 17
401 15
402 16
403 15
404 16
405 17
406 18
407 17
408 16
409 16
410 16
411 16
412 11
413 11
414 13
415 14
416 13
417 13
418 13
419 13
420 15
421 15
422 14
423 14
424 15
425 14
426 14
427 14
428 15
429 15
430 13
431 15
432 16
433 18
434 18
435 16
436 16
437 16
438 17
439 17
440 15
441 15
442 15
443 16
444 16
445 15
446 16
447 16
448 14
449 15
450 14
451 13
452 13
453 14
454 15
455 16
456 17
457 18
458 17
459 17
460 17
461 16
462 15
463 13
464 12
465 12
466 10
467 12
468 12
469 14
470 13
471 15
472 15
473 17
474 17
475 17
476 14
477 15
478 17
479 15
480 15
481 11
482 15
483 15
484 13
485 14
486 13
487 14
488 14
489 13
490 13
491 14
492 13
493 14
494 16
495 16
496 18
497 18
498 17
499 16
500 15
501 16
502 15
503 17
504 16
505 14
506 13
507 14
508 13
509 12
510 12
511 14
512 12
513 12
514 10
515 12
516 14
517 14
518 14
519 15
520 17
521 18
522 20
523 20
524 17
525 17
526 16
527 17
528 15
529 18
530 18
531 18
532 16
533 15
534 12
535 14
536 15
537 17
538 16
539 17
540 16
541 16
542 16
543 12
544 15
545 17
546 17
547 16
548 15
549 16
550 15
551 17
552 17
553 17
554 16
555 15
556 15
557 15
558 16
559 17
560 16
561 17
562 17
563 18
564 17
565 17
566 17
567 15
568 18
569 17
570 15
571 14
572 14
573 16
574 18
575 17
576 17
577 15
578 14
579 16
580 15
581 12
582 12
583 12
584 13
585 14
586 15
587 14
588 15
589 16
590 16
591 15
592 16
593 16
594 16
595 16
596 15
597 15
598 14
599 13
600 15
601 14
602 15
603 14
604 15
605 16
606 17
607 16
608 17
609 16
610 16
611 15
612 13
613 13
614 16
615 15
616 17
617 17
618 16
619 15
620 15
621 14
622 14
623 15
624 14
625 16
626 18
627 17
628 16
629 15
630 14
631 16
632 16
633 15
634 14
635 15
636 15
637 15
638 15
639 15
640 13
641 14
642 13
643 13
644 11
645 12
646 13
647 14
648 15
649 15
650 13
651 15
652 14
653 15
654 18
655 18
656 16
657 15
658 17
659 19
660 20
661 21
662 20
663 20
664 21
665 17
666 17
667 14
668 12
669 13
670 13
671 16
672 14
673 15
674 15
675 17
676 15
677 15
678 14
679 16
680 15
681 15
682 14
683 14
684 14
685 16
686 17
687 16
688 16
689 17
690 15
691 16
692 18
693 19
694 19
695 18
696 15
697 15
698 15
699 11
700 14
701 11
702 17
703 16
704 18
705 18
706 16
707 13
708 15
709 15
710 17
711 16
712 16
713 17
714 15
715 16
716 15
717 16
718 15
719 13
720 14
721 14
722 14
723 14
724 13
725 14
726 15
727 15
728 14
729 14
730 15
731 15
732 16
733 15
734 14
735 13
736 14
737 13
738 14
739 12
740 12
741 14
742 17
743 17
744 16
745 15
746 16
747 16
748 15
749 16
750 17
751 15
752 16
753 15
754 13
755 13
756 14
757 16
758 16
759 15
760 14
761 14
762 15
763 13
764 15
765 16
766 14
767 14
768 15
769 15
770 16
771 12
772 12
773 13
774 13
775 13
776 14
777 13
778 14
779 14
780 15
781 18
782 18
783 18
784 19
785 21
786 20
787 19
788 18
789 17
790 16
791 14
792 15
793 14
794 16
795 16
796 13
797 15
798 14
799 16
800 15
801 15
802 16
803 16
804 16
805 17
806 17
807 16
808 15
809 15
810 15
811 13
812 13
813 14
814 15
815 16
816 17
817 15
818 14
819 15
820 16
821 19
822 18
823 18
824 18
825 18
826 18
827 15
828 15
829 18
830 17
831 17
832 17
833 16
834 15
835 14
836 14
837 15
838 16
839 16
840 18
841 18
842 17
843 16
844 17
845 20
846 18
847 18
848 17
849 16
850 15
851 16
852 17
853 17
854 16
855 15
856 16
857 16
858 14
859 17
860 17
861 18
862 18
863 16
864 16
865 17
866 16
867 17
868 18
869 19
870 19
871 17
872 15
873 13
874 14
875 14
876 17
877 16
878 18
879 15
880 16
881 16
882 17
883 15
884 16
885 17
886 15
887 13
888 13
889 12
890 12
891 14
892 16
893 18
894 17
895 19
896 19
897 18
898 15
899 15
900 16
901 17
902 16
903 16
904 16
905 17
906 16
907 14
908 15
909 17
910 14
911 15
912 14
913 14
914 14
915 15
916 17
917 17
918 16
919 15
920 16
921 16
922 16
923 15
924 14
925 15
926 16
927 15
928 18
929 17
930 18
931 18
932 17
933 16
934 16
935 16
936 16
937 16
938 14
939 14
940 15
941 17
942 17
943 17
944 17
945 18
946 18
947 17
948 14
949 13
950 13
951 14
952 14
953 15
954 15
955 17
956 16
957 15
958 15
959 15
960 15
961 16
962 15
963 16
964 15
965 18
966 19
967 19
968 19
969 20
970 17
971 16
972 17
973 16
974 18
975 18
976 19
977 19
978 20
979 18
980 17
981 16
982 15
983 16
984 16
985 15
986 16
987 16
988 16
989 15
990 15
991 18
992 18
993 17
994 12
995 14
996 16
997 16
998 14
999 15
1000 15
