0 45
1 23
2 30
3 30
4 33
5 33
6 27
7 31
8 31
9 36
10 31
11 28
12 33
13 35
14 30
15 34
16 34
17 30
18 33
19 32
20 30
21 27
22 35
23 37
24 31
25 36
26 35
27 35
28 32
29 37
30 32
31 37
32 30
33 30
34 34
35 32
36 28
37 33
38 33
39 34
40 37
41 33
42 31
43 32
44 33
45 30
46 32
47 36
48 30
49 35
50 34
51 34
52 37
53 32
54 33
55 28
56 29
57 31
58 33
59 39
60 33
61 34
62 34
63 34
64 31
65 33
66 33
67 34
68 34
69 36
70 31
71 33
72 33
73 34
74 33
75 28
76 35
77 34
78 34
79 32
80 34
81 33
82 36
83 29
84 33
85 30
86 34
87 35
88 31
89 34
90 32
91 30
92 30
93 34
94 32
95 33
96 28
97 28
98 32
99 35
100 28
101 33
102 33
103 31
104 31
105 30
106 30
107 34
108 30
109 27
110 23
111 34
112 33
113 28
114 34
115 35
116 35
117 30
118 33
119 29
120 32
121 34
122 27
123 30
124 34
125 32
126 31
127 33
128 31
129 27
130 32
131 31
132 30
133 35
134 28
135 32
136 32
137 34
138 34
139 37
140 32
141 33
142 28
143 30
144 33
145 35
146 32
147 32
148 33
149 29
150 33
151 32
152 36
153 31
154 27
155 37
156 33
157 34
158 34
159 29
160 31
161 31
162 31
163 30
164 33
165 36
166 34
167 33
168 29
169 35
170 30
171 33
172 35
173 33
174 34
175 37
176 30
177 26
178 36
179 30
180 33
181 35
182 34
183 33
184 33
185 31
186 30
187 32
188 37
189 30
190 32
191 33
192 31
193 35
194 32
195 31
196 32
197 34
198 31
199 36
200 31
201 33
202 30
203 31
204 31
205 29
206 28
207 29
208 36
209 34
210 35
211 32
212 34
213 31
214 33
215 31
216 31
217 28
218 29
219 35
220 30
221 30
222 30
223 28
224 33
225 35
226 33
227 32
228 30
229 33
230 30
231 26
232 29
233 29
234 31
235 31
236 31
237 27
238 30
239 34
240 30
241 29
242 26
243 34
244 33
245 32
246 31
247 29
248 32
249 34
250 35
251 33
252 34
253 32
254 32
255 30
256 28
257 32
258 34
259 34
260 32
261 33
262 31
263 30
264 34
265 31
266 27
267 28
268 34
269 32
270 36
271 27
272 30
273 31
274 31
275 29
276 31
277 31
278 29
279 33
280 33
281 33
282 31
283 34
284 33
285 30
286 31
287 31
288 32
289 29
290 28
291 29
292 36
293 33
294 27
295 29
296 32
297 32
298 35
299 33
300 37
301 29
302 34
303 29
304 29
305 36
306 33
307 34
308 32
309 30
310 35
311 31
312 35
313 29
314 32
315 34
316 33
317 33
318 32
319 36
320 30
321 31
322 32
323 30
324 31
325 30
326 34
327 35
328 33
329 32
330 31
331 28
332 29
333 30
334 32
335 33
336 33
337 30
338 31
339 30
340 36
341 34
342 34
343 32
344 34
345 31
346 33
347 31
348 29
349 35
350 33
351 28
352 31
353 29
354 33
355 31
356 30
357 32
358 34
359 31
360 35
361 33
362 28
363 33
364 29
365 32
366 33
367 29
368 35
369 34
370 29
371 33
372 30
373 34
374 32
375 32
376 34
377 34
378 29
379 32
380 27
381 31
382 31
383 28
384 31
385 30
386 33
387 33
388 35
389 31
390 36
391 26
392 35
393 33
394 38
395 30
396 31
397 31
398 32
399 34
400 30
401 32
402 35
403 30
404 31
405 29
406 26
407 34
408 29
409 29
410 35
411 30
412 29
413 35
414 32
415 36
416 36
417 34
418 28
419 28
420 29
421 27
422 33
423 34
424 33
425 28
426 30
427 31
428 34
429 33
430 34
431 36
432 33
433 28
434 34
435 38
436 29
437 32
438 31
439 33
440 31
441 36
442 36
443 33
444 33
445 35
446 34
447 31
448 36
449 29
450 33
451 36
452 29
453 29
454 33
455 33
456 34
457 33
458 32
459 33
460 30
461 29
462 30
463 31
464 32
465 33
466 28
467 28
468 31
469 35
470 32
471 29
472 30
473 29
474 32
475 30
476 31
477 30
478 33
479 31
480 29
481 30
482 33
483 32
484 33
485 31
486 34
487 34
488 34
489 34
490 31
491 32
492 37
493 31
494 33
495 34
496 35
497 32
498 32
499 34
500 32
501 37
502 33
503 34
504 36
505 30
506 30
507 29
508 35
509 32
510 31
511 33
512 33
513 34
514 33
515 32
516 32
517 34
518 35
519 29
520 29
521 29
522 34
523 32
524 35
525 34
526 33
527 33
528 34
529 31
530 36
531 31
532 32
533 35
534 30
535 29
536 34
537 30
538 35
539 31
540 32
541 35
542 33
543 36
544 36
545 31
546 34
547 31
548 31
549 28
550 34
551 31
552 32
553 26
554 34
555 31
556 32
557 34
558 32
559 30
560 34
561 27
562 29
563 29
564 32
565 35
566 33
567 32
568 28
569 31
570 32
571 32
572 32
573 32
574 29
575 33
576 32
577 34
578 34
579 33
580 31
581 31
582 34
583 32
584 32
585 32
586 30
587 31
588 35
589 29
590 33
591 32
592 31
593 28
594 32
595 34
596 25
597 28
598 33
599 30
600 34
601 33
602 30
603 32
604 37
605 37
606 29
607 33
608 31
609 29
610 30
611 34
612 33
613 30
614 35
615 31
616 31
617 35
618 34
619 33
620 26
621 34
622 36
623 29
624 30
625 33
626 32
627 30
628 37
629 34
630 30
631 34
632 30
633 28
634 31
635 28
636 34
637 31
638 34
639 25
640 35
641 30
642 29
643 30
644 30
645 35
646 36
647 36
648 35
649 35
650 34
651 33
652 29
653 33
654 29
655 35
656 31
657 25
658 34
659 34
660 30
661 31
662 33
663 31
664 34
665 33
666 31
667 32
668 31
669 31
670 31
671 32
672 32
673 28
674 37
675 36
676 29
677 33
678 28
679 29
680 33
681 35
682 33
683 31
684 30
685 28
686 31
687 29
688 32
689 32
690 32
691 32
692 32
693 32
694 35
695 33
696 30
697 34
698 32
699 34
700 27
701 33
702 32
703 35
704 35
705 32
706 31
707 36
708 32
709 33
710 32
711 32
712 30
713 37
714 32
715 32
716 35
717 30
718 32
719 31
720 30
721 31
722 32
723 33
724 34
725 31
726 31
727 35
728 34
729 34
730 34
731 32
732 34
733 35
734 36
735 31
736 30
737 32
738 27
739 38
740 34
741 29
742 31
743 32
744 33
745 37
746 33
747 31
748 36
749 29
750 31
751 35
752 29
753 31
754 33
755 31
756 35
757 29
758 29
759 34
760 34
761 27
762 33
763 33
764 31
765 38
766 31
767 34
768 34
769 34
770 29
771 33
772 32
773 37
774 33
775 34
776 33
777 32
778 35
779 36
780 35
781 31
782 29
783 35
784 33
785 31
786 30
787 36
788 35
789 36
790 31
791 32
792 34
793 33
794 32
795 36
796 29
797 33
798 37
799 31
800 32
801 32
802 38
803 29
804 30
805 31
806 34
807 34
808 32
809 35
810 34
811 31
812 33
813 33
814 31
815 28
816 35
817 31
818 31
819 37
820 33
821 36
822 33
823 32
824 31
825 35
826 35
827 31
828 34
829 31
830 34
831 35
832 36
833 32
834 29
835 35
836 39
837 34
838 36
839 31
840 28
841 36
842 32
843 32
844 31
845 32
846 34
847 32
848 32
849 31
850 32
851 36
852 33
853 31
854 31
855 33
856 32
857 32
858 33
859 34
860 35
861 32
862 32
863 34
864 34
865 33
866 33
867 36
868 31
869 32
870 32
871 25
872 31
873 35
874 27
875 31
876 31
877 32
878 33
879 39
880 36
881 33
882 30
883 30
884 34
885 30
886 32
887 35
888 32
889 33
890 33
891 38
892 32
893 32
894 29
895 32
896 33
897 33
898 30
899 35
900 29
901 26
902 33
903 31
904 35
905 37
906 36
907 34
908 32
909 31
910 35
911 32
912 33
913 34
914 33
915 34
916 31
917 32
918 30
919 30
920 31
921 27
922 33
923 32
924 35
925 33
926 33
927 28
928 33
929 32
930 37
931 34
932 32
933 32
934 33
935 34
936 33
937 32
938 35
939 35
940 32
941 32
942 29
943 27
944 31
945 32
946 28
947 30
948 31
949 35
950 31
951 32
952 32
953 36
954 32
955 32
956 34
957 30
958 30
959 28
960 31
961 34
962 31
963 34
964 29
965 34
966 33
967 36
968 33
969 28
970 35
971 34
972 28
973 31
974 30
975 32
976 35
977 34
978 34
979 31
980 30
981 36
982 30
983 30
984 34
985 32
986 37
987 28
988 31
989 35
990 33
991 34
992 34
993 33
994 32
995 32
996 28
997 32
998 29
999 30
1000 29
