0 45
1 39
2 39
3 36
4 35
5 35
6 32
7 30
8 30
9 22
10 25
11 26
12 27
13 29
14 32
15 29
16 30
17 29
18 30
19 32
20 28
21 25
22 26
23 27
24 30
25 29
26 28
27 29
28 33
29 35
30 32
31 32
32 32
33 26
34 27
35 25
36 26
37 26
38 27
39 27
40 29
41 29
42 30
43 31
44 34
45 32
46 35
47 35
48 32
49 28
50 28
51 28
52 31
53 30
54 32
55 27
56 28
57 30
58 32
59 32
60 31
61 31
62 32
63 30
64 29
65 32
66 35
67 35
68 35
69 27
70 30
71 30
72 27
73 26
74 27
75 31
76 31
77 30
78 34
79 35
80 32
81 33
82 34
83 34
84 33
85 31
86 30
87 30
88 30
89 30
90 31
91 30
92 31
93 32
94 33
95 29
96 28
97 30
98 28
99 30
100 30
101 29
102 31
103 32
104 31
105 30
106 28
107 29
108 28
109 29
110 31
111 32
112 28
113 30
114 30
115 29
116 29
117 27
118 30
119 29
120 26
121 27
122 27
123 30
124 31
125 31
126 29
127 30
128 30
129 33
130 31
131 33
132 30
133 31
134 31
135 28
136 28
137 32
138 31
139 31
140 31
141 30
142 31
143 31
144 29
145 31
146 29
147 30
148 30
149 25
150 27
151 31
152 26
153 30
154 29
155 30
156 30
157 32
158 31
159 31
160 30
161 31
162 29
163 30
164 26
165 29
166 30
167 29
168 32
169 31
170 30
171 29
172 30
173 27
174 27
175 27
176 30
177 29
178 28
179 29
180 28
181 30
182 29
183 28
184 22
185 25
186 27
187 28
188 28
189 32
190 34
191 32
192 33
193 33
194 33
195 31
196 30
197 31
198 29
199 32
200 32
201 35
202 28
203 32
204 32
205 34
206 33
207 35
208 33
209 37
210 34
211 37
212 35
213 32
214 31
215 35
216 35
217 35
218 32
219 34
220 24
221 28
222 29
223 33
224 31
225 32
226 32
227 35
228 36
229 35
230 34
231 32
232 32
233 31
234 29
235 28
236 29
237 33
238 29
239 29
240 29
241 31
242 31
243 29
244 28
245 29
246 32
247 33
248 31
249 33
250 34
251 33
252 32
253 33
254 32
255 30
256 31
257 30
258 31
259 28
260 31
261 32
262 27
263 29
264 27
265 29
266 33
267 32
268 30
269 26
270 25
271 29
272 26
273 30
274 30
275 31
276 30
277 29
278 27
279 28
280 27
281 30
282 29
283 27
284 29
285 30
286 33
287 33
288 33
289 31
290 31
291 31
292 30
293 29
294 30
295 31
296 32
297 30
298 31
299 30
300 31
301 30
302 31
303 33
304 33
305 32
306 30
307 31
308 31
309 26
310 24
311 27
312 30
313 28
314 31
315 31
316 29
317 27
318 29
319 30
320 30
321 32
322 33
323 34
324 35
325 33
326 31
327 34
328 35
329 35
330 33
331 29
332 29
333 26
334 27
335 31
336 31
337 30
338 32
339 26
340 26
341 25
342 24
343 25
344 30
345 28
346 27
347 30
348 32
349 29
350 32
351 32
352 32
353 29
354 34
355 33
356 33
357 30
358 26
359 28
360 31
361 33
362 32
363 35
364 33
365 32
366 33
367 32
368 31
369 33
370 34
371 35
372 32
373 34
374 33
375 33
376 26
377 28
378 27
379 24
380 30
381 29
382 33
383 31
384 29
385 27
386 29
387 28
388 29
389 31
390 31
391 27
392 29
393 31
394 30
395 31
396 33
397 32
398 30
399 29
400 33
401 32
402 31
403 31
404 29
405 29
406 23
407 24
408 25
409 29
410 30
411 34
412 33
413 31
414 30
415 32
416 29
417 29
418 29
419 31
420 32
421 32
422 31
423 28
424 26
425 29
426 30
427 32
428 34
429 35
430 32
431 31
432 35
433 37
434 31
435 32
436 29
437 32
438 33
439 32
440 32
441 32
442 31
443 28
444 28
445 29
446 30
447 33
448 33
449 30
450 29
451 31
452 31
453 30
454 32
455 32
456 30
457 32
458 31
459 31
460 30
461 25
462 23
463 25
464 26
465 26
466 28
467 27
468 29
469 26
470 26
471 27
472 28
473 30
474 25
475 23
476 27
477 30
478 31
479 28
480 28
481 30
482 30
483 30
484 28
485 30
486 30
487 25
488 27
489 27
490 28
491 27
492 31
493 29
494 24
495 27
496 30
497 29
498 28
499 27
500 31
501 28
502 28
503 31
504 29
505 26
506 28
507 26
508 30
509 32
510 32
511 31
512 34
513 30
514 33
515 30
516 29
517 32
518 31
519 34
520 33
521 34
522 33
523 31
524 32
525 30
526 30
527 30
528 31
529 30
530 31
531 31
532 32
533 32
534 33
535 34
536 32
537 34
538 32
539 33
540 30
541 30
542 29
543 29
544 26
545 28
546 29
547 30
548 29
549 28
550 28
551 25
552 29
553 26
554 30
555 29
556 30
557 31
558 31
559 32
560 33
561 31
562 33
563 34
564 33
565 33
566 38
567 37
568 33
569 32
570 29
571 32
572 30
573 32
574 33
575 29
576 31
577 31
578 30
579 28
580 26
581 28
582 28
583 30
584 32
585 29
586 27
587 26
588 30
589 27
590 33
591 36
592 35
593 34
594 34
595 32
596 31
597 30
598 26
599 29
600 27
601 28
602 26
603 30
604 29
605 29
606 29
607 29
608 32
609 28
610 30
611 31
612 31
613 32
614 28
615 29
616 33
617 29
618 27
619 30
620 26
621 32
622 30
623 31
624 31
625 31
626 32
627 31
628 32
629 33
630 32
631 34
632 36
633 32
634 29
635 30
636 30
637 31
638 32
639 32
640 34
641 30
642 28
643 28
644 31
645 34
646 37
647 36
648 32
649 32
650 35
651 29
652 31
653 32
654 30
655 25
656 24
657 23
658 26
659 30
660 31
661 33
662 32
663 32
664 27
665 28
666 26
667 28
668 30
669 29
670 29
671 31
672 32
673 30
674 28
675 32
676 32
677 28
678 29
679 30
680 27
681 31
682 28
683 30
684 29
685 26
686 29
687 29
688 32
689 32
690 30
691 34
692 33
693 32
694 29
695 29
696 31
697 29
698 32
699 28
700 30
701 33
702 31
703 31
704 33
705 33
706 31
707 32
708 33
709 35
710 35
711 33
712 28
713 35
714 28
715 32
716 32
717 34
718 34
719 35
720 36
721 34
722 34
723 33
724 33
725 32
726 31
727 32
728 32
729 33
730 33
731 35
732 35
733 33
734 34
735 33
736 35
737 35
738 35
739 31
740 31
741 28
742 32
743 31
744 29
745 31
746 29
747 31
748 31
749 30
750 29
751 29
752 32
753 31
754 30
755 32
756 33
757 30
758 30
759 31
760 28
761 27
762 28
763 28
764 27
765 28
766 27
767 26
768 29
769 25
770 27
771 30
772 30
773 31
774 34
775 33
776 35
777 31
778 31
779 33
780 32
781 30
782 30
783 31
784 30
785 34
786 33
787 31
788 31
789 31
790 34
791 34
792 31
793 30
794 30
795 32
796 30
797 33
798 29
799 31
800 32
801 31
802 34
803 36
804 33
805 35
806 32
807 34
808 32
809 30
810 32
811 34
812 29
813 28
814 32
815 30
816 26
817 26
818 26
819 28
820 25
821 30
822 32
823 28
824 29
825 30
826 31
827 30
828 33
829 32
830 31
831 33
832 28
833 32
834 29
835 29
836 31
837 33
838 33
839 33
840 35
841 35
842 30
843 30
844 33
845 34
846 29
847 28
848 32
849 33
850 33
851 30
852 30
853 28
854 30
855 30
856 29
857 26
858 26
859 29
860 29
861 29
862 32
863 31
864 33
865 32
866 30
867 27
868 28
869 29
870 29
871 31
872 26
873 27
874 29
875 30
876 32
877 30
878 25
879 32
880 32
881 32
882 28
883 32
884 31
885 30
886 31
887 28
888 30
889 29
890 29
891 27
892 28
893 31
894 29
895 27
896 31
897 31
898 29
899 31
900 32
901 34
902 33
903 30
904 28
905 30
906 32
907 30
908 33
909 33
910 33
911 30
912 32
913 31
914 33
915 31
916 33
917 33
918 29
919 29
920 30
921 29
922 32
923 36
924 34
925 34
926 31
927 29
928 32
929 30
930 30
931 32
932 33
933 32
934 33
935 29
936 31
937 34
938 33
939 35
940 34
941 32
942 29
943 29
944 29
945 32
946 30
947 31
948 31
949 32
950 33
951 32
952 33
953 32
954 32
955 29
956 32
957 32
958 26
959 28
960 28
961 28
962 28
963 25
964 25
965 26
966 27
967 32
968 27
969 23
970 28
971 30
972 29
973 30
974 24
975 23
976 26
977 27
978 27
979 29
980 29
981 30
982 32
983 32
984 31
985 29
986 33
987 31
988 27
989 25
990 29
991 30
992 31
993 30
994 30
995 29
996 27
997 28
998 29
999 30
1000 30
