0 60
1 43
2 38
3 37
4 42
5 42
6 39
7 38
8 38
9 40
10 45
11 37
12 36
13 36
14 37
15 37
16 37
17 36
18 39
19 39
20 36
21 40
22 40
23 39
24 34
25 40
26 39
27 38
28 39
29 37
30 39
31 41
32 36
33 36
34 39
35 39
36 36
37 37
38 36
39 38
40 38
41 38
42 39
43 37
44 38
45 42
46 36
47 33
48 33
49 40
50 44
51 43
52 38
53 35
54 37
55 36
56 37
57 36
58 38
59 38
60 40
61 44
62 43
63 39
64 39
65 39
66 39
67 38
68 40
69 40
70 42
71 39
72 38
73 37
74 40
75 37
76 32
77 37
78 40
79 38
80 41
81 37
82 42
83 41
84 43
85 39
86 38
87 40
88 41
89 39
90 39
91 40
92 39
93 38
94 40
95 39
96 39
97 42
98 39
99 37
100 36
101 37
102 35
103 37
104 38
105 40
106 39
107 41
108 39
109 34
110 39
111 39
112 40
113 38
114 39
115 39
116 41
117 38
118 40
119 39
120 37
121 39
122 36
123 34
124 36
125 40
126 37
127 38
128 42
129 40
130 40
131 39
132 38
133 37
134 38
135 38
136 38
137 39
138 39
139 40
140 39
141 39
142 40
143 41
144 39
145 38
146 39
147 41
148 40
149 39
150 37
151 37
152 41
153 39
154 39
155 37
156 38
157 35
158 39
159 38
160 38
161 40
162 38
163 38
164 35
165 40
166 35
167 40
168 39
169 41
170 43
171 41
172 39
173 39
174 38
175 37
176 36
177 37
178 39
179 39
180 40
181 40
182 38
183 38
184 33
185 36
186 39
187 37
188 38
189 39
190 41
191 37
192 40
193 36
194 38
195 38
196 38
197 36
198 38
199 35
200 36
201 39
202 35
203 38
204 38
205 35
206 41
207 37
208 36
209 37
210 41
211 36
212 32
213 35
214 37
215 40
216 38
217 40
218 42
219 39
220 39
221 37
222 38
223 38
224 36
225 37
226 34
227 36
228 38
229 40
230 40
231 38
232 41
233 38
234 32
235 38
236 42
237 40
238 42
239 42
240 40
241 38
242 40
243 37
244 40
245 39
246 39
247 40
248 38
249 40
250 41
251 36
252 41
253 38
254 37
255 37
256 33
257 38
258 38
259 40
260 40
261 42
262 41
263 42
264 39
265 40
266 41
267 41
268 41
269 36
270 37
271 38
272 41
273 41
274 37
275 39
276 39
277 38
278 37
279 38
280 40
281 36
282 38
283 38
284 39
285 39
286 37
287 41
288 40
289 39
290 40
291 40
292 40
293 40
294 39
295 41
296 38
297 35
298 32
299 38
300 37
301 36
302 37
303 39
304 39
305 40
306 42
307 39
308 39
309 41
310 40
311 42
312 32
313 39
314 41
315 41
316 40
317 36
318 35
319 34
320 31
321 38
322 36
323 38
324 41
325 39
326 36
327 40
328 42
329 39
330 40
331 38
332 39
333 40
334 37
335 37
336 39
337 40
338 40
339 38
340 34
341 40
342 44
343 41
344 42
345 41
346 38
347 37
348 40
349 39
350 37
351 33
352 41
353 41
354 38
355 34
356 37
357 37
358 35
359 41
360 42
361 38
362 40
363 34
364 40
365 42
366 41
367 38
368 40
369 41
370 37
371 40
372 40
373 38
374 37
375 39
376 39
377 36
378 38
379 39
380 40
381 42
382 41
383 38
384 40
385 37
386 41
387 35
388 42
389 38
390 38
391 42
392 39
393 38
394 36
395 38
396 35
397 34
398 36
399 38
400 40
401 39
402 40
403 38
404 36
405 40
406 41
407 40
408 40
409 36
410 31
411 36
412 39
413 42
414 39
415 35
416 39
417 36
418 39
419 36
420 35
421 39
422 37
423 38
424 35
425 38
426 40
427 41
428 42
429 41
430 39
431 36
432 39
433 42
434 39
435 39
436 36
437 38
438 35
439 35
440 40
441 37
442 39
443 40
444 41
445 42
446 40
447 31
448 36
449 39
450 36
451 40
452 38
453 38
454 39
455 38
456 36
457 40
458 42
459 37
460 38
461 40
462 41
463 39
464 41
465 36
466 37
467 36
468 41
469 41
470 40
471 38
472 39
473 38
474 34
475 38
476 39
477 37
478 36
479 41
480 43
481 40
482 36
483 34
484 38
485 41
486 39
487 40
488 39
489 38
490 41
491 41
492 40
493 43
494 40
495 37
496 39
497 36
498 39
499 40
500 42
501 41
502 41
503 40
504 41
505 39
506 38
507 41
508 38
509 39
510 39
511 40
512 35
513 36
514 39
515 40
516 37
517 42
518 39
519 33
520 38
521 38
522 38
523 37
524 39
525 36
526 39
527 38
528 34
529 35
530 35
531 41
532 41
533 38
534 40
535 38
536 39
537 38
538 41
539 42
540 40
541 38
542 36
543 38
544 37
545 38
546 36
547 30
548 38
549 39
550 41
551 38
552 37
553 40
554 37
555 38
556 38
557 41
558 36
559 39
560 40
561 39
562 39
563 39
564 42
565 39
566 37
567 40
568 38
569 40
570 39
571 39
572 39
573 39
574 36
575 39
576 42
577 41
578 37
579 41
580 36
581 37
582 38
583 36
584 39
585 37
586 39
587 40
588 38
589 39
590 42
591 42
592 39
593 38
594 39
595 40
596 43
597 43
598 35
599 40
600 36
601 39
602 35
603 36
604 39
605 40
606 40
607 41
608 42
609 38
610 39
611 42
612 41
613 39
614 40
615 42
616 42
617 40
618 38
619 38
620 36
621 34
622 39
623 37
624 42
625 40
626 40
627 38
628 33
629 36
630 37
631 42
632 35
633 39
634 39
635 42
636 40
637 42
638 37
639 39
640 45
641 41
642 40
643 42
644 39
645 36
646 39
647 40
648 41
649 40
650 36
651 40
652 38
653 41
654 43
655 46
656 41
657 37
658 38
659 39
660 36
661 39
662 38
663 39
664 40
665 39
666 35
667 41
668 42
669 42
670 41
671 40
672 38
673 37
674 36
675 41
676 39
677 37
678 39
679 43
680 39
681 40
682 38
683 40
684 39
685 42
686 41
687 41
688 43
689 38
690 40
691 36
692 37
693 35
694 33
695 38
696 41
697 42
698 39
699 40
700 38
701 37
702 36
703 38
704 37
705 37
706 39
707 36
708 34
709 38
710 37
711 38
712 37
713 40
714 37
715 38
716 41
717 39
718 37
719 38
720 40
721 42
722 41
723 38
724 40
725 34
726 37
727 41
728 41
729 41
730 38
731 39
732 37
733 39
734 40
735 40
736 38
737 39
738 39
739 35
740 41
741 39
742 41
743 41
744 39
745 41
746 38
747 41
748 37
749 42
750 39
751 40
752 37
753 37
754 35
755 39
756 37
757 38
758 38
759 40
760 41
761 35
762 35
763 39
764 37
765 37
766 36
767 37
768 37
769 40
770 39
771 41
772 39
773 38
774 41
775 36
776 36
777 36
778 38
779 38
780 42
781 39
782 38
783 38
784 41
785 37
786 37
787 40
788 38
789 40
790 35
791 35
792 39
793 36
794 37
795 37
796 37
797 40
798 39
799 38
800 39
801 40
802 36
803 39
804 40
805 41
806 39
807 39
808 38
809 39
810 43
811 41
812 37
813 41
814 41
815 37
816 39
817 39
818 38
819 37
820 34
821 39
822 36
823 42
824 41
825 41
826 39
827 39
828 37
829 40
830 39
831 38
832 40
833 39
834 35
835 36
836 38
837 40
838 38
839 41
840 43
841 39
842 32
843 39
844 35
845 35
846 38
847 37
848 43
849 38
850 37
851 39
852 38
853 36
854 38
855 39
856 35
857 41
858 40
859 38
860 38
861 36
862 41
863 40
864 39
865 37
866 38
867 39
868 38
869 40
870 40
871 39
872 38
873 38
874 38
875 37
876 41
877 40
878 41
879 38
880 39
881 37
882 39
883 35
884 35
885 36
886 38
887 40
888 38
889 39
890 40
891 38
892 36
893 37
894 39
895 45
896 39
897 41
898 39
899 40
900 38
901 40
902 36
903 42
904 41
905 40
906 38
907 34
908 38
909 37
910 39
911 40
912 39
913 40
914 43
915 39
916 38
917 41
918 38
919 35
920 38
921 39
922 37
923 40
924 38
925 38
926 35
927 41
928 40
929 38
930 37
931 38
932 38
933 38
934 40
935 43
936 40
937 36
938 36
939 35
940 37
941 40
942 35
943 40
944 40
945 40
946 39
947 41
948 39
949 41
950 41
951 40
952 43
953 42
954 41
955 41
956 39
957 40
958 38
959 34
960 39
961 39
962 37
963 35
964 41
965 40
966 39
967 33
968 36
969 40
970 38
971 41
972 42
973 38
974 38
975 37
976 36
977 33
978 38
979 39
980 38
981 40
982 43
983 40
984 41
985 42
986 41
987 41
988 38
989 39
990 31
991 38
992 38
993 34
994 36
995 36
996 42
997 39
998 36
999 37
1000 37
