0 55
1 50
2 44
3 40
4 36
5 35
6 35
7 33
8 32
9 29
10 31
11 28
12 27
13 28
14 31
15 30
16 31
17 32
18 29
19 29
20 31
21 29
22 28
23 26
24 26
25 27
26 29
27 31
28 31
29 31
30 29
31 27
32 29
33 28
34 30
35 28
36 27
37 28
38 31
39 30
40 29
41 28
42 27
43 23
44 26
45 29
46 28
47 28
48 28
49 30
50 29
51 28
52 28
53 29
54 30
55 28
56 29
57 30
58 30
59 31
60 33
61 32
62 33
63 33
64 31
65 29
66 30
67 31
68 31
69 30
70 30
71 30
72 30
73 30
74 30
75 29
76 29
77 29
78 28
79 29
80 31
81 31
82 32
83 32
84 32
85 30
86 29
87 29
88 29
89 28
90 30
91 30
92 29
93 31
94 29
95 27
96 25
97 28
98 29
99 29
100 29
101 29
102 30
103 30
104 29
105 30
106 29
107 28
108 29
109 29
110 27
111 28
112 29
113 28
114 29
115 27
116 28
117 24
118 24
119 23
120 26
121 29
122 27
123 29
124 27
125 29
126 29
127 27
128 29
129 27
130 29
131 29
132 28
133 25
134 28
135 27
136 29
137 29
138 29
139 31
140 31
141 29
142 29
143 29
144 32
145 32
146 32
147 31
148 31
149 32
150 30
151 30
152 32
153 31
154 31
155 31
156 29
157 28
158 27
159 27
160 28
161 30
162 30
163 31
164 33
165 33
166 33
167 33
168 33
169 31
170 31
171 31
172 32
173 31
174 30
175 29
176 28
177 27
178 26
179 28
180 27
181 26
182 25
183 26
184 28
185 29
186 30
187 30
188 30
189 30
190 29
191 26
192 26
193 25
194 26
195 26
196 27
197 30
198 29
199 27
200 29
201 30
202 28
203 28
204 26
205 28
206 28
207 25
208 26
209 25
210 25
211 24
212 25
213 25
214 25
215 26
216 29
217 30
218 28
219 29
220 25
221 26
222 28
223 26
224 25
225 25
226 27
227 28
228 26
229 26
230 29
231 29
232 27
233 27
234 28
235 25
236 28
237 29
238 28
239 26
240 27
241 27
242 29
243 30
244 29
245 29
246 28
247 26
248 26
249 28
250 28
251 26
252 26
253 28
254 28
255 25
256 25
257 26
258 25
259 26
260 26
261 27
262 28
263 27
264 25
265 25
266 27
267 29
268 31
269 32
270 32
271 31
272 30
273 29
274 25
275 27
276 29
277 30
278 29
279 30
280 28
281 29
282 29
283 32
284 33
285 33
286 32
287 28
288 29
289 29
290 26
291 26
292 26
293 28
294 30
295 27
296 28
297 26
298 27
299 26
300 24
301 23
302 26
303 27
304 28
305 30
306 30
307 29
308 31
309 34
310 30
311 31
312 29
313 29
314 29
315 30
316 29
317 28
318 29
319 30
320 33
321 31
322 29
323 28
324 30
325 31
326 30
327 29
328 27
329 28
330 27
331 28
332 28
333 28
334 30
335 31
336 30
337 28
338 28
339 29
340 30
341 29
342 25
343 27
344 27
345 28
346 29
347 29
348 25
349 26
350 29
351 30
352 30
353 31
354 28
355 29
356 28
357 28
358 28
359 28
360 25
361 26
362 29
363 29
364 27
365 29
366 28
367 29
368 30
369 30
370 28
371 27
372 26
373 25
374 26
375 26
376 29
377 30
378 30
379 27
380 25
381 26
382 27
383 27
384 29
385 32
386 28
387 29
388 27
389 27
390 27
391 27
392 27
393 27
394 29
395 29
396 29
397 29
398 29
399 29
400 30
401 30
402 30
403 30
404 30
405 28
406 28
407 28
408 30
409 29
410 30
411 31
412 31
413 29
414 28
415 29
416 32
417 33
418 32
419 30
420 28
421 27
422 28
423 28
424 29
425 31
426 29
427 30
428 30
429 32
430 32
431 31
432 31
433 31
434 28
435 28
436 30
437 27
438 29
439 28
440 28
441 29
442 27
443 29
444 28
445 28
446 30
447 32
448 31
449 32
450 31
451 29
452 31
453 30
454 29
455 31
456 29
457 28
458 29
459 25
460 25
461 25
462 25
463 24
464 24
465 26
466 28
467 29
468 28
469 29
470 29
471 30
472 32
473 32
474 33
475 33
476 29
477 28
478 26
479 25
480 27
481 31
482 31
483 32
484 31
485 31
486 33
487 32
488 34
489 35
490 30
491 29
492 29
493 30
494 31
495 29
496 29
497 28
498 29
499 31
500 30
501 31
502 30
503 27
504 28
505 27
506 28
507 27
508 27
509 24
510 28
511 28
512 30
513 29
514 30
515 30
516 31
517 30
518 29
519 29
520 30
521 30
522 30
523 27
524 28
525 30
526 31
527 31
528 31
529 31
530 32
531 30
532 28
533 29
534 30
535 32
536 32
537 31
538 31
539 30
540 31
541 31
542 31
543 29
544 28
545 30
546 31
547 28
548 28
549 29
550 31
551 30
552 29
553 30
554 28
555 27
556 27
557 29
558 29
559 29
560 31
561 32
562 31
563 25
564 28
565 28
566 29
567 30
568 29
569 27
570 29
571 27
572 28
573 29
574 28
575 28
576 28
577 27
578 30
579 26
580 26
581 28
582 29
583 27
584 28
585 25
586 23
587 25
588 26
589 29
590 29
591 26
592 27
593 29
594 26
595 28
596 29
597 29
598 30
599 30
600 30
601 30
602 30
603 31
604 31
605 33
606 31
607 33
608 31
609 29
610 28
611 28
612 28
613 27
614 30
615 31
616 32
617 29
618 29
619 29
620 29
621 29
622 30
623 30
624 30
625 32
626 33
627 32
628 28
629 26
630 26
631 27
632 28
633 26
634 27
635 28
636 28
637 30
638 32
639 29
640 29
641 32
642 33
643 33
644 33
645 31
646 30
647 32
648 29
649 31
650 30
651 30
652 31
653 32
654 32
655 33
656 33
657 32
658 33
659 30
660 30
661 32
662 32
663 31
664 30
665 30
666 31
667 31
668 28
669 29
670 28
671 27
672 28
673 29
674 30
675 31
676 30
677 28
678 27
679 26
680 25
681 29
682 31
683 30
684 27
685 28
686 27
687 28
688 30
689 30
690 31
691 30
692 29
693 27
694 29
695 29
696 29
697 31
698 30
699 29
700 31
701 30
702 31
703 30
704 30
705 32
706 33
707 31
708 30
709 28
710 30
711 29
712 31
713 31
714 31
715 31
716 33
717 31
718 30
719 27
720 25
721 26
722 27
723 27
724 29
725 26
726 26
727 24
728 28
729 27
730 29
731 28
732 29
733 29
734 31
735 31
736 29
737 30
738 33
739 33
740 31
741 30
742 31
743 29
744 26
745 27
746 27
747 27
748 26
749 28
750 27
751 29
752 30
753 30
754 29
755 29
756 31
757 31
758 30
759 31
760 31
761 30
762 31
763 28
764 28
765 28
766 26
767 27
768 29
769 28
770 27
771 28
772 27
773 29
774 29
775 30
776 28
777 27
778 25
779 26
780 24
781 26
782 24
783 28
784 26
785 30
786 26
787 26
788 25
789 27
790 30
791 30
792 30
793 28
794 30
795 28
796 27
797 27
798 30
799 31
800 30
801 31
802 31
803 31
804 29
805 31
806 29
807 30
808 30
809 27
810 28
811 28
812 29
813 29
814 29
815 29
816 29
817 29
818 29
819 26
820 26
821 29
822 31
823 33
824 35
825 36
826 34
827 32
828 31
829 32
830 29
831 30
832 28
833 27
834 28
835 28
836 28
837 29
838 29
839 29
840 30
841 27
842 28
843 28
844 28
845 29
846 26
847 25
848 28
849 29
850 29
851 30
852 32
853 29
854 30
855 28
856 30
857 29
858 29
859 28
860 28
861 29
862 26
863 28
864 28
865 29
866 28
867 28
868 27
869 29
870 31
871 31
872 32
873 32
874 27
875 31
876 33
877 32
878 30
879 30
880 31
881 31
882 31
883 32
884 31
885 31
886 29
887 27
888 27
889 25
890 27
891 28
892 29
893 29
894 29
895 28
896 25
897 27
898 29
899 30
900 29
901 30
902 30
903 30
904 30
905 28
906 26
907 25
908 25
909 24
910 27
911 27
912 26
913 26
914 27
915 28
916 28
917 29
918 30
919 31
920 34
921 31
922 30
923 29
924 28
925 29
926 31
927 30
928 30
929 30
930 29
931 29
932 30
933 29
934 30
935 28
936 28
937 28
938 28
939 32
940 29
941 28
942 28
943 29
944 28
945 28
946 29
947 29
948 29
949 32
950 29
951 32
952 32
953 31
954 30
955 29
956 31
957 30
958 30
959 30
960 28
961 27
962 30
963 31
964 30
965 29
966 31
967 30
968 29
969 29
970 30
971 28
972 29
973 29
974 31
975 29
976 29
977 30
978 30
979 29
980 29
981 28
982 30
983 30
984 29
985 29
986 29
987 29
988 28
989 25
990 25
991 24
992 26
993 27
994 28
995 28
996 29
997 28
998 27
999 27
1000 26
