0 40
1 32
2 27
3 28
4 26
5 26
6 26
7 24
8 21
9 22
10 24
11 26
12 25
13 24
14 24
15 21
16 24
17 24
18 22
19 20
20 20
21 19
22 22
23 19
24 20
25 23
26 24
27 21
28 21
29 21
30 20
31 19
32 22
33 23
34 25
35 26
36 28
37 27
38 27
39 27
40 26
41 26
42 27
43 25
44 25
45 27
46 24
47 23
48 22
49 23
50 21
51 24
52 28
53 26
54 29
55 25
56 27
57 28
58 26
59 28
60 25
61 21
62 19
63 21
64 19
65 21
66 21
67 23
68 25
69 25
70 20
71 20
72 21
73 24
74 27
75 27
76 24
77 24
78 24
79 23
80 24
81 23
82 24
83 24
84 24
85 24
86 26
87 26
88 28
89 27
90 27
91 28
92 28
93 29
94 29
95 29
96 25
97 22
98 24
99 25
100 25
101 26
102 24
103 25
104 24
105 25
106 23
107 22
108 23
109 23
110 23
111 24
112 25
113 26
114 25
115 24
116 21
117 23
118 21
119 21
120 23
121 21
122 23
123 23
124 24
125 24
126 24
127 20
128 20
129 20
130 22
131 23
132 21
133 23
134 23
135 22
136 24
137 24
138 25
139 21
140 23
141 23
142 23
143 22
144 25
145 23
146 23
147 24
148 26
149 27
150 27
151 28
152 28
153 27
154 23
155 25
156 22
157 20
158 19
159 20
160 20
161 23
162 20
163 22
164 24
165 24
166 25
167 25
168 24
169 26
170 26
171 27
172 26
173 25
174 24
175 24
176 27
177 27
178 28
179 27
180 24
181 24
182 22
183 23
184 25
185 25
186 26
187 24
188 25
189 25
190 22
191 23
192 27
193 25
194 23
195 22
196 22
197 21
198 24
199 27
200 24
201 23
202 23
203 25
204 26
205 27
206 25
207 28
208 24
209 24
210 23
211 23
212 25
213 23
214 24
215 25
216 28
217 28
218 26
219 23
220 24
221 26
222 26
223 27
224 26
225 24
226 25
227 26
228 25
229 25
230 25
231 21
232 24
233 26
234 24
235 21
236 24
237 28
238 25
239 28
240 28
241 24
242 23
243 23
244 25
245 26
246 22
247 23
248 24
249 23
250 23
251 22
252 22
253 23
254 25
255 23
256 22
257 21
258 20
259 23
260 24
261 26
262 23
263 21
264 21
265 22
266 23
267 23
268 22
269 23
270 23
271 21
272 22
273 22
274 23
275 25
276 26
277 25
278 26
279 25
280 24
281 22
282 25
283 25
284 24
285 23
286 26
287 25
288 23
289 20
290 23
291 23
292 25
293 23
294 22
295 23
296 23
297 21
298 22
299 23
300 23
301 25
302 23
303 23
304 23
305 21
306 24
307 23
308 25
309 24
310 23
311 21
312 20
313 24
314 26
315 23
316 24
317 26
318 24
319 25
320 28
321 27
322 24
323 20
324 22
325 23
326 25
327 24
328 20
329 21
330 24
331 25
332 24
333 23
334 21
335 23
336 22
337 22
338 24
339 24
340 27
341 29
342 28
343 24
344 24
345 23
346 26
347 27
348 28
349 28
350 24
351 22
352 24
353 19
354 21
355 24
356 26
357 25
358 25
359 24
360 24
361 25
362 24
363 24
364 25
365 23
366 25
367 27
368 27
369 28
370 24
371 24
372 20
373 22
374 24
375 21
376 23
377 24
378 25
379 26
380 24
381 25
382 25
383 26
384 25
385 28
386 25
387 25
388 26
389 26
390 24
391 25
392 23
393 22
394 22
395 23
396 23
397 24
398 26
399 26
400 26
401 27
402 26
403 26
404 23
405 23
406 25
407 27
408 24
409 26
410 29
411 28
412 23
413 19
414 20
415 23
416 24
417 23
418 25
419 26
420 25
421 25
422 26
423 25
424 28
425 27
426 25
427 24
428 24
429 23
430 22
431 25
432 24
433 25
434 24
435 23
436 24
437 23
438 26
439 27
440 26
441 27
442 26
443 25
444 28
445 24
446 24
447 23
448 27
449 25
450 25
451 24
452 24
453 25
454 21
455 22
456 22
457 23
458 22
459 24
460 26
461 26
462 25
463 27
464 28
465 25
466 24
467 27
468 25
469 26
470 26
471 24
472 24
473 22
474 24
475 17
476 19
477 19
478 20
479 20
480 24
481 25
482 21
483 19
484 22
485 25
486 27
487 26
488 25
489 25
490 26
491 26
492 26
493 22
494 20
495 18
496 21
497 24
498 25
499 26
500 24
501 22
502 24
503 25
504 24
505 24
506 20
507 16
508 19
509 23
510 23
511 23
512 22
513 21
514 21
515 20
516 21
517 20
518 21
519 23
520 23
521 24
522 26
523 27
524 27
525 25
526 29
527 24
528 25
529 26
530 24
531 26
532 25
533 23
534 26
535 24
536 25
537 23
538 24
539 22
540 25
541 24
542 23
543 26
544 21
545 21
546 25
547 25
548 25
549 26
550 27
551 27
552 25
553 23
554 21
555 22
556 25
557 25
558 26
559 27
560 26
561 27
562 24
563 24
564 26
565 27
566 24
567 24
568 25
569 25
570 24
571 26
572 24
573 25
574 26
575 24
576 23
577 25
578 23
579 23
580 26
581 23
582 24
583 25
584 24
585 23
586 22
587 21
588 20
589 20
590 20
591 26
592 29
593 27
594 25
595 24
596 25
597 23
598 25
599 23
600 24
601 24
602 25
603 24
604 25
605 25
606 22
607 25
608 25
609 26
610 23
611 25
612 24
613 24
614 23
615 20
616 21
617 21
618 22
619 22
620 24
621 23
622 22
623 24
624 21
625 23
626 26
627 28
628 29
629 29
630 24
631 25
632 24
633 25
634 22
635 21
636 21
637 22
638 23
639 23
640 23
641 24
642 25
643 26
644 26
645 26
646 26
647 25
648 25
649 22
650 24
651 24
652 24
653 23
654 25
655 24
656 21
657 22
658 25
659 25
660 21
661 23
662 28
663 28
664 27
665 24
666 24
667 26
668 25
669 22
670 24
671 24
672 24
673 24
674 24
675 21
676 22
677 24
678 24
679 24
680 23
681 23
682 24
683 23
684 22
685 22
686 26
687 26
688 25
689 23
690 22
691 21
692 24
693 22
694 23
695 24
696 25
697 27
698 25
699 23
700 24
701 24
702 27
703 24
704 22
705 23
706 24
707 27
708 26
709 27
710 29
711 28
712 26
713 22
714 22
715 24
716 24
717 24
718 26
719 24
720 22
721 23
722 23
723 22
724 25
725 26
726 22
727 22
728 22
729 24
730 22
731 25
732 27
733 23
734 24
735 24
736 24
737 23
738 24
739 25
740 21
741 21
742 22
743 24
744 25
745 26
746 24
747 24
748 25
749 22
750 23
751 23
752 25
753 26
754 26
755 25
756 25
757 25
758 24
759 27
760 21
761 19
762 20
763 21
764 22
765 23
766 24
767 23
768 24
769 22
770 24
771 22
772 23
773 22
774 20
775 22
776 25
777 24
778 25
779 26
780 24
781 25
782 25
783 26
784 25
785 27
786 28
787 27
788 26
789 24
790 25
791 22
792 23
793 22
794 21
795 20
796 23
797 25
798 23
799 19
800 20
801 21
802 23
803 21
804 24
805 25
806 25
807 27
808 25
809 26
810 27
811 27
812 28
813 26
814 25
815 24
816 25
817 24
818 26
819 27
820 25
821 24
822 21
823 22
824 21
825 22
826 25
827 26
828 26
829 28
830 26
831 26
832 24
833 24
834 25
835 22
836 23
837 25
838 25
839 21
840 19
841 22
842 24
843 26
844 23
845 22
846 22
847 21
848 20
849 21
850 24
851 26
852 25
853 23
854 23
855 20
856 21
857 19
858 21
859 25
860 26
861 25
862 28
863 27
864 26
865 25
866 24
867 25
868 25
869 26
870 26
871 25
872 24
873 25
874 23
875 25
876 25
877 23
878 21
879 25
880 25
881 25
882 22
883 25
884 27
885 26
886 26
887 25
888 22
889 26
890 26
891 24
892 24
893 24
894 23
895 22
896 24
897 26
898 27
899 27
900 25
901 26
902 26
903 23
904 21
905 19
906 24
907 24
908 23
909 22
910 25
911 24
912 24
913 23
914 22
915 24
916 23
917 20
918 22
919 25
920 26
921 24
922 23
923 26
924 26
925 26
926 25
927 24
928 25
929 19
930 18
931 22
932 22
933 26
934 25
935 25
936 26
937 22
938 22
939 20
940 23
941 23
942 23
943 24
944 27
945 25
946 24
947 22
948 22
949 23
950 22
951 22
952 24
953 24
954 23
955 24
956 23
957 24
958 24
959 23
960 23
961 26
962 25
963 24
964 27
965 27
966 24
967 23
968 21
969 24
970 26
971 24
972 26
973 23
974 22
975 20
976 22
977 24
978 23
979 24
980 27
981 24
982 23
983 22
984 22
985 23
986 23
987 23
988 25
989 28
990 28
991 28
992 25
993 23
994 25
995 25
996 26
997 27
998 25
999 25
1000 26
