0 40
1 25
2 27
3 26
4 27
5 25
6 27
7 27
8 30
9 29
10 26
11 25
12 27
13 28
14 25
15 25
16 27
17 23
18 28
19 25
20 28
21 29
22 30
23 28
24 24
25 27
26 27
27 27
28 30
29 27
30 28
31 25
32 26
33 25
34 25
35 28
36 28
37 26
38 28
39 27
40 27
41 25
42 27
43 26
44 28
45 23
46 25
47 26
48 26
49 27
50 26
51 27
52 26
53 23
54 26
55 27
56 29
57 26
58 27
59 26
60 28
61 28
62 27
63 25
64 26
65 25
66 27
67 29
68 27
69 28
70 27
71 27
72 25
73 27
74 25
75 28
76 26
77 27
78 26
79 26
80 26
81 25
82 30
83 26
84 27
85 25
86 27
87 26
88 28
89 27
90 27
91 30
92 25
93 24
94 28
95 27
96 26
97 26
98 26
99 28
100 22
101 26
102 21
103 28
104 30
105 26
106 28
107 28
108 26
109 28
110 26
111 28
112 27
113 27
114 26
115 30
116 26
117 25
118 26
119 27
120 29
121 28
122 27
123 24
124 28
125 27
126 29
127 28
128 27
129 28
130 28
131 21
132 25
133 28
134 28
135 28
136 27
137 26
138 30
139 28
140 28
141 31
142 28
143 27
144 27
145 27
146 24
147 24
148 26
149 28
150 27
151 28
152 25
153 28
154 28
155 23
156 27
157 28
158 28
159 28
160 28
161 27
162 28
163 26
164 30
165 30
166 23
167 26
168 27
169 28
170 27
171 30
172 27
173 28
174 30
175 26
176 27
177 26
178 25
179 28
180 28
181 26
182 23
183 27
184 28
185 27
186 23
187 28
188 29
189 29
190 24
191 26
192 26
193 29
194 26
195 26
196 30
197 25
198 29
199 25
200 24
201 26
202 27
203 25
204 25
205 28
206 25
207 26
208 26
209 25
210 28
211 25
212 26
213 28
214 25
215 24
216 26
217 27
218 26
219 24
220 26
221 26
222 25
223 26
224 29
225 28
226 26
227 29
228 25
229 26
230 28
231 28
232 27
233 27
234 27
235 28
236 28
237 25
238 28
239 28
240 28
241 26
242 24
243 27
244 25
245 26
246 30
247 26
248 28
249 26
250 27
251 26
252 29
253 27
254 28
255 27
256 28
257 26
258 24
259 26
260 27
261 26
262 25
263 31
264 29
265 29
266 28
267 26
268 23
269 28
270 27
271 27
272 26
273 29
274 25
275 27
276 26
277 27
278 27
279 27
280 26
281 26
282 29
283 27
284 27
285 29
286 27
287 25
288 27
289 21
290 26
291 26
292 28
293 23
294 29
295 27
296 24
297 28
298 24
299 26
300 28
301 28
302 29
303 23
304 25
305 25
306 28
307 26
308 24
309 27
310 26
311 29
312 31
313 25
314 29
315 24
316 29
317 28
318 28
319 29
320 28
321 23
322 28
323 27
324 25
325 27
326 25
327 29
328 28
329 26
330 27
331 28
332 28
333 27
334 26
335 24
336 27
337 28
338 26
339 27
340 27
341 25
342 27
343 26
344 26
345 25
346 27
347 26
348 26
349 23
350 25
351 27
352 28
353 28
354 26
355 27
356 27
357 26
358 28
359 28
360 28
361 25
362 22
363 28
364 26
365 27
366 27
367 28
368 28
369 28
370 25
371 28
372 25
373 29
374 28
375 29
376 26
377 29
378 27
379 26
380 26
381 27
382 26
383 23
384 28
385 26
386 26
387 26
388 28
389 28
390 22
391 29
392 26
393 30
394 27
395 26
396 26
397 28
398 26
399 28
400 27
401 24
402 28
403 27
404 22
405 25
406 28
407 26
408 27
409 24
410 29
411 27
412 24
413 28
414 28
415 27
416 27
417 29
418 26
419 23
420 27
421 28
422 29
423 24
424 25
425 26
426 27
427 27
428 27
429 26
430 27
431 26
432 28
433 26
434 28
435 25
436 24
437 26
438 27
439 26
440 25
441 26
442 27
443 27
444 27
445 28
446 21
447 28
448 27
449 29
450 26
451 25
452 24
453 29
454 27
455 27
456 27
457 22
458 27
459 28
460 28
461 26
462 28
463 27
464 28
465 25
466 26
467 27
468 24
469 26
470 30
471 28
472 27
473 26
474 27
475 24
476 25
477 26
478 25
479 29
480 26
481 25
482 27
483 27
484 24
485 27
486 25
487 28
488 26
489 28
490 25
491 29
492 26
493 27
494 27
495 29
496 27
497 22
498 27
499 26
500 24
501 27
502 26
503 29
504 27
505 27
506 25
507 25
508 27
509 26
510 28
511 25
512 26
513 24
514 27
515 24
516 26
517 27
518 25
519 25
520 25
521 28
522 28
523 29
524 24
525 24
526 27
527 24
528 27
529 28
530 28
531 28
532 26
533 25
534 29
535 28
536 26
537 24
538 27
539 24
540 25
541 24
542 26
543 26
544 26
545 26
546 27
547 25
548 27
549 27
550 26
551 29
552 24
553 25
554 27
555 26
556 22
557 26
558 25
559 30
560 24
561 28
562 26
563 26
564 28
565 26
566 28
567 26
568 26
569 23
570 19
571 26
572 24
573 26
574 26
575 29
576 28
577 28
578 28
579 24
580 29
581 28
582 24
583 24
584 26
585 27
586 27
587 27
588 27
589 28
590 27
591 29
592 26
593 27
594 27
595 28
596 28
597 28
598 26
599 26
600 25
601 26
602 28
603 29
604 28
605 24
606 26
607 26
608 27
609 27
610 29
611 26
612 27
613 26
614 29
615 23
616 28
617 25
618 30
619 24
620 25
621 26
622 25
623 26
624 28
625 28
626 25
627 29
628 27
629 29
630 27
631 27
632 22
633 27
634 27
635 24
636 27
637 27
638 28
639 26
640 26
641 29
642 26
643 24
644 24
645 29
646 25
647 26
648 25
649 26
650 24
651 24
652 25
653 29
654 28
655 22
656 24
657 29
658 28
659 29
660 29
661 28
662 26
663 28
664 28
665 25
666 30
667 24
668 25
669 22
670 27
671 26
672 27
673 29
674 27
675 29
676 26
677 27
678 25
679 27
680 28
681 27
682 24
683 26
684 27
685 29
686 26
687 27
688 26
689 28
690 25
691 28
692 26
693 28
694 24
695 27
696 28
697 30
698 25
699 28
700 24
701 25
702 25
703 29
704 26
705 25
706 23
707 28
708 25
709 27
710 28
711 29
712 24
713 30
714 28
715 27
716 24
717 28
718 29
719 27
720 26
721 27
722 24
723 26
724 26
725 29
726 26
727 24
728 24
729 27
730 28
731 30
732 28
733 30
734 25
735 26
736 28
737 27
738 25
739 29
740 22
741 25
742 25
743 28
744 25
745 28
746 27
747 29
748 29
749 27
750 26
751 28
752 27
753 27
754 28
755 30
756 25
757 25
758 25
759 28
760 28
761 25
762 21
763 27
764 27
765 26
766 27
767 28
768 26
769 24
770 26
771 26
772 28
773 29
774 25
775 25
776 25
777 27
778 26
779 27
780 29
781 28
782 25
783 26
784 27
785 26
786 26
787 24
788 27
789 26
790 28
791 28
792 28
793 26
794 28
795 27
796 29
797 28
798 29
799 26
800 27
801 28
802 28
803 26
804 26
805 23
806 29
807 28
808 29
809 28
810 24
811 29
812 26
813 25
814 23
815 26
816 26
817 28
818 26
819 27
820 27
821 26
822 29
823 28
824 26
825 26
826 24
827 29
828 27
829 27
830 26
831 27
832 28
833 24
834 26
835 24
836 25
837 29
838 26
839 28
840 30
841 26
842 28
843 27
844 25
845 22
846 27
847 26
848 26
849 26
850 25
851 23
852 28
853 28
854 28
855 27
856 27
857 28
858 28
859 24
860 28
861 25
862 28
863 24
864 26
865 30
866 25
867 27
868 28
869 27
870 26
871 27
872 29
873 26
874 29
875 28
876 25
877 25
878 29
879 29
880 25
881 22
882 28
883 29
884 28
885 25
886 27
887 25
888 25
889 26
890 30
891 25
892 25
893 30
894 25
895 29
896 29
897 21
898 30
899 28
900 24
901 28
902 27
903 30
904 23
905 24
906 27
907 26
908 28
909 28
910 25
911 28
912 23
913 26
914 28
915 24
916 27
917 24
918 25
919 25
920 31
921 24
922 27
923 25
924 26
925 27
926 26
927 31
928 21
929 24
930 24
931 24
932 28
933 26
934 26
935 27
936 27
937 28
938 26
939 25
940 26
941 28
942 27
943 23
944 29
945 26
946 20
947 27
948 29
949 29
950 24
951 26
952 27
953 26
954 27
955 25
956 22
957 27
958 30
959 27
960 26
961 27
962 28
963 26
964 24
965 25
966 29
967 29
968 26
969 25
970 27
971 26
972 27
973 26
974 27
975 28
976 26
977 28
978 26
979 28
980 26
981 26
982 26
983 27
984 24
985 22
986 27
987 30
988 26
989 24
990 26
991 28
992 24
993 27
994 24
995 28
996 24
997 28
998 20
999 26
1000 27
