0 45
1 34
2 33
3 27
4 28
5 28
6 26
7 28
8 27
9 28
10 30
11 29
12 28
13 29
14 25
15 28
16 29
17 25
18 27
19 29
20 27
21 26
22 28
23 29
24 26
25 24
26 27
27 28
28 29
29 29
30 27
31 29
32 31
33 28
34 27
35 28
36 29
37 28
38 27
39 27
40 29
41 28
42 23
43 26
44 28
45 29
46 25
47 27
48 25
49 25
50 29
51 25
52 28
53 31
54 30
55 28
56 27
57 28
58 28
59 27
60 29
61 28
62 29
63 25
64 24
65 28
66 26
67 27
68 27
69 30
70 25
71 26
72 26
73 28
74 29
75 28
76 28
77 28
78 27
79 26
80 26
81 27
82 25
83 28
84 25
85 27
86 28
87 28
88 26
89 28
90 25
91 27
92 30
93 28
94 29
95 29
96 28
97 28
98 29
99 29
100 30
101 33
102 30
103 25
104 27
105 27
106 28
107 28
108 28
109 28
110 26
111 28
112 28
113 27
114 27
115 27
116 23
117 25
118 24
119 26
120 27
121 29
122 23
123 28
124 27
125 28
126 27
127 26
128 28
129 28
130 28
131 25
132 27
133 28
134 29
135 30
136 31
137 29
138 28
139 25
140 25
141 27
142 29
143 30
144 27
145 26
146 27
147 31
148 28
149 28
150 29
151 31
152 30
153 28
154 28
155 30
156 29
157 30
158 26
159 25
160 25
161 25
162 27
163 28
164 29
165 28
166 26
167 26
168 30
169 28
170 27
171 26
172 25
173 24
174 27
175 27
176 27
177 28
178 25
179 24
180 25
181 26
182 25
183 27
184 28
185 28
186 25
187 26
188 27
189 28
190 27
191 28
192 25
193 26
194 21
195 25
196 24
197 28
198 29
199 25
200 27
201 29
202 29
203 26
204 27
205 26
206 28
207 25
208 24
209 25
210 28
211 29
212 30
213 27
214 29
215 27
216 27
217 28
218 28
219 29
220 25
221 28
222 27
223 29
224 27
225 26
226 27
227 25
228 26
229 26
230 27
231 26
232 24
233 27
234 28
235 27
236 25
237 26
238 29
239 27
240 29
241 28
242 28
243 25
244 28
245 27
246 28
247 28
248 27
249 28
250 26
251 23
252 28
253 25
254 29
255 25
256 24
257 31
258 26
259 28
260 28
261 28
262 29
263 28
264 27
265 27
266 28
267 25
268 24
269 27
270 28
271 28
272 27
273 28
274 28
275 27
276 27
277 26
278 29
279 31
280 31
281 26
282 31
283 32
284 29
285 28
286 27
287 28
288 28
289 31
290 30
291 26
292 26
293 25
294 28
295 26
296 26
297 26
298 26
299 30
300 27
301 26
302 29
303 27
304 30
305 28
306 26
307 29
308 30
309 29
310 26
311 24
312 28
313 29
314 25
315 27
316 30
317 28
318 27
319 30
320 29
321 28
322 28
323 25
324 26
325 26
326 26
327 27
328 26
329 28
330 26
331 24
332 25
333 23
334 27
335 25
336 25
337 25
338 26
339 25
340 26
341 30
342 29
343 28
344 24
345 22
346 28
347 29
348 29
349 30
350 27
351 27
352 26
353 28
354 28
355 27
356 26
357 26
358 29
359 28
360 29
361 29
362 29
363 28
364 29
365 29
366 28
367 27
368 27
369 29
370 27
371 27
372 26
373 25
374 28
375 29
376 30
377 29
378 27
379 25
380 28
381 28
382 30
383 29
384 27
385 26
386 27
387 31
388 30
389 28
390 29
391 28
392 28
393 28
394 26
395 27
396 28
397 24
398 29
399 30
400 29
401 31
402 29
403 28
404 28
405 29
406 30
407 28
408 25
409 27
410 30
411 26
412 26
413 28
414 26
415 26
416 26
417 27
418 25
419 25
420 25
421 26
422 24
423 26
424 28
425 26
426 29
427 29
428 29
429 28
430 29
431 24
432 26
433 27
434 25
435 27
436 28
437 26
438 26
439 27
440 30
441 28
442 27
443 27
444 28
445 24
446 26
447 25
448 26
449 28
450 25
451 27
452 29
453 29
454 28
455 29
456 28
457 29
458 30
459 28
460 26
461 27
462 30
463 28
464 31
465 30
466 31
467 30
468 30
469 29
470 28
471 25
472 25
473 26
474 26
475 28
476 28
477 27
478 24
479 29
480 24
481 23
482 25
483 24
484 26
485 26
486 25
487 25
488 23
489 22
490 27
491 24
492 22
493 27
494 30
495 29
496 29
497 24
498 25
499 26
500 26
501 27
502 26
503 28
504 23
505 28
506 29
507 30
508 29
509 29
510 28
511 30
512 28
513 28
514 23
515 28
516 31
517 27
518 26
519 27
520 28
521 27
522 28
523 26
524 28
525 27
526 27
527 28
528 27
529 27
530 24
531 24
532 26
533 29
534 26
535 27
536 29
537 28
538 29
539 28
540 29
541 27
542 25
543 27
544 29
545 27
546 27
547 28
548 27
549 28
550 27
551 25
552 26
553 28
554 26
555 28
556 28
557 30
558 30
559 27
560 28
561 29
562 29
563 29
564 28
565 28
566 30
567 30
568 30
569 28
570 30
571 28
572 26
573 26
574 25
575 28
576 30
577 28
578 28
579 28
580 26
581 27
582 27
583 27
584 28
585 29
586 28
587 28
588 25
589 20
590 24
591 25
592 27
593 26
594 29
595 27
596 24
597 23
598 28
599 27
600 28
601 31
602 30
603 30
604 30
605 29
606 27
607 27
608 27
609 31
610 30
611 30
612 28
613 31
614 27
615 27
616 26
617 29
618 27
619 28
620 30
621 27
622 31
623 28
624 29
625 26
626 26
627 29
628 26
629 25
630 28
631 28
632 27
633 24
634 21
635 28
636 30
637 28
638 30
639 30
640 30
641 26
642 29
643 26
644 27
645 26
646 27
647 23
648 25
649 26
650 27
651 29
652 30
653 26
654 26
655 24
656 25
657 27
658 27
659 28
660 26
661 26
662 26
663 28
664 27
665 28
666 28
667 25
668 25
669 23
670 25
671 28
672 27
673 30
674 30
675 27
676 23
677 25
678 26
679 28
680 28
681 28
682 29
683 26
684 29
685 31
686 26
687 26
688 25
689 27
690 28
691 29
692 28
693 27
694 29
695 24
696 24
697 27
698 27
699 30
700 27
701 29
702 30
703 28
704 27
705 25
706 26
707 29
708 31
709 31
710 30
711 27
712 27
713 31
714 31
715 30
716 29
717 27
718 24
719 25
720 26
721 27
722 26
723 26
724 28
725 23
726 26
727 28
728 29
729 27
730 27
731 26
732 27
733 28
734 28
735 29
736 25
737 27
738 26
739 28
740 26
741 28
742 28
743 30
744 29
745 29
746 29
747 21
748 24
749 26
750 24
751 27
752 28
753 25
754 26
755 28
756 25
757 24
758 26
759 25
760 28
761 30
762 28
763 29
764 29
765 28
766 28
767 26
768 28
769 27
770 27
771 29
772 27
773 27
774 26
775 27
776 28
777 30
778 28
779 28
780 24
781 26
782 28
783 28
784 28
785 26
786 28
787 27
788 29
789 30
790 29
791 28
792 26
793 28
794 29
795 27
796 23
797 27
798 28
799 26
800 24
801 22
802 22
803 22
804 27
805 27
806 22
807 26
808 24
809 25
810 23
811 25
812 27
813 25
814 28
815 31
816 27
817 27
818 27
819 25
820 30
821 30
822 28
823 29
824 29
825 28
826 29
827 29
828 28
829 24
830 29
831 26
832 24
833 26
834 24
835 24
836 28
837 27
838 24
839 25
840 28
841 25
842 23
843 30
844 29
845 27
846 28
847 28
848 25
849 26
850 26
851 29
852 26
853 31
854 30
855 29
856 29
857 27
858 26
859 23
860 26
861 23
862 27
863 30
864 29
865 27
866 27
867 26
868 27
869 28
870 26
871 26
872 29
873 26
874 30
875 27
876 30
877 31
878 27
879 29
880 27
881 28
882 25
883 24
884 26
885 26
886 30
887 29
888 28
889 29
890 23
891 28
892 26
893 27
894 25
895 25
896 28
897 24
898 23
899 24
900 29
901 27
902 24
903 28
904 26
905 29
906 27
907 29
908 28
909 29
910 28
911 25
912 27
913 27
914 28
915 27
916 24
917 27
918 27
919 28
920 28
921 30
922 28
923 27
924 26
925 29
926 28
927 30
928 30
929 29
930 25
931 23
932 25
933 26
934 24
935 28
936 27
937 27
938 26
939 30
940 27
941 28
942 26
943 28
944 30
945 30
946 26
947 28
948 29
949 28
950 25
951 25
952 25
953 27
954 29
955 31
956 28
957 26
958 28
959 29
960 30
961 26
962 25
963 26
964 28
965 27
966 28
967 27
968 29
969 32
970 32
971 31
972 22
973 25
974 27
975 27
976 28
977 27
978 25
979 27
980 30
981 31
982 26
983 28
984 26
985 28
986 29
987 29
988 24
989 26
990 26
991 25
992 29
993 29
994 28
995 29
996 32
997 32
998 28
999 26
1000 29
