0 45
1 38
2 35
3 33
4 29
5 29
6 26
7 26
8 26
9 21
10 18
11 18
12 21
13 23
14 24
15 25
16 24
17 24
18 23
19 25
20 26
21 28
22 29
23 24
24 24
25 23
26 23
27 24
28 24
29 25
30 25
31 26
32 26
33 25
34 23
35 24
36 22
37 24
38 26
39 23
40 23
41 22
42 26
43 24
44 24
45 21
46 23
47 21
48 20
49 22
50 25
51 25
52 25
53 25
54 27
55 26
56 25
57 26
58 25
59 23
60 23
61 23
62 24
63 26
64 25
65 24
66 24
67 25
68 25
69 25
70 26
71 25
72 27
73 25
74 22
75 22
76 20
77 20
78 21
79 18
80 18
81 21
82 24
83 25
84 24
85 25
86 24
87 26
88 24
89 23
90 24
91 23
92 22
93 22
94 22
95 24
96 23
97 24
98 22
99 23
100 21
101 21
102 21
103 23
104 24
105 24
106 24
107 24
108 24
109 22
110 23
111 24
112 24
113 21
114 20
115 20
116 21
117 21
118 22
119 24
120 25
121 24
122 23
123 24
124 23
125 22
126 22
127 23
128 23
129 23
130 24
131 24
132 25
133 24
134 24
135 21
136 21
137 22
138 24
139 24
140 24
141 22
142 22
143 23
144 22
145 23
146 21
147 21
148 21
149 22
150 24
151 23
152 23
153 25
154 25
155 24
156 23
157 21
158 21
159 22
160 23
161 23
162 24
163 23
164 23
165 21
166 20
167 22
168 23
169 23
170 23
171 23
172 22
173 19
174 21
175 20
176 21
177 19
178 19
179 17
180 19
181 21
182 20
183 22
184 22
185 20
186 21
187 20
188 22
189 20
190 19
191 20
192 24
193 22
194 22
195 22
196 21
197 21
198 22
199 22
200 22
201 21
202 21
203 22
204 23
205 22
206 24
207 24
208 23
209 22
210 22
211 23
212 23
213 23
214 24
215 24
216 23
217 23
218 22
219 23
220 21
221 20
222 21
223 21
224 22
225 23
226 23
227 23
228 21
229 19
230 19
231 21
232 20
233 21
234 22
235 18
236 17
237 19
238 19
239 21
240 23
241 25
242 24
243 23
244 22
245 23
246 25
247 26
248 26
249 26
250 25
251 23
252 24
253 22
254 24
255 26
256 25
257 25
258 22
259 22
260 22
261 22
262 21
263 19
264 19
265 18
266 20
267 20
268 22
269 22
270 22
271 22
272 21
273 22
274 19
275 21
276 22
277 18
278 17
279 18
280 19
281 20
282 20
283 22
284 21
285 22
286 23
287 23
288 25
289 26
290 28
291 24
292 22
293 23
294 22
295 22
296 23
297 22
298 22
299 22
300 23
301 23
302 22
303 24
304 22
305 22
306 23
307 23
308 21
309 21
310 20
311 23
312 23
313 21
314 20
315 21
316 23
317 22
318 22
319 23
320 23
321 22
322 21
323 20
324 21
325 21
326 24
327 24
328 23
329 22
330 22
331 20
332 23
333 24
334 25
335 23
336 22
337 24
338 21
339 22
340 22
341 22
342 22
343 23
344 24
345 26
346 26
347 24
348 24
349 24
350 25
351 25
352 24
353 26
354 25
355 25
356 24
357 24
358 24
359 23
360 22
361 22
362 22
363 24
364 23
365 22
366 19
367 20
368 20
369 19
370 21
371 24
372 25
373 25
374 21
375 23
376 24
377 23
378 24
379 24
380 25
381 23
382 23
383 24
384 23
385 24
386 23
387 23
388 24
389 25
390 25
391 25
392 25
393 25
394 23
395 24
396 25
397 24
398 23
399 25
400 25
401 25
402 25
403 26
404 25
405 26
406 25
407 21
408 22
409 24
410 26
411 26
412 26
413 22
414 20
415 19
416 20
417 20
418 21
419 20
420 20
421 22
422 22
423 23
424 21
425 21
426 22
427 24
428 25
429 24
430 23
431 23
432 24
433 23
434 24
435 25
436 24
437 22
438 23
439 23
440 25
441 25
442 25
443 25
444 24
445 25
446 26
447 21
448 22
449 23
450 23
451 22
452 19
453 20
454 18
455 19
456 19
457 20
458 16
459 16
460 17
461 15
462 17
463 18
464 19
465 20
466 22
467 23
468 22
469 22
470 22
471 22
472 23
473 23
474 24
475 22
476 22
477 22
478 23
479 22
480 26
481 25
482 23
483 23
484 24
485 23
486 22
487 20
488 22
489 20
490 18
491 19
492 21
493 22
494 23
495 23
496 24
497 24
498 23
499 23
500 25
501 27
502 25
503 24
504 24
505 23
506 22
507 24
508 24
509 22
510 23
511 22
512 25
513 25
514 25
515 24
516 24
517 24
518 25
519 25
520 24
521 25
522 26
523 24
524 24
525 24
526 22
527 22
528 21
529 22
530 23
531 24
532 22
533 22
534 22
535 24
536 25
537 22
538 21
539 22
540 20
541 22
542 21
543 23
544 25
545 24
546 24
547 23
548 23
549 26
550 27
551 27
552 27
553 25
554 24
555 25
556 24
557 22
558 21
559 21
560 24
561 24
562 24
563 24
564 25
565 24
566 23
567 23
568 22
569 23
570 24
571 22
572 22
573 20
574 22
575 21
576 22
577 21
578 21
579 21
580 20
581 22
582 23
583 23
584 24
585 25
586 23
587 23
588 22
589 20
590 20
591 20
592 24
593 22
594 23
595 22
596 22
597 23
598 21
599 24
600 23
601 22
602 23
603 25
604 25
605 26
606 25
607 24
608 24
609 24
610 24
611 24
612 25
613 24
614 25
615 23
616 22
617 22
618 21
619 22
620 20
621 22
622 23
623 19
624 18
625 21
626 23
627 24
628 24
629 24
630 24
631 24
632 24
633 24
634 22
635 24
636 25
637 24
638 20
639 20
640 22
641 21
642 22
643 22
644 22
645 23
646 23
647 20
648 20
649 22
650 25
651 26
652 24
653 24
654 24
655 23
656 24
657 24
658 23
659 24
660 24
661 22
662 23
663 22
664 23
665 23
666 23
667 24
668 24
669 23
670 24
671 26
672 27
673 26
674 23
675 23
676 23
677 22
678 21
679 21
680 22
681 22
682 22
683 25
684 25
685 24
686 23
687 21
688 22
689 23
690 22
691 22
692 23
693 23
694 23
695 24
696 25
697 24
698 25
699 23
700 23
701 23
702 24
703 24
704 22
705 22
706 20
707 20
708 20
709 19
710 21
711 21
712 23
713 23
714 21
715 22
716 22
717 21
718 25
719 26
720 27
721 27
722 26
723 25
724 25
725 24
726 24
727 26
728 26
729 27
730 24
731 25
732 25
733 25
734 25
735 25
736 22
737 23
738 24
739 25
740 22
741 21
742 20
743 19
744 17
745 20
746 24
747 24
748 24
749 24
750 23
751 23
752 21
753 23
754 24
755 24
756 23
757 23
758 24
759 23
760 21
761 23
762 24
763 26
764 25
765 25
766 25
767 24
768 25
769 27
770 26
771 25
772 23
773 21
774 24
775 24
776 24
777 22
778 23
779 23
780 24
781 23
782 22
783 22
784 23
785 19
786 20
787 20
788 22
789 22
790 21
791 22
792 23
793 23
794 22
795 20
796 19
797 19
798 21
799 22
800 22
801 22
802 22
803 20
804 20
805 21
806 24
807 22
808 24
809 24
810 24
811 25
812 26
813 23
814 23
815 22
816 21
817 19
818 21
819 22
820 22
821 21
822 21
823 20
824 22
825 23
826 22
827 21
828 20
829 21
830 23
831 24
832 23
833 23
834 23
835 22
836 20
837 18
838 19
839 20
840 21
841 21
842 24
843 23
844 23
845 21
846 24
847 25
848 26
849 23
850 24
851 24
852 23
853 25
854 24
855 19
856 20
857 20
858 22
859 21
860 23
861 25
862 24
863 24
864 21
865 22
866 22
867 22
868 24
869 21
870 21
871 22
872 20
873 22
874 21
875 21
876 23
877 22
878 22
879 21
880 21
881 22
882 24
883 25
884 25
885 23
886 23
887 23
888 24
889 24
890 25
891 25
892 25
893 26
894 27
895 26
896 27
897 26
898 25
899 24
900 24
901 24
902 24
903 25
904 23
905 22
906 20
907 20
908 21
909 19
910 19
911 21
912 22
913 23
914 22
915 19
916 19
917 21
918 22
919 21
920 21
921 23
922 23
923 25
924 25
925 26
926 25
927 25
928 26
929 27
930 24
931 25
932 26
933 26
934 26
935 24
936 26
937 28
938 28
939 26
940 26
941 22
942 24
943 24
944 25
945 22
946 22
947 22
948 22
949 21
950 21
951 22
952 20
953 18
954 20
955 20
956 21
957 23
958 23
959 23
960 24
961 23
962 21
963 21
964 22
965 24
966 24
967 23
968 23
969 22
970 22
971 21
972 22
973 22
974 21
975 17
976 19
977 17
978 15
979 16
980 20
981 20
982 20
983 20
984 22
985 22
986 23
987 21
988 21
989 21
990 21
991 18
992 19
993 20
994 20
995 21
996 22
997 24
998 21
999 23
1000 22
