0 95
1 88
2 81
3 73
4 73
5 69
6 70
7 70
8 67
9 67
10 68
11 66
12 64
13 66
14 66
15 65
16 67
17 67
18 65
19 64
20 67
21 68
22 66
23 63
24 66
25 64
26 70
27 72
28 73
29 69
30 69
31 71
32 66
33 65
34 63
35 63
36 65
37 64
38 64
39 66
40 63
41 65
42 69
43 67
44 65
45 64
46 65
47 66
48 62
49 65
50 67
51 64
52 63
53 62
54 65
55 62
56 62
57 63
58 67
59 67
60 69
61 65
62 60
63 60
64 64
65 61
66 60
67 64
68 67
69 66
70 63
71 64
72 60
73 64
74 59
75 67
76 64
77 67
78 66
79 69
80 71
81 73
82 71
83 74
84 73
85 74
86 74
87 71
88 68
89 67
90 64
91 66
92 71
93 72
94 70
95 71
96 72
97 69
98 66
99 66
100 68
101 66
102 67
103 64
104 66
105 64
106 68
107 67
108 65
109 68
110 65
111 65
112 65
113 63
114 61
115 61
116 57
117 63
118 64
119 61
120 63
121 62
122 65
123 61
124 61
125 63
126 67
127 66
128 62
129 63
130 64
131 63
132 62
133 60
134 62
135 66
136 62
137 62
138 62
139 64
140 67
141 64
142 64
143 69
144 67
145 68
146 72
147 69
148 68
149 69
150 73
151 72
152 70
153 68
154 69
155 63
156 66
157 68
158 69
159 66
160 59
161 62
162 59
163 58
164 56
165 56
166 59
167 58
168 58
169 63
170 63
171 62
172 61
173 62
174 66
175 61
176 64
177 66
178 69
179 63
180 64
181 70
182 72
183 68
184 66
185 66
186 66
187 65
188 66
189 60
190 66
191 66
192 68
193 67
194 71
195 72
196 69
197 63
198 66
199 67
200 65
201 67
202 69
203 66
204 66
205 68
206 60
207 58
208 62
209 63
210 64
211 66
212 67
213 67
214 65
215 65
216 68
217 61
218 62
219 65
220 67
221 66
222 66
223 63
224 67
225 69
226 70
227 67
228 70
229 67
230 66
231 63
232 65
233 65
234 64
235 66
236 69
237 70
238 70
239 62
240 63
241 63
242 61
243 59
244 58
245 61
246 63
247 65
248 67
249 67
250 66
251 60
252 63
253 66
254 64
255 69
256 68
257 68
258 68
259 63
260 60
261 60
262 64
263 68
264 70
265 70
266 66
267 68
268 69
269 71
270 68
271 70
272 69
273 70
274 69
275 66
276 66
277 64
278 63
279 66
280 66
281 71
282 70
283 69
284 66
285 67
286 67
287 70
288 67
289 69
290 69
291 67
292 66
293 68
294 66
295 70
296 70
297 65
298 65
299 60
300 63
301 62
302 64
303 63
304 65
305 65
306 65
307 62
308 63
309 60
310 64
311 67
312 67
313 66
314 65
315 66
316 67
317 68
318 70
319 65
320 64
321 62
322 69
323 68
324 66
325 65
326 63
327 63
328 64
329 66
330 67
331 67
332 65
333 70
334 68
335 68
336 66
337 67
338 69
339 65
340 64
341 65
342 66
343 67
344 69
345 70
346 73
347 66
348 63
349 60
350 62
351 62
352 66
353 67
354 65
355 66
356 66
357 66
358 66
359 64
360 65
361 62
362 67
363 69
364 66
365 64
366 61
367 61
368 61
369 62
370 65
371 60
372 61
373 67
374 66
375 62
376 63
377 65
378 60
379 62
380 65
381 63
382 65
383 65
384 61
385 62
386 59
387 60
388 62
389 64
390 60
391 61
392 64
393 64
394 63
395 67
396 61
397 63
398 63
399 69
400 68
401 71
402 68
403 69
404 72
405 69
406 68
407 70
408 66
409 68
410 68
411 66
412 64
413 64
414 64
415 66
416 65
417 63
418 65
419 65
420 63
421 66
422 68
423 69
424 63
425 61
426 64
427 63
428 66
429 68
430 69
431 69
432 67
433 68
434 68
435 70
436 70
437 68
438 68
439 70
440 72
441 71
442 68
443 63
444 64
445 65
446 61
447 64
448 61
449 65
450 66
451 64
452 66
453 63
454 66
455 67
456 68
457 66
458 70
459 69
460 67
461 67
462 67
463 66
464 63
465 64
466 69
467 66
468 63
469 67
470 69
471 65
472 65
473 65
474 62
475 63
476 63
477 63
478 64
479 65
480 69
481 65
482 66
483 66
484 68
485 66
486 64
487 64
488 61
489 60
490 61
491 64
492 63
493 60
494 56
495 60
496 59
497 60
498 63
499 63
500 69
501 68
502 70
503 65
504 67
505 65
506 66
507 67
508 68
509 70
510 69
511 71
512 70
513 67
514 66
515 68
516 68
517 63
518 63
519 64
520 63
521 67
522 72
523 68
524 71
525 74
526 73
527 72
528 75
529 72
530 70
531 71
532 72
533 72
534 65
535 69
536 71
537 70
538 69
539 68
540 69
541 70
542 69
543 67
544 66
545 66
546 65
547 67
548 68
549 66
550 63
551 62
552 63
553 66
554 67
555 64
556 65
557 60
558 63
559 64
560 64
561 65
562 67
563 67
564 67
565 68
566 62
567 61
568 63
569 64
570 67
571 70
572 67
573 66
574 68
575 64
576 67
577 62
578 62
579 63
580 61
581 60
582 61
583 59
584 62
585 62
586 62
587 63
588 64
589 65
590 66
591 71
592 70
593 62
594 65
595 63
596 65
597 61
598 64
599 65
600 62
601 67
602 64
603 66
604 67
605 60
606 64
607 66
608 65
609 69
610 71
611 64
612 62
613 66
614 67
615 69
616 68
617 67
618 65
619 69
620 70
621 71
622 72
623 71
624 67
625 65
626 64
627 65
628 64
629 64
630 65
631 63
632 64
633 63
634 69
635 67
636 63
637 59
638 62
639 64
640 65
641 67
642 68
643 65
644 63
645 67
646 65
647 66
648 70
649 71
650 70
651 69
652 71
653 70
654 66
655 63
656 66
657 66
658 68
659 64
660 62
661 65
662 69
663 69
664 65
665 67
666 67
667 63
668 62
669 59
670 61
671 63
672 66
673 66
674 70
675 68
676 70
677 68
678 67
679 66
680 62
681 60
682 60
683 61
684 60
685 59
686 61
687 64
688 61
689 65
690 66
691 67
692 68
693 65
694 65
695 68
696 69
697 66
698 67
699 67
700 67
701 69
702 69
703 69
704 67
705 68
706 68
707 67
708 70
709 67
710 68
711 66
712 66
713 63
714 63
715 63
716 62
717 60
718 57
719 61
720 57
721 63
722 65
723 67
724 69
725 67
726 65
727 63
728 59
729 62
730 63
731 61
732 65
733 63
734 67
735 71
736 67
737 63
738 63
739 67
740 63
741 65
742 67
743 67
744 62
745 65
746 64
747 61
748 64
749 64
750 63
751 69
752 68
753 68
754 67
755 68
756 68
757 64
758 63
759 65
760 62
761 61
762 59
763 61
764 62
765 66
766 67
767 63
768 64
769 64
770 65
771 63
772 69
773 71
774 71
775 70
776 71
777 72
778 71
779 65
780 62
781 64
782 61
783 66
784 64
785 69
786 64
787 62
788 62
789 62
790 62
791 64
792 62
793 63
794 63
795 64
796 67
797 68
798 67
799 68
800 69
801 66
802 66
803 69
804 68
805 64
806 63
807 64
808 62
809 62
810 62
811 60
812 59
813 60
814 63
815 63
816 61
817 59
818 57
819 58
820 62
821 62
822 59
823 61
824 62
825 62
826 62
827 65
828 68
829 68
830 67
831 67
832 70
833 69
834 66
835 67
836 63
837 66
838 67
839 64
840 65
841 65
842 62
843 65
844 63
845 62
846 61
847 59
848 61
849 64
850 62
851 66
852 64
853 65
854 66
855 65
856 66
857 61
858 64
859 66
860 67
861 64
862 63
863 64
864 67
865 66
866 66
867 67
868 64
869 68
870 66
871 68
872 65
873 66
874 64
875 62
876 62
877 62
878 66
879 63
880 60
881 60
882 63
883 62
884 64
885 67
886 72
887 69
888 70
889 65
890 67
891 67
892 69
893 69
894 71
895 71
896 67
897 63
898 59
899 58
900 57
901 58
902 57
903 57
904 59
905 61
906 61
907 60
908 58
909 60
910 62
911 64
912 65
913 68
914 68
915 66
916 65
917 67
918 65
919 66
920 64
921 65
922 69
923 69
924 70
925 72
926 69
927 68
928 69
929 66
930 70
931 73
932 71
933 72
934 71
935 74
936 71
937 71
938 71
939 64
940 65
941 61
942 60
943 68
944 66
945 63
946 66
947 68
948 67
949 67
950 64
951 68
952 68
953 64
954 67
955 67
956 65
957 68
958 70
959 68
960 65
961 68
962 65
963 64
964 63
965 60
966 60
967 62
968 63
969 64
970 67
971 65
972 68
973 66
974 70
975 66
976 65
977 61
978 65
979 65
980 64
981 65
982 65
983 68
984 67
985 70
986 70
987 70
988 71
989 71
990 69
991 69
992 67
993 63
994 62
995 64
996 62
997 66
998 65
999 63
1000 63
