0 20
1 13
2 12
3 13
4 13
5 10
6 14
7 14
8 14
9 11
10 12
11 10
12 12
13 14
14 13
15 13
16 13
17 10
18 14
19 14
20 13
21 11
22 12
23 13
24 13
25 12
26 10
27 14
28 14
29 12
30 14
31 13
32 12
33 13
34 14
35 13
36 14
37 13
38 11
39 12
40 15
41 14
42 14
43 13
44 12
45 13
46 13
47 12
48 13
49 15
50 14
51 14
52 13
53 14
54 15
55 15
56 15
57 12
58 10
59 12
60 12
61 13
62 13
63 11
64 13
65 12
66 11
67 14
68 14
69 15
70 11
71 13
72 15
73 15
74 13
75 11
76 10
77 14
78 13
79 15
80 11
81 11
82 13
83 11
84 13
85 14
86 14
87 14
88 13
89 10
90 13
91 12
92 15
93 12
94 11
95 13
96 12
97 14
98 14
99 13
100 11
101 14
102 13
103 14
104 12
105 15
106 12
107 12
108 12
109 11
110 12
111 12
112 11
113 11
114 13
115 14
116 9
117 13
118 13
119 13
120 13
121 9
122 12
123 11
124 13
125 13
126 12
127 13
128 12
129 13
130 16
131 14
132 13
133 14
134 14
135 14
136 14
137 13
138 14
139 14
140 12
141 12
142 12
143 14
144 13
145 10
146 12
147 14
148 13
149 14
150 15
151 15
152 13
153 11
154 13
155 12
156 15
157 14
158 13
159 13
160 11
161 12
162 12
163 14
164 13
165 11
166 12
167 14
168 12
169 13
170 13
171 14
172 14
173 10
174 13
175 13
176 14
177 14
178 15
179 15
180 14
181 13
182 12
183 13
184 13
185 16
186 12
187 11
188 11
189 12
190 13
191 13
192 13
193 12
194 14
195 12
196 14
197 11
198 14
199 13
200 15
201 15
202 14
203 12
204 14
205 12
206 15
207 15
208 12
209 15
210 11
211 14
212 12
213 10
214 12
215 12
216 13
217 13
218 15
219 11
220 11
221 13
222 12
223 13
224 13
225 12
226 13
227 13
228 12
229 11
230 12
231 13
232 11
233 13
234 12
235 12
236 14
237 10
238 12
239 14
240 11
241 13
242 13
243 15
244 16
245 10
246 14
247 16
248 11
249 14
250 15
251 14
252 10
253 9
254 9
255 14
256 13
257 12
258 14
259 13
260 11
261 9
262 15
263 15
264 15
265 14
266 14
267 14
268 10
269 13
270 11
271 10
272 11
273 13
274 11
275 13
276 12
277 13
278 15
279 13
280 14
281 13
282 14
283 11
284 13
285 9
286 14
287 13
288 14
289 14
290 11
291 12
292 10
293 12
294 13
295 11
296 12
297 12
298 14
299 10
300 12
301 12
302 15
303 13
304 13
305 9
306 13
307 15
308 12
309 15
310 12
311 13
312 13
313 14
314 13
315 15
316 8
317 13
318 15
319 14
320 11
321 10
322 10
323 12
324 15
325 11
326 11
327 13
328 12
329 13
330 13
331 12
332 11
333 9
334 8
335 13
336 12
337 14
338 11
339 13
340 11
341 12
342 13
343 14
344 14
345 16
346 15
347 11
348 11
349 14
350 14
351 15
352 16
353 13
354 15
355 14
356 10
357 16
358 13
359 14
360 14
361 14
362 14
363 11
364 13
365 15
366 14
367 12
368 12
369 13
370 12
371 13
372 12
373 11
374 12
375 12
376 14
377 14
378 11
379 12
380 14
381 16
382 14
383 13
384 15
385 12
386 10
387 13
388 13
389 13
390 12
391 10
392 13
393 14
394 15
395 16
396 14
397 14
398 13
399 12
400 14
401 15
402 12
403 12
404 11
405 15
406 14
407 11
408 12
409 13
410 15
411 12
412 15
413 13
414 12
415 13
416 13
417 13
418 15
419 11
420 14
421 14
422 14
423 15
424 14
425 14
426 10
427 12
428 12
429 11
430 13
431 15
432 15
433 13
434 17
435 15
436 14
437 14
438 15
439 14
440 13
441 13
442 12
443 12
444 10
445 11
446 14
447 14
448 14
449 15
450 14
451 11
452 16
453 15
454 12
455 13
456 13
457 12
458 15
459 13
460 11
461 12
462 12
463 13
464 15
465 13
466 9
467 12
468 14
469 13
470 13
471 8
472 10
473 14
474 10
475 10
476 13
477 14
478 11
479 10
480 8
481 10
482 11
483 13
484 14
485 11
486 14
487 14
488 14
489 11
490 14
491 10
492 11
493 11
494 14
495 13
496 14
497 12
498 13
499 9
500 11
501 13
502 13
503 14
504 14
505 13
506 12
507 13
508 15
509 14
510 14
511 13
512 14
513 12
514 12
515 13
516 11
517 14
518 13
519 11
520 12
521 13
522 13
523 14
524 15
525 11
526 12
527 12
528 14
529 11
530 12
531 12
532 14
533 14
534 13
535 11
536 11
537 14
538 14
539 15
540 13
541 15
542 14
543 13
544 13
545 14
546 12
547 16
548 14
549 14
550 11
551 13
552 12
553 12
554 14
555 14
556 15
557 15
558 15
559 13
560 12
561 13
562 14
563 13
564 14
565 13
566 13
567 13
568 13
569 10
570 12
571 9
572 14
573 13
574 13
575 16
576 16
577 13
578 12
579 12
580 10
581 13
582 14
583 13
584 15
585 15
586 14
587 13
588 15
589 13
590 12
591 14
592 14
593 15
594 13
595 9
596 7
597 13
598 14
599 14
600 13
601 15
602 12
603 15
604 12
605 14
606 11
607 10
608 12
609 10
610 10
611 12
612 14
613 14
614 14
615 15
616 13
617 13
618 13
619 13
620 15
621 12
622 10
623 13
624 14
625 10
626 12
627 12
628 15
629 13
630 11
631 15
632 12
633 15
634 14
635 11
636 12
637 12
638 12
639 12
640 13
641 15
642 13
643 15
644 13
645 14
646 15
647 14
648 12
649 14
650 15
651 13
652 10
653 12
654 13
655 14
656 14
657 12
658 13
659 12
660 14
661 13
662 11
663 12
664 14
665 13
666 14
667 14
668 12
669 14
670 16
671 11
672 13
673 12
674 15
675 13
676 15
677 12
678 9
679 13
680 14
681 12
682 14
683 14
684 13
685 13
686 10
687 12
688 14
689 14
690 13
691 12
692 11
693 14
694 13
695 12
696 16
697 12
698 15
699 13
700 11
701 14
702 12
703 11
704 13
705 13
706 13
707 13
708 10
709 15
710 13
711 16
712 14
713 13
714 11
715 13
716 14
717 12
718 13
719 11
720 15
721 13
722 12
723 11
724 13
725 11
726 9
727 14
728 11
729 13
730 11
731 12
732 14
733 13
734 12
735 15
736 12
737 14
738 16
739 14
740 12
741 13
742 13
743 11
744 9
745 14
746 13
747 14
748 12
749 14
750 13
751 14
752 13
753 13
754 16
755 15
756 13
757 13
758 15
759 15
760 13
761 13
762 12
763 10
764 12
765 12
766 13
767 11
768 15
769 10
770 15
771 10
772 13
773 12
774 11
775 10
776 14
777 15
778 14
779 10
780 13
781 13
782 14
783 13
784 11
785 10
786 14
787 13
788 14
789 13
790 14
791 13
792 11
793 12
794 13
795 11
796 14
797 13
798 15
799 12
800 13
801 15
802 12
803 10
804 11
805 12
806 13
807 13
808 14
809 14
810 13
811 15
812 13
813 13
814 11
815 11
816 9
817 11
818 11
819 13
820 13
821 13
822 12
823 13
824 16
825 14
826 12
827 12
828 11
829 15
830 12
831 13
832 13
833 12
834 13
835 14
836 13
837 13
838 13
839 13
840 13
841 12
842 13
843 13
844 13
845 12
846 12
847 14
848 13
849 13
850 13
851 11
852 14
853 14
854 12
855 14
856 12
857 12
858 12
859 10
860 13
861 12
862 14
863 13
864 14
865 14
866 13
867 14
868 11
869 13
870 14
871 14
872 14
873 14
874 11
875 12
876 13
877 13
878 13
879 10
880 11
881 14
882 12
883 14
884 8
885 12
886 13
887 12
888 13
889 12
890 10
891 12
892 14
893 14
894 16
895 12
896 9
897 12
898 14
899 12
900 13
901 13
902 13
903 10
904 13
905 13
906 13
907 13
908 11
909 9
910 12
911 13
912 11
913 13
914 13
915 15
916 14
917 14
918 12
919 12
920 14
921 12
922 13
923 12
924 13
925 14
926 12
927 13
928 12
929 11
930 10
931 12
932 9
933 11
934 13
935 13
936 13
937 14
938 12
939 15
940 16
941 14
942 14
943 15
944 12
945 14
946 14
947 11
948 9
949 13
950 14
951 13
952 13
953 14
954 14
955 14
956 13
957 13
958 13
959 12
960 12
961 12
962 14
963 13
964 14
965 15
966 11
967 12
968 12
969 11
970 14
971 12
972 12
973 12
974 15
975 13
976 13
977 14
978 14
979 15
980 13
981 13
982 11
983 12
984 13
985 14
986 14
987 12
988 13
989 13
990 11
991 10
992 13
993 14
994 14
995 15
996 14
997 12
998 14
999 14
1000 11
