0 80
1 63
2 56
3 55
4 50
5 53
6 57
7 58
8 61
9 64
10 64
11 56
12 59
13 61
14 57
15 60
16 57
17 58
18 56
19 55
20 59
21 56
22 54
23 53
24 54
25 56
26 59
27 62
28 60
29 64
30 60
31 57
32 56
33 52
34 57
35 56
36 54
37 49
38 59
39 57
40 57
41 61
42 56
43 52
44 54
45 63
46 57
47 51
48 57
49 58
50 55
51 57
52 59
53 58
54 59
55 56
56 49
57 52
58 55
59 57
60 60
61 59
62 58
63 56
64 54
65 61
66 58
67 59
68 55
69 56
70 58
71 54
72 59
73 54
74 53
75 56
76 59
77 57
78 53
79 54
80 52
81 54
82 48
83 56
84 59
85 61
86 58
87 55
88 55
89 59
90 57
91 56
92 55
93 55
94 51
95 57
96 56
97 56
98 55
99 56
100 60
101 61
102 62
103 60
104 58
105 58
106 62
107 58
108 55
109 53
110 53
111 57
112 54
113 59
114 57
115 56
116 52
117 58
118 55
119 53
120 49
121 52
122 50
123 51
124 58
125 61
126 60
127 60
128 51
129 50
130 54
131 55
132 54
133 56
134 56
135 56
136 53
137 58
138 56
139 57
140 51
141 53
142 54
143 54
144 55
145 57
146 50
147 54
148 53
149 57
150 55
151 54
152 58
153 57
154 58
155 58
156 57
157 54
158 56
159 54
160 51
161 53
162 57
163 53
164 55
165 55
166 47
167 55
168 56
169 53
170 57
171 55
172 57
173 60
174 54
175 54
176 61
177 60
178 57
179 53
180 55
181 61
182 62
183 56
184 56
185 52
186 55
187 50
188 52
189 51
190 51
191 58
192 56
193 56
194 57
195 54
196 58
197 59
198 60
199 60
200 54
201 58
202 60
203 57
204 52
205 61
206 60
207 57
208 58
209 55
210 55
211 54
212 57
213 58
214 59
215 60
216 56
217 57
218 55
219 53
220 50
221 51
222 55
223 56
224 57
225 59
226 57
227 62
228 56
229 58
230 58
231 53
232 52
233 58
234 56
235 55
236 59
237 64
238 65
239 64
240 63
241 61
242 58
243 59
244 53
245 51
246 49
247 50
248 57
249 55
250 57
251 57
252 59
253 58
254 57
255 56
256 58
257 57
258 50
259 53
260 55
261 54
262 53
263 54
264 54
265 58
266 61
267 62
268 62
269 57
270 61
271 60
272 51
273 56
274 59
275 57
276 55
277 59
278 58
279 57
280 57
281 51
282 54
283 56
284 56
285 59
286 57
287 62
288 60
289 59
290 57
291 60
292 63
293 59
294 56
295 52
296 52
297 53
298 56
299 55
300 55
301 57
302 58
303 55
304 51
305 55
306 59
307 58
308 59
309 53
310 56
311 56
312 58
313 63
314 60
315 59
316 60
317 62
318 61
319 63
320 61
321 58
322 55
323 58
324 55
325 53
326 60
327 54
328 59
329 57
330 60
331 59
332 55
333 55
334 54
335 57
336 63
337 63
338 54
339 55
340 60
341 62
342 57
343 63
344 61
345 59
346 55
347 53
348 56
349 56
350 57
351 58
352 59
353 56
354 59
355 55
356 60
357 61
358 60
359 54
360 55
361 57
362 57
363 58
364 62
365 63
366 61
367 56
368 53
369 56
370 50
371 54
372 59
373 57
374 59
375 57
376 60
377 60
378 61
379 61
380 61
381 65
382 60
383 58
384 53
385 53
386 52
387 51
388 56
389 55
390 55
391 52
392 50
393 53
394 54
395 61
396 62
397 59
398 67
399 57
400 57
401 62
402 63
403 56
404 59
405 55
406 52
407 51
408 53
409 57
410 57
411 54
412 56
413 58
414 60
415 56
416 58
417 56
418 60
419 56
420 55
421 49
422 53
423 54
424 54
425 55
426 60
427 58
428 59
429 57
430 57
431 60
432 59
433 55
434 53
435 55
436 55
437 52
438 51
439 58
440 55
441 57
442 58
443 58
444 52
445 55
446 55
447 58
448 61
449 61
450 57
451 54
452 55
453 58
454 61
455 60
456 55
457 60
458 57
459 57
460 63
461 61
462 57
463 52
464 55
465 55
466 54
467 57
468 59
469 52
470 54
471 54
472 57
473 53
474 57
475 49
476 55
477 58
478 59
479 57
480 61
481 58
482 60
483 55
484 58
485 56
486 52
487 54
488 54
489 50
490 58
491 56
492 53
493 52
494 54
495 55
496 58
497 60
498 57
499 58
500 60
501 61
502 61
503 59
504 60
505 60
506 57
507 57
508 52
509 62
510 59
511 60
512 58
513 56
514 53
515 53
516 58
517 57
518 62
519 57
520 59
521 56
522 61
523 60
524 60
525 62
526 62
527 58
528 60
529 59
530 60
531 56
532 63
533 55
534 56
535 55
536 60
537 56
538 58
539 54
540 58
541 61
542 62
543 51
544 52
545 54
546 53
547 59
548 58
549 55
550 54
551 52
552 56
553 54
554 59
555 58
556 57
557 56
558 59
559 61
560 59
561 59
562 61
563 59
564 53
565 60
566 61
567 57
568 55
569 55
570 53
571 53
572 53
573 48
574 51
575 54
576 54
577 57
578 58
579 56
580 54
581 53
582 55
583 52
584 57
585 49
586 54
587 55
588 56
589 54
590 57
591 63
592 56
593 60
594 59
595 53
596 54
597 53
598 56
599 51
600 45
601 55
602 53
603 55
604 55
605 58
606 56
607 54
608 55
609 54
610 56
611 51
612 53
613 55
614 52
615 53
616 55
617 52
618 54
619 60
620 58
621 60
622 63
623 56
624 53
625 52
626 48
627 50
628 55
629 53
630 59
631 59
632 62
633 59
634 58
635 58
636 57
637 65
638 63
639 62
640 59
641 63
642 59
643 61
644 59
645 56
646 60
647 59
648 55
649 60
650 63
651 55
652 56
653 55
654 54
655 56
656 61
657 62
658 56
659 54
660 55
661 53
662 56
663 50
664 52
665 55
666 59
667 57
668 57
669 50
670 53
671 58
672 57
673 62
674 61
675 56
676 57
677 58
678 62
679 56
680 54
681 60
682 59
683 56
684 56
685 47
686 56
687 55
688 58
689 56
690 49
691 53
692 53
693 59
694 58
695 57
696 54
697 57
698 57
699 58
700 61
701 59
702 61
703 58
704 59
705 53
706 52
707 57
708 61
709 59
710 58
711 58
712 58
713 57
714 57
715 58
716 60
717 57
718 52
719 50
720 57
721 58
722 57
723 57
724 59
725 54
726 49
727 59
728 56
729 54
730 56
731 58
732 56
733 54
734 51
735 56
736 54
737 57
738 58
739 56
740 52
741 58
742 59
743 62
744 62
745 59
746 60
747 59
748 60
749 53
750 55
751 56
752 54
753 55
754 58
755 52
756 58
757 59
758 55
759 57
760 57
761 62
762 59
763 60
764 55
765 55
766 57
767 55
768 54
769 53
770 53
771 56
772 58
773 57
774 53
775 48
776 57
777 58
778 56
779 60
780 57
781 59
782 61
783 56
784 57
785 55
786 55
787 51
788 58
789 52
790 54
791 53
792 52
793 58
794 58
795 54
796 56
797 55
798 51
799 52
800 57
801 59
802 58
803 52
804 54
805 58
806 58
807 54
808 55
809 59
810 59
811 58
812 56
813 59
814 59
815 56
816 56
817 56
818 53
819 55
820 58
821 58
822 54
823 55
824 55
825 52
826 55
827 58
828 57
829 57
830 57
831 57
832 59
833 60
834 58
835 64
836 59
837 58
838 57
839 60
840 59
841 57
842 56
843 54
844 55
845 58
846 56
847 57
848 57
849 49
850 54
851 52
852 54
853 55
854 60
855 58
856 56
857 56
858 52
859 51
860 53
861 47
862 51
863 52
864 56
865 55
866 56
867 52
868 50
869 47
870 52
871 55
872 55
873 53
874 53
875 55
876 59
877 61
878 60
879 58
880 56
881 54
882 57
883 55
884 58
885 59
886 58
887 58
888 62
889 58
890 57
891 61
892 54
893 51
894 59
895 60
896 60
897 62
898 57
899 57
900 61
901 58
902 57
903 53
904 54
905 54
906 55
907 55
908 58
909 62
910 56
911 54
912 55
913 55
914 55
915 46
916 43
917 48
918 53
919 55
920 53
921 56
922 56
923 55
924 50
925 54
926 49
927 48
928 53
929 58
930 57
931 57
932 57
933 58
934 59
935 59
936 56
937 58
938 56
939 60
940 54
941 57
942 59
943 54
944 54
945 56
946 56
947 57
948 56
949 61
950 59
951 60
952 61
953 56
954 58
955 57
956 61
957 61
958 61
959 60
960 62
961 56
962 58
963 59
964 56
965 56
966 53
967 59
968 59
969 62
970 56
971 56
972 57
973 59
974 59
975 55
976 61
977 56
978 58
979 57
980 61
981 55
982 58
983 58
984 58
985 60
986 54
987 50
988 54
989 53
990 55
991 56
992 60
993 57
994 58
995 55
996 57
997 59
998 53
999 56
1000 53
