0 65
1 53
2 51
3 43
4 41
5 42
6 40
7 43
8 42
9 40
10 41
11 43
12 38
13 36
14 42
15 42
16 40
17 44
18 41
19 41
20 45
21 45
22 43
23 43
24 43
25 37
26 39
27 44
28 44
29 44
30 43
31 43
32 44
33 45
34 41
35 42
36 41
37 41
38 40
39 43
40 46
41 43
42 40
43 40
44 39
45 39
46 42
47 37
48 39
49 39
50 42
51 41
52 45
53 39
54 37
55 39
56 42
57 43
58 39
59 38
60 39
61 41
62 42
63 42
64 43
65 42
66 41
67 39
68 38
69 41
70 41
71 42
72 44
73 42
74 44
75 43
76 39
77 44
78 40
79 40
80 45
81 44
82 39
83 42
84 44
85 39
86 42
87 43
88 44
89 42
90 42
91 43
92 42
93 43
94 42
95 42
96 44
97 44
98 46
99 43
100 40
101 40
102 43
103 42
104 44
105 42
106 40
107 40
108 37
109 42
110 43
111 41
112 40
113 36
114 35
115 37
116 37
117 42
118 43
119 41
120 43
121 41
122 43
123 39
124 41
125 42
126 42
127 38
128 39
129 42
130 42
131 42
132 42
133 41
134 42
135 43
136 40
137 40
138 42
139 41
140 45
141 43
142 42
143 41
144 42
145 40
146 39
147 43
148 39
149 37
150 40
151 38
152 40
153 41
154 39
155 36
156 40
157 40
158 42
159 43
160 40
161 41
162 37
163 38
164 42
165 39
166 41
167 42
168 39
169 43
170 35
171 40
172 42
173 46
174 45
175 41
176 39
177 42
178 39
179 38
180 41
181 40
182 42
183 42
184 42
185 41
186 42
187 45
188 45
189 42
190 41
191 43
192 46
193 44
194 44
195 45
196 45
197 42
198 42
199 40
200 42
201 40
202 41
203 43
204 38
205 41
206 42
207 42
208 42
209 40
210 39
211 43
212 44
213 45
214 41
215 37
216 42
217 42
218 42
219 45
220 39
221 41
222 42
223 42
224 42
225 42
226 43
227 43
228 40
229 41
230 39
231 42
232 40
233 32
234 35
235 36
236 39
237 42
238 41
239 41
240 40
241 43
242 40
243 43
244 41
245 39
246 41
247 41
248 44
249 45
250 45
251 41
252 43
253 41
254 44
255 45
256 42
257 42
258 37
259 42
260 40
261 37
262 38
263 40
264 39
265 42
266 43
267 39
268 42
269 43
270 42
271 39
272 41
273 44
274 40
275 39
276 38
277 42
278 42
279 42
280 42
281 39
282 42
283 41
284 39
285 37
286 42
287 43
288 46
289 44
290 42
291 42
292 42
293 46
294 43
295 41
296 41
297 38
298 41
299 42
300 39
301 37
302 41
303 41
304 40
305 41
306 40
307 39
308 39
309 39
310 41
311 43
312 40
313 38
314 42
315 42
316 39
317 41
318 41
319 42
320 41
321 39
322 38
323 42
324 39
325 42
326 42
327 39
328 39
329 40
330 37
331 35
332 41
333 42
334 39
335 42
336 40
337 36
338 40
339 43
340 43
341 42
342 42
343 41
344 42
345 41
346 37
347 39
348 40
349 38
350 41
351 42
352 39
353 35
354 40
355 42
356 45
357 43
358 44
359 42
360 39
361 42
362 43
363 43
364 40
365 39
366 43
367 43
368 41
369 41
370 39
371 44
372 41
373 42
374 43
375 43
376 41
377 44
378 40
379 39
380 40
381 35
382 40
383 37
384 40
385 41
386 39
387 43
388 39
389 42
390 44
391 37
392 41
393 38
394 37
395 40
396 43
397 41
398 36
399 39
400 41
401 42
402 42
403 39
404 41
405 43
406 42
407 41
408 37
409 38
410 42
411 44
412 41
413 42
414 40
415 43
416 44
417 39
418 41
419 40
420 41
421 38
422 43
423 42
424 43
425 40
426 45
427 45
428 42
429 43
430 38
431 41
432 38
433 41
434 39
435 38
436 44
437 43
438 42
439 40
440 38
441 40
442 40
443 39
444 40
445 39
446 40
447 40
448 40
449 44
450 43
451 39
452 39
453 43
454 43
455 42
456 40
457 41
458 39
459 41
460 40
461 40
462 41
463 40
464 45
465 43
466 42
467 41
468 43
469 43
470 42
471 43
472 40
473 40
474 42
475 42
476 37
477 42
478 41
479 41
480 42
481 42
482 41
483 41
484 41
485 44
486 44
487 45
488 41
489 41
490 41
491 42
492 43
493 41
494 39
495 40
496 44
497 43
498 44
499 45
500 43
501 41
502 38
503 38
504 43
505 42
506 40
507 38
508 38
509 37
510 34
511 38
512 37
513 42
514 43
515 43
516 40
517 43
518 44
519 43
520 41
521 42
522 41
523 38
524 39
525 39
526 41
527 44
528 43
529 44
530 42
531 44
532 35
533 38
534 42
535 42
536 41
537 40
538 41
539 38
540 40
541 40
542 40
543 42
544 42
545 41
546 41
547 39
548 41
549 43
550 39
551 40
552 43
553 42
554 39
555 41
556 40
557 41
558 38
559 39
560 40
561 42
562 43
563 40
564 37
565 37
566 35
567 41
568 40
569 42
570 40
571 44
572 43
573 43
574 39
575 40
576 42
577 43
578 40
579 42
580 42
581 43
582 38
583 42
584 42
585 43
586 45
587 39
588 41
589 42
590 43
591 41
592 43
593 40
594 43
595 40
596 43
597 44
598 41
599 40
600 38
601 43
602 40
603 39
604 40
605 40
606 40
607 39
608 42
609 42
610 39
611 41
612 37
613 41
614 38
615 40
616 42
617 42
618 39
619 40
620 35
621 38
622 41
623 40
624 39
625 41
626 43
627 41
628 41
629 40
630 40
631 41
632 42
633 43
634 42
635 43
636 43
637 42
638 40
639 43
640 42
641 40
642 42
643 40
644 41
645 43
646 40
647 43
648 40
649 42
650 42
651 41
652 41
653 39
654 43
655 39
656 39
657 40
658 39
659 37
660 40
661 43
662 42
663 44
664 38
665 44
666 41
667 44
668 41
669 40
670 38
671 41
672 40
673 40
674 40
675 43
676 44
677 44
678 43
679 39
680 37
681 39
682 39
683 34
684 38
685 40
686 40
687 40
688 39
689 42
690 43
691 43
692 44
693 41
694 39
695 43
696 44
697 41
698 42
699 45
700 42
701 42
702 40
703 40
704 44
705 40
706 37
707 41
708 40
709 43
710 40
711 39
712 38
713 43
714 45
715 45
716 41
717 45
718 43
719 42
720 40
721 41
722 43
723 45
724 40
725 42
726 38
727 39
728 39
729 43
730 42
731 41
732 35
733 36
734 38
735 44
736 43
737 44
738 44
739 42
740 44
741 44
742 42
743 37
744 38
745 39
746 39
747 41
748 39
749 41
750 40
751 41
752 42
753 39
754 43
755 40
756 38
757 42
758 41
759 38
760 40
761 38
762 38
763 40
764 39
765 40
766 40
767 40
768 40
769 40
770 42
771 40
772 40
773 40
774 37
775 41
776 40
777 38
778 37
779 38
780 41
781 39
782 44
783 45
784 41
785 35
786 42
787 46
788 42
789 44
790 45
791 44
792 44
793 44
794 42
795 39
796 44
797 41
798 43
799 38
800 41
801 44
802 45
803 43
804 45
805 44
806 38
807 40
808 41
809 40
810 44
811 41
812 41
813 41
814 44
815 39
816 42
817 43
818 41
819 41
820 42
821 41
822 40
823 39
824 40
825 39
826 43
827 44
828 39
829 39
830 39
831 41
832 39
833 41
834 42
835 38
836 38
837 42
838 44
839 42
840 44
841 45
842 41
843 42
844 41
845 43
846 43
847 45
848 45
849 47
850 44
851 45
852 41
853 43
854 44
855 43
856 41
857 40
858 42
859 41
860 44
861 44
862 41
863 38
864 43
865 42
866 42
867 41
868 43
869 41
870 42
871 40
872 33
873 39
874 37
875 39
876 43
877 40
878 40
879 36
880 42
881 38
882 43
883 47
884 44
885 45
886 40
887 39
888 38
889 41
890 41
891 38
892 40
893 40
894 40
895 38
896 42
897 40
898 41
899 37
900 41
901 36
902 37
903 40
904 43
905 43
906 43
907 41
908 38
909 45
910 45
911 40
912 43
913 43
914 40
915 40
916 42
917 44
918 42
919 42
920 39
921 37
922 44
923 41
924 41
925 42
926 44
927 41
928 39
929 39
930 40
931 39
932 44
933 38
934 42
935 43
936 41
937 44
938 42
939 42
940 39
941 40
942 44
943 41
944 41
945 40
946 41
947 41
948 42
949 39
950 38
951 37
952 40
953 37
954 40
955 41
956 45
957 45
958 40
959 40
960 43
961 44
962 41
963 36
964 41
965 44
966 39
967 38
968 41
969 40
970 41
971 39
972 41
973 42
974 38
975 43
976 44
977 41
978 45
979 43
980 43
981 40
982 37
983 41
984 37
985 39
986 42
987 44
988 42
989 42
990 44
991 43
992 36
993 42
994 42
995 38
996 42
997 43
998 41
999 40
1000 41
