0 50
1 39
2 38
3 34
4 32
5 36
6 31
7 36
8 36
9 38
10 38
11 38
12 34
13 35
14 34
15 35
16 41
17 33
18 38
19 35
20 34
21 34
22 37
23 33
24 35
25 34
26 34
27 33
28 38
29 41
30 36
31 36
32 38
33 37
34 35
35 35
36 34
37 31
38 37
39 31
40 35
41 34
42 35
43 34
44 38
45 36
46 36
47 32
48 30
49 38
50 39
51 34
52 35
53 40
54 34
55 35
56 37
57 36
58 34
59 38
60 41
61 36
62 36
63 36
64 35
65 36
66 42
67 34
68 37
69 26
70 34
71 37
72 33
73 38
74 35
75 36
76 39
77 40
78 39
79 37
80 37
81 31
82 30
83 32
84 34
85 33
86 33
87 39
88 32
89 30
90 40
91 39
92 36
93 31
94 35
95 32
96 34
97 41
98 35
99 35
100 36
101 33
102 30
103 36
104 37
105 37
106 31
107 36
108 38
109 40
110 36
111 30
112 32
113 40
114 32
115 38
116 39
117 39
118 37
119 39
120 35
121 38
122 38
123 39
124 31
125 31
126 29
127 37
128 32
129 32
130 36
131 32
132 36
133 32
134 33
135 35
136 32
137 34
138 33
139 35
140 32
141 38
142 39
143 38
144 34
145 30
146 37
147 35
148 38
149 35
150 32
151 36
152 36
153 40
154 38
155 37
156 32
157 34
158 39
159 37
160 38
161 34
162 34
163 34
164 38
165 36
166 38
167 36
168 34
169 34
170 36
171 40
172 35
173 29
174 34
175 38
176 35
177 35
178 33
179 32
180 33
181 37
182 39
183 36
184 36
185 35
186 37
187 37
188 35
189 38
190 34
191 34
192 38
193 39
194 34
195 33
196 35
197 35
198 35
199 37
200 31
201 38
202 37
203 39
204 34
205 36
206 35
207 39
208 35
209 34
210 32
211 31
212 34
213 38
214 33
215 35
216 39
217 28
218 38
219 33
220 38
221 38
222 37
223 37
224 36
225 36
226 31
227 38
228 36
229 39
230 37
231 36
232 37
233 36
234 35
235 35
236 37
237 32
238 36
239 37
240 37
241 32
242 35
243 34
244 41
245 37
246 36
247 37
248 34
249 37
250 36
251 34
252 33
253 35
254 32
255 34
256 35
257 36
258 37
259 33
260 40
261 38
262 40
263 32
264 35
265 33
266 35
267 39
268 36
269 39
270 37
271 36
272 39
273 35
274 38
275 33
276 36
277 35
278 39
279 41
280 35
281 38
282 38
283 38
284 37
285 37
286 39
287 34
288 36
289 39
290 37
291 37
292 36
293 39
294 36
295 34
296 36
297 34
298 38
299 40
300 37
301 35
302 36
303 34
304 35
305 37
306 30
307 32
308 37
309 38
310 39
311 38
312 39
313 36
314 39
315 36
316 39
317 39
318 34
319 35
320 37
321 38
322 33
323 33
324 37
325 37
326 33
327 39
328 32
329 41
330 36
331 34
332 35
333 36
334 38
335 36
336 37
337 36
338 35
339 33
340 39
341 36
342 37
343 33
344 33
345 36
346 35
347 37
348 35
349 36
350 40
351 32
352 36
353 37
354 31
355 33
356 36
357 33
358 32
359 40
360 34
361 37
362 36
363 35
364 38
365 40
366 39
367 39
368 31
369 33
370 35
371 37
372 37
373 40
374 35
375 36
376 33
377 34
378 36
379 38
380 35
381 36
382 36
383 36
384 39
385 31
386 36
387 34
388 37
389 36
390 36
391 33
392 31
393 27
394 32
395 38
396 37
397 33
398 37
399 34
400 39
401 37
402 39
403 32
404 38
405 35
406 35
407 40
408 38
409 39
410 38
411 36
412 38
413 34
414 32
415 36
416 34
417 37
418 35
419 34
420 31
421 34
422 37
423 35
424 40
425 38
426 31
427 31
428 40
429 36
430 30
431 35
432 36
433 37
434 38
435 35
436 36
437 32
438 33
439 35
440 39
441 35
442 35
443 33
444 36
445 35
446 33
447 36
448 37
449 32
450 38
451 36
452 34
453 36
454 33
455 39
456 37
457 31
458 37
459 38
460 35
461 28
462 34
463 38
464 36
465 40
466 36
467 36
468 32
469 33
470 37
471 40
472 34
473 36
474 37
475 35
476 33
477 39
478 36
479 36
480 39
481 34
482 36
483 34
484 35
485 33
486 36
487 37
488 33
489 35
490 33
491 40
492 29
493 34
494 39
495 38
496 37
497 36
498 38
499 37
500 33
501 37
502 32
503 34
504 32
505 38
506 38
507 36
508 31
509 38
510 32
511 36
512 35
513 38
514 34
515 34
516 38
517 38
518 38
519 36
520 36
521 39
522 33
523 34
524 28
525 35
526 37
527 32
528 36
529 36
530 35
531 39
532 37
533 38
534 35
535 36
536 39
537 38
538 32
539 35
540 37
541 34
542 34
543 34
544 37
545 35
546 31
547 32
548 35
549 34
550 35
551 38
552 39
553 37
554 37
555 37
556 40
557 34
558 36
559 32
560 39
561 38
562 40
563 36
564 33
565 37
566 34
567 35
568 38
569 40
570 38
571 36
572 35
573 36
574 37
575 35
576 37
577 35
578 39
579 35
580 34
581 34
582 35
583 34
584 32
585 38
586 35
587 38
588 30
589 36
590 35
591 36
592 32
593 38
594 36
595 40
596 37
597 39
598 36
599 36
600 36
601 40
602 39
603 33
604 35
605 36
606 35
607 41
608 41
609 34
610 41
611 35
612 33
613 34
614 32
615 33
616 34
617 29
618 33
619 34
620 32
621 38
622 34
623 36
624 34
625 35
626 34
627 34
628 38
629 37
630 37
631 35
632 34
633 36
634 37
635 34
636 36
637 37
638 30
639 35
640 34
641 36
642 37
643 34
644 37
645 27
646 37
647 40
648 37
649 31
650 34
651 37
652 33
653 32
654 36
655 36
656 35
657 37
658 37
659 41
660 34
661 29
662 31
663 33
664 35
665 37
666 36
667 38
668 38
669 35
670 36
671 37
672 31
673 34
674 36
675 38
676 33
677 30
678 36
679 35
680 38
681 31
682 39
683 38
684 35
685 30
686 38
687 40
688 38
689 32
690 35
691 32
692 35
693 41
694 37
695 35
696 35
697 35
698 36
699 35
700 33
701 32
702 30
703 37
704 37
705 30
706 36
707 34
708 39
709 35
710 35
711 37
712 31
713 38
714 36
715 35
716 36
717 34
718 38
719 35
720 34
721 34
722 37
723 36
724 36
725 39
726 34
727 33
728 38
729 32
730 35
731 34
732 37
733 33
734 36
735 36
736 36
737 35
738 33
739 34
740 34
741 35
742 34
743 33
744 36
745 37
746 37
747 33
748 34
749 38
750 39
751 38
752 36
753 36
754 38
755 38
756 34
757 40
758 38
759 39
760 37
761 33
762 36
763 35
764 32
765 34
766 31
767 33
768 39
769 32
770 39
771 34
772 34
773 33
774 35
775 36
776 34
777 38
778 32
779 34
780 36
781 33
782 37
783 36
784 33
785 38
786 35
787 36
788 35
789 37
790 35
791 36
792 36
793 33
794 36
795 36
796 35
797 31
798 35
799 38
800 36
801 28
802 36
803 35
804 35
805 36
806 34
807 36
808 37
809 37
810 37
811 36
812 39
813 36
814 38
815 34
816 37
817 34
818 33
819 36
820 30
821 37
822 35
823 35
824 39
825 36
826 32
827 37
828 35
829 35
830 35
831 39
832 35
833 37
834 38
835 38
836 40
837 37
838 40
839 36
840 32
841 36
842 35
843 35
844 35
845 39
846 37
847 36
848 38
849 39
850 36
851 36
852 31
853 40
854 35
855 41
856 37
857 38
858 37
859 31
860 38
861 36
862 38
863 37
864 36
865 38
866 36
867 32
868 36
869 37
870 37
871 39
872 34
873 38
874 37
875 38
876 27
877 33
878 37
879 35
880 32
881 38
882 35
883 38
884 41
885 36
886 41
887 33
888 38
889 35
890 38
891 32
892 39
893 38
894 34
895 36
896 34
897 39
898 39
899 38
900 37
901 39
902 35
903 37
904 41
905 36
906 34
907 33
908 36
909 31
910 32
911 31
912 30
913 34
914 34
915 33
916 37
917 33
918 31
919 38
920 32
921 37
922 35
923 34
924 36
925 36
926 38
927 34
928 38
929 37
930 41
931 34
932 38
933 37
934 32
935 36
936 35
937 38
938 37
939 35
940 37
941 38
942 32
943 36
944 35
945 40
946 36
947 36
948 37
949 36
950 32
951 35
952 28
953 36
954 43
955 39
956 34
957 32
958 37
959 36
960 36
961 32
962 34
963 40
964 38
965 39
966 33
967 37
968 39
969 36
970 33
971 35
972 37
973 33
974 38
975 38
976 37
977 34
978 35
979 34
980 34
981 33
982 33
983 39
984 36
985 37
986 38
987 35
988 33
989 30
990 36
991 35
992 30
993 34
994 37
995 37
996 40
997 33
998 37
999 36
1000 41
