0 75
1 51
2 49
3 49
4 50
5 53
6 49
7 50
8 53
9 52
10 51
11 51
12 51
13 51
14 50
15 50
16 51
17 52
18 51
19 51
20 49
21 52
22 49
23 53
24 48
25 51
26 49
27 50
28 54
29 55
30 44
31 49
32 50
33 51
34 48
35 51
36 53
37 52
38 51
39 47
40 46
41 50
42 52
43 54
44 50
45 50
46 55
47 51
48 53
49 47
50 54
51 54
52 49
53 51
54 46
55 53
56 52
57 51
58 53
59 49
60 52
61 45
62 48
63 56
64 50
65 53
66 53
67 50
68 52
69 47
70 53
71 50
72 47
73 53
74 51
75 49
76 49
77 53
78 48
79 51
80 52
81 49
82 54
83 53
84 51
85 51
86 49
87 54
88 48
89 47
90 47
91 54
92 53
93 49
94 50
95 53
96 54
97 48
98 53
99 54
100 54
101 51
102 52
103 54
104 55
105 48
106 52
107 52
108 54
109 52
110 43
111 56
112 51
113 49
114 55
115 54
116 51
117 53
118 52
119 51
120 53
121 49
122 45
123 52
124 53
125 53
126 52
127 53
128 50
129 50
130 53
131 49
132 50
133 49
134 50
135 53
136 47
137 52
138 51
139 55
140 53
141 50
142 48
143 53
144 50
145 50
146 48
147 53
148 47
149 51
150 48
151 50
152 54
153 46
154 49
155 52
156 54
157 48
158 54
159 51
160 50
161 52
162 53
163 51
164 52
165 52
166 52
167 47
168 50
169 52
170 48
171 51
172 52
173 49
174 49
175 48
176 51
177 53
178 49
179 51
180 50
181 51
182 52
183 55
184 54
185 53
186 52
187 53
188 51
189 48
190 52
191 51
192 54
193 52
194 50
195 51
196 48
197 50
198 51
199 45
200 54
201 50
202 49
203 53
204 52
205 50
206 51
207 53
208 54
209 50
210 52
211 52
212 50
213 52
214 51
215 51
216 52
217 53
218 51
219 46
220 49
221 51
222 50
223 52
224 52
225 51
226 45
227 54
228 50
229 48
230 48
231 49
232 54
233 51
234 48
235 50
236 55
237 50
238 53
239 50
240 49
241 53
242 51
243 50
244 53
245 51
246 53
247 54
248 49
249 50
250 52
251 50
252 50
253 51
254 54
255 56
256 53
257 51
258 51
259 54
260 50
261 51
262 51
263 43
264 54
265 51
266 50
267 51
268 53
269 53
270 49
271 54
272 46
273 52
274 53
275 53
276 48
277 52
278 51
279 48
280 53
281 51
282 51
283 53
284 53
285 49
286 48
287 49
288 53
289 52
290 54
291 52
292 53
293 54
294 48
295 51
296 51
297 47
298 50
299 47
300 53
301 53
302 44
303 49
304 52
305 51
306 54
307 53
308 52
309 53
310 50
311 52
312 51
313 51
314 50
315 47
316 51
317 50
318 50
319 50
320 48
321 56
322 50
323 52
324 56
325 55
326 47
327 53
328 50
329 49
330 51
331 54
332 51
333 50
334 53
335 53
336 52
337 48
338 51
339 50
340 51
341 53
342 49
343 52
344 54
345 50
346 52
347 50
348 51
349 55
350 49
351 51
352 50
353 51
354 47
355 50
356 50
357 49
358 51
359 56
360 49
361 53
362 51
363 50
364 50
365 52
366 51
367 54
368 49
369 53
370 51
371 47
372 46
373 49
374 52
375 53
376 52
377 51
378 48
379 49
380 47
381 51
382 53
383 51
384 53
385 54
386 44
387 52
388 53
389 51
390 52
391 54
392 49
393 50
394 51
395 48
396 51
397 52
398 55
399 52
400 52
401 54
402 53
403 52
404 50
405 52
406 47
407 50
408 50
409 52
410 52
411 48
412 55
413 54
414 51
415 48
416 50
417 53
418 52
419 51
420 51
421 48
422 53
423 49
424 51
425 54
426 53
427 49
428 53
429 51
430 54
431 50
432 49
433 52
434 52
435 48
436 52
437 51
438 48
439 48
440 54
441 54
442 54
443 50
444 46
445 50
446 51
447 50
448 47
449 53
450 53
451 52
452 50
453 49
454 51
455 52
456 48
457 56
458 46
459 48
460 52
461 51
462 49
463 53
464 47
465 49
466 51
467 53
468 52
469 50
470 52
471 45
472 45
473 49
474 52
475 47
476 51
477 53
478 46
479 52
480 49
481 50
482 51
483 53
484 51
485 49
486 53
487 53
488 55
489 51
490 52
491 50
492 50
493 51
494 49
495 50
496 50
497 50
498 49
499 47
500 51
501 52
502 52
503 53
504 51
505 49
506 50
507 55
508 52
509 44
510 47
511 51
512 51
513 51
514 50
515 48
516 49
517 53
518 52
519 51
520 53
521 48
522 55
523 52
524 50
525 54
526 52
527 48
528 48
529 49
530 52
531 52
532 45
533 50
534 53
535 50
536 49
537 49
538 51
539 53
540 53
541 51
542 51
543 53
544 48
545 53
546 51
547 49
548 52
549 50
550 47
551 51
552 51
553 51
554 48
555 52
556 55
557 52
558 52
559 51
560 50
561 48
562 53
563 54
564 51
565 50
566 50
567 51
568 54
569 50
570 53
571 50
572 47
573 51
574 50
575 52
576 53
577 47
578 54
579 54
580 51
581 51
582 54
583 54
584 49
585 51
586 50
587 50
588 55
589 50
590 52
591 49
592 45
593 49
594 49
595 51
596 53
597 49
598 47
599 51
600 53
601 52
602 45
603 51
604 51
605 49
606 53
607 54
608 49
609 52
610 46
611 50
612 52
613 51
614 50
615 50
616 50
617 52
618 50
619 54
620 54
621 54
622 52
623 48
624 52
625 52
626 52
627 51
628 52
629 53
630 54
631 52
632 51
633 48
634 51
635 48
636 51
637 48
638 39
639 46
640 50
641 55
642 55
643 50
644 53
645 50
646 53
647 53
648 49
649 48
650 47
651 54
652 51
653 49
654 47
655 51
656 52
657 52
658 47
659 52
660 54
661 51
662 50
663 54
664 53
665 46
666 52
667 55
668 53
669 51
670 50
671 53
672 54
673 53
674 52
675 52
676 50
677 53
678 48
679 56
680 50
681 51
682 51
683 46
684 48
685 56
686 53
687 50
688 52
689 53
690 49
691 51
692 52
693 47
694 52
695 52
696 50
697 51
698 50
699 54
700 50
701 50
702 53
703 49
704 47
705 53
706 50
707 53
708 49
709 52
710 50
711 50
712 52
713 54
714 51
715 50
716 51
717 50
718 49
719 56
720 49
721 50
722 51
723 53
724 48
725 52
726 54
727 51
728 52
729 52
730 50
731 51
732 46
733 54
734 53
735 49
736 53
737 47
738 49
739 53
740 54
741 49
742 53
743 48
744 50
745 47
746 49
747 50
748 46
749 52
750 52
751 51
752 48
753 50
754 52
755 49
756 53
757 49
758 51
759 47
760 49
761 50
762 49
763 48
764 49
765 53
766 52
767 51
768 50
769 52
770 51
771 51
772 49
773 44
774 51
775 45
776 54
777 51
778 48
779 51
780 55
781 53
782 54
783 49
784 51
785 51
786 50
787 47
788 49
789 53
790 49
791 48
792 53
793 51
794 50
795 51
796 51
797 53
798 52
799 49
800 52
801 49
802 51
803 53
804 48
805 52
806 52
807 51
808 52
809 52
810 49
811 52
812 51
813 55
814 48
815 53
816 47
817 51
818 53
819 52
820 49
821 48
822 45
823 52
824 48
825 50
826 54
827 49
828 51
829 49
830 51
831 49
832 49
833 53
834 53
835 55
836 45
837 48
838 50
839 53
840 48
841 50
842 50
843 48
844 53
845 50
846 48
847 53
848 51
849 56
850 51
851 47
852 50
853 47
854 52
855 49
856 53
857 51
858 52
859 49
860 51
861 54
862 51
863 52
864 53
865 53
866 52
867 48
868 53
869 51
870 51
871 53
872 46
873 49
874 55
875 51
876 51
877 52
878 55
879 49
880 52
881 49
882 53
883 52
884 46
885 51
886 54
887 52
888 52
889 48
890 51
891 48
892 49
893 53
894 47
895 49
896 52
897 49
898 52
899 50
900 48
901 48
902 54
903 52
904 49
905 55
906 49
907 55
908 46
909 50
910 48
911 54
912 51
913 53
914 52
915 48
916 50
917 50
918 51
919 48
920 54
921 46
922 51
923 52
924 51
925 49
926 51
927 50
928 49
929 48
930 53
931 47
932 49
933 52
934 55
935 49
936 50
937 49
938 47
939 48
940 50
941 49
942 48
943 50
944 52
945 51
946 53
947 48
948 50
949 50
950 48
951 54
952 51
953 50
954 52
955 50
956 53
957 51
958 51
959 53
960 56
961 48
962 47
963 51
964 51
965 53
966 48
967 52
968 49
969 50
970 51
971 54
972 52
973 47
974 49
975 51
976 50
977 47
978 52
979 56
980 50
981 53
982 49
983 53
984 48
985 50
986 52
987 52
988 49
989 48
990 54
991 51
992 51
993 50
994 53
995 51
996 53
997 47
998 47
999 56
1000 54
