0 65
1 47
2 43
3 44
4 45
5 46
6 45
7 41
8 45
9 40
10 45
11 44
12 45
13 47
14 47
15 41
16 46
17 44
18 43
19 44
20 48
21 42
22 43
23 44
24 44
25 40
26 45
27 44
28 43
29 46
30 45
31 45
32 44
33 43
34 45
35 42
36 44
37 47
38 41
39 46
40 43
41 44
42 45
43 43
44 43
45 47
46 47
47 44
48 39
49 41
50 34
51 43
52 38
53 46
54 47
55 43
56 44
57 45
58 48
59 46
60 46
61 42
62 45
63 47
64 45
65 46
66 44
67 46
68 45
69 40
70 39
71 38
72 43
73 42
74 42
75 44
76 43
77 45
78 46
79 46
80 44
81 42
82 41
83 40
84 39
85 42
86 45
87 47
88 42
89 42
90 42
91 46
92 45
93 46
94 44
95 47
96 50
97 41
98 41
99 43
100 43
101 46
102 49
103 46
104 44
105 44
106 45
107 45
108 46
109 39
110 41
111 43
112 40
113 41
114 42
115 42
116 48
117 44
118 42
119 43
120 45
121 46
122 47
123 48
124 47
125 43
126 46
127 43
128 43
129 46
130 43
131 43
132 46
133 46
134 42
135 44
136 40
137 38
138 37
139 46
140 47
141 43
142 40
143 45
144 46
145 46
146 44
147 46
148 43
149 47
150 42
151 44
152 44
153 42
154 48
155 43
156 45
157 45
158 44
159 45
160 49
161 45
162 46
163 48
164 43
165 46
166 41
167 43
168 42
169 43
170 41
171 40
172 45
173 49
174 46
175 47
176 42
177 42
178 42
179 45
180 44
181 42
182 45
183 45
184 45
185 45
186 41
187 44
188 46
189 46
190 45
191 41
192 41
193 42
194 42
195 41
196 46
197 49
198 47
199 46
200 45
201 45
202 45
203 44
204 38
205 41
206 36
207 42
208 40
209 45
210 42
211 45
212 46
213 45
214 43
215 39
216 40
217 44
218 43
219 46
220 50
221 47
222 45
223 43
224 44
225 44
226 43
227 38
228 43
229 43
230 43
231 47
232 42
233 43
234 42
235 39
236 41
237 44
238 44
239 45
240 46
241 43
242 44
243 46
244 40
245 46
246 47
247 44
248 43
249 41
250 47
251 48
252 43
253 46
254 48
255 43
256 44
257 46
258 44
259 46
260 48
261 43
262 43
263 39
264 46
265 39
266 46
267 42
268 45
269 43
270 44
271 40
272 46
273 45
274 43
275 40
276 45
277 47
278 48
279 44
280 44
281 46
282 43
283 47
284 42
285 44
286 41
287 44
288 42
289 35
290 41
291 39
292 38
293 43
294 41
295 45
296 46
297 42
298 45
299 44
300 46
301 48
302 45
303 48
304 42
305 47
306 47
307 44
308 44
309 46
310 45
311 40
312 43
313 47
314 38
315 43
316 45
317 44
318 41
319 45
320 43
321 44
322 46
323 46
324 43
325 42
326 43
327 45
328 47
329 45
330 44
331 45
332 47
333 42
334 49
335 46
336 48
337 48
338 46
339 43
340 45
341 44
342 45
343 44
344 43
345 42
346 41
347 38
348 43
349 44
350 45
351 41
352 44
353 43
354 48
355 42
356 45
357 45
358 47
359 45
360 41
361 41
362 45
363 46
364 45
365 41
366 42
367 43
368 44
369 49
370 45
371 46
372 43
373 40
374 42
375 45
376 45
377 46
378 43
379 44
380 44
381 46
382 41
383 42
384 46
385 44
386 44
387 49
388 51
389 49
390 45
391 42
392 45
393 43
394 42
395 46
396 45
397 41
398 39
399 45
400 43
401 46
402 48
403 46
404 47
405 43
406 46
407 39
408 37
409 40
410 49
411 51
412 46
413 40
414 43
415 46
416 44
417 47
418 48
419 44
420 41
421 44
422 41
423 43
424 44
425 42
426 43
427 48
428 41
429 44
430 49
431 43
432 48
433 42
434 46
435 42
436 45
437 39
438 42
439 46
440 44
441 45
442 43
443 45
444 45
445 44
446 44
447 47
448 45
449 45
450 46
451 45
452 46
453 42
454 43
455 46
456 50
457 40
458 41
459 44
460 42
461 46
462 41
463 42
464 44
465 48
466 47
467 45
468 45
469 44
470 41
471 43
472 41
473 44
474 45
475 44
476 44
477 41
478 48
479 46
480 48
481 47
482 45
483 40
484 43
485 40
486 42
487 42
488 44
489 45
490 37
491 41
492 40
493 45
494 43
495 44
496 46
497 45
498 43
499 44
500 47
501 48
502 43
503 43
504 40
505 47
506 46
507 43
508 45
509 48
510 44
511 43
512 45
513 42
514 45
515 45
516 43
517 47
518 45
519 43
520 38
521 45
522 47
523 44
524 43
525 44
526 36
527 42
528 36
529 45
530 45
531 45
532 44
533 42
534 46
535 42
536 50
537 44
538 40
539 39
540 42
541 43
542 47
543 52
544 48
545 48
546 47
547 44
548 47
549 43
550 48
551 43
552 43
553 44
554 42
555 44
556 43
557 44
558 42
559 42
560 39
561 43
562 41
563 39
564 44
565 41
566 45
567 42
568 42
569 45
570 44
571 46
572 43
573 46
574 38
575 42
576 44
577 43
578 45
579 43
580 45
581 43
582 46
583 45
584 45
585 48
586 45
587 42
588 46
589 46
590 44
591 46
592 45
593 46
594 47
595 46
596 47
597 45
598 44
599 40
600 44
601 45
602 45
603 44
604 43
605 40
606 43
607 49
608 45
609 47
610 42
611 45
612 48
613 45
614 42
615 42
616 43
617 45
618 46
619 43
620 45
621 47
622 47
623 43
624 44
625 47
626 45
627 43
628 46
629 45
630 43
631 41
632 43
633 46
634 41
635 46
636 44
637 38
638 46
639 44
640 47
641 45
642 40
643 40
644 42
645 45
646 44
647 43
648 44
649 47
650 47
651 43
652 42
653 44
654 45
655 42
656 45
657 37
658 46
659 48
660 46
661 44
662 49
663 49
664 39
665 46
666 44
667 46
668 47
669 48
670 47
671 46
672 48
673 43
674 41
675 46
676 43
677 41
678 48
679 41
680 42
681 45
682 45
683 42
684 45
685 42
686 40
687 42
688 43
689 44
690 43
691 48
692 47
693 52
694 46
695 46
696 47
697 47
698 45
699 44
700 45
701 46
702 41
703 39
704 43
705 42
706 48
707 45
708 45
709 46
710 47
711 49
712 43
713 41
714 41
715 43
716 43
717 43
718 45
719 43
720 44
721 46
722 41
723 43
724 44
725 47
726 49
727 43
728 41
729 44
730 44
731 43
732 42
733 44
734 46
735 44
736 43
737 41
738 45
739 44
740 43
741 39
742 45
743 47
744 46
745 48
746 46
747 43
748 41
749 46
750 42
751 39
752 45
753 42
754 42
755 43
756 48
757 45
758 41
759 44
760 44
761 41
762 40
763 44
764 42
765 40
766 42
767 39
768 41
769 40
770 46
771 44
772 43
773 47
774 47
775 46
776 42
777 44
778 48
779 39
780 44
781 47
782 47
783 44
784 42
785 41
786 48
787 42
788 48
789 45
790 41
791 40
792 44
793 44
794 39
795 41
796 40
797 45
798 44
799 38
800 47
801 43
802 45
803 45
804 46
805 44
806 38
807 40
808 40
809 43
810 42
811 44
812 46
813 46
814 47
815 45
816 42
817 45
818 46
819 47
820 48
821 46
822 48
823 37
824 39
825 43
826 46
827 37
828 45
829 42
830 45
831 45
832 47
833 44
834 46
835 46
836 39
837 46
838 45
839 39
840 45
841 47
842 45
843 46
844 43
845 43
846 41
847 42
848 44
849 45
850 47
851 46
852 40
853 44
854 45
855 46
856 44
857 48
858 48
859 42
860 38
861 37
862 41
863 43
864 49
865 44
866 44
867 47
868 41
869 47
870 45
871 48
872 49
873 42
874 44
875 45
876 43
877 42
878 45
879 43
880 41
881 44
882 44
883 40
884 44
885 43
886 41
887 45
888 46
889 45
890 45
891 44
892 48
893 46
894 47
895 48
896 47
897 45
898 47
899 39
900 47
901 48
902 42
903 49
904 46
905 45
906 43
907 47
908 44
909 44
910 43
911 46
912 45
913 43
914 42
915 40
916 47
917 49
918 42
919 48
920 43
921 45
922 42
923 40
924 44
925 43
926 44
927 43
928 44
929 42
930 43
931 45
932 41
933 43
934 45
935 45
936 44
937 45
938 40
939 37
940 40
941 42
942 41
943 43
944 46
945 40
946 45
947 48
948 47
949 47
950 46
951 41
952 45
953 44
954 42
955 46
956 47
957 43
958 43
959 39
960 44
961 44
962 48
963 44
964 43
965 38
966 43
967 42
968 43
969 48
970 46
971 41
972 42
973 43
974 42
975 44
976 45
977 45
978 46
979 43
980 47
981 41
982 42
983 43
984 45
985 45
986 45
987 46
988 43
989 45
990 48
991 45
992 45
993 40
994 39
995 43
996 46
997 42
998 46
999 44
1000 45
