0 50
1 38
2 34
3 36
4 35
5 35
6 33
7 33
8 38
9 37
10 35
11 39
12 35
13 35
14 37
15 37
16 38
17 34
18 38
19 33
20 35
21 34
22 38
23 33
24 37
25 38
26 34
27 23
28 34
29 40
30 37
31 37
32 32
33 33
34 34
35 38
36 36
37 37
38 37
39 39
40 34
41 37
42 33
43 33
44 35
45 27
46 38
47 38
48 36
49 38
50 38
51 39
52 37
53 37
54 39
55 33
56 31
57 34
58 37
59 33
60 39
61 34
62 34
63 35
64 37
65 38
66 40
67 36
68 31
69 35
70 37
71 38
72 32
73 35
74 37
75 37
76 36
77 36
78 33
79 33
80 31
81 30
82 35
83 37
84 39
85 35
86 31
87 30
88 28
89 32
90 32
91 36
92 32
93 36
94 35
95 35
96 29
97 32
98 33
99 37
100 37
101 33
102 34
103 36
104 33
105 35
106 33
107 33
108 37
109 37
110 36
111 37
112 37
113 36
114 35
115 33
116 32
117 35
118 35
119 34
120 35
121 38
122 38
123 34
124 37
125 36
126 36
127 32
128 35
129 34
130 35
131 34
132 39
133 40
134 40
135 37
136 36
137 36
138 36
139 37
140 38
141 39
142 38
143 32
144 39
145 35
146 36
147 34
148 36
149 37
150 33
151 35
152 37
153 39
154 39
155 37
156 35
157 31
158 35
159 34
160 37
161 39
162 35
163 34
164 37
165 34
166 35
167 37
168 37
169 39
170 40
171 38
172 35
173 31
174 36
175 36
176 32
177 35
178 34
179 27
180 35
181 32
182 37
183 39
184 28
185 33
186 30
187 37
188 40
189 35
190 38
191 29
192 38
193 37
194 36
195 36
196 34
197 38
198 33
199 34
200 37
201 34
202 35
203 37
204 40
205 35
206 35
207 35
208 31
209 33
210 32
211 34
212 37
213 36
214 32
215 34
216 35
217 36
218 39
219 36
220 34
221 32
222 36
223 39
224 36
225 33
226 35
227 33
228 36
229 37
230 35
231 37
232 36
233 35
234 35
235 37
236 38
237 37
238 39
239 34
240 35
241 37
242 38
243 36
244 38
245 40
246 35
247 37
248 35
249 36
250 38
251 34
252 34
253 34
254 35
255 35
256 32
257 31
258 36
259 36
260 36
261 40
262 32
263 32
264 34
265 40
266 37
267 35
268 36
269 37
270 34
271 34
272 33
273 32
274 35
275 35
276 37
277 38
278 36
279 35
280 37
281 37
282 35
283 36
284 35
285 36
286 36
287 35
288 36
289 34
290 34
291 32
292 32
293 34
294 36
295 37
296 37
297 37
298 34
299 31
300 36
301 32
302 36
303 35
304 35
305 34
306 32
307 32
308 35
309 39
310 35
311 33
312 33
313 32
314 34
315 39
316 35
317 40
318 38
319 31
320 34
321 39
322 39
323 36
324 38
325 32
326 35
327 31
328 35
329 32
330 34
331 36
332 38
333 37
334 39
335 33
336 31
337 36
338 36
339 40
340 35
341 39
342 36
343 33
344 35
345 39
346 40
347 34
348 35
349 34
350 30
351 28
352 28
353 37
354 36
355 40
356 32
357 32
358 37
359 35
360 35
361 36
362 33
363 37
364 34
365 40
366 35
367 39
368 40
369 39
370 38
371 36
372 35
373 32
374 37
375 38
376 36
377 36
378 37
379 38
380 37
381 37
382 35
383 34
384 32
385 33
386 34
387 33
388 37
389 38
390 36
391 35
392 36
393 34
394 31
395 35
396 38
397 37
398 33
399 37
400 39
401 39
402 33
403 36
404 37
405 33
406 36
407 34
408 37
409 33
410 31
411 32
412 32
413 38
414 37
415 33
416 36
417 34
418 32
419 33
420 35
421 31
422 34
423 29
424 30
425 36
426 34
427 34
428 32
429 36
430 31
431 34
432 34
433 34
434 34
435 36
436 37
437 32
438 37
439 36
440 29
441 32
442 36
443 34
444 32
445 33
446 37
447 33
448 40
449 38
450 36
451 35
452 37
453 35
454 33
455 30
456 37
457 32
458 32
459 30
460 30
461 32
462 34
463 38
464 33
465 37
466 34
467 36
468 35
469 36
470 38
471 37
472 39
473 34
474 32
475 41
476 34
477 35
478 38
479 35
480 34
481 31
482 35
483 37
484 34
485 36
486 35
487 35
488 36
489 34
490 37
491 35
492 29
493 35
494 37
495 36
496 35
497 38
498 39
499 38
500 38
501 35
502 35
503 35
504 35
505 37
506 36
507 37
508 35
509 34
510 34
511 32
512 33
513 38
514 34
515 34
516 37
517 35
518 33
519 30
520 32
521 34
522 36
523 37
524 39
525 38
526 37
527 35
528 33
529 36
530 36
531 36
532 39
533 40
534 38
535 33
536 36
537 35
538 36
539 36
540 35
541 37
542 40
543 36
544 36
545 36
546 37
547 33
548 34
549 33
550 37
551 34
552 35
553 32
554 32
555 34
556 38
557 34
558 33
559 35
560 37
561 33
562 35
563 33
564 37
565 35
566 34
567 34
568 34
569 35
570 38
571 37
572 29
573 38
574 34
575 35
576 35
577 38
578 37
579 34
580 33
581 32
582 32
583 38
584 30
585 31
586 34
587 33
588 37
589 38
590 37
591 31
592 35
593 33
594 37
595 39
596 34
597 31
598 37
599 37
600 38
601 36
602 39
603 36
604 33
605 31
606 32
607 35
608 38
609 39
610 41
611 39
612 38
613 37
614 38
615 37
616 36
617 36
618 33
619 30
620 35
621 35
622 33
623 36
624 35
625 36
626 30
627 33
628 34
629 37
630 39
631 38
632 29
633 36
634 31
635 30
636 34
637 38
638 39
639 35
640 36
641 30
642 37
643 37
644 33
645 36
646 29
647 31
648 32
649 31
650 36
651 35
652 37
653 36
654 32
655 28
656 32
657 34
658 32
659 34
660 34
661 39
662 36
663 35
664 40
665 37
666 37
667 32
668 38
669 37
670 36
671 38
672 33
673 32
674 32
675 34
676 36
677 32
678 33
679 36
680 38
681 35
682 35
683 35
684 37
685 38
686 41
687 35
688 37
689 34
690 33
691 38
692 31
693 35
694 37
695 33
696 37
697 33
698 33
699 35
700 33
701 34
702 36
703 35
704 38
705 37
706 31
707 32
708 36
709 33
710 36
711 33
712 36
713 32
714 32
715 37
716 38
717 35
718 31
719 34
720 33
721 38
722 38
723 35
724 36
725 38
726 39
727 39
728 37
729 36
730 34
731 33
732 38
733 37
734 41
735 37
736 37
737 36
738 33
739 36
740 36
741 37
742 38
743 35
744 34
745 39
746 37
747 39
748 36
749 33
750 35
751 34
752 35
753 33
754 39
755 35
756 33
757 31
758 37
759 34
760 38
761 36
762 39
763 37
764 35
765 37
766 38
767 29
768 35
769 40
770 41
771 35
772 37
773 37
774 34
775 38
776 35
777 36
778 34
779 33
780 34
781 36
782 33
783 33
784 39
785 38
786 36
787 31
788 34
789 33
790 37
791 36
792 34
793 32
794 36
795 32
796 33
797 34
798 33
799 34
800 38
801 38
802 37
803 37
804 34
805 39
806 36
807 37
808 39
809 40
810 38
811 40
812 40
813 36
814 37
815 37
816 36
817 34
818 33
819 32
820 37
821 35
822 35
823 34
824 31
825 36
826 34
827 34
828 31
829 34
830 36
831 40
832 42
833 36
834 29
835 37
836 40
837 34
838 36
839 34
840 32
841 34
842 36
843 37
844 39
845 37
846 38
847 36
848 32
849 34
850 40
851 37
852 37
853 38
854 40
855 33
856 37
857 34
858 39
859 32
860 37
861 33
862 30
863 35
864 34
865 36
866 40
867 34
868 36
869 32
870 38
871 35
872 36
873 38
874 33
875 34
876 34
877 34
878 36
879 36
880 32
881 32
882 32
883 33
884 38
885 35
886 37
887 33
888 37
889 38
890 40
891 38
892 39
893 37
894 33
895 37
896 42
897 31
898 37
899 30
900 34
901 35
902 36
903 34
904 34
905 37
906 35
907 38
908 31
909 33
910 33
911 38
912 37
913 35
914 39
915 32
916 36
917 35
918 36
919 33
920 33
921 37
922 34
923 37
924 35
925 35
926 36
927 37
928 36
929 35
930 38
931 37
932 33
933 33
934 33
935 28
936 32
937 38
938 38
939 36
940 36
941 37
942 36
943 37
944 38
945 33
946 34
947 37
948 36
949 36
950 36
951 34
952 37
953 33
954 34
955 31
956 33
957 34
958 35
959 39
960 39
961 38
962 37
963 40
964 38
965 38
966 33
967 32
968 38
969 40
970 35
971 34
972 34
973 37
974 34
975 35
976 38
977 41
978 36
979 33
980 34
981 35
982 36
983 35
984 33
985 34
986 38
987 38
988 36
989 39
990 32
991 34
992 33
993 34
994 36
995 36
996 36
997 33
998 30
999 33
1000 37
