0 35
1 30
2 26
3 24
4 23
5 22
6 22
7 21
8 20
9 22
10 20
11 20
12 20
13 20
14 21
15 22
16 18
17 19
18 19
19 19
20 17
21 20
22 19
23 20
24 21
25 22
26 21
27 21
28 19
29 20
30 21
31 19
32 19
33 19
34 19
35 20
36 16
37 18
38 18
39 16
40 16
41 18
42 19
43 18
44 18
45 19
46 20
47 23
48 20
49 20
50 20
51 19
52 19
53 19
54 19
55 21
56 19
57 21
58 19
59 17
60 17
61 17
62 18
63 18
64 21
65 20
66 18
67 17
68 19
69 21
70 18
71 18
72 18
73 21
74 21
75 20
76 20
77 19
78 20
79 20
80 20
81 22
82 21
83 22
84 21
85 22
86 21
87 19
88 17
89 19
90 21
91 19
92 17
93 18
94 17
95 18
96 20
97 19
98 19
99 20
100 21
101 19
102 20
103 19
104 18
105 15
106 18
107 18
108 19
109 19
110 19
111 21
112 22
113 22
114 22
115 21
116 19
117 19
118 20
119 20
120 18
121 21
122 21
123 22
124 24
125 25
126 22
127 19
128 17
129 19
130 18
131 17
132 21
133 21
134 19
135 19
136 19
137 20
138 23
139 23
140 22
141 19
142 19
143 19
144 19
145 22
146 19
147 19
148 19
149 20
150 20
151 23
152 26
153 24
154 22
155 23
156 25
157 22
158 23
159 22
160 19
161 21
162 20
163 19
164 16
165 19
166 21
167 24
168 23
169 23
170 19
171 19
172 19
173 19
174 18
175 18
176 18
177 18
178 21
179 22
180 20
181 21
182 20
183 20
184 21
185 22
186 19
187 19
188 21
189 18
190 16
191 19
192 18
193 20
194 18
195 21
196 20
197 20
198 19
199 21
200 21
201 24
202 24
203 22
204 21
205 20
206 20
207 21
208 20
209 19
210 22
211 22
212 20
213 18
214 20
215 22
216 23
217 17
218 15
219 16
220 19
221 21
222 22
223 23
224 22
225 21
226 20
227 21
228 20
229 20
230 21
231 22
232 22
233 23
234 22
235 19
236 18
237 21
238 20
239 20
240 19
241 22
242 22
243 21
244 22
245 18
246 18
247 22
248 23
249 23
250 23
251 23
252 23
253 23
254 24
255 23
256 21
257 21
258 21
259 22
260 22
261 19
262 18
263 19
264 20
265 20
266 21
267 22
268 22
269 23
270 22
271 19
272 16
273 19
274 23
275 20
276 21
277 21
278 16
279 19
280 21
281 20
282 21
283 21
284 18
285 17
286 20
287 20
288 17
289 20
290 19
291 21
292 21
293 24
294 22
295 20
296 19
297 21
298 21
299 20
300 21
301 21
302 19
303 17
304 19
305 20
306 21
307 22
308 18
309 20
310 23
311 22
312 21
313 23
314 20
315 22
316 23
317 23
318 23
319 20
320 16
321 16
322 19
323 20
324 19
325 20
326 21
327 23
328 24
329 19
330 19
331 20
332 20
333 20
334 22
335 24
336 21
337 20
338 21
339 20
340 22
341 21
342 21
343 22
344 24
345 21
346 21
347 20
348 19
349 21
350 23
351 22
352 23
353 23
354 22
355 22
356 22
357 21
358 18
359 20
360 20
361 20
362 21
363 19
364 18
365 18
366 17
367 19
368 17
369 17
370 19
371 21
372 24
373 23
374 21
375 22
376 20
377 21
378 23
379 21
380 19
381 20
382 20
383 20
384 19
385 22
386 23
387 23
388 21
389 22
390 22
391 22
392 23
393 22
394 19
395 24
396 23
397 23
398 22
399 24
400 24
401 23
402 23
403 24
404 24
405 25
406 24
407 22
408 22
409 23
410 23
411 21
412 22
413 20
414 18
415 17
416 21
417 22
418 21
419 21
420 23
421 21
422 20
423 19
424 21
425 19
426 20
427 19
428 19
429 21
430 21
431 21
432 21
433 24
434 23
435 22
436 19
437 20
438 20
439 20
440 21
441 22
442 22
443 22
444 19
445 21
446 21
447 22
448 22
449 22
450 21
451 21
452 21
453 20
454 19
455 16
456 15
457 18
458 19
459 20
460 20
461 22
462 22
463 22
464 19
465 18
466 19
467 21
468 21
469 22
470 24
471 23
472 23
473 21
474 22
475 20
476 19
477 18
478 20
479 19
480 20
481 22
482 23
483 22
484 21
485 22
486 24
487 22
488 22
489 24
490 24
491 20
492 19
493 20
494 19
495 21
496 22
497 21
498 20
499 22
500 18
501 21
502 18
503 17
504 17
505 21
506 19
507 17
508 20
509 20
510 21
511 23
512 22
513 20
514 21
515 23
516 22
517 20
518 21
519 22
520 22
521 23
522 22
523 23
524 25
525 24
526 24
527 22
528 20
529 20
530 20
531 20
532 21
533 18
534 18
535 19
536 18
537 20
538 19
539 20
540 21
541 23
542 23
543 21
544 19
545 20
546 21
547 21
548 23
549 22
550 25
551 27
552 20
553 19
554 18
555 16
556 17
557 18
558 18
559 19
560 21
561 20
562 21
563 21
564 22
565 23
566 21
567 23
568 23
569 22
570 24
571 23
572 21
573 23
574 22
575 21
576 20
577 20
578 23
579 22
580 19
581 21
582 22
583 25
584 21
585 22
586 22
587 21
588 23
589 24
590 23
591 20
592 22
593 21
594 20
595 21
596 21
597 23
598 22
599 24
600 23
601 22
602 21
603 22
604 22
605 19
606 21
607 20
608 21
609 21
610 20
611 21
612 22
613 23
614 22
615 19
616 21
617 22
618 20
619 21
620 20
621 21
622 21
623 22
624 23
625 21
626 22
627 21
628 18
629 16
630 17
631 19
632 19
633 18
634 21
635 20
636 20
637 22
638 20
639 20
640 20
641 22
642 20
643 20
644 23
645 24
646 23
647 21
648 18
649 17
650 22
651 22
652 23
653 21
654 21
655 21
656 20
657 21
658 22
659 19
660 18
661 20
662 19
663 18
664 17
665 19
666 19
667 19
668 18
669 17
670 19
671 20
672 19
673 22
674 23
675 22
676 25
677 22
678 23
679 24
680 21
681 21
682 21
683 22
684 20
685 18
686 18
687 18
688 19
689 19
690 19
691 20
692 20
693 19
694 20
695 21
696 20
697 19
698 15
699 19
700 17
701 18
702 20
703 20
704 20
705 17
706 20
707 21
708 21
709 21
710 17
711 18
712 21
713 21
714 21
715 21
716 21
717 21
718 21
719 21
720 23
721 24
722 25
723 22
724 23
725 23
726 23
727 24
728 22
729 21
730 20
731 18
732 20
733 20
734 19
735 20
736 20
737 20
738 22
739 21
740 23
741 20
742 21
743 19
744 19
745 18
746 18
747 19
748 21
749 17
750 19
751 21
752 19
753 23
754 21
755 22
756 20
757 21
758 19
759 20
760 18
761 20
762 19
763 19
764 21
765 22
766 22
767 23
768 22
769 22
770 23
771 23
772 25
773 23
774 22
775 21
776 20
777 19
778 21
779 22
780 20
781 22
782 23
783 26
784 26
785 25
786 22
787 21
788 21
789 21
790 21
791 20
792 20
793 21
794 23
795 24
796 22
797 25
798 21
799 22
800 20
801 21
802 22
803 20
804 21
805 23
806 21
807 24
808 23
809 21
810 18
811 19
812 20
813 20
814 23
815 22
816 21
817 23
818 22
819 21
820 22
821 21
822 18
823 20
824 21
825 23
826 21
827 20
828 20
829 18
830 21
831 23
832 24
833 23
834 22
835 22
836 17
837 19
838 20
839 20
840 21
841 22
842 20
843 20
844 19
845 19
846 21
847 19
848 17
849 20
850 18
851 19
852 18
853 18
854 17
855 19
856 21
857 19
858 20
859 21
860 22
861 20
862 21
863 23
864 24
865 25
866 26
867 26
868 23
869 22
870 18
871 21
872 21
873 18
874 19
875 21
876 19
877 20
878 21
879 19
880 20
881 22
882 22
883 22
884 22
885 20
886 21
887 18
888 16
889 18
890 21
891 20
892 22
893 19
894 16
895 18
896 19
897 20
898 18
899 16
900 15
901 19
902 21
903 20
904 20
905 22
906 21
907 21
908 22
909 23
910 22
911 20
912 18
913 17
914 17
915 19
916 17
917 20
918 17
919 18
920 20
921 20
922 20
923 20
924 21
925 22
926 22
927 23
928 24
929 23
930 22
931 19
932 22
933 22
934 18
935 20
936 20
937 21
938 20
939 21
940 21
941 20
942 21
943 21
944 20
945 20
946 21
947 23
948 24
949 23
950 22
951 22
952 21
953 22
954 22
955 21
956 19
957 22
958 24
959 21
960 21
961 20
962 20
963 19
964 19
965 21
966 21
967 19
968 21
969 20
970 20
971 21
972 21
973 21
974 23
975 22
976 21
977 21
978 21
979 23
980 19
981 19
982 19
983 19
984 18
985 19
986 17
987 14
988 19
989 19
990 16
991 18
992 21
993 22
994 22
995 22
996 23
997 20
998 19
999 20
1000 19
