0 25
1 20
2 19
3 16
4 17
5 17
6 14
7 15
8 16
9 16
10 15
11 15
12 14
13 14
14 14
15 15
16 15
17 17
18 16
19 18
20 17
21 17
22 16
23 15
24 14
25 12
26 13
27 15
28 16
29 13
30 12
31 11
32 10
33 13
34 12
35 16
36 16
37 15
38 16
39 13
40 13
41 13
42 13
43 12
44 12
45 12
46 14
47 16
48 16
49 16
50 14
51 14
52 13
53 13
54 12
55 13
56 14
57 14
58 13
59 15
60 16
61 13
62 13
63 14
64 14
65 14
66 15
67 15
68 10
69 10
70 11
71 14
72 14
73 12
74 12
75 12
76 15
77 16
78 14
79 12
80 13
81 14
82 16
83 15
84 14
85 16
86 16
87 15
88 15
89 15
90 13
91 11
92 12
93 12
94 15
95 14
96 15
97 16
98 17
99 16
100 13
101 13
102 12
103 11
104 12
105 11
106 12
107 13
108 10
109 9
110 10
111 14
112 14
113 12
114 11
115 13
116 13
117 13
118 14
119 15
120 15
121 14
122 15
123 15
124 15
125 15
126 12
127 13
128 12
129 11
130 12
131 13
132 14
133 15
134 14
135 14
136 14
137 14
138 13
139 15
140 14
141 14
142 15
143 16
144 15
145 13
146 15
147 13
148 17
149 18
150 17
151 15
152 16
153 14
154 15
155 16
156 15
157 16
158 14
159 14
160 12
161 12
162 13
163 12
164 11
165 13
166 15
167 15
168 14
169 15
170 15
171 14
172 12
173 13
174 17
175 15
176 15
177 13
178 16
179 12
180 12
181 12
182 14
183 14
184 15
185 15
186 15
187 14
188 13
189 14
190 15
191 16
192 16
193 15
194 14
195 13
196 12
197 13
198 15
199 14
200 14
201 12
202 12
203 14
204 14
205 15
206 14
207 15
208 15
209 14
210 15
211 16
212 16
213 15
214 16
215 16
216 14
217 16
218 15
219 15
220 17
221 14
222 13
223 12
224 13
225 14
226 16
227 16
228 14
229 13
230 12
231 14
232 12
233 15
234 14
235 14
236 12
237 13
238 15
239 15
240 15
241 14
242 14
243 14
244 15
245 15
246 13
247 14
248 15
249 14
250 15
251 14
252 12
253 13
254 13
255 14
256 13
257 15
258 15
259 14
260 15
261 17
262 18
263 16
264 16
265 15
266 13
267 13
268 16
269 14
270 15
271 15
272 14
273 15
274 16
275 15
276 15
277 13
278 12
279 13
280 14
281 13
282 13
283 13
284 14
285 13
286 12
287 13
288 13
289 16
290 16
291 16
292 16
293 15
294 14
295 13
296 16
297 16
298 15
299 13
300 14
301 14
302 13
303 15
304 14
305 14
306 16
307 15
308 13
309 14
310 13
311 12
312 12
313 12
314 13
315 15
316 13
317 14
318 15
319 14
320 14
321 15
322 16
323 15
324 17
325 17
326 15
327 17
328 17
329 16
330 15
331 16
332 15
333 14
334 13
335 14
336 15
337 12
338 11
339 13
340 15
341 15
342 15
343 15
344 15
345 17
346 16
347 15
348 14
349 15
350 14
351 14
352 15
353 17
354 16
355 15
356 14
357 14
358 12
359 14
360 17
361 16
362 16
363 16
364 16
365 13
366 11
367 12
368 11
369 13
370 14
371 13
372 15
373 15
374 14
375 15
376 16
377 15
378 15
379 15
380 15
381 15
382 13
383 13
384 12
385 13
386 13
387 11
388 10
389 11
390 12
391 10
392 13
393 11
394 15
395 14
396 11
397 10
398 11
399 11
400 12
401 14
402 15
403 16
404 16
405 16
406 14
407 14
408 13
409 12
410 13
411 15
412 15
413 12
414 12
415 14
416 14
417 15
418 13
419 15
420 15
421 16
422 14
423 14
424 14
425 14
426 13
427 13
428 15
429 15
430 15
431 15
432 14
433 12
434 12
435 12
436 14
437 16
438 16
439 15
440 15
441 15
442 13
443 14
444 13
445 13
446 13
447 13
448 15
449 13
450 13
451 15
452 16
453 16
454 15
455 15
456 15
457 13
458 11
459 14
460 14
461 14
462 15
463 11
464 12
465 11
466 12
467 13
468 14
469 15
470 16
471 17
472 15
473 13
474 14
475 13
476 14
477 13
478 12
479 14
480 13
481 15
482 16
483 16
484 15
485 15
486 16
487 16
488 14
489 14
490 13
491 14
492 16
493 17
494 17
495 15
496 16
497 15
498 15
499 16
500 16
501 17
502 16
503 16
504 13
505 15
506 14
507 14
508 14
509 14
510 14
511 15
512 14
513 13
514 11
515 12
516 13
517 14
518 14
519 14
520 16
521 17
522 15
523 15
524 14
525 17
526 16
527 13
528 13
529 12
530 13
531 14
532 14
533 14
534 14
535 16
536 14
537 15
538 13
539 16
540 17
541 16
542 17
543 15
544 15
545 14
546 12
547 14
548 15
549 11
550 12
551 13
552 14
553 11
554 13
555 14
556 16
557 16
558 14
559 16
560 16
561 16
562 15
563 15
564 16
565 16
566 14
567 14
568 13
569 12
570 14
571 15
572 15
573 13
574 14
575 13
576 13
577 15
578 14
579 13
580 13
581 13
582 14
583 15
584 16
585 15
586 15
587 15
588 17
589 18
590 15
591 15
592 16
593 16
594 15
595 15
596 15
597 15
598 18
599 16
600 16
601 18
602 17
603 16
604 11
605 13
606 13
607 12
608 12
609 12
610 13
611 13
612 14
613 13
614 15
615 16
616 15
617 11
618 12
619 12
620 11
621 11
622 11
623 8
624 13
625 14
626 16
627 14
628 13
629 14
630 15
631 13
632 11
633 12
634 14
635 15
636 16
637 14
638 14
639 15
640 15
641 17
642 17
643 19
644 18
645 16
646 14
647 14
648 16
649 14
650 14
651 14
652 15
653 14
654 13
655 14
656 15
657 14
658 17
659 16
660 15
661 14
662 14
663 15
664 13
665 13
666 16
667 16
668 17
669 17
670 14
671 12
672 10
673 10
674 13
675 13
676 11
677 13
678 12
679 13
680 12
681 12
682 13
683 13
684 14
685 16
686 15
687 16
688 17
689 17
690 15
691 14
692 13
693 15
694 13
695 15
696 13
697 14
698 15
699 15
700 16
701 14
702 16
703 15
704 15
705 14
706 11
707 14
708 15
709 15
710 13
711 13
712 12
713 14
714 15
715 15
716 15
717 15
718 14
719 13
720 14
721 13
722 16
723 15
724 14
725 13
726 13
727 16
728 14
729 16
730 14
731 15
732 14
733 16
734 16
735 16
736 15
737 15
738 14
739 14
740 14
741 14
742 15
743 16
744 16
745 15
746 14
747 14
748 15
749 13
750 12
751 15
752 14
753 14
754 13
755 13
756 15
757 14
758 15
759 16
760 15
761 13
762 13
763 11
764 13
765 14
766 14
767 14
768 15
769 15
770 16
771 14
772 15
773 17
774 19
775 18
776 17
777 16
778 14
779 15
780 14
781 14
782 14
783 14
784 16
785 15
786 14
787 12
788 13
789 13
790 16
791 17
792 17
793 17
794 15
795 14
796 14
797 15
798 14
799 12
800 12
801 12
802 12
803 11
804 12
805 14
806 14
807 14
808 16
809 13
810 12
811 13
812 14
813 13
814 14
815 13
816 15
817 15
818 15
819 16
820 16
821 15
822 17
823 16
824 14
825 12
826 14
827 14
828 12
829 14
830 14
831 14
832 15
833 16
834 15
835 14
836 13
837 14
838 12
839 13
840 15
841 14
842 15
843 14
844 15
845 15
846 16
847 16
848 15
849 13
850 13
851 13
852 12
853 12
854 9
855 13
856 13
857 16
858 15
859 14
860 15
861 15
862 14
863 14
864 15
865 15
866 16
867 16
868 15
869 16
870 16
871 15
872 16
873 17
874 17
875 15
876 15
877 16
878 15
879 14
880 13
881 12
882 11
883 12
884 11
885 13
886 14
887 14
888 15
889 14
890 12
891 15
892 16
893 16
894 15
895 14
896 15
897 15
898 12
899 13
900 13
901 12
902 13
903 14
904 15
905 17
906 17
907 14
908 12
909 14
910 15
911 14
912 17
913 14
914 13
915 13
916 15
917 14
918 12
919 13
920 13
921 14
922 14
923 15
924 13
925 13
926 15
927 15
928 13
929 11
930 10
931 11
932 11
933 11
934 13
935 13
936 13
937 14
938 12
939 14
940 14
941 13
942 15
943 14
944 15
945 15
946 15
947 13
948 15
949 13
950 12
951 12
952 12
953 13
954 14
955 14
956 14
957 12
958 11
959 11
960 12
961 13
962 13
963 13
964 15
965 15
966 15
967 15
968 15
969 14
970 15
971 15
972 15
973 14
974 14
975 14
976 14
977 13
978 13
979 15
980 17
981 16
982 13
983 13
984 15
985 16
986 16
987 14
988 13
989 14
990 14
991 14
992 14
993 13
994 11
995 13
996 13
997 12
998 13
999 12
1000 10
