0 30
1 28
2 28
3 26
4 24
5 23
6 24
7 24
8 24
9 23
10 24
11 24
12 24
13 24
14 24
15 24
16 24
17 24
18 22
19 22
20 22
21 22
22 22
23 23
24 23
25 21
26 23
27 21
28 20
29 21
30 19
31 19
32 18
33 19
34 19
35 18
36 18
37 18
38 17
39 18
40 20
41 19
42 19
43 18
44 18
45 19
46 18
47 20
48 21
49 19
50 19
51 19
52 20
53 21
54 21
55 21
56 20
57 19
58 18
59 17
60 17
61 17
62 17
63 18
64 17
65 16
66 15
67 17
68 17
69 18
70 16
71 16
72 17
73 16
74 17
75 16
76 16
77 15
78 15
79 13
80 13
81 14
82 15
83 17
84 17
85 17
86 17
87 17
88 17
89 16
90 18
91 18
92 21
93 22
94 22
95 23
96 22
97 22
98 23
99 22
100 23
101 21
102 20
103 21
104 21
105 20
106 19
107 17
108 16
109 15
110 14
111 14
112 13
113 14
114 14
115 13
116 13
117 15
118 16
119 19
120 20
121 19
122 18
123 18
124 18
125 18
126 17
127 16
128 17
129 18
130 17
131 16
132 17
133 18
134 18
135 18
136 18
137 18
138 14
139 17
140 16
141 15
142 15
143 16
144 16
145 15
146 14
147 13
148 13
149 13
150 17
151 16
152 17
153 16
154 18
155 19
156 18
157 17
158 18
159 18
160 18
161 17
162 18
163 18
164 19
165 20
166 20
167 20
168 20
169 19
170 16
171 14
172 14
173 15
174 16
175 17
176 15
177 15
178 15
179 14
180 13
181 13
182 14
183 14
184 15
185 17
186 16
187 18
188 18
189 18
190 18
191 17
192 17
193 17
194 16
195 15
196 14
197 14
198 16
199 17
200 16
201 17
202 17
203 18
204 18
205 19
206 19
207 19
208 19
209 19
210 19
211 19
212 20
213 19
214 19
215 19
216 18
217 18
218 18
219 17
220 18
221 18
222 17
223 18
224 18
225 18
226 18
227 18
228 18
229 16
230 15
231 14
232 14
233 16
234 18
235 20
236 19
237 19
238 18
239 17
240 16
241 19
242 19
243 18
244 18
245 19
246 19
247 18
248 16
249 17
250 17
251 18
252 18
253 19
254 19
255 21
256 21
257 21
258 19
259 17
260 17
261 15
262 17
263 18
264 17
265 17
266 18
267 19
268 19
269 18
270 18
271 19
272 20
273 20
274 21
275 23
276 22
277 23
278 22
279 21
280 21
281 22
282 22
283 20
284 18
285 18
286 16
287 15
288 15
289 15
290 16
291 15
292 17
293 19
294 19
295 18
296 18
297 14
298 14
299 14
300 16
301 17
302 17
303 16
304 14
305 15
306 14
307 17
308 16
309 18
310 19
311 13
312 12
313 11
314 13
315 14
316 17
317 17
318 19
319 19
320 19
321 18
322 18
323 17
324 17
325 17
326 17
327 17
328 17
329 17
330 17
331 17
332 17
333 17
334 17
335 19
336 19
337 18
338 17
339 18
340 18
341 19
342 19
343 19
344 20
345 20
346 20
347 20
348 21
349 19
350 19
351 20
352 18
353 22
354 22
355 21
356 20
357 21
358 20
359 20
360 22
361 22
362 23
363 23
364 20
365 20
366 18
367 19
368 20
369 21
370 20
371 20
372 19
373 20
374 20
375 21
376 20
377 19
378 20
379 20
380 20
381 20
382 19
383 19
384 20
385 21
386 20
387 18
388 18
389 17
390 16
391 16
392 18
393 19
394 19
395 17
396 17
397 17
398 20
399 20
400 18
401 19
402 17
403 17
404 18
405 17
406 18
407 19
408 19
409 20
410 19
411 19
412 19
413 18
414 15
415 17
416 17
417 16
418 16
419 16
420 17
421 16
422 18
423 20
424 19
425 20
426 20
427 21
428 21
429 21
430 21
431 19
432 18
433 17
434 17
435 17
436 18
437 18
438 19
439 17
440 15
441 17
442 15
443 13
444 12
445 12
446 11
447 12
448 14
449 15
450 16
451 16
452 14
453 14
454 14
455 14
456 16
457 17
458 16
459 15
460 16
461 18
462 17
463 17
464 16
465 16
466 17
467 17
468 16
469 15
470 14
471 16
472 16
473 17
474 18
475 18
476 17
477 16
478 17
479 18
480 20
481 21
482 18
483 17
484 17
485 19
486 18
487 19
488 18
489 18
490 16
491 17
492 18
493 18
494 19
495 19
496 20
497 20
498 20
499 18
500 17
501 16
502 16
503 16
504 16
505 17
506 17
507 17
508 19
509 21
510 22
511 22
512 20
513 17
514 18
515 19
516 19
517 19
518 18
519 19
520 18
521 19
522 20
523 21
524 20
525 20
526 19
527 19
528 19
529 17
530 17
531 17
532 18
533 16
534 17
535 17
536 18
537 19
538 18
539 17
540 15
541 18
542 19
543 20
544 19
545 19
546 19
547 16
548 17
549 17
550 17
551 16
552 15
553 12
554 14
555 17
556 17
557 17
558 17
559 18
560 18
561 20
562 21
563 19
564 20
565 21
566 19
567 17
568 15
569 15
570 16
571 16
572 17
573 18
574 17
575 16
576 16
577 17
578 17
579 18
580 16
581 17
582 16
583 16
584 17
585 18
586 18
587 19
588 19
589 19
590 19
591 21
592 20
593 22
594 21
595 21
596 20
597 20
598 20
599 21
600 20
601 20
602 20
603 20
604 19
605 18
606 18
607 18
608 17
609 18
610 18
611 18
612 19
613 20
614 19
615 21
616 19
617 19
618 21
619 20
620 20
621 19
622 19
623 17
624 16
625 17
626 17
627 17
628 18
629 18
630 18
631 17
632 18
633 18
634 17
635 16
636 17
637 19
638 19
639 18
640 17
641 17
642 16
643 15
644 13
645 12
646 12
647 14
648 15
649 15
650 16
651 16
652 15
653 14
654 16
655 16
656 15
657 15
658 14
659 17
660 16
661 16
662 16
663 17
664 18
665 17
666 17
667 16
668 17
669 18
670 19
671 18
672 18
673 17
674 19
675 16
676 17
677 18
678 19
679 19
680 19
681 20
682 21
683 22
684 19
685 18
686 18
687 19
688 19
689 17
690 17
691 18
692 18
693 18
694 18
695 18
696 15
697 16
698 19
699 17
700 16
701 17
702 18
703 18
704 18
705 19
706 20
707 16
708 17
709 18
710 18
711 19
712 19
713 18
714 17
715 17
716 18
717 19
718 19
719 19
720 20
721 20
722 19
723 18
724 17
725 17
726 16
727 17
728 19
729 21
730 20
731 20
732 21
733 20
734 21
735 20
736 20
737 20
738 21
739 20
740 20
741 20
742 23
743 21
744 21
745 17
746 16
747 16
748 18
749 16
750 15
751 14
752 13
753 14
754 13
755 13
756 14
757 14
758 17
759 17
760 16
761 15
762 14
763 15
764 16
765 16
766 18
767 20
768 19
769 20
770 18
771 18
772 17
773 17
774 16
775 16
776 15
777 17
778 17
779 18
780 18
781 18
782 19
783 16
784 15
785 15
786 15
787 13
788 12
789 13
790 15
791 15
792 15
793 14
794 15
795 15
796 15
797 16
798 13
799 11
800 11
801 12
802 14
803 15
804 15
805 15
806 15
807 16
808 18
809 18
810 19
811 19
812 19
813 18
814 16
815 17
816 17
817 19
818 19
819 19
820 19
821 20
822 21
823 18
824 18
825 18
826 17
827 16
828 16
829 16
830 16
831 14
832 14
833 15
834 15
835 16
836 18
837 19
838 18
839 18
840 18
841 18
842 18
843 17
844 16
845 16
846 16
847 16
848 18
849 18
850 18
851 20
852 19
853 17
854 17
855 17
856 17
857 17
858 17
859 16
860 17
861 17
862 15
863 15
864 15
865 17
866 18
867 18
868 17
869 17
870 16
871 17
872 19
873 19
874 18
875 16
876 17
877 15
878 15
879 15
880 15
881 17
882 17
883 19
884 19
885 21
886 20
887 20
888 18
889 18
890 17
891 18
892 19
893 19
894 18
895 19
896 19
897 21
898 19
899 18
900 19
901 18
902 16
903 17
904 17
905 15
906 17
907 16
908 17
909 18
910 17
911 18
912 17
913 19
914 19
915 18
916 17
917 16
918 17
919 17
920 18
921 19
922 18
923 18
924 17
925 16
926 16
927 16
928 15
929 16
930 16
931 16
932 18
933 17
934 17
935 17
936 16
937 16
938 18
939 15
940 15
941 17
942 17
943 16
944 18
945 17
946 18
947 15
948 15
949 17
950 18
951 19
952 20
953 20
954 18
955 19
956 18
957 18
958 17
959 18
960 20
961 17
962 19
963 18
964 19
965 18
966 19
967 18
968 17
969 20
970 20
971 21
972 22
973 22
974 22
975 18
976 17
977 17
978 15
979 15
980 14
981 13
982 13
983 13
984 15
985 14
986 13
987 13
988 14
989 14
990 13
991 14
992 15
993 14
994 14
995 13
996 11
997 13
998 14
999 15
1000 13
