0 50
1 49
2 47
3 43
4 39
5 38
6 39
7 35
8 33
9 33
10 34
11 34
12 34
13 34
14 33
15 34
16 33
17 34
18 31
19 32
20 33
21 33
22 33
23 36
24 33
25 32
26 30
27 29
28 33
29 31
30 29
31 29
32 28
33 30
34 30
35 26
36 26
37 25
38 26
39 26
40 30
41 31
42 31
43 32
44 31
45 33
46 35
47 35
48 32
49 31
50 32
51 30
52 32
53 32
54 32
55 32
56 34
57 35
58 36
59 36
60 35
61 36
62 35
63 34
64 36
65 35
66 33
67 32
68 34
69 33
70 34
71 34
72 34
73 33
74 33
75 33
76 33
77 34
78 35
79 33
80 31
81 29
82 25
83 27
84 30
85 31
86 32
87 31
88 31
89 31
90 31
91 31
92 31
93 32
94 33
95 32
96 32
97 32
98 33
99 34
100 36
101 36
102 37
103 36
104 37
105 37
106 37
107 37
108 37
109 36
110 34
111 34
112 31
113 30
114 31
115 31
116 31
117 31
118 31
119 31
120 32
121 33
122 31
123 33
124 32
125 30
126 30
127 30
128 32
129 30
130 31
131 32
132 32
133 32
134 30
135 32
136 33
137 35
138 32
139 29
140 30
141 31
142 31
143 27
144 30
145 30
146 30
147 32
148 33
149 32
150 33
151 31
152 31
153 33
154 34
155 33
156 32
157 31
158 30
159 30
160 31
161 30
162 27
163 28
164 29
165 28
166 31
167 31
168 30
169 30
170 31
171 30
172 30
173 31
174 31
175 31
176 31
177 32
178 30
179 32
180 32
181 31
182 30
183 30
184 31
185 32
186 32
187 32
188 31
189 32
190 33
191 33
192 33
193 33
194 34
195 34
196 34
197 33
198 32
199 29
200 29
201 31
202 28
203 29
204 31
205 31
206 29
207 30
208 27
209 27
210 28
211 29
212 29
213 29
214 29
215 26
216 26
217 27
218 27
219 29
220 29
221 30
222 31
223 31
224 33
225 34
226 34
227 36
228 36
229 37
230 35
231 34
232 35
233 34
234 34
235 34
236 33
237 32
238 29
239 28
240 27
241 28
242 31
243 31
244 32
245 30
246 31
247 31
248 31
249 30
250 30
251 31
252 31
253 31
254 31
255 30
256 29
257 28
258 28
259 28
260 28
261 29
262 29
263 29
264 31
265 30
266 30
267 31
268 32
269 31
270 30
271 30
272 31
273 33
274 34
275 34
276 33
277 32
278 31
279 30
280 30
281 30
282 32
283 31
284 31
285 31
286 33
287 29
288 31
289 33
290 30
291 30
292 33
293 34
294 36
295 36
296 34
297 31
298 30
299 30
300 31
301 35
302 35
303 34
304 35
305 34
306 34
307 33
308 34
309 33
310 33
311 33
312 33
313 33
314 33
315 31
316 30
317 32
318 32
319 29
320 31
321 31
322 31
323 33
324 34
325 34
326 34
327 33
328 34
329 34
330 33
331 33
332 33
333 32
334 34
335 34
336 35
337 37
338 36
339 34
340 34
341 32
342 31
343 32
344 31
345 31
346 34
347 33
348 34
349 32
350 32
351 34
352 33
353 32
354 32
355 32
356 32
357 34
358 33
359 32
360 32
361 32
362 32
363 32
364 33
365 35
366 35
367 35
368 35
369 33
370 34
371 33
372 35
373 33
374 32
375 32
376 32
377 31
378 31
379 33
380 31
381 31
382 30
383 30
384 28
385 29
386 29
387 29
388 28
389 28
390 28
391 26
392 28
393 30
394 29
395 31
396 30
397 33
398 33
399 33
400 33
401 32
402 32
403 32
404 35
405 36
406 35
407 36
408 34
409 35
410 35
411 33
412 34
413 34
414 33
415 32
416 35
417 35
418 36
419 35
420 35
421 33
422 34
423 33
424 32
425 34
426 34
427 36
428 35
429 34
430 33
431 32
432 32
433 32
434 31
435 31
436 31
437 31
438 30
439 30
440 33
441 32
442 33
443 35
444 34
445 34
446 33
447 33
448 32
449 34
450 32
451 33
452 34
453 36
454 36
455 35
456 35
457 35
458 33
459 33
460 32
461 34
462 34
463 34
464 31
465 32
466 31
467 27
468 27
469 26
470 29
471 29
472 31
473 34
474 35
475 35
476 35
477 34
478 33
479 34
480 35
481 33
482 34
483 34
484 32
485 32
486 33
487 31
488 30
489 31
490 31
491 30
492 29
493 31
494 32
495 31
496 29
497 29
498 29
499 29
500 29
501 30
502 29
503 28
504 30
505 31
506 32
507 33
508 32
509 30
510 30
511 29
512 27
513 28
514 27
515 26
516 27
517 27
518 28
519 27
520 28
521 32
522 30
523 30
524 30
525 32
526 34
527 34
528 35
529 35
530 34
531 31
532 30
533 31
534 30
535 30
536 27
537 28
538 27
539 26
540 25
541 26
542 29
543 30
544 31
545 31
546 31
547 31
548 29
549 30
550 31
551 31
552 30
553 31
554 33
555 35
556 35
557 35
558 35
559 34
560 34
561 34
562 35
563 35
564 34
565 33
566 33
567 33
568 34
569 35
570 34
571 33
572 32
573 31
574 30
575 30
576 30
577 33
578 32
579 33
580 35
581 32
582 31
583 31
584 34
585 36
586 37
587 39
588 38
589 37
590 39
591 40
592 38
593 38
594 39
595 37
596 38
597 38
598 38
599 37
600 35
601 34
602 36
603 35
604 32
605 31
606 35
607 32
608 33
609 31
610 31
611 31
612 31
613 31
614 31
615 31
616 30
617 30
618 30
619 30
620 31
621 32
622 31
623 35
624 34
625 33
626 32
627 33
628 35
629 34
630 33
631 33
632 34
633 34
634 34
635 30
636 30
637 32
638 35
639 34
640 33
641 30
642 32
643 31
644 30
645 29
646 27
647 28
648 27
649 29
650 28
651 29
652 29
653 31
654 31
655 31
656 33
657 34
658 33
659 32
660 32
661 31
662 32
663 32
664 31
665 32
666 31
667 31
668 28
669 29
670 29
671 29
672 31
673 30
674 32
675 33
676 33
677 37
678 33
679 33
680 35
681 33
682 33
683 34
684 31
685 28
686 28
687 31
688 32
689 33
690 37
691 36
692 36
693 37
694 35
695 35
696 35
697 33
698 33
699 33
700 33
701 34
702 31
703 31
704 34
705 34
706 35
707 35
708 35
709 33
710 34
711 35
712 36
713 35
714 35
715 34
716 33
717 33
718 34
719 33
720 34
721 34
722 34
723 32
724 32
725 31
726 30
727 31
728 33
729 34
730 32
731 31
732 30
733 30
734 32
735 32
736 32
737 31
738 34
739 32
740 32
741 32
742 29
743 28
744 26
745 27
746 29
747 30
748 30
749 32
750 34
751 35
752 33
753 34
754 34
755 37
756 36
757 38
758 38
759 38
760 38
761 37
762 35
763 34
764 36
765 37
766 36
767 36
768 36
769 36
770 36
771 36
772 34
773 34
774 35
775 35
776 34
777 33
778 35
779 36
780 37
781 36
782 38
783 37
784 38
785 37
786 37
787 36
788 36
789 35
790 34
791 33
792 33
793 35
794 31
795 30
796 30
797 29
798 30
799 31
800 31
801 30
802 28
803 28
804 27
805 29
806 28
807 31
808 27
809 26
810 25
811 28
812 30
813 29
814 29
815 31
816 32
817 31
818 34
819 32
820 30
821 29
822 28
823 29
824 30
825 32
826 30
827 33
828 32
829 33
830 32
831 32
832 30
833 31
834 32
835 34
836 35
837 35
838 35
839 35
840 34
841 33
842 31
843 31
844 30
845 33
846 33
847 32
848 32
849 32
850 32
851 33
852 33
853 32
854 32
855 31
856 34
857 34
858 36
859 36
860 34
861 34
862 33
863 32
864 33
865 32
866 30
867 32
868 33
869 31
870 30
871 30
872 29
873 30
874 30
875 30
876 27
877 26
878 26
879 26
880 28
881 27
882 25
883 25
884 27
885 27
886 30
887 29
888 29
889 30
890 29
891 30
892 33
893 34
894 32
895 32
896 32
897 33
898 32
899 34
900 34
901 33
902 32
903 33
904 35
905 34
906 33
907 35
908 33
909 36
910 34
911 34
912 31
913 29
914 31
915 31
916 31
917 30
918 30
919 30
920 28
921 28
922 27
923 30
924 30
925 30
926 30
927 29
928 29
929 31
930 29
931 28
932 31
933 30
934 30
935 31
936 32
937 31
938 32
939 34
940 34
941 33
942 34
943 34
944 34
945 33
946 32
947 32
948 31
949 31
950 29
951 28
952 28
953 30
954 30
955 28
956 27
957 28
958 26
959 29
960 28
961 29
962 30
963 28
964 28
965 30
966 32
967 33
968 31
969 31
970 34
971 34
972 34
973 30
974 30
975 28
976 27
977 27
978 28
979 28
980 28
981 27
982 29
983 26
984 27
985 29
986 30
987 30
988 30
989 32
990 33
991 33
992 34
993 34
994 32
995 33
996 34
997 33
998 31
999 34
1000 34
