0 75
1 72
2 72
3 72
4 70
5 69
6 68
7 68
8 68
9 66
10 66
11 66
12 65
13 65
14 65
15 65
16 64
17 63
18 62
19 60
20 59
21 59
22 59
23 58
24 59
25 59
26 57
27 57
28 56
29 56
30 55
31 55
32 55
33 54
34 54
35 54
36 55
37 55
38 54
39 54
40 54
41 55
42 55
43 53
44 51
45 50
46 50
47 52
48 52
49 52
50 50
51 50
52 48
53 46
54 47
55 47
56 48
57 48
58 47
59 46
60 45
61 46
62 46
63 46
64 45
65 46
66 46
67 46
68 46
69 47
70 46
71 46
72 44
73 42
74 42
75 42
76 41
77 41
78 41
79 40
80 40
81 39
82 36
83 36
84 36
85 36
86 36
87 37
88 36
89 36
90 37
91 36
92 37
93 36
94 36
95 36
96 37
97 37
98 37
99 38
100 38
101 39
102 38
103 38
104 39
105 39
106 39
107 40
108 41
109 41
110 41
111 42
112 42
113 42
114 42
115 42
116 42
117 43
118 43
119 43
120 43
121 43
122 43
123 44
124 44
125 43
126 41
127 41
128 40
129 41
130 42
131 41
132 42
133 42
134 42
135 43
136 42
137 40
138 40
139 41
140 41
141 39
142 39
143 39
144 40
145 41
146 40
147 38
148 38
149 38
150 39
151 39
152 39
153 40
154 40
155 41
156 41
157 39
158 38
159 38
160 37
161 37
162 37
163 38
164 38
165 39
166 39
167 40
168 39
169 41
170 42
171 41
172 41
173 41
174 40
175 42
176 42
177 43
178 42
179 42
180 42
181 42
182 42
183 42
184 43
185 43
186 44
187 43
188 42
189 42
190 41
191 41
192 40
193 39
194 38
195 39
196 39
197 39
198 39
199 39
200 40
201 40
202 41
203 42
204 43
205 43
206 43
207 43
208 43
209 43
210 43
211 44
212 44
213 45
214 44
215 44
216 43
217 42
218 43
219 42
220 41
221 42
222 40
223 41
224 41
225 41
226 40
227 40
228 41
229 41
230 41
231 40
232 38
233 39
234 39
235 39
236 39
237 39
238 40
239 40
240 39
241 39
242 38
243 37
244 38
245 37
246 37
247 38
248 37
249 37
250 37
251 38
252 40
253 39
254 40
255 40
256 41
257 42
258 42
259 43
260 44
261 46
262 45
263 44
264 42
265 42
266 42
267 42
268 42
269 42
270 42
271 42
272 41
273 41
274 43
275 43
276 43
277 42
278 44
279 43
280 42
281 43
282 42
283 42
284 41
285 42
286 42
287 42
288 42
289 43
290 44
291 43
292 43
293 42
294 43
295 43
296 44
297 44
298 45
299 45
300 45
301 46
302 45
303 44
304 44
305 45
306 45
307 44
308 43
309 43
310 44
311 44
312 43
313 43
314 41
315 39
316 38
317 38
318 38
319 42
320 42
321 43
322 43
323 43
324 42
325 42
326 42
327 43
328 43
329 42
330 43
331 42
332 42
333 41
334 41
335 41
336 43
337 42
338 42
339 42
340 42
341 42
342 44
343 45
344 45
345 45
346 44
347 43
348 44
349 45
350 45
351 44
352 44
353 45
354 45
355 43
356 43
357 43
358 43
359 42
360 42
361 41
362 41
363 41
364 41
365 42
366 42
367 42
368 42
369 41
370 42
371 41
372 42
373 41
374 41
375 41
376 42
377 43
378 43
379 44
380 45
381 45
382 45
383 46
384 46
385 46
386 46
387 46
388 44
389 43
390 42
391 42
392 42
393 42
394 41
395 41
396 41
397 40
398 39
399 39
400 39
401 39
402 39
403 39
404 39
405 39
406 40
407 39
408 40
409 40
410 40
411 40
412 40
413 40
414 41
415 42
416 42
417 42
418 43
419 41
420 40
421 40
422 39
423 40
424 40
425 41
426 40
427 39
428 39
429 38
430 36
431 37
432 37
433 38
434 39
435 38
436 39
437 39
438 39
439 39
440 40
441 40
442 39
443 38
444 37
445 37
446 39
447 41
448 42
449 42
450 42
451 42
452 43
453 42
454 42
455 42
456 43
457 44
458 44
459 45
460 43
461 43
462 44
463 45
464 45
465 46
466 47
467 47
468 47
469 46
470 46
471 46
472 47
473 47
474 47
475 49
476 49
477 48
478 48
479 47
480 47
481 47
482 46
483 44
484 44
485 43
486 43
487 45
488 46
489 45
490 46
491 46
492 44
493 43
494 42
495 41
496 41
497 41
498 42
499 43
500 43
501 44
502 44
503 44
504 44
505 44
506 44
507 44
508 44
509 44
510 44
511 44
512 43
513 43
514 43
515 45
516 45
517 46
518 46
519 45
520 45
521 44
522 43
523 43
524 43
525 46
526 46
527 45
528 45
529 45
530 45
531 45
532 45
533 45
534 44
535 43
536 43
537 43
538 43
539 43
540 43
541 44
542 43
543 44
544 45
545 44
546 43
547 43
548 43
549 44
550 43
551 43
552 43
553 44
554 44
555 45
556 46
557 46
558 46
559 43
560 43
561 43
562 43
563 43
564 43
565 42
566 42
567 43
568 43
569 43
570 42
571 42
572 42
573 41
574 42
575 41
576 42
577 41
578 40
579 38
580 38
581 38
582 38
583 37
584 36
585 34
586 35
587 36
588 36
589 37
590 36
591 36
592 36
593 35
594 35
595 35
596 33
597 33
598 35
599 34
600 34
601 35
602 36
603 37
604 37
605 37
606 37
607 38
608 38
609 39
610 39
611 41
612 41
613 40
614 40
615 39
616 40
617 40
618 40
619 40
620 41
621 42
622 42
623 40
624 40
625 41
626 41
627 39
628 39
629 39
630 39
631 40
632 41
633 41
634 41
635 41
636 41
637 41
638 41
639 41
640 41
641 42
642 43
643 44
644 44
645 44
646 44
647 44
648 43
649 44
650 45
651 44
652 45
653 45
654 42
655 42
656 42
657 42
658 40
659 41
660 41
661 41
662 39
663 38
664 38
665 38
666 38
667 38
668 39
669 39
670 40
671 40
672 41
673 42
674 43
675 43
676 44
677 44
678 44
679 44
680 44
681 45
682 44
683 43
684 43
685 43
686 42
687 41
688 40
689 40
690 43
691 44
692 44
693 44
694 43
695 43
696 42
697 41
698 41
699 40
700 40
701 40
702 40
703 40
704 40
705 40
706 40
707 39
708 39
709 39
710 38
711 36
712 36
713 36
714 35
715 36
716 36
717 34
718 34
719 34
720 34
721 35
722 36
723 36
724 36
725 35
726 36
727 36
728 37
729 37
730 37
731 37
732 37
733 37
734 37
735 37
736 37
737 38
738 39
739 39
740 39
741 39
742 40
743 40
744 40
745 40
746 40
747 41
748 39
749 39
750 39
751 40
752 41
753 42
754 41
755 42
756 42
757 43
758 42
759 42
760 43
761 42
762 43
763 43
764 43
765 43
766 41
767 41
768 41
769 42
770 42
771 43
772 43
773 41
774 41
775 40
776 39
777 38
778 37
779 38
780 39
781 39
782 39
783 39
784 39
785 40
786 40
787 39
788 39
789 39
790 39
791 39
792 38
793 39
794 39
795 39
796 40
797 39
798 38
799 38
800 38
801 37
802 36
803 35
804 35
805 35
806 34
807 36
808 37
809 37
810 37
811 36
812 36
813 34
814 34
815 34
816 33
817 33
818 34
819 34
820 35
821 35
822 35
823 35
824 35
825 33
826 34
827 33
828 33
829 32
830 31
831 32
832 33
833 33
834 34
835 35
836 35
837 35
838 33
839 31
840 31
841 32
842 32
843 32
844 33
845 34
846 35
847 35
848 36
849 37
850 36
851 35
852 35
853 36
854 38
855 37
856 36
857 34
858 34
859 33
860 32
861 33
862 31
863 30
864 32
865 31
866 30
867 29
868 30
869 31
870 32
871 34
872 35
873 36
874 36
875 36
876 38
877 37
878 37
879 36
880 36
881 37
882 35
883 35
884 35
885 36
886 36
887 34
888 33
889 37
890 37
891 37
892 37
893 37
894 37
895 37
896 37
897 36
898 36
899 37
900 36
901 37
902 38
903 37
904 38
905 37
906 37
907 37
908 36
909 33
910 34
911 34
912 34
913 35
914 36
915 37
916 38
917 39
918 39
919 39
920 39
921 38
922 40
923 40
924 39
925 41
926 41
927 42
928 41
929 41
930 41
931 41
932 42
933 42
934 42
935 41
936 43
937 43
938 42
939 41
940 41
941 42
942 42
943 43
944 45
945 46
946 46
947 47
948 47
949 48
950 47
951 46
952 46
953 46
954 46
955 47
956 46
957 44
958 44
959 44
960 44
961 43
962 44
963 43
964 42
965 42
966 40
967 41
968 39
969 39
970 39
971 40
972 39
973 40
974 39
975 39
976 39
977 39
978 39
979 39
980 37
981 37
982 38
983 38
984 38
985 38
986 40
987 40
988 40
989 39
990 40
991 39
992 39
993 41
994 41
995 40
996 40
997 41
998 41
999 42
1000 43
