0 40
1 30
2 29
3 26
4 24
5 18
6 20
7 22
8 22
9 22
10 22
11 20
12 22
13 23
14 25
15 24
16 23
17 23
18 25
19 25
20 24
21 24
22 24
23 25
24 24
25 24
26 24
27 25
28 22
29 22
30 26
31 27
32 25
33 25
34 24
35 24
36 26
37 26
38 23
39 23
40 23
41 21
42 21
43 23
44 23
45 21
46 24
47 22
48 23
49 24
50 26
51 23
52 21
53 23
54 24
55 25
56 24
57 25
58 21
59 22
60 20
61 23
62 23
63 24
64 24
65 24
66 21
67 24
68 24
69 27
70 27
71 26
72 25
73 27
74 25
75 25
76 25
77 23
78 25
79 26
80 25
81 25
82 26
83 24
84 22
85 24
86 23
87 25
88 26
89 24
90 24
91 22
92 23
93 22
94 20
95 23
96 22
97 27
98 25
99 25
100 24
101 25
102 25
103 25
104 24
105 25
106 24
107 24
108 25
109 25
110 24
111 25
112 23
113 24
114 24
115 25
116 25
117 26
118 25
119 24
120 26
121 24
122 24
123 27
124 28
125 23
126 25
127 23
128 23
129 23
130 22
131 23
132 27
133 23
134 20
135 24
136 23
137 24
138 25
139 26
140 26
141 28
142 25
143 24
144 24
145 24
146 22
147 23
148 24
149 24
150 23
151 23
152 23
153 21
154 22
155 23
156 21
157 21
158 20
159 23
160 22
161 24
162 26
163 24
164 21
165 19
166 18
167 22
168 24
169 25
170 25
171 27
172 28
173 26
174 25
175 23
176 23
177 22
178 24
179 26
180 23
181 23
182 25
183 25
184 24
185 24
186 26
187 25
188 24
189 24
190 25
191 26
192 26
193 24
194 23
195 22
196 23
197 24
198 23
199 25
200 23
201 25
202 20
203 21
204 21
205 24
206 24
207 27
208 26
209 23
210 23
211 22
212 24
213 23
214 25
215 22
216 25
217 25
218 23
219 24
220 25
221 23
222 25
223 24
224 23
225 27
226 26
227 27
228 26
229 24
230 24
231 26
232 25
233 24
234 24
235 26
236 25
237 25
238 26
239 26
240 26
241 23
242 23
243 24
244 25
245 22
246 24
247 26
248 25
249 23
250 20
251 24
252 25
253 24
254 23
255 23
256 23
257 23
258 21
259 24
260 28
261 28
262 26
263 25
264 26
265 25
266 24
267 27
268 22
269 24
270 22
271 25
272 22
273 19
274 20
275 20
276 26
277 26
278 23
279 24
280 26
281 24
282 23
283 25
284 25
285 23
286 21
287 23
288 25
289 24
290 25
291 24
292 25
293 26
294 27
295 26
296 27
297 26
298 24
299 24
300 26
301 25
302 22
303 22
304 25
305 23
306 25
307 26
308 23
309 22
310 24
311 22
312 19
313 20
314 20
315 19
316 23
317 20
318 23
319 28
320 25
321 22
322 23
323 22
324 24
325 25
326 21
327 24
328 24
329 21
330 22
331 21
332 20
333 20
334 22
335 22
336 21
337 22
338 25
339 24
340 24
341 23
342 21
343 21
344 22
345 22
346 22
347 23
348 23
349 23
350 22
351 25
352 27
353 24
354 24
355 24
356 28
357 28
358 25
359 27
360 25
361 24
362 23
363 22
364 24
365 26
366 26
367 25
368 27
369 24
370 23
371 25
372 23
373 20
374 20
375 19
376 19
377 24
378 25
379 26
380 24
381 23
382 24
383 25
384 26
385 25
386 25
387 25
388 26
389 27
390 25
391 24
392 21
393 25
394 26
395 23
396 22
397 22
398 23
399 25
400 23
401 24
402 24
403 24
404 25
405 22
406 19
407 21
408 23
409 24
410 25
411 24
412 23
413 26
414 26
415 26
416 26
417 24
418 22
419 24
420 23
421 22
422 22
423 22
424 24
425 21
426 21
427 23
428 23
429 25
430 24
431 25
432 23
433 24
434 24
435 24
436 25
437 26
438 23
439 22
440 24
441 26
442 25
443 22
444 25
445 23
446 22
447 25
448 24
449 24
450 28
451 29
452 28
453 25
454 26
455 24
456 24
457 26
458 25
459 23
460 25
461 25
462 25
463 22
464 23
465 22
466 21
467 23
468 23
469 24
470 24
471 24
472 25
473 23
474 25
475 26
476 23
477 22
478 25
479 25
480 26
481 25
482 25
483 25
484 25
485 27
486 23
487 23
488 24
489 26
490 24
491 24
492 22
493 25
494 28
495 25
496 24
497 22
498 25
499 25
500 28
501 24
502 23
503 24
504 21
505 24
506 23
507 23
508 23
509 24
510 24
511 27
512 24
513 22
514 22
515 23
516 22
517 22
518 25
519 22
520 23
521 25
522 23
523 21
524 22
525 24
526 22
527 19
528 23
529 26
530 25
531 22
532 23
533 25
534 25
535 26
536 25
537 24
538 23
539 24
540 25
541 24
542 24
543 24
544 26
545 24
546 26
547 24
548 21
549 23
550 26
551 25
552 26
553 26
554 23
555 20
556 26
557 25
558 23
559 25
560 23
561 19
562 20
563 22
564 24
565 25
566 24
567 24
568 25
569 25
570 24
571 25
572 27
573 27
574 27
575 26
576 25
577 23
578 20
579 21
580 22
581 24
582 25
583 25
584 22
585 20
586 22
587 23
588 24
589 22
590 23
591 23
592 23
593 26
594 24
595 27
596 22
597 25
598 25
599 24
600 27
601 25
602 25
603 25
604 26
605 26
606 22
607 22
608 23
609 23
610 21
611 22
612 23
613 24
614 22
615 24
616 25
617 24
618 27
619 26
620 27
621 23
622 23
623 24
624 22
625 22
626 23
627 26
628 24
629 25
630 25
631 26
632 26
633 23
634 23
635 24
636 23
637 24
638 17
639 18
640 20
641 24
642 25
643 24
644 25
645 22
646 26
647 23
648 22
649 23
650 22
651 20
652 20
653 20
654 23
655 25
656 26
657 24
658 26
659 24
660 21
661 23
662 24
663 21
664 20
665 25
666 25
667 25
668 24
669 23
670 23
671 25
672 24
673 26
674 25
675 24
676 20
677 20
678 24
679 25
680 25
681 24
682 27
683 23
684 23
685 23
686 22
687 25
688 28
689 28
690 27
691 26
692 25
693 22
694 22
695 22
696 20
697 23
698 25
699 22
700 24
701 25
702 22
703 25
704 25
705 24
706 26
707 25
708 26
709 26
710 27
711 28
712 25
713 25
714 25
715 22
716 25
717 24
718 23
719 22
720 26
721 25
722 24
723 23
724 25
725 24
726 21
727 23
728 25
729 27
730 26
731 22
732 23
733 24
734 27
735 24
736 26
737 26
738 25
739 26
740 25
741 24
742 23
743 23
744 26
745 24
746 19
747 22
748 22
749 23
750 21
751 24
752 23
753 25
754 26
755 27
756 23
757 21
758 20
759 23
760 23
761 22
762 20
763 22
764 23
765 25
766 25
767 24
768 26
769 23
770 23
771 22
772 22
773 25
774 25
775 24
776 26
777 21
778 22
779 23
780 25
781 24
782 26
783 25
784 24
785 25
786 23
787 25
788 25
789 21
790 24
791 23
792 24
793 25
794 27
795 24
796 24
797 26
798 24
799 25
800 27
801 26
802 25
803 25
804 25
805 24
806 24
807 24
808 24
809 26
810 25
811 27
812 21
813 22
814 23
815 22
816 22
817 22
818 20
819 21
820 21
821 23
822 23
823 23
824 21
825 22
826 21
827 21
828 23
829 25
830 25
831 25
832 23
833 21
834 24
835 27
836 23
837 25
838 21
839 24
840 23
841 22
842 20
843 21
844 22
845 22
846 24
847 25
848 24
849 22
850 21
851 20
852 21
853 24
854 27
855 26
856 25
857 26
858 26
859 26
860 28
861 27
862 25
863 24
864 23
865 25
866 24
867 23
868 22
869 21
870 23
871 22
872 24
873 22
874 22
875 23
876 24
877 26
878 22
879 24
880 25
881 21
882 23
883 25
884 24
885 23
886 21
887 22
888 20
889 19
890 21
891 22
892 23
893 25
894 24
895 23
896 26
897 25
898 24
899 25
900 25
901 23
902 25
903 22
904 23
905 24
906 23
907 24
908 23
909 25
910 27
911 26
912 25
913 23
914 22
915 25
916 25
917 25
918 23
919 18
920 22
921 25
922 26
923 25
924 22
925 24
926 26
927 24
928 24
929 22
930 24
931 24
932 26
933 26
934 26
935 26
936 22
937 23
938 23
939 23
940 22
941 23
942 24
943 25
944 29
945 27
946 27
947 26
948 25
949 25
950 24
951 24
952 24
953 25
954 24
955 23
956 22
957 22
958 23
959 24
960 25
961 25
962 23
963 22
964 23
965 23
966 21
967 25
968 23
969 24
970 24
971 23
972 21
973 20
974 21
975 24
976 23
977 25
978 24
979 23
980 21
981 22
982 25
983 24
984 19
985 21
986 22
987 23
988 24
989 25
990 24
991 23
992 22
993 22
994 24
995 22
996 23
997 25
998 26
999 25
1000 24
