0 60
1 49
2 43
3 39
4 36
5 38
6 44
7 39
8 36
9 40
10 42
11 42
12 42
13 37
14 36
15 41
16 42
17 42
18 42
19 42
20 41
21 43
22 41
23 46
24 40
25 44
26 38
27 46
28 42
29 43
30 40
31 39
32 41
33 44
34 44
35 42
36 39
37 43
38 42
39 44
40 43
41 43
42 40
43 42
44 46
45 42
46 38
47 43
48 44
49 43
50 45
51 42
52 44
53 40
54 43
55 42
56 39
57 40
58 42
59 39
60 43
61 45
62 40
63 41
64 33
65 41
66 35
67 38
68 40
69 44
70 43
71 38
72 39
73 41
74 42
75 43
76 41
77 39
78 41
79 44
80 41
81 45
82 42
83 39
84 44
85 46
86 42
87 40
88 42
89 45
90 41
91 39
92 40
93 41
94 44
95 37
96 38
97 42
98 42
99 45
100 43
101 41
102 44
103 43
104 44
105 39
106 36
107 34
108 36
109 40
110 42
111 40
112 38
113 44
114 41
115 35
116 42
117 43
118 40
119 36
120 41
121 39
122 39
123 37
124 41
125 43
126 46
127 45
128 44
129 42
130 42
131 41
132 40
133 44
134 47
135 37
136 43
137 43
138 43
139 41
140 41
141 42
142 43
143 39
144 40
145 41
146 43
147 38
148 38
149 41
150 36
151 39
152 44
153 43
154 37
155 38
156 41
157 41
158 39
159 41
160 41
161 42
162 44
163 36
164 41
165 41
166 37
167 39
168 42
169 41
170 36
171 40
172 40
173 37
174 35
175 42
176 43
177 38
178 38
179 40
180 40
181 38
182 40
183 42
184 35
185 39
186 42
187 44
188 41
189 40
190 42
191 41
192 41
193 46
194 43
195 39
196 41
197 40
198 43
199 43
200 45
201 40
202 39
203 43
204 38
205 44
206 43
207 44
208 41
209 37
210 45
211 41
212 42
213 42
214 42
215 41
216 44
217 41
218 43
219 39
220 40
221 41
222 38
223 40
224 44
225 38
226 46
227 42
228 40
229 44
230 35
231 39
232 41
233 41
234 35
235 42
236 38
237 43
238 40
239 38
240 40
241 38
242 40
243 40
244 40
245 42
246 38
247 38
248 44
249 41
250 42
251 41
252 41
253 42
254 38
255 42
256 38
257 37
258 40
259 39
260 45
261 42
262 42
263 41
264 41
265 41
266 41
267 45
268 42
269 40
270 41
271 44
272 42
273 48
274 37
275 42
276 44
277 43
278 39
279 39
280 42
281 38
282 39
283 42
284 42
285 45
286 42
287 43
288 35
289 41
290 41
291 40
292 31
293 34
294 41
295 41
296 43
297 43
298 43
299 42
300 43
301 36
302 41
303 42
304 40
305 46
306 41
307 41
308 43
309 43
310 41
311 37
312 42
313 42
314 43
315 43
316 38
317 39
318 39
319 40
320 40
321 42
322 41
323 38
324 43
325 44
326 43
327 37
328 44
329 42
330 42
331 40
332 42
333 42
334 43
335 42
336 39
337 41
338 42
339 44
340 39
341 43
342 41
343 39
344 43
345 41
346 44
347 41
348 41
349 40
350 39
351 41
352 43
353 41
354 39
355 39
356 37
357 44
358 43
359 40
360 42
361 41
362 40
363 41
364 40
365 41
366 38
367 46
368 38
369 42
370 43
371 41
372 38
373 42
374 38
375 42
376 41
377 37
378 39
379 45
380 44
381 39
382 41
383 43
384 42
385 44
386 43
387 43
388 43
389 42
390 42
391 39
392 45
393 42
394 42
395 42
396 41
397 40
398 40
399 43
400 37
401 41
402 44
403 40
404 41
405 43
406 44
407 38
408 43
409 42
410 43
411 43
412 40
413 41
414 42
415 43
416 47
417 43
418 42
419 40
420 39
421 42
422 44
423 39
424 39
425 45
426 42
427 45
428 41
429 41
430 45
431 39
432 40
433 36
434 41
435 39
436 40
437 42
438 45
439 44
440 36
441 42
442 42
443 36
444 41
445 41
446 44
447 42
448 44
449 42
450 39
451 41
452 41
453 43
454 45
455 45
456 43
457 46
458 41
459 36
460 42
461 40
462 41
463 40
464 44
465 42
466 44
467 39
468 41
469 41
470 34
471 45
472 42
473 40
474 39
475 42
476 44
477 42
478 40
479 42
480 37
481 40
482 38
483 38
484 42
485 41
486 41
487 42
488 43
489 42
490 43
491 43
492 44
493 40
494 38
495 38
496 43
497 38
498 38
499 42
500 42
501 44
502 40
503 42
504 40
505 41
506 41
507 38
508 41
509 41
510 36
511 41
512 42
513 39
514 39
515 43
516 45
517 43
518 40
519 40
520 42
521 38
522 40
523 36
524 41
525 42
526 39
527 44
528 41
529 37
530 35
531 40
532 39
533 39
534 37
535 39
536 40
537 45
538 44
539 42
540 39
541 41
542 36
543 42
544 42
545 40
546 40
547 43
548 40
549 39
550 42
551 43
552 46
553 39
554 47
555 44
556 44
557 42
558 38
559 41
560 37
561 41
562 43
563 41
564 43
565 41
566 40
567 42
568 37
569 42
570 34
571 39
572 44
573 42
574 44
575 42
576 45
577 41
578 42
579 39
580 43
581 45
582 43
583 39
584 36
585 41
586 42
587 43
588 41
589 40
590 42
591 40
592 44
593 43
594 45
595 39
596 38
597 47
598 45
599 43
600 45
601 41
602 40
603 45
604 40
605 41
606 43
607 40
608 40
609 40
610 40
611 40
612 43
613 43
614 42
615 44
616 42
617 45
618 39
619 40
620 45
621 39
622 37
623 41
624 43
625 38
626 42
627 42
628 43
629 41
630 43
631 41
632 44
633 44
634 45
635 42
636 41
637 39
638 41
639 44
640 41
641 41
642 45
643 40
644 40
645 42
646 45
647 42
648 40
649 41
650 40
651 39
652 45
653 43
654 38
655 43
656 43
657 42
658 43
659 37
660 39
661 44
662 46
663 38
664 36
665 44
666 43
667 45
668 39
669 39
670 35
671 43
672 42
673 37
674 37
675 41
676 45
677 39
678 40
679 42
680 45
681 39
682 43
683 44
684 45
685 41
686 42
687 38
688 43
689 40
690 39
691 38
692 41
693 43
694 44
695 40
696 44
697 39
698 45
699 38
700 42
701 37
702 43
703 42
704 41
705 41
706 44
707 43
708 43
709 42
710 40
711 44
712 42
713 42
714 40
715 44
716 42
717 40
718 39
719 45
720 41
721 41
722 41
723 40
724 39
725 37
726 40
727 41
728 42
729 37
730 40
731 38
732 39
733 45
734 41
735 42
736 38
737 44
738 45
739 42
740 41
741 45
742 39
743 35
744 39
745 39
746 42
747 38
748 36
749 44
750 42
751 41
752 39
753 44
754 41
755 37
756 39
757 41
758 44
759 35
760 42
761 38
762 42
763 40
764 39
765 43
766 43
767 37
768 41
769 41
770 35
771 37
772 41
773 39
774 43
775 37
776 42
777 39
778 42
779 44
780 35
781 39
782 42
783 35
784 40
785 40
786 41
787 42
788 40
789 43
790 40
791 42
792 40
793 42
794 40
795 41
796 40
797 40
798 42
799 44
800 40
801 43
802 36
803 41
804 41
805 45
806 40
807 44
808 41
809 42
810 39
811 35
812 41
813 43
814 38
815 41
816 42
817 42
818 40
819 40
820 40
821 42
822 41
823 41
824 36
825 37
826 43
827 43
828 38
829 43
830 42
831 43
832 41
833 45
834 43
835 34
836 43
837 40
838 42
839 43
840 43
841 39
842 42
843 44
844 38
845 44
846 41
847 42
848 43
849 36
850 39
851 42
852 45
853 39
854 39
855 41
856 37
857 40
858 46
859 47
860 42
861 42
862 39
863 42
864 37
865 41
866 39
867 42
868 38
869 40
870 38
871 42
872 44
873 43
874 45
875 44
876 40
877 36
878 42
879 37
880 43
881 42
882 41
883 43
884 39
885 42
886 42
887 43
888 41
889 41
890 43
891 41
892 42
893 40
894 45
895 38
896 39
897 42
898 42
899 42
900 46
901 43
902 36
903 41
904 42
905 44
906 45
907 42
908 41
909 36
910 45
911 43
912 42
913 42
914 39
915 39
916 36
917 41
918 40
919 42
920 40
921 45
922 42
923 45
924 41
925 42
926 40
927 35
928 40
929 41
930 37
931 44
932 38
933 36
934 40
935 42
936 39
937 40
938 36
939 41
940 41
941 43
942 45
943 42
944 35
945 40
946 45
947 41
948 44
949 40
950 41
951 42
952 35
953 41
954 41
955 38
956 40
957 39
958 41
959 41
960 39
961 48
962 40
963 43
964 42
965 43
966 39
967 46
968 40
969 46
970 40
971 42
972 43
973 40
974 40
975 45
976 42
977 41
978 39
979 41
980 42
981 39
982 41
983 37
984 41
985 42
986 36
987 44
988 45
989 43
990 40
991 41
992 40
993 41
994 42
995 39
996 40
997 41
998 38
999 43
1000 45
