0 95
1 65
2 65
3 63
4 67
5 64
6 64
7 66
8 65
9 61
10 67
11 65
12 66
13 64
14 64
15 63
16 66
17 66
18 64
19 63
20 65
21 63
22 70
23 62
24 65
25 67
26 67
27 64
28 68
29 66
30 67
31 66
32 66
33 64
34 68
35 60
36 66
37 69
38 63
39 63
40 66
41 67
42 64
43 68
44 64
45 68
46 66
47 68
48 62
49 68
50 64
51 67
52 64
53 71
54 63
55 68
56 66
57 64
58 69
59 68
60 64
61 69
62 58
63 64
64 68
65 68
66 67
67 68
68 65
69 70
70 64
71 64
72 70
73 63
74 67
75 67
76 64
77 67
78 65
79 69
80 68
81 67
82 68
83 60
84 68
85 65
86 61
87 63
88 66
89 70
90 63
91 67
92 65
93 61
94 64
95 63
96 65
97 64
98 66
99 67
100 67
101 65
102 65
103 62
104 69
105 68
106 63
107 67
108 66
109 68
110 65
111 63
112 64
113 66
114 60
115 66
116 66
117 61
118 62
119 68
120 68
121 63
122 66
123 61
124 64
125 70
126 64
127 66
128 66
129 62
130 66
131 65
132 64
133 65
134 64
135 61
136 65
137 66
138 64
139 63
140 63
141 65
142 63
143 62
144 67
145 68
146 61
147 65
148 60
149 67
150 64
151 64
152 65
153 68
154 65
155 64
156 60
157 64
158 64
159 64
160 65
161 66
162 63
163 67
164 65
165 67
166 68
167 62
168 61
169 62
170 60
171 63
172 68
173 66
174 65
175 66
176 66
177 69
178 65
179 65
180 64
181 69
182 64
183 66
184 57
185 64
186 64
187 62
188 65
189 65
190 62
191 66
192 67
193 64
194 66
195 65
196 71
197 65
198 66
199 63
200 64
201 65
202 67
203 61
204 66
205 66
206 62
207 64
208 62
209 61
210 59
211 67
212 66
213 64
214 64
215 64
216 63
217 69
218 57
219 68
220 67
221 65
222 63
223 70
224 68
225 66
226 67
227 64
228 56
229 68
230 69
231 61
232 66
233 67
234 65
235 66
236 67
237 63
238 65
239 66
240 69
241 69
242 65
243 66
244 62
245 68
246 65
247 67
248 65
249 61
250 61
251 67
252 66
253 59
254 65
255 64
256 66
257 64
258 65
259 70
260 62
261 65
262 70
263 66
264 65
265 66
266 71
267 68
268 66
269 67
270 65
271 66
272 62
273 62
274 68
275 66
276 61
277 66
278 67
279 64
280 64
281 65
282 66
283 68
284 69
285 65
286 62
287 65
288 69
289 62
290 67
291 68
292 59
293 62
294 63
295 69
296 66
297 64
298 63
299 58
300 66
301 67
302 67
303 64
304 64
305 69
306 65
307 66
308 63
309 58
310 67
311 70
312 64
313 59
314 67
315 66
316 69
317 65
318 66
319 68
320 67
321 70
322 64
323 67
324 67
325 69
326 70
327 67
328 63
329 67
330 65
331 69
332 62
333 62
334 66
335 64
336 67
337 65
338 62
339 63
340 64
341 62
342 66
343 60
344 64
345 65
346 67
347 63
348 58
349 66
350 67
351 65
352 65
353 64
354 62
355 71
356 67
357 69
358 68
359 71
360 66
361 61
362 66
363 64
364 61
365 70
366 65
367 66
368 65
369 67
370 67
371 63
372 65
373 62
374 66
375 66
376 72
377 65
378 61
379 66
380 65
381 63
382 64
383 66
384 70
385 66
386 65
387 69
388 65
389 64
390 65
391 65
392 67
393 63
394 63
395 64
396 65
397 65
398 65
399 63
400 63
401 64
402 67
403 69
404 62
405 61
406 63
407 66
408 70
409 66
410 69
411 64
412 63
413 66
414 66
415 67
416 65
417 64
418 64
419 67
420 64
421 63
422 58
423 63
424 62
425 66
426 61
427 66
428 66
429 68
430 66
431 70
432 66
433 68
434 63
435 67
436 67
437 65
438 65
439 64
440 67
441 64
442 58
443 64
444 64
445 65
446 66
447 63
448 69
449 63
450 64
451 66
452 62
453 62
454 64
455 63
456 68
457 66
458 66
459 65
460 66
461 62
462 65
463 65
464 66
465 66
466 59
467 65
468 66
469 65
470 66
471 68
472 57
473 64
474 69
475 63
476 65
477 65
478 63
479 69
480 61
481 66
482 69
483 70
484 65
485 62
486 65
487 62
488 56
489 64
490 70
491 63
492 64
493 67
494 64
495 67
496 66
497 60
498 65
499 66
500 68
501 62
502 66
503 68
504 66
505 61
506 66
507 68
508 69
509 67
510 66
511 59
512 60
513 66
514 64
515 61
516 68
517 63
518 66
519 68
520 63
521 68
522 64
523 65
524 64
525 70
526 65
527 68
528 68
529 62
530 66
531 63
532 63
533 61
534 64
535 67
536 62
537 60
538 71
539 63
540 67
541 60
542 69
543 68
544 65
545 70
546 67
547 67
548 71
549 60
550 60
551 67
552 64
553 64
554 67
555 63
556 65
557 60
558 65
559 67
560 66
561 66
562 63
563 69
564 68
565 70
566 69
567 62
568 69
569 63
570 65
571 65
572 65
573 65
574 61
575 65
576 64
577 59
578 64
579 65
580 65
581 61
582 66
583 67
584 60
585 66
586 67
587 60
588 67
589 62
590 69
591 64
592 64
593 69
594 65
595 62
596 65
597 68
598 68
599 62
600 63
601 68
602 68
603 61
604 67
605 68
606 68
607 64
608 61
609 64
610 63
611 67
612 63
613 69
614 67
615 62
616 66
617 66
618 67
619 64
620 65
621 61
622 65
623 62
624 66
625 68
626 65
627 64
628 62
629 62
630 63
631 68
632 66
633 67
634 67
635 62
636 65
637 61
638 64
639 65
640 63
641 63
642 65
643 69
644 67
645 63
646 64
647 61
648 67
649 66
650 66
651 65
652 69
653 60
654 61
655 62
656 65
657 66
658 63
659 62
660 68
661 62
662 68
663 62
664 64
665 62
666 63
667 71
668 62
669 67
670 64
671 64
672 64
673 67
674 67
675 62
676 66
677 66
678 66
679 65
680 64
681 70
682 64
683 70
684 65
685 69
686 64
687 67
688 66
689 67
690 68
691 66
692 62
693 65
694 65
695 61
696 63
697 67
698 65
699 67
700 63
701 65
702 64
703 69
704 63
705 65
706 63
707 64
708 68
709 66
710 62
711 65
712 64
713 68
714 66
715 64
716 63
717 67
718 65
719 65
720 61
721 60
722 68
723 64
724 64
725 62
726 63
727 64
728 62
729 64
730 68
731 59
732 70
733 66
734 65
735 65
736 65
737 64
738 66
739 64
740 65
741 64
742 63
743 64
744 63
745 66
746 66
747 62
748 67
749 59
750 63
751 65
752 65
753 67
754 64
755 64
756 67
757 61
758 64
759 65
760 68
761 71
762 65
763 65
764 61
765 61
766 67
767 66
768 64
769 67
770 68
771 64
772 66
773 66
774 64
775 70
776 63
777 68
778 64
779 65
780 66
781 65
782 63
783 67
784 65
785 68
786 67
787 61
788 61
789 63
790 65
791 61
792 67
793 69
794 61
795 66
796 67
797 66
798 63
799 65
800 66
801 64
802 64
803 63
804 61
805 66
806 65
807 66
808 65
809 68
810 66
811 61
812 66
813 69
814 60
815 66
816 65
817 67
818 71
819 69
820 68
821 66
822 59
823 65
824 63
825 67
826 66
827 69
828 63
829 61
830 61
831 62
832 67
833 60
834 65
835 70
836 64
837 61
838 64
839 70
840 67
841 68
842 61
843 67
844 68
845 63
846 67
847 66
848 64
849 67
850 66
851 63
852 64
853 72
854 67
855 67
856 63
857 65
858 63
859 68
860 63
861 65
862 64
863 58
864 69
865 68
866 65
867 68
868 69
869 61
870 66
871 68
872 65
873 69
874 64
875 67
876 67
877 65
878 63
879 65
880 64
881 66
882 59
883 66
884 71
885 65
886 70
887 66
888 69
889 69
890 66
891 63
892 65
893 57
894 61
895 64
896 61
897 66
898 67
899 65
900 64
901 64
902 68
903 66
904 62
905 63
906 62
907 67
908 66
909 65
910 65
911 68
912 64
913 67
914 62
915 62
916 64
917 65
918 68
919 62
920 64
921 59
922 62
923 65
924 64
925 64
926 63
927 62
928 65
929 66
930 67
931 64
932 69
933 64
934 66
935 65
936 64
937 66
938 68
939 65
940 64
941 67
942 61
943 62
944 67
945 61
946 69
947 59
948 68
949 62
950 57
951 70
952 64
953 69
954 62
955 64
956 68
957 64
958 64
959 65
960 69
961 64
962 62
963 65
964 64
965 65
966 70
967 66
968 63
969 61
970 64
971 67
972 65
973 64
974 63
975 60
976 64
977 64
978 66
979 64
980 64
981 67
982 64
983 64
984 60
985 63
986 60
987 63
988 66
989 65
990 63
991 67
992 64
993 68
994 69
995 63
996 63
997 63
998 68
999 67
1000 68
