0 85
1 64
2 53
3 59
4 54
5 54
6 56
7 57
8 59
9 56
10 58
11 56
12 59
13 58
14 58
15 58
16 56
17 54
18 53
19 56
20 57
21 56
22 57
23 57
24 54
25 52
26 56
27 50
28 54
29 56
30 56
31 50
32 52
33 50
34 52
35 54
36 56
37 53
38 56
39 55
40 53
41 52
42 57
43 54
44 56
45 57
46 51
47 51
48 49
49 52
50 51
51 52
52 50
53 53
54 59
55 56
56 52
57 56
58 55
59 58
60 58
61 58
62 54
63 58
64 56
65 55
66 57
67 52
68 56
69 54
70 55
71 58
72 61
73 58
74 54
75 58
76 58
77 58
78 54
79 56
80 60
81 58
82 54
83 54
84 56
85 59
86 58
87 57
88 57
89 54
90 57
91 55
92 53
93 56
94 56
95 51
96 56
97 57
98 60
99 59
100 57
101 59
102 60
103 54
104 55
105 56
106 56
107 59
108 57
109 55
110 54
111 56
112 57
113 54
114 56
115 59
116 55
117 57
118 59
119 53
120 50
121 57
122 53
123 52
124 59
125 57
126 56
127 59
128 58
129 58
130 60
131 56
132 57
133 57
134 56
135 56
136 56
137 54
138 51
139 55
140 56
141 55
142 54
143 56
144 57
145 56
146 59
147 54
148 59
149 54
150 57
151 57
152 55
153 53
154 56
155 56
156 50
157 54
158 55
159 58
160 57
161 55
162 50
163 56
164 56
165 52
166 56
167 60
168 61
169 54
170 53
171 56
172 58
173 55
174 53
175 58
176 54
177 61
178 59
179 56
180 57
181 58
182 59
183 60
184 55
185 59
186 54
187 56
188 56
189 61
190 52
191 58
192 58
193 63
194 55
195 55
196 59
197 58
198 56
199 61
200 52
201 54
202 54
203 55
204 57
205 57
206 57
207 56
208 55
209 54
210 50
211 55
212 56
213 58
214 58
215 59
216 59
217 55
218 59
219 55
220 60
221 53
222 57
223 56
224 51
225 57
226 58
227 57
228 59
229 54
230 54
231 55
232 58
233 55
234 57
235 54
236 57
237 56
238 56
239 53
240 52
241 57
242 60
243 58
244 59
245 59
246 45
247 53
248 56
249 57
250 56
251 59
252 60
253 55
254 53
255 53
256 58
257 58
258 59
259 55
260 58
261 55
262 55
263 57
264 59
265 55
266 60
267 60
268 63
269 50
270 51
271 57
272 58
273 59
274 56
275 61
276 55
277 54
278 60
279 55
280 51
281 57
282 57
283 55
284 59
285 59
286 52
287 57
288 57
289 55
290 52
291 53
292 56
293 58
294 56
295 55
296 56
297 56
298 58
299 52
300 56
301 54
302 56
303 59
304 56
305 55
306 56
307 53
308 54
309 60
310 56
311 47
312 54
313 56
314 52
315 55
316 60
317 56
318 59
319 57
320 56
321 60
322 57
323 53
324 58
325 54
326 52
327 55
328 56
329 57
330 58
331 56
332 57
333 54
334 62
335 61
336 58
337 59
338 55
339 49
340 60
341 58
342 57
343 58
344 58
345 53
346 57
347 62
348 60
349 55
350 57
351 55
352 55
353 55
354 59
355 59
356 59
357 57
358 56
359 57
360 59
361 59
362 60
363 61
364 59
365 61
366 58
367 56
368 59
369 57
370 58
371 51
372 54
373 58
374 60
375 59
376 59
377 58
378 55
379 54
380 51
381 55
382 54
383 55
384 52
385 57
386 55
387 57
388 58
389 54
390 59
391 58
392 58
393 60
394 62
395 57
396 57
397 55
398 53
399 54
400 56
401 57
402 55
403 59
404 57
405 58
406 58
407 59
408 58
409 56
410 55
411 53
412 54
413 58
414 55
415 59
416 58
417 56
418 54
419 55
420 59
421 56
422 54
423 53
424 53
425 51
426 56
427 54
428 53
429 62
430 60
431 59
432 61
433 55
434 56
435 55
436 59
437 57
438 56
439 56
440 57
441 58
442 57
443 55
444 58
445 56
446 56
447 58
448 54
449 58
450 58
451 56
452 55
453 57
454 53
455 58
456 60
457 58
458 59
459 59
460 55
461 57
462 59
463 60
464 59
465 60
466 56
467 58
468 58
469 53
470 54
471 51
472 56
473 52
474 52
475 56
476 51
477 60
478 57
479 56
480 51
481 60
482 55
483 59
484 56
485 57
486 59
487 58
488 55
489 57
490 57
491 56
492 55
493 56
494 57
495 54
496 57
497 53
498 51
499 54
500 57
501 54
502 55
503 59
504 56
505 53
506 55
507 56
508 58
509 59
510 58
511 55
512 49
513 55
514 55
515 57
516 59
517 55
518 53
519 52
520 54
521 55
522 57
523 59
524 56
525 57
526 54
527 54
528 54
529 53
530 59
531 56
532 55
533 57
534 52
535 50
536 52
537 54
538 63
539 60
540 57
541 54
542 54
543 55
544 59
545 55
546 52
547 54
548 58
549 60
550 61
551 55
552 56
553 61
554 54
555 55
556 54
557 57
558 57
559 56
560 57
561 54
562 54
563 54
564 49
565 58
566 60
567 62
568 58
569 59
570 59
571 58
572 61
573 58
574 59
575 59
576 60
577 61
578 56
579 58
580 53
581 48
582 54
583 55
584 57
585 61
586 56
587 55
588 53
589 53
590 54
591 56
592 59
593 55
594 58
595 55
596 58
597 60
598 53
599 53
600 58
601 60
602 57
603 60
604 57
605 59
606 57
607 53
608 55
609 55
610 62
611 62
612 59
613 57
614 57
615 59
616 56
617 57
618 57
619 57
620 59
621 56
622 54
623 56
624 61
625 60
626 62
627 61
628 58
629 58
630 53
631 58
632 56
633 57
634 58
635 58
636 55
637 54
638 54
639 53
640 50
641 53
642 53
643 55
644 56
645 58
646 56
647 58
648 56
649 57
650 59
651 58
652 55
653 54
654 58
655 57
656 55
657 57
658 57
659 56
660 57
661 56
662 61
663 59
664 59
665 56
666 58
667 60
668 61
669 61
670 56
671 57
672 54
673 54
674 54
675 59
676 60
677 56
678 58
679 55
680 58
681 55
682 55
683 56
684 59
685 54
686 60
687 53
688 54
689 52
690 55
691 55
692 55
693 57
694 59
695 59
696 59
697 58
698 59
699 59
700 53
701 59
702 58
703 54
704 55
705 56
706 60
707 57
708 58
709 57
710 58
711 58
712 58
713 59
714 58
715 55
716 53
717 51
718 52
719 53
720 54
721 54
722 57
723 57
724 54
725 55
726 58
727 53
728 56
729 56
730 59
731 57
732 58
733 55
734 58
735 54
736 57
737 59
738 60
739 58
740 59
741 56
742 57
743 56
744 56
745 53
746 56
747 60
748 60
749 58
750 61
751 59
752 62
753 58
754 58
755 56
756 52
757 50
758 47
759 54
760 56
761 59
762 54
763 50
764 58
765 55
766 58
767 56
768 58
769 57
770 60
771 59
772 49
773 51
774 57
775 55
776 57
777 54
778 55
779 60
780 58
781 52
782 50
783 58
784 53
785 52
786 55
787 57
788 53
789 54
790 60
791 60
792 58
793 57
794 56
795 62
796 58
797 61
798 55
799 60
800 58
801 57
802 57
803 58
804 61
805 62
806 59
807 59
808 53
809 55
810 58
811 53
812 54
813 52
814 50
815 57
816 57
817 58
818 57
819 57
820 54
821 56
822 53
823 49
824 57
825 56
826 49
827 52
828 60
829 59
830 56
831 53
832 61
833 57
834 56
835 60
836 53
837 60
838 60
839 55
840 53
841 59
842 59
843 56
844 54
845 54
846 56
847 56
848 58
849 57
850 55
851 56
852 56
853 55
854 58
855 55
856 56
857 58
858 58
859 62
860 57
861 53
862 56
863 57
864 60
865 60
866 57
867 54
868 57
869 57
870 51
871 53
872 50
873 52
874 57
875 55
876 53
877 58
878 60
879 59
880 60
881 57
882 53
883 58
884 55
885 59
886 62
887 55
888 55
889 57
890 57
891 56
892 57
893 52
894 56
895 55
896 60
897 58
898 51
899 58
900 58
901 56
902 57
903 55
904 56
905 57
906 59
907 56
908 55
909 62
910 59
911 55
912 55
913 58
914 56
915 57
916 49
917 55
918 54
919 58
920 55
921 53
922 54
923 54
924 57
925 57
926 54
927 58
928 59
929 57
930 57
931 57
932 56
933 53
934 53
935 57
936 61
937 59
938 54
939 52
940 54
941 51
942 52
943 56
944 56
945 55
946 57
947 62
948 56
949 53
950 55
951 55
952 56
953 50
954 57
955 56
956 58
957 53
958 60
959 59
960 55
961 57
962 59
963 55
964 53
965 60
966 58
967 55
968 54
969 52
970 56
971 56
972 56
973 56
974 57
975 59
976 56
977 57
978 50
979 48
980 46
981 54
982 58
983 52
984 53
985 57
986 59
987 58
988 60
989 60
990 59
991 56
992 55
993 54
994 57
995 59
996 56
997 58
998 53
999 56
1000 57
