0 35
1 30
2 27
3 24
4 20
5 22
6 23
7 25
8 25
9 24
10 21
11 20
12 23
13 18
14 22
15 24
16 26
17 27
18 23
19 22
20 25
21 28
22 25
23 24
24 24
25 27
26 25
27 22
28 26
29 25
30 25
31 27
32 26
33 25
34 23
35 28
36 25
37 24
38 27
39 24
40 24
41 20
42 22
43 23
44 25
45 26
46 25
47 26
48 25
49 25
50 23
51 25
52 24
53 22
54 19
55 20
56 24
57 21
58 25
59 26
60 26
61 25
62 25
63 23
64 23
65 26
66 23
67 21
68 17
69 23
70 25
71 26
72 24
73 24
74 26
75 23
76 21
77 25
78 25
79 25
80 25
81 25
82 24
83 24
84 23
85 23
86 23
87 24
88 26
89 23
90 19
91 23
92 24
93 26
94 19
95 26
96 24
97 24
98 22
99 20
100 21
101 25
102 27
103 25
104 24
105 22
106 24
107 25
108 23
109 22
110 25
111 21
112 20
113 25
114 25
115 25
116 25
117 25
118 23
119 24
120 23
121 22
122 22
123 18
124 18
125 24
126 27
127 24
128 25
129 25
130 26
131 28
132 28
133 24
134 25
135 23
136 24
137 25
138 25
139 28
140 28
141 27
142 26
143 27
144 24
145 26
146 26
147 27
148 26
149 26
150 26
151 24
152 23
153 24
154 24
155 21
156 26
157 19
158 23
159 21
160 24
161 23
162 20
163 24
164 23
165 26
166 24
167 26
168 28
169 29
170 28
171 21
172 24
173 25
174 23
175 25
176 28
177 27
178 27
179 26
180 25
181 26
182 26
183 27
184 27
185 25
186 25
187 27
188 25
189 27
190 26
191 24
192 23
193 23
194 26
195 22
196 24
197 22
198 21
199 20
200 21
201 21
202 23
203 25
204 23
205 24
206 21
207 22
208 20
209 23
210 24
211 25
212 23
213 22
214 18
215 21
216 21
217 20
218 24
219 25
220 26
221 27
222 27
223 30
224 29
225 27
226 24
227 25
228 24
229 23
230 28
231 23
232 23
233 24
234 25
235 26
236 19
237 22
238 26
239 25
240 21
241 25
242 25
243 25
244 25
245 26
246 27
247 29
248 24
249 26
250 24
251 26
252 26
253 28
254 29
255 26
256 27
257 24
258 24
259 22
260 22
261 21
262 23
263 25
264 23
265 22
266 20
267 22
268 23
269 24
270 22
271 24
272 25
273 27
274 23
275 25
276 23
277 24
278 24
279 25
280 24
281 23
282 21
283 24
284 24
285 22
286 21
287 21
288 24
289 24
290 25
291 24
292 24
293 25
294 27
295 23
296 26
297 24
298 22
299 23
300 25
301 24
302 22
303 21
304 22
305 24
306 23
307 25
308 26
309 25
310 28
311 28
312 23
313 29
314 28
315 27
316 22
317 24
318 26
319 22
320 25
321 25
322 25
323 24
324 25
325 23
326 22
327 25
328 26
329 24
330 23
331 24
332 24
333 25
334 23
335 19
336 21
337 22
338 24
339 25
340 25
341 22
342 24
343 21
344 26
345 27
346 24
347 21
348 24
349 20
350 23
351 26
352 22
353 23
354 26
355 23
356 22
357 22
358 23
359 24
360 23
361 21
362 24
363 25
364 21
365 19
366 24
367 24
368 22
369 22
370 24
371 24
372 26
373 25
374 26
375 24
376 27
377 25
378 25
379 23
380 22
381 23
382 26
383 24
384 23
385 22
386 25
387 28
388 26
389 26
390 24
391 22
392 23
393 21
394 22
395 20
396 21
397 18
398 21
399 22
400 23
401 26
402 22
403 21
404 25
405 23
406 24
407 24
408 27
409 28
410 25
411 25
412 23
413 26
414 24
415 22
416 23
417 20
418 26
419 25
420 26
421 23
422 25
423 25
424 22
425 23
426 19
427 21
428 21
429 26
430 24
431 25
432 27
433 25
434 23
435 25
436 25
437 28
438 24
439 27
440 24
441 26
442 24
443 25
444 27
445 26
446 25
447 25
448 25
449 25
450 22
451 25
452 23
453 24
454 24
455 23
456 21
457 26
458 24
459 24
460 22
461 18
462 23
463 25
464 22
465 23
466 24
467 22
468 17
469 22
470 21
471 21
472 21
473 25
474 22
475 22
476 24
477 23
478 23
479 23
480 22
481 24
482 26
483 25
484 25
485 24
486 24
487 23
488 23
489 23
490 24
491 27
492 25
493 25
494 26
495 23
496 27
497 25
498 25
499 25
500 25
501 19
502 21
503 21
504 22
505 23
506 23
507 23
508 20
509 23
510 24
511 19
512 19
513 22
514 22
515 25
516 24
517 24
518 24
519 22
520 19
521 21
522 22
523 20
524 21
525 20
526 22
527 21
528 24
529 25
530 25
531 26
532 26
533 25
534 25
535 24
536 22
537 24
538 23
539 22
540 23
541 22
542 22
543 26
544 25
545 22
546 17
547 23
548 27
549 26
550 22
551 24
552 20
553 24
554 22
555 18
556 19
557 16
558 22
559 24
560 26
561 24
562 28
563 31
564 28
565 26
566 27
567 26
568 23
569 20
570 22
571 18
572 19
573 25
574 25
575 25
576 25
577 20
578 20
579 18
580 21
581 23
582 24
583 22
584 24
585 28
586 25
587 26
588 26
589 23
590 24
591 25
592 24
593 23
594 20
595 24
596 22
597 23
598 22
599 23
600 26
601 27
602 27
603 23
604 24
605 24
606 25
607 23
608 24
609 22
610 23
611 25
612 25
613 25
614 23
615 21
616 22
617 23
618 19
619 24
620 22
621 21
622 23
623 22
624 21
625 23
626 27
627 25
628 28
629 29
630 25
631 24
632 24
633 25
634 26
635 26
636 26
637 24
638 23
639 24
640 25
641 26
642 25
643 22
644 23
645 24
646 21
647 21
648 21
649 21
650 23
651 28
652 22
653 24
654 27
655 27
656 26
657 27
658 25
659 25
660 23
661 25
662 24
663 25
664 25
665 25
666 24
667 26
668 24
669 24
670 23
671 28
672 24
673 26
674 23
675 21
676 23
677 28
678 28
679 25
680 26
681 25
682 24
683 18
684 21
685 23
686 23
687 27
688 28
689 27
690 25
691 26
692 24
693 22
694 25
695 28
696 27
697 26
698 25
699 22
700 23
701 22
702 25
703 22
704 27
705 26
706 24
707 24
708 24
709 22
710 21
711 20
712 28
713 23
714 22
715 25
716 27
717 25
718 25
719 24
720 21
721 18
722 19
723 20
724 25
725 26
726 24
727 24
728 22
729 25
730 26
731 25
732 26
733 27
734 24
735 22
736 21
737 23
738 21
739 24
740 24
741 24
742 27
743 29
744 28
745 27
746 24
747 24
748 25
749 27
750 25
751 23
752 23
753 23
754 19
755 22
756 24
757 25
758 28
759 24
760 20
761 26
762 24
763 23
764 25
765 22
766 28
767 29
768 27
769 28
770 25
771 27
772 26
773 25
774 24
775 25
776 25
777 25
778 24
779 26
780 26
781 27
782 28
783 23
784 24
785 24
786 24
787 26
788 23
789 26
790 25
791 25
792 27
793 26
794 23
795 24
796 22
797 27
798 26
799 26
800 23
801 24
802 24
803 25
804 25
805 22
806 24
807 26
808 25
809 23
810 22
811 26
812 25
813 22
814 23
815 26
816 25
817 22
818 23
819 25
820 24
821 29
822 28
823 22
824 23
825 24
826 27
827 25
828 24
829 25
830 24
831 24
832 24
833 27
834 27
835 27
836 23
837 22
838 25
839 23
840 23
841 23
842 24
843 22
844 25
845 23
846 22
847 24
848 27
849 26
850 26
851 25
852 20
853 24
854 25
855 21
856 20
857 22
858 21
859 19
860 23
861 24
862 25
863 26
864 27
865 27
866 21
867 23
868 21
869 24
870 24
871 20
872 24
873 22
874 25
875 23
876 25
877 24
878 21
879 19
880 22
881 22
882 23
883 22
884 22
885 22
886 22
887 21
888 23
889 24
890 26
891 25
892 22
893 24
894 25
895 23
896 23
897 26
898 24
899 23
900 22
901 22
902 26
903 26
904 24
905 24
906 27
907 25
908 23
909 24
910 24
911 24
912 26
913 24
914 24
915 24
916 26
917 23
918 24
919 23
920 24
921 20
922 22
923 24
924 22
925 22
926 22
927 24
928 23
929 24
930 25
931 25
932 26
933 25
934 23
935 25
936 21
937 19
938 22
939 23
940 24
941 23
942 24
943 23
944 22
945 26
946 24
947 23
948 24
949 25
950 23
951 24
952 25
953 22
954 24
955 25
956 25
957 26
958 23
959 24
960 28
961 27
962 25
963 25
964 25
965 26
966 22
967 24
968 23
969 25
970 22
971 23
972 23
973 23
974 19
975 26
976 23
977 26
978 25
979 25
980 22
981 23
982 25
983 24
984 23
985 20
986 22
987 20
988 23
989 22
990 24
991 27
992 24
993 28
994 25
995 25
996 24
997 24
998 28
999 25
1000 25
