0 85
1 70
2 65
3 63
4 57
5 55
6 54
7 53
8 54
9 54
10 56
11 58
12 55
13 53
14 51
15 51
16 51
17 51
18 47
19 49
20 51
21 52
22 54
23 50
24 51
25 50
26 52
27 55
28 55
29 52
30 53
31 55
32 52
33 53
34 52
35 53
36 49
37 53
38 50
39 51
40 51
41 50
42 50
43 52
44 51
45 49
46 51
47 51
48 54
49 54
50 48
51 52
52 53
53 53
54 53
55 56
56 50
57 52
58 55
59 55
60 53
61 51
62 53
63 55
64 56
65 55
66 55
67 51
68 48
69 50
70 50
71 52
72 54
73 53
74 50
75 48
76 51
77 54
78 55
79 56
80 54
81 53
82 52
83 53
84 53
85 53
86 54
87 56
88 54
89 54
90 56
91 56
92 53
93 56
94 58
95 55
96 51
97 53
98 55
99 56
100 50
101 52
102 54
103 57
104 58
105 57
106 59
107 58
108 55
109 57
110 56
111 55
112 53
113 54
114 55
115 54
116 58
117 57
118 57
119 58
120 56
121 55
122 55
123 50
124 54
125 52
126 50
127 49
128 51
129 52
130 54
131 53
132 51
133 55
134 51
135 52
136 51
137 50
138 49
139 50
140 52
141 51
142 52
143 54
144 55
145 54
146 55
147 58
148 56
149 55
150 52
151 55
152 57
153 54
154 54
155 55
156 52
157 54
158 54
159 55
160 57
161 56
162 53
163 55
164 55
165 58
166 56
167 56
168 53
169 52
170 52
171 55
172 54
173 54
174 52
175 52
176 51
177 50
178 51
179 52
180 51
181 53
182 56
183 54
184 54
185 53
186 53
187 55
188 52
189 53
190 51
191 54
192 53
193 54
194 52
195 53
196 52
197 54
198 52
199 54
200 53
201 51
202 53
203 55
204 54
205 56
206 59
207 56
208 54
209 51
210 49
211 53
212 54
213 50
214 55
215 55
216 53
217 51
218 55
219 55
220 58
221 58
222 54
223 51
224 54
225 52
226 54
227 54
228 51
229 50
230 51
231 52
232 50
233 55
234 55
235 57
236 57
237 53
238 53
239 53
240 53
241 48
242 50
243 48
244 54
245 54
246 56
247 54
248 54
249 52
250 52
251 51
252 50
253 53
254 51
255 53
256 56
257 55
258 58
259 54
260 54
261 50
262 51
263 55
264 54
265 54
266 54
267 51
268 51
269 54
270 56
271 51
272 50
273 50
274 52
275 50
276 52
277 52
278 52
279 53
280 56
281 54
282 53
283 53
284 52
285 54
286 57
287 60
288 58
289 60
290 57
291 52
292 54
293 55
294 55
295 56
296 57
297 58
298 54
299 57
300 55
301 54
302 51
303 55
304 54
305 51
306 52
307 51
308 50
309 52
310 46
311 45
312 51
313 50
314 54
315 56
316 56
317 54
318 54
319 54
320 56
321 55
322 52
323 54
324 55
325 57
326 57
327 56
328 54
329 55
330 54
331 52
332 49
333 53
334 53
335 50
336 46
337 51
338 52
339 54
340 57
341 56
342 56
343 60
344 57
345 56
346 57
347 55
348 51
349 52
350 55
351 58
352 59
353 60
354 58
355 55
356 58
357 56
358 57
359 56
360 54
361 51
362 56
363 55
364 56
365 56
366 51
367 52
368 55
369 52
370 53
371 46
372 51
373 50
374 53
375 54
376 54
377 54
378 54
379 52
380 54
381 53
382 52
383 53
384 53
385 55
386 55
387 57
388 55
389 53
390 52
391 54
392 53
393 53
394 56
395 57
396 55
397 53
398 53
399 58
400 53
401 54
402 55
403 56
404 53
405 52
406 52
407 53
408 52
409 50
410 49
411 50
412 50
413 53
414 53
415 53
416 53
417 54
418 53
419 54
420 55
421 55
422 57
423 60
424 60
425 56
426 60
427 56
428 54
429 55
430 55
431 49
432 50
433 49
434 49
435 48
436 48
437 51
438 52
439 52
440 54
441 54
442 50
443 53
444 51
445 52
446 57
447 55
448 56
449 58
450 59
451 59
452 57
453 58
454 57
455 52
456 52
457 54
458 54
459 51
460 53
461 56
462 54
463 55
464 51
465 50
466 51
467 52
468 51
469 55
470 54
471 57
472 49
473 50
474 49
475 52
476 55
477 52
478 51
479 52
480 52
481 54
482 50
483 52
484 52
485 53
486 54
487 53
488 56
489 55
490 54
491 57
492 57
493 59
494 56
495 54
496 54
497 58
498 55
499 54
500 56
501 56
502 58
503 59
504 58
505 54
506 53
507 53
508 55
509 53
510 49
511 52
512 51
513 53
514 53
515 53
516 50
517 52
518 46
519 51
520 52
521 53
522 48
523 49
524 54
525 54
526 51
527 50
528 47
529 52
530 53
531 54
532 58
533 55
534 50
535 56
536 55
537 56
538 55
539 55
540 54
541 50
542 54
543 55
544 51
545 49
546 47
547 48
548 51
549 46
550 46
551 48
552 50
553 54
554 54
555 53
556 51
557 54
558 55
559 58
560 54
561 56
562 56
563 57
564 56
565 54
566 53
567 54
568 55
569 49
570 51
571 50
572 54
573 55
574 54
575 54
576 52
577 55
578 52
579 50
580 50
581 50
582 52
583 51
584 54
585 56
586 54
587 55
588 54
589 57
590 57
591 53
592 55
593 54
594 56
595 53
596 54
597 53
598 52
599 55
600 54
601 49
602 51
603 55
604 53
605 52
606 53
607 55
608 55
609 56
610 52
611 52
612 52
613 54
614 55
615 57
616 56
617 55
618 54
619 53
620 55
621 55
622 56
623 54
624 50
625 51
626 56
627 54
628 54
629 55
630 54
631 55
632 53
633 53
634 49
635 53
636 53
637 53
638 52
639 51
640 51
641 52
642 53
643 52
644 54
645 50
646 55
647 56
648 57
649 55
650 55
651 52
652 48
653 48
654 49
655 52
656 53
657 51
658 56
659 55
660 54
661 57
662 53
663 53
664 53
665 49
666 51
667 55
668 49
669 51
670 50
671 50
672 55
673 53
674 55
675 55
676 54
677 53
678 55
679 53
680 47
681 51
682 50
683 53
684 55
685 54
686 55
687 50
688 49
689 51
690 52
691 52
692 52
693 52
694 54
695 54
696 52
697 47
698 50
699 46
700 49
701 47
702 50
703 53
704 53
705 54
706 56
707 56
708 57
709 51
710 49
711 52
712 52
713 52
714 56
715 57
716 54
717 53
718 47
719 50
720 50
721 53
722 53
723 45
724 53
725 52
726 53
727 52
728 53
729 54
730 55
731 55
732 56
733 57
734 57
735 55
736 54
737 56
738 54
739 53
740 53
741 54
742 56
743 51
744 49
745 55
746 58
747 47
748 47
749 47
750 48
751 51
752 50
753 51
754 51
755 51
756 53
757 52
758 53
759 55
760 52
761 51
762 48
763 50
764 52
765 47
766 49
767 51
768 54
769 55
770 51
771 50
772 50
773 53
774 51
775 52
776 55
777 57
778 53
779 52
780 53
781 53
782 54
783 53
784 54
785 49
786 52
787 52
788 52
789 53
790 56
791 55
792 55
793 53
794 55
795 53
796 52
797 54
798 53
799 61
800 57
801 55
802 55
803 53
804 51
805 50
806 52
807 52
808 45
809 48
810 52
811 57
812 58
813 56
814 59
815 56
816 53
817 54
818 52
819 54
820 55
821 50
822 49
823 53
824 51
825 52
826 53
827 51
828 52
829 53
830 54
831 55
832 54
833 53
834 51
835 52
836 53
837 49
838 49
839 51
840 52
841 52
842 47
843 48
844 49
845 50
846 54
847 56
848 56
849 55
850 52
851 50
852 54
853 52
854 57
855 58
856 56
857 54
858 52
859 51
860 54
861 56
862 52
863 52
864 54
865 53
866 50
867 46
868 48
869 51
870 46
871 46
872 47
873 51
874 50
875 50
876 51
877 54
878 55
879 53
880 56
881 57
882 51
883 51
884 51
885 53
886 53
887 54
888 56
889 58
890 53
891 54
892 58
893 55
894 54
895 54
896 53
897 56
898 51
899 51
900 53
901 54
902 51
903 53
904 56
905 56
906 55
907 54
908 56
909 59
910 57
911 55
912 55
913 54
914 56
915 52
916 52
917 53
918 50
919 44
920 47
921 49
922 53
923 48
924 46
925 50
926 53
927 53
928 54
929 57
930 50
931 51
932 53
933 54
934 55
935 54
936 52
937 52
938 50
939 55
940 51
941 55
942 54
943 52
944 52
945 51
946 55
947 53
948 54
949 53
950 52
951 53
952 53
953 52
954 49
955 55
956 55
957 51
958 52
959 50
960 48
961 47
962 49
963 54
964 55
965 55
966 55
967 49
968 53
969 54
970 56
971 57
972 55
973 57
974 54
975 55
976 54
977 54
978 55
979 57
980 56
981 59
982 58
983 59
984 52
985 52
986 50
987 50
988 53
989 56
990 53
991 55
992 57
993 56
994 54
995 55
996 55
997 57
998 56
999 55
1000 49
