0 75
1 52
2 50
3 49
4 49
5 49
6 50
7 50
8 47
9 48
10 49
11 48
12 45
13 51
14 51
15 50
16 47
17 49
18 49
19 52
20 48
21 47
22 50
23 48
24 50
25 49
26 53
27 49
28 42
29 46
30 49
31 47
32 49
33 52
34 53
35 50
36 52
37 50
38 53
39 48
40 51
41 50
42 49
43 51
44 54
45 49
46 47
47 47
48 51
49 51
50 55
51 53
52 53
53 53
54 51
55 44
56 47
57 50
58 50
59 55
60 50
61 49
62 49
63 49
64 51
65 48
66 49
67 50
68 54
69 45
70 51
71 49
72 52
73 52
74 51
75 49
76 53
77 52
78 49
79 49
80 49
81 50
82 49
83 49
84 52
85 52
86 50
87 49
88 45
89 51
90 51
91 45
92 53
93 52
94 49
95 48
96 49
97 48
98 47
99 48
100 53
101 52
102 51
103 47
104 53
105 54
106 52
107 51
108 52
109 51
110 46
111 50
112 49
113 50
114 49
115 54
116 49
117 52
118 52
119 48
120 48
121 48
122 50
123 50
124 50
125 54
126 53
127 51
128 46
129 49
130 52
131 46
132 46
133 45
134 47
135 47
136 49
137 47
138 54
139 50
140 52
141 52
142 52
143 47
144 52
145 53
146 55
147 50
148 52
149 45
150 48
151 46
152 46
153 46
154 52
155 51
156 46
157 51
158 50
159 50
160 45
161 54
162 52
163 50
164 51
165 46
166 48
167 50
168 52
169 50
170 49
171 50
172 51
173 52
174 51
175 51
176 51
177 50
178 53
179 53
180 52
181 49
182 50
183 50
184 49
185 52
186 50
187 51
188 50
189 49
190 44
191 52
192 51
193 50
194 47
195 48
196 46
197 43
198 48
199 50
200 50
201 51
202 45
203 46
204 49
205 49
206 45
207 51
208 49
209 51
210 51
211 51
212 51
213 51
214 50
215 46
216 49
217 53
218 49
219 50
220 48
221 53
222 55
223 48
224 49
225 43
226 54
227 53
228 52
229 49
230 50
231 50
232 49
233 51
234 49
235 50
236 52
237 52
238 49
239 46
240 46
241 50
242 51
243 48
244 51
245 48
246 50
247 48
248 49
249 49
250 53
251 46
252 51
253 52
254 46
255 48
256 47
257 46
258 49
259 53
260 54
261 48
262 52
263 53
264 52
265 51
266 55
267 50
268 51
269 54
270 50
271 51
272 51
273 49
274 43
275 49
276 49
277 54
278 53
279 49
280 50
281 52
282 51
283 48
284 49
285 53
286 52
287 54
288 50
289 47
290 46
291 53
292 49
293 50
294 42
295 49
296 49
297 50
298 51
299 49
300 44
301 49
302 53
303 52
304 52
305 52
306 50
307 52
308 49
309 51
310 51
311 53
312 52
313 51
314 47
315 49
316 49
317 47
318 50
319 51
320 49
321 51
322 45
323 43
324 54
325 50
326 53
327 52
328 54
329 50
330 46
331 47
332 48
333 44
334 50
335 51
336 47
337 46
338 51
339 47
340 45
341 48
342 54
343 48
344 51
345 51
346 48
347 54
348 48
349 49
350 51
351 46
352 49
353 52
354 51
355 49
356 52
357 50
358 54
359 49
360 49
361 48
362 46
363 47
364 51
365 49
366 53
367 50
368 54
369 50
370 49
371 51
372 45
373 48
374 53
375 48
376 46
377 47
378 48
379 48
380 52
381 50
382 50
383 48
384 50
385 46
386 47
387 49
388 51
389 52
390 52
391 47
392 49
393 49
394 52
395 53
396 51
397 51
398 50
399 52
400 50
401 53
402 51
403 50
404 48
405 52
406 47
407 54
408 51
409 52
410 47
411 53
412 44
413 51
414 49
415 49
416 53
417 51
418 49
419 52
420 46
421 52
422 49
423 51
424 52
425 49
426 52
427 48
428 46
429 49
430 50
431 49
432 49
433 52
434 51
435 44
436 49
437 51
438 52
439 52
440 49
441 52
442 55
443 49
444 49
445 52
446 47
447 50
448 51
449 50
450 52
451 50
452 50
453 50
454 50
455 54
456 51
457 47
458 47
459 51
460 48
461 52
462 46
463 49
464 51
465 49
466 46
467 49
468 46
469 48
470 50
471 54
472 47
473 51
474 51
475 48
476 47
477 51
478 51
479 51
480 49
481 50
482 49
483 53
484 47
485 47
486 50
487 51
488 50
489 50
490 54
491 46
492 51
493 51
494 51
495 53
496 51
497 50
498 51
499 50
500 48
501 46
502 49
503 48
504 46
505 50
506 50
507 44
508 52
509 51
510 52
511 50
512 53
513 47
514 47
515 49
516 51
517 46
518 48
519 51
520 50
521 50
522 54
523 52
524 54
525 50
526 49
527 48
528 53
529 53
530 54
531 54
532 52
533 53
534 50
535 48
536 49
537 47
538 47
539 48
540 50
541 53
542 53
543 51
544 50
545 51
546 51
547 55
548 51
549 51
550 51
551 49
552 48
553 53
554 52
555 51
556 50
557 52
558 50
559 50
560 51
561 49
562 45
563 51
564 53
565 48
566 48
567 52
568 51
569 49
570 52
571 52
572 54
573 48
574 52
575 49
576 52
577 47
578 51
579 49
580 50
581 50
582 48
583 47
584 52
585 50
586 51
587 50
588 54
589 49
590 51
591 48
592 48
593 49
594 49
595 48
596 48
597 50
598 53
599 47
600 52
601 49
602 52
603 53
604 52
605 52
606 55
607 51
608 48
609 46
610 48
611 52
612 41
613 52
614 49
615 50
616 54
617 52
618 51
619 52
620 49
621 53
622 53
623 52
624 50
625 49
626 52
627 50
628 47
629 50
630 51
631 56
632 49
633 48
634 51
635 51
636 48
637 53
638 47
639 50
640 49
641 50
642 48
643 52
644 51
645 51
646 51
647 51
648 53
649 54
650 52
651 51
652 46
653 51
654 50
655 50
656 52
657 51
658 50
659 50
660 54
661 49
662 46
663 53
664 50
665 54
666 55
667 54
668 51
669 51
670 50
671 45
672 47
673 47
674 51
675 52
676 53
677 51
678 50
679 51
680 53
681 52
682 53
683 52
684 49
685 46
686 52
687 46
688 49
689 54
690 54
691 54
692 45
693 50
694 54
695 54
696 51
697 48
698 51
699 51
700 51
701 51
702 54
703 50
704 51
705 52
706 53
707 53
708 45
709 50
710 50
711 53
712 49
713 52
714 47
715 51
716 49
717 49
718 49
719 47
720 48
721 47
722 51
723 52
724 48
725 50
726 49
727 51
728 52
729 53
730 51
731 48
732 53
733 50
734 52
735 52
736 50
737 51
738 49
739 52
740 53
741 53
742 48
743 52
744 52
745 49
746 48
747 48
748 53
749 49
750 51
751 48
752 52
753 53
754 51
755 53
756 51
757 48
758 52
759 51
760 49
761 53
762 52
763 52
764 50
765 48
766 53
767 52
768 49
769 55
770 53
771 52
772 54
773 51
774 53
775 49
776 53
777 50
778 48
779 51
780 51
781 48
782 51
783 48
784 50
785 53
786 50
787 49
788 55
789 49
790 55
791 50
792 48
793 49
794 50
795 52
796 52
797 50
798 53
799 50
800 50
801 51
802 50
803 50
804 45
805 48
806 48
807 49
808 50
809 54
810 49
811 52
812 53
813 51
814 56
815 50
816 50
817 50
818 55
819 51
820 50
821 48
822 53
823 53
824 48
825 53
826 46
827 49
828 52
829 47
830 53
831 51
832 51
833 52
834 50
835 49
836 47
837 54
838 49
839 51
840 48
841 50
842 52
843 51
844 46
845 51
846 50
847 49
848 52
849 49
850 50
851 53
852 51
853 50
854 50
855 52
856 50
857 50
858 50
859 46
860 51
861 52
862 52
863 49
864 50
865 55
866 54
867 50
868 51
869 53
870 50
871 47
872 49
873 54
874 52
875 50
876 52
877 51
878 51
879 51
880 45
881 49
882 55
883 49
884 48
885 47
886 48
887 50
888 51
889 49
890 51
891 52
892 53
893 54
894 51
895 52
896 53
897 51
898 52
899 53
900 47
901 49
902 48
903 53
904 51
905 52
906 51
907 47
908 51
909 51
910 51
911 51
912 50
913 49
914 51
915 50
916 51
917 50
918 48
919 53
920 51
921 48
922 48
923 47
924 49
925 49
926 52
927 47
928 52
929 49
930 52
931 45
932 49
933 52
934 51
935 51
936 47
937 48
938 50
939 52
940 50
941 53
942 48
943 51
944 55
945 44
946 52
947 45
948 45
949 52
950 49
951 46
952 49
953 51
954 47
955 40
956 47
957 48
958 49
959 44
960 43
961 49
962 48
963 47
964 50
965 52
966 49
967 49
968 50
969 48
970 47
971 52
972 52
973 52
974 51
975 49
976 50
977 52
978 50
979 53
980 47
981 50
982 52
983 53
984 52
985 49
986 49
987 53
988 50
989 54
990 50
991 52
992 54
993 54
994 50
995 48
996 52
997 50
998 50
999 53
1000 42
