0 85
1 62
2 56
3 56
4 63
5 60
6 59
7 61
8 64
9 58
10 61
11 65
12 55
13 56
14 60
15 59
16 55
17 59
18 61
19 58
20 53
21 54
22 61
23 62
24 61
25 63
26 62
27 58
28 56
29 55
30 56
31 53
32 61
33 57
34 56
35 56
36 61
37 60
38 60
39 54
40 56
41 59
42 62
43 62
44 62
45 59
46 60
47 64
48 61
49 60
50 62
51 57
52 62
53 61
54 59
55 52
56 51
57 57
58 60
59 64
60 63
61 61
62 62
63 64
64 56
65 56
66 61
67 53
68 60
69 59
70 59
71 60
72 51
73 57
74 56
75 56
76 61
77 57
78 62
79 60
80 61
81 57
82 61
83 62
84 57
85 64
86 61
87 54
88 56
89 61
90 57
91 57
92 60
93 52
94 56
95 52
96 60
97 59
98 60
99 57
100 53
101 61
102 57
103 57
104 54
105 55
106 54
107 57
108 57
109 61
110 59
111 62
112 58
113 61
114 61
115 51
116 51
117 58
118 55
119 57
120 60
121 61
122 54
123 57
124 61
125 59
126 63
127 57
128 60
129 59
130 59
131 64
132 60
133 56
134 60
135 60
136 59
137 60
138 60
139 65
140 59
141 56
142 59
143 54
144 55
145 57
146 58
147 63
148 57
149 57
150 62
151 60
152 61
153 57
154 57
155 60
156 62
157 60
158 61
159 61
160 61
161 56
162 57
163 59
164 59
165 60
166 61
167 57
168 54
169 59
170 59
171 63
172 59
173 59
174 62
175 56
176 59
177 57
178 60
179 60
180 61
181 59
182 56
183 61
184 61
185 59
186 63
187 62
188 63
189 60
190 56
191 56
192 57
193 61
194 58
195 58
196 59
197 63
198 60
199 57
200 60
201 61
202 61
203 57
204 55
205 60
206 63
207 65
208 57
209 60
210 58
211 57
212 61
213 59
214 61
215 57
216 56
217 62
218 61
219 63
220 61
221 61
222 60
223 57
224 58
225 60
226 63
227 63
228 58
229 61
230 61
231 59
232 57
233 60
234 59
235 53
236 55
237 65
238 59
239 57
240 47
241 53
242 55
243 55
244 58
245 52
246 59
247 54
248 64
249 61
250 56
251 60
252 55
253 60
254 56
255 57
256 53
257 53
258 57
259 61
260 60
261 58
262 58
263 60
264 58
265 56
266 59
267 56
268 59
269 61
270 61
271 59
272 60
273 55
274 63
275 57
276 58
277 58
278 62
279 56
280 59
281 56
282 55
283 61
284 57
285 57
286 62
287 59
288 60
289 60
290 60
291 61
292 58
293 60
294 57
295 55
296 58
297 59
298 57
299 57
300 61
301 61
302 61
303 60
304 60
305 57
306 49
307 56
308 61
309 59
310 60
311 57
312 61
313 59
314 59
315 59
316 59
317 56
318 56
319 61
320 62
321 56
322 54
323 60
324 60
325 57
326 62
327 59
328 55
329 57
330 62
331 62
332 61
333 60
334 58
335 58
336 56
337 58
338 59
339 56
340 59
341 57
342 57
343 61
344 62
345 60
346 54
347 58
348 63
349 59
350 60
351 58
352 57
353 63
354 62
355 54
356 58
357 58
358 55
359 57
360 57
361 53
362 61
363 58
364 57
365 61
366 62
367 60
368 58
369 57
370 62
371 60
372 62
373 56
374 56
375 57
376 57
377 60
378 61
379 58
380 61
381 60
382 58
383 59
384 61
385 56
386 57
387 61
388 58
389 53
390 64
391 64
392 53
393 60
394 55
395 58
396 59
397 61
398 60
399 57
400 57
401 55
402 56
403 58
404 59
405 62
406 60
407 61
408 63
409 62
410 57
411 60
412 54
413 56
414 57
415 57
416 60
417 60
418 62
419 60
420 58
421 61
422 60
423 62
424 61
425 57
426 49
427 58
428 54
429 52
430 59
431 58
432 57
433 60
434 59
435 54
436 56
437 62
438 63
439 60
440 64
441 58
442 52
443 59
444 56
445 61
446 62
447 62
448 62
449 60
450 56
451 62
452 61
453 62
454 57
455 60
456 61
457 56
458 56
459 56
460 59
461 58
462 58
463 59
464 64
465 56
466 55
467 61
468 61
469 58
470 60
471 57
472 60
473 58
474 58
475 57
476 57
477 59
478 59
479 58
480 57
481 55
482 59
483 58
484 61
485 58
486 60
487 61
488 62
489 58
490 58
491 54
492 58
493 60
494 59
495 63
496 59
497 56
498 53
499 62
500 60
501 58
502 57
503 55
504 52
505 59
506 59
507 62
508 63
509 61
510 56
511 59
512 57
513 59
514 52
515 54
516 59
517 65
518 59
519 56
520 53
521 58
522 60
523 61
524 60
525 58
526 58
527 58
528 55
529 55
530 57
531 57
532 58
533 55
534 57
535 58
536 57
537 60
538 59
539 64
540 58
541 57
542 58
543 56
544 56
545 64
546 59
547 64
548 61
549 59
550 63
551 55
552 51
553 59
554 62
555 58
556 56
557 59
558 57
559 60
560 64
561 62
562 57
563 54
564 57
565 57
566 53
567 56
568 61
569 55
570 51
571 62
572 59
573 63
574 55
575 62
576 56
577 62
578 56
579 63
580 63
581 61
582 54
583 57
584 65
585 63
586 57
587 60
588 54
589 57
590 58
591 55
592 59
593 57
594 63
595 59
596 61
597 59
598 57
599 55
600 56
601 60
602 60
603 63
604 63
605 59
606 60
607 59
608 64
609 63
610 57
611 56
612 54
613 58
614 60
615 60
616 59
617 60
618 58
619 56
620 57
621 58
622 58
623 57
624 52
625 56
626 57
627 63
628 57
629 63
630 60
631 60
632 57
633 59
634 60
635 57
636 59
637 61
638 60
639 61
640 60
641 56
642 63
643 59
644 59
645 59
646 56
647 62
648 61
649 62
650 59
651 57
652 60
653 56
654 61
655 58
656 59
657 60
658 59
659 63
660 60
661 64
662 61
663 63
664 60
665 51
666 55
667 58
668 58
669 60
670 59
671 62
672 58
673 54
674 60
675 58
676 58
677 56
678 57
679 56
680 56
681 57
682 59
683 61
684 58
685 54
686 60
687 58
688 59
689 57
690 61
691 55
692 55
693 57
694 57
695 61
696 55
697 56
698 61
699 63
700 57
701 59
702 51
703 59
704 59
705 58
706 61
707 57
708 58
709 62
710 61
711 62
712 57
713 55
714 53
715 55
716 57
717 56
718 60
719 61
720 59
721 60
722 60
723 57
724 60
725 59
726 54
727 60
728 63
729 64
730 58
731 60
732 59
733 56
734 61
735 61
736 61
737 61
738 58
739 56
740 58
741 59
742 58
743 57
744 61
745 61
746 63
747 57
748 63
749 61
750 62
751 64
752 62
753 65
754 55
755 60
756 60
757 57
758 59
759 59
760 59
761 56
762 59
763 60
764 59
765 60
766 63
767 58
768 59
769 52
770 58
771 55
772 56
773 58
774 61
775 59
776 64
777 61
778 56
779 56
780 55
781 56
782 52
783 54
784 48
785 58
786 57
787 62
788 54
789 60
790 60
791 63
792 56
793 56
794 59
795 59
796 54
797 57
798 60
799 56
800 58
801 61
802 54
803 57
804 56
805 56
806 55
807 59
808 57
809 60
810 58
811 60
812 57
813 62
814 55
815 58
816 60
817 58
818 61
819 61
820 57
821 60
822 58
823 59
824 61
825 60
826 61
827 61
828 64
829 60
830 57
831 54
832 55
833 58
834 64
835 59
836 56
837 55
838 57
839 59
840 61
841 55
842 54
843 58
844 61
845 60
846 60
847 57
848 58
849 52
850 58
851 54
852 59
853 60
854 63
855 58
856 56
857 61
858 61
859 62
860 62
861 53
862 49
863 60
864 65
865 58
866 59
867 59
868 59
869 62
870 61
871 59
872 60
873 63
874 60
875 62
876 64
877 59
878 58
879 59
880 60
881 56
882 56
883 59
884 63
885 53
886 60
887 56
888 56
889 56
890 62
891 66
892 63
893 61
894 61
895 61
896 61
897 57
898 57
899 56
900 56
901 61
902 57
903 58
904 51
905 57
906 59
907 61
908 59
909 60
910 58
911 59
912 60
913 60
914 60
915 62
916 56
917 54
918 57
919 56
920 59
921 61
922 59
923 60
924 54
925 58
926 60
927 60
928 61
929 58
930 50
931 55
932 58
933 58
934 56
935 61
936 59
937 52
938 57
939 64
940 55
941 57
942 62
943 54
944 55
945 57
946 55
947 50
948 57
949 61
950 63
951 60
952 60
953 54
954 56
955 58
956 62
957 59
958 59
959 58
960 54
961 57
962 53
963 53
964 54
965 60
966 63
967 61
968 62
969 59
970 59
971 56
972 54
973 58
974 58
975 60
976 57
977 56
978 55
979 57
980 61
981 59
982 60
983 61
984 61
985 62
986 62
987 59
988 56
989 58
990 60
991 65
992 59
993 57
994 54
995 55
996 56
997 57
998 55
999 60
1000 60
