0 10
1 9
2 8
3 7
4 6
5 6
6 5
7 4
8 4
9 4
10 3
11 3
12 3
13 3
14 3
15 3
16 3
17 2
18 1
19 1
20 1
21 1
22 1
23 2
24 2
25 1
26 1
27 1
28 1
29 0
30 1
31 1
32 1
33 1
34 1
35 1
36 1
37 1
38 2
39 2
40 2
41 2
42 2
43 2
44 1
45 1
46 1
47 1
48 1
49 1
50 1
51 0
52 0
53 0
54 0
55 0
56 0
57 0
58 0
59 0
60 0
61 0
62 1
63 1
64 1
65 1
66 1
67 1
68 1
69 1
70 1
71 1
72 1
73 1
74 1
75 1
76 0
77 1
78 0
79 0
80 0
81 0
82 0
83 0
84 0
85 0
86 0
87 0
88 0
89 0
90 0
91 1
92 1
93 1
94 1
95 2
96 3
97 3
98 3
99 2
100 2
101 2
102 2
103 2
104 2
105 2
106 2
107 2
108 2
109 2
110 2
111 2
112 2
113 2
114 2
115 2
116 2
117 2
118 3
119 3
120 3
121 3
122 3
123 2
124 2
125 2
126 1
127 1
128 1
129 1
130 1
131 1
132 1
133 1
134 1
135 1
136 1
137 1
138 1
139 2
140 2
141 2
142 2
143 2
144 2
145 1
146 1
147 1
148 1
149 1
150 2
151 1
152 1
153 1
154 1
155 1
156 1
157 1
158 1
159 1
160 1
161 1
162 1
163 2
164 1
165 1
166 1
167 1
168 1
169 1
170 2
171 2
172 2
173 2
174 2
175 2
176 3
177 3
178 3
179 3
180 3
181 3
182 2
183 2
184 2
185 2
186 2
187 2
188 2
189 2
190 2
191 2
192 2
193 1
194 1
195 2
196 2
197 2
198 2
199 1
200 1
201 2
202 2
203 2
204 2
205 2
206 2
207 2
208 1
209 0
210 0
211 0
212 1
213 1
214 1
215 1
216 1
217 1
218 1
219 1
220 0
221 0
222 0
223 1
224 1
225 1
226 1
227 1
228 2
229 2
230 2
231 1
232 1
233 1
234 2
235 1
236 1
237 1
238 1
239 1
240 1
241 2
242 2
243 1
244 1
245 0
246 0
247 0
248 0
249 0
250 0
251 0
252 0
253 0
254 0
255 0
256 0
257 1
258 1
259 1
260 1
261 1
262 1
263 1
264 1
265 1
266 1
267 1
268 1
269 1
270 1
271 1
272 1
273 1
274 1
275 1
276 1
277 1
278 2
279 2
280 1
281 1
282 1
283 1
284 1
285 1
286 1
287 1
288 1
289 1
290 0
291 0
292 0
293 0
294 0
295 0
296 0
297 0
298 0
299 1
300 0
301 0
302 0
303 1
304 1
305 1
306 1
307 1
308 1
309 1
310 0
311 0
312 0
313 0
314 0
315 0
316 0
317 0
318 0
319 0
320 0
321 0
322 0
323 0
324 0
325 0
326 0
327 1
328 2
329 2
330 2
331 2
332 1
333 1
334 1
335 1
336 2
337 2
338 2
339 2
340 2
341 2
342 1
343 0
344 0
345 0
346 1
347 1
348 1
349 1
350 1
351 1
352 1
353 1
354 1
355 1
356 2
357 1
358 1
359 1
360 0
361 0
362 0
363 1
364 1
365 1
366 1
367 1
368 1
369 1
370 1
371 1
372 1
373 1
374 2
375 1
376 1
377 1
378 1
379 1
380 1
381 1
382 1
383 1
384 2
385 2
386 2
387 2
388 2
389 2
390 2
391 1
392 1
393 1
394 1
395 2
396 2
397 1
398 1
399 1
400 1
401 1
402 1
403 1
404 1
405 1
406 1
407 1
408 1
409 1
410 1
411 1
412 1
413 0
414 0
415 0
416 0
417 0
418 0
419 0
420 1
421 2
422 2
423 2
424 2
425 2
426 2
427 2
428 2
429 2
430 2
431 1
432 1
433 1
434 1
435 1
436 1
437 1
438 1
439 1
440 2
441 2
442 3
443 3
444 1
445 1
446 1
447 1
448 1
449 1
450 1
451 1
452 1
453 1
454 1
455 1
456 1
457 1
458 1
459 0
460 0
461 0
462 0
463 0
464 1
465 2
466 3
467 2
468 2
469 2
470 2
471 1
472 1
473 1
474 0
475 1
476 1
477 1
478 1
479 1
480 1
481 0
482 0
483 0
484 0
485 0
486 0
487 1
488 1
489 1
490 1
491 1
492 1
493 1
494 1
495 1
496 1
497 1
498 1
499 1
500 1
501 1
502 1
503 1
504 0
505 0
506 1
507 0
508 0
509 0
510 0
511 0
512 0
513 0
514 0
515 0
516 0
517 0
518 0
519 0
520 0
521 0
522 0
523 1
524 0
525 0
526 0
527 1
528 1
529 1
530 1
531 1
532 0
533 0
534 0
535 0
536 0
537 0
538 0
539 1
540 1
541 1
542 1
543 1
544 1
545 1
546 1
547 1
548 1
549 2
550 2
551 2
552 2
553 2
554 2
555 3
556 3
557 2
558 1
559 1
560 0
561 0
562 0
563 0
564 1
565 1
566 1
567 1
568 1
569 1
570 1
571 1
572 1
573 1
574 0
575 0
576 0
577 0
578 1
579 2
580 2
581 2
582 2
583 1
584 1
585 2
586 2
587 2
588 1
589 2
590 2
591 2
592 2
593 2
594 2
595 2
596 2
597 1
598 2
599 2
600 2
601 1
602 1
603 1
604 1
605 1
606 1
607 1
608 1
609 1
610 0
611 0
612 0
613 0
614 1
615 1
616 1
617 1
618 2
619 2
620 2
621 2
622 2
623 1
624 1
625 1
626 1
627 2
628 2
629 2
630 2
631 2
632 2
633 2
634 2
635 1
636 1
637 1
638 1
639 0
640 0
641 0
642 0
643 0
644 1
645 1
646 1
647 0
648 1
649 0
650 0
651 0
652 1
653 1
654 1
655 1
656 1
657 1
658 1
659 1
660 0
661 1
662 1
663 1
664 1
665 0
666 0
667 0
668 0
669 0
670 0
671 0
672 0
673 0
674 0
675 0
676 0
677 0
678 1
679 1
680 1
681 1
682 1
683 1
684 1
685 1
686 1
687 1
688 2
689 1
690 2
691 3
692 3
693 3
694 3
695 2
696 2
697 2
698 2
699 2
700 3
701 3
702 3
703 2
704 2
705 2
706 2
707 2
708 2
709 1
710 1
711 1
712 1
713 1
714 1
715 1
716 1
717 0
718 0
719 0
720 0
721 0
722 0
723 0
724 0
725 0
726 0
727 0
728 0
729 0
730 0
731 0
732 0
733 0
734 0
735 0
736 0
737 0
738 0
739 0
740 0
741 1
742 1
743 0
744 0
745 0
746 1
747 1
748 1
749 1
750 1
751 1
752 2
753 2
754 2
755 2
756 2
757 2
758 1
759 1
760 1
761 1
762 1
763 1
764 1
765 1
766 1
767 2
768 2
769 2
770 2
771 2
772 2
773 2
774 2
775 3
776 3
777 3
778 3
779 3
780 3
781 2
782 2
783 2
784 2
785 2
786 2
787 2
788 2
789 2
790 2
791 2
792 2
793 2
794 2
795 2
796 2
797 2
798 2
799 2
800 2
801 2
802 2
803 2
804 2
805 2
806 2
807 2
808 2
809 1
810 1
811 1
812 1
813 1
814 1
815 1
816 1
817 1
818 1
819 1
820 1
821 1
822 2
823 2
824 2
825 2
826 2
827 3
828 3
829 3
830 4
831 3
832 3
833 3
834 2
835 2
836 2
837 2
838 2
839 1
840 1
841 2
842 2
843 2
844 2
845 2
846 2
847 1
848 1
849 1
850 2
851 2
852 2
853 2
854 2
855 2
856 2
857 2
858 2
859 2
860 2
861 3
862 3
863 3
864 3
865 2
866 2
867 2
868 1
869 2
870 2
871 1
872 1
873 0
874 0
875 0
876 0
877 0
878 1
879 1
880 2
881 2
882 3
883 2
884 3
885 3
886 3
887 3
888 3
889 3
890 3
891 3
892 3
893 3
894 2
895 2
896 1
897 1
898 2
899 2
900 2
901 2
902 2
903 2
904 2
905 1
906 1
907 1
908 1
909 1
910 1
911 2
912 2
913 2
914 1
915 1
916 2
917 2
918 2
919 2
920 1
921 1
922 1
923 1
924 1
925 2
926 2
927 2
928 2
929 2
930 1
931 1
932 1
933 1
934 1
935 1
936 1
937 1
938 1
939 1
940 1
941 1
942 1
943 1
944 1
945 1
946 1
947 0
948 0
949 0
950 0
951 0
952 0
953 0
954 0
955 0
956 0
957 1
958 1
959 1
960 1
961 2
962 2
963 2
964 2
965 2
966 2
967 2
968 2
969 2
970 3
971 3
972 3
973 4
974 4
975 4
976 4
977 4
978 3
979 4
980 4
981 4
982 2
983 1
984 1
985 1
986 1
987 1
988 1
989 1
990 1
991 1
992 1
993 1
994 1
995 1
996 1
997 1
998 1
999 1
1000 1
