0 55
1 51
2 48
3 45
4 42
5 43
6 43
7 41
8 39
9 39
10 39
11 39
12 41
13 40
14 40
15 39
16 37
17 36
18 36
19 36
20 35
21 39
22 40
23 41
24 39
25 38
26 36
27 36
28 38
29 38
30 37
31 37
32 37
33 36
34 35
35 34
36 35
37 35
38 35
39 36
40 37
41 38
42 39
43 37
44 35
45 36
46 38
47 34
48 31
49 32
50 32
51 34
52 35
53 35
54 36
55 34
56 34
57 34
58 36
59 37
60 35
61 36
62 36
63 35
64 35
65 33
66 31
67 29
68 28
69 31
70 30
71 31
72 28
73 30
74 29
75 28
76 29
77 30
78 30
79 30
80 32
81 34
82 34
83 32
84 32
85 33
86 33
87 33
88 33
89 34
90 34
91 35
92 36
93 35
94 36
95 36
96 37
97 35
98 37
99 39
100 38
101 37
102 38
103 39
104 39
105 36
106 37
107 36
108 37
109 36
110 36
111 38
112 39
113 37
114 36
115 37
116 37
117 38
118 38
119 36
120 36
121 36
122 35
123 35
124 36
125 35
126 36
127 36
128 37
129 37
130 34
131 34
132 33
133 34
134 33
135 33
136 29
137 31
138 34
139 34
140 35
141 34
142 34
143 34
144 35
145 39
146 39
147 42
148 40
149 40
150 40
151 38
152 38
153 39
154 40
155 38
156 37
157 37
158 37
159 36
160 37
161 36
162 38
163 38
164 36
165 37
166 37
167 34
168 31
169 32
170 34
171 35
172 33
173 33
174 33
175 32
176 33
177 33
178 35
179 35
180 35
181 35
182 34
183 33
184 34
185 35
186 36
187 36
188 36
189 35
190 37
191 37
192 37
193 38
194 39
195 40
196 39
197 35
198 37
199 37
200 37
201 34
202 36
203 35
204 35
205 32
206 32
207 33
208 34
209 33
210 34
211 34
212 32
213 31
214 33
215 33
216 33
217 33
218 33
219 35
220 34
221 36
222 33
223 35
224 32
225 32
226 33
227 31
228 33
229 34
230 34
231 35
232 35
233 32
234 33
235 32
236 29
237 31
238 33
239 33
240 33
241 36
242 32
243 32
244 32
245 31
246 28
247 27
248 28
249 29
250 31
251 32
252 33
253 33
254 38
255 38
256 38
257 37
258 38
259 37
260 35
261 36
262 37
263 40
264 40
265 42
266 41
267 39
268 37
269 36
270 36
271 33
272 31
273 30
274 30
275 29
276 30
277 33
278 34
279 33
280 33
281 33
282 33
283 33
284 34
285 34
286 32
287 35
288 37
289 39
290 37
291 37
292 37
293 38
294 38
295 37
296 35
297 36
298 37
299 36
300 34
301 35
302 35
303 33
304 34
305 36
306 35
307 36
308 36
309 38
310 38
311 37
312 37
313 36
314 39
315 40
316 38
317 36
318 36
319 37
320 36
321 35
322 33
323 33
324 36
325 36
326 33
327 35
328 35
329 35
330 33
331 35
332 36
333 34
334 34
335 33
336 34
337 32
338 30
339 29
340 29
341 28
342 30
343 31
344 33
345 34
346 35
347 36
348 36
349 38
350 36
351 37
352 37
353 37
354 35
355 33
356 33
357 32
358 31
359 31
360 30
361 33
362 34
363 33
364 35
365 37
366 39
367 39
368 37
369 39
370 38
371 36
372 36
373 37
374 36
375 35
376 35
377 37
378 35
379 36
380 39
381 39
382 34
383 30
384 29
385 31
386 31
387 31
388 32
389 32
390 31
391 32
392 32
393 30
394 30
395 32
396 33
397 32
398 34
399 30
400 30
401 32
402 31
403 31
404 31
405 32
406 31
407 35
408 34
409 36
410 34
411 34
412 33
413 32
414 37
415 38
416 39
417 39
418 37
419 36
420 32
421 30
422 29
423 30
424 31
425 30
426 31
427 33
428 33
429 33
430 32
431 35
432 35
433 33
434 32
435 33
436 34
437 35
438 36
439 37
440 34
441 34
442 33
443 36
444 37
445 37
446 36
447 36
448 37
449 36
450 37
451 39
452 39
453 40
454 40
455 38
456 37
457 36
458 36
459 35
460 34
461 35
462 34
463 33
464 32
465 31
466 32
467 32
468 36
469 38
470 39
471 38
472 39
473 39
474 37
475 34
476 32
477 30
478 32
479 32
480 31
481 31
482 32
483 33
484 34
485 35
486 38
487 38
488 37
489 38
490 37
491 37
492 37
493 35
494 37
495 37
496 36
497 35
498 34
499 33
500 34
501 33
502 34
503 34
504 35
505 35
506 37
507 38
508 38
509 39
510 38
511 40
512 39
513 41
514 39
515 38
516 36
517 34
518 33
519 36
520 38
521 36
522 34
523 33
524 31
525 32
526 34
527 35
528 34
529 32
530 33
531 32
532 32
533 32
534 35
535 35
536 31
537 35
538 36
539 36
540 35
541 31
542 32
543 35
544 36
545 37
546 35
547 36
548 37
549 37
550 35
551 35
552 34
553 35
554 34
555 31
556 31
557 35
558 37
559 37
560 36
561 39
562 39
563 40
564 40
565 40
566 40
567 43
568 42
569 41
570 36
571 36
572 37
573 37
574 37
575 36
576 37
577 35
578 35
579 32
580 31
581 28
582 30
583 32
584 35
585 35
586 34
587 33
588 32
589 30
590 24
591 26
592 27
593 28
594 30
595 32
596 33
597 35
598 34
599 35
600 37
601 36
602 35
603 36
604 36
605 35
606 36
607 36
608 34
609 33
610 33
611 36
612 34
613 34
614 35
615 37
616 36
617 36
618 37
619 36
620 34
621 34
622 32
623 33
624 33
625 34
626 34
627 33
628 35
629 37
630 35
631 35
632 34
633 34
634 34
635 33
636 33
637 35
638 32
639 32
640 30
641 32
642 32
643 29
644 30
645 27
646 27
647 27
648 29
649 30
650 31
651 34
652 38
653 38
654 38
655 39
656 39
657 40
658 42
659 42
660 41
661 42
662 41
663 38
664 39
665 39
666 38
667 36
668 35
669 33
670 34
671 32
672 32
673 31
674 29
675 31
676 30
677 33
678 34
679 34
680 34
681 35
682 32
683 30
684 27
685 28
686 29
687 31
688 31
689 32
690 33
691 34
692 34
693 32
694 32
695 34
696 34
697 34
698 34
699 35
700 31
701 30
702 31
703 34
704 36
705 33
706 34
707 35
708 36
709 37
710 38
711 34
712 34
713 34
714 36
715 37
716 35
717 38
718 37
719 36
720 36
721 34
722 34
723 33
724 33
725 31
726 30
727 31
728 32
729 32
730 31
731 32
732 31
733 32
734 33
735 33
736 34
737 33
738 32
739 31
740 29
741 32
742 33
743 35
744 34
745 36
746 36
747 35
748 35
749 36
750 37
751 37
752 39
753 38
754 38
755 39
756 40
757 42
758 43
759 41
760 38
761 38
762 40
763 40
764 38
765 39
766 40
767 40
768 37
769 36
770 35
771 36
772 37
773 37
774 36
775 35
776 38
777 33
778 34
779 34
780 31
781 33
782 34
783 35
784 34
785 36
786 35
787 37
788 36
789 35
790 34
791 34
792 33
793 33
794 31
795 28
796 31
797 32
798 31
799 32
800 32
801 32
802 33
803 35
804 36
805 34
806 31
807 30
808 31
809 31
810 33
811 32
812 33
813 33
814 33
815 32
816 28
817 27
818 31
819 31
820 32
821 35
822 33
823 33
824 34
825 33
826 35
827 34
828 33
829 31
830 30
831 32
832 30
833 29
834 34
835 35
836 33
837 32
838 33
839 30
840 29
841 32
842 32
843 33
844 32
845 34
846 36
847 35
848 35
849 35
850 37
851 37
852 36
853 33
854 33
855 34
856 36
857 37
858 37
859 36
860 37
861 36
862 34
863 33
864 32
865 33
866 33
867 33
868 35
869 34
870 35
871 33
872 35
873 35
874 36
875 37
876 38
877 39
878 38
879 37
880 34
881 35
882 33
883 32
884 29
885 33
886 32
887 34
888 34
889 33
890 32
891 31
892 33
893 33
894 36
895 36
896 34
897 32
898 32
899 31
900 30
901 29
902 31
903 33
904 33
905 35
906 33
907 33
908 34
909 34
910 36
911 31
912 30
913 29
914 28
915 24
916 25
917 24
918 24
919 25
920 26
921 26
922 28
923 30
924 29
925 30
926 30
927 32
928 31
929 31
930 33
931 31
932 33
933 33
934 35
935 38
936 38
937 36
938 37
939 39
940 41
941 39
942 37
943 37
944 39
945 38
946 39
947 37
948 35
949 34
950 33
951 33
952 34
953 35
954 35
955 35
956 33
957 33
958 33
959 32
960 35
961 34
962 34
963 34
964 33
965 33
966 33
967 34
968 36
969 35
970 34
971 33
972 33
973 33
974 32
975 32
976 34
977 34
978 34
979 36
980 35
981 35
982 32
983 30
984 29
985 33
986 33
987 34
988 35
989 33
990 35
991 35
992 34
993 33
994 33
995 34
996 36
997 35
998 36
999 36
1000 36
