0 40
1 32
2 25
3 27
4 29
5 25
6 27
7 26
8 28
9 24
10 22
11 24
12 26
13 25
14 22
15 23
16 26
17 26
18 27
19 24
20 24
21 25
22 22
23 28
24 29
25 29
26 27
27 26
28 24
29 24
30 24
31 26
32 26
33 25
34 28
35 25
36 22
37 21
38 25
39 23
40 26
41 25
42 25
43 26
44 25
45 24
46 25
47 26
48 25
49 26
50 26
51 27
52 24
53 25
54 29
55 27
56 25
57 23
58 20
59 23
60 24
61 28
62 28
63 25
64 24
65 27
66 27
67 27
68 27
69 29
70 26
71 28
72 28
73 27
74 28
75 26
76 26
77 21
78 23
79 28
80 28
81 26
82 25
83 24
84 27
85 27
86 24
87 26
88 23
89 25
90 24
91 24
92 24
93 24
94 22
95 23
96 25
97 26
98 28
99 25
100 24
101 22
102 24
103 25
104 26
105 28
106 27
107 27
108 25
109 26
110 25
111 24
112 19
113 23
114 22
115 25
116 23
117 23
118 27
119 26
120 26
121 22
122 24
123 24
124 28
125 29
126 25
127 24
128 25
129 28
130 25
131 26
132 25
133 24
134 24
135 26
136 26
137 27
138 26
139 23
140 26
141 25
142 26
143 27
144 28
145 28
146 28
147 23
148 24
149 25
150 24
151 23
152 25
153 28
154 23
155 26
156 27
157 24
158 23
159 22
160 27
161 27
162 28
163 25
164 25
165 28
166 29
167 24
168 26
169 29
170 28
171 30
172 26
173 25
174 22
175 23
176 25
177 23
178 26
179 22
180 27
181 29
182 25
183 23
184 26
185 27
186 27
187 21
188 24
189 23
190 22
191 23
192 27
193 24
194 26
195 26
196 26
197 27
198 29
199 26
200 26
201 25
202 25
203 25
204 27
205 25
206 26
207 27
208 23
209 23
210 25
211 25
212 24
213 25
214 27
215 25
216 23
217 22
218 26
219 26
220 21
221 25
222 23
223 26
224 25
225 25
226 27
227 26
228 26
229 26
230 27
231 27
232 29
233 23
234 23
235 28
236 27
237 26
238 28
239 28
240 29
241 25
242 24
243 24
244 29
245 25
246 28
247 28
248 26
249 25
250 25
251 24
252 25
253 23
254 24
255 24
256 26
257 25
258 25
259 25
260 20
261 25
262 26
263 28
264 25
265 27
266 27
267 28
268 28
269 26
270 26
271 25
272 27
273 28
274 22
275 25
276 27
277 24
278 25
279 25
280 25
281 27
282 23
283 29
284 30
285 25
286 25
287 26
288 24
289 24
290 27
291 28
292 31
293 27
294 22
295 21
296 22
297 27
298 25
299 23
300 24
301 25
302 29
303 29
304 28
305 28
306 28
307 28
308 25
309 27
310 28
311 26
312 27
313 24
314 27
315 27
316 26
317 29
318 28
319 27
320 31
321 30
322 27
323 25
324 25
325 25
326 23
327 24
328 25
329 26
330 25
331 27
332 25
333 25
334 30
335 25
336 27
337 27
338 27
339 28
340 27
341 24
342 24
343 24
344 23
345 27
346 26
347 27
348 27
349 27
350 24
351 29
352 27
353 23
354 24
355 30
356 29
357 28
358 27
359 28
360 30
361 29
362 28
363 26
364 27
365 22
366 26
367 26
368 26
369 24
370 24
371 23
372 22
373 22
374 25
375 28
376 29
377 30
378 29
379 27
380 27
381 27
382 24
383 27
384 25
385 25
386 28
387 29
388 24
389 24
390 21
391 26
392 27
393 26
394 25
395 25
396 27
397 27
398 25
399 25
400 26
401 23
402 26
403 25
404 23
405 22
406 15
407 24
408 24
409 26
410 27
411 23
412 27
413 28
414 25
415 26
416 27
417 28
418 28
419 25
420 26
421 25
422 25
423 26
424 25
425 25
426 27
427 28
428 26
429 20
430 23
431 27
432 28
433 27
434 27
435 27
436 27
437 26
438 26
439 26
440 27
441 25
442 26
443 23
444 27
445 23
446 25
447 28
448 26
449 25
450 25
451 26
452 27
453 24
454 27
455 25
456 27
457 28
458 26
459 24
460 24
461 26
462 26
463 29
464 25
465 25
466 25
467 28
468 26
469 23
470 25
471 25
472 27
473 26
474 26
475 25
476 23
477 24
478 23
479 25
480 26
481 25
482 26
483 23
484 24
485 25
486 24
487 25
488 28
489 28
490 25
491 27
492 27
493 27
494 25
495 26
496 25
497 24
498 20
499 24
500 26
501 23
502 28
503 24
504 32
505 25
506 29
507 27
508 25
509 24
510 27
511 26
512 29
513 27
514 24
515 28
516 31
517 25
518 24
519 21
520 25
521 24
522 25
523 27
524 26
525 26
526 29
527 32
528 29
529 29
530 24
531 24
532 27
533 24
534 24
535 25
536 25
537 22
538 24
539 24
540 24
541 26
542 26
543 25
544 27
545 26
546 20
547 25
548 24
549 24
550 25
551 24
552 25
553 28
554 29
555 26
556 22
557 22
558 27
559 25
560 26
561 26
562 25
563 22
564 22
565 23
566 24
567 26
568 24
569 26
570 29
571 27
572 24
573 27
574 25
575 24
576 27
577 26
578 23
579 22
580 26
581 22
582 23
583 21
584 20
585 21
586 25
587 29
588 28
589 26
590 26
591 28
592 25
593 28
594 29
595 29
596 27
597 27
598 27
599 27
600 27
601 26
602 23
603 24
604 24
605 25
606 27
607 25
608 24
609 26
610 22
611 22
612 27
613 29
614 24
615 28
616 28
617 26
618 24
619 22
620 20
621 25
622 25
623 26
624 29
625 28
626 23
627 25
628 27
629 26
630 25
631 26
632 26
633 28
634 24
635 26
636 25
637 25
638 27
639 28
640 27
641 24
642 25
643 29
644 28
645 25
646 27
647 27
648 29
649 25
650 27
651 26
652 26
653 26
654 28
655 24
656 25
657 25
658 28
659 27
660 29
661 29
662 28
663 27
664 27
665 23
666 27
667 28
668 26
669 21
670 23
671 25
672 22
673 25
674 24
675 22
676 25
677 26
678 24
679 27
680 27
681 27
682 26
683 26
684 27
685 28
686 25
687 24
688 23
689 24
690 25
691 25
692 26
693 23
694 21
695 20
696 25
697 25
698 29
699 24
700 21
701 22
702 23
703 24
704 25
705 28
706 26
707 26
708 25
709 27
710 28
711 27
712 23
713 24
714 27
715 26
716 27
717 27
718 24
719 22
720 20
721 24
722 27
723 26
724 25
725 27
726 25
727 23
728 25
729 28
730 27
731 28
732 26
733 26
734 28
735 28
736 27
737 25
738 23
739 23
740 24
741 24
742 27
743 26
744 25
745 26
746 24
747 26
748 24
749 25
750 22
751 27
752 25
753 26
754 27
755 25
756 24
757 24
758 26
759 27
760 26
761 27
762 24
763 25
764 27
765 23
766 26
767 25
768 27
769 27
770 29
771 27
772 27
773 29
774 26
775 27
776 28
777 23
778 26
779 26
780 24
781 24
782 28
783 24
784 26
785 23
786 25
787 19
788 18
789 19
790 25
791 27
792 25
793 24
794 23
795 27
796 26
797 25
798 22
799 24
800 26
801 24
802 25
803 28
804 27
805 23
806 23
807 24
808 26
809 27
810 26
811 29
812 25
813 23
814 22
815 26
816 28
817 26
818 27
819 29
820 25
821 28
822 28
823 24
824 28
825 28
826 24
827 23
828 24
829 24
830 26
831 27
832 27
833 25
834 23
835 25
836 26
837 29
838 26
839 28
840 26
841 28
842 26
843 27
844 28
845 28
846 29
847 29
848 29
849 24
850 27
851 29
852 23
853 25
854 28
855 27
856 28
857 26
858 27
859 23
860 23
861 23
862 24
863 24
864 25
865 28
866 28
867 28
868 26
869 26
870 27
871 26
872 23
873 23
874 26
875 25
876 26
877 27
878 25
879 28
880 30
881 28
882 26
883 28
884 25
885 26
886 24
887 19
888 25
889 28
890 27
891 23
892 28
893 24
894 22
895 25
896 26
897 25
898 28
899 24
900 27
901 25
902 25
903 28
904 26
905 24
906 24
907 22
908 24
909 21
910 23
911 25
912 24
913 19
914 24
915 24
916 27
917 26
918 25
919 26
920 27
921 26
922 27
923 26
924 22
925 25
926 26
927 27
928 26
929 25
930 28
931 26
932 24
933 23
934 26
935 26
936 30
937 27
938 24
939 25
940 27
941 27
942 29
943 28
944 26
945 24
946 25
947 25
948 25
949 24
950 28
951 26
952 26
953 27
954 23
955 29
956 29
957 27
958 28
959 31
960 26
961 29
962 26
963 28
964 24
965 23
966 23
967 24
968 26
969 23
970 24
971 28
972 26
973 27
974 26
975 27
976 27
977 28
978 26
979 27
980 26
981 25
982 26
983 27
984 27
985 26
986 24
987 23
988 22
989 23
990 24
991 27
992 29
993 29
994 25
995 26
996 26
997 26
998 25
999 27
1000 27
