0 70
1 59
2 54
3 48
4 51
5 47
6 48
7 43
8 43
9 46
10 43
11 47
12 44
13 41
14 40
15 45
16 45
17 44
18 39
19 43
20 44
21 46
22 46
23 43
24 43
25 44
26 47
27 48
28 46
29 47
30 47
31 44
32 48
33 45
34 48
35 46
36 40
37 46
38 45
39 45
40 45
41 44
42 41
43 40
44 41
45 42
46 46
47 45
48 46
49 44
50 44
51 42
52 45
53 44
54 40
55 41
56 43
57 44
58 47
59 47
60 40
61 45
62 46
63 42
64 43
65 43
66 44
67 45
68 47
69 44
70 42
71 40
72 37
73 38
74 41
75 40
76 42
77 43
78 43
79 46
80 47
81 47
82 43
83 41
84 45
85 41
86 43
87 38
88 40
89 37
90 40
91 42
92 41
93 40
94 42
95 43
96 43
97 45
98 45
99 43
100 43
101 42
102 43
103 44
104 47
105 45
106 47
107 48
108 49
109 48
110 48
111 46
112 48
113 46
114 43
115 45
116 43
117 43
118 45
119 44
120 44
121 45
122 44
123 43
124 42
125 44
126 45
127 41
128 41
129 41
130 43
131 45
132 43
133 39
134 44
135 42
136 44
137 41
138 44
139 42
140 44
141 48
142 45
143 42
144 40
145 42
146 41
147 45
148 45
149 43
150 44
151 46
152 42
153 37
154 38
155 37
156 39
157 40
158 43
159 44
160 42
161 45
162 43
163 43
164 41
165 39
166 43
167 44
168 45
169 47
170 46
171 41
172 44
173 41
174 42
175 41
176 46
177 47
178 42
179 41
180 45
181 47
182 40
183 45
184 39
185 39
186 38
187 38
188 43
189 46
190 44
191 40
192 38
193 41
194 39
195 38
196 40
197 40
198 38
199 38
200 43
201 47
202 43
203 43
204 38
205 39
206 42
207 44
208 44
209 40
210 42
211 44
212 42
213 45
214 42
215 38
216 39
217 44
218 43
219 44
220 44
221 45
222 44
223 43
224 43
225 43
226 40
227 42
228 43
229 43
230 45
231 44
232 45
233 45
234 43
235 44
236 45
237 39
238 43
239 45
240 43
241 46
242 45
243 47
244 45
245 45
246 43
247 44
248 43
249 41
250 44
251 46
252 47
253 46
254 41
255 41
256 42
257 37
258 42
259 43
260 43
261 42
262 41
263 43
264 45
265 42
266 39
267 39
268 41
269 45
270 46
271 47
272 43
273 43
274 43
275 43
276 44
277 45
278 46
279 43
280 44
281 44
282 45
283 46
284 47
285 46
286 44
287 46
288 42
289 44
290 42
291 36
292 39
293 40
294 41
295 42
296 40
297 46
298 42
299 41
300 38
301 39
302 43
303 41
304 41
305 44
306 42
307 46
308 44
309 46
310 45
311 45
312 44
313 39
314 41
315 45
316 45
317 45
318 46
319 43
320 43
321 43
322 46
323 44
324 44
325 46
326 43
327 43
328 44
329 46
330 43
331 45
332 42
333 43
334 39
335 42
336 41
337 42
338 46
339 47
340 44
341 44
342 41
343 41
344 46
345 41
346 40
347 41
348 44
349 47
350 44
351 44
352 45
353 41
354 42
355 41
356 41
357 43
358 41
359 42
360 40
361 42
362 41
363 44
364 44
365 44
366 41
367 40
368 38
369 41
370 45
371 42
372 44
373 47
374 41
375 44
376 45
377 41
378 41
379 43
380 46
381 46
382 44
383 48
384 47
385 44
386 46
387 47
388 43
389 41
390 43
391 39
392 42
393 45
394 39
395 45
396 45
397 44
398 41
399 44
400 42
401 41
402 45
403 46
404 45
405 46
406 45
407 48
408 47
409 44
410 41
411 44
412 46
413 46
414 44
415 44
416 41
417 43
418 45
419 40
420 43
421 41
422 45
423 47
424 47
425 39
426 42
427 42
428 44
429 42
430 44
431 43
432 42
433 43
434 41
435 45
436 44
437 44
438 44
439 47
440 44
441 43
442 42
443 39
444 39
445 43
446 44
447 46
448 43
449 44
450 44
451 47
452 39
453 37
454 34
455 38
456 40
457 40
458 43
459 38
460 39
461 38
462 41
463 37
464 43
465 43
466 46
467 45
468 46
469 44
470 41
471 40
472 42
473 39
474 41
475 41
476 42
477 46
478 48
479 46
480 40
481 42
482 43
483 43
484 45
485 44
486 47
487 44
488 40
489 42
490 43
491 40
492 44
493 44
494 38
495 43
496 45
497 48
498 45
499 43
500 42
501 41
502 42
503 41
504 41
505 41
506 40
507 41
508 46
509 44
510 47
511 46
512 45
513 45
514 48
515 43
516 45
517 41
518 40
519 39
520 39
521 41
522 40
523 43
524 45
525 45
526 45
527 45
528 36
529 43
530 44
531 44
532 43
533 44
534 45
535 43
536 44
537 47
538 45
539 44
540 46
541 48
542 42
543 37
544 42
545 42
546 43
547 42
548 42
549 45
550 47
551 44
552 42
553 41
554 41
555 42
556 42
557 41
558 43
559 39
560 42
561 46
562 41
563 42
564 44
565 45
566 45
567 45
568 44
569 44
570 44
571 46
572 44
573 44
574 41
575 44
576 41
577 41
578 43
579 42
580 43
581 44
582 47
583 46
584 44
585 46
586 46
587 45
588 40
589 43
590 42
591 41
592 42
593 40
594 44
595 37
596 39
597 42
598 41
599 42
600 45
601 46
602 45
603 47
604 43
605 45
606 42
607 45
608 44
609 40
610 38
611 44
612 41
613 39
614 43
615 45
616 46
617 46
618 44
619 44
620 45
621 44
622 47
623 42
624 40
625 46
626 44
627 39
628 41
629 41
630 45
631 42
632 42
633 44
634 46
635 47
636 41
637 45
638 46
639 45
640 44
641 44
642 42
643 39
644 43
645 41
646 44
647 46
648 44
649 44
650 39
651 43
652 45
653 43
654 44
655 44
656 41
657 42
658 40
659 40
660 46
661 47
662 43
663 44
664 47
665 45
666 45
667 45
668 46
669 45
670 46
671 47
672 47
673 45
674 42
675 46
676 46
677 41
678 40
679 39
680 42
681 41
682 45
683 49
684 47
685 48
686 47
687 43
688 41
689 43
690 40
691 41
692 38
693 41
694 42
695 44
696 46
697 44
698 45
699 43
700 45
701 47
702 46
703 42
704 42
705 44
706 39
707 42
708 39
709 41
710 41
711 43
712 45
713 46
714 42
715 43
716 45
717 41
718 41
719 43
720 43
721 44
722 39
723 43
724 40
725 45
726 42
727 47
728 42
729 41
730 44
731 44
732 45
733 44
734 44
735 44
736 45
737 45
738 43
739 45
740 45
741 47
742 45
743 44
744 43
745 46
746 43
747 44
748 44
749 41
750 41
751 42
752 43
753 41
754 45
755 45
756 44
757 42
758 40
759 45
760 41
761 45
762 43
763 44
764 49
765 44
766 45
767 42
768 42
769 42
770 40
771 41
772 39
773 40
774 40
775 40
776 43
777 45
778 46
779 48
780 47
781 45
782 44
783 49
784 44
785 46
786 43
787 43
788 45
789 44
790 44
791 37
792 43
793 44
794 43
795 44
796 46
797 49
798 48
799 43
800 42
801 43
802 43
803 41
804 44
805 45
806 46
807 43
808 44
809 41
810 44
811 41
812 39
813 42
814 44
815 46
816 47
817 47
818 44
819 41
820 43
821 45
822 43
823 44
824 40
825 40
826 40
827 43
828 44
829 46
830 43
831 41
832 45
833 43
834 48
835 45
836 44
837 45
838 45
839 43
840 41
841 44
842 43
843 45
844 41
845 39
846 38
847 38
848 38
849 41
850 40
851 44
852 46
853 42
854 44
855 46
856 45
857 42
858 42
859 43
860 43
861 44
862 44
863 41
864 42
865 43
866 47
867 46
868 41
869 45
870 43
871 43
872 44
873 41
874 42
875 46
876 44
877 45
878 46
879 49
880 46
881 43
882 45
883 44
884 45
885 46
886 43
887 41
888 36
889 39
890 42
891 43
892 41
893 45
894 46
895 45
896 37
897 37
898 37
899 39
900 39
901 44
902 45
903 44
904 43
905 44
906 46
907 49
908 43
909 42
910 43
911 46
912 47
913 46
914 40
915 40
916 41
917 40
918 42
919 46
920 45
921 45
922 42
923 45
924 44
925 46
926 42
927 44
928 39
929 41
930 44
931 42
932 45
933 45
934 44
935 42
936 43
937 43
938 43
939 41
940 44
941 45
942 44
943 42
944 47
945 44
946 42
947 44
948 44
949 44
950 44
951 43
952 42
953 44
954 48
955 45
956 48
957 43
958 45
959 43
960 42
961 47
962 46
963 43
964 40
965 36
966 36
967 39
968 46
969 47
970 44
971 44
972 42
973 42
974 38
975 39
976 41
977 45
978 41
979 38
980 42
981 39
982 44
983 47
984 47
985 45
986 46
987 45
988 42
989 42
990 40
991 43
992 45
993 46
994 46
995 46
996 43
997 45
998 45
999 45
1000 45
