0 45
1 39
2 32
3 29
4 30
5 26
6 23
7 26
8 24
9 23
10 23
11 24
12 27
13 26
14 25
15 25
16 27
17 26
18 24
19 25
20 22
21 21
22 19
23 23
24 24
25 24
26 21
27 23
28 24
29 24
30 28
31 27
32 27
33 28
34 28
35 28
36 24
37 24
38 23
39 22
40 25
41 24
42 25
43 26
44 28
45 28
46 27
47 26
48 26
49 27
50 30
51 29
52 28
53 27
54 26
55 25
56 28
57 27
58 25
59 28
60 27
61 26
62 27
63 29
64 28
65 26
66 24
67 25
68 26
69 24
70 24
71 25
72 25
73 28
74 28
75 29
76 29
77 27
78 24
79 22
80 26
81 26
82 25
83 26
84 25
85 23
86 25
87 25
88 26
89 26
90 29
91 28
92 26
93 27
94 27
95 26
96 27
97 28
98 30
99 27
100 27
101 26
102 25
103 27
104 26
105 24
106 27
107 28
108 28
109 26
110 23
111 23
112 26
113 26
114 26
115 26
116 26
117 27
118 31
119 30
120 27
121 28
122 27
123 27
124 27
125 25
126 27
127 27
128 27
129 26
130 27
131 27
132 26
133 26
134 25
135 24
136 22
137 25
138 27
139 30
140 29
141 28
142 28
143 27
144 28
145 26
146 27
147 28
148 26
149 26
150 27
151 27
152 24
153 25
154 25
155 26
156 26
157 28
158 26
159 26
160 28
161 30
162 27
163 27
164 25
165 28
166 27
167 28
168 28
169 23
170 26
171 27
172 25
173 25
174 24
175 26
176 25
177 21
178 22
179 20
180 21
181 22
182 20
183 23
184 24
185 23
186 25
187 23
188 23
189 25
190 23
191 22
192 19
193 22
194 26
195 29
196 29
197 28
198 26
199 22
200 24
201 24
202 22
203 24
204 23
205 21
206 26
207 27
208 24
209 29
210 26
211 26
212 28
213 26
214 25
215 26
216 27
217 29
218 29
219 27
220 24
221 24
222 26
223 25
224 24
225 26
226 26
227 25
228 27
229 26
230 25
231 25
232 22
233 26
234 25
235 28
236 27
237 27
238 29
239 27
240 25
241 26
242 25
243 26
244 25
245 27
246 24
247 26
248 29
249 29
250 26
251 26
252 27
253 29
254 27
255 27
256 24
257 26
258 27
259 28
260 26
261 27
262 23
263 26
264 25
265 23
266 28
267 28
268 28
269 25
270 25
271 28
272 27
273 27
274 27
275 25
276 27
277 26
278 26
279 22
280 17
281 19
282 18
283 23
284 25
285 23
286 24
287 26
288 27
289 27
290 27
291 27
292 28
293 24
294 25
295 25
296 22
297 23
298 24
299 25
300 27
301 24
302 28
303 24
304 26
305 25
306 26
307 26
308 26
309 23
310 25
311 23
312 23
313 23
314 23
315 25
316 28
317 27
318 26
319 26
320 24
321 24
322 24
323 26
324 27
325 27
326 28
327 29
328 29
329 27
330 28
331 29
332 29
333 29
334 25
335 24
336 26
337 24
338 24
339 27
340 24
341 25
342 24
343 27
344 28
345 28
346 27
347 24
348 27
349 28
350 29
351 30
352 26
353 25
354 22
355 27
356 28
357 27
358 28
359 25
360 25
361 27
362 24
363 24
364 25
365 23
366 26
367 25
368 24
369 24
370 23
371 24
372 27
373 29
374 27
375 29
376 29
377 26
378 26
379 25
380 24
381 26
382 26
383 27
384 27
385 25
386 25
387 27
388 28
389 28
390 28
391 30
392 27
393 28
394 27
395 29
396 27
397 28
398 28
399 26
400 28
401 24
402 28
403 28
404 28
405 27
406 27
407 26
408 28
409 28
410 28
411 29
412 30
413 27
414 29
415 26
416 27
417 27
418 27
419 27
420 25
421 25
422 28
423 25
424 25
425 28
426 28
427 26
428 26
429 25
430 24
431 25
432 26
433 26
434 24
435 22
436 26
437 28
438 28
439 30
440 30
441 28
442 25
443 24
444 27
445 25
446 28
447 28
448 28
449 29
450 28
451 28
452 29
453 29
454 29
455 27
456 24
457 26
458 26
459 26
460 24
461 26
462 24
463 26
464 24
465 27
466 21
467 22
468 25
469 27
470 29
471 30
472 29
473 29
474 28
475 24
476 24
477 21
478 24
479 23
480 26
481 27
482 27
483 25
484 24
485 26
486 26
487 25
488 24
489 23
490 23
491 26
492 25
493 26
494 26
495 26
496 26
497 28
498 28
499 27
500 26
501 27
502 23
503 24
504 25
505 25
506 25
507 24
508 25
509 25
510 24
511 24
512 25
513 27
514 28
515 26
516 26
517 26
518 25
519 27
520 24
521 26
522 24
523 23
524 25
525 26
526 25
527 28
528 28
529 26
530 25
531 25
532 27
533 28
534 27
535 25
536 25
537 25
538 26
539 26
540 23
541 27
542 27
543 27
544 26
545 29
546 25
547 24
548 25
549 25
550 26
551 29
552 27
553 27
554 28
555 25
556 27
557 27
558 24
559 24
560 25
561 26
562 28
563 27
564 27
565 28
566 29
567 30
568 30
569 30
570 27
571 28
572 26
573 26
574 25
575 27
576 26
577 26
578 30
579 28
580 27
581 27
582 28
583 25
584 28
585 24
586 20
587 24
588 25
589 23
590 26
591 25
592 26
593 26
594 26
595 28
596 28
597 25
598 25
599 25
600 26
601 26
602 16
603 19
604 22
605 23
606 23
607 26
608 23
609 25
610 24
611 23
612 25
613 26
614 27
615 26
616 25
617 23
618 25
619 25
620 24
621 26
622 22
623 25
624 28
625 29
626 29
627 29
628 28
629 28
630 28
631 28
632 25
633 27
634 24
635 25
636 27
637 27
638 26
639 28
640 26
641 25
642 26
643 23
644 24
645 27
646 28
647 26
648 25
649 26
650 26
651 25
652 22
653 23
654 25
655 24
656 23
657 25
658 28
659 28
660 29
661 27
662 27
663 26
664 24
665 26
666 28
667 30
668 31
669 29
670 29
671 27
672 25
673 24
674 23
675 22
676 24
677 25
678 23
679 21
680 23
681 25
682 25
683 24
684 26
685 29
686 28
687 30
688 28
689 28
690 27
691 25
692 26
693 25
694 26
695 29
696 25
697 27
698 28
699 27
700 26
701 26
702 25
703 27
704 25
705 24
706 25
707 25
708 26
709 27
710 27
711 26
712 24
713 24
714 24
715 24
716 26
717 26
718 27
719 25
720 22
721 23
722 27
723 26
724 27
725 27
726 24
727 23
728 24
729 25
730 26
731 26
732 22
733 22
734 20
735 21
736 24
737 25
738 27
739 27
740 23
741 25
742 26
743 29
744 28
745 26
746 24
747 24
748 24
749 24
750 25
751 29
752 30
753 26
754 28
755 27
756 26
757 25
758 26
759 28
760 27
761 25
762 27
763 27
764 25
765 22
766 22
767 23
768 23
769 26
770 26
771 21
772 23
773 28
774 28
775 26
776 24
777 26
778 27
779 28
780 28
781 23
782 24
783 27
784 27
785 25
786 26
787 28
788 29
789 27
790 25
791 29
792 27
793 26
794 29
795 27
796 27
797 26
798 27
799 27
800 26
801 26
802 27
803 28
804 25
805 23
806 24
807 24
808 26
809 25
810 27
811 24
812 26
813 27
814 26
815 26
816 27
817 25
818 22
819 25
820 25
821 26
822 27
823 29
824 27
825 27
826 28
827 27
828 28
829 27
830 27
831 25
832 26
833 27
834 24
835 27
836 28
837 28
838 27
839 25
840 27
841 24
842 24
843 26
844 26
845 27
846 24
847 23
848 24
849 24
850 25
851 27
852 24
853 25
854 23
855 24
856 27
857 26
858 27
859 27
860 28
861 27
862 23
863 21
864 20
865 26
866 28
867 27
868 27
869 26
870 26
871 24
872 27
873 26
874 26
875 26
876 27
877 25
878 24
879 26
880 24
881 24
882 25
883 25
884 26
885 26
886 24
887 24
888 27
889 29
890 30
891 31
892 30
893 28
894 29
895 26
896 25
897 23
898 27
899 28
900 27
901 28
902 27
903 24
904 23
905 21
906 22
907 24
908 24
909 25
910 23
911 22
912 24
913 24
914 23
915 24
916 25
917 26
918 27
919 27
920 27
921 28
922 27
923 26
924 26
925 25
926 24
927 23
928 27
929 27
930 26
931 25
932 28
933 28
934 27
935 28
936 27
937 27
938 28
939 29
940 29
941 27
942 21
943 23
944 23
945 25
946 26
947 25
948 25
949 25
950 24
951 21
952 22
953 26
954 25
955 27
956 27
957 26
958 29
959 26
960 27
961 25
962 26
963 24
964 25
965 25
966 24
967 25
968 25
969 27
970 28
971 26
972 24
973 27
974 28
975 27
976 28
977 27
978 27
979 28
980 30
981 26
982 26
983 28
984 27
985 26
986 24
987 25
988 27
989 27
990 28
991 28
992 28
993 27
994 28
995 28
996 28
997 28
998 27
999 27
1000 27
