0 90
1 63
2 60
3 61
4 58
5 59
6 60
7 60
8 61
9 62
10 67
11 62
12 61
13 61
14 62
15 62
16 60
17 61
18 60
19 61
20 55
21 58
22 59
23 60
24 60
25 60
26 63
27 56
28 59
29 60
30 59
31 56
32 57
33 61
34 60
35 59
36 59
37 60
38 61
39 58
40 60
41 60
42 63
43 58
44 56
45 60
46 59
47 62
48 59
49 62
50 63
51 62
52 61
53 58
54 58
55 60
56 62
57 57
58 53
59 59
60 58
61 59
62 62
63 62
64 65
65 61
66 60
67 55
68 52
69 60
70 63
71 58
72 63
73 63
74 63
75 64
76 63
77 63
78 63
79 59
80 62
81 59
82 53
83 59
84 58
85 57
86 59
87 57
88 61
89 63
90 59
91 60
92 58
93 54
94 59
95 63
96 58
97 60
98 61
99 59
100 61
101 65
102 61
103 62
104 64
105 60
106 59
107 59
108 60
109 63
110 49
111 56
112 54
113 59
114 62
115 63
116 59
117 61
118 61
119 57
120 60
121 61
122 58
123 61
124 61
125 58
126 56
127 59
128 57
129 58
130 60
131 61
132 62
133 57
134 59
135 63
136 64
137 61
138 58
139 58
140 60
141 61
142 61
143 54
144 60
145 63
146 55
147 59
148 52
149 53
150 60
151 59
152 59
153 60
154 55
155 59
156 62
157 62
158 60
159 62
160 63
161 62
162 61
163 61
164 64
165 64
166 61
167 62
168 53
169 60
170 62
171 64
172 64
173 63
174 63
175 62
176 63
177 61
178 60
179 62
180 57
181 58
182 57
183 58
184 59
185 58
186 58
187 60
188 59
189 65
190 63
191 58
192 58
193 61
194 61
195 57
196 56
197 60
198 59
199 60
200 60
201 59
202 58
203 60
204 59
205 62
206 65
207 58
208 61
209 62
210 63
211 61
212 62
213 63
214 63
215 56
216 60
217 58
218 57
219 55
220 52
221 58
222 61
223 57
224 58
225 63
226 59
227 56
228 58
229 57
230 59
231 59
232 57
233 59
234 56
235 52
236 60
237 64
238 59
239 57
240 61
241 63
242 64
243 62
244 63
245 61
246 64
247 59
248 56
249 58
250 63
251 57
252 60
253 58
254 61
255 62
256 62
257 66
258 61
259 62
260 58
261 61
262 60
263 60
264 60
265 59
266 63
267 60
268 57
269 56
270 61
271 54
272 59
273 66
274 59
275 58
276 62
277 58
278 58
279 64
280 59
281 62
282 63
283 64
284 63
285 60
286 59
287 60
288 60
289 56
290 59
291 51
292 56
293 56
294 54
295 62
296 61
297 64
298 59
299 60
300 65
301 64
302 65
303 61
304 60
305 63
306 61
307 59
308 53
309 54
310 61
311 59
312 57
313 62
314 59
315 60
316 55
317 61
318 61
319 63
320 59
321 63
322 58
323 58
324 58
325 60
326 61
327 62
328 63
329 63
330 64
331 60
332 55
333 61
334 63
335 61
336 59
337 62
338 63
339 61
340 62
341 61
342 58
343 60
344 61
345 57
346 60
347 59
348 62
349 63
350 64
351 65
352 62
353 59
354 60
355 60
356 61
357 60
358 55
359 58
360 61
361 58
362 57
363 64
364 59
365 59
366 57
367 59
368 60
369 57
370 63
371 61
372 60
373 62
374 61
375 61
376 59
377 58
378 61
379 60
380 60
381 61
382 62
383 60
384 60
385 61
386 57
387 62
388 62
389 58
390 60
391 54
392 59
393 58
394 65
395 62
396 62
397 65
398 58
399 57
400 59
401 62
402 58
403 56
404 56
405 61
406 61
407 58
408 60
409 60
410 56
411 63
412 60
413 63
414 62
415 65
416 64
417 64
418 62
419 60
420 63
421 64
422 65
423 63
424 63
425 64
426 63
427 61
428 60
429 59
430 63
431 62
432 61
433 61
434 61
435 60
436 59
437 64
438 61
439 59
440 64
441 59
442 58
443 60
444 58
445 63
446 63
447 59
448 61
449 52
450 62
451 49
452 56
453 54
454 59
455 63
456 57
457 61
458 58
459 60
460 60
461 64
462 64
463 56
464 57
465 57
466 57
467 64
468 62
469 60
470 61
471 61
472 62
473 61
474 61
475 64
476 59
477 59
478 59
479 57
480 60
481 59
482 59
483 61
484 57
485 60
486 58
487 60
488 59
489 60
490 61
491 63
492 57
493 59
494 60
495 60
496 60
497 60
498 63
499 53
500 63
501 62
502 60
503 55
504 57
505 62
506 59
507 55
508 61
509 63
510 60
511 61
512 59
513 56
514 58
515 58
516 59
517 62
518 61
519 55
520 56
521 59
522 63
523 61
524 57
525 57
526 56
527 58
528 60
529 58
530 56
531 57
532 57
533 59
534 60
535 57
536 57
537 59
538 61
539 62
540 65
541 56
542 57
543 55
544 60
545 60
546 60
547 62
548 65
549 57
550 58
551 60
552 61
553 56
554 60
555 60
556 60
557 63
558 61
559 61
560 59
561 56
562 62
563 61
564 61
565 61
566 61
567 60
568 64
569 63
570 57
571 63
572 63
573 64
574 62
575 61
576 61
577 53
578 59
579 60
580 66
581 59
582 60
583 57
584 62
585 64
586 63
587 64
588 60
589 63
590 60
591 56
592 61
593 58
594 60
595 61
596 63
597 61
598 60
599 56
600 57
601 63
602 63
603 58
604 60
605 57
606 57
607 57
608 57
609 60
610 55
611 56
612 62
613 59
614 58
615 60
616 60
617 51
618 54
619 62
620 59
621 55
622 62
623 62
624 61
625 60
626 59
627 61
628 62
629 63
630 62
631 62
632 59
633 51
634 58
635 62
636 62
637 55
638 58
639 62
640 60
641 56
642 58
643 59
644 63
645 61
646 59
647 60
648 60
649 58
650 57
651 58
652 65
653 61
654 54
655 56
656 63
657 64
658 61
659 62
660 55
661 54
662 61
663 59
664 59
665 58
666 61
667 55
668 62
669 60
670 61
671 60
672 59
673 57
674 57
675 60
676 61
677 64
678 65
679 62
680 60
681 63
682 59
683 63
684 63
685 64
686 60
687 60
688 61
689 61
690 57
691 61
692 64
693 59
694 61
695 62
696 61
697 63
698 58
699 55
700 58
701 59
702 62
703 63
704 58
705 54
706 57
707 61
708 59
709 56
710 57
711 63
712 58
713 60
714 56
715 61
716 60
717 59
718 57
719 57
720 59
721 57
722 57
723 60
724 57
725 64
726 61
727 60
728 56
729 55
730 62
731 63
732 62
733 58
734 57
735 59
736 59
737 65
738 63
739 58
740 59
741 61
742 54
743 59
744 63
745 60
746 58
747 62
748 60
749 64
750 59
751 62
752 59
753 57
754 62
755 63
756 63
757 60
758 59
759 61
760 59
761 59
762 59
763 58
764 58
765 60
766 65
767 64
768 62
769 58
770 59
771 56
772 51
773 54
774 51
775 61
776 62
777 63
778 61
779 65
780 61
781 60
782 60
783 62
784 59
785 63
786 63
787 59
788 58
789 57
790 59
791 59
792 59
793 53
794 56
795 59
796 63
797 60
798 64
799 59
800 57
801 59
802 61
803 61
804 59
805 64
806 59
807 61
808 58
809 58
810 57
811 59
812 63
813 61
814 58
815 63
816 59
817 60
818 60
819 60
820 63
821 59
822 62
823 58
824 63
825 58
826 60
827 54
828 54
829 62
830 57
831 58
832 56
833 61
834 59
835 57
836 61
837 63
838 63
839 63
840 60
841 57
842 61
843 56
844 59
845 60
846 58
847 59
848 57
849 58
850 56
851 58
852 61
853 59
854 58
855 58
856 61
857 61
858 65
859 63
860 64
861 60
862 60
863 65
864 56
865 65
866 63
867 60
868 61
869 61
870 55
871 57
872 60
873 58
874 60
875 62
876 63
877 63
878 60
879 62
880 62
881 59
882 60
883 57
884 62
885 60
886 62
887 60
888 63
889 63
890 57
891 62
892 64
893 63
894 66
895 59
896 61
897 61
898 61
899 63
900 60
901 62
902 62
903 62
904 63
905 64
906 62
907 63
908 59
909 61
910 61
911 62
912 60
913 64
914 58
915 60
916 59
917 59
918 56
919 53
920 58
921 56
922 57
923 59
924 63
925 60
926 61
927 59
928 59
929 62
930 60
931 63
932 62
933 61
934 60
935 59
936 58
937 60
938 56
939 54
940 59
941 56
942 60
943 59
944 60
945 54
946 60
947 64
948 61
949 59
950 61
951 61
952 56
953 64
954 61
955 58
956 59
957 60
958 56
959 60
960 63
961 58
962 55
963 59
964 60
965 63
966 59
967 62
968 60
969 62
970 63
971 60
972 59
973 59
974 61
975 55
976 55
977 56
978 59
979 63
980 62
981 59
982 59
983 55
984 61
985 64
986 62
987 60
988 59
989 60
990 57
991 57
992 58
993 53
994 59
995 55
996 56
997 58
998 52
999 56
1000 61
