0 15
1 8
2 10
3 10
4 7
5 8
6 9
7 6
8 8
9 9
10 10
11 10
12 7
13 12
14 9
15 10
16 9
17 7
18 8
19 10
20 10
21 11
22 7
23 8
24 9
25 7
26 11
27 9
28 10
29 7
30 9
31 11
32 10
33 10
34 8
35 9
36 10
37 10
38 9
39 8
40 11
41 9
42 8
43 7
44 8
45 9
46 8
47 7
48 10
49 8
50 6
51 7
52 9
53 9
54 8
55 8
56 9
57 9
58 10
59 10
60 9
61 8
62 8
63 9
64 8
65 9
66 9
67 10
68 9
69 8
70 9
71 10
72 9
73 9
74 11
75 7
76 8
77 7
78 8
79 10
80 8
81 10
82 12
83 10
84 12
85 11
86 9
87 8
88 9
89 10
90 12
91 9
92 10
93 10
94 9
95 10
96 10
97 8
98 11
99 7
100 6
101 10
102 10
103 11
104 9
105 10
106 7
107 6
108 9
109 11
110 11
111 11
112 9
113 9
114 9
115 8
116 8
117 8
118 10
119 9
120 9
121 10
122 8
123 9
124 11
125 10
126 9
127 10
128 8
129 8
130 9
131 9
132 8
133 9
134 8
135 11
136 10
137 10
138 12
139 10
140 10
141 8
142 10
143 9
144 11
145 10
146 10
147 9
148 6
149 11
150 9
151 9
152 10
153 9
154 10
155 9
156 7
157 7
158 8
159 9
160 9
161 6
162 10
163 8
164 7
165 9
166 8
167 7
168 10
169 8
170 10
171 11
172 9
173 9
174 10
175 9
176 7
177 9
178 6
179 9
180 10
181 9
182 10
183 9
184 6
185 9
186 8
187 10
188 10
189 6
190 9
191 8
192 9
193 8
194 9
195 7
196 8
197 11
198 11
199 9
200 11
201 8
202 6
203 9
204 9
205 9
206 9
207 10
208 10
209 12
210 9
211 10
212 9
213 8
214 8
215 9
216 9
217 8
218 11
219 11
220 9
221 8
222 8
223 9
224 9
225 9
226 10
227 9
228 8
229 8
230 8
231 11
232 10
233 9
234 11
235 9
236 10
237 9
238 10
239 6
240 11
241 10
242 9
243 11
244 9
245 7
246 10
247 10
248 11
249 10
250 11
251 8
252 10
253 10
254 9
255 9
256 7
257 9
258 9
259 11
260 9
261 10
262 10
263 8
264 9
265 10
266 11
267 10
268 9
269 8
270 10
271 8
272 8
273 12
274 11
275 10
276 9
277 8
278 10
279 7
280 8
281 10
282 10
283 9
284 10
285 7
286 10
287 8
288 10
289 8
290 9
291 9
292 9
293 9
294 8
295 9
296 11
297 10
298 11
299 9
300 8
301 10
302 8
303 10
304 9
305 11
306 9
307 9
308 9
309 10
310 10
311 10
312 11
313 8
314 11
315 12
316 9
317 8
318 9
319 11
320 10
321 10
322 6
323 9
324 8
325 10
326 9
327 8
328 9
329 8
330 7
331 10
332 9
333 12
334 10
335 11
336 10
337 11
338 8
339 6
340 10
341 12
342 11
343 11
344 8
345 7
346 8
347 9
348 8
349 11
350 9
351 10
352 8
353 10
354 10
355 9
356 11
357 12
358 10
359 10
360 8
361 9
362 9
363 8
364 10
365 10
366 10
367 11
368 9
369 9
370 9
371 9
372 8
373 8
374 8
375 9
376 7
377 7
378 10
379 11
380 9
381 5
382 11
383 10
384 8
385 9
386 8
387 9
388 8
389 8
390 8
391 9
392 8
393 10
394 8
395 7
396 10
397 10
398 9
399 12
400 10
401 8
402 11
403 12
404 9
405 12
406 9
407 6
408 11
409 11
410 9
411 7
412 9
413 10
414 9
415 9
416 11
417 9
418 9
419 10
420 10
421 10
422 10
423 8
424 8
425 10
426 10
427 7
428 9
429 9
430 10
431 9
432 7
433 8
434 9
435 11
436 10
437 10
438 9
439 9
440 12
441 12
442 10
443 9
444 8
445 7
446 9
447 6
448 9
449 8
450 9
451 10
452 9
453 9
454 8
455 9
456 11
457 9
458 11
459 8
460 9
461 8
462 8
463 9
464 8
465 10
466 10
467 10
468 11
469 10
470 10
471 9
472 10
473 10
474 8
475 10
476 10
477 11
478 11
479 10
480 7
481 10
482 8
483 10
484 10
485 11
486 9
487 9
488 6
489 9
490 10
491 10
492 11
493 9
494 10
495 11
496 9
497 11
498 10
499 11
500 10
501 10
502 9
503 10
504 11
505 9
506 9
507 10
508 8
509 9
510 10
511 10
512 11
513 9
514 7
515 8
516 5
517 10
518 7
519 9
520 10
521 10
522 9
523 8
524 9
525 10
526 9
527 9
528 10
529 10
530 9
531 10
532 10
533 8
534 8
535 11
536 10
537 9
538 13
539 10
540 9
541 11
542 10
543 9
544 8
545 10
546 6
547 8
548 9
549 10
550 10
551 10
552 10
553 10
554 11
555 8
556 11
557 7
558 7
559 9
560 10
561 8
562 9
563 8
564 11
565 6
566 9
567 8
568 8
569 10
570 7
571 8
572 10
573 11
574 8
575 10
576 10
577 10
578 10
579 11
580 9
581 8
582 13
583 10
584 11
585 10
586 8
587 8
588 6
589 10
590 9
591 8
592 9
593 10
594 7
595 9
596 10
597 12
598 8
599 8
600 10
601 9
602 9
603 11
604 9
605 9
606 9
607 10
608 9
609 9
610 8
611 10
612 10
613 11
614 10
615 7
616 10
617 8
618 7
619 8
620 10
621 10
622 10
623 11
624 9
625 8
626 9
627 8
628 9
629 11
630 11
631 9
632 9
633 9
634 10
635 7
636 7
637 10
638 8
639 8
640 8
641 10
642 9
643 6
644 11
645 7
646 10
647 7
648 10
649 9
650 12
651 10
652 11
653 10
654 10
655 10
656 11
657 10
658 10
659 8
660 9
661 10
662 10
663 10
664 10
665 6
666 7
667 7
668 8
669 10
670 10
671 8
672 8
673 10
674 10
675 9
676 11
677 11
678 10
679 8
680 9
681 9
682 11
683 6
684 10
685 11
686 11
687 10
688 10
689 9
690 9
691 10
692 9
693 10
694 11
695 7
696 8
697 8
698 8
699 10
700 9
701 8
702 9
703 10
704 10
705 7
706 10
707 10
708 11
709 10
710 9
711 8
712 10
713 8
714 10
715 9
716 11
717 9
718 8
719 10
720 9
721 10
722 10
723 9
724 10
725 8
726 10
727 10
728 9
729 10
730 8
731 7
732 8
733 10
734 10
735 9
736 9
737 9
738 8
739 9
740 7
741 9
742 11
743 8
744 10
745 11
746 10
747 9
748 10
749 9
750 10
751 8
752 10
753 8
754 12
755 9
756 10
757 10
758 9
759 7
760 9
761 8
762 8
763 9
764 9
765 10
766 11
767 9
768 9
769 9
770 8
771 9
772 10
773 9
774 9
775 10
776 8
777 11
778 11
779 9
780 9
781 10
782 9
783 7
784 10
785 10
786 8
787 7
788 8
789 8
790 9
791 10
792 10
793 8
794 9
795 10
796 11
797 10
798 7
799 9
800 9
801 9
802 10
803 10
804 10
805 8
806 9
807 10
808 10
809 7
810 10
811 12
812 8
813 9
814 9
815 8
816 10
817 10
818 11
819 9
820 9
821 7
822 9
823 8
824 10
825 11
826 9
827 9
828 8
829 9
830 9
831 8
832 10
833 10
834 9
835 11
836 8
837 9
838 9
839 7
840 10
841 10
842 9
843 8
844 10
845 9
846 8
847 9
848 8
849 8
850 10
851 10
852 11
853 9
854 10
855 8
856 8
857 9
858 11
859 9
860 6
861 8
862 8
863 10
864 10
865 6
866 9
867 9
868 8
869 8
870 12
871 10
872 8
873 10
874 8
875 11
876 11
877 9
878 11
879 8
880 8
881 11
882 8
883 10
884 8
885 10
886 8
887 9
888 8
889 9
890 8
891 12
892 11
893 7
894 9
895 9
896 9
897 9
898 8
899 10
900 11
901 9
902 11
903 10
904 9
905 10
906 6
907 11
908 8
909 9
910 10
911 9
912 11
913 9
914 8
915 9
916 10
917 11
918 11
919 11
920 12
921 10
922 8
923 11
924 10
925 8
926 9
927 10
928 8
929 11
930 10
931 8
932 9
933 9
934 9
935 8
936 10
937 9
938 9
939 8
940 8
941 10
942 10
943 11
944 10
945 9
946 9
947 9
948 8
949 10
950 10
951 10
952 11
953 11
954 11
955 10
956 9
957 8
958 9
959 8
960 10
961 9
962 9
963 10
964 11
965 9
966 7
967 8
968 9
969 12
970 10
971 9
972 10
973 9
974 9
975 9
976 10
977 8
978 10
979 10
980 10
981 10
982 8
983 9
984 11
985 9
986 8
987 6
988 8
989 7
990 11
991 10
992 11
993 10
994 11
995 8
996 8
997 7
998 9
999 7
1000 10
