0 40
1 34
2 29
3 27
4 23
5 24
6 23
7 22
8 20
9 21
10 21
11 22
12 21
13 21
14 21
15 21
16 20
17 21
18 21
19 22
20 21
21 22
22 22
23 22
24 19
25 20
26 19
27 18
28 21
29 22
30 21
31 23
32 19
33 22
34 22
35 24
36 25
37 26
38 25
39 24
40 23
41 24
42 21
43 21
44 22
45 21
46 21
47 20
48 18
49 20
50 21
51 22
52 22
53 21
54 21
55 21
56 20
57 18
58 18
59 21
60 23
61 24
62 24
63 24
64 24
65 24
66 22
67 21
68 21
69 23
70 24
71 23
72 22
73 22
74 22
75 22
76 23
77 23
78 23
79 19
80 19
81 21
82 18
83 20
84 21
85 20
86 17
87 18
88 18
89 18
90 20
91 22
92 20
93 21
94 19
95 21
96 22
97 22
98 22
99 23
100 23
101 24
102 25
103 24
104 21
105 19
106 20
107 21
108 22
109 23
110 24
111 22
112 19
113 18
114 21
115 19
116 20
117 20
118 19
119 18
120 18
121 18
122 19
123 19
124 19
125 20
126 19
127 20
128 20
129 21
130 20
131 21
132 20
133 20
134 21
135 22
136 21
137 21
138 21
139 20
140 19
141 20
142 21
143 21
144 22
145 22
146 22
147 22
148 24
149 24
150 22
151 22
152 22
153 21
154 23
155 23
156 23
157 22
158 22
159 22
160 22
161 21
162 21
163 23
164 23
165 21
166 18
167 18
168 19
169 18
170 18
171 18
172 20
173 21
174 21
175 21
176 18
177 20
178 19
179 21
180 20
181 22
182 18
183 18
184 17
185 19
186 18
187 18
188 19
189 17
190 18
191 20
192 22
193 23
194 22
195 23
196 20
197 20
198 21
199 21
200 20
201 18
202 18
203 18
204 20
205 21
206 21
207 22
208 22
209 23
210 24
211 24
212 23
213 22
214 20
215 18
216 18
217 20
218 22
219 22
220 23
221 23
222 22
223 23
224 20
225 20
226 20
227 22
228 21
229 19
230 23
231 24
232 23
233 22
234 24
235 23
236 23
237 23
238 23
239 23
240 24
241 23
242 21
243 19
244 21
245 21
246 19
247 22
248 23
249 23
250 24
251 24
252 23
253 22
254 23
255 22
256 22
257 18
258 20
259 21
260 20
261 18
262 19
263 19
264 19
265 21
266 23
267 20
268 20
269 22
270 23
271 20
272 21
273 21
274 22
275 20
276 22
277 21
278 22
279 22
280 21
281 19
282 20
283 23
284 19
285 20
286 19
287 19
288 20
289 21
290 21
291 18
292 17
293 16
294 17
295 19
296 19
297 20
298 20
299 21
300 24
301 24
302 24
303 25
304 25
305 24
306 26
307 25
308 23
309 22
310 20
311 20
312 23
313 23
314 22
315 22
316 24
317 26
318 25
319 23
320 24
321 24
322 21
323 20
324 19
325 19
326 21
327 20
328 21
329 23
330 24
331 23
332 22
333 21
334 21
335 20
336 18
337 18
338 18
339 20
340 20
341 19
342 21
343 21
344 22
345 23
346 23
347 23
348 23
349 21
350 21
351 22
352 23
353 20
354 21
355 21
356 19
357 18
358 18
359 20
360 20
361 20
362 20
363 20
364 21
365 22
366 21
367 21
368 20
369 21
370 21
371 23
372 22
373 23
374 24
375 24
376 20
377 19
378 17
379 18
380 19
381 22
382 21
383 18
384 19
385 18
386 18
387 20
388 21
389 21
390 21
391 20
392 21
393 20
394 19
395 21
396 21
397 20
398 21
399 20
400 18
401 20
402 21
403 20
404 19
405 19
406 20
407 20
408 19
409 21
410 21
411 20
412 23
413 24
414 24
415 24
416 24
417 25
418 22
419 20
420 20
421 22
422 23
423 23
424 24
425 25
426 24
427 25
428 25
429 23
430 20
431 20
432 22
433 23
434 23
435 22
436 22
437 22
438 20
439 18
440 17
441 16
442 16
443 18
444 18
445 17
446 18
447 19
448 17
449 16
450 16
451 17
452 20
453 21
454 22
455 22
456 18
457 19
458 18
459 19
460 20
461 20
462 17
463 17
464 18
465 20
466 23
467 23
468 21
469 22
470 21
471 21
472 21
473 19
474 19
475 20
476 21
477 18
478 20
479 18
480 18
481 19
482 18
483 19
484 19
485 19
486 18
487 18
488 20
489 21
490 22
491 21
492 21
493 22
494 21
495 23
496 19
497 17
498 19
499 20
500 22
501 21
502 19
503 20
504 19
505 20
506 20
507 22
508 20
509 20
510 22
511 24
512 22
513 22
514 23
515 24
516 22
517 22
518 23
519 23
520 22
521 22
522 21
523 18
524 19
525 18
526 20
527 20
528 18
529 18
530 18
531 20
532 19
533 18
534 18
535 20
536 21
537 20
538 20
539 21
540 19
541 19
542 19
543 19
544 20
545 21
546 20
547 21
548 19
549 20
550 21
551 19
552 19
553 21
554 22
555 23
556 23
557 22
558 22
559 20
560 20
561 19
562 19
563 20
564 20
565 18
566 18
567 18
568 17
569 16
570 16
571 20
572 21
573 21
574 19
575 20
576 22
577 22
578 21
579 18
580 19
581 18
582 20
583 22
584 22
585 23
586 23
587 22
588 22
589 23
590 21
591 19
592 18
593 20
594 19
595 19
596 18
597 21
598 23
599 22
600 21
601 21
602 21
603 23
604 23
605 23
606 22
607 20
608 21
609 22
610 22
611 21
612 21
613 20
614 20
615 19
616 20
617 23
618 25
619 25
620 26
621 27
622 25
623 24
624 21
625 22
626 20
627 20
628 22
629 23
630 21
631 20
632 18
633 18
634 18
635 16
636 16
637 18
638 21
639 21
640 18
641 20
642 22
643 22
644 22
645 23
646 20
647 22
648 21
649 23
650 23
651 22
652 19
653 20
654 20
655 20
656 20
657 19
658 19
659 20
660 21
661 21
662 21
663 20
664 19
665 18
666 20
667 22
668 22
669 22
670 23
671 21
672 20
673 20
674 21
675 20
676 21
677 21
678 21
679 21
680 21
681 20
682 21
683 23
684 20
685 21
686 21
687 22
688 22
689 19
690 17
691 15
692 17
693 17
694 19
695 21
696 21
697 19
698 18
699 19
700 20
701 19
702 18
703 17
704 18
705 22
706 23
707 23
708 24
709 21
710 22
711 21
712 22
713 23
714 23
715 22
716 22
717 19
718 19
719 20
720 21
721 21
722 22
723 21
724 22
725 21
726 21
727 18
728 19
729 19
730 19
731 21
732 21
733 22
734 22
735 21
736 21
737 20
738 20
739 20
740 21
741 23
742 19
743 20
744 20
745 22
746 23
747 23
748 24
749 24
750 23
751 23
752 23
753 23
754 24
755 24
756 23
757 21
758 19
759 18
760 17
761 18
762 20
763 21
764 21
765 24
766 21
767 22
768 22
769 21
770 22
771 22
772 21
773 21
774 20
775 20
776 18
777 19
778 19
779 18
780 19
781 19
782 19
783 20
784 20
785 20
786 17
787 18
788 19
789 18
790 17
791 20
792 22
793 22
794 24
795 24
796 24
797 24
798 22
799 21
800 23
801 22
802 23
803 24
804 24
805 24
806 21
807 22
808 22
809 22
810 21
811 22
812 21
813 23
814 20
815 17
816 18
817 20
818 18
819 19
820 20
821 18
822 20
823 19
824 18
825 16
826 19
827 21
828 22
829 19
830 19
831 18
832 18
833 19
834 21
835 20
836 19
837 20
838 20
839 21
840 19
841 20
842 18
843 20
844 19
845 18
846 18
847 18
848 18
849 18
850 19
851 19
852 20
853 19
854 20
855 21
856 22
857 22
858 22
859 21
860 19
861 19
862 18
863 19
864 19
865 20
866 21
867 21
868 23
869 23
870 23
871 23
872 23
873 22
874 22
875 22
876 22
877 19
878 18
879 20
880 21
881 22
882 19
883 17
884 20
885 22
886 21
887 21
888 20
889 19
890 21
891 21
892 22
893 22
894 23
895 22
896 21
897 23
898 24
899 22
900 22
901 22
902 23
903 21
904 22
905 21
906 21
907 19
908 18
909 19
910 19
911 20
912 20
913 18
914 19
915 21
916 22
917 20
918 21
919 23
920 22
921 23
922 22
923 23
924 22
925 22
926 24
927 25
928 23
929 22
930 20
931 22
932 24
933 24
934 20
935 18
936 20
937 21
938 21
939 22
940 22
941 24
942 24
943 20
944 20
945 20
946 20
947 22
948 21
949 22
950 22
951 23
952 23
953 21
954 22
955 20
956 18
957 17
958 17
959 20
960 21
961 21
962 19
963 19
964 19
965 18
966 19
967 20
968 21
969 20
970 19
971 19
972 19
973 19
974 20
975 19
976 18
977 20
978 22
979 22
980 22
981 21
982 22
983 23
984 25
985 23
986 23
987 20
988 22
989 21
990 21
991 19
992 21
993 20
994 21
995 22
996 23
997 24
998 22
999 24
1000 24
