0 15
1 13
2 13
3 12
4 11
5 10
6 9
7 8
8 7
9 5
10 5
11 5
12 4
13 4
14 4
15 4
16 4
17 5
18 5
19 5
20 5
21 5
22 5
23 5
24 5
25 5
26 5
27 6
28 6
29 6
30 6
31 6
32 6
33 6
34 6
35 6
36 6
37 5
38 4
39 5
40 4
41 4
42 4
43 5
44 5
45 5
46 5
47 6
48 6
49 6
50 5
51 6
52 6
53 5
54 4
55 4
56 4
57 4
58 5
59 4
60 3
61 3
62 3
63 3
64 3
65 3
66 3
67 3
68 4
69 5
70 5
71 5
72 5
73 5
74 5
75 5
76 5
77 5
78 5
79 5
80 5
81 5
82 5
83 5
84 4
85 4
86 4
87 4
88 4
89 4
90 4
91 4
92 4
93 4
94 5
95 5
96 5
97 5
98 4
99 4
100 3
101 3
102 4
103 5
104 5
105 7
106 7
107 7
108 7
109 6
110 5
111 5
112 6
113 6
114 6
115 6
116 6
117 6
118 5
119 5
120 5
121 5
122 6
123 5
124 5
125 5
126 4
127 5
128 5
129 5
130 6
131 6
132 5
133 6
134 6
135 6
136 6
137 7
138 6
139 7
140 7
141 8
142 8
143 8
144 8
145 8
146 6
147 7
148 6
149 5
150 4
151 4
152 5
153 5
154 5
155 6
156 6
157 6
158 6
159 5
160 4
161 5
162 5
163 5
164 5
165 6
166 6
167 6
168 6
169 6
170 6
171 6
172 6
173 6
174 5
175 4
176 3
177 3
178 2
179 2
180 3
181 3
182 4
183 5
184 4
185 5
186 5
187 4
188 4
189 5
190 5
191 5
192 5
193 4
194 4
195 4
196 5
197 4
198 4
199 4
200 3
201 4
202 4
203 4
204 5
205 4
206 5
207 6
208 5
209 4
210 4
211 4
212 4
213 4
214 4
215 4
216 4
217 4
218 4
219 3
220 3
221 3
222 4
223 4
224 4
225 4
226 3
227 4
228 4
229 4
230 4
231 5
232 5
233 5
234 6
235 6
236 5
237 6
238 6
239 6
240 6
241 6
242 6
243 6
244 5
245 6
246 6
247 8
248 7
249 7
250 6
251 6
252 6
253 6
254 8
255 8
256 9
257 8
258 8
259 8
260 8
261 8
262 7
263 6
264 5
265 5
266 5
267 4
268 5
269 3
270 4
271 6
272 7
273 7
274 6
275 6
276 6
277 6
278 6
279 6
280 6
281 5
282 6
283 5
284 5
285 4
286 4
287 4
288 4
289 4
290 4
291 4
292 3
293 3
294 3
295 3
296 3
297 3
298 3
299 5
300 5
301 5
302 5
303 5
304 5
305 5
306 5
307 5
308 6
309 6
310 6
311 7
312 7
313 7
314 7
315 7
316 8
317 7
318 7
319 6
320 6
321 6
322 6
323 6
324 6
325 6
326 6
327 6
328 6
329 5
330 6
331 6
332 6
333 6
334 7
335 7
336 7
337 7
338 6
339 6
340 5
341 6
342 6
343 6
344 6
345 6
346 6
347 5
348 5
349 4
350 4
351 4
352 4
353 3
354 4
355 4
356 4
357 3
358 4
359 4
360 4
361 4
362 4
363 5
364 4
365 4
366 5
367 5
368 5
369 5
370 5
371 5
372 6
373 4
374 4
375 5
376 5
377 5
378 6
379 6
380 5
381 5
382 5
383 5
384 4
385 4
386 4
387 4
388 5
389 5
390 5
391 5
392 5
393 5
394 6
395 6
396 6
397 6
398 6
399 6
400 6
401 6
402 6
403 6
404 6
405 6
406 6
407 6
408 6
409 6
410 5
411 5
412 5
413 5
414 5
415 5
416 5
417 6
418 6
419 6
420 6
421 6
422 5
423 5
424 5
425 5
426 6
427 6
428 6
429 5
430 6
431 5
432 5
433 4
434 5
435 5
436 4
437 2
438 1
439 1
440 2
441 3
442 4
443 5
444 5
445 5
446 6
447 5
448 5
449 6
450 6
451 6
452 6
453 6
454 5
455 5
456 5
457 5
458 5
459 5
460 5
461 5
462 6
463 6
464 5
465 4
466 4
467 5
468 4
469 5
470 4
471 5
472 6
473 6
474 6
475 6
476 6
477 6
478 6
479 6
480 6
481 6
482 5
483 4
484 4
485 4
486 4
487 4
488 5
489 5
490 5
491 4
492 4
493 4
494 5
495 4
496 4
497 4
498 4
499 5
500 4
501 3
502 4
503 4
504 4
505 5
506 4
507 4
508 4
509 4
510 4
511 5
512 5
513 5
514 6
515 5
516 5
517 5
518 4
519 4
520 4
521 4
522 4
523 5
524 5
525 4
526 4
527 4
528 4
529 3
530 3
531 4
532 4
533 5
534 5
535 5
536 5
537 5
538 4
539 4
540 5
541 5
542 6
543 5
544 5
545 4
546 4
547 4
548 4
549 5
550 6
551 6
552 6
553 6
554 5
555 5
556 4
557 4
558 5
559 5
560 5
561 5
562 6
563 7
564 5
565 7
566 6
567 6
568 5
569 5
570 5
571 6
572 6
573 5
574 6
575 7
576 7
577 8
578 8
579 7
580 7
581 7
582 7
583 6
584 5
585 5
586 6
587 6
588 6
589 5
590 5
591 7
592 6
593 5
594 4
595 4
596 4
597 4
598 5
599 6
600 6
601 5
602 6
603 6
604 6
605 6
606 6
607 6
608 6
609 5
610 7
611 8
612 6
613 6
614 6
615 5
616 5
617 5
618 5
619 5
620 5
621 5
622 5
623 4
624 3
625 3
626 3
627 3
628 4
629 4
630 3
631 3
632 4
633 4
634 4
635 3
636 3
637 4
638 4
639 3
640 3
641 3
642 3
643 3
644 3
645 3
646 4
647 4
648 5
649 3
650 3
651 2
652 2
653 3
654 3
655 2
656 2
657 3
658 4
659 4
660 5
661 5
662 5
663 6
664 6
665 6
666 5
667 6
668 6
669 6
670 6
671 5
672 6
673 6
674 6
675 6
676 5
677 3
678 2
679 2
680 2
681 2
682 3
683 3
684 2
685 2
686 2
687 2
688 3
689 3
690 5
691 4
692 4
693 4
694 6
695 6
696 5
697 4
698 4
699 4
700 3
701 3
702 3
703 3
704 2
705 2
706 2
707 3
708 3
709 3
710 2
711 2
712 2
713 3
714 3
715 4
716 4
717 4
718 6
719 7
720 7
721 6
722 5
723 5
724 5
725 6
726 6
727 5
728 4
729 5
730 5
731 4
732 4
733 4
734 5
735 5
736 5
737 5
738 6
739 6
740 6
741 5
742 6
743 6
744 7
745 6
746 5
747 4
748 4
749 4
750 4
751 5
752 4
753 4
754 4
755 4
756 5
757 5
758 5
759 5
760 5
761 5
762 5
763 5
764 5
765 5
766 5
767 5
768 5
769 5
770 6
771 5
772 5
773 5
774 5
775 5
776 3
777 3
778 3
779 4
780 4
781 3
782 3
783 3
784 4
785 4
786 4
787 3
788 3
789 5
790 5
791 6
792 6
793 6
794 7
795 6
796 6
797 6
798 6
799 5
800 6
801 5
802 4
803 3
804 4
805 4
806 5
807 4
808 5
809 6
810 6
811 6
812 5
813 5
814 6
815 6
816 5
817 5
818 6
819 5
820 5
821 5
822 5
823 5
824 4
825 4
826 4
827 5
828 5
829 5
830 5
831 6
832 6
833 6
834 6
835 6
836 6
837 5
838 5
839 5
840 6
841 6
842 5
843 6
844 7
845 7
846 7
847 7
848 6
849 7
850 7
851 8
852 6
853 6
854 5
855 5
856 5
857 5
858 5
859 6
860 7
861 5
862 5
863 6
864 5
865 4
866 4
867 4
868 4
869 4
870 5
871 5
872 5
873 5
874 5
875 5
876 5
877 5
878 5
879 5
880 4
881 4
882 5
883 5
884 4
885 4
886 5
887 5
888 3
889 3
890 3
891 3
892 4
893 4
894 6
895 6
896 6
897 5
898 4
899 4
900 3
901 3
902 3
903 3
904 4
905 4
906 4
907 4
908 4
909 4
910 4
911 4
912 4
913 5
914 6
915 6
916 6
917 6
918 6
919 6
920 6
921 6
922 6
923 6
924 6
925 6
926 6
927 5
928 4
929 4
930 4
931 4
932 3
933 4
934 5
935 5
936 4
937 5
938 5
939 4
940 3
941 3
942 4
943 4
944 4
945 5
946 4
947 3
948 3
949 2
950 2
951 2
952 3
953 2
954 3
955 3
956 4
957 3
958 2
959 3
960 3
961 4
962 3
963 2
964 2
965 2
966 2
967 2
968 3
969 3
970 3
971 2
972 3
973 4
974 4
975 4
976 5
977 3
978 3
979 4
980 5
981 5
982 5
983 5
984 5
985 7
986 7
987 6
988 6
989 6
990 6
991 5
992 4
993 3
994 3
995 2
996 3
997 3
998 3
999 4
1000 4
