0 90
1 71
2 67
3 63
4 56
5 60
6 59
7 59
8 62
9 60
10 60
11 62
12 58
13 58
14 57
15 61
16 59
17 62
18 64
19 62
20 61
21 59
22 58
23 59
24 55
25 60
26 60
27 57
28 58
29 60
30 60
31 61
32 60
33 55
34 58
35 61
36 58
37 58
38 61
39 59
40 51
41 58
42 60
43 63
44 66
45 64
46 59
47 63
48 65
49 63
50 60
51 57
52 59
53 60
54 63
55 60
56 60
57 61
58 64
59 59
60 58
61 57
62 57
63 58
64 59
65 58
66 58
67 57
68 60
69 61
70 61
71 58
72 58
73 58
74 62
75 66
76 65
77 64
78 61
79 63
80 65
81 66
82 63
83 61
84 59
85 58
86 58
87 61
88 59
89 60
90 54
91 59
92 67
93 66
94 62
95 63
96 57
97 55
98 59
99 62
100 61
101 61
102 59
103 58
104 58
105 60
106 62
107 57
108 56
109 58
110 58
111 60
112 67
113 64
114 64
115 61
116 64
117 62
118 59
119 59
120 59
121 60
122 59
123 59
124 61
125 59
126 62
127 62
128 63
129 63
130 60
131 56
132 62
133 61
134 57
135 57
136 64
137 64
138 64
139 65
140 61
141 59
142 56
143 61
144 61
145 61
146 62
147 59
148 62
149 62
150 63
151 62
152 64
153 62
154 63
155 63
156 64
157 61
158 61
159 62
160 61
161 60
162 62
163 56
164 50
165 56
166 58
167 60
168 63
169 60
170 58
171 61
172 60
173 60
174 57
175 56
176 58
177 61
178 63
179 63
180 58
181 59
182 59
183 62
184 59
185 59
186 60
187 60
188 61
189 63
190 64
191 64
192 64
193 56
194 56
195 59
196 63
197 58
198 60
199 56
200 56
201 63
202 62
203 59
204 58
205 51
206 57
207 58
208 55
209 59
210 64
211 65
212 59
213 59
214 56
215 63
216 60
217 59
218 58
219 58
220 53
221 58
222 61
223 59
224 61
225 61
226 57
227 58
228 62
229 64
230 60
231 63
232 62
233 61
234 63
235 61
236 61
237 58
238 55
239 57
240 61
241 56
242 58
243 61
244 64
245 63
246 62
247 60
248 60
249 64
250 57
251 56
252 59
253 58
254 62
255 60
256 62
257 61
258 58
259 52
260 56
261 56
262 59
263 63
264 63
265 68
266 64
267 61
268 66
269 61
270 62
271 61
272 61
273 58
274 55
275 56
276 56
277 57
278 60
279 57
280 56
281 61
282 64
283 62
284 62
285 65
286 64
287 64
288 64
289 65
290 61
291 60
292 54
293 58
294 60
295 55
296 57
297 54
298 59
299 60
300 61
301 60
302 60
303 61
304 60
305 57
306 59
307 62
308 59
309 59
310 63
311 61
312 67
313 64
314 58
315 58
316 58
317 56
318 56
319 56
320 58
321 63
322 58
323 56
324 57
325 59
326 61
327 63
328 60
329 62
330 62
331 63
332 60
333 55
334 59
335 56
336 57
337 61
338 63
339 61
340 60
341 65
342 58
343 61
344 61
345 62
346 62
347 60
348 60
349 54
350 59
351 58
352 60
353 60
354 54
355 58
356 59
357 58
358 62
359 61
360 58
361 66
362 65
363 63
364 60
365 59
366 58
367 60
368 63
369 62
370 58
371 59
372 60
373 62
374 56
375 62
376 63
377 60
378 56
379 62
380 60
381 58
382 57
383 61
384 64
385 61
386 63
387 61
388 57
389 65
390 60
391 59
392 64
393 63
394 57
395 58
396 57
397 52
398 58
399 55
400 57
401 58
402 51
403 59
404 59
405 57
406 61
407 61
408 59
409 56
410 61
411 62
412 62
413 63
414 60
415 59
416 59
417 60
418 60
419 58
420 62
421 63
422 60
423 58
424 62
425 61
426 57
427 58
428 61
429 60
430 59
431 55
432 58
433 55
434 62
435 61
436 53
437 57
438 56
439 62
440 60
441 62
442 63
443 65
444 61
445 57
446 58
447 62
448 63
449 57
450 59
451 53
452 55
453 58
454 56
455 58
456 60
457 63
458 58
459 59
460 58
461 56
462 56
463 53
464 59
465 59
466 55
467 59
468 55
469 55
470 53
471 59
472 61
473 60
474 61
475 57
476 58
477 58
478 61
479 60
480 61
481 62
482 61
483 58
484 60
485 56
486 61
487 58
488 54
489 59
490 59
491 60
492 58
493 60
494 58
495 61
496 65
497 62
498 60
499 62
500 61
501 60
502 62
503 61
504 65
505 59
506 59
507 60
508 61
509 62
510 61
511 55
512 59
513 60
514 59
515 58
516 61
517 57
518 61
519 62
520 61
521 61
522 60
523 61
524 61
525 63
526 64
527 61
528 59
529 59
530 61
531 56
532 53
533 55
534 54
535 61
536 62
537 62
538 64
539 59
540 62
541 57
542 58
543 60
544 59
545 58
546 58
547 56
548 57
549 59
550 59
551 53
552 57
553 57
554 63
555 65
556 57
557 63
558 62
559 63
560 61
561 64
562 61
563 53
564 62
565 60
566 58
567 59
568 64
569 66
570 64
571 61
572 60
573 61
574 62
575 60
576 58
577 61
578 53
579 55
580 54
581 52
582 54
583 58
584 58
585 60
586 61
587 63
588 62
589 66
590 62
591 64
592 59
593 54
594 57
595 61
596 56
597 58
598 53
599 58
600 58
601 59
602 57
603 58
604 60
605 60
606 57
607 57
608 56
609 59
610 59
611 62
612 60
613 62
614 62
615 61
616 60
617 58
618 59
619 60
620 58
621 56
622 58
623 57
624 58
625 61
626 61
627 62
628 59
629 59
630 59
631 58
632 60
633 58
634 56
635 57
636 61
637 63
638 61
639 57
640 52
641 60
642 65
643 62
644 58
645 56
646 62
647 62
648 60
649 58
650 61
651 63
652 61
653 62
654 60
655 65
656 62
657 62
658 61
659 61
660 61
661 60
662 62
663 52
664 56
665 60
666 56
667 57
668 59
669 61
670 64
671 62
672 59
673 61
674 59
675 56
676 60
677 63
678 59
679 56
680 63
681 62
682 63
683 57
684 58
685 63
686 61
687 55
688 61
689 58
690 58
691 60
692 65
693 64
694 63
695 62
696 61
697 62
698 60
699 60
700 58
701 51
702 63
703 63
704 57
705 59
706 59
707 59
708 61
709 60
710 58
711 61
712 62
713 59
714 63
715 64
716 61
717 56
718 59
719 57
720 61
721 61
722 60
723 60
724 60
725 64
726 63
727 60
728 61
729 63
730 61
731 62
732 58
733 58
734 52
735 54
736 63
737 61
738 60
739 59
740 58
741 63
742 59
743 60
744 62
745 65
746 58
747 58
748 54
749 62
750 61
751 59
752 62
753 58
754 60
755 62
756 62
757 63
758 62
759 61
760 56
761 60
762 60
763 58
764 57
765 57
766 62
767 63
768 63
769 62
770 64
771 62
772 65
773 66
774 65
775 63
776 59
777 61
778 61
779 59
780 62
781 63
782 61
783 62
784 58
785 59
786 57
787 61
788 61
789 58
790 58
791 57
792 55
793 61
794 61
795 61
796 63
797 62
798 63
799 61
800 53
801 53
802 55
803 58
804 60
805 57
806 53
807 56
808 57
809 55
810 62
811 64
812 61
813 61
814 61
815 60
816 60
817 58
818 61
819 59
820 63
821 61
822 58
823 60
824 60
825 61
826 57
827 57
828 61
829 63
830 62
831 62
832 60
833 60
834 59
835 61
836 59
837 58
838 60
839 59
840 59
841 58
842 60
843 62
844 63
845 61
846 56
847 58
848 60
849 59
850 61
851 63
852 61
853 61
854 59
855 63
856 65
857 59
858 60
859 51
860 49
861 59
862 62
863 63
864 66
865 63
866 60
867 59
868 63
869 57
870 54
871 57
872 53
873 54
874 60
875 61
876 62
877 55
878 58
879 59
880 62
881 55
882 56
883 60
884 58
885 55
886 58
887 55
888 59
889 60
890 53
891 56
892 60
893 54
894 60
895 63
896 64
897 63
898 55
899 61
900 66
901 63
902 63
903 58
904 63
905 62
906 62
907 63
908 63
909 65
910 60
911 63
912 61
913 59
914 63
915 63
916 62
917 61
918 59
919 58
920 61
921 59
922 59
923 56
924 59
925 57
926 63
927 65
928 59
929 58
930 61
931 60
932 64
933 56
934 62
935 60
936 64
937 60
938 53
939 55
940 61
941 58
942 63
943 60
944 56
945 56
946 60
947 57
948 56
949 60
950 61
951 57
952 57
953 62
954 61
955 61
956 53
957 58
958 54
959 57
960 60
961 61
962 61
963 62
964 65
965 60
966 62
967 60
968 60
969 62
970 61
971 60
972 58
973 58
974 55
975 57
976 61
977 55
978 56
979 62
980 61
981 57
982 57
983 56
984 58
985 59
986 55
987 58
988 56
989 57
990 59
991 59
992 60
993 59
994 61
995 59
996 57
997 57
998 57
999 60
1000 56
