0 80
1 64
2 53
3 47
4 49
5 46
6 51
7 49
8 49
9 51
10 53
11 53
12 48
13 52
14 54
15 54
16 56
17 55
18 53
19 52
20 46
21 48
22 49
23 48
24 54
25 50
26 49
27 50
28 54
29 55
30 53
31 52
32 56
33 54
34 49
35 51
36 51
37 56
38 58
39 54
40 51
41 46
42 51
43 53
44 53
45 53
46 52
47 49
48 45
49 46
50 47
51 48
52 52
53 49
54 51
55 52
56 53
57 51
58 52
59 52
60 48
61 51
62 51
63 55
64 54
65 52
66 48
67 50
68 52
69 53
70 54
71 52
72 54
73 52
74 52
75 50
76 51
77 50
78 47
79 48
80 48
81 50
82 51
83 52
84 52
85 48
86 47
87 45
88 48
89 53
90 51
91 56
92 54
93 53
94 47
95 52
96 50
97 49
98 52
99 52
100 52
101 49
102 52
103 47
104 51
105 51
106 50
107 49
108 54
109 51
110 51
111 51
112 50
113 51
114 51
115 48
116 48
117 51
118 54
119 55
120 53
121 51
122 52
123 54
124 54
125 49
126 49
127 53
128 54
129 51
130 52
131 53
132 49
133 52
134 53
135 51
136 50
137 47
138 50
139 49
140 44
141 50
142 49
143 49
144 50
145 49
146 50
147 51
148 49
149 52
150 55
151 53
152 47
153 53
154 51
155 52
156 53
157 55
158 53
159 54
160 55
161 53
162 52
163 53
164 51
165 52
166 48
167 47
168 52
169 52
170 54
171 54
172 51
173 53
174 54
175 54
176 51
177 52
178 53
179 50
180 51
181 51
182 51
183 49
184 52
185 50
186 53
187 50
188 51
189 49
190 47
191 51
192 54
193 51
194 54
195 47
196 54
197 49
198 53
199 53
200 56
201 56
202 54
203 55
204 51
205 52
206 52
207 44
208 53
209 48
210 50
211 51
212 52
213 49
214 49
215 54
216 54
217 54
218 50
219 53
220 53
221 55
222 53
223 53
224 54
225 54
226 54
227 52
228 51
229 54
230 50
231 48
232 54
233 52
234 52
235 54
236 54
237 53
238 52
239 51
240 51
241 49
242 47
243 43
244 49
245 50
246 52
247 52
248 51
249 52
250 52
251 53
252 53
253 52
254 53
255 54
256 47
257 45
258 49
259 53
260 48
261 50
262 52
263 48
264 54
265 52
266 52
267 50
268 50
269 48
270 51
271 46
272 51
273 56
274 53
275 52
276 52
277 53
278 55
279 52
280 44
281 46
282 46
283 50
284 53
285 52
286 53
287 54
288 52
289 54
290 53
291 52
292 54
293 52
294 48
295 52
296 56
297 53
298 52
299 49
300 51
301 50
302 53
303 49
304 50
305 55
306 51
307 51
308 51
309 53
310 52
311 51
312 52
313 52
314 52
315 53
316 53
317 56
318 49
319 49
320 52
321 51
322 52
323 50
324 55
325 52
326 54
327 52
328 52
329 55
330 50
331 52
332 51
333 49
334 51
335 54
336 53
337 48
338 50
339 47
340 54
341 51
342 54
343 53
344 54
345 56
346 58
347 55
348 52
349 51
350 56
351 56
352 54
353 51
354 51
355 49
356 48
357 50
358 48
359 52
360 51
361 52
362 54
363 55
364 55
365 56
366 55
367 52
368 53
369 53
370 52
371 52
372 54
373 52
374 56
375 52
376 53
377 52
378 51
379 52
380 48
381 54
382 52
383 52
384 53
385 53
386 54
387 52
388 55
389 49
390 49
391 50
392 51
393 56
394 56
395 52
396 52
397 50
398 52
399 52
400 53
401 51
402 53
403 55
404 54
405 53
406 53
407 51
408 48
409 50
410 50
411 52
412 51
413 54
414 53
415 52
416 51
417 47
418 47
419 50
420 56
421 54
422 51
423 53
424 56
425 51
426 48
427 47
428 51
429 52
430 52
431 52
432 54
433 53
434 55
435 50
436 51
437 52
438 48
439 49
440 48
441 49
442 47
443 50
444 51
445 54
446 51
447 53
448 52
449 48
450 51
451 47
452 49
453 54
454 53
455 51
456 52
457 53
458 49
459 47
460 50
461 49
462 52
463 46
464 50
465 50
466 49
467 54
468 49
469 51
470 53
471 50
472 51
473 54
474 50
475 52
476 48
477 49
478 45
479 50
480 52
481 50
482 46
483 44
484 47
485 52
486 53
487 56
488 54
489 49
490 55
491 54
492 55
493 56
494 52
495 55
496 53
497 53
498 54
499 52
500 52
501 53
502 56
503 53
504 51
505 50
506 50
507 49
508 52
509 52
510 50
511 53
512 51
513 51
514 50
515 54
516 54
517 52
518 52
519 54
520 55
521 54
522 51
523 51
524 49
525 52
526 53
527 55
528 55
529 53
530 52
531 53
532 49
533 51
534 54
535 58
536 54
537 53
538 53
539 53
540 51
541 51
542 54
543 52
544 47
545 51
546 51
547 54
548 56
549 53
550 48
551 50
552 52
553 51
554 53
555 53
556 53
557 46
558 47
559 47
560 50
561 49
562 52
563 53
564 51
565 51
566 50
567 51
568 52
569 54
570 50
571 50
572 50
573 52
574 50
575 49
576 52
577 55
578 57
579 54
580 56
581 55
582 56
583 51
584 49
585 49
586 51
587 53
588 52
589 51
590 55
591 53
592 56
593 51
594 55
595 51
596 53
597 54
598 54
599 54
600 56
601 53
602 55
603 55
604 50
605 51
606 53
607 50
608 51
609 55
610 53
611 49
612 51
613 48
614 51
615 50
616 52
617 48
618 50
619 51
620 53
621 53
622 52
623 51
624 50
625 50
626 53
627 54
628 52
629 54
630 55
631 50
632 49
633 53
634 52
635 55
636 56
637 54
638 52
639 54
640 50
641 52
642 54
643 54
644 53
645 52
646 52
647 51
648 50
649 50
650 51
651 53
652 50
653 48
654 49
655 52
656 55
657 54
658 51
659 55
660 54
661 52
662 52
663 51
664 49
665 50
666 52
667 51
668 54
669 53
670 55
671 55
672 56
673 56
674 53
675 56
676 55
677 51
678 52
679 52
680 49
681 52
682 54
683 49
684 53
685 51
686 52
687 53
688 51
689 53
690 51
691 49
692 55
693 55
694 54
695 50
696 54
697 51
698 50
699 49
700 51
701 48
702 50
703 49
704 51
705 54
706 54
707 51
708 50
709 50
710 50
711 50
712 51
713 52
714 53
715 52
716 56
717 49
718 55
719 56
720 55
721 52
722 51
723 53
724 54
725 53
726 53
727 54
728 49
729 48
730 47
731 48
732 50
733 48
734 48
735 49
736 51
737 50
738 51
739 46
740 51
741 53
742 50
743 48
744 51
745 52
746 56
747 52
748 54
749 51
750 51
751 51
752 50
753 53
754 49
755 54
756 57
757 55
758 54
759 52
760 51
761 49
762 53
763 54
764 47
765 55
766 52
767 48
768 51
769 52
770 52
771 50
772 49
773 53
774 55
775 55
776 53
777 53
778 54
779 54
780 52
781 53
782 52
783 51
784 50
785 55
786 51
787 50
788 46
789 49
790 49
791 48
792 49
793 50
794 50
795 52
796 54
797 53
798 54
799 51
800 52
801 49
802 45
803 44
804 49
805 50
806 51
807 49
808 48
809 47
810 51
811 51
812 51
813 54
814 50
815 54
816 49
817 50
818 48
819 51
820 54
821 52
822 53
823 54
824 54
825 52
826 48
827 50
828 49
829 53
830 50
831 51
832 55
833 47
834 45
835 49
836 47
837 55
838 53
839 54
840 48
841 52
842 51
843 55
844 52
845 54
846 51
847 54
848 56
849 52
850 52
851 54
852 54
853 56
854 56
855 58
856 49
857 48
858 48
859 50
860 52
861 53
862 49
863 50
864 50
865 53
866 53
867 49
868 50
869 49
870 52
871 53
872 53
873 54
874 49
875 52
876 53
877 49
878 51
879 55
880 54
881 54
882 53
883 54
884 51
885 50
886 54
887 53
888 53
889 51
890 51
891 53
892 56
893 50
894 50
895 51
896 52
897 49
898 49
899 53
900 54
901 55
902 45
903 46
904 49
905 50
906 52
907 53
908 56
909 52
910 41
911 44
912 50
913 50
914 53
915 54
916 52
917 50
918 52
919 50
920 54
921 55
922 52
923 51
924 47
925 51
926 51
927 54
928 54
929 56
930 49
931 53
932 51
933 49
934 51
935 52
936 55
937 52
938 54
939 53
940 57
941 53
942 50
943 49
944 53
945 49
946 48
947 53
948 55
949 49
950 48
951 47
952 54
953 52
954 54
955 54
956 54
957 53
958 55
959 50
960 52
961 46
962 51
963 52
964 52
965 50
966 53
967 51
968 52
969 51
970 53
971 53
972 52
973 50
974 51
975 53
976 54
977 53
978 52
979 51
980 50
981 52
982 51
983 52
984 52
985 54
986 58
987 52
988 54
989 53
990 48
991 53
992 50
993 46
994 44
995 47
996 50
997 53
998 49
999 50
1000 53
