0 75
1 60
2 51
3 49
4 51
5 49
6 47
7 51
8 50
9 49
10 55
11 53
12 49
13 49
14 50
15 46
16 53
17 54
18 50
19 52
20 50
21 51
22 53
23 52
24 55
25 51
26 49
27 52
28 52
29 49
30 52
31 50
32 50
33 52
34 52
35 52
36 57
37 53
38 50
39 48
40 49
41 53
42 53
43 55
44 57
45 49
46 51
47 50
48 57
49 57
50 58
51 57
52 54
53 52
54 54
55 49
56 51
57 47
58 48
59 52
60 50
61 52
62 51
63 55
64 50
65 52
66 51
67 53
68 51
69 53
70 52
71 58
72 52
73 51
74 51
75 50
76 53
77 55
78 54
79 50
80 47
81 49
82 47
83 48
84 48
85 52
86 55
87 48
88 55
89 56
90 55
91 52
92 49
93 53
94 56
95 53
96 52
97 52
98 51
99 50
100 57
101 51
102 54
103 55
104 56
105 54
106 52
107 51
108 53
109 50
110 53
111 50
112 51
113 50
114 51
115 51
116 48
117 51
118 49
119 53
120 56
121 55
122 54
123 55
124 50
125 54
126 58
127 51
128 52
129 51
130 48
131 51
132 51
133 52
134 52
135 53
136 50
137 50
138 54
139 51
140 49
141 49
142 53
143 53
144 49
145 53
146 55
147 55
148 54
149 54
150 51
151 47
152 51
153 53
154 48
155 55
156 49
157 47
158 48
159 52
160 51
161 52
162 53
163 50
164 48
165 50
166 53
167 56
168 52
169 56
170 54
171 50
172 51
173 41
174 45
175 54
176 51
177 49
178 47
179 54
180 54
181 51
182 52
183 53
184 46
185 50
186 53
187 53
188 51
189 53
190 43
191 45
192 51
193 54
194 51
195 53
196 52
197 50
198 49
199 53
200 50
201 50
202 52
203 50
204 53
205 54
206 54
207 52
208 49
209 52
210 50
211 52
212 46
213 45
214 51
215 50
216 50
217 50
218 50
219 51
220 54
221 51
222 51
223 49
224 49
225 50
226 47
227 51
228 52
229 50
230 54
231 54
232 54
233 53
234 54
235 56
236 51
237 52
238 50
239 56
240 56
241 54
242 53
243 50
244 50
245 47
246 46
247 47
248 53
249 50
250 44
251 52
252 54
253 52
254 52
255 48
256 50
257 54
258 50
259 50
260 54
261 52
262 53
263 44
264 47
265 48
266 48
267 51
268 43
269 51
270 51
271 49
272 50
273 51
274 51
275 54
276 55
277 49
278 50
279 51
280 53
281 54
282 54
283 51
284 50
285 44
286 46
287 41
288 48
289 51
290 51
291 45
292 51
293 51
294 49
295 49
296 50
297 55
298 53
299 54
300 51
301 50
302 52
303 49
304 47
305 46
306 49
307 51
308 45
309 52
310 50
311 51
312 54
313 54
314 53
315 50
316 50
317 50
318 52
319 52
320 51
321 53
322 51
323 51
324 52
325 50
326 51
327 52
328 50
329 53
330 51
331 51
332 53
333 51
334 48
335 50
336 50
337 49
338 52
339 55
340 52
341 52
342 50
343 50
344 51
345 53
346 51
347 49
348 47
349 50
350 51
351 52
352 49
353 49
354 52
355 55
356 52
357 53
358 52
359 49
360 47
361 45
362 48
363 49
364 52
365 53
366 54
367 50
368 51
369 56
370 50
371 47
372 52
373 53
374 52
375 52
376 53
377 49
378 53
379 52
380 49
381 50
382 49
383 46
384 52
385 43
386 45
387 49
388 49
389 53
390 55
391 49
392 44
393 51
394 52
395 54
396 51
397 54
398 51
399 53
400 52
401 51
402 56
403 49
404 51
405 54
406 50
407 51
408 50
409 47
410 50
411 50
412 50
413 48
414 51
415 49
416 53
417 51
418 51
419 45
420 51
421 49
422 45
423 47
424 47
425 49
426 52
427 49
428 49
429 46
430 51
431 56
432 51
433 52
434 54
435 48
436 49
437 53
438 50
439 47
440 49
441 53
442 49
443 50
444 42
445 46
446 49
447 51
448 50
449 53
450 47
451 48
452 52
453 54
454 48
455 52
456 53
457 51
458 50
459 50
460 50
461 50
462 49
463 46
464 53
465 48
466 54
467 56
468 54
469 49
470 47
471 51
472 53
473 52
474 51
475 52
476 52
477 49
478 50
479 52
480 49
481 53
482 53
483 53
484 51
485 46
486 49
487 46
488 53
489 47
490 51
491 58
492 55
493 51
494 50
495 49
496 50
497 56
498 48
499 48
500 52
501 53
502 51
503 52
504 50
505 48
506 48
507 44
508 50
509 47
510 46
511 50
512 52
513 49
514 50
515 53
516 52
517 46
518 45
519 51
520 53
521 52
522 53
523 53
524 52
525 53
526 55
527 49
528 54
529 51
530 54
531 57
532 54
533 52
534 52
535 49
536 48
537 52
538 53
539 58
540 56
541 56
542 48
543 51
544 50
545 54
546 54
547 54
548 52
549 50
550 50
551 47
552 47
553 51
554 46
555 44
556 48
557 43
558 48
559 53
560 47
561 48
562 48
563 47
564 52
565 51
566 49
567 53
568 49
569 53
570 50
571 55
572 50
573 51
574 57
575 52
576 52
577 54
578 50
579 51
580 51
581 50
582 52
583 45
584 48
585 42
586 53
587 54
588 54
589 47
590 50
591 44
592 48
593 50
594 53
595 53
596 50
597 49
598 46
599 52
600 50
601 55
602 56
603 50
604 49
605 51
606 50
607 49
608 52
609 55
610 48
611 50
612 54
613 53
614 54
615 46
616 49
617 48
618 51
619 52
620 47
621 46
622 49
623 51
624 48
625 48
626 53
627 54
628 52
629 51
630 47
631 49
632 48
633 52
634 47
635 47
636 45
637 52
638 54
639 54
640 50
641 55
642 52
643 50
644 46
645 50
646 51
647 52
648 49
649 53
650 53
651 54
652 55
653 52
654 55
655 54
656 55
657 53
658 55
659 53
660 50
661 50
662 47
663 51
664 55
665 51
666 51
667 53
668 49
669 54
670 50
671 50
672 51
673 53
674 48
675 46
676 50
677 53
678 52
679 55
680 58
681 58
682 49
683 48
684 51
685 50
686 53
687 55
688 51
689 50
690 54
691 52
692 56
693 52
694 46
695 48
696 51
697 51
698 48
699 48
700 54
701 52
702 51
703 52
704 55
705 45
706 50
707 48
708 51
709 51
710 50
711 51
712 53
713 47
714 48
715 43
716 52
717 44
718 45
719 46
720 47
721 52
722 49
723 52
724 51
725 51
726 50
727 48
728 52
729 54
730 51
731 49
732 46
733 48
734 53
735 48
736 49
737 48
738 53
739 54
740 49
741 45
742 45
743 49
744 56
745 53
746 52
747 51
748 51
749 49
750 52
751 51
752 56
753 55
754 51
755 52
756 47
757 49
758 54
759 53
760 50
761 40
762 52
763 50
764 52
765 51
766 53
767 49
768 49
769 51
770 48
771 45
772 48
773 54
774 52
775 53
776 55
777 52
778 48
779 51
780 47
781 49
782 46
783 50
784 48
785 53
786 53
787 47
788 51
789 47
790 51
791 52
792 51
793 52
794 50
795 49
796 49
797 50
798 44
799 50
800 44
801 49
802 49
803 45
804 50
805 47
806 53
807 54
808 54
809 54
810 50
811 54
812 53
813 53
814 49
815 51
816 52
817 47
818 48
819 45
820 52
821 55
822 49
823 49
824 51
825 50
826 52
827 53
828 51
829 53
830 47
831 52
832 52
833 52
834 50
835 51
836 50
837 49
838 51
839 51
840 51
841 48
842 50
843 53
844 50
845 52
846 49
847 50
848 54
849 47
850 46
851 47
852 51
853 46
854 48
855 52
856 54
857 55
858 56
859 54
860 53
861 47
862 45
863 49
864 50
865 52
866 51
867 48
868 50
869 44
870 51
871 52
872 51
873 46
874 49
875 47
876 48
877 51
878 55
879 53
880 51
881 50
882 50
883 52
884 50
885 54
886 55
887 52
888 52
889 51
890 57
891 57
892 55
893 55
894 50
895 48
896 46
897 50
898 47
899 51
900 53
901 51
902 50
903 51
904 49
905 49
906 55
907 47
908 49
909 53
910 56
911 49
912 47
913 49
914 49
915 47
916 49
917 52
918 50
919 48
920 51
921 47
922 47
923 49
924 44
925 46
926 46
927 53
928 49
929 50
930 54
931 53
932 50
933 48
934 46
935 48
936 45
937 48
938 48
939 51
940 54
941 55
942 52
943 50
944 51
945 55
946 48
947 46
948 50
949 47
950 48
951 51
952 47
953 49
954 51
955 51
956 51
957 51
958 50
959 53
960 51
961 48
962 46
963 49
964 54
965 53
966 53
967 50
968 51
969 54
970 52
971 56
972 50
973 48
974 52
975 52
976 52
977 48
978 51
979 52
980 53
981 55
982 56
983 55
984 52
985 53
986 47
987 50
988 50
989 45
990 48
991 50
992 48
993 53
994 51
995 49
996 48
997 48
998 48
999 47
1000 46
