0 5
1 4
2 3
3 3
4 2
5 1
6 1
7 3
8 2
9 3
10 2
11 2
12 3
13 3
14 2
15 4
16 4
17 4
18 4
19 3
20 3
21 3
22 3
23 3
24 2
25 3
26 3
27 3
28 3
29 2
30 2
31 3
32 3
33 3
34 2
35 1
36 1
37 2
38 1
39 1
40 1
41 1
42 1
43 2
44 1
45 0
46 1
47 1
48 2
49 3
50 3
51 3
52 3
53 2
54 2
55 2
56 2
57 2
58 1
59 2
60 2
61 1
62 1
63 2
64 2
65 3
66 2
67 1
68 3
69 3
70 3
71 3
72 2
73 3
74 2
75 1
76 2
77 1
78 2
79 2
80 1
81 1
82 2
83 2
84 3
85 2
86 2
87 1
88 1
89 0
90 1
91 2
92 2
93 3
94 3
95 2
96 2
97 2
98 3
99 2
100 1
101 2
102 2
103 2
104 3
105 2
106 1
107 2
108 3
109 2
110 2
111 2
112 2
113 2
114 2
115 2
116 2
117 2
118 2
119 1
120 0
121 1
122 2
123 2
124 1
125 2
126 3
127 2
128 2
129 2
130 3
131 2
132 1
133 1
134 2
135 2
136 2
137 2
138 1
139 2
140 2
141 2
142 2
143 2
144 1
145 0
146 0
147 1
148 2
149 2
150 3
151 2
152 2
153 3
154 3
155 4
156 3
157 2
158 2
159 3
160 2
161 1
162 1
163 1
164 2
165 1
166 2
167 2
168 2
169 1
170 1
171 3
172 2
173 2
174 2
175 2
176 1
177 1
178 2
179 1
180 1
181 1
182 3
183 4
184 3
185 3
186 2
187 3
188 4
189 4
190 4
191 2
192 2
193 1
194 2
195 2
196 2
197 1
198 1
199 1
200 1
201 2
202 2
203 3
204 4
205 3
206 1
207 1
208 1
209 2
210 2
211 2
212 1
213 3
214 2
215 2
216 1
217 2
218 2
219 2
220 1
221 1
222 2
223 3
224 2
225 3
226 2
227 2
228 3
229 2
230 2
231 2
232 2
233 2
234 1
235 1
236 2
237 2
238 2
239 1
240 1
241 1
242 1
243 1
244 0
245 1
246 2
247 2
248 2
249 2
250 3
251 2
252 2
253 2
254 3
255 2
256 1
257 2
258 3
259 2
260 2
261 2
262 1
263 0
264 1
265 1
266 1
267 1
268 2
269 3
270 1
271 3
272 2
273 2
274 2
275 2
276 1
277 2
278 1
279 1
280 2
281 2
282 2
283 2
284 2
285 2
286 4
287 4
288 4
289 2
290 1
291 1
292 1
293 1
294 2
295 2
296 1
297 3
298 3
299 2
300 2
301 2
302 1
303 1
304 2
305 2
306 2
307 2
308 2
309 2
310 0
311 0
312 0
313 1
314 3
315 3
316 2
317 2
318 1
319 1
320 2
321 2
322 3
323 2
324 2
325 1
326 1
327 2
328 2
329 2
330 2
331 3
332 3
333 1
334 2
335 1
336 1
337 2
338 1
339 2
340 3
341 3
342 3
343 2
344 3
345 3
346 3
347 3
348 2
349 2
350 3
351 3
352 3
353 2
354 1
355 1
356 2
357 2
358 1
359 2
360 3
361 2
362 1
363 2
364 2
365 2
366 1
367 2
368 2
369 1
370 0
371 1
372 2
373 1
374 0
375 0
376 1
377 2
378 1
379 1
380 1
381 1
382 2
383 1
384 1
385 1
386 2
387 2
388 1
389 2
390 2
391 2
392 2
393 2
394 2
395 2
396 2
397 3
398 3
399 3
400 3
401 3
402 3
403 3
404 3
405 2
406 1
407 1
408 1
409 2
410 2
411 1
412 2
413 2
414 3
415 3
416 2
417 1
418 1
419 0
420 1
421 2
422 2
423 3
424 2
425 3
426 4
427 3
428 1
429 1
430 0
431 1
432 0
433 0
434 0
435 1
436 1
437 2
438 2
439 1
440 1
441 2
442 2
443 2
444 2
445 3
446 4
447 3
448 3
449 3
450 1
451 2
452 2
453 1
454 1
455 3
456 3
457 4
458 2
459 1
460 2
461 2
462 2
463 2
464 3
465 3
466 1
467 2
468 2
469 1
470 1
471 2
472 2
473 1
474 2
475 2
476 2
477 1
478 0
479 2
480 3
481 2
482 2
483 2
484 2
485 2
486 1
487 1
488 2
489 1
490 3
491 3
492 3
493 2
494 2
495 3
496 2
497 1
498 2
499 2
500 1
501 1
502 1
503 1
504 2
505 1
506 1
507 1
508 3
509 4
510 3
511 2
512 2
513 2
514 2
515 2
516 3
517 3
518 3
519 2
520 4
521 3
522 3
523 1
524 1
525 1
526 1
527 2
528 1
529 1
530 2
531 1
532 1
533 3
534 3
535 2
536 2
537 2
538 1
539 1
540 1
541 1
542 2
543 3
544 3
545 4
546 3
547 2
548 2
549 1
550 2
551 1
552 0
553 1
554 2
555 0
556 0
557 0
558 0
559 1
560 2
561 2
562 1
563 1
564 1
565 1
566 2
567 2
568 2
569 2
570 2
571 3
572 2
573 0
574 1
575 1
576 3
577 3
578 5
579 3
580 3
581 2
582 3
583 3
584 2
585 3
586 4
587 3
588 2
589 2
590 2
591 2
592 0
593 0
594 1
595 2
596 2
597 2
598 3
599 2
600 4
601 3
602 3
603 3
604 3
605 2
606 2
607 2
608 2
609 2
610 1
611 2
612 2
613 3
614 3
615 3
616 2
617 2
618 2
619 2
620 3
621 1
622 1
623 2
624 2
625 2
626 2
627 3
628 3
629 3
630 3
631 3
632 3
633 3
634 4
635 4
636 4
637 4
638 3
639 2
640 1
641 1
642 0
643 1
644 2
645 3
646 2
647 0
648 1
649 1
650 2
651 2
652 3
653 3
654 2
655 3
656 3
657 2
658 2
659 2
660 2
661 3
662 4
663 3
664 4
665 3
666 3
667 2
668 1
669 3
670 3
671 2
672 2
673 2
674 2
675 2
676 2
677 1
678 2
679 1
680 1
681 2
682 1
683 2
684 1
685 1
686 1
687 2
688 3
689 2
690 1
691 1
692 2
693 2
694 4
695 3
696 1
697 2
698 2
699 3
700 2
701 3
702 3
703 4
704 2
705 2
706 2
707 2
708 2
709 1
710 1
711 2
712 2
713 2
714 3
715 2
716 1
717 1
718 2
719 0
720 2
721 3
722 2
723 3
724 2
725 2
726 2
727 2
728 1
729 2
730 2
731 2
732 2
733 2
734 1
735 2
736 2
737 1
738 1
739 2
740 2
741 3
742 2
743 2
744 2
745 1
746 1
747 1
748 3
749 3
750 2
751 2
752 0
753 0
754 1
755 2
756 0
757 2
758 2
759 2
760 1
761 2
762 2
763 2
764 2
765 2
766 2
767 2
768 2
769 3
770 3
771 2
772 1
773 2
774 3
775 3
776 3
777 3
778 2
779 2
780 2
781 2
782 1
783 1
784 2
785 3
786 2
787 1
788 2
789 3
790 3
791 3
792 2
793 2
794 2
795 3
796 2
797 3
798 3
799 2
800 2
801 2
802 2
803 2
804 3
805 3
806 3
807 3
808 3
809 3
810 2
811 0
812 1
813 0
814 1
815 1
816 1
817 2
818 2
819 3
820 3
821 3
822 2
823 3
824 3
825 3
826 5
827 4
828 4
829 3
830 3
831 3
832 2
833 2
834 1
835 2
836 2
837 1
838 2
839 1
840 2
841 2
842 2
843 3
844 2
845 1
846 1
847 0
848 2
849 2
850 2
851 2
852 2
853 0
854 1
855 2
856 2
857 1
858 1
859 2
860 3
861 2
862 1
863 2
864 2
865 3
866 3
867 1
868 2
869 3
870 2
871 3
872 3
873 2
874 3
875 2
876 1
877 1
878 1
879 1
880 1
881 1
882 1
883 2
884 2
885 1
886 1
887 3
888 1
889 2
890 2
891 2
892 2
893 2
894 2
895 2
896 2
897 2
898 2
899 2
900 2
901 1
902 1
903 2
904 2
905 1
906 2
907 1
908 1
909 1
910 1
911 1
912 1
913 2
914 2
915 3
916 1
917 1
918 2
919 3
920 2
921 2
922 2
923 3
924 1
925 2
926 1
927 1
928 3
929 2
930 2
931 2
932 1
933 1
934 2
935 2
936 2
937 3
938 2
939 3
940 3
941 3
942 2
943 2
944 2
945 2
946 2
947 1
948 1
949 1
950 3
951 3
952 1
953 1
954 2
955 2
956 3
957 3
958 1
959 1
960 2
961 2
962 2
963 1
964 1
965 1
966 1
967 1
968 1
969 2
970 3
971 2
972 2
973 1
974 1
975 3
976 3
977 3
978 1
979 2
980 2
981 3
982 2
983 1
984 2
985 2
986 3
987 3
988 3
989 3
990 3
991 2
992 2
993 1
994 2
995 2
996 2
997 2
998 1
999 1
1000 2
