0 35
1 20
2 26
3 26
4 28
5 21
6 24
7 22
8 23
9 27
10 24
11 25
12 19
13 24
14 26
15 22
16 27
17 28
18 25
19 23
20 23
21 29
22 27
23 28
24 25
25 27
26 26
27 25
28 21
29 20
30 22
31 27
32 27
33 21
34 18
35 27
36 24
37 27
38 25
39 25
40 24
41 26
42 22
43 27
44 24
45 27
46 22
47 24
48 26
49 22
50 27
51 25
52 27
53 25
54 24
55 29
56 21
57 24
58 24
59 24
60 20
61 26
62 28
63 24
64 27
65 27
66 25
67 24
68 30
69 27
70 27
71 23
72 25
73 25
74 24
75 27
76 26
77 25
78 24
79 24
80 25
81 21
82 25
83 26
84 27
85 27
86 26
87 25
88 26
89 23
90 26
91 26
92 28
93 24
94 21
95 24
96 25
97 25
98 26
99 24
100 22
101 27
102 24
103 29
104 26
105 23
106 22
107 22
108 22
109 23
110 22
111 25
112 25
113 26
114 27
115 29
116 26
117 29
118 23
119 20
120 24
121 24
122 26
123 25
124 24
125 26
126 26
127 23
128 24
129 23
130 23
131 28
132 22
133 20
134 27
135 25
136 26
137 23
138 19
139 24
140 24
141 26
142 25
143 27
144 29
145 24
146 21
147 19
148 25
149 26
150 25
151 25
152 23
153 20
154 20
155 22
156 23
157 24
158 28
159 22
160 20
161 24
162 22
163 21
164 23
165 25
166 27
167 26
168 27
169 26
170 23
171 29
172 25
173 26
174 24
175 22
176 23
177 25
178 27
179 23
180 27
181 25
182 27
183 26
184 23
185 27
186 26
187 24
188 25
189 24
190 26
191 25
192 26
193 27
194 28
195 24
196 23
197 27
198 24
199 20
200 25
201 22
202 23
203 26
204 22
205 18
206 25
207 29
208 25
209 23
210 22
211 24
212 23
213 27
214 25
215 21
216 24
217 22
218 25
219 22
220 23
221 25
222 25
223 24
224 23
225 24
226 28
227 24
228 26
229 26
230 26
231 25
232 24
233 25
234 27
235 24
236 26
237 25
238 25
239 26
240 27
241 25
242 22
243 27
244 25
245 26
246 23
247 25
248 27
249 23
250 28
251 24
252 22
253 24
254 26
255 26
256 25
257 26
258 22
259 22
260 24
261 25
262 27
263 27
264 25
265 27
266 24
267 25
268 30
269 26
270 24
271 28
272 25
273 25
274 22
275 27
276 22
277 28
278 26
279 26
280 26
281 28
282 26
283 23
284 25
285 25
286 25
287 26
288 29
289 23
290 24
291 27
292 26
293 27
294 24
295 24
296 24
297 25
298 22
299 23
300 27
301 26
302 23
303 25
304 23
305 24
306 22
307 24
308 25
309 22
310 27
311 24
312 23
313 24
314 22
315 23
316 26
317 26
318 26
319 26
320 25
321 23
322 25
323 26
324 25
325 24
326 20
327 20
328 24
329 27
330 29
331 20
332 25
333 24
334 26
335 24
336 26
337 25
338 22
339 23
340 21
341 25
342 25
343 28
344 24
345 25
346 26
347 24
348 24
349 22
350 27
351 23
352 25
353 24
354 23
355 25
356 25
357 23
358 24
359 26
360 23
361 28
362 22
363 27
364 25
365 23
366 24
367 28
368 24
369 25
370 24
371 25
372 25
373 23
374 24
375 24
376 26
377 25
378 19
379 26
380 25
381 25
382 27
383 28
384 24
385 25
386 26
387 26
388 26
389 25
390 24
391 22
392 20
393 25
394 25
395 26
396 24
397 22
398 25
399 22
400 18
401 23
402 23
403 25
404 26
405 27
406 25
407 23
408 24
409 27
410 23
411 22
412 24
413 23
414 24
415 24
416 27
417 24
418 26
419 22
420 25
421 23
422 24
423 28
424 27
425 26
426 24
427 24
428 26
429 27
430 25
431 26
432 22
433 28
434 25
435 24
436 25
437 24
438 22
439 27
440 27
441 28
442 26
443 29
444 23
445 22
446 24
447 25
448 24
449 26
450 26
451 22
452 27
453 18
454 26
455 27
456 23
457 24
458 25
459 26
460 28
461 26
462 28
463 24
464 26
465 25
466 25
467 19
468 25
469 26
470 20
471 22
472 23
473 21
474 22
475 28
476 23
477 25
478 26
479 24
480 25
481 24
482 25
483 28
484 28
485 26
486 24
487 21
488 23
489 24
490 23
491 25
492 27
493 28
494 28
495 24
496 24
497 18
498 24
499 27
500 27
501 25
502 26
503 22
504 23
505 22
506 23
507 27
508 25
509 21
510 24
511 25
512 27
513 23
514 25
515 23
516 26
517 24
518 22
519 25
520 23
521 19
522 19
523 27
524 26
525 26
526 26
527 27
528 22
529 25
530 28
531 22
532 24
533 26
534 25
535 25
536 27
537 22
538 23
539 21
540 24
541 24
542 26
543 24
544 25
545 23
546 20
547 24
548 26
549 26
550 28
551 25
552 25
553 30
554 24
555 25
556 24
557 26
558 25
559 19
560 24
561 26
562 25
563 25
564 25
565 26
566 27
567 28
568 24
569 23
570 24
571 24
572 21
573 28
574 26
575 25
576 27
577 25
578 22
579 26
580 23
581 24
582 23
583 23
584 25
585 28
586 23
587 23
588 24
589 27
590 21
591 25
592 22
593 22
594 24
595 24
596 24
597 25
598 26
599 24
600 28
601 22
602 23
603 27
604 24
605 23
606 26
607 26
608 23
609 25
610 24
611 25
612 25
613 24
614 29
615 25
616 25
617 26
618 24
619 23
620 27
621 23
622 24
623 25
624 23
625 23
626 24
627 23
628 29
629 23
630 25
631 24
632 24
633 21
634 27
635 24
636 27
637 25
638 21
639 25
640 25
641 25
642 25
643 26
644 21
645 23
646 25
647 24
648 26
649 25
650 26
651 23
652 21
653 25
654 23
655 25
656 22
657 27
658 25
659 27
660 23
661 24
662 27
663 27
664 24
665 29
666 21
667 21
668 24
669 27
670 28
671 23
672 24
673 24
674 26
675 24
676 24
677 25
678 23
679 24
680 22
681 20
682 24
683 27
684 26
685 24
686 23
687 22
688 24
689 26
690 26
691 24
692 23
693 23
694 20
695 24
696 25
697 24
698 25
699 22
700 24
701 22
702 22
703 26
704 22
705 23
706 28
707 27
708 24
709 23
710 26
711 24
712 26
713 24
714 25
715 19
716 26
717 26
718 27
719 28
720 21
721 21
722 25
723 26
724 19
725 28
726 26
727 20
728 27
729 26
730 27
731 22
732 29
733 28
734 22
735 28
736 23
737 24
738 24
739 23
740 24
741 19
742 28
743 23
744 29
745 26
746 23
747 27
748 28
749 23
750 29
751 28
752 21
753 27
754 28
755 29
756 24
757 24
758 26
759 27
760 24
761 24
762 25
763 25
764 28
765 24
766 25
767 20
768 24
769 22
770 21
771 28
772 26
773 25
774 25
775 26
776 22
777 21
778 23
779 19
780 22
781 27
782 22
783 21
784 24
785 25
786 27
787 26
788 26
789 27
790 28
791 21
792 25
793 28
794 27
795 20
796 22
797 27
798 27
799 26
800 25
801 24
802 21
803 27
804 23
805 27
806 29
807 25
808 26
809 24
810 22
811 20
812 22
813 28
814 24
815 28
816 24
817 21
818 27
819 27
820 26
821 25
822 24
823 25
824 25
825 26
826 22
827 24
828 22
829 24
830 26
831 25
832 27
833 26
834 23
835 25
836 26
837 22
838 24
839 24
840 23
841 24
842 25
843 24
844 26
845 26
846 26
847 30
848 25
849 23
850 23
851 25
852 26
853 27
854 23
855 26
856 26
857 25
858 28
859 25
860 24
861 28
862 27
863 24
864 24
865 23
866 25
867 27
868 27
869 26
870 22
871 24
872 28
873 21
874 23
875 24
876 27
877 23
878 28
879 25
880 28
881 27
882 24
883 28
884 24
885 28
886 23
887 22
888 22
889 23
890 24
891 23
892 26
893 28
894 28
895 28
896 25
897 24
898 27
899 23
900 24
901 24
902 30
903 24
904 24
905 30
906 27
907 24
908 22
909 27
910 28
911 23
912 25
913 24
914 24
915 23
916 23
917 22
918 27
919 26
920 25
921 24
922 24
923 25
924 28
925 24
926 24
927 26
928 26
929 21
930 23
931 25
932 26
933 25
934 23
935 24
936 30
937 23
938 23
939 26
940 27
941 28
942 22
943 22
944 26
945 29
946 25
947 25
948 26
949 26
950 25
951 25
952 23
953 26
954 28
955 24
956 25
957 27
958 25
959 26
960 27
961 21
962 29
963 20
964 24
965 26
966 27
967 22
968 23
969 31
970 26
971 27
972 29
973 23
974 25
975 26
976 25
977 24
978 25
979 27
980 26
981 20
982 24
983 27
984 24
985 23
986 24
987 24
988 18
989 23
990 26
991 27
992 26
993 22
994 28
995 22
996 26
997 26
998 25
999 26
1000 26
