0 60
1 59
2 57
3 56
4 55
5 53
6 51
7 49
8 48
9 47
10 45
11 43
12 42
13 42
14 40
15 39
16 37
17 36
18 36
19 35
20 35
21 35
22 35
23 35
24 35
25 33
26 33
27 33
28 32
29 32
30 32
31 32
32 31
33 31
34 31
35 29
36 29
37 29
38 28
39 27
40 26
41 24
42 23
43 22
44 21
45 21
46 19
47 19
48 20
49 20
50 20
51 18
52 18
53 18
54 17
55 17
56 16
57 15
58 15
59 15
60 14
61 14
62 14
63 13
64 13
65 13
66 14
67 12
68 13
69 13
70 13
71 13
72 13
73 13
74 13
75 13
76 12
77 11
78 12
79 13
80 13
81 13
82 12
83 12
84 12
85 12
86 12
87 12
88 12
89 12
90 12
91 12
92 13
93 14
94 14
95 14
96 14
97 14
98 14
99 14
100 14
101 15
102 16
103 16
104 16
105 16
106 16
107 16
108 16
109 16
110 16
111 16
112 15
113 14
114 14
115 14
116 13
117 13
118 12
119 12
120 11
121 10
122 10
123 10
124 10
125 11
126 11
127 11
128 11
129 11
130 11
131 11
132 11
133 11
134 11
135 11
136 10
137 10
138 10
139 10
140 10
141 10
142 10
143 11
144 12
145 12
146 12
147 12
148 12
149 12
150 12
151 12
152 12
153 12
154 13
155 13
156 13
157 12
158 12
159 11
160 11
161 12
162 11
163 10
164 10
165 9
166 10
167 10
168 11
169 10
170 10
171 9
172 9
173 11
174 12
175 11
176 11
177 11
178 11
179 13
180 13
181 14
182 14
183 13
184 13
185 13
186 13
187 13
188 12
189 11
190 11
191 11
192 11
193 11
194 11
195 11
196 11
197 11
198 11
199 12
200 12
201 12
202 11
203 11
204 12
205 12
206 11
207 11
208 11
209 11
210 11
211 11
212 10
213 10
214 9
215 9
216 9
217 9
218 9
219 9
220 9
221 9
222 9
223 9
224 9
225 9
226 8
227 8
228 8
229 8
230 8
231 8
232 9
233 9
234 9
235 9
236 10
237 11
238 11
239 11
240 11
241 12
242 11
243 11
244 11
245 11
246 11
247 11
248 11
249 11
250 10
251 9
252 9
253 9
254 9
255 9
256 9
257 10
258 10
259 10
260 11
261 11
262 11
263 11
264 11
265 11
266 11
267 12
268 13
269 13
270 13
271 13
272 13
273 12
274 12
275 12
276 13
277 13
278 12
279 12
280 13
281 14
282 13
283 13
284 13
285 14
286 14
287 13
288 13
289 12
290 13
291 13
292 12
293 12
294 12
295 12
296 12
297 13
298 13
299 13
300 13
301 14
302 14
303 14
304 14
305 14
306 14
307 13
308 13
309 13
310 13
311 13
312 14
313 14
314 14
315 14
316 14
317 13
318 13
319 13
320 14
321 14
322 14
323 14
324 14
325 14
326 15
327 15
328 15
329 15
330 14
331 14
332 14
333 14
334 13
335 13
336 12
337 12
338 13
339 14
340 14
341 14
342 15
343 15
344 16
345 16
346 16
347 17
348 18
349 17
350 17
351 17
352 18
353 17
354 17
355 16
356 17
357 16
358 15
359 14
360 14
361 14
362 14
363 14
364 14
365 13
366 13
367 14
368 14
369 15
370 14
371 14
372 14
373 14
374 14
375 13
376 13
377 13
378 14
379 14
380 13
381 13
382 13
383 13
384 13
385 13
386 12
387 12
388 12
389 12
390 13
391 13
392 13
393 13
394 13
395 12
396 12
397 12
398 13
399 13
400 12
401 12
402 12
403 11
404 10
405 10
406 11
407 11
408 11
409 12
410 12
411 12
412 12
413 12
414 12
415 12
416 12
417 13
418 13
419 13
420 12
421 12
422 12
423 12
424 12
425 12
426 12
427 14
428 14
429 14
430 14
431 14
432 14
433 14
434 14
435 14
436 15
437 15
438 13
439 13
440 13
441 13
442 13
443 12
444 12
445 12
446 13
447 12
448 11
449 11
450 11
451 11
452 11
453 12
454 12
455 12
456 11
457 10
458 10
459 9
460 9
461 9
462 9
463 9
464 9
465 9
466 8
467 7
468 7
469 7
470 6
471 6
472 6
473 5
474 5
475 5
476 5
477 5
478 5
479 5
480 5
481 5
482 5
483 5
484 5
485 5
486 5
487 5
488 5
489 4
490 4
491 5
492 5
493 5
494 5
495 5
496 5
497 5
498 5
499 6
500 7
501 8
502 8
503 8
504 7
505 6
506 6
507 7
508 8
509 7
510 7
511 6
512 6
513 6
514 6
515 6
516 6
517 6
518 7
519 7
520 7
521 7
522 7
523 7
524 8
525 7
526 7
527 7
528 7
529 6
530 6
531 6
532 6
533 7
534 7
535 7
536 7
537 7
538 7
539 7
540 8
541 9
542 9
543 10
544 11
545 10
546 10
547 9
548 9
549 9
550 9
551 9
552 9
553 9
554 9
555 10
556 10
557 10
558 10
559 9
560 9
561 10
562 11
563 11
564 12
565 11
566 10
567 10
568 10
569 11
570 11
571 10
572 10
573 10
574 10
575 10
576 10
577 10
578 10
579 10
580 11
581 11
582 11
583 11
584 11
585 11
586 11
587 11
588 11
589 12
590 12
591 12
592 12
593 12
594 13
595 12
596 12
597 13
598 13
599 12
600 12
601 11
602 11
603 11
604 11
605 11
606 12
607 12
608 12
609 12
610 11
611 10
612 10
613 11
614 11
615 11
616 11
617 10
618 10
619 10
620 11
621 11
622 11
623 11
624 11
625 11
626 10
627 10
628 10
629 10
630 10
631 10
632 10
633 10
634 10
635 10
636 10
637 10
638 10
639 10
640 10
641 10
642 10
643 10
644 11
645 11
646 10
647 10
648 10
649 9
650 9
651 9
652 9
653 9
654 9
655 9
656 9
657 9
658 9
659 9
660 9
661 8
662 8
663 8
664 9
665 9
666 9
667 10
668 10
669 10
670 10
671 10
672 12
673 12
674 12
675 12
676 12
677 11
678 11
679 11
680 12
681 12
682 12
683 12
684 13
685 13
686 13
687 13
688 13
689 13
690 12
691 12
692 12
693 12
694 11
695 11
696 11
697 10
698 11
699 10
700 10
701 10
702 11
703 11
704 11
705 11
706 11
707 10
708 10
709 10
710 10
711 10
712 11
713 12
714 12
715 12
716 12
717 12
718 12
719 12
720 12
721 12
722 12
723 12
724 12
725 12
726 12
727 12
728 12
729 12
730 12
731 13
732 13
733 12
734 12
735 11
736 10
737 10
738 10
739 10
740 11
741 11
742 11
743 11
744 11
745 11
746 11
747 11
748 12
749 11
750 12
751 13
752 13
753 11
754 11
755 11
756 12
757 12
758 12
759 12
760 12
761 12
762 12
763 11
764 11
765 12
766 12
767 12
768 12
769 13
770 13
771 13
772 14
773 14
774 14
775 15
776 15
777 14
778 14
779 14
780 13
781 13
782 14
783 14
784 12
785 12
786 12
787 12
788 13
789 13
790 13
791 12
792 12
793 12
794 12
795 12
796 11
797 10
798 10
799 10
800 10
801 9
802 10
803 10
804 11
805 10
806 10
807 10
808 10
809 10
810 10
811 11
812 11
813 11
814 11
815 10
816 10
817 9
818 9
819 8
820 9
821 9
822 9
823 8
824 8
825 8
826 8
827 8
828 8
829 8
830 8
831 9
832 10
833 9
834 9
835 9
836 9
837 9
838 10
839 11
840 11
841 12
842 14
843 14
844 13
845 13
846 12
847 12
848 12
849 12
850 12
851 13
852 13
853 13
854 13
855 14
856 13
857 14
858 14
859 14
860 14
861 14
862 14
863 13
864 13
865 13
866 13
867 13
868 13
869 13
870 13
871 13
872 14
873 15
874 15
875 15
876 15
877 16
878 16
879 16
880 16
881 16
882 16
883 16
884 16
885 16
886 16
887 14
888 14
889 13
890 13
891 13
892 13
893 14
894 14
895 13
896 13
897 13
898 13
899 13
900 14
901 14
902 14
903 14
904 14
905 14
906 14
907 13
908 13
909 12
910 11
911 10
912 10
913 11
914 11
915 11
916 11
917 11
918 11
919 11
920 11
921 11
922 11
923 11
924 10
925 11
926 12
927 12
928 12
929 12
930 12
931 13
932 14
933 14
934 15
935 15
936 15
937 14
938 15
939 15
940 15
941 15
942 16
943 16
944 15
945 15
946 14
947 14
948 14
949 13
950 13
951 13
952 13
953 14
954 15
955 15
956 15
957 16
958 16
959 16
960 16
961 16
962 17
963 17
964 16
965 17
966 16
967 16
968 16
969 16
970 16
971 16
972 16
973 15
974 15
975 15
976 15
977 15
978 15
979 15
980 14
981 15
982 14
983 15
984 15
985 15
986 15
987 14
988 14
989 14
990 14
991 14
992 14
993 14
994 12
995 12
996 11
997 11
998 11
999 11
1000 11
