0 60
1 54
2 50
3 48
4 47
5 42
6 41
7 43
8 40
9 39
10 40
11 41
12 38
13 39
14 39
15 40
16 45
17 43
18 41
19 43
20 42
21 42
22 39
23 39
24 39
25 42
26 41
27 42
28 43
29 40
30 40
31 40
32 42
33 41
34 40
35 42
36 40
37 43
38 42
39 40
40 38
41 43
42 42
43 41
44 40
45 41
46 39
47 40
48 43
49 43
50 42
51 42
52 41
53 39
54 42
55 39
56 40
57 43
58 41
59 40
60 37
61 39
62 38
63 41
64 42
65 43
66 40
67 41
68 40
69 41
70 39
71 39
72 41
73 41
74 40
75 38
76 39
77 40
78 40
79 41
80 37
81 39
82 37
83 38
84 38
85 39
86 40
87 35
88 35
89 39
90 37
91 36
92 37
93 36
94 37
95 38
96 39
97 42
98 42
99 44
100 44
101 44
102 46
103 43
104 43
105 41
106 40
107 38
108 38
109 36
110 39
111 39
112 38
113 36
114 34
115 38
116 40
117 37
118 40
119 38
120 38
121 39
122 37
123 38
124 38
125 35
126 36
127 41
128 40
129 43
130 46
131 40
132 38
133 37
134 40
135 41
136 39
137 42
138 42
139 41
140 42
141 44
142 44
143 43
144 42
145 42
146 40
147 37
148 39
149 40
150 42
151 41
152 40
153 43
154 46
155 43
156 46
157 40
158 40
159 39
160 40
161 44
162 42
163 42
164 43
165 44
166 43
167 41
168 39
169 38
170 38
171 36
172 39
173 40
174 37
175 38
176 37
177 37
178 37
179 38
180 36
181 36
182 38
183 38
184 39
185 41
186 41
187 38
188 36
189 38
190 38
191 38
192 42
193 44
194 43
195 43
196 41
197 42
198 44
199 40
200 42
201 41
202 39
203 39
204 39
205 43
206 40
207 39
208 43
209 43
210 42
211 42
212 43
213 44
214 43
215 38
216 38
217 42
218 44
219 44
220 43
221 42
222 45
223 46
224 44
225 45
226 44
227 41
228 43
229 44
230 47
231 45
232 46
233 46
234 42
235 39
236 41
237 41
238 43
239 44
240 43
241 42
242 39
243 41
244 41
245 42
246 41
247 41
248 40
249 40
250 40
251 39
252 41
253 42
254 44
255 41
256 39
257 37
258 39
259 36
260 33
261 36
262 41
263 43
264 40
265 36
266 37
267 38
268 37
269 41
270 46
271 46
272 42
273 36
274 36
275 40
276 40
277 41
278 43
279 43
280 43
281 44
282 40
283 39
284 38
285 38
286 37
287 36
288 39
289 36
290 36
291 38
292 39
293 39
294 40
295 44
296 42
297 42
298 42
299 44
300 41
301 41
302 42
303 44
304 41
305 39
306 39
307 38
308 38
309 38
310 42
311 40
312 43
313 40
314 43
315 43
316 37
317 36
318 38
319 42
320 43
321 41
322 43
323 43
324 46
325 45
326 42
327 42
328 42
329 40
330 40
331 36
332 37
333 38
334 36
335 40
336 41
337 41
338 41
339 40
340 37
341 39
342 41
343 41
344 44
345 47
346 45
347 44
348 43
349 45
350 40
351 37
352 40
353 43
354 45
355 43
356 44
357 43
358 39
359 44
360 44
361 44
362 41
363 43
364 38
365 37
366 37
367 39
368 42
369 42
370 41
371 42
372 44
373 45
374 44
375 47
376 48
377 45
378 45
379 44
380 43
381 43
382 45
383 43
384 44
385 42
386 40
387 39
388 41
389 35
390 37
391 36
392 35
393 37
394 37
395 38
396 38
397 38
398 39
399 37
400 39
401 40
402 38
403 39
404 42
405 37
406 34
407 34
408 33
409 33
410 35
411 31
412 32
413 34
414 34
415 36
416 37
417 37
418 37
419 41
420 40
421 41
422 40
423 41
424 40
425 43
426 42
427 44
428 42
429 42
430 42
431 43
432 42
433 41
434 42
435 41
436 44
437 42
438 43
439 43
440 45
441 44
442 44
443 46
444 45
445 45
446 44
447 41
448 44
449 41
450 42
451 42
452 42
453 42
454 41
455 40
456 40
457 41
458 40
459 39
460 41
461 42
462 40
463 40
464 36
465 36
466 38
467 37
468 34
469 38
470 39
471 39
472 39
473 40
474 39
475 43
476 42
477 40
478 41
479 42
480 40
481 41
482 39
483 35
484 38
485 39
486 39
487 39
488 37
489 39
490 41
491 42
492 42
493 36
494 42
495 40
496 40
497 43
498 41
499 40
500 41
501 40
502 36
503 38
504 42
505 43
506 42
507 42
508 41
509 40
510 41
511 37
512 40
513 40
514 43
515 42
516 39
517 39
518 35
519 39
520 40
521 40
522 41
523 42
524 44
525 43
526 42
527 43
528 42
529 39
530 36
531 34
532 37
533 36
534 37
535 38
536 40
537 40
538 45
539 43
540 43
541 46
542 44
543 42
544 44
545 44
546 45
547 42
548 44
549 43
550 39
551 37
552 40
553 40
554 37
555 40
556 39
557 40
558 40
559 44
560 36
561 37
562 35
563 35
564 36
565 36
566 37
567 39
568 42
569 44
570 41
571 42
572 41
573 42
574 45
575 43
576 44
577 42
578 42
579 42
580 43
581 44
582 44
583 43
584 42
585 38
586 37
587 40
588 42
589 42
590 38
591 42
592 45
593 45
594 45
595 44
596 44
597 43
598 42
599 44
600 43
601 42
602 40
603 40
604 35
605 36
606 37
607 37
608 40
609 39
610 38
611 41
612 39
613 39
614 38
615 39
616 38
617 39
618 39
619 40
620 39
621 40
622 37
623 36
624 37
625 37
626 39
627 39
628 40
629 39
630 40
631 36
632 37
633 37
634 37
635 41
636 39
637 43
638 45
639 46
640 49
641 46
642 42
643 41
644 44
645 43
646 41
647 41
648 42
649 44
650 46
651 47
652 45
653 45
654 43
655 42
656 41
657 38
658 36
659 35
660 37
661 35
662 33
663 37
664 40
665 39
666 40
667 41
668 42
669 39
670 39
671 38
672 40
673 42
674 42
675 43
676 42
677 40
678 37
679 36
680 41
681 36
682 37
683 38
684 41
685 39
686 35
687 37
688 35
689 34
690 36
691 36
692 36
693 40
694 44
695 43
696 42
697 44
698 46
699 43
700 43
701 44
702 44
703 39
704 37
705 37
706 37
707 37
708 40
709 38
710 38
711 41
712 43
713 41
714 42
715 43
716 42
717 42
718 36
719 42
720 42
721 43
722 43
723 40
724 35
725 37
726 40
727 38
728 41
729 41
730 37
731 37
732 35
733 38
734 39
735 38
736 38
737 40
738 37
739 35
740 36
741 38
742 36
743 34
744 35
745 37
746 33
747 36
748 41
749 40
750 38
751 39
752 37
753 37
754 37
755 37
756 37
757 40
758 42
759 41
760 44
761 44
762 46
763 44
764 44
765 46
766 44
767 46
768 46
769 47
770 42
771 41
772 39
773 37
774 41
775 43
776 43
777 37
778 35
779 36
780 36
781 38
782 42
783 40
784 41
785 39
786 42
787 40
788 40
789 38
790 41
791 38
792 38
793 37
794 41
795 39
796 40
797 40
798 38
799 42
800 41
801 37
802 37
803 36
804 39
805 41
806 33
807 37
808 39
809 39
810 39
811 37
812 37
813 38
814 37
815 38
816 39
817 39
818 40
819 37
820 34
821 38
822 37
823 38
824 39
825 41
826 42
827 43
828 41
829 40
830 40
831 42
832 39
833 42
834 41
835 41
836 36
837 38
838 37
839 37
840 40
841 37
842 36
843 38
844 34
845 37
846 39
847 40
848 42
849 44
850 40
851 42
852 41
853 40
854 41
855 44
856 44
857 39
858 40
859 41
860 41
861 39
862 39
863 41
864 45
865 45
866 46
867 44
868 44
869 44
870 41
871 41
872 42
873 42
874 41
875 42
876 40
877 40
878 38
879 40
880 41
881 43
882 44
883 46
884 43
885 42
886 40
887 43
888 41
889 42
890 42
891 39
892 39
893 42
894 42
895 40
896 35
897 38
898 38
899 40
900 40
901 37
902 38
903 37
904 37
905 36
906 33
907 35
908 38
909 38
910 40
911 38
912 37
913 38
914 38
915 39
916 38
917 37
918 36
919 35
920 40
921 43
922 43
923 44
924 42
925 41
926 42
927 41
928 39
929 39
930 35
931 37
932 38
933 38
934 37
935 40
936 40
937 43
938 41
939 39
940 40
941 40
942 41
943 39
944 36
945 37
946 39
947 39
948 40
949 41
950 44
951 44
952 44
953 41
954 43
955 44
956 43
957 41
958 41
959 42
960 43
961 42
962 42
963 41
964 40
965 40
966 41
967 44
968 41
969 42
970 43
971 46
972 44
973 42
974 42
975 43
976 43
977 42
978 37
979 38
980 39
981 40
982 40
983 40
984 41
985 42
986 39
987 42
988 42
989 39
990 40
991 39
992 41
993 40
994 41
995 39
996 41
997 38
998 41
999 40
1000 43
