0 60
1 41
2 41
3 42
4 38
5 35
6 39
7 43
8 43
9 39
10 41
11 42
12 42
13 45
14 43
15 44
16 43
17 42
18 44
19 45
20 42
21 40
22 34
23 42
24 42
25 40
26 39
27 43
28 38
29 44
30 40
31 38
32 40
33 36
34 42
35 42
36 41
37 41
38 42
39 40
40 37
41 42
42 41
43 44
44 37
45 38
46 39
47 41
48 42
49 35
50 40
51 43
52 42
53 40
54 43
55 39
56 40
57 44
58 40
59 41
60 39
61 41
62 43
63 40
64 40
65 42
66 38
67 42
68 40
69 40
70 39
71 43
72 43
73 42
74 39
75 41
76 43
77 38
78 38
79 40
80 43
81 39
82 40
83 43
84 39
85 41
86 39
87 42
88 42
89 43
90 40
91 38
92 41
93 41
94 40
95 38
96 43
97 42
98 43
99 39
100 38
101 40
102 42
103 39
104 40
105 42
106 38
107 38
108 45
109 42
110 44
111 38
112 44
113 39
114 44
115 43
116 41
117 43
118 42
119 41
120 40
121 40
122 39
123 33
124 41
125 39
126 41
127 43
128 39
129 43
130 40
131 42
132 37
133 44
134 44
135 42
136 40
137 42
138 40
139 37
140 42
141 43
142 38
143 38
144 40
145 42
146 40
147 42
148 41
149 43
150 45
151 42
152 40
153 39
154 42
155 39
156 43
157 37
158 38
159 41
160 42
161 42
162 44
163 38
164 40
165 41
166 41
167 38
168 39
169 41
170 40
171 42
172 40
173 38
174 39
175 40
176 42
177 43
178 45
179 40
180 39
181 41
182 40
183 42
184 44
185 41
186 42
187 38
188 43
189 43
190 40
191 43
192 41
193 39
194 41
195 42
196 42
197 40
198 37
199 39
200 41
201 41
202 39
203 42
204 40
205 43
206 45
207 41
208 37
209 35
210 45
211 43
212 39
213 38
214 39
215 45
216 41
217 42
218 40
219 36
220 37
221 39
222 41
223 41
224 39
225 46
226 42
227 40
228 37
229 42
230 38
231 36
232 42
233 36
234 38
235 42
236 39
237 37
238 42
239 34
240 41
241 43
242 44
243 40
244 39
245 38
246 43
247 39
248 40
249 41
250 42
251 40
252 43
253 42
254 39
255 37
256 39
257 41
258 41
259 43
260 43
261 40
262 42
263 40
264 39
265 44
266 39
267 37
268 40
269 41
270 41
271 40
272 46
273 46
274 43
275 35
276 40
277 44
278 38
279 44
280 40
281 41
282 43
283 45
284 42
285 39
286 38
287 43
288 41
289 44
290 39
291 41
292 44
293 39
294 41
295 40
296 40
297 40
298 40
299 40
300 40
301 40
302 41
303 39
304 41
305 39
306 43
307 44
308 42
309 43
310 42
311 44
312 39
313 38
314 42
315 37
316 37
317 45
318 39
319 44
320 41
321 43
322 43
323 44
324 43
325 40
326 37
327 41
328 41
329 37
330 40
331 42
332 42
333 40
334 41
335 44
336 41
337 42
338 40
339 41
340 42
341 42
342 39
343 39
344 41
345 39
346 39
347 39
348 44
349 36
350 37
351 41
352 42
353 37
354 44
355 43
356 40
357 44
358 42
359 39
360 45
361 42
362 46
363 44
364 41
365 37
366 39
367 41
368 41
369 41
370 39
371 39
372 42
373 43
374 39
375 42
376 41
377 39
378 44
379 38
380 40
381 39
382 41
383 42
384 47
385 40
386 43
387 41
388 43
389 40
390 42
391 42
392 40
393 40
394 32
395 41
396 39
397 39
398 40
399 40
400 39
401 39
402 42
403 41
404 44
405 44
406 43
407 41
408 41
409 44
410 43
411 42
412 40
413 42
414 42
415 42
416 43
417 38
418 35
419 37
420 42
421 44
422 38
423 41
424 41
425 37
426 37
427 40
428 38
429 36
430 40
431 41
432 42
433 43
434 39
435 43
436 43
437 37
438 43
439 37
440 42
441 44
442 40
443 39
444 40
445 42
446 38
447 43
448 39
449 41
450 38
451 43
452 42
453 42
454 41
455 41
456 46
457 41
458 45
459 41
460 42
461 43
462 40
463 39
464 37
465 42
466 43
467 35
468 39
469 41
470 44
471 43
472 41
473 42
474 40
475 42
476 41
477 41
478 35
479 43
480 36
481 43
482 38
483 41
484 38
485 38
486 43
487 40
488 42
489 41
490 40
491 42
492 39
493 41
494 41
495 44
496 42
497 45
498 38
499 43
500 42
501 40
502 41
503 40
504 42
505 45
506 44
507 41
508 39
509 35
510 44
511 43
512 38
513 39
514 41
515 41
516 38
517 41
518 43
519 39
520 42
521 41
522 41
523 43
524 40
525 41
526 39
527 42
528 41
529 38
530 41
531 42
532 38
533 35
534 41
535 39
536 39
537 43
538 40
539 42
540 37
541 40
542 40
543 40
544 37
545 36
546 41
547 39
548 41
549 38
550 37
551 43
552 41
553 42
554 44
555 36
556 39
557 44
558 42
559 38
560 36
561 40
562 40
563 42
564 43
565 45
566 40
567 41
568 38
569 39
570 40
571 44
572 39
573 41
574 43
575 40
576 36
577 39
578 36
579 38
580 42
581 39
582 42
583 41
584 40
585 46
586 38
587 40
588 39
589 39
590 40
591 40
592 41
593 45
594 35
595 40
596 42
597 38
598 43
599 44
600 38
601 40
602 43
603 41
604 43
605 41
606 42
607 43
608 42
609 42
610 40
611 42
612 43
613 39
614 40
615 44
616 38
617 42
618 39
619 42
620 40
621 42
622 39
623 43
624 43
625 35
626 38
627 43
628 39
629 41
630 40
631 38
632 41
633 41
634 44
635 38
636 42
637 37
638 37
639 40
640 42
641 42
642 37
643 40
644 40
645 40
646 39
647 38
648 36
649 43
650 44
651 44
652 38
653 40
654 42
655 39
656 43
657 40
658 41
659 40
660 40
661 37
662 44
663 42
664 40
665 40
666 42
667 39
668 42
669 39
670 40
671 41
672 41
673 42
674 39
675 41
676 41
677 41
678 39
679 41
680 38
681 41
682 41
683 41
684 41
685 43
686 44
687 41
688 42
689 37
690 40
691 42
692 41
693 41
694 41
695 40
696 41
697 40
698 43
699 37
700 40
701 45
702 43
703 41
704 41
705 44
706 41
707 44
708 42
709 40
710 35
711 44
712 40
713 37
714 42
715 43
716 41
717 39
718 39
719 44
720 38
721 42
722 42
723 41
724 39
725 38
726 42
727 38
728 44
729 39
730 42
731 40
732 36
733 42
734 44
735 41
736 36
737 42
738 40
739 39
740 41
741 44
742 43
743 41
744 42
745 43
746 41
747 39
748 41
749 34
750 43
751 38
752 36
753 43
754 31
755 43
756 43
757 42
758 41
759 39
760 43
761 42
762 41
763 40
764 42
765 40
766 40
767 44
768 40
769 43
770 42
771 35
772 45
773 44
774 40
775 42
776 42
777 41
778 38
779 39
780 42
781 41
782 43
783 36
784 44
785 43
786 39
787 43
788 43
789 40
790 42
791 43
792 40
793 40
794 44
795 40
796 42
797 38
798 41
799 42
800 41
801 43
802 43
803 43
804 39
805 40
806 42
807 38
808 40
809 42
810 42
811 36
812 41
813 43
814 40
815 40
816 43
817 42
818 39
819 42
820 42
821 42
822 41
823 42
824 42
825 43
826 37
827 41
828 39
829 41
830 45
831 40
832 41
833 39
834 40
835 36
836 41
837 43
838 37
839 40
840 43
841 39
842 37
843 44
844 44
845 42
846 39
847 34
848 40
849 36
850 40
851 38
852 44
853 42
854 40
855 40
856 40
857 38
858 42
859 45
860 40
861 41
862 41
863 38
864 41
865 43
866 44
867 36
868 42
869 42
870 38
871 41
872 41
873 42
874 43
875 43
876 38
877 40
878 42
879 42
880 41
881 39
882 39
883 44
884 45
885 41
886 42
887 42
888 40
889 40
890 42
891 44
892 36
893 40
894 43
895 39
896 40
897 40
898 40
899 37
900 42
901 41
902 41
903 37
904 41
905 36
906 39
907 43
908 41
909 43
910 45
911 39
912 42
913 41
914 45
915 41
916 42
917 40
918 39
919 41
920 42
921 43
922 37
923 39
924 40
925 40
926 37
927 36
928 40
929 42
930 41
931 37
932 39
933 43
934 34
935 45
936 41
937 44
938 41
939 42
940 42
941 42
942 41
943 43
944 40
945 43
946 41
947 41
948 39
949 42
950 40
951 43
952 41
953 43
954 39
955 40
956 42
957 45
958 38
959 43
960 44
961 41
962 42
963 40
964 43
965 39
966 40
967 43
968 41
969 43
970 44
971 38
972 41
973 38
974 37
975 43
976 39
977 44
978 38
979 41
980 40
981 42
982 39
983 38
984 41
985 43
986 40
987 42
988 39
989 41
990 42
991 41
992 43
993 38
994 39
995 39
996 41
997 36
998 41
999 42
1000 40
