0 75
1 62
2 56
3 54
4 53
5 50
6 52
7 53
8 55
9 46
10 52
11 48
12 48
13 50
14 45
15 48
16 53
17 52
18 54
19 53
20 52
21 55
22 50
23 50
24 50
25 54
26 53
27 50
28 50
29 53
30 56
31 55
32 56
33 57
34 58
35 58
36 57
37 60
38 58
39 58
40 56
41 57
42 58
43 58
44 55
45 53
46 55
47 51
48 50
49 53
50 50
51 48
52 50
53 52
54 55
55 55
56 55
57 57
58 57
59 57
60 56
61 54
62 49
63 54
64 52
65 49
66 51
67 54
68 54
69 56
70 55
71 54
72 55
73 49
74 50
75 52
76 49
77 52
78 52
79 52
80 54
81 55
82 55
83 55
84 53
85 48
86 45
87 48
88 45
89 47
90 52
91 55
92 56
93 52
94 51
95 50
96 55
97 54
98 53
99 49
100 47
101 50
102 53
103 49
104 52
105 53
106 52
107 51
108 52
109 51
110 51
111 54
112 53
113 50
114 55
115 54
116 52
117 50
118 57
119 54
120 51
121 50
122 54
123 54
124 57
125 57
126 56
127 52
128 55
129 53
130 54
131 55
132 56
133 53
134 54
135 57
136 53
137 54
138 58
139 55
140 57
141 49
142 52
143 55
144 57
145 54
146 55
147 54
148 54
149 51
150 48
151 51
152 47
153 48
154 48
155 51
156 52
157 52
158 54
159 53
160 54
161 52
162 48
163 47
164 48
165 53
166 54
167 56
168 52
169 53
170 52
171 54
172 49
173 54
174 54
175 50
176 53
177 50
178 50
179 53
180 53
181 54
182 55
183 52
184 47
185 48
186 53
187 52
188 52
189 50
190 52
191 51
192 52
193 49
194 49
195 53
196 54
197 57
198 56
199 56
200 51
201 53
202 53
203 52
204 55
205 55
206 59
207 55
208 50
209 50
210 54
211 58
212 53
213 51
214 48
215 52
216 52
217 48
218 50
219 52
220 53
221 53
222 57
223 53
224 58
225 55
226 53
227 56
228 52
229 49
230 54
231 53
232 53
233 54
234 51
235 51
236 47
237 52
238 53
239 54
240 53
241 55
242 51
243 51
244 52
245 51
246 53
247 51
248 52
249 53
250 54
251 53
252 49
253 48
254 45
255 49
256 54
257 51
258 48
259 47
260 48
261 49
262 56
263 56
264 54
265 49
266 52
267 48
268 53
269 56
270 56
271 53
272 51
273 44
274 47
275 49
276 51
277 52
278 52
279 47
280 51
281 51
282 51
283 52
284 52
285 46
286 47
287 48
288 51
289 53
290 52
291 51
292 52
293 48
294 46
295 44
296 51
297 50
298 51
299 55
300 55
301 53
302 50
303 51
304 56
305 58
306 55
307 50
308 52
309 55
310 53
311 52
312 47
313 46
314 51
315 53
316 52
317 48
318 45
319 48
320 47
321 47
322 47
323 53
324 54
325 54
326 47
327 50
328 53
329 54
330 54
331 58
332 53
333 54
334 56
335 58
336 55
337 55
338 52
339 53
340 52
341 54
342 50
343 53
344 54
345 54
346 51
347 53
348 55
349 58
350 57
351 58
352 56
353 56
354 56
355 56
356 52
357 51
358 54
359 52
360 49
361 49
362 48
363 47
364 47
365 51
366 52
367 50
368 48
369 48
370 54
371 47
372 50
373 52
374 50
375 51
376 55
377 53
378 51
379 51
380 50
381 53
382 55
383 51
384 52
385 48
386 49
387 51
388 49
389 51
390 54
391 53
392 55
393 51
394 53
395 53
396 53
397 56
398 59
399 59
400 59
401 57
402 56
403 55
404 55
405 52
406 57
407 53
408 50
409 48
410 50
411 53
412 48
413 53
414 57
415 56
416 55
417 55
418 55
419 59
420 56
421 56
422 54
423 57
424 59
425 54
426 53
427 51
428 55
429 56
430 56
431 57
432 47
433 52
434 48
435 53
436 53
437 50
438 49
439 47
440 51
441 54
442 56
443 49
444 52
445 51
446 51
447 51
448 52
449 54
450 55
451 58
452 57
453 58
454 57
455 54
456 53
457 52
458 54
459 52
460 56
461 52
462 51
463 56
464 53
465 52
466 49
467 56
468 55
469 51
470 49
471 51
472 49
473 49
474 45
475 48
476 48
477 44
478 48
479 53
480 55
481 54
482 55
483 54
484 53
485 54
486 52
487 50
488 49
489 47
490 53
491 52
492 56
493 55
494 51
495 52
496 53
497 54
498 55
499 56
500 56
501 51
502 50
503 50
504 50
505 48
506 51
507 54
508 55
509 57
510 55
511 52
512 50
513 54
514 53
515 46
516 49
517 47
518 44
519 45
520 51
521 52
522 46
523 49
524 49
525 53
526 56
527 54
528 53
529 54
530 54
531 57
532 51
533 53
534 51
535 49
536 55
537 52
538 47
539 48
540 51
541 56
542 55
543 51
544 50
545 48
546 46
547 49
548 50
549 49
550 53
551 55
552 52
553 50
554 53
555 51
556 50
557 47
558 48
559 49
560 48
561 45
562 51
563 52
564 53
565 54
566 53
567 56
568 55
569 54
570 54
571 54
572 53
573 51
574 55
575 51
576 50
577 55
578 54
579 48
580 49
581 51
582 51
583 50
584 52
585 51
586 51
587 56
588 56
589 56
590 51
591 49
592 50
593 49
594 46
595 47
596 44
597 46
598 50
599 51
600 50
601 48
602 47
603 51
604 53
605 51
606 50
607 52
608 49
609 48
610 45
611 52
612 50
613 48
614 47
615 47
616 53
617 49
618 48
619 51
620 47
621 46
622 51
623 51
624 45
625 51
626 54
627 54
628 57
629 53
630 52
631 55
632 55
633 52
634 54
635 53
636 54
637 51
638 50
639 49
640 46
641 47
642 43
643 42
644 42
645 46
646 49
647 51
648 52
649 52
650 53
651 55
652 56
653 52
654 55
655 53
656 53
657 54
658 52
659 48
660 47
661 50
662 47
663 51
664 55
665 55
666 50
667 47
668 45
669 44
670 49
671 55
672 53
673 52
674 56
675 56
676 58
677 59
678 57
679 56
680 49
681 50
682 58
683 50
684 49
685 55
686 51
687 50
688 53
689 49
690 46
691 52
692 51
693 52
694 55
695 50
696 51
697 48
698 50
699 49
700 52
701 51
702 50
703 49
704 53
705 51
706 49
707 49
708 53
709 53
710 53
711 52
712 51
713 54
714 52
715 52
716 55
717 52
718 55
719 53
720 56
721 54
722 53
723 55
724 56
725 57
726 53
727 52
728 55
729 52
730 49
731 49
732 49
733 51
734 53
735 58
736 56
737 54
738 55
739 54
740 55
741 55
742 58
743 60
744 56
745 56
746 50
747 55
748 53
749 50
750 45
751 49
752 57
753 55
754 56
755 49
756 52
757 51
758 49
759 51
760 53
761 52
762 50
763 52
764 51
765 50
766 52
767 51
768 55
769 55
770 51
771 47
772 50
773 51
774 48
775 45
776 46
777 46
778 51
779 53
780 52
781 54
782 54
783 46
784 49
785 54
786 58
787 57
788 57
789 57
790 58
791 56
792 55
793 50
794 50
795 52
796 50
797 50
798 52
799 52
800 51
801 49
802 53
803 51
804 52
805 51
806 51
807 52
808 54
809 51
810 52
811 57
812 54
813 54
814 52
815 54
816 54
817 54
818 55
819 55
820 55
821 55
822 53
823 53
824 53
825 49
826 48
827 47
828 50
829 48
830 48
831 42
832 49
833 48
834 48
835 51
836 53
837 52
838 52
839 52
840 55
841 58
842 59
843 59
844 54
845 52
846 56
847 53
848 53
849 52
850 52
851 57
852 51
853 53
854 56
855 55
856 51
857 53
858 54
859 52
860 53
861 53
862 52
863 49
864 47
865 48
866 50
867 48
868 49
869 55
870 53
871 50
872 51
873 53
874 58
875 56
876 55
877 55
878 56
879 55
880 56
881 57
882 57
883 57
884 58
885 55
886 49
887 55
888 55
889 51
890 51
891 51
892 52
893 49
894 49
895 46
896 47
897 48
898 46
899 46
900 48
901 48
902 55
903 56
904 50
905 49
906 46
907 49
908 47
909 51
910 53
911 51
912 52
913 54
914 53
915 50
916 52
917 53
918 55
919 56
920 50
921 51
922 54
923 54
924 55
925 53
926 45
927 47
928 49
929 49
930 54
931 54
932 52
933 49
934 53
935 53
936 51
937 52
938 51
939 50
940 47
941 46
942 52
943 49
944 53
945 48
946 50
947 50
948 50
949 49
950 47
951 48
952 52
953 50
954 52
955 53
956 55
957 54
958 56
959 57
960 56
961 53
962 45
963 46
964 53
965 54
966 52
967 50
968 51
969 50
970 45
971 51
972 55
973 52
974 54
975 52
976 55
977 51
978 52
979 54
980 54
981 51
982 48
983 44
984 47
985 52
986 53
987 51
988 51
989 50
990 50
991 52
992 51
993 55
994 57
995 53
996 51
997 52
998 50
999 53
1000 51
