0 95
1 79
2 71
3 65
4 63
5 61
6 60
7 60
8 59
9 60
10 61
11 60
12 60
13 58
14 57
15 52
16 49
17 54
18 58
19 60
20 54
21 53
22 55
23 55
24 57
25 60
26 60
27 59
28 60
29 52
30 56
31 54
32 55
33 53
34 54
35 56
36 57
37 57
38 60
39 60
40 56
41 56
42 58
43 62
44 60
45 62
46 60
47 59
48 59
49 59
50 61
51 60
52 60
53 60
54 60
55 61
56 60
57 60
58 62
59 61
60 60
61 57
62 59
63 60
64 58
65 58
66 60
67 58
68 59
69 62
70 62
71 61
72 59
73 61
74 64
75 60
76 60
77 58
78 60
79 61
80 59
81 56
82 58
83 58
84 57
85 59
86 56
87 58
88 59
89 63
90 61
91 62
92 61
93 62
94 62
95 60
96 57
97 54
98 55
99 61
100 60
101 58
102 54
103 57
104 60
105 63
106 62
107 63
108 56
109 56
110 56
111 58
112 59
113 58
114 58
115 59
116 59
117 58
118 59
119 58
120 56
121 54
122 52
123 58
124 53
125 57
126 55
127 56
128 56
129 55
130 60
131 60
132 63
133 61
134 63
135 58
136 60
137 63
138 59
139 54
140 58
141 55
142 58
143 59
144 57
145 59
146 57
147 59
148 59
149 56
150 57
151 57
152 59
153 60
154 60
155 60
156 59
157 60
158 61
159 61
160 60
161 56
162 56
163 55
164 53
165 58
166 56
167 60
168 60
169 58
170 62
171 60
172 59
173 58
174 57
175 60
176 63
177 62
178 63
179 62
180 60
181 57
182 55
183 54
184 55
185 60
186 58
187 54
188 55
189 58
190 57
191 58
192 58
193 61
194 57
195 61
196 61
197 61
198 57
199 59
200 55
201 57
202 58
203 55
204 57
205 58
206 58
207 57
208 60
209 57
210 58
211 60
212 60
213 59
214 60
215 60
216 59
217 55
218 52
219 53
220 56
221 57
222 55
223 59
224 59
225 57
226 55
227 57
228 60
229 59
230 58
231 60
232 62
233 62
234 62
235 65
236 65
237 64
238 64
239 60
240 55
241 60
242 61
243 59
244 58
245 59
246 64
247 60
248 60
249 56
250 59
251 58
252 57
253 55
254 58
255 60
256 57
257 62
258 57
259 60
260 55
261 59
262 59
263 60
264 62
265 61
266 59
267 64
268 60
269 59
270 60
271 61
272 60
273 57
274 60
275 57
276 58
277 53
278 58
279 58
280 59
281 62
282 61
283 58
284 59
285 61
286 61
287 57
288 60
289 60
290 59
291 61
292 60
293 57
294 61
295 62
296 62
297 60
298 61
299 61
300 59
301 60
302 61
303 62
304 60
305 60
306 57
307 53
308 56
309 57
310 60
311 60
312 65
313 60
314 63
315 59
316 60
317 63
318 66
319 64
320 59
321 60
322 59
323 58
324 55
325 54
326 56
327 54
328 54
329 56
330 55
331 57
332 59
333 57
334 57
335 61
336 60
337 58
338 56
339 55
340 59
341 57
342 60
343 61
344 57
345 60
346 60
347 55
348 57
349 59
350 60
351 59
352 59
353 58
354 58
355 59
356 62
357 61
358 58
359 61
360 60
361 63
362 60
363 60
364 58
365 57
366 60
367 60
368 61
369 62
370 63
371 61
372 62
373 65
374 64
375 58
376 56
377 56
378 60
379 60
380 61
381 65
382 61
383 54
384 49
385 52
386 56
387 56
388 60
389 61
390 60
391 63
392 61
393 62
394 61
395 62
396 62
397 60
398 58
399 58
400 60
401 56
402 55
403 57
404 60
405 60
406 61
407 57
408 57
409 58
410 61
411 59
412 60
413 59
414 59
415 60
416 59
417 58
418 53
419 55
420 59
421 59
422 60
423 61
424 58
425 55
426 57
427 57
428 60
429 59
430 55
431 57
432 57
433 59
434 55
435 59
436 60
437 61
438 57
439 59
440 62
441 60
442 60
443 60
444 59
445 55
446 54
447 58
448 56
449 57
450 55
451 56
452 55
453 54
454 55
455 59
456 62
457 62
458 63
459 61
460 60
461 58
462 56
463 53
464 53
465 56
466 52
467 49
468 53
469 57
470 57
471 55
472 60
473 63
474 64
475 63
476 63
477 64
478 59
479 57
480 56
481 55
482 57
483 63
484 64
485 62
486 62
487 57
488 49
489 55
490 57
491 59
492 58
493 60
494 58
495 56
496 53
497 58
498 62
499 63
500 60
501 61
502 62
503 64
504 61
505 58
506 57
507 58
508 58
509 60
510 60
511 62
512 61
513 60
514 56
515 56
516 62
517 61
518 58
519 57
520 56
521 59
522 57
523 57
524 56
525 56
526 56
527 57
528 56
529 59
530 55
531 61
532 58
533 59
534 53
535 56
536 58
537 57
538 57
539 57
540 57
541 57
542 58
543 57
544 57
545 53
546 52
547 50
548 54
549 56
550 56
551 55
552 54
553 55
554 54
555 56
556 58
557 58
558 61
559 59
560 58
561 57
562 60
563 58
564 59
565 62
566 64
567 63
568 62
569 64
570 60
571 57
572 60
573 61
574 61
575 61
576 60
577 63
578 65
579 65
580 64
581 69
582 65
583 62
584 65
585 65
586 65
587 60
588 56
589 61
590 64
591 58
592 56
593 56
594 58
595 60
596 56
597 58
598 57
599 57
600 55
601 51
602 54
603 55
604 57
605 61
606 60
607 59
608 51
609 55
610 57
611 60
612 62
613 59
614 59
615 58
616 59
617 57
618 58
619 60
620 60
621 60
622 61
623 62
624 55
625 58
626 57
627 59
628 59
629 57
630 55
631 54
632 54
633 55
634 55
635 51
636 52
637 54
638 58
639 57
640 57
641 53
642 53
643 54
644 57
645 56
646 62
647 63
648 58
649 61
650 60
651 59
652 59
653 58
654 62
655 63
656 59
657 59
658 58
659 59
660 59
661 59
662 61
663 61
664 64
665 66
666 62
667 58
668 57
669 56
670 59
671 58
672 57
673 56
674 55
675 56
676 56
677 59
678 58
679 58
680 57
681 55
682 54
683 52
684 53
685 54
686 55
687 58
688 59
689 61
690 59
691 58
692 59
693 56
694 59
695 53
696 55
697 56
698 57
699 57
700 57
701 57
702 58
703 58
704 57
705 58
706 59
707 58
708 59
709 55
710 60
711 62
712 58
713 57
714 59
715 57
716 53
717 52
718 55
719 56
720 59
721 61
722 62
723 62
724 60
725 60
726 62
727 61
728 62
729 62
730 59
731 60
732 56
733 57
734 59
735 59
736 61
737 60
738 59
739 59
740 56
741 58
742 60
743 62
744 61
745 62
746 60
747 63
748 61
749 56
750 59
751 60
752 61
753 58
754 61
755 61
756 62
757 62
758 64
759 63
760 61
761 59
762 56
763 60
764 61
765 59
766 58
767 58
768 55
769 54
770 52
771 51
772 53
773 53
774 56
775 57
776 57
777 56
778 57
779 60
780 59
781 57
782 57
783 52
784 54
785 55
786 54
787 56
788 58
789 56
790 55
791 56
792 59
793 59
794 62
795 60
796 64
797 62
798 59
799 58
800 55
801 56
802 56
803 55
804 57
805 56
806 55
807 57
808 57
809 60
810 60
811 59
812 58
813 55
814 58
815 57
816 56
817 58
818 57
819 58
820 59
821 57
822 63
823 63
824 61
825 62
826 62
827 63
828 63
829 58
830 55
831 57
832 56
833 57
834 60
835 60
836 57
837 59
838 61
839 60
840 59
841 57
842 58
843 57
844 58
845 59
846 59
847 62
848 59
849 53
850 56
851 53
852 56
853 59
854 60
855 57
856 58
857 57
858 54
859 56
860 58
861 62
862 63
863 63
864 63
865 62
866 59
867 59
868 60
869 56
870 53
871 51
872 52
873 54
874 60
875 61
876 55
877 54
878 55
879 53
880 57
881 53
882 58
883 57
884 58
885 57
886 57
887 55
888 58
889 61
890 57
891 50
892 54
893 58
894 60
895 59
896 62
897 63
898 64
899 62
900 62
901 53
902 57
903 58
904 59
905 58
906 61
907 61
908 63
909 63
910 60
911 59
912 58
913 55
914 56
915 52
916 57
917 56
918 52
919 56
920 58
921 55
922 59
923 58
924 62
925 63
926 59
927 59
928 54
929 58
930 55
931 55
932 53
933 55
934 56
935 54
936 57
937 54
938 57
939 58
940 58
941 60
942 55
943 55
944 56
945 60
946 58
947 59
948 63
949 63
950 63
951 60
952 59
953 58
954 58
955 58
956 61
957 62
958 61
959 57
960 59
961 60
962 57
963 56
964 56
965 59
966 60
967 62
968 60
969 60
970 61
971 64
972 62
973 61
974 60
975 57
976 58
977 60
978 61
979 61
980 60
981 60
982 59
983 61
984 58
985 59
986 59
987 62
988 54
989 56
990 53
991 57
992 60
993 59
994 56
995 57
996 59
997 63
998 60
999 62
1000 63
