0 40
1 28
2 26
3 29
4 27
5 26
6 29
7 27
8 28
9 26
10 24
11 24
12 27
13 28
14 26
15 25
16 26
17 25
18 27
19 27
20 26
21 24
22 25
23 27
24 29
25 26
26 28
27 27
28 29
29 26
30 26
31 27
32 27
33 27
34 28
35 27
36 27
37 21
38 24
39 25
40 24
41 27
42 25
43 27
44 25
45 28
46 27
47 24
48 24
49 26
50 22
51 27
52 29
53 30
54 26
55 29
56 30
57 28
58 26
59 28
60 28
61 29
62 27
63 27
64 30
65 28
66 23
67 25
68 29
69 26
70 27
71 29
72 24
73 25
74 24
75 21
76 24
77 24
78 27
79 26
80 28
81 28
82 29
83 25
84 30
85 25
86 25
87 25
88 30
89 28
90 28
91 24
92 23
93 26
94 29
95 29
96 29
97 28
98 24
99 25
100 26
101 27
102 27
103 27
104 27
105 30
106 27
107 24
108 25
109 25
110 23
111 25
112 28
113 30
114 30
115 26
116 28
117 28
118 27
119 28
120 26
121 28
122 28
123 27
124 28
125 27
126 29
127 27
128 26
129 29
130 29
131 25
132 23
133 29
134 29
135 27
136 29
137 29
138 26
139 26
140 28
141 26
142 23
143 23
144 28
145 26
146 25
147 25
148 25
149 28
150 26
151 28
152 24
153 28
154 29
155 27
156 29
157 28
158 30
159 26
160 29
161 28
162 25
163 29
164 29
165 27
166 23
167 26
168 25
169 26
170 27
171 25
172 27
173 25
174 28
175 27
176 25
177 28
178 28
179 29
180 29
181 26
182 23
183 25
184 26
185 26
186 29
187 30
188 24
189 26
190 28
191 26
192 27
193 26
194 29
195 28
196 24
197 25
198 25
199 31
200 27
201 25
202 29
203 26
204 24
205 27
206 26
207 26
208 27
209 25
210 26
211 27
212 26
213 29
214 25
215 25
216 28
217 27
218 28
219 30
220 29
221 27
222 27
223 23
224 24
225 26
226 29
227 28
228 25
229 25
230 27
231 28
232 28
233 26
234 24
235 28
236 28
237 25
238 27
239 28
240 27
241 29
242 25
243 27
244 26
245 26
246 32
247 26
248 25
249 26
250 28
251 26
252 24
253 27
254 28
255 25
256 22
257 27
258 25
259 28
260 29
261 33
262 31
263 32
264 29
265 25
266 23
267 26
268 29
269 25
270 24
271 25
272 28
273 24
274 27
275 28
276 26
277 27
278 30
279 28
280 27
281 22
282 22
283 24
284 29
285 24
286 25
287 29
288 30
289 27
290 28
291 28
292 29
293 27
294 27
295 26
296 27
297 26
298 28
299 28
300 23
301 25
302 28
303 27
304 25
305 26
306 31
307 26
308 25
309 26
310 25
311 29
312 28
313 26
314 21
315 23
316 24
317 26
318 27
319 24
320 27
321 27
322 23
323 27
324 25
325 26
326 25
327 25
328 25
329 27
330 29
331 29
332 26
333 24
334 26
335 27
336 28
337 26
338 27
339 28
340 26
341 28
342 30
343 28
344 29
345 26
346 26
347 24
348 26
349 25
350 28
351 25
352 26
353 27
354 28
355 27
356 22
357 24
358 26
359 26
360 26
361 29
362 28
363 25
364 24
365 24
366 26
367 28
368 24
369 29
370 27
371 24
372 27
373 23
374 27
375 25
376 29
377 25
378 27
379 27
380 25
381 27
382 28
383 29
384 25
385 25
386 24
387 25
388 24
389 26
390 25
391 28
392 27
393 26
394 24
395 27
396 23
397 25
398 22
399 27
400 26
401 26
402 24
403 27
404 30
405 27
406 26
407 30
408 29
409 28
410 28
411 25
412 28
413 32
414 29
415 29
416 21
417 26
418 27
419 26
420 26
421 27
422 26
423 27
424 27
425 24
426 24
427 28
428 24
429 31
430 27
431 28
432 25
433 27
434 27
435 29
436 31
437 28
438 26
439 26
440 28
441 27
442 27
443 28
444 28
445 30
446 28
447 28
448 26
449 22
450 22
451 26
452 30
453 30
454 29
455 28
456 28
457 29
458 25
459 29
460 27
461 29
462 22
463 27
464 24
465 29
466 27
467 25
468 27
469 29
470 27
471 28
472 28
473 28
474 27
475 27
476 28
477 24
478 23
479 26
480 29
481 27
482 25
483 27
484 26
485 27
486 25
487 24
488 26
489 23
490 29
491 28
492 25
493 27
494 31
495 30
496 20
497 26
498 25
499 26
500 27
501 26
502 25
503 26
504 28
505 25
506 26
507 27
508 26
509 27
510 26
511 25
512 23
513 26
514 28
515 25
516 25
517 27
518 28
519 28
520 26
521 23
522 28
523 26
524 24
525 25
526 27
527 29
528 26
529 28
530 27
531 24
532 25
533 25
534 26
535 29
536 25
537 27
538 26
539 26
540 22
541 26
542 28
543 30
544 29
545 28
546 27
547 27
548 27
549 27
550 26
551 29
552 24
553 30
554 29
555 25
556 25
557 29
558 26
559 28
560 25
561 26
562 26
563 24
564 26
565 28
566 30
567 27
568 26
569 24
570 27
571 21
572 27
573 24
574 25
575 25
576 25
577 29
578 26
579 29
580 24
581 25
582 29
583 28
584 28
585 23
586 25
587 26
588 28
589 26
590 22
591 23
592 24
593 25
594 28
595 27
596 28
597 30
598 30
599 29
600 26
601 25
602 24
603 25
604 25
605 27
606 24
607 28
608 26
609 26
610 25
611 24
612 23
613 28
614 29
615 28
616 25
617 27
618 25
619 31
620 29
621 24
622 30
623 27
624 26
625 26
626 25
627 21
628 24
629 27
630 23
631 25
632 27
633 27
634 23
635 23
636 28
637 25
638 26
639 27
640 26
641 27
642 27
643 26
644 26
645 29
646 27
647 28
648 28
649 28
650 29
651 27
652 25
653 22
654 25
655 24
656 22
657 24
658 25
659 22
660 26
661 29
662 25
663 25
664 26
665 26
666 27
667 28
668 26
669 28
670 28
671 24
672 25
673 28
674 26
675 27
676 28
677 29
678 26
679 23
680 26
681 28
682 28
683 31
684 26
685 25
686 23
687 25
688 30
689 26
690 29
691 25
692 25
693 23
694 25
695 29
696 26
697 26
698 27
699 27
700 28
701 28
702 28
703 28
704 25
705 24
706 24
707 25
708 24
709 23
710 25
711 28
712 27
713 29
714 28
715 30
716 27
717 27
718 25
719 27
720 32
721 27
722 25
723 25
724 27
725 27
726 26
727 24
728 27
729 29
730 26
731 21
732 25
733 23
734 26
735 27
736 25
737 27
738 24
739 29
740 25
741 23
742 25
743 25
744 26
745 27
746 27
747 25
748 27
749 22
750 24
751 27
752 28
753 25
754 27
755 27
756 26
757 26
758 29
759 29
760 27
761 27
762 26
763 27
764 27
765 27
766 24
767 28
768 27
769 29
770 29
771 28
772 27
773 28
774 28
775 23
776 26
777 27
778 27
779 25
780 30
781 28
782 25
783 25
784 27
785 27
786 30
787 30
788 27
789 28
790 26
791 26
792 26
793 25
794 25
795 27
796 25
797 26
798 27
799 28
800 27
801 23
802 25
803 26
804 26
805 29
806 28
807 28
808 27
809 29
810 27
811 26
812 25
813 25
814 24
815 26
816 26
817 25
818 29
819 28
820 24
821 24
822 29
823 26
824 28
825 27
826 25
827 24
828 31
829 29
830 23
831 27
832 26
833 27
834 28
835 26
836 26
837 26
838 26
839 27
840 28
841 28
842 31
843 28
844 28
845 28
846 26
847 28
848 30
849 29
850 25
851 26
852 25
853 26
854 27
855 29
856 30
857 30
858 29
859 26
860 25
861 26
862 24
863 26
864 26
865 25
866 23
867 24
868 29
869 28
870 26
871 27
872 27
873 25
874 23
875 27
876 28
877 27
878 32
879 30
880 28
881 28
882 26
883 27
884 26
885 26
886 26
887 24
888 26
889 23
890 22
891 25
892 24
893 27
894 27
895 25
896 28
897 24
898 26
899 25
900 25
901 26
902 25
903 27
904 29
905 31
906 28
907 29
908 28
909 27
910 29
911 27
912 27
913 26
914 27
915 27
916 29
917 27
918 28
919 30
920 30
921 26
922 26
923 27
924 27
925 25
926 27
927 26
928 27
929 29
930 28
931 23
932 24
933 27
934 27
935 28
936 27
937 29
938 28
939 29
940 23
941 25
942 26
943 28
944 26
945 24
946 28
947 26
948 24
949 21
950 27
951 27
952 25
953 24
954 27
955 23
956 25
957 29
958 27
959 24
960 25
961 27
962 26
963 24
964 25
965 27
966 28
967 28
968 26
969 27
970 27
971 27
972 26
973 25
974 27
975 29
976 28
977 31
978 28
979 27
980 30
981 30
982 27
983 28
984 25
985 26
986 31
987 24
988 27
989 27
990 27
991 27
992 25
993 27
994 28
995 26
996 26
997 27
998 26
999 28
1000 26
