0 90
1 62
2 62
3 64
4 64
5 63
6 61
7 65
8 62
9 64
10 65
11 59
12 61
13 61
14 62
15 68
16 64
17 58
18 64
19 64
20 65
21 64
22 63
23 62
24 63
25 65
26 57
27 64
28 59
29 64
30 60
31 63
32 64
33 58
34 64
35 61
36 63
37 64
38 59
39 63
40 59
41 64
42 58
43 61
44 61
45 66
46 60
47 63
48 63
49 66
50 62
51 64
52 61
53 63
54 55
55 58
56 63
57 58
58 66
59 62
60 61
61 63
62 61
63 62
64 59
65 60
66 60
67 64
68 64
69 60
70 65
71 60
72 66
73 59
74 61
75 62
76 64
77 65
78 62
79 67
80 61
81 59
82 62
83 65
84 62
85 60
86 66
87 57
88 60
89 58
90 63
91 66
92 63
93 60
94 60
95 61
96 67
97 65
98 64
99 67
100 60
101 57
102 61
103 59
104 66
105 55
106 66
107 63
108 64
109 60
110 64
111 66
112 63
113 61
114 60
115 65
116 64
117 67
118 60
119 60
120 67
121 68
122 65
123 63
124 64
125 61
126 64
127 62
128 61
129 62
130 64
131 66
132 60
133 62
134 62
135 62
136 64
137 62
138 63
139 60
140 63
141 66
142 63
143 56
144 66
145 62
146 66
147 64
148 63
149 66
150 62
151 56
152 60
153 59
154 60
155 63
156 63
157 58
158 63
159 63
160 63
161 59
162 64
163 63
164 64
165 65
166 64
167 64
168 65
169 59
170 60
171 64
172 59
173 61
174 58
175 65
176 62
177 64
178 61
179 62
180 63
181 64
182 66
183 63
184 64
185 59
186 69
187 58
188 65
189 66
190 54
191 60
192 63
193 63
194 64
195 57
196 62
197 62
198 64
199 62
200 57
201 66
202 63
203 63
204 63
205 65
206 62
207 63
208 64
209 65
210 61
211 63
212 62
213 63
214 58
215 63
216 62
217 63
218 63
219 67
220 58
221 61
222 65
223 60
224 64
225 64
226 65
227 62
228 64
229 63
230 63
231 66
232 62
233 63
234 62
235 63
236 66
237 62
238 63
239 63
240 64
241 62
242 63
243 60
244 65
245 65
246 60
247 65
248 60
249 63
250 66
251 63
252 68
253 59
254 65
255 60
256 59
257 67
258 61
259 60
260 66
261 66
262 60
263 62
264 61
265 60
266 59
267 59
268 61
269 65
270 65
271 64
272 65
273 65
274 62
275 63
276 64
277 66
278 65
279 59
280 61
281 64
282 58
283 64
284 62
285 64
286 62
287 61
288 64
289 55
290 65
291 65
292 64
293 65
294 63
295 60
296 58
297 63
298 64
299 63
300 61
301 64
302 63
303 57
304 61
305 64
306 64
307 65
308 60
309 62
310 64
311 67
312 62
313 64
314 60
315 67
316 63
317 63
318 62
319 61
320 62
321 60
322 66
323 65
324 60
325 59
326 58
327 63
328 65
329 61
330 60
331 59
332 68
333 64
334 58
335 65
336 66
337 63
338 56
339 61
340 66
341 65
342 57
343 66
344 62
345 58
346 61
347 62
348 61
349 64
350 63
351 60
352 65
353 64
354 65
355 56
356 60
357 59
358 63
359 66
360 63
361 60
362 59
363 58
364 61
365 67
366 62
367 63
368 62
369 63
370 64
371 64
372 65
373 57
374 56
375 64
376 68
377 61
378 62
379 63
380 64
381 65
382 62
383 64
384 59
385 62
386 62
387 63
388 61
389 62
390 65
391 64
392 61
393 62
394 57
395 61
396 61
397 60
398 63
399 65
400 62
401 65
402 62
403 61
404 61
405 60
406 61
407 55
408 64
409 56
410 61
411 67
412 64
413 64
414 61
415 61
416 54
417 61
418 62
419 64
420 58
421 66
422 64
423 63
424 65
425 64
426 66
427 63
428 63
429 60
430 63
431 65
432 66
433 61
434 61
435 60
436 59
437 61
438 64
439 63
440 66
441 63
442 65
443 60
444 67
445 65
446 60
447 64
448 65
449 61
450 65
451 60
452 67
453 61
454 67
455 62
456 66
457 54
458 61
459 64
460 62
461 59
462 65
463 62
464 62
465 63
466 61
467 54
468 63
469 63
470 62
471 65
472 61
473 63
474 61
475 57
476 64
477 63
478 58
479 63
480 63
481 60
482 58
483 61
484 66
485 60
486 66
487 65
488 60
489 60
490 64
491 64
492 62
493 62
494 67
495 61
496 66
497 59
498 64
499 63
500 65
501 64
502 65
503 61
504 66
505 62
506 64
507 63
508 65
509 63
510 67
511 62
512 57
513 60
514 61
515 62
516 60
517 59
518 64
519 62
520 63
521 63
522 65
523 61
524 66
525 62
526 61
527 59
528 60
529 62
530 64
531 61
532 59
533 59
534 62
535 61
536 69
537 61
538 65
539 61
540 66
541 63
542 64
543 65
544 59
545 62
546 63
547 66
548 65
549 63
550 63
551 64
552 60
553 64
554 61
555 56
556 64
557 66
558 63
559 62
560 58
561 63
562 69
563 63
564 57
565 65
566 61
567 64
568 66
569 58
570 64
571 63
572 63
573 62
574 62
575 59
576 64
577 59
578 63
579 65
580 62
581 63
582 59
583 64
584 61
585 66
586 63
587 63
588 56
589 68
590 60
591 63
592 63
593 65
594 59
595 63
596 60
597 62
598 62
599 65
600 57
601 62
602 63
603 62
604 59
605 64
606 67
607 54
608 59
609 62
610 63
611 67
612 54
613 59
614 58
615 58
616 65
617 59
618 66
619 59
620 62
621 59
622 66
623 62
624 66
625 63
626 60
627 60
628 59
629 65
630 62
631 62
632 62
633 63
634 61
635 61
636 64
637 64
638 63
639 65
640 62
641 63
642 65
643 62
644 59
645 66
646 63
647 61
648 64
649 62
650 57
651 63
652 59
653 64
654 59
655 63
656 61
657 62
658 64
659 67
660 63
661 65
662 66
663 62
664 61
665 58
666 61
667 64
668 68
669 63
670 64
671 59
672 62
673 65
674 60
675 64
676 63
677 66
678 64
679 63
680 62
681 64
682 63
683 62
684 58
685 61
686 56
687 64
688 58
689 65
690 59
691 62
692 65
693 62
694 64
695 63
696 61
697 59
698 64
699 59
700 61
701 57
702 58
703 65
704 63
705 65
706 61
707 64
708 60
709 57
710 62
711 65
712 62
713 63
714 57
715 62
716 66
717 61
718 59
719 63
720 63
721 63
722 56
723 60
724 61
725 64
726 63
727 68
728 58
729 67
730 59
731 58
732 64
733 65
734 69
735 63
736 60
737 60
738 60
739 65
740 64
741 61
742 62
743 66
744 57
745 65
746 61
747 63
748 60
749 66
750 59
751 58
752 58
753 62
754 66
755 63
756 65
757 62
758 60
759 61
760 63
761 64
762 66
763 64
764 60
765 63
766 62
767 63
768 63
769 57
770 67
771 63
772 53
773 58
774 65
775 61
776 59
777 63
778 63
779 60
780 65
781 63
782 58
783 62
784 65
785 66
786 69
787 63
788 60
789 68
790 63
791 62
792 60
793 65
794 63
795 65
796 63
797 64
798 58
799 60
800 63
801 65
802 58
803 56
804 62
805 65
806 64
807 60
808 65
809 67
810 63
811 64
812 61
813 61
814 63
815 59
816 62
817 59
818 56
819 61
820 59
821 58
822 60
823 65
824 54
825 64
826 64
827 66
828 63
829 60
830 61
831 60
832 62
833 62
834 62
835 65
836 60
837 63
838 65
839 61
840 58
841 60
842 63
843 62
844 64
845 63
846 66
847 64
848 65
849 63
850 62
851 61
852 67
853 66
854 60
855 59
856 66
857 64
858 56
859 66
860 66
861 62
862 58
863 61
864 63
865 65
866 62
867 58
868 62
869 68
870 63
871 65
872 61
873 65
874 62
875 63
876 61
877 64
878 65
879 59
880 63
881 65
882 60
883 65
884 68
885 67
886 63
887 61
888 63
889 63
890 68
891 64
892 63
893 58
894 65
895 63
896 65
897 66
898 63
899 64
900 66
901 63
902 65
903 68
904 66
905 63
906 65
907 62
908 60
909 64
910 65
911 66
912 67
913 62
914 63
915 64
916 62
917 64
918 60
919 57
920 63
921 66
922 56
923 63
924 62
925 66
926 64
927 60
928 63
929 63
930 66
931 63
932 62
933 63
934 63
935 65
936 63
937 61
938 60
939 63
940 63
941 57
942 62
943 61
944 64
945 66
946 66
947 60
948 65
949 58
950 64
951 65
952 61
953 65
954 60
955 61
956 65
957 62
958 62
959 62
960 62
961 62
962 60
963 60
964 65
965 68
966 59
967 62
968 60
969 62
970 59
971 66
972 60
973 65
974 60
975 61
976 61
977 63
978 61
979 63
980 62
981 63
982 66
983 66
984 59
985 66
986 66
987 60
988 65
989 61
990 64
991 65
992 67
993 68
994 62
995 62
996 62
997 60
998 59
999 61
1000 63
