0 5
1 3
2 4
3 3
4 4
5 4
6 2
7 3
8 4
9 5
10 4
11 2
12 4
13 4
14 2
15 2
16 3
17 3
18 1
19 4
20 4
21 4
22 4
23 4
24 5
25 2
26 3
27 3
28 4
29 3
30 2
31 4
32 3
33 2
34 3
35 4
36 4
37 3
38 3
39 3
40 3
41 3
42 4
43 3
44 2
45 3
46 2
47 3
48 2
49 3
50 2
51 4
52 2
53 4
54 2
55 4
56 4
57 2
58 4
59 4
60 3
61 4
62 5
63 2
64 4
65 3
66 4
67 3
68 4
69 3
70 3
71 4
72 0
73 2
74 3
75 1
76 5
77 4
78 5
79 2
80 4
81 1
82 2
83 3
84 4
85 4
86 4
87 2
88 4
89 3
90 3
91 3
92 3
93 3
94 3
95 4
96 0
97 3
98 3
99 3
100 3
101 2
102 2
103 4
104 3
105 3
106 3
107 3
108 3
109 3
110 2
111 3
112 4
113 4
114 3
115 4
116 5
117 3
118 4
119 3
120 5
121 2
122 3
123 1
124 3
125 4
126 4
127 3
128 3
129 5
130 3
131 3
132 4
133 4
134 3
135 4
136 4
137 4
138 4
139 4
140 5
141 3
142 5
143 3
144 4
145 4
146 4
147 3
148 3
149 2
150 5
151 3
152 3
153 2
154 4
155 3
156 4
157 3
158 3
159 3
160 4
161 3
162 3
163 3
164 3
165 2
166 5
167 2
168 4
169 4
170 4
171 3
172 2
173 3
174 5
175 5
176 3
177 2
178 1
179 2
180 4
181 4
182 1
183 2
184 5
185 3
186 3
187 4
188 3
189 3
190 3
191 3
192 4
193 3
194 5
195 3
196 2
197 5
198 3
199 4
200 5
201 3
202 5
203 3
204 4
205 4
206 5
207 2
208 3
209 3
210 2
211 3
212 3
213 2
214 4
215 4
216 3
217 3
218 4
219 3
220 2
221 4
222 3
223 3
224 4
225 4
226 4
227 3
228 5
229 3
230 3
231 1
232 4
233 3
234 3
235 3
236 2
237 3
238 3
239 4
240 2
241 4
242 4
243 4
244 3
245 2
246 2
247 4
248 4
249 3
250 3
251 3
252 3
253 4
254 2
255 5
256 4
257 1
258 2
259 2
260 4
261 4
262 3
263 4
264 3
265 4
266 1
267 4
268 4
269 2
270 4
271 4
272 4
273 4
274 3
275 2
276 3
277 3
278 3
279 1
280 3
281 3
282 2
283 3
284 3
285 4
286 4
287 4
288 4
289 3
290 3
291 3
292 4
293 3
294 3
295 3
296 4
297 4
298 3
299 3
300 4
301 1
302 4
303 4
304 3
305 2
306 4
307 0
308 4
309 4
310 4
311 4
312 4
313 4
314 1
315 4
316 4
317 4
318 5
319 3
320 3
321 4
322 4
323 4
324 3
325 5
326 3
327 3
328 3
329 3
330 3
331 4
332 4
333 2
334 1
335 3
336 3
337 3
338 3
339 3
340 3
341 4
342 2
343 3
344 2
345 2
346 3
347 5
348 2
349 2
350 2
351 3
352 3
353 4
354 2
355 3
356 3
357 3
358 4
359 2
360 4
361 2
362 3
363 4
364 1
365 3
366 3
367 1
368 3
369 4
370 4
371 3
372 4
373 4
374 4
375 4
376 3
377 4
378 3
379 3
380 3
381 4
382 3
383 3
384 4
385 4
386 5
387 3
388 3
389 3
390 4
391 5
392 3
393 3
394 4
395 5
396 2
397 3
398 3
399 3
400 3
401 5
402 3
403 5
404 3
405 1
406 2
407 3
408 3
409 3
410 3
411 4
412 2
413 3
414 3
415 4
416 4
417 3
418 1
419 1
420 3
421 3
422 4
423 3
424 4
425 3
426 3
427 4
428 3
429 1
430 4
431 3
432 4
433 4
434 4
435 3
436 4
437 3
438 3
439 4
440 2
441 2
442 5
443 3
444 4
445 3
446 3
447 4
448 4
449 2
450 4
451 4
452 4
453 5
454 3
455 2
456 4
457 3
458 2
459 4
460 2
461 3
462 4
463 3
464 3
465 2
466 4
467 3
468 1
469 3
470 3
471 4
472 2
473 4
474 3
475 3
476 3
477 4
478 2
479 4
480 2
481 2
482 4
483 5
484 4
485 4
486 2
487 3
488 4
489 3
490 2
491 4
492 4
493 2
494 4
495 2
496 4
497 3
498 4
499 4
500 3
501 4
502 1
503 2
504 4
505 1
506 3
507 4
508 4
509 3
510 5
511 4
512 2
513 5
514 3
515 3
516 4
517 2
518 4
519 4
520 5
521 4
522 3
523 4
524 4
525 4
526 4
527 3
528 4
529 4
530 3
531 3
532 3
533 2
534 3
535 5
536 3
537 3
538 4
539 4
540 4
541 3
542 3
543 3
544 4
545 5
546 2
547 4
548 4
549 4
550 3
551 3
552 3
553 2
554 3
555 3
556 3
557 3
558 3
559 3
560 3
561 4
562 3
563 3
564 2
565 1
566 2
567 3
568 4
569 3
570 4
571 4
572 3
573 2
574 4
575 2
576 3
577 3
578 3
579 3
580 5
581 3
582 2
583 5
584 5
585 3
586 3
587 2
588 4
589 3
590 5
591 3
592 3
593 4
594 5
595 3
596 4
597 4
598 4
599 3
600 4
601 3
602 4
603 3
604 4
605 3
606 4
607 3
608 3
609 4
610 3
611 2
612 4
613 3
614 4
615 4
616 5
617 4
618 3
619 3
620 4
621 2
622 3
623 5
624 4
625 3
626 4
627 2
628 1
629 3
630 5
631 4
632 2
633 2
634 4
635 4
636 4
637 3
638 1
639 4
640 3
641 3
642 3
643 3
644 2
645 4
646 3
647 3
648 5
649 4
650 3
651 1
652 4
653 3
654 3
655 3
656 1
657 2
658 2
659 4
660 3
661 2
662 5
663 4
664 3
665 3
666 3
667 4
668 3
669 5
670 3
671 3
672 3
673 3
674 3
675 3
676 1
677 4
678 4
679 4
680 5
681 3
682 4
683 3
684 4
685 2
686 1
687 3
688 4
689 4
690 5
691 5
692 2
693 3
694 3
695 4
696 3
697 4
698 3
699 2
700 4
701 3
702 4
703 4
704 4
705 4
706 3
707 3
708 2
709 3
710 3
711 4
712 2
713 5
714 3
715 4
716 4
717 3
718 5
719 4
720 5
721 2
722 3
723 3
724 3
725 3
726 3
727 2
728 3
729 3
730 4
731 4
732 4
733 2
734 4
735 4
736 4
737 3
738 3
739 3
740 4
741 1
742 3
743 3
744 3
745 2
746 4
747 3
748 2
749 3
750 3
751 3
752 4
753 2
754 3
755 4
756 4
757 4
758 4
759 3
760 4
761 4
762 4
763 4
764 4
765 3
766 3
767 4
768 4
769 2
770 4
771 5
772 3
773 4
774 3
775 3
776 3
777 4
778 2
779 5
780 4
781 3
782 2
783 2
784 3
785 3
786 5
787 2
788 3
789 1
790 4
791 3
792 2
793 4
794 5
795 4
796 4
797 3
798 4
799 3
800 4
801 4
802 3
803 3
804 3
805 4
806 3
807 5
808 3
809 4
810 3
811 4
812 4
813 4
814 4
815 3
816 3
817 3
818 3
819 4
820 5
821 2
822 4
823 3
824 4
825 2
826 5
827 4
828 4
829 2
830 2
831 2
832 4
833 3
834 1
835 2
836 4
837 4
838 2
839 3
840 2
841 2
842 4
843 3
844 3
845 2
846 3
847 3
848 3
849 3
850 2
851 1
852 4
853 4
854 4
855 3
856 3
857 3
858 5
859 2
860 4
861 1
862 4
863 4
864 3
865 4
866 3
867 2
868 4
869 2
870 2
871 4
872 3
873 2
874 4
875 3
876 4
877 4
878 4
879 2
880 3
881 4
882 4
883 4
884 3
885 1
886 3
887 2
888 2
889 3
890 2
891 2
892 3
893 2
894 4
895 4
896 4
897 3
898 3
899 4
900 4
901 4
902 5
903 3
904 4
905 3
906 2
907 3
908 2
909 3
910 3
911 3
912 4
913 4
914 5
915 1
916 2
917 4
918 4
919 4
920 2
921 3
922 4
923 3
924 3
925 2
926 3
927 4
928 4
929 2
930 3
931 3
932 3
933 4
934 3
935 3
936 2
937 3
938 3
939 3
940 4
941 3
942 3
943 2
944 3
945 3
946 3
947 2
948 2
949 5
950 3
951 4
952 5
953 4
954 3
955 4
956 2
957 4
958 4
959 4
960 3
961 2
962 3
963 3
964 3
965 2
966 4
967 2
968 3
969 4
970 4
971 4
972 3
973 3
974 3
975 3
976 3
977 3
978 2
979 3
980 4
981 4
982 3
983 4
984 4
985 2
986 3
987 2
988 3
989 3
990 4
991 4
992 3
993 4
994 3
995 3
996 3
997 3
998 3
999 3
1000 4
