0 65
1 47
2 45
3 52
4 37
5 47
6 45
7 44
8 42
9 44
10 47
11 43
12 49
13 47
14 44
15 47
16 46
17 45
18 45
19 49
20 45
21 45
22 48
23 51
24 47
25 50
26 42
27 42
28 47
29 45
30 43
31 40
32 45
33 51
34 43
35 47
36 46
37 50
38 45
39 44
40 47
41 53
42 49
43 45
44 48
45 49
46 44
47 44
48 48
49 48
50 46
51 43
52 49
53 47
54 44
55 52
56 48
57 45
58 43
59 50
60 44
61 45
62 46
63 47
64 53
65 45
66 48
67 43
68 48
69 44
70 47
71 49
72 51
73 45
74 50
75 48
76 52
77 52
78 47
79 49
80 47
81 44
82 46
83 49
84 50
85 50
86 52
87 47
88 47
89 47
90 48
91 44
92 51
93 48
94 48
95 44
96 46
97 49
98 41
99 40
100 48
101 50
102 48
103 44
104 51
105 50
106 47
107 50
108 47
109 43
110 48
111 50
112 52
113 45
114 52
115 47
116 40
117 49
118 50
119 41
120 46
121 52
122 45
123 48
124 50
125 47
126 47
127 49
128 51
129 48
130 47
131 42
132 42
133 46
134 45
135 48
136 50
137 48
138 49
139 47
140 45
141 46
142 44
143 50
144 43
145 49
146 49
147 47
148 41
149 49
150 42
151 43
152 46
153 46
154 50
155 45
156 48
157 48
158 41
159 50
160 47
161 46
162 45
163 49
164 46
165 46
166 46
167 46
168 44
169 51
170 47
171 46
172 43
173 46
174 52
175 47
176 48
177 50
178 44
179 41
180 51
181 49
182 50
183 44
184 47
185 45
186 51
187 47
188 47
189 46
190 48
191 47
192 53
193 49
194 46
195 47
196 50
197 49
198 46
199 47
200 46
201 47
202 46
203 45
204 40
205 44
206 46
207 46
208 49
209 49
210 45
211 48
212 48
213 45
214 47
215 50
216 48
217 42
218 50
219 51
220 48
221 51
222 41
223 45
224 44
225 44
226 45
227 44
228 51
229 48
230 40
231 47
232 49
233 42
234 46
235 45
236 46
237 46
238 47
239 48
240 42
241 44
242 45
243 44
244 48
245 50
246 49
247 48
248 48
249 46
250 46
251 44
252 48
253 49
254 50
255 44
256 47
257 44
258 50
259 47
260 51
261 44
262 45
263 46
264 49
265 53
266 53
267 46
268 51
269 48
270 49
271 45
272 50
273 45
274 47
275 46
276 48
277 46
278 46
279 43
280 45
281 52
282 47
283 46
284 40
285 51
286 49
287 50
288 53
289 46
290 45
291 45
292 49
293 46
294 46
295 47
296 48
297 41
298 51
299 43
300 50
301 46
302 48
303 42
304 41
305 50
306 43
307 46
308 49
309 43
310 46
311 46
312 43
313 46
314 46
315 52
316 42
317 45
318 51
319 45
320 43
321 49
322 41
323 49
324 44
325 48
326 48
327 40
328 44
329 50
330 47
331 42
332 46
333 45
334 50
335 48
336 46
337 53
338 43
339 46
340 42
341 50
342 47
343 48
344 42
345 45
346 47
347 51
348 43
349 46
350 46
351 50
352 50
353 48
354 46
355 50
356 41
357 46
358 44
359 47
360 46
361 47
362 47
363 44
364 42
365 46
366 45
367 47
368 46
369 50
370 43
371 47
372 50
373 42
374 48
375 46
376 51
377 46
378 47
379 48
380 49
381 42
382 49
383 48
384 46
385 50
386 45
387 50
388 43
389 47
390 43
391 41
392 45
393 41
394 47
395 54
396 47
397 47
398 48
399 48
400 42
401 48
402 45
403 45
404 43
405 45
406 44
407 46
408 49
409 50
410 46
411 44
412 44
413 47
414 49
415 47
416 46
417 49
418 48
419 52
420 47
421 44
422 48
423 39
424 48
425 52
426 50
427 43
428 47
429 40
430 44
431 43
432 49
433 46
434 47
435 50
436 45
437 47
438 41
439 50
440 46
441 53
442 54
443 49
444 50
445 48
446 45
447 47
448 45
449 47
450 47
451 48
452 49
453 50
454 48
455 50
456 51
457 47
458 46
459 49
460 49
461 48
462 49
463 47
464 49
465 51
466 43
467 47
468 46
469 50
470 50
471 45
472 46
473 44
474 49
475 49
476 46
477 47
478 47
479 49
480 45
481 41
482 47
483 46
484 45
485 46
486 48
487 48
488 49
489 47
490 47
491 46
492 52
493 46
494 45
495 49
496 48
497 47
498 49
499 52
500 49
501 48
502 49
503 46
504 48
505 43
506 51
507 48
508 48
509 42
510 45
511 46
512 47
513 50
514 53
515 45
516 46
517 44
518 49
519 41
520 46
521 47
522 52
523 49
524 51
525 51
526 40
527 48
528 47
529 38
530 42
531 43
532 45
533 50
534 44
535 45
536 52
537 45
538 47
539 42
540 45
541 45
542 48
543 40
544 44
545 46
546 50
547 45
548 51
549 50
550 47
551 52
552 43
553 47
554 43
555 44
556 51
557 49
558 46
559 50
560 45
561 46
562 51
563 48
564 45
565 45
566 44
567 48
568 45
569 43
570 48
571 46
572 43
573 46
574 48
575 44
576 47
577 52
578 49
579 48
580 51
581 48
582 50
583 47
584 40
585 47
586 42
587 46
588 49
589 46
590 49
591 42
592 49
593 52
594 43
595 52
596 46
597 47
598 41
599 44
600 48
601 45
602 48
603 41
604 49
605 47
606 45
607 49
608 44
609 46
610 44
611 51
612 47
613 40
614 49
615 46
616 45
617 45
618 41
619 52
620 47
621 46
622 50
623 49
624 51
625 44
626 51
627 51
628 46
629 50
630 40
631 48
632 48
633 48
634 48
635 45
636 51
637 49
638 50
639 44
640 49
641 54
642 44
643 49
644 42
645 39
646 50
647 48
648 46
649 45
650 47
651 45
652 45
653 47
654 45
655 49
656 45
657 49
658 52
659 47
660 49
661 46
662 48
663 46
664 43
665 46
666 39
667 48
668 48
669 45
670 41
671 47
672 45
673 45
674 51
675 45
676 51
677 48
678 45
679 47
680 46
681 46
682 49
683 46
684 50
685 47
686 52
687 48
688 52
689 47
690 49
691 47
692 46
693 44
694 50
695 43
696 48
697 47
698 53
699 46
700 44
701 49
702 49
703 49
704 52
705 48
706 45
707 49
708 50
709 50
710 53
711 42
712 42
713 49
714 49
715 48
716 49
717 46
718 43
719 47
720 43
721 46
722 49
723 47
724 51
725 44
726 44
727 50
728 52
729 46
730 49
731 45
732 45
733 45
734 51
735 49
736 44
737 47
738 48
739 46
740 49
741 44
742 46
743 44
744 47
745 46
746 47
747 40
748 52
749 48
750 45
751 49
752 50
753 48
754 47
755 42
756 42
757 55
758 47
759 45
760 44
761 50
762 47
763 47
764 47
765 46
766 46
767 47
768 53
769 44
770 44
771 46
772 46
773 50
774 50
775 46
776 51
777 44
778 52
779 43
780 50
781 49
782 45
783 47
784 50
785 47
786 44
787 49
788 48
789 42
790 54
791 45
792 47
793 50
794 48
795 44
796 46
797 48
798 46
799 44
800 47
801 47
802 53
803 52
804 46
805 50
806 45
807 49
808 50
809 44
810 49
811 50
812 45
813 47
814 44
815 43
816 45
817 48
818 43
819 47
820 44
821 51
822 48
823 46
824 47
825 48
826 47
827 49
828 37
829 51
830 46
831 40
832 47
833 46
834 48
835 43
836 46
837 42
838 52
839 43
840 52
841 47
842 49
843 42
844 51
845 48
846 44
847 48
848 45
849 44
850 47
851 45
852 45
853 50
854 47
855 48
856 43
857 41
858 50
859 46
860 48
861 46
862 49
863 46
864 46
865 43
866 50
867 46
868 49
869 47
870 44
871 47
872 47
873 51
874 46
875 44
876 44
877 49
878 47
879 43
880 48
881 48
882 50
883 48
884 46
885 47
886 50
887 47
888 42
889 48
890 40
891 49
892 48
893 49
894 41
895 50
896 44
897 50
898 47
899 49
900 45
901 44
902 43
903 50
904 44
905 49
906 49
907 44
908 43
909 46
910 43
911 52
912 43
913 48
914 51
915 50
916 50
917 45
918 49
919 47
920 47
921 52
922 50
923 42
924 47
925 45
926 49
927 49
928 45
929 49
930 42
931 41
932 49
933 48
934 51
935 49
936 45
937 42
938 44
939 46
940 40
941 48
942 41
943 46
944 48
945 52
946 45
947 45
948 51
949 46
950 49
951 43
952 47
953 50
954 51
955 46
956 49
957 48
958 48
959 49
960 45
961 50
962 44
963 50
964 43
965 48
966 44
967 46
968 45
969 46
970 47
971 46
972 44
973 45
974 42
975 45
976 45
977 44
978 46
979 47
980 48
981 48
982 48
983 46
984 49
985 49
986 48
987 50
988 42
989 48
990 41
991 44
992 46
993 46
994 42
995 53
996 48
997 40
998 46
999 42
1000 48
