0 100
1 77
2 70
3 70
4 68
5 70
6 70
7 69
8 69
9 69
10 70
11 65
12 62
13 67
14 63
15 69
16 68
17 67
18 70
19 69
20 70
21 64
22 63
23 65
24 70
25 70
26 61
27 67
28 68
29 67
30 66
31 59
32 67
33 69
34 66
35 62
36 69
37 70
38 71
39 72
40 71
41 68
42 72
43 70
44 69
45 67
46 68
47 72
48 68
49 67
50 67
51 64
52 73
53 67
54 71
55 69
56 69
57 67
58 68
59 70
60 66
61 67
62 66
63 69
64 64
65 74
66 72
67 64
68 69
69 69
70 72
71 68
72 63
73 68
74 67
75 68
76 70
77 69
78 67
79 70
80 67
81 64
82 69
83 69
84 64
85 61
86 67
87 72
88 70
89 65
90 70
91 62
92 67
93 63
94 71
95 69
96 70
97 64
98 65
99 70
100 68
101 68
102 73
103 72
104 70
105 61
106 67
107 68
108 62
109 66
110 67
111 69
112 70
113 68
114 68
115 68
116 72
117 66
118 68
119 69
120 72
121 68
122 70
123 70
124 73
125 63
126 72
127 65
128 65
129 65
130 66
131 63
132 63
133 70
134 68
135 64
136 65
137 66
138 70
139 71
140 70
141 69
142 74
143 70
144 67
145 69
146 69
147 66
148 71
149 72
150 67
151 66
152 70
153 63
154 69
155 67
156 70
157 67
158 68
159 61
160 58
161 64
162 66
163 69
164 68
165 68
166 64
167 72
168 70
169 68
170 67
171 70
172 67
173 60
174 71
175 69
176 67
177 70
178 72
179 71
180 67
181 68
182 71
183 68
184 64
185 65
186 66
187 69
188 69
189 67
190 71
191 68
192 69
193 68
194 69
195 69
196 70
197 70
198 64
199 66
200 67
201 68
202 68
203 72
204 67
205 69
206 70
207 70
208 68
209 66
210 70
211 68
212 64
213 67
214 67
215 69
216 66
217 66
218 64
219 66
220 68
221 69
222 72
223 69
224 66
225 67
226 62
227 68
228 67
229 61
230 74
231 70
232 69
233 70
234 67
235 67
236 66
237 68
238 71
239 71
240 71
241 67
242 69
243 65
244 63
245 69
246 68
247 69
248 67
249 69
250 68
251 62
252 63
253 66
254 69
255 67
256 70
257 66
258 69
259 69
260 72
261 66
262 71
263 71
264 66
265 67
266 66
267 63
268 66
269 67
270 67
271 64
272 66
273 74
274 66
275 69
276 61
277 66
278 68
279 69
280 70
281 68
282 68
283 68
284 67
285 71
286 66
287 67
288 61
289 64
290 68
291 70
292 69
293 67
294 68
295 71
296 71
297 66
298 65
299 69
300 68
301 64
302 69
303 72
304 70
305 63
306 67
307 67
308 71
309 72
310 67
311 69
312 67
313 71
314 68
315 70
316 69
317 70
318 68
319 70
320 67
321 67
322 71
323 69
324 71
325 71
326 71
327 67
328 68
329 67
330 72
331 70
332 65
333 67
334 72
335 68
336 61
337 61
338 60
339 59
340 68
341 68
342 60
343 69
344 65
345 63
346 66
347 65
348 65
349 71
350 70
351 73
352 67
353 67
354 63
355 67
356 63
357 64
358 67
359 68
360 71
361 70
362 65
363 69
364 69
365 64
366 66
367 65
368 61
369 63
370 67
371 66
372 65
373 70
374 69
375 71
376 72
377 68
378 69
379 71
380 68
381 59
382 68
383 65
384 65
385 73
386 69
387 72
388 69
389 55
390 63
391 66
392 62
393 72
394 69
395 66
396 70
397 68
398 64
399 65
400 67
401 65
402 67
403 67
404 69
405 68
406 70
407 68
408 75
409 67
410 68
411 69
412 71
413 64
414 68
415 72
416 69
417 63
418 67
419 72
420 66
421 67
422 68
423 69
424 69
425 59
426 60
427 69
428 73
429 68
430 67
431 61
432 66
433 67
434 68
435 66
436 70
437 60
438 67
439 68
440 63
441 69
442 67
443 58
444 64
445 62
446 68
447 69
448 69
449 69
450 64
451 62
452 67
453 67
454 71
455 68
456 68
457 68
458 69
459 71
460 65
461 67
462 70
463 67
464 70
465 72
466 69
467 71
468 72
469 68
470 67
471 70
472 66
473 67
474 70
475 68
476 66
477 65
478 60
479 63
480 64
481 68
482 70
483 68
484 67
485 68
486 64
487 66
488 64
489 69
490 69
491 69
492 69
493 66
494 64
495 69
496 67
497 67
498 64
499 66
500 71
501 72
502 66
503 65
504 66
505 66
506 55
507 65
508 68
509 67
510 65
511 71
512 70
513 72
514 67
515 68
516 65
517 68
518 62
519 73
520 72
521 71
522 66
523 69
524 67
525 65
526 70
527 67
528 70
529 71
530 68
531 67
532 62
533 65
534 72
535 63
536 67
537 69
538 66
539 72
540 66
541 67
542 67
543 67
544 67
545 65
546 68
547 71
548 72
549 67
550 67
551 67
552 69
553 70
554 68
555 65
556 65
557 73
558 76
559 72
560 70
561 67
562 69
563 66
564 67
565 60
566 69
567 64
568 69
569 68
570 69
571 69
572 67
573 68
574 69
575 70
576 68
577 69
578 69
579 70
580 71
581 68
582 67
583 71
584 66
585 70
586 64
587 70
588 72
589 67
590 67
591 67
592 69
593 70
594 68
595 67
596 70
597 71
598 70
599 70
600 71
601 68
602 70
603 67
604 64
605 66
606 64
607 67
608 67
609 67
610 66
611 63
612 66
613 64
614 68
615 65
616 69
617 69
618 67
619 67
620 61
621 70
622 65
623 70
624 69
625 68
626 70
627 69
628 70
629 71
630 72
631 73
632 70
633 62
634 66
635 70
636 67
637 65
638 70
639 71
640 68
641 68
642 65
643 62
644 64
645 64
646 69
647 67
648 69
649 67
650 65
651 66
652 64
653 64
654 67
655 66
656 69
657 69
658 72
659 70
660 67
661 67
662 67
663 71
664 70
665 71
666 68
667 72
668 70
669 69
670 72
671 69
672 72
673 68
674 69
675 68
676 72
677 70
678 68
679 66
680 63
681 65
682 64
683 71
684 72
685 74
686 71
687 68
688 67
689 68
690 70
691 71
692 72
693 70
694 67
695 67
696 65
697 67
698 65
699 63
700 66
701 67
702 65
703 72
704 67
705 71
706 62
707 68
708 67
709 71
710 69
711 67
712 68
713 69
714 68
715 74
716 68
717 71
718 67
719 69
720 71
721 69
722 69
723 66
724 70
725 68
726 66
727 69
728 73
729 70
730 67
731 67
732 69
733 72
734 71
735 67
736 68
737 68
738 65
739 66
740 67
741 70
742 72
743 68
744 69
745 67
746 65
747 70
748 71
749 67
750 72
751 68
752 72
753 72
754 68
755 74
756 69
757 71
758 65
759 64
760 67
761 65
762 70
763 65
764 71
765 67
766 70
767 70
768 66
769 70
770 68
771 67
772 68
773 68
774 68
775 69
776 68
777 75
778 75
779 67
780 66
781 66
782 64
783 66
784 68
785 64
786 72
787 71
788 65
789 68
790 66
791 68
792 64
793 59
794 66
795 67
796 64
797 64
798 67
799 65
800 64
801 71
802 67
803 71
804 69
805 67
806 68
807 71
808 66
809 70
810 66
811 69
812 66
813 65
814 69
815 67
816 68
817 71
818 64
819 64
820 68
821 69
822 64
823 69
824 70
825 69
826 66
827 67
828 64
829 72
830 71
831 70
832 69
833 68
834 68
835 65
836 60
837 65
838 67
839 69
840 72
841 66
842 68
843 73
844 67
845 70
846 66
847 67
848 65
849 66
850 67
851 69
852 65
853 67
854 62
855 70
856 69
857 68
858 69
859 72
860 72
861 71
862 67
863 67
864 65
865 67
866 67
867 68
868 71
869 67
870 69
871 72
872 72
873 67
874 74
875 72
876 68
877 69
878 68
879 64
880 63
881 68
882 65
883 70
884 71
885 70
886 65
887 70
888 73
889 67
890 69
891 68
892 70
893 68
894 69
895 70
896 70
897 68
898 69
899 68
900 66
901 63
902 67
903 69
904 69
905 68
906 70
907 68
908 65
909 71
910 66
911 66
912 68
913 68
914 70
915 69
916 67
917 66
918 69
919 68
920 69
921 72
922 67
923 68
924 67
925 66
926 61
927 71
928 72
929 62
930 65
931 63
932 62
933 63
934 68
935 68
936 65
937 68
938 73
939 71
940 66
941 71
942 63
943 60
944 63
945 65
946 66
947 65
948 67
949 63
950 67
951 73
952 69
953 62
954 67
955 70
956 68
957 65
958 68
959 64
960 66
961 69
962 71
963 71
964 69
965 71
966 65
967 67
968 64
969 68
970 66
971 68
972 67
973 69
974 69
975 70
976 72
977 73
978 64
979 70
980 71
981 71
982 73
983 60
984 64
985 68
986 68
987 68
988 72
989 67
990 73
991 73
992 72
993 68
994 67
995 63
996 64
997 68
998 68
999 71
1000 69
