0 5
1 5
2 3
3 3
4 4
5 3
6 3
7 4
8 4
9 4
10 4
11 4
12 4
13 3
14 2
15 3
16 4
17 3
18 4
19 4
20 2
21 3
22 3
23 3
24 4
25 3
26 3
27 3
28 3
29 3
30 3
31 2
32 2
33 2
34 3
35 3
36 4
37 3
38 3
39 3
40 2
41 2
42 2
43 2
44 2
45 2
46 1
47 2
48 3
49 3
50 3
51 3
52 2
53 2
54 2
55 3
56 3
57 3
58 4
59 3
60 3
61 3
62 3
63 3
64 2
65 2
66 4
67 4
68 2
69 2
70 1
71 1
72 2
73 2
74 2
75 4
76 4
77 4
78 4
79 5
80 5
81 5
82 5
83 4
84 3
85 3
86 2
87 2
88 3
89 2
90 2
91 2
92 2
93 2
94 3
95 4
96 4
97 4
98 4
99 4
100 4
101 5
102 5
103 5
104 5
105 3
106 3
107 4
108 3
109 3
110 3
111 3
112 3
113 2
114 2
115 2
116 2
117 2
118 2
119 3
120 3
121 3
122 2
123 2
124 2
125 2
126 3
127 2
128 4
129 2
130 2
131 2
132 3
133 2
134 3
135 3
136 3
137 2
138 2
139 1
140 2
141 2
142 2
143 3
144 2
145 3
146 2
147 2
148 2
149 3
150 3
151 2
152 3
153 2
154 1
155 2
156 1
157 1
158 1
159 1
160 2
161 2
162 2
163 2
164 1
165 2
166 3
167 4
168 4
169 4
170 3
171 3
172 3
173 2
174 2
175 1
176 3
177 3
178 2
179 2
180 3
181 1
182 1
183 1
184 2
185 3
186 3
187 4
188 4
189 4
190 5
191 5
192 3
193 3
194 2
195 2
196 2
197 2
198 2
199 2
200 3
201 3
202 2
203 2
204 3
205 1
206 1
207 2
208 2
209 3
210 3
211 3
212 3
213 4
214 5
215 4
216 4
217 4
218 3
219 4
220 4
221 4
222 4
223 4
224 4
225 4
226 4
227 3
228 3
229 3
230 2
231 2
232 1
233 2
234 3
235 2
236 2
237 1
238 2
239 2
240 2
241 2
242 2
243 3
244 3
245 2
246 2
247 3
248 3
249 2
250 2
251 2
252 2
253 2
254 4
255 4
256 4
257 3
258 3
259 3
260 3
261 2
262 2
263 2
264 1
265 1
266 1
267 2
268 2
269 2
270 2
271 1
272 1
273 2
274 3
275 3
276 4
277 4
278 4
279 4
280 4
281 2
282 3
283 5
284 5
285 5
286 5
287 4
288 4
289 4
290 3
291 4
292 3
293 3
294 3
295 3
296 2
297 2
298 2
299 2
300 2
301 2
302 2
303 2
304 1
305 2
306 2
307 2
308 1
309 1
310 3
311 3
312 3
313 4
314 4
315 3
316 3
317 3
318 2
319 2
320 1
321 1
322 1
323 1
324 2
325 2
326 2
327 2
328 2
329 3
330 4
331 4
332 4
333 3
334 4
335 2
336 3
337 3
338 3
339 2
340 2
341 2
342 3
343 2
344 3
345 2
346 2
347 2
348 3
349 4
350 3
351 3
352 3
353 2
354 3
355 3
356 2
357 4
358 3
359 4
360 4
361 4
362 4
363 3
364 3
365 4
366 3
367 4
368 3
369 2
370 2
371 2
372 1
373 1
374 1
375 1
376 1
377 1
378 1
379 2
380 1
381 1
382 1
383 2
384 3
385 3
386 3
387 3
388 3
389 2
390 2
391 2
392 2
393 2
394 4
395 3
396 2
397 2
398 2
399 2
400 3
401 3
402 3
403 3
404 3
405 1
406 2
407 2
408 3
409 3
410 3
411 3
412 4
413 4
414 3
415 4
416 2
417 2
418 2
419 2
420 1
421 1
422 2
423 2
424 2
425 2
426 2
427 3
428 3
429 4
430 4
431 4
432 4
433 2
434 2
435 2
436 3
437 2
438 2
439 3
440 4
441 4
442 4
443 3
444 3
445 3
446 2
447 3
448 3
449 3
450 3
451 2
452 2
453 2
454 4
455 4
456 2
457 2
458 2
459 2
460 3
461 3
462 3
463 3
464 4
465 4
466 3
467 2
468 2
469 2
470 2
471 2
472 3
473 2
474 3
475 3
476 3
477 2
478 2
479 2
480 2
481 2
482 1
483 1
484 1
485 1
486 2
487 2
488 2
489 3
490 3
491 2
492 2
493 2
494 2
495 3
496 3
497 2
498 2
499 3
500 3
501 2
502 2
503 2
504 1
505 2
506 3
507 4
508 3
509 3
510 4
511 3
512 4
513 4
514 4
515 4
516 5
517 5
518 5
519 5
520 5
521 5
522 3
523 3
524 2
525 2
526 2
527 2
528 2
529 3
530 3
531 2
532 2
533 3
534 3
535 3
536 3
537 3
538 3
539 2
540 2
541 3
542 3
543 3
544 2
545 3
546 3
547 2
548 2
549 1
550 4
551 4
552 3
553 3
554 2
555 2
556 2
557 3
558 2
559 3
560 3
561 2
562 2
563 2
564 3
565 3
566 3
567 3
568 4
569 4
570 4
571 3
572 3
573 2
574 1
575 2
576 2
577 3
578 2
579 3
580 2
581 4
582 4
583 3
584 4
585 3
586 2
587 2
588 3
589 4
590 5
591 4
592 3
593 3
594 2
595 3
596 3
597 2
598 2
599 3
600 3
601 3
602 3
603 3
604 3
605 3
606 3
607 3
608 2
609 2
610 3
611 3
612 4
613 3
614 3
615 1
616 2
617 2
618 2
619 2
620 4
621 3
622 3
623 4
624 3
625 3
626 2
627 2
628 3
629 3
630 3
631 3
632 3
633 4
634 4
635 4
636 4
637 4
638 4
639 2
640 3
641 3
642 2
643 2
644 3
645 3
646 3
647 4
648 3
649 3
650 4
651 3
652 1
653 2
654 1
655 2
656 3
657 3
658 3
659 4
660 3
661 3
662 4
663 5
664 4
665 4
666 3
667 3
668 3
669 3
670 2
671 2
672 2
673 2
674 3
675 3
676 4
677 3
678 4
679 2
680 2
681 2
682 2
683 3
684 3
685 3
686 3
687 2
688 3
689 3
690 4
691 3
692 2
693 2
694 3
695 2
696 2
697 2
698 2
699 3
700 4
701 4
702 3
703 3
704 3
705 3
706 3
707 3
708 2
709 1
710 2
711 3
712 3
713 4
714 4
715 4
716 4
717 4
718 2
719 2
720 1
721 2
722 3
723 3
724 4
725 4
726 4
727 3
728 3
729 3
730 3
731 3
732 3
733 3
734 3
735 2
736 1
737 1
738 1
739 1
740 3
741 3
742 3
743 3
744 3
745 3
746 3
747 2
748 2
749 2
750 3
751 3
752 4
753 4
754 3
755 3
756 3
757 3
758 2
759 1
760 1
761 1
762 1
763 1
764 1
765 1
766 2
767 3
768 2
769 2
770 1
771 3
772 3
773 2
774 1
775 1
776 1
777 2
778 3
779 2
780 3
781 3
782 4
783 4
784 4
785 4
786 3
787 3
788 3
789 3
790 3
791 3
792 2
793 3
794 2
795 2
796 2
797 3
798 4
799 4
800 4
801 3
802 3
803 3
804 2
805 2
806 3
807 2
808 3
809 3
810 2
811 1
812 1
813 2
814 3
815 2
816 2
817 2
818 2
819 2
820 4
821 4
822 3
823 2
824 2
825 2
826 3
827 3
828 4
829 4
830 4
831 4
832 4
833 4
834 4
835 3
836 2
837 3
838 3
839 4
840 4
841 3
842 3
843 3
844 2
845 3
846 3
847 4
848 4
849 4
850 5
851 4
852 3
853 4
854 4
855 2
856 3
857 4
858 3
859 3
860 3
861 3
862 3
863 3
864 3
865 3
866 2
867 3
868 4
869 4
870 4
871 4
872 3
873 2
874 4
875 4
876 4
877 4
878 4
879 3
880 2
881 3
882 3
883 4
884 3
885 3
886 3
887 3
888 3
889 2
890 2
891 2
892 3
893 3
894 3
895 3
896 4
897 3
898 3
899 3
900 3
901 2
902 1
903 2
904 2
905 2
906 2
907 2
908 4
909 3
910 4
911 4
912 3
913 3
914 2
915 3
916 3
917 3
918 3
919 3
920 3
921 2
922 3
923 3
924 3
925 3
926 4
927 4
928 3
929 4
930 3
931 3
932 1
933 2
934 3
935 1
936 1
937 1
938 2
939 3
940 3
941 3
942 4
943 3
944 3
945 2
946 2
947 3
948 2
949 3
950 3
951 4
952 4
953 4
954 4
955 4
956 4
957 3
958 3
959 3
960 3
961 3
962 3
963 2
964 2
965 2
966 3
967 3
968 3
969 4
970 4
971 4
972 3
973 3
974 3
975 2
976 3
977 2
978 1
979 1
980 2
981 3
982 3
983 3
984 2
985 2
986 2
987 3
988 2
989 2
990 3
991 3
992 3
993 4
994 3
995 3
996 3
997 3
998 3
999 3
1000 4
