0 85
1 79
2 74
3 71
4 68
5 66
6 63
7 61
8 58
9 56
10 52
11 51
12 50
13 49
14 49
15 47
16 44
17 44
18 43
19 44
20 44
21 45
22 43
23 42
24 43
25 42
26 43
27 44
28 43
29 38
30 38
31 37
32 38
33 38
34 39
35 40
36 40
37 42
38 41
39 42
40 39
41 37
42 39
43 41
44 42
45 44
46 43
47 45
48 46
49 44
50 42
51 42
52 44
53 44
54 45
55 44
56 44
57 44
58 43
59 44
60 45
61 47
62 48
63 48
64 49
65 50
66 49
67 43
68 43
69 46
70 46
71 45
72 46
73 47
74 48
75 43
76 44
77 47
78 49
79 48
80 48
81 49
82 48
83 46
84 45
85 46
86 46
87 47
88 45
89 45
90 44
91 43
92 42
93 42
94 41
95 43
96 44
97 41
98 42
99 43
100 44
101 41
102 43
103 42
104 42
105 42
106 44
107 42
108 42
109 43
110 43
111 45
112 44
113 45
114 43
115 44
116 41
117 43
118 43
119 44
120 43
121 42
122 42
123 43
124 41
125 41
126 42
127 43
128 40
129 42
130 43
131 42
132 41
133 43
134 42
135 41
136 43
137 46
138 47
139 49
140 47
141 46
142 43
143 42
144 43
145 43
146 45
147 43
148 44
149 44
150 41
151 39
152 41
153 40
154 39
155 38
156 39
157 40
158 41
159 43
160 44
161 43
162 43
163 45
164 44
165 42
166 43
167 43
168 41
169 36
170 36
171 38
172 40
173 40
174 42
175 43
176 42
177 42
178 42
179 44
180 46
181 46
182 45
183 45
184 46
185 45
186 42
187 42
188 43
189 41
190 38
191 40
192 41
193 42
194 44
195 41
196 42
197 44
198 44
199 44
200 46
201 47
202 46
203 46
204 45
205 44
206 43
207 43
208 44
209 45
210 45
211 47
212 49
213 50
214 51
215 49
216 47
217 46
218 47
219 45
220 46
221 47
222 46
223 46
224 48
225 47
226 44
227 43
228 42
229 44
230 45
231 42
232 41
233 39
234 40
235 40
236 42
237 44
238 43
239 42
240 41
241 40
242 41
243 42
244 41
245 40
246 42
247 42
248 38
249 40
250 40
251 41
252 42
253 42
254 42
255 39
256 39
257 38
258 41
259 41
260 40
261 41
262 42
263 42
264 45
265 44
266 44
267 40
268 41
269 41
270 41
271 42
272 41
273 42
274 43
275 43
276 43
277 42
278 43
279 45
280 43
281 43
282 42
283 40
284 40
285 41
286 42
287 42
288 42
289 42
290 42
291 43
292 41
293 42
294 45
295 45
296 45
297 46
298 47
299 49
300 48
301 48
302 46
303 46
304 47
305 45
306 47
307 45
308 40
309 39
310 40
311 41
312 43
313 44
314 45
315 44
316 44
317 40
318 38
319 37
320 37
321 37
322 38
323 38
324 39
325 37
326 40
327 42
328 43
329 40
330 42
331 45
332 46
333 46
334 45
335 44
336 44
337 42
338 40
339 40
340 41
341 41
342 40
343 41
344 41
345 39
346 37
347 37
348 36
349 37
350 39
351 37
352 37
353 37
354 38
355 39
356 41
357 41
358 38
359 40
360 41
361 42
362 41
363 40
364 41
365 42
366 41
367 43
368 43
369 44
370 44
371 44
372 44
373 43
374 41
375 40
376 41
377 44
378 41
379 41
380 41
381 42
382 42
383 44
384 42
385 44
386 44
387 43
388 44
389 44
390 45
391 45
392 46
393 46
394 45
395 44
396 44
397 43
398 41
399 43
400 42
401 42
402 41
403 43
404 42
405 42
406 42
407 43
408 44
409 43
410 42
411 42
412 45
413 43
414 43
415 44
416 45
417 47
418 47
419 48
420 48
421 48
422 46
423 47
424 46
425 47
426 47
427 47
428 47
429 47
430 46
431 47
432 46
433 45
434 46
435 44
436 42
437 43
438 43
439 42
440 44
441 40
442 40
443 39
444 41
445 41
446 39
447 40
448 42
449 44
450 45
451 44
452 44
453 44
454 44
455 45
456 45
457 47
458 47
459 48
460 48
461 49
462 47
463 47
464 44
465 43
466 44
467 41
468 42
469 41
470 39
471 40
472 39
473 40
474 40
475 43
476 40
477 40
478 40
479 39
480 40
481 42
482 42
483 42
484 41
485 42
486 42
487 43
488 45
489 44
490 45
491 43
492 44
493 45
494 42
495 44
496 43
497 41
498 36
499 37
500 38
501 40
502 40
503 42
504 40
505 36
506 37
507 37
508 36
509 39
510 38
511 41
512 40
513 42
514 41
515 37
516 37
517 39
518 39
519 41
520 40
521 40
522 39
523 40
524 41
525 40
526 40
527 40
528 39
529 38
530 39
531 42
532 42
533 43
534 43
535 43
536 43
537 45
538 48
539 48
540 48
541 46
542 46
543 45
544 47
545 44
546 46
547 44
548 42
549 43
550 43
551 45
552 43
553 44
554 43
555 42
556 41
557 38
558 38
559 39
560 40
561 40
562 40
563 41
564 40
565 37
566 37
567 38
568 40
569 42
570 41
571 37
572 36
573 37
574 36
575 39
576 40
577 38
578 38
579 39
580 42
581 42
582 44
583 45
584 44
585 43
586 43
587 43
588 43
589 44
590 45
591 45
592 45
593 45
594 44
595 45
596 44
597 44
598 45
599 44
600 43
601 44
602 46
603 45
604 45
605 44
606 45
607 45
608 45
609 45
610 45
611 46
612 43
613 42
614 41
615 41
616 41
617 41
618 38
619 39
620 41
621 41
622 41
623 40
624 40
625 39
626 39
627 39
628 39
629 39
630 41
631 40
632 36
633 38
634 39
635 37
636 37
637 39
638 39
639 39
640 38
641 41
642 40
643 41
644 43
645 45
646 46
647 45
648 45
649 42
650 42
651 41
652 42
653 44
654 43
655 41
656 40
657 40
658 41
659 42
660 39
661 39
662 41
663 37
664 38
665 36
666 38
667 38
668 38
669 40
670 39
671 39
672 37
673 37
674 37
675 37
676 35
677 35
678 35
679 34
680 35
681 35
682 36
683 37
684 36
685 37
686 36
687 36
688 38
689 36
690 39
691 38
692 39
693 36
694 37
695 40
696 40
697 41
698 38
699 38
700 37
701 35
702 37
703 39
704 39
705 40
706 40
707 41
708 40
709 41
710 39
711 40
712 39
713 40
714 40
715 40
716 39
717 37
718 37
719 41
720 42
721 43
722 41
723 41
724 40
725 41
726 43
727 43
728 41
729 42
730 44
731 48
732 47
733 47
734 45
735 45
736 44
737 41
738 38
739 36
740 36
741 36
742 34
743 36
744 36
745 37
746 38
747 40
748 41
749 42
750 42
751 44
752 44
753 44
754 43
755 43
756 44
757 44
758 45
759 44
760 46
761 46
762 46
763 43
764 44
765 42
766 43
767 43
768 43
769 43
770 42
771 45
772 47
773 44
774 45
775 45
776 46
777 48
778 48
779 46
780 45
781 46
782 47
783 46
784 46
785 44
786 45
787 42
788 44
789 44
790 43
791 41
792 43
793 45
794 44
795 41
796 42
797 42
798 43
799 43
800 44
801 44
802 44
803 44
804 44
805 45
806 44
807 44
808 44
809 45
810 46
811 47
812 45
813 44
814 45
815 48
816 48
817 46
818 44
819 46
820 48
821 46
822 45
823 45
824 44
825 43
826 43
827 42
828 40
829 39
830 38
831 39
832 38
833 40
834 39
835 40
836 38
837 39
838 39
839 40
840 41
841 44
842 44
843 45
844 45
845 46
846 46
847 46
848 44
849 42
850 43
851 43
852 44
853 44
854 43
855 43
856 43
857 43
858 42
859 43
860 42
861 40
862 39
863 42
864 43
865 43
866 43
867 43
868 41
869 43
870 41
871 43
872 43
873 44
874 45
875 42
876 43
877 42
878 43
879 42
880 43
881 43
882 43
883 42
884 45
885 42
886 40
887 41
888 41
889 43
890 42
891 41
892 40
893 42
894 43
895 42
896 43
897 43
898 45
899 45
900 47
901 43
902 46
903 44
904 44
905 44
906 42
907 43
908 42
909 42
910 41
911 43
912 44
913 44
914 44
915 44
916 44
917 43
918 44
919 43
920 43
921 42
922 44
923 45
924 42
925 45
926 47
927 47
928 46
929 47
930 46
931 45
932 44
933 45
934 42
935 42
936 41
937 43
938 43
939 42
940 45
941 47
942 47
943 46
944 47
945 46
946 46
947 47
948 47
949 46
950 44
951 44
952 43
953 42
954 43
955 42
956 43
957 42
958 42
959 43
960 45
961 46
962 43
963 43
964 38
965 39
966 40
967 40
968 42
969 42
970 40
971 41
972 42
973 40
974 41
975 43
976 42
977 43
978 42
979 41
980 42
981 43
982 44
983 44
984 46
985 45
986 46
987 46
988 45
989 44
990 44
991 46
992 44
993 42
994 40
995 42
996 41
997 39
998 39
999 39
1000 38
