0 90
1 75
2 66
3 66
4 66
5 67
6 64
7 61
8 58
9 58
10 60
11 58
12 57
13 57
14 56
15 52
16 60
17 56
18 58
19 61
20 59
21 56
22 58
23 56
24 57
25 55
26 59
27 61
28 60
29 59
30 54
31 54
32 55
33 59
34 57
35 56
36 58
37 58
38 55
39 57
40 58
41 60
42 56
43 55
44 54
45 54
46 58
47 61
48 62
49 63
50 67
51 67
52 62
53 62
54 62
55 63
56 63
57 55
58 55
59 55
60 57
61 57
62 59
63 58
64 60
65 58
66 57
67 57
68 55
69 55
70 55
71 59
72 59
73 63
74 62
75 64
76 59
77 56
78 59
79 59
80 59
81 57
82 55
83 60
84 56
85 58
86 57
87 57
88 60
89 58
90 61
91 62
92 60
93 60
94 62
95 60
96 60
97 58
98 62
99 61
100 59
101 57
102 58
103 57
104 61
105 60
106 57
107 61
108 61
109 55
110 55
111 57
112 58
113 60
114 53
115 58
116 58
117 55
118 55
119 60
120 59
121 60
122 63
123 59
124 58
125 63
126 65
127 67
128 62
129 54
130 55
131 57
132 60
133 62
134 57
135 56
136 53
137 55
138 57
139 54
140 54
141 56
142 59
143 60
144 62
145 59
146 58
147 57
148 54
149 55
150 54
151 54
152 52
153 57
154 60
155 58
156 60
157 62
158 62
159 62
160 59
161 59
162 64
163 65
164 66
165 62
166 56
167 56
168 56
169 60
170 65
171 63
172 60
173 57
174 55
175 57
176 57
177 60
178 56
179 56
180 59
181 60
182 57
183 57
184 54
185 59
186 61
187 58
188 55
189 56
190 59
191 63
192 61
193 62
194 60
195 56
196 56
197 60
198 61
199 61
200 59
201 60
202 56
203 56
204 54
205 52
206 51
207 54
208 55
209 55
210 53
211 57
212 59
213 61
214 62
215 57
216 60
217 59
218 62
219 60
220 58
221 58
222 61
223 60
224 59
225 60
226 62
227 58
228 61
229 62
230 59
231 55
232 51
233 54
234 58
235 61
236 60
237 60
238 64
239 63
240 63
241 64
242 54
243 57
244 58
245 60
246 62
247 60
248 54
249 52
250 58
251 55
252 57
253 56
254 57
255 59
256 64
257 62
258 62
259 67
260 62
261 60
262 61
263 59
264 56
265 60
266 60
267 57
268 53
269 53
270 54
271 53
272 55
273 58
274 62
275 59
276 57
277 57
278 57
279 56
280 56
281 56
282 59
283 61
284 62
285 58
286 61
287 62
288 63
289 59
290 60
291 65
292 61
293 63
294 61
295 61
296 60
297 59
298 57
299 57
300 56
301 56
302 57
303 56
304 58
305 60
306 65
307 63
308 59
309 59
310 60
311 58
312 56
313 59
314 60
315 60
316 65
317 60
318 64
319 60
320 59
321 57
322 57
323 54
324 54
325 58
326 59
327 60
328 59
329 63
330 61
331 60
332 62
333 63
334 60
335 61
336 60
337 61
338 60
339 60
340 58
341 59
342 58
343 52
344 57
345 64
346 63
347 66
348 66
349 66
350 60
351 59
352 61
353 61
354 59
355 60
356 62
357 54
358 54
359 55
360 61
361 60
362 58
363 65
364 60
365 57
366 61
367 60
368 55
369 55
370 55
371 57
372 54
373 55
374 58
375 62
376 57
377 56
378 55
379 58
380 54
381 57
382 53
383 54
384 55
385 54
386 55
387 56
388 57
389 53
390 53
391 56
392 56
393 55
394 58
395 55
396 58
397 59
398 55
399 53
400 57
401 58
402 58
403 59
404 61
405 57
406 54
407 55
408 57
409 58
410 60
411 58
412 61
413 61
414 59
415 57
416 59
417 60
418 58
419 55
420 53
421 55
422 55
423 58
424 50
425 57
426 59
427 62
428 57
429 57
430 58
431 61
432 58
433 54
434 57
435 62
436 64
437 64
438 57
439 56
440 52
441 54
442 56
443 57
444 57
445 59
446 57
447 59
448 58
449 58
450 61
451 60
452 60
453 59
454 62
455 62
456 59
457 62
458 61
459 58
460 61
461 59
462 57
463 59
464 59
465 60
466 58
467 60
468 55
469 57
470 55
471 56
472 52
473 54
474 56
475 55
476 54
477 55
478 56
479 58
480 61
481 59
482 59
483 59
484 60
485 60
486 59
487 56
488 62
489 59
490 61
491 61
492 57
493 60
494 58
495 58
496 60
497 60
498 60
499 55
500 54
501 57
502 59
503 61
504 59
505 57
506 58
507 57
508 58
509 56
510 54
511 58
512 58
513 58
514 60
515 61
516 64
517 62
518 60
519 61
520 61
521 61
522 64
523 64
524 65
525 62
526 62
527 61
528 55
529 57
530 61
531 57
532 58
533 63
534 61
535 62
536 54
537 57
538 57
539 55
540 57
541 58
542 54
543 59
544 51
545 54
546 57
547 61
548 61
549 60
550 55
551 58
552 58
553 61
554 60
555 60
556 62
557 65
558 62
559 59
560 56
561 56
562 58
563 61
564 61
565 63
566 65
567 64
568 63
569 62
570 62
571 65
572 60
573 59
574 59
575 60
576 59
577 61
578 61
579 62
580 62
581 62
582 61
583 59
584 56
585 56
586 59
587 59
588 58
589 58
590 60
591 57
592 59
593 56
594 51
595 51
596 52
597 60
598 62
599 65
600 64
601 63
602 61
603 61
604 61
605 60
606 60
607 62
608 61
609 57
610 58
611 59
612 59
613 54
614 51
615 54
616 48
617 52
618 52
619 56
620 54
621 56
622 56
623 57
624 57
625 57
626 53
627 56
628 58
629 57
630 56
631 55
632 54
633 60
634 60
635 64
636 61
637 60
638 61
639 59
640 63
641 58
642 60
643 61
644 62
645 65
646 62
647 64
648 56
649 52
650 56
651 60
652 59
653 54
654 53
655 54
656 50
657 57
658 57
659 56
660 57
661 55
662 54
663 57
664 56
665 56
666 57
667 58
668 59
669 54
670 56
671 58
672 59
673 59
674 57
675 54
676 56
677 60
678 60
679 65
680 64
681 60
682 60
683 60
684 63
685 64
686 64
687 64
688 64
689 62
690 62
691 63
692 63
693 62
694 61
695 61
696 58
697 62
698 63
699 59
700 58
701 60
702 61
703 64
704 60
705 58
706 60
707 59
708 58
709 60
710 62
711 61
712 52
713 55
714 59
715 62
716 62
717 60
718 56
719 58
720 56
721 57
722 59
723 47
724 54
725 53
726 55
727 53
728 56
729 56
730 59
731 63
732 60
733 57
734 60
735 57
736 59
737 60
738 64
739 58
740 60
741 57
742 58
743 60
744 61
745 59
746 61
747 61
748 58
749 58
750 60
751 53
752 55
753 58
754 58
755 59
756 60
757 60
758 58
759 58
760 59
761 58
762 59
763 58
764 51
765 52
766 57
767 55
768 60
769 58
770 61
771 63
772 62
773 62
774 60
775 61
776 63
777 61
778 63
779 64
780 67
781 63
782 59
783 57
784 59
785 55
786 56
787 57
788 52
789 51
790 55
791 60
792 61
793 62
794 59
795 59
796 61
797 61
798 58
799 59
800 56
801 57
802 57
803 57
804 60
805 59
806 60
807 57
808 58
809 59
810 61
811 60
812 59
813 63
814 63
815 62
816 59
817 56
818 60
819 65
820 61
821 59
822 58
823 55
824 59
825 59
826 59
827 58
828 58
829 58
830 58
831 61
832 62
833 60
834 57
835 61
836 63
837 63
838 61
839 56
840 55
841 58
842 56
843 57
844 60
845 59
846 54
847 54
848 60
849 56
850 58
851 61
852 59
853 59
854 56
855 58
856 57
857 53
858 58
859 63
860 61
861 63
862 63
863 62
864 63
865 61
866 59
867 60
868 59
869 56
870 59
871 58
872 60
873 66
874 66
875 63
876 54
877 53
878 59
879 55
880 58
881 60
882 61
883 61
884 63
885 59
886 58
887 58
888 56
889 60
890 55
891 57
892 59
893 59
894 62
895 64
896 67
897 66
898 62
899 62
900 60
901 60
902 64
903 58
904 57
905 58
906 59
907 59
908 60
909 58
910 60
911 63
912 61
913 60
914 62
915 57
916 55
917 56
918 58
919 63
920 61
921 62
922 64
923 64
924 59
925 56
926 53
927 55
928 56
929 55
930 58
931 55
932 54
933 49
934 56
935 56
936 56
937 61
938 58
939 57
940 54
941 55
942 57
943 59
944 63
945 60
946 61
947 56
948 57
949 54
950 55
951 58
952 59
953 61
954 58
955 58
956 52
957 53
958 57
959 54
960 59
961 54
962 57
963 58
964 59
965 63
966 57
967 58
968 60
969 62
970 61
971 61
972 64
973 65
974 62
975 64
976 62
977 61
978 55
979 60
980 54
981 56
982 59
983 52
984 59
985 59
986 59
987 57
988 56
989 56
990 59
991 54
992 56
993 56
994 59
995 55
996 61
997 57
998 59
999 62
1000 59
