0 90
1 72
2 67
3 63
4 62
5 60
6 60
7 62
8 60
9 61
10 62
11 63
12 65
13 60
14 65
15 59
16 52
17 59
18 61
19 59
20 58
21 57
22 59
23 59
24 61
25 59
26 62
27 59
28 58
29 57
30 52
31 55
32 57
33 61
34 60
35 62
36 60
37 58
38 59
39 62
40 58
41 63
42 62
43 61
44 62
45 66
46 67
47 64
48 63
49 59
50 58
51 61
52 62
53 64
54 64
55 62
56 62
57 61
58 60
59 59
60 58
61 63
62 59
63 57
64 54
65 60
66 57
67 58
68 56
69 56
70 59
71 53
72 59
73 57
74 58
75 59
76 63
77 62
78 59
79 58
80 56
81 59
82 63
83 65
84 62
85 63
86 62
87 58
88 60
89 58
90 61
91 62
92 58
93 59
94 61
95 59
96 56
97 58
98 60
99 61
100 63
101 61
102 58
103 56
104 58
105 59
106 61
107 58
108 56
109 60
110 60
111 62
112 63
113 62
114 58
115 59
116 57
117 62
118 59
119 59
120 60
121 57
122 59
123 56
124 51
125 59
126 57
127 57
128 53
129 54
130 59
131 57
132 57
133 55
134 58
135 57
136 57
137 62
138 59
139 57
140 57
141 58
142 58
143 59
144 58
145 59
146 52
147 53
148 55
149 57
150 54
151 59
152 58
153 60
154 63
155 63
156 64
157 64
158 65
159 60
160 57
161 61
162 60
163 59
164 59
165 61
166 62
167 64
168 59
169 59
170 60
171 60
172 61
173 62
174 61
175 62
176 54
177 53
178 54
179 57
180 59
181 58
182 58
183 53
184 54
185 55
186 59
187 64
188 65
189 64
190 59
191 60
192 64
193 66
194 67
195 68
196 66
197 61
198 59
199 57
200 57
201 62
202 59
203 57
204 56
205 58
206 60
207 61
208 59
209 58
210 62
211 64
212 63
213 64
214 63
215 62
216 62
217 64
218 61
219 56
220 52
221 52
222 59
223 55
224 60
225 63
226 60
227 62
228 55
229 55
230 60
231 61
232 62
233 63
234 58
235 53
236 61
237 52
238 57
239 60
240 67
241 65
242 66
243 65
244 59
245 58
246 60
247 61
248 61
249 62
250 59
251 59
252 56
253 58
254 58
255 62
256 64
257 67
258 65
259 61
260 58
261 52
262 56
263 60
264 55
265 56
266 53
267 60
268 59
269 58
270 58
271 61
272 62
273 58
274 65
275 64
276 65
277 62
278 62
279 61
280 63
281 61
282 54
283 56
284 56
285 61
286 62
287 63
288 59
289 62
290 63
291 64
292 61
293 62
294 60
295 61
296 59
297 62
298 65
299 62
300 61
301 62
302 56
303 51
304 54
305 60
306 63
307 59
308 56
309 59
310 60
311 60
312 61
313 63
314 59
315 59
316 65
317 64
318 63
319 62
320 59
321 58
322 60
323 58
324 59
325 59
326 60
327 58
328 60
329 62
330 61
331 63
332 61
333 61
334 59
335 63
336 62
337 60
338 60
339 62
340 63
341 64
342 62
343 61
344 58
345 60
346 60
347 61
348 60
349 59
350 56
351 58
352 57
353 62
354 61
355 65
356 66
357 67
358 66
359 62
360 60
361 65
362 63
363 60
364 57
365 60
366 62
367 60
368 63
369 62
370 64
371 64
372 64
373 62
374 61
375 65
376 62
377 58
378 62
379 60
380 66
381 64
382 58
383 60
384 58
385 58
386 58
387 55
388 61
389 61
390 64
391 58
392 60
393 52
394 54
395 60
396 60
397 61
398 60
399 61
400 61
401 59
402 59
403 60
404 63
405 58
406 60
407 60
408 60
409 61
410 62
411 64
412 58
413 61
414 61
415 61
416 63
417 61
418 58
419 62
420 59
421 59
422 60
423 59
424 61
425 61
426 61
427 60
428 58
429 63
430 60
431 63
432 61
433 64
434 62
435 59
436 61
437 60
438 59
439 61
440 62
441 59
442 65
443 60
444 61
445 62
446 59
447 61
448 61
449 58
450 62
451 62
452 60
453 61
454 63
455 66
456 62
457 61
458 62
459 63
460 60
461 60
462 57
463 54
464 58
465 62
466 64
467 60
468 58
469 55
470 55
471 58
472 60
473 64
474 68
475 67
476 63
477 63
478 58
479 65
480 60
481 60
482 62
483 65
484 62
485 62
486 65
487 67
488 66
489 62
490 59
491 57
492 60
493 58
494 61
495 63
496 63
497 62
498 60
499 62
500 59
501 60
502 60
503 59
504 60
505 57
506 62
507 60
508 58
509 60
510 55
511 53
512 58
513 64
514 60
515 57
516 57
517 58
518 57
519 61
520 62
521 61
522 63
523 61
524 59
525 60
526 63
527 59
528 55
529 57
530 56
531 58
532 56
533 62
534 60
535 61
536 61
537 59
538 59
539 56
540 53
541 59
542 61
543 61
544 63
545 59
546 61
547 60
548 61
549 59
550 58
551 57
552 60
553 61
554 63
555 62
556 64
557 61
558 60
559 63
560 64
561 66
562 61
563 60
564 58
565 59
566 56
567 60
568 59
569 55
570 61
571 59
572 62
573 60
574 59
575 59
576 58
577 57
578 56
579 58
580 60
581 63
582 61
583 63
584 64
585 60
586 56
587 57
588 57
589 61
590 60
591 60
592 62
593 62
594 65
595 60
596 55
597 56
598 59
599 58
600 60
601 58
602 61
603 62
604 54
605 56
606 59
607 60
608 61
609 59
610 61
611 54
612 61
613 61
614 61
615 57
616 62
617 62
618 57
619 60
620 60
621 57
622 56
623 59
624 60
625 61
626 58
627 61
628 58
629 52
630 56
631 60
632 59
633 58
634 58
635 56
636 61
637 62
638 64
639 65
640 63
641 60
642 58
643 56
644 59
645 60
646 56
647 53
648 57
649 63
650 60
651 59
652 58
653 55
654 58
655 58
656 60
657 61
658 62
659 63
660 63
661 61
662 60
663 58
664 58
665 58
666 62
667 63
668 62
669 61
670 61
671 62
672 61
673 62
674 63
675 64
676 66
677 61
678 61
679 62
680 60
681 61
682 56
683 57
684 56
685 55
686 61
687 60
688 60
689 59
690 59
691 61
692 62
693 57
694 54
695 58
696 61
697 60
698 58
699 58
700 61
701 60
702 59
703 56
704 63
705 62
706 60
707 63
708 63
709 64
710 64
711 62
712 62
713 62
714 59
715 63
716 64
717 62
718 60
719 62
720 60
721 61
722 63
723 60
724 62
725 59
726 60
727 63
728 64
729 63
730 61
731 64
732 58
733 65
734 63
735 66
736 64
737 62
738 61
739 62
740 58
741 63
742 63
743 64
744 62
745 62
746 60
747 60
748 64
749 63
750 57
751 59
752 63
753 62
754 62
755 63
756 62
757 64
758 61
759 64
760 58
761 59
762 60
763 58
764 60
765 56
766 53
767 57
768 61
769 59
770 60
771 62
772 63
773 60
774 56
775 59
776 61
777 56
778 60
779 62
780 55
781 62
782 60
783 60
784 62
785 63
786 63
787 57
788 57
789 59
790 61
791 59
792 61
793 62
794 65
795 65
796 66
797 61
798 63
799 59
800 60
801 58
802 61
803 62
804 57
805 55
806 60
807 61
808 61
809 64
810 60
811 57
812 53
813 53
814 59
815 62
816 67
817 63
818 62
819 60
820 61
821 58
822 57
823 53
824 59
825 57
826 56
827 59
828 61
829 59
830 61
831 64
832 61
833 60
834 61
835 60
836 60
837 62
838 58
839 63
840 64
841 66
842 63
843 62
844 63
845 61
846 57
847 57
848 49
849 54
850 59
851 57
852 56
853 60
854 59
855 59
856 60
857 60
858 64
859 61
860 61
861 64
862 65
863 64
864 65
865 63
866 63
867 61
868 60
869 54
870 49
871 55
872 62
873 61
874 62
875 55
876 57
877 61
878 61
879 63
880 65
881 67
882 59
883 60
884 60
885 60
886 58
887 58
888 58
889 64
890 66
891 62
892 55
893 60
894 59
895 61
896 61
897 63
898 61
899 63
900 60
901 60
902 58
903 61
904 59
905 58
906 57
907 58
908 57
909 58
910 62
911 62
912 66
913 60
914 57
915 56
916 57
917 56
918 56
919 58
920 64
921 59
922 62
923 57
924 60
925 57
926 63
927 62
928 60
929 64
930 61
931 61
932 62
933 60
934 56
935 62
936 61
937 65
938 59
939 61
940 63
941 65
942 64
943 66
944 63
945 64
946 62
947 56
948 56
949 58
950 63
951 63
952 64
953 66
954 67
955 68
956 66
957 65
958 66
959 58
960 60
961 61
962 61
963 57
964 57
965 58
966 56
967 57
968 57
969 58
970 60
971 63
972 64
973 54
974 55
975 59
976 59
977 53
978 58
979 61
980 65
981 65
982 62
983 60
984 62
985 52
986 56
987 61
988 64
989 66
990 63
991 62
992 65
993 63
994 63
995 60
996 62
997 60
998 64
999 64
1000 61
