0 90
1 78
2 74
3 70
4 65
5 62
6 61
7 61
8 59
9 59
10 60
11 55
12 56
13 55
14 53
15 54
16 54
17 53
18 54
19 52
20 49
21 50
22 51
23 49
24 51
25 53
26 50
27 49
28 49
29 50
30 47
31 48
32 50
33 51
34 53
35 55
36 53
37 50
38 50
39 54
40 55
41 52
42 55
43 51
44 52
45 52
46 50
47 48
48 53
49 55
50 54
51 53
52 54
53 56
54 57
55 57
56 58
57 59
58 56
59 54
60 52
61 51
62 50
63 53
64 54
65 54
66 58
67 53
68 53
69 53
70 53
71 52
72 56
73 55
74 56
75 54
76 54
77 54
78 53
79 56
80 57
81 55
82 55
83 53
84 52
85 47
86 46
87 48
88 49
89 53
90 53
91 51
92 53
93 52
94 51
95 51
96 51
97 55
98 50
99 52
100 51
101 50
102 52
103 56
104 56
105 57
106 58
107 58
108 55
109 55
110 53
111 52
112 56
113 58
114 54
115 54
116 49
117 49
118 50
119 52
120 52
121 52
122 54
123 56
124 57
125 59
126 60
127 56
128 56
129 57
130 56
131 55
132 57
133 57
134 57
135 58
136 58
137 57
138 56
139 60
140 58
141 60
142 57
143 56
144 55
145 53
146 54
147 54
148 55
149 54
150 54
151 52
152 49
153 51
154 50
155 51
156 52
157 55
158 59
159 59
160 60
161 57
162 57
163 57
164 55
165 53
166 53
167 58
168 50
169 50
170 51
171 54
172 55
173 56
174 57
175 53
176 56
177 56
178 57
179 56
180 54
181 57
182 59
183 59
184 58
185 56
186 55
187 55
188 57
189 54
190 54
191 54
192 49
193 53
194 54
195 48
196 46
197 44
198 46
199 48
200 49
201 46
202 49
203 50
204 51
205 55
206 54
207 57
208 53
209 51
210 52
211 52
212 57
213 55
214 54
215 55
216 57
217 54
218 55
219 54
220 56
221 55
222 54
223 54
224 52
225 49
226 49
227 52
228 52
229 51
230 48
231 52
232 52
233 50
234 51
235 52
236 56
237 53
238 56
239 56
240 58
241 56
242 54
243 53
244 51
245 52
246 52
247 53
248 55
249 55
250 57
251 58
252 56
253 56
254 54
255 56
256 53
257 52
258 54
259 54
260 54
261 54
262 54
263 54
264 51
265 50
266 50
267 47
268 50
269 49
270 51
271 53
272 51
273 48
274 48
275 47
276 51
277 52
278 54
279 54
280 58
281 55
282 56
283 52
284 51
285 51
286 51
287 53
288 55
289 51
290 52
291 53
292 52
293 52
294 53
295 55
296 55
297 54
298 54
299 54
300 54
301 51
302 52
303 53
304 57
305 57
306 56
307 57
308 53
309 54
310 56
311 58
312 59
313 57
314 55
315 54
316 56
317 52
318 54
319 55
320 54
321 53
322 51
323 52
324 53
325 52
326 57
327 58
328 57
329 55
330 55
331 58
332 58
333 58
334 54
335 53
336 55
337 54
338 52
339 54
340 53
341 50
342 52
343 51
344 57
345 56
346 56
347 54
348 55
349 58
350 60
351 59
352 59
353 57
354 55
355 57
356 55
357 55
358 52
359 52
360 52
361 54
362 57
363 56
364 55
365 57
366 53
367 51
368 51
369 53
370 52
371 52
372 53
373 52
374 52
375 51
376 48
377 50
378 47
379 47
380 53
381 53
382 55
383 57
384 56
385 54
386 56
387 55
388 55
389 56
390 59
391 60
392 56
393 55
394 54
395 57
396 52
397 50
398 52
399 51
400 52
401 53
402 50
403 52
404 52
405 52
406 52
407 55
408 54
409 55
410 57
411 57
412 58
413 59
414 58
415 56
416 55
417 55
418 53
419 54
420 53
421 55
422 54
423 51
424 51
425 50
426 53
427 56
428 57
429 60
430 59
431 58
432 55
433 56
434 53
435 52
436 55
437 55
438 56
439 57
440 57
441 57
442 54
443 55
444 55
445 56
446 58
447 58
448 57
449 59
450 62
451 64
452 62
453 60
454 56
455 57
456 57
457 56
458 55
459 55
460 53
461 56
462 56
463 58
464 59
465 57
466 58
467 57
468 59
469 54
470 55
471 55
472 56
473 57
474 53
475 54
476 57
477 55
478 53
479 53
480 48
481 49
482 51
483 52
484 50
485 50
486 51
487 51
488 53
489 53
490 50
491 51
492 51
493 46
494 50
495 52
496 53
497 53
498 56
499 52
500 52
501 52
502 53
503 53
504 52
505 52
506 55
507 59
508 60
509 59
510 56
511 54
512 54
513 54
514 51
515 50
516 51
517 53
518 52
519 48
520 50
521 53
522 54
523 52
524 56
525 53
526 56
527 55
528 50
529 51
530 52
531 53
532 53
533 54
534 56
535 53
536 51
537 52
538 56
539 55
540 56
541 57
542 55
543 55
544 53
545 53
546 52
547 48
548 49
549 48
550 49
551 49
552 48
553 49
554 50
555 51
556 52
557 51
558 52
559 54
560 55
561 55
562 56
563 56
564 55
565 55
566 55
567 57
568 56
569 57
570 57
571 55
572 57
573 53
574 53
575 51
576 50
577 50
578 54
579 58
580 59
581 57
582 51
583 53
584 54
585 52
586 54
587 57
588 59
589 59
590 60
591 61
592 59
593 58
594 58
595 56
596 54
597 56
598 55
599 56
600 55
601 55
602 51
603 52
604 54
605 54
606 52
607 52
608 54
609 52
610 50
611 51
612 52
613 53
614 56
615 57
616 58
617 59
618 57
619 55
620 54
621 55
622 53
623 56
624 59
625 59
626 58
627 59
628 60
629 55
630 55
631 54
632 55
633 54
634 51
635 50
636 51
637 51
638 54
639 52
640 51
641 52
642 55
643 55
644 55
645 53
646 53
647 53
648 53
649 55
650 54
651 53
652 51
653 55
654 58
655 54
656 55
657 52
658 50
659 51
660 50
661 45
662 44
663 47
664 44
665 47
666 49
667 51
668 51
669 51
670 51
671 50
672 50
673 51
674 54
675 56
676 55
677 54
678 55
679 54
680 51
681 53
682 51
683 51
684 50
685 52
686 52
687 53
688 54
689 52
690 53
691 53
692 52
693 52
694 56
695 52
696 52
697 53
698 50
699 54
700 55
701 55
702 52
703 44
704 45
705 51
706 54
707 55
708 56
709 56
710 58
711 57
712 57
713 57
714 57
715 55
716 51
717 53
718 54
719 56
720 56
721 53
722 52
723 50
724 51
725 52
726 49
727 52
728 54
729 55
730 55
731 53
732 53
733 54
734 57
735 56
736 53
737 54
738 54
739 53
740 52
741 53
742 55
743 52
744 52
745 54
746 52
747 54
748 52
749 53
750 51
751 54
752 54
753 54
754 54
755 53
756 54
757 53
758 44
759 49
760 51
761 52
762 50
763 52
764 55
765 54
766 54
767 56
768 53
769 56
770 53
771 55
772 56
773 54
774 53
775 53
776 54
777 57
778 52
779 50
780 50
781 53
782 50
783 50
784 50
785 53
786 52
787 56
788 57
789 58
790 54
791 52
792 52
793 55
794 55
795 53
796 54
797 53
798 56
799 60
800 58
801 58
802 59
803 56
804 54
805 54
806 55
807 54
808 53
809 53
810 53
811 53
812 56
813 57
814 56
815 53
816 49
817 51
818 50
819 50
820 52
821 51
822 51
823 54
824 53
825 51
826 51
827 49
828 49
829 53
830 56
831 55
832 56
833 52
834 55
835 56
836 50
837 49
838 49
839 46
840 50
841 43
842 47
843 52
844 54
845 55
846 54
847 53
848 52
849 56
850 53
851 52
852 50
853 51
854 52
855 55
856 56
857 57
858 55
859 55
860 55
861 54
862 51
863 53
864 51
865 53
866 55
867 54
868 57
869 57
870 56
871 57
872 58
873 59
874 58
875 55
876 57
877 57
878 59
879 60
880 58
881 57
882 55
883 54
884 53
885 53
886 52
887 50
888 50
889 52
890 54
891 51
892 52
893 50
894 51
895 53
896 54
897 54
898 55
899 53
900 51
901 50
902 50
903 52
904 51
905 55
906 52
907 51
908 50
909 53
910 53
911 55
912 53
913 55
914 57
915 53
916 55
917 57
918 52
919 52
920 54
921 54
922 56
923 55
924 55
925 55
926 57
927 58
928 59
929 56
930 55
931 52
932 54
933 56
934 56
935 57
936 57
937 56
938 56
939 54
940 53
941 55
942 56
943 57
944 57
945 58
946 59
947 58
948 61
949 60
950 57
951 57
952 56
953 58
954 58
955 57
956 58
957 60
958 57
959 54
960 55
961 54
962 53
963 53
964 54
965 57
966 55
967 57
968 55
969 53
970 54
971 51
972 54
973 55
974 57
975 56
976 54
977 55
978 52
979 54
980 57
981 55
982 52
983 53
984 51
985 52
986 54
987 50
988 53
989 55
990 52
991 51
992 53
993 54
994 55
995 54
996 56
997 56
998 54
999 54
1000 53
