0 100
1 68
2 66
3 74
4 69
5 69
6 69
7 74
8 66
9 64
10 71
11 70
12 72
13 73
14 72
15 68
16 68
17 75
18 70
19 73
20 72
21 72
22 72
23 68
24 71
25 72
26 67
27 72
28 68
29 73
30 69
31 69
32 69
33 69
34 69
35 69
36 62
37 71
38 70
39 71
40 74
41 69
42 70
43 70
44 71
45 71
46 73
47 71
48 68
49 70
50 66
51 71
52 72
53 70
54 75
55 61
56 74
57 72
58 68
59 70
60 74
61 66
62 70
63 72
64 75
65 71
66 69
67 69
68 69
69 72
70 66
71 73
72 73
73 70
74 69
75 69
76 62
77 71
78 67
79 69
80 67
81 70
82 66
83 69
84 67
85 70
86 70
87 69
88 67
89 66
90 72
91 76
92 65
93 70
94 68
95 71
96 73
97 69
98 73
99 67
100 73
101 68
102 67
103 66
104 72
105 70
106 72
107 68
108 74
109 69
110 73
111 71
112 72
113 70
114 71
115 62
116 70
117 72
118 71
119 70
120 70
121 67
122 71
123 68
124 70
125 65
126 70
127 71
128 71
129 72
130 73
131 74
132 70
133 69
134 74
135 70
136 74
137 72
138 70
139 74
140 72
141 64
142 73
143 71
144 72
145 72
146 70
147 66
148 71
149 63
150 67
151 73
152 76
153 71
154 69
155 69
156 72
157 72
158 70
159 72
160 73
161 70
162 70
163 69
164 68
165 66
166 75
167 68
168 73
169 71
170 69
171 67
172 66
173 72
174 66
175 71
176 71
177 73
178 73
179 70
180 72
181 71
182 73
183 75
184 72
185 73
186 74
187 68
188 69
189 76
190 69
191 68
192 68
193 71
194 61
195 64
196 70
197 72
198 69
199 67
200 71
201 72
202 72
203 67
204 64
205 72
206 72
207 64
208 69
209 65
210 77
211 75
212 71
213 66
214 69
215 68
216 61
217 73
218 69
219 73
220 71
221 71
222 66
223 72
224 72
225 71
226 71
227 69
228 70
229 69
230 73
231 66
232 69
233 72
234 71
235 66
236 70
237 69
238 68
239 64
240 71
241 70
242 68
243 66
244 72
245 66
246 70
247 68
248 69
249 69
250 71
251 72
252 70
253 73
254 71
255 70
256 74
257 67
258 72
259 77
260 72
261 66
262 70
263 66
264 67
265 68
266 67
267 69
268 68
269 70
270 65
271 69
272 68
273 64
274 71
275 69
276 71
277 71
278 65
279 73
280 72
281 66
282 68
283 71
284 63
285 67
286 73
287 69
288 73
289 66
290 70
291 67
292 67
293 66
294 66
295 68
296 68
297 70
298 68
299 65
300 70
301 67
302 67
303 67
304 71
305 66
306 71
307 68
308 66
309 73
310 73
311 72
312 68
313 69
314 68
315 74
316 71
317 70
318 72
319 70
320 72
321 68
322 68
323 69
324 73
325 68
326 68
327 70
328 66
329 67
330 71
331 72
332 73
333 70
334 69
335 71
336 72
337 74
338 69
339 67
340 64
341 73
342 68
343 68
344 71
345 69
346 67
347 71
348 65
349 59
350 72
351 71
352 71
353 74
354 73
355 67
356 70
357 69
358 71
359 68
360 70
361 68
362 61
363 70
364 69
365 69
366 74
367 70
368 66
369 73
370 67
371 71
372 71
373 67
374 69
375 71
376 73
377 68
378 65
379 66
380 72
381 66
382 73
383 67
384 67
385 72
386 67
387 74
388 66
389 71
390 69
391 66
392 70
393 72
394 73
395 64
396 69
397 69
398 68
399 68
400 71
401 68
402 67
403 67
404 64
405 72
406 71
407 70
408 67
409 70
410 64
411 66
412 65
413 69
414 68
415 68
416 61
417 65
418 71
419 70
420 70
421 71
422 72
423 66
424 69
425 67
426 71
427 61
428 70
429 74
430 65
431 70
432 71
433 72
434 72
435 67
436 73
437 68
438 67
439 69
440 66
441 66
442 65
443 74
444 72
445 68
446 72
447 71
448 74
449 71
450 66
451 70
452 68
453 67
454 71
455 74
456 71
457 69
458 69
459 67
460 65
461 71
462 73
463 70
464 69
465 68
466 73
467 72
468 72
469 69
470 69
471 70
472 70
473 64
474 69
475 72
476 72
477 69
478 69
479 72
480 71
481 69
482 67
483 65
484 70
485 69
486 72
487 70
488 65
489 70
490 73
491 71
492 69
493 68
494 69
495 70
496 71
497 71
498 65
499 74
500 71
501 71
502 66
503 69
504 66
505 72
506 64
507 70
508 69
509 70
510 70
511 69
512 73
513 71
514 68
515 72
516 64
517 69
518 64
519 62
520 68
521 70
522 69
523 67
524 65
525 67
526 68
527 68
528 70
529 72
530 74
531 71
532 72
533 70
534 67
535 73
536 68
537 63
538 71
539 72
540 67
541 71
542 74
543 66
544 65
545 65
546 69
547 71
548 66
549 73
550 68
551 73
552 72
553 70
554 68
555 71
556 65
557 71
558 69
559 66
560 70
561 68
562 66
563 65
564 70
565 74
566 69
567 68
568 74
569 71
570 68
571 68
572 71
573 65
574 70
575 69
576 69
577 69
578 72
579 71
580 70
581 64
582 71
583 70
584 70
585 72
586 70
587 72
588 68
589 70
590 68
591 67
592 71
593 70
594 69
595 69
596 69
597 67
598 67
599 70
600 69
601 65
602 62
603 71
604 71
605 72
606 73
607 68
608 69
609 72
610 72
611 71
612 71
613 68
614 66
615 67
616 69
617 64
618 73
619 70
620 70
621 69
622 68
623 72
624 73
625 68
626 68
627 69
628 70
629 72
630 72
631 68
632 66
633 67
634 76
635 73
636 66
637 72
638 71
639 71
640 72
641 69
642 67
643 74
644 76
645 64
646 69
647 72
648 75
649 70
650 72
651 72
652 73
653 74
654 69
655 68
656 73
657 70
658 71
659 70
660 72
661 66
662 68
663 68
664 66
665 68
666 70
667 73
668 74
669 70
670 63
671 71
672 70
673 70
674 66
675 73
676 67
677 74
678 68
679 71
680 70
681 72
682 68
683 68
684 67
685 76
686 69
687 70
688 70
689 75
690 72
691 68
692 66
693 67
694 70
695 75
696 67
697 68
698 69
699 71
700 70
701 66
702 65
703 71
704 71
705 70
706 70
707 73
708 71
709 67
710 72
711 69
712 73
713 70
714 74
715 66
716 71
717 68
718 72
719 69
720 71
721 74
722 70
723 67
724 69
725 73
726 72
727 70
728 67
729 68
730 72
731 66
732 69
733 71
734 71
735 68
736 72
737 72
738 73
739 68
740 76
741 67
742 72
743 72
744 73
745 66
746 71
747 66
748 69
749 73
750 71
751 68
752 67
753 67
754 69
755 68
756 66
757 65
758 72
759 70
760 76
761 72
762 67
763 66
764 69
765 72
766 72
767 69
768 71
769 71
770 74
771 72
772 70
773 70
774 64
775 69
776 70
777 72
778 73
779 68
780 72
781 72
782 68
783 67
784 65
785 69
786 68
787 71
788 65
789 69
790 74
791 69
792 69
793 70
794 73
795 69
796 69
797 70
798 73
799 71
800 64
801 72
802 70
803 69
804 70
805 70
806 69
807 73
808 69
809 65
810 68
811 66
812 66
813 74
814 65
815 70
816 68
817 75
818 64
819 69
820 73
821 73
822 65
823 69
824 71
825 70
826 67
827 73
828 70
829 65
830 72
831 65
832 70
833 69
834 65
835 66
836 70
837 67
838 68
839 73
840 65
841 68
842 73
843 68
844 66
845 71
846 72
847 70
848 71
849 68
850 65
851 69
852 71
853 73
854 68
855 69
856 72
857 72
858 68
859 65
860 66
861 68
862 74
863 65
864 70
865 72
866 72
867 71
868 70
869 73
870 70
871 71
872 68
873 67
874 77
875 67
876 67
877 70
878 69
879 69
880 70
881 69
882 73
883 70
884 70
885 74
886 74
887 71
888 69
889 69
890 63
891 66
892 70
893 66
894 66
895 62
896 71
897 69
898 66
899 68
900 71
901 66
902 68
903 71
904 70
905 72
906 73
907 75
908 70
909 74
910 71
911 71
912 72
913 69
914 68
915 67
916 70
917 70
918 71
919 66
920 69
921 69
922 69
923 67
924 68
925 68
926 71
927 65
928 68
929 69
930 70
931 65
932 72
933 66
934 68
935 75
936 69
937 71
938 72
939 66
940 74
941 74
942 72
943 73
944 74
945 67
946 64
947 70
948 63
949 67
950 64
951 64
952 72
953 68
954 71
955 71
956 64
957 66
958 64
959 71
960 75
961 68
962 74
963 68
964 70
965 70
966 67
967 71
968 65
969 73
970 66
971 72
972 70
973 76
974 70
975 71
976 67
977 70
978 66
979 70
980 69
981 69
982 66
983 67
984 70
985 70
986 66
987 69
988 67
989 73
990 66
991 66
992 71
993 70
994 70
995 72
996 71
997 70
998 68
999 72
1000 71
