0 95
1 86
2 79
3 74
4 71
5 67
6 65
7 63
8 59
9 57
10 60
11 59
12 58
13 60
14 58
15 55
16 55
17 53
18 60
19 59
20 61
21 62
22 60
23 61
24 61
25 61
26 59
27 60
28 60
29 61
30 60
31 61
32 62
33 60
34 60
35 63
36 61
37 62
38 59
39 61
40 63
41 64
42 61
43 60
44 61
45 61
46 61
47 58
48 55
49 56
50 56
51 58
52 57
53 56
54 57
55 57
56 58
57 62
58 58
59 56
60 57
61 60
62 61
63 63
64 59
65 61
66 64
67 60
68 63
69 63
70 65
71 64
72 63
73 58
74 59
75 63
76 65
77 63
78 63
79 67
80 64
81 63
82 61
83 60
84 62
85 62
86 62
87 61
88 63
89 63
90 61
91 60
92 60
93 55
94 60
95 58
96 60
97 62
98 59
99 56
100 56
101 58
102 62
103 60
104 58
105 62
106 64
107 66
108 66
109 66
110 66
111 65
112 60
113 60
114 61
115 59
116 60
117 60
118 64
119 61
120 60
121 58
122 59
123 59
124 59
125 58
126 63
127 63
128 59
129 59
130 63
131 64
132 62
133 58
134 57
135 62
136 65
137 62
138 67
139 69
140 66
141 59
142 60
143 61
144 56
145 60
146 63
147 62
148 59
149 60
150 59
151 59
152 59
153 58
154 60
155 62
156 64
157 65
158 67
159 63
160 64
161 65
162 61
163 64
164 66
165 68
166 67
167 67
168 63
169 63
170 57
171 53
172 54
173 53
174 57
175 55
176 56
177 58
178 62
179 59
180 58
181 61
182 55
183 58
184 58
185 59
186 59
187 56
188 59
189 58
190 57
191 58
192 55
193 60
194 60
195 58
196 55
197 57
198 55
199 59
200 60
201 60
202 60
203 58
204 59
205 60
206 58
207 58
208 60
209 59
210 59
211 60
212 59
213 59
214 55
215 52
216 51
217 52
218 52
219 52
220 54
221 56
222 53
223 55
224 60
225 60
226 58
227 62
228 61
229 63
230 60
231 59
232 60
233 62
234 60
235 63
236 66
237 64
238 68
239 66
240 63
241 61
242 59
243 65
244 65
245 66
246 63
247 62
248 59
249 61
250 62
251 63
252 64
253 65
254 68
255 66
256 64
257 60
258 57
259 56
260 59
261 62
262 62
263 62
264 61
265 60
266 63
267 62
268 65
269 64
270 64
271 64
272 64
273 64
274 65
275 60
276 59
277 58
278 60
279 58
280 58
281 57
282 57
283 60
284 62
285 63
286 61
287 61
288 60
289 60
290 62
291 58
292 60
293 60
294 57
295 58
296 61
297 60
298 58
299 58
300 61
301 63
302 62
303 60
304 60
305 60
306 59
307 58
308 61
309 60
310 59
311 60
312 59
313 59
314 57
315 59
316 59
317 56
318 58
319 58
320 56
321 58
322 61
323 60
324 61
325 55
326 57
327 58
328 60
329 64
330 62
331 58
332 61
333 64
334 63
335 58
336 60
337 57
338 58
339 64
340 63
341 58
342 59
343 62
344 60
345 62
346 60
347 57
348 59
349 61
350 60
351 60
352 58
353 60
354 59
355 58
356 55
357 55
358 59
359 61
360 63
361 64
362 67
363 62
364 61
365 63
366 60
367 59
368 61
369 61
370 63
371 60
372 63
373 64
374 62
375 60
376 55
377 56
378 55
379 58
380 62
381 59
382 59
383 62
384 62
385 60
386 62
387 64
388 61
389 62
390 60
391 61
392 60
393 61
394 58
395 58
396 58
397 57
398 57
399 58
400 58
401 59
402 58
403 58
404 61
405 64
406 63
407 64
408 65
409 65
410 65
411 63
412 61
413 60
414 62
415 63
416 64
417 61
418 61
419 61
420 59
421 56
422 55
423 56
424 52
425 54
426 57
427 57
428 59
429 61
430 63
431 63
432 62
433 63
434 61
435 59
436 60
437 61
438 63
439 61
440 63
441 62
442 58
443 57
444 59
445 60
446 59
447 61
448 61
449 61
450 61
451 63
452 60
453 56
454 60
455 59
456 59
457 60
458 62
459 59
460 63
461 64
462 66
463 63
464 66
465 64
466 63
467 59
468 61
469 61
470 64
471 64
472 64
473 57
474 60
475 65
476 62
477 64
478 66
479 63
480 64
481 64
482 65
483 67
484 61
485 60
486 62
487 62
488 62
489 60
490 57
491 59
492 58
493 61
494 59
495 59
496 60
497 59
498 62
499 57
500 57
501 61
502 62
503 58
504 60
505 61
506 64
507 62
508 62
509 62
510 65
511 67
512 65
513 60
514 61
515 62
516 59
517 62
518 64
519 61
520 62
521 62
522 61
523 61
524 60
525 59
526 57
527 58
528 60
529 61
530 59
531 60
532 66
533 64
534 58
535 57
536 58
537 57
538 59
539 58
540 58
541 58
542 58
543 58
544 56
545 57
546 58
547 57
548 61
549 54
550 53
551 56
552 57
553 56
554 59
555 59
556 62
557 65
558 65
559 60
560 60
561 59
562 59
563 61
564 63
565 58
566 56
567 57
568 59
569 58
570 60
571 59
572 61
573 62
574 64
575 65
576 67
577 62
578 56
579 59
580 63
581 62
582 61
583 55
584 58
585 60
586 57
587 56
588 63
589 57
590 56
591 61
592 61
593 58
594 61
595 62
596 62
597 61
598 63
599 62
600 59
601 62
602 62
603 61
604 63
605 61
606 63
607 65
608 61
609 59
610 60
611 62
612 62
613 60
614 59
615 57
616 57
617 57
618 59
619 57
620 55
621 56
622 54
623 53
624 54
625 52
626 49
627 46
628 49
629 50
630 56
631 58
632 55
633 57
634 58
635 61
636 62
637 59
638 60
639 61
640 60
641 61
642 63
643 64
644 61
645 58
646 56
647 59
648 60
649 60
650 61
651 60
652 64
653 60
654 59
655 61
656 60
657 60
658 60
659 65
660 63
661 63
662 61
663 59
664 60
665 59
666 59
667 56
668 61
669 58
670 61
671 57
672 60
673 61
674 63
675 60
676 62
677 61
678 60
679 61
680 60
681 58
682 60
683 61
684 61
685 58
686 60
687 62
688 62
689 62
690 63
691 64
692 64
693 69
694 67
695 65
696 66
697 67
698 66
699 61
700 61
701 56
702 55
703 57
704 58
705 60
706 59
707 58
708 59
709 59
710 63
711 60
712 60
713 62
714 61
715 60
716 58
717 59
718 58
719 62
720 66
721 62
722 60
723 60
724 57
725 55
726 57
727 57
728 56
729 54
730 59
731 61
732 57
733 59
734 60
735 64
736 62
737 62
738 60
739 59
740 59
741 58
742 58
743 56
744 56
745 56
746 59
747 62
748 60
749 61
750 63
751 60
752 56
753 57
754 55
755 58
756 62
757 61
758 61
759 61
760 61
761 64
762 64
763 63
764 61
765 60
766 57
767 59
768 60
769 60
770 60
771 59
772 57
773 59
774 56
775 58
776 59
777 60
778 59
779 58
780 61
781 58
782 60
783 61
784 60
785 58
786 63
787 61
788 64
789 60
790 59
791 60
792 60
793 58
794 61
795 62
796 57
797 59
798 59
799 59
800 62
801 61
802 66
803 63
804 61
805 62
806 62
807 63
808 65
809 64
810 65
811 62
812 60
813 60
814 57
815 58
816 60
817 60
818 59
819 54
820 58
821 55
822 55
823 58
824 60
825 62
826 65
827 62
828 57
829 58
830 56
831 59
832 62
833 62
834 63
835 66
836 63
837 66
838 65
839 62
840 62
841 61
842 64
843 59
844 59
845 60
846 53
847 58
848 60
849 61
850 59
851 60
852 61
853 60
854 58
855 59
856 59
857 59
858 59
859 58
860 55
861 54
862 55
863 60
864 61
865 62
866 65
867 61
868 60
869 64
870 62
871 61
872 57
873 57
874 54
875 55
876 60
877 59
878 62
879 61
880 59
881 60
882 61
883 61
884 58
885 62
886 58
887 60
888 61
889 60
890 60
891 60
892 62
893 60
894 58
895 60
896 60
897 60
898 60
899 62
900 61
901 60
902 60
903 61
904 61
905 60
906 62
907 65
908 65
909 62
910 60
911 58
912 60
913 59
914 59
915 65
916 65
917 67
918 68
919 64
920 64
921 56
922 58
923 59
924 58
925 59
926 55
927 55
928 59
929 61
930 59
931 59
932 57
933 58
934 59
935 58
936 57
937 55
938 54
939 56
940 55
941 60
942 61
943 59
944 60
945 62
946 61
947 59
948 59
949 58
950 59
951 61
952 59
953 62
954 61
955 57
956 57
957 52
958 51
959 54
960 57
961 55
962 54
963 57
964 55
965 59
966 62
967 62
968 66
969 67
970 65
971 66
972 66
973 68
974 67
975 63
976 61
977 58
978 56
979 55
980 57
981 58
982 60
983 60
984 57
985 58
986 56
987 56
988 58
989 56
990 61
991 61
992 62
993 60
994 61
995 59
996 58
997 60
998 62
999 53
1000 53
