0 75
1 71
2 66
3 59
4 56
5 54
6 50
7 47
8 44
9 45
10 45
11 43
12 42
13 39
14 37
15 36
16 36
17 37
18 37
19 37
20 37
21 37
22 38
23 37
24 38
25 37
26 38
27 37
28 35
29 35
30 36
31 35
32 34
33 34
34 34
35 34
36 35
37 37
38 35
39 34
40 36
41 36
42 36
43 36
44 36
45 34
46 35
47 38
48 37
49 37
50 36
51 37
52 36
53 36
54 35
55 38
56 36
57 35
58 33
59 35
60 36
61 36
62 38
63 37
64 38
65 36
66 36
67 36
68 32
69 33
70 33
71 35
72 35
73 36
74 35
75 36
76 37
77 38
78 39
79 37
80 37
81 39
82 40
83 39
84 39
85 40
86 41
87 40
88 41
89 42
90 42
91 41
92 42
93 42
94 44
95 43
96 40
97 39
98 37
99 36
100 38
101 39
102 40
103 41
104 42
105 40
106 40
107 42
108 43
109 45
110 44
111 43
112 42
113 42
114 40
115 37
116 36
117 37
118 37
119 37
120 35
121 36
122 38
123 38
124 38
125 40
126 38
127 38
128 36
129 36
130 34
131 33
132 35
133 35
134 36
135 36
136 38
137 37
138 38
139 39
140 37
141 38
142 37
143 39
144 39
145 39
146 37
147 38
148 39
149 38
150 38
151 36
152 36
153 37
154 37
155 38
156 38
157 35
158 35
159 35
160 36
161 37
162 37
163 36
164 37
165 38
166 37
167 37
168 36
169 36
170 35
171 36
172 36
173 37
174 35
175 37
176 40
177 39
178 39
179 37
180 38
181 38
182 35
183 35
184 35
185 36
186 37
187 36
188 38
189 40
190 40
191 39
192 37
193 35
194 38
195 35
196 35
197 36
198 37
199 37
200 38
201 40
202 40
203 39
204 37
205 38
206 37
207 39
208 37
209 37
210 37
211 38
212 37
213 34
214 35
215 36
216 34
217 33
218 34
219 35
220 36
221 36
222 36
223 35
224 33
225 34
226 35
227 36
228 37
229 35
230 35
231 35
232 32
233 31
234 34
235 32
236 34
237 33
238 33
239 33
240 32
241 32
242 33
243 33
244 28
245 29
246 30
247 33
248 35
249 36
250 36
251 37
252 39
253 40
254 38
255 39
256 39
257 39
258 40
259 39
260 39
261 39
262 37
263 38
264 39
265 39
266 38
267 37
268 36
269 36
270 36
271 38
272 36
273 36
274 35
275 37
276 36
277 39
278 37
279 35
280 37
281 38
282 38
283 39
284 41
285 40
286 40
287 41
288 40
289 39
290 37
291 36
292 36
293 33
294 34
295 36
296 36
297 37
298 34
299 33
300 36
301 38
302 39
303 37
304 36
305 38
306 40
307 40
308 39
309 37
310 37
311 37
312 38
313 39
314 38
315 37
316 36
317 36
318 37
319 37
320 37
321 37
322 37
323 38
324 38
325 37
326 36
327 37
328 37
329 39
330 41
331 40
332 40
333 40
334 38
335 39
336 39
337 38
338 40
339 41
340 39
341 39
342 37
343 37
344 35
345 36
346 36
347 39
348 38
349 38
350 37
351 37
352 38
353 37
354 38
355 38
356 37
357 38
358 37
359 38
360 39
361 38
362 37
363 37
364 37
365 37
366 38
367 37
368 38
369 38
370 36
371 35
372 36
373 36
374 37
375 38
376 37
377 38
378 38
379 39
380 40
381 38
382 39
383 38
384 40
385 42
386 44
387 44
388 42
389 41
390 43
391 43
392 42
393 43
394 42
395 38
396 38
397 38
398 38
399 38
400 39
401 38
402 38
403 37
404 34
405 32
406 34
407 33
408 35
409 35
410 34
411 36
412 38
413 38
414 36
415 37
416 36
417 35
418 34
419 32
420 34
421 34
422 34
423 32
424 31
425 32
426 32
427 32
428 33
429 33
430 36
431 36
432 31
433 30
434 28
435 28
436 29
437 30
438 31
439 30
440 31
441 33
442 35
443 36
444 36
445 35
446 36
447 33
448 32
449 30
450 30
451 31
452 32
453 32
454 34
455 33
456 34
457 37
458 36
459 35
460 34
461 35
462 37
463 36
464 37
465 37
466 38
467 39
468 38
469 36
470 37
471 35
472 35
473 37
474 37
475 38
476 37
477 35
478 37
479 36
480 35
481 35
482 33
483 34
484 37
485 35
486 35
487 36
488 38
489 38
490 38
491 38
492 38
493 38
494 37
495 38
496 40
497 38
498 38
499 37
500 37
501 37
502 37
503 36
504 36
505 39
506 40
507 39
508 37
509 37
510 38
511 38
512 39
513 38
514 38
515 38
516 38
517 37
518 37
519 36
520 37
521 39
522 40
523 39
524 37
525 40
526 40
527 38
528 38
529 38
530 37
531 39
532 38
533 37
534 38
535 36
536 37
537 36
538 36
539 34
540 35
541 34
542 35
543 34
544 33
545 32
546 34
547 36
548 36
549 35
550 35
551 35
552 36
553 38
554 39
555 39
556 37
557 37
558 40
559 39
560 40
561 40
562 39
563 38
564 41
565 40
566 41
567 41
568 42
569 41
570 40
571 39
572 37
573 38
574 35
575 35
576 37
577 39
578 37
579 38
580 36
581 35
582 37
583 35
584 35
585 35
586 35
587 36
588 36
589 37
590 39
591 38
592 38
593 36
594 39
595 41
596 43
597 41
598 41
599 42
600 42
601 44
602 44
603 41
604 41
605 39
606 39
607 37
608 36
609 37
610 37
611 36
612 36
613 37
614 38
615 37
616 36
617 35
618 35
619 36
620 34
621 36
622 38
623 39
624 39
625 38
626 38
627 38
628 38
629 38
630 34
631 33
632 32
633 34
634 35
635 37
636 38
637 38
638 39
639 39
640 39
641 39
642 39
643 40
644 38
645 38
646 39
647 39
648 37
649 38
650 40
651 41
652 42
653 41
654 40
655 37
656 38
657 37
658 39
659 39
660 40
661 40
662 39
663 37
664 36
665 38
666 37
667 36
668 35
669 37
670 37
671 37
672 35
673 37
674 35
675 36
676 35
677 34
678 36
679 38
680 40
681 38
682 37
683 37
684 36
685 35
686 35
687 34
688 32
689 33
690 34
691 34
692 36
693 35
694 35
695 36
696 38
697 37
698 38
699 36
700 36
701 37
702 37
703 38
704 37
705 36
706 31
707 33
708 34
709 34
710 34
711 32
712 33
713 30
714 30
715 33
716 36
717 36
718 34
719 36
720 34
721 36
722 37
723 37
724 36
725 36
726 38
727 38
728 37
729 37
730 39
731 40
732 39
733 39
734 37
735 34
736 35
737 38
738 38
739 39
740 39
741 37
742 36
743 36
744 37
745 39
746 40
747 40
748 41
749 41
750 40
751 35
752 35
753 37
754 36
755 36
756 36
757 36
758 37
759 37
760 37
761 38
762 37
763 38
764 39
765 39
766 40
767 40
768 39
769 38
770 36
771 37
772 37
773 39
774 40
775 39
776 39
777 39
778 40
779 39
780 35
781 36
782 36
783 34
784 34
785 34
786 34
787 32
788 32
789 34
790 33
791 31
792 32
793 35
794 33
795 32
796 32
797 35
798 36
799 37
800 37
801 41
802 40
803 41
804 40
805 40
806 40
807 41
808 40
809 42
810 41
811 39
812 40
813 42
814 41
815 40
816 40
817 37
818 36
819 37
820 37
821 39
822 41
823 41
824 41
825 41
826 42
827 39
828 40
829 40
830 40
831 40
832 39
833 37
834 36
835 34
836 34
837 34
838 34
839 33
840 34
841 33
842 33
843 35
844 34
845 36
846 37
847 35
848 34
849 36
850 36
851 36
852 36
853 37
854 40
855 40
856 40
857 40
858 39
859 36
860 38
861 40
862 40
863 42
864 43
865 43
866 42
867 40
868 39
869 37
870 34
871 34
872 37
873 37
874 38
875 37
876 38
877 38
878 38
879 38
880 39
881 40
882 38
883 41
884 39
885 36
886 38
887 38
888 39
889 40
890 41
891 41
892 41
893 41
894 37
895 37
896 37
897 35
898 35
899 36
900 36
901 36
902 37
903 36
904 36
905 35
906 35
907 37
908 36
909 35
910 34
911 35
912 34
913 34
914 33
915 35
916 34
917 35
918 36
919 36
920 36
921 35
922 34
923 37
924 38
925 38
926 38
927 37
928 36
929 37
930 38
931 39
932 36
933 36
934 38
935 37
936 38
937 39
938 39
939 37
940 36
941 36
942 35
943 35
944 36
945 36
946 36
947 38
948 38
949 38
950 38
951 38
952 39
953 39
954 39
955 36
956 36
957 38
958 38
959 37
960 36
961 35
962 34
963 34
964 35
965 36
966 35
967 35
968 35
969 36
970 36
971 36
972 37
973 39
974 37
975 35
976 34
977 34
978 33
979 33
980 34
981 36
982 35
983 35
984 33
985 35
986 36
987 38
988 37
989 37
990 39
991 40
992 39
993 35
994 34
995 34
996 35
997 36
998 34
999 34
1000 35
