0 85
1 77
2 72
3 62
4 64
5 63
6 58
7 56
8 53
9 57
10 60
11 63
12 60
13 62
14 60
15 61
16 58
17 56
18 56
19 51
20 54
21 54
22 53
23 53
24 57
25 61
26 59
27 58
28 57
29 60
30 62
31 61
32 57
33 62
34 62
35 59
36 56
37 57
38 58
39 56
40 56
41 59
42 60
43 62
44 55
45 55
46 56
47 54
48 51
49 50
50 53
51 55
52 54
53 59
54 61
55 62
56 61
57 58
58 55
59 55
60 54
61 55
62 54
63 55
64 58
65 55
66 52
67 54
68 53
69 47
70 50
71 55
72 55
73 57
74 59
75 55
76 54
77 57
78 54
79 54
80 55
81 58
82 62
83 59
84 62
85 62
86 63
87 64
88 62
89 57
90 55
91 58
92 52
93 55
94 51
95 53
96 53
97 59
98 59
99 56
100 53
101 58
102 58
103 58
104 57
105 57
106 55
107 53
108 56
109 54
110 57
111 58
112 56
113 54
114 54
115 58
116 58
117 55
118 58
119 64
120 62
121 65
122 65
123 63
124 62
125 61
126 61
127 63
128 61
129 59
130 62
131 63
132 61
133 62
134 63
135 60
136 63
137 61
138 57
139 58
140 60
141 57
142 58
143 53
144 54
145 52
146 55
147 53
148 54
149 57
150 57
151 60
152 61
153 66
154 63
155 65
156 61
157 58
158 62
159 61
160 58
161 57
162 60
163 59
164 57
165 61
166 62
167 59
168 61
169 60
170 60
171 59
172 62
173 62
174 61
175 63
176 60
177 55
178 57
179 55
180 54
181 55
182 57
183 52
184 52
185 53
186 53
187 53
188 53
189 56
190 53
191 58
192 55
193 56
194 56
195 56
196 55
197 55
198 60
199 58
200 60
201 57
202 57
203 54
204 54
205 60
206 61
207 61
208 62
209 62
210 57
211 53
212 58
213 54
214 55
215 57
216 58
217 60
218 57
219 56
220 55
221 58
222 60
223 61
224 59
225 58
226 58
227 55
228 53
229 56
230 61
231 57
232 60
233 61
234 60
235 62
236 63
237 64
238 63
239 61
240 61
241 62
242 57
243 58
244 61
245 60
246 58
247 59
248 56
249 57
250 54
251 57
252 60
253 59
254 59
255 63
256 62
257 60
258 59
259 57
260 56
261 60
262 58
263 56
264 55
265 58
266 58
267 58
268 61
269 59
270 63
271 55
272 60
273 61
274 59
275 59
276 61
277 57
278 62
279 64
280 63
281 58
282 59
283 60
284 65
285 64
286 65
287 64
288 64
289 64
290 62
291 59
292 60
293 58
294 55
295 55
296 55
297 56
298 58
299 57
300 58
301 59
302 58
303 59
304 59
305 60
306 64
307 65
308 63
309 63
310 61
311 64
312 65
313 62
314 60
315 60
316 58
317 58
318 58
319 58
320 57
321 59
322 56
323 56
324 58
325 55
326 56
327 54
328 59
329 61
330 61
331 57
332 53
333 54
334 56
335 54
336 55
337 54
338 56
339 60
340 57
341 62
342 63
343 63
344 61
345 58
346 61
347 62
348 58
349 54
350 55
351 56
352 59
353 63
354 60
355 59
356 59
357 59
358 58
359 56
360 64
361 64
362 60
363 59
364 60
365 57
366 57
367 57
368 55
369 53
370 56
371 57
372 56
373 59
374 57
375 60
376 58
377 52
378 54
379 51
380 55
381 52
382 54
383 52
384 52
385 54
386 56
387 55
388 53
389 56
390 53
391 55
392 61
393 59
394 51
395 52
396 54
397 58
398 64
399 65
400 63
401 56
402 60
403 60
404 57
405 54
406 57
407 58
408 57
409 55
410 58
411 56
412 60
413 58
414 62
415 63
416 62
417 62
418 60
419 61
420 61
421 57
422 59
423 58
424 56
425 55
426 53
427 57
428 53
429 54
430 52
431 49
432 56
433 57
434 56
435 60
436 59
437 56
438 60
439 59
440 60
441 63
442 61
443 63
444 62
445 56
446 57
447 60
448 64
449 64
450 57
451 54
452 54
453 54
454 57
455 59
456 58
457 61
458 60
459 58
460 60
461 59
462 59
463 61
464 61
465 62
466 57
467 60
468 60
469 58
470 60
471 64
472 63
473 65
474 63
475 63
476 63
477 62
478 60
479 58
480 54
481 52
482 55
483 57
484 54
485 57
486 60
487 57
488 57
489 60
490 58
491 62
492 65
493 64
494 63
495 57
496 58
497 56
498 56
499 59
500 58
501 55
502 54
503 58
504 59
505 58
506 60
507 60
508 59
509 59
510 56
511 55
512 54
513 57
514 57
515 57
516 55
517 57
518 62
519 57
520 57
521 59
522 57
523 58
524 55
525 55
526 54
527 60
528 61
529 59
530 61
531 65
532 60
533 60
534 53
535 53
536 53
537 54
538 56
539 56
540 55
541 56
542 55
543 54
544 56
545 57
546 57
547 58
548 59
549 57
550 55
551 56
552 54
553 55
554 57
555 57
556 56
557 53
558 54
559 57
560 55
561 54
562 56
563 53
564 53
565 53
566 55
567 57
568 53
569 56
570 60
571 61
572 56
573 56
574 55
575 55
576 59
577 59
578 59
579 58
580 61
581 57
582 56
583 50
584 50
585 52
586 55
587 54
588 55
589 54
590 55
591 49
592 53
593 54
594 59
595 60
596 58
597 59
598 57
599 54
600 55
601 56
602 53
603 57
604 53
605 52
606 55
607 58
608 54
609 56
610 53
611 49
612 52
613 53
614 53
615 56
616 61
617 59
618 62
619 60
620 62
621 60
622 61
623 62
624 63
625 65
626 65
627 61
628 65
629 61
630 61
631 62
632 58
633 61
634 57
635 56
636 55
637 61
638 59
639 59
640 59
641 62
642 59
643 59
644 62
645 61
646 60
647 59
648 59
649 61
650 63
651 60
652 60
653 62
654 62
655 60
656 58
657 62
658 60
659 64
660 62
661 64
662 64
663 63
664 61
665 62
666 56
667 55
668 55
669 56
670 60
671 57
672 58
673 58
674 59
675 62
676 60
677 59
678 59
679 60
680 63
681 61
682 57
683 56
684 60
685 59
686 58
687 61
688 60
689 60
690 59
691 58
692 57
693 56
694 55
695 54
696 59
697 61
698 57
699 60
700 61
701 57
702 53
703 56
704 59
705 60
706 57
707 57
708 59
709 58
710 61
711 61
712 60
713 54
714 50
715 52
716 54
717 53
718 57
719 54
720 57
721 61
722 62
723 61
724 58
725 58
726 56
727 56
728 61
729 62
730 62
731 62
732 58
733 59
734 57
735 60
736 62
737 59
738 59
739 56
740 57
741 53
742 55
743 61
744 56
745 58
746 58
747 59
748 59
749 60
750 62
751 63
752 61
753 59
754 56
755 59
756 58
757 58
758 59
759 60
760 63
761 61
762 62
763 62
764 62
765 59
766 60
767 57
768 57
769 58
770 56
771 57
772 50
773 53
774 54
775 51
776 50
777 51
778 56
779 56
780 58
781 60
782 57
783 52
784 55
785 52
786 57
787 54
788 54
789 56
790 61
791 64
792 61
793 61
794 62
795 62
796 66
797 66
798 65
799 63
800 60
801 55
802 60
803 64
804 66
805 63
806 63
807 61
808 56
809 59
810 62
811 61
812 59
813 59
814 53
815 56
816 57
817 55
818 52
819 55
820 58
821 60
822 56
823 54
824 58
825 58
826 62
827 61
828 61
829 59
830 52
831 52
832 55
833 56
834 55
835 53
836 58
837 57
838 57
839 58
840 61
841 61
842 59
843 56
844 57
845 61
846 62
847 63
848 58
849 59
850 62
851 64
852 62
853 59
854 58
855 56
856 51
857 53
858 58
859 54
860 60
861 62
862 60
863 58
864 56
865 62
866 60
867 59
868 61
869 61
870 63
871 62
872 61
873 62
874 63
875 64
876 62
877 54
878 55
879 55
880 49
881 52
882 52
883 53
884 54
885 54
886 52
887 53
888 56
889 57
890 56
891 59
892 61
893 58
894 56
895 57
896 59
897 60
898 61
899 59
900 62
901 63
902 57
903 58
904 57
905 57
906 55
907 57
908 59
909 56
910 53
911 54
912 55
913 58
914 53
915 54
916 54
917 54
918 55
919 53
920 59
921 60
922 62
923 60
924 56
925 57
926 58
927 59
928 58
929 56
930 58
931 60
932 62
933 62
934 64
935 60
936 63
937 68
938 61
939 62
940 59
941 59
942 63
943 64
944 63
945 59
946 60
947 58
948 61
949 60
950 63
951 64
952 63
953 62
954 59
955 60
956 60
957 58
958 58
959 56
960 60
961 57
962 55
963 55
964 59
965 60
966 60
967 63
968 60
969 61
970 61
971 59
972 61
973 62
974 64
975 60
976 61
977 55
978 58
979 60
980 61
981 63
982 59
983 58
984 53
985 58
986 60
987 58
988 61
989 63
990 63
991 62
992 61
993 64
994 65
995 64
996 57
997 57
998 61
999 62
1000 59
