0 90
1 86
2 84
3 81
4 78
5 73
6 70
7 68
8 68
9 68
10 66
11 67
12 69
13 66
14 64
15 61
16 60
17 59
18 59
19 60
20 56
21 54
22 55
23 54
24 54
25 50
26 52
27 52
28 51
29 50
30 49
31 50
32 50
33 49
34 50
35 51
36 51
37 52
38 51
39 51
40 48
41 49
42 47
43 48
44 44
45 45
46 51
47 53
48 52
49 51
50 52
51 52
52 55
53 55
54 57
55 56
56 54
57 54
58 55
59 56
60 60
61 57
62 56
63 54
64 53
65 55
66 54
67 54
68 56
69 55
70 57
71 56
72 57
73 53
74 53
75 52
76 51
77 48
78 50
79 51
80 50
81 52
82 51
83 52
84 49
85 49
86 51
87 51
88 52
89 53
90 52
91 52
92 51
93 52
94 54
95 55
96 53
97 53
98 55
99 54
100 55
101 54
102 54
103 55
104 56
105 55
106 56
107 57
108 58
109 56
110 55
111 55
112 55
113 58
114 58
115 59
116 58
117 58
118 56
119 57
120 54
121 53
122 54
123 54
124 56
125 56
126 57
127 54
128 54
129 55
130 53
131 54
132 53
133 51
134 53
135 51
136 50
137 52
138 53
139 54
140 53
141 53
142 50
143 49
144 49
145 51
146 49
147 52
148 50
149 51
150 51
151 49
152 49
153 52
154 52
155 52
156 50
157 50
158 50
159 51
160 51
161 50
162 48
163 47
164 50
165 49
166 49
167 48
168 47
169 48
170 49
171 47
172 48
173 47
174 51
175 50
176 51
177 48
178 50
179 51
180 48
181 46
182 47
183 47
184 47
185 49
186 49
187 51
188 53
189 53
190 53
191 53
192 53
193 50
194 49
195 51
196 51
197 51
198 52
199 51
200 50
201 53
202 52
203 52
204 49
205 48
206 47
207 48
208 50
209 48
210 47
211 47
212 50
213 52
214 54
215 54
216 54
217 49
218 44
219 46
220 43
221 47
222 51
223 54
224 56
225 55
226 52
227 52
228 50
229 51
230 51
231 52
232 51
233 50
234 52
235 52
236 50
237 49
238 48
239 47
240 47
241 47
242 49
243 52
244 52
245 51
246 52
247 53
248 56
249 56
250 57
251 57
252 56
253 52
254 50
255 52
256 52
257 54
258 56
259 56
260 56
261 54
262 52
263 53
264 52
265 52
266 52
267 49
268 51
269 51
270 53
271 56
272 55
273 56
274 59
275 58
276 54
277 54
278 56
279 56
280 56
281 56
282 56
283 53
284 48
285 48
286 49
287 48
288 46
289 46
290 47
291 49
292 50
293 49
294 50
295 52
296 51
297 53
298 56
299 53
300 50
301 49
302 48
303 44
304 44
305 46
306 47
307 47
308 45
309 47
310 45
311 46
312 48
313 48
314 52
315 50
316 50
317 50
318 49
319 49
320 50
321 49
322 49
323 51
324 52
325 53
326 55
327 51
328 52
329 52
330 52
331 53
332 52
333 50
334 53
335 54
336 54
337 55
338 56
339 57
340 56
341 52
342 51
343 50
344 52
345 49
346 49
347 50
348 46
349 50
350 51
351 51
352 50
353 50
354 51
355 52
356 51
357 53
358 55
359 55
360 55
361 56
362 53
363 53
364 51
365 53
366 55
367 53
368 55
369 57
370 57
371 58
372 59
373 57
374 57
375 57
376 53
377 52
378 51
379 51
380 53
381 54
382 56
383 56
384 58
385 61
386 62
387 59
388 56
389 55
390 55
391 56
392 53
393 52
394 50
395 50
396 51
397 54
398 56
399 56
400 56
401 53
402 51
403 53
404 53
405 55
406 54
407 55
408 56
409 56
410 57
411 59
412 59
413 61
414 61
415 61
416 58
417 57
418 55
419 55
420 54
421 55
422 54
423 49
424 46
425 46
426 46
427 44
428 46
429 47
430 48
431 48
432 46
433 43
434 45
435 46
436 47
437 44
438 46
439 45
440 44
441 46
442 48
443 51
444 51
445 52
446 51
447 49
448 51
449 49
450 50
451 50
452 49
453 50
454 50
455 51
456 50
457 47
458 50
459 51
460 53
461 56
462 54
463 50
464 48
465 48
466 49
467 49
468 49
469 48
470 48
471 46
472 48
473 48
474 47
475 49
476 49
477 51
478 49
479 51
480 50
481 49
482 46
483 48
484 46
485 48
486 50
487 54
488 54
489 53
490 55
491 52
492 53
493 54
494 54
495 56
496 55
497 55
498 54
499 55
500 57
501 56
502 54
503 54
504 56
505 55
506 56
507 55
508 57
509 57
510 56
511 55
512 55
513 56
514 55
515 54
516 54
517 55
518 52
519 54
520 54
521 52
522 52
523 53
524 52
525 53
526 56
527 55
528 56
529 55
530 52
531 52
532 51
533 50
534 50
535 51
536 49
537 48
538 49
539 48
540 49
541 49
542 51
543 50
544 48
545 51
546 52
547 50
548 50
549 49
550 50
551 51
552 49
553 49
554 51
555 49
556 49
557 50
558 49
559 50
560 50
561 50
562 51
563 51
564 54
565 55
566 53
567 53
568 53
569 51
570 51
571 49
572 52
573 51
574 50
575 49
576 54
577 54
578 54
579 56
580 55
581 54
582 52
583 53
584 54
585 54
586 56
587 56
588 54
589 56
590 56
591 53
592 52
593 53
594 54
595 55
596 51
597 51
598 52
599 51
600 50
601 47
602 48
603 49
604 49
605 53
606 54
607 53
608 53
609 52
610 51
611 50
612 49
613 50
614 52
615 52
616 54
617 53
618 51
619 52
620 50
621 49
622 47
623 49
624 50
625 51
626 49
627 49
628 52
629 52
630 53
631 52
632 51
633 54
634 55
635 55
636 56
637 58
638 57
639 57
640 53
641 54
642 52
643 53
644 51
645 52
646 49
647 52
648 52
649 55
650 53
651 54
652 51
653 52
654 52
655 51
656 49
657 49
658 48
659 49
660 49
661 50
662 51
663 49
664 48
665 51
666 52
667 54
668 57
669 57
670 56
671 55
672 53
673 53
674 55
675 55
676 53
677 50
678 51
679 52
680 55
681 55
682 53
683 53
684 50
685 52
686 53
687 54
688 57
689 56
690 51
691 52
692 53
693 51
694 50
695 51
696 55
697 53
698 55
699 55
700 54
701 54
702 52
703 52
704 53
705 53
706 51
707 52
708 53
709 52
710 50
711 53
712 53
713 51
714 52
715 52
716 51
717 49
718 47
719 48
720 46
721 46
722 49
723 49
724 53
725 52
726 54
727 55
728 56
729 54
730 53
731 54
732 52
733 52
734 52
735 51
736 52
737 50
738 51
739 52
740 52
741 51
742 50
743 52
744 52
745 52
746 54
747 54
748 55
749 56
750 58
751 59
752 61
753 59
754 60
755 61
756 59
757 56
758 53
759 54
760 53
761 48
762 49
763 50
764 51
765 51
766 49
767 50
768 49
769 47
770 52
771 52
772 54
773 55
774 54
775 55
776 56
777 56
778 55
779 54
780 55
781 57
782 58
783 57
784 54
785 55
786 52
787 54
788 57
789 56
790 55
791 56
792 54
793 56
794 57
795 55
796 58
797 55
798 55
799 56
800 57
801 56
802 54
803 54
804 52
805 52
806 48
807 48
808 46
809 39
810 41
811 44
812 48
813 49
814 51
815 53
816 52
817 53
818 50
819 52
820 52
821 54
822 54
823 51
824 52
825 54
826 56
827 56
828 55
829 51
830 53
831 51
832 49
833 51
834 52
835 52
836 52
837 52
838 51
839 50
840 49
841 50
842 51
843 52
844 50
845 53
846 53
847 55
848 56
849 54
850 53
851 55
852 53
853 54
854 53
855 53
856 49
857 51
858 52
859 53
860 50
861 50
862 48
863 50
864 50
865 51
866 50
867 51
868 51
869 50
870 51
871 53
872 54
873 56
874 51
875 48
876 45
877 45
878 44
879 48
880 51
881 52
882 53
883 54
884 53
885 54
886 53
887 54
888 55
889 54
890 55
891 53
892 55
893 53
894 53
895 54
896 53
897 51
898 51
899 52
900 54
901 56
902 56
903 55
904 54
905 54
906 55
907 56
908 57
909 53
910 49
911 46
912 46
913 47
914 48
915 50
916 50
917 51
918 52
919 51
920 49
921 50
922 52
923 53
924 53
925 52
926 51
927 51
928 52
929 54
930 57
931 56
932 57
933 54
934 54
935 54
936 53
937 54
938 53
939 52
940 53
941 53
942 52
943 51
944 50
945 49
946 49
947 53
948 53
949 54
950 52
951 52
952 55
953 54
954 53
955 55
956 54
957 53
958 54
959 55
960 55
961 55
962 55
963 54
964 55
965 57
966 52
967 53
968 53
969 50
970 51
971 51
972 51
973 50
974 51
975 50
976 54
977 55
978 54
979 52
980 49
981 51
982 53
983 51
984 51
985 51
986 53
987 52
988 53
989 54
990 54
991 49
992 49
993 51
994 53
995 52
996 54
997 50
998 52
999 50
1000 52
