0 95
1 66
2 64
3 70
4 65
5 66
6 74
7 68
8 72
9 71
10 66
11 62
12 69
13 75
14 66
15 65
16 67
17 68
18 71
19 71
20 64
21 64
22 67
23 69
24 70
25 66
26 62
27 68
28 64
29 67
30 68
31 64
32 70
33 65
34 71
35 69
36 66
37 70
38 67
39 66
40 67
41 70
42 69
43 69
44 65
45 72
46 65
47 70
48 64
49 64
50 67
51 69
52 69
53 58
54 71
55 58
56 71
57 69
58 67
59 66
60 62
61 66
62 65
63 66
64 69
65 68
66 68
67 72
68 72
69 69
70 65
71 68
72 68
73 64
74 69
75 68
76 64
77 65
78 69
79 65
80 69
81 59
82 65
83 63
84 68
85 72
86 64
87 71
88 69
89 68
90 64
91 61
92 68
93 65
94 67
95 69
96 66
97 65
98 63
99 64
100 69
101 64
102 70
103 63
104 70
105 71
106 65
107 68
108 68
109 67
110 67
111 70
112 67
113 63
114 63
115 64
116 73
117 69
118 60
119 71
120 69
121 70
122 69
123 65
124 64
125 71
126 68
127 69
128 66
129 63
130 68
131 65
132 64
133 64
134 69
135 72
136 69
137 66
138 61
139 60
140 63
141 69
142 70
143 65
144 70
145 67
146 70
147 66
148 65
149 66
150 67
151 68
152 65
153 65
154 66
155 65
156 65
157 61
158 71
159 66
160 70
161 59
162 65
163 69
164 71
165 70
166 71
167 66
168 62
169 70
170 65
171 68
172 62
173 66
174 70
175 62
176 67
177 67
178 69
179 66
180 66
181 67
182 63
183 62
184 66
185 64
186 69
187 69
188 66
189 71
190 68
191 72
192 67
193 65
194 67
195 66
196 66
197 64
198 62
199 67
200 68
201 70
202 69
203 70
204 69
205 68
206 67
207 65
208 59
209 68
210 62
211 76
212 64
213 71
214 70
215 68
216 68
217 68
218 71
219 73
220 69
221 59
222 71
223 70
224 69
225 62
226 66
227 66
228 66
229 64
230 65
231 71
232 65
233 69
234 70
235 66
236 68
237 70
238 64
239 70
240 67
241 69
242 70
243 65
244 60
245 68
246 72
247 69
248 66
249 60
250 70
251 69
252 63
253 60
254 70
255 68
256 63
257 65
258 65
259 65
260 71
261 69
262 71
263 70
264 59
265 66
266 68
267 68
268 67
269 69
270 70
271 63
272 70
273 68
274 65
275 66
276 71
277 70
278 62
279 64
280 69
281 68
282 68
283 67
284 66
285 68
286 67
287 67
288 64
289 62
290 63
291 67
292 70
293 62
294 66
295 62
296 75
297 66
298 69
299 66
300 66
301 68
302 68
303 66
304 62
305 68
306 71
307 64
308 62
309 70
310 72
311 68
312 70
313 62
314 69
315 65
316 70
317 64
318 69
319 71
320 66
321 66
322 70
323 67
324 65
325 55
326 65
327 68
328 67
329 67
330 71
331 67
332 61
333 65
334 59
335 64
336 71
337 67
338 71
339 65
340 66
341 71
342 66
343 68
344 65
345 70
346 62
347 69
348 69
349 66
350 68
351 63
352 64
353 69
354 60
355 65
356 66
357 67
358 67
359 68
360 69
361 68
362 63
363 67
364 72
365 66
366 68
367 68
368 64
369 69
370 71
371 62
372 67
373 69
374 70
375 72
376 70
377 64
378 69
379 63
380 65
381 67
382 66
383 65
384 65
385 63
386 66
387 69
388 72
389 67
390 70
391 67
392 71
393 70
394 68
395 64
396 66
397 67
398 74
399 68
400 67
401 68
402 66
403 69
404 67
405 69
406 67
407 72
408 62
409 66
410 69
411 64
412 65
413 67
414 67
415 68
416 69
417 69
418 69
419 69
420 66
421 68
422 64
423 67
424 64
425 69
426 66
427 70
428 66
429 66
430 60
431 65
432 68
433 68
434 70
435 67
436 62
437 70
438 65
439 65
440 68
441 62
442 64
443 70
444 66
445 66
446 66
447 68
448 68
449 64
450 67
451 67
452 74
453 63
454 60
455 71
456 66
457 65
458 71
459 64
460 65
461 71
462 68
463 66
464 64
465 67
466 65
467 65
468 70
469 69
470 69
471 66
472 61
473 70
474 67
475 67
476 69
477 68
478 62
479 65
480 71
481 70
482 62
483 69
484 67
485 69
486 64
487 65
488 70
489 62
490 68
491 68
492 68
493 61
494 62
495 68
496 67
497 68
498 69
499 66
500 66
501 64
502 67
503 69
504 63
505 70
506 68
507 61
508 66
509 68
510 69
511 71
512 71
513 67
514 67
515 68
516 69
517 66
518 70
519 66
520 64
521 62
522 67
523 66
524 69
525 69
526 63
527 68
528 69
529 70
530 66
531 64
532 70
533 67
534 66
535 70
536 71
537 70
538 67
539 70
540 68
541 63
542 71
543 65
544 72
545 71
546 63
547 68
548 69
549 68
550 71
551 62
552 64
553 68
554 69
555 72
556 66
557 69
558 66
559 66
560 70
561 71
562 68
563 68
564 62
565 66
566 72
567 70
568 68
569 65
570 65
571 67
572 66
573 65
574 67
575 72
576 70
577 66
578 69
579 59
580 64
581 66
582 62
583 71
584 73
585 69
586 61
587 64
588 70
589 70
590 64
591 69
592 70
593 64
594 64
595 68
596 73
597 62
598 62
599 63
600 59
601 62
602 71
603 71
604 66
605 67
606 63
607 66
608 71
609 67
610 66
611 70
612 69
613 69
614 67
615 64
616 68
617 69
618 64
619 67
620 67
621 61
622 68
623 70
624 67
625 64
626 68
627 68
628 71
629 68
630 64
631 65
632 62
633 70
634 63
635 67
636 67
637 68
638 68
639 70
640 71
641 67
642 69
643 69
644 67
645 70
646 62
647 66
648 66
649 67
650 64
651 68
652 67
653 70
654 72
655 67
656 65
657 70
658 66
659 68
660 66
661 68
662 66
663 68
664 69
665 64
666 71
667 66
668 67
669 66
670 67
671 67
672 68
673 63
674 66
675 65
676 66
677 67
678 65
679 63
680 71
681 65
682 68
683 70
684 64
685 68
686 69
687 63
688 64
689 69
690 67
691 63
692 66
693 72
694 63
695 62
696 68
697 66
698 67
699 69
700 63
701 64
702 70
703 70
704 66
705 65
706 73
707 72
708 64
709 68
710 69
711 61
712 68
713 70
714 59
715 71
716 63
717 67
718 67
719 71
720 65
721 72
722 62
723 72
724 66
725 66
726 60
727 61
728 70
729 67
730 69
731 63
732 65
733 70
734 70
735 64
736 67
737 64
738 64
739 68
740 70
741 65
742 63
743 69
744 67
745 69
746 64
747 67
748 70
749 66
750 77
751 66
752 66
753 63
754 66
755 63
756 71
757 71
758 62
759 73
760 66
761 70
762 61
763 68
764 65
765 66
766 70
767 66
768 64
769 64
770 72
771 62
772 66
773 67
774 66
775 71
776 64
777 68
778 68
779 69
780 64
781 65
782 68
783 70
784 66
785 68
786 63
787 69
788 66
789 62
790 63
791 69
792 61
793 68
794 66
795 71
796 63
797 68
798 68
799 67
800 67
801 66
802 71
803 68
804 64
805 70
806 69
807 64
808 68
809 64
810 63
811 69
812 69
813 72
814 69
815 67
816 63
817 69
818 68
819 73
820 67
821 67
822 67
823 59
824 68
825 65
826 67
827 62
828 68
829 73
830 64
831 65
832 71
833 70
834 65
835 69
836 65
837 65
838 65
839 68
840 66
841 71
842 69
843 67
844 66
845 64
846 68
847 68
848 66
849 66
850 64
851 63
852 67
853 69
854 67
855 70
856 71
857 69
858 67
859 73
860 65
861 65
862 67
863 68
864 70
865 66
866 65
867 64
868 65
869 68
870 64
871 68
872 68
873 71
874 71
875 72
876 61
877 59
878 63
879 69
880 70
881 69
882 69
883 68
884 70
885 68
886 63
887 69
888 70
889 63
890 66
891 65
892 66
893 69
894 61
895 62
896 66
897 68
898 69
899 67
900 68
901 70
902 66
903 70
904 67
905 65
906 66
907 70
908 62
909 68
910 68
911 60
912 66
913 63
914 68
915 68
916 64
917 67
918 66
919 62
920 63
921 66
922 70
923 66
924 66
925 67
926 66
927 68
928 68
929 63
930 67
931 67
932 66
933 61
934 69
935 64
936 69
937 65
938 68
939 65
940 70
941 71
942 66
943 71
944 68
945 63
946 67
947 65
948 65
949 67
950 69
951 66
952 69
953 71
954 66
955 69
956 62
957 68
958 69
959 65
960 70
961 61
962 69
963 72
964 70
965 64
966 69
967 63
968 59
969 62
970 72
971 65
972 68
973 68
974 70
975 69
976 70
977 71
978 64
979 70
980 68
981 67
982 66
983 69
984 69
985 71
986 69
987 69
988 65
989 69
990 65
991 69
992 69
993 66
994 69
995 69
996 66
997 66
998 71
999 64
1000 71
