0 10
1 5
2 6
3 7
4 6
5 5
6 4
7 5
8 7
9 7
10 7
11 6
12 6
13 7
14 6
15 6
16 6
17 6
18 4
19 6
20 6
21 7
22 4
23 5
24 4
25 6
26 7
27 8
28 4
29 5
30 5
31 6
32 5
33 8
34 6
35 6
36 4
37 4
38 6
39 7
40 6
41 6
42 6
43 6
44 7
45 6
46 6
47 7
48 5
49 7
50 6
51 5
52 5
53 6
54 6
55 6
56 7
57 6
58 6
59 5
60 5
61 4
62 6
63 7
64 6
65 4
66 5
67 7
68 3
69 3
70 7
71 7
72 7
73 6
74 5
75 6
76 5
77 7
78 4
79 6
80 4
81 5
82 4
83 8
84 6
85 5
86 5
87 7
88 6
89 7
90 7
91 6
92 6
93 5
94 6
95 5
96 6
97 6
98 6
99 5
100 5
101 3
102 6
103 6
104 4
105 6
106 6
107 4
108 5
109 5
110 7
111 7
112 6
113 6
114 6
115 5
116 7
117 5
118 5
119 6
120 6
121 7
122 6
123 3
124 6
125 5
126 6
127 5
128 5
129 5
130 6
131 5
132 6
133 5
134 3
135 4
136 6
137 4
138 6
139 4
140 4
141 6
142 6
143 6
144 6
145 6
146 5
147 8
148 6
149 6
150 6
151 6
152 3
153 4
154 6
155 5
156 4
157 5
158 5
159 5
160 6
161 4
162 6
163 6
164 6
165 6
166 6
167 5
168 6
169 4
170 5
171 6
172 5
173 5
174 6
175 4
176 3
177 5
178 7
179 5
180 6
181 6
182 5
183 3
184 5
185 6
186 5
187 4
188 4
189 6
190 6
191 6
192 4
193 5
194 7
195 6
196 6
197 7
198 5
199 6
200 7
201 6
202 3
203 5
204 4
205 3
206 6
207 6
208 5
209 6
210 7
211 7
212 6
213 7
214 6
215 4
216 4
217 6
218 6
219 7
220 6
221 5
222 4
223 3
224 7
225 6
226 7
227 5
228 6
229 4
230 6
231 6
232 6
233 7
234 5
235 5
236 7
237 8
238 7
239 7
240 8
241 6
242 6
243 7
244 7
245 6
246 4
247 4
248 6
249 5
250 5
251 7
252 5
253 5
254 7
255 6
256 6
257 7
258 5
259 7
260 6
261 7
262 7
263 4
264 6
265 8
266 8
267 5
268 7
269 6
270 6
271 4
272 4
273 6
274 5
275 6
276 5
277 6
278 5
279 5
280 9
281 8
282 8
283 6
284 6
285 7
286 5
287 6
288 7
289 8
290 5
291 5
292 5
293 6
294 6
295 5
296 7
297 6
298 5
299 6
300 4
301 4
302 6
303 5
304 6
305 6
306 7
307 7
308 7
309 7
310 5
311 7
312 6
313 5
314 5
315 5
316 6
317 4
318 5
319 3
320 4
321 5
322 6
323 3
324 6
325 5
326 4
327 5
328 6
329 6
330 5
331 7
332 5
333 6
334 6
335 6
336 4
337 6
338 8
339 6
340 5
341 6
342 7
343 7
344 7
345 7
346 7
347 6
348 7
349 5
350 5
351 5
352 5
353 6
354 4
355 4
356 6
357 5
358 7
359 5
360 6
361 5
362 8
363 6
364 6
365 5
366 6
367 7
368 6
369 8
370 7
371 7
372 6
373 6
374 4
375 7
376 7
377 5
378 6
379 7
380 7
381 6
382 7
383 5
384 7
385 5
386 6
387 4
388 5
389 5
390 5
391 4
392 6
393 6
394 7
395 5
396 7
397 6
398 5
399 6
400 7
401 5
402 5
403 5
404 5
405 7
406 6
407 7
408 6
409 6
410 5
411 7
412 5
413 5
414 7
415 6
416 6
417 6
418 7
419 7
420 7
421 5
422 6
423 3
424 6
425 6
426 5
427 5
428 5
429 6
430 2
431 2
432 5
433 4
434 4
435 6
436 6
437 5
438 5
439 4
440 6
441 6
442 7
443 7
444 7
445 6
446 7
447 5
448 6
449 7
450 3
451 5
452 6
453 5
454 6
455 6
456 6
457 6
458 4
459 6
460 5
461 4
462 5
463 6
464 4
465 4
466 6
467 5
468 5
469 5
470 6
471 5
472 5
473 5
474 5
475 5
476 6
477 7
478 7
479 3
480 7
481 7
482 6
483 5
484 4
485 5
486 4
487 5
488 6
489 7
490 6
491 7
492 8
493 7
494 6
495 7
496 7
497 7
498 4
499 6
500 5
501 5
502 6
503 6
504 7
505 5
506 6
507 5
508 5
509 5
510 5
511 7
512 6
513 6
514 6
515 4
516 5
517 5
518 3
519 5
520 5
521 5
522 5
523 5
524 6
525 7
526 7
527 6
528 6
529 5
530 6
531 6
532 7
533 5
534 6
535 5
536 5
537 6
538 4
539 7
540 5
541 6
542 5
543 4
544 5
545 5
546 6
547 5
548 5
549 7
550 5
551 6
552 6
553 7
554 5
555 6
556 4
557 4
558 7
559 6
560 7
561 3
562 4
563 4
564 5
565 6
566 7
567 5
568 4
569 5
570 5
571 7
572 6
573 7
574 6
575 6
576 7
577 5
578 6
579 8
580 7
581 7
582 6
583 4
584 6
585 4
586 6
587 4
588 6
589 6
590 6
591 5
592 6
593 4
594 3
595 4
596 5
597 6
598 4
599 7
600 7
601 6
602 5
603 5
604 8
605 7
606 5
607 5
608 6
609 5
610 6
611 6
612 7
613 7
614 6
615 7
616 6
617 4
618 5
619 5
620 5
621 6
622 5
623 7
624 6
625 6
626 6
627 7
628 5
629 6
630 6
631 5
632 4
633 5
634 5
635 6
636 5
637 8
638 5
639 5
640 7
641 7
642 7
643 7
644 7
645 5
646 6
647 5
648 5
649 6
650 6
651 7
652 6
653 5
654 5
655 6
656 6
657 4
658 6
659 6
660 6
661 7
662 5
663 7
664 8
665 6
666 7
667 6
668 7
669 6
670 8
671 6
672 7
673 3
674 6
675 8
676 7
677 6
678 5
679 7
680 6
681 6
682 6
683 5
684 6
685 6
686 5
687 6
688 5
689 7
690 7
691 7
692 7
693 7
694 8
695 7
696 5
697 3
698 5
699 6
700 6
701 6
702 7
703 7
704 6
705 6
706 6
707 6
708 4
709 5
710 6
711 7
712 7
713 8
714 7
715 6
716 7
717 6
718 6
719 5
720 7
721 7
722 6
723 8
724 7
725 5
726 6
727 6
728 6
729 6
730 6
731 6
732 4
733 6
734 5
735 5
736 5
737 5
738 5
739 4
740 7
741 6
742 6
743 7
744 6
745 5
746 6
747 6
748 5
749 8
750 8
751 5
752 5
753 5
754 5
755 3
756 6
757 6
758 5
759 6
760 8
761 3
762 5
763 6
764 6
765 5
766 6
767 4
768 7
769 5
770 6
771 6
772 7
773 7
774 5
775 6
776 6
777 6
778 5
779 8
780 7
781 6
782 6
783 6
784 4
785 2
786 5
787 4
788 5
789 5
790 5
791 5
792 6
793 7
794 6
795 6
796 6
797 4
798 7
799 7
800 6
801 5
802 6
803 6
804 5
805 6
806 5
807 5
808 6
809 6
810 5
811 3
812 6
813 4
814 6
815 5
816 6
817 5
818 4
819 4
820 4
821 3
822 5
823 6
824 5
825 3
826 3
827 5
828 6
829 5
830 6
831 6
832 7
833 6
834 7
835 6
836 7
837 4
838 5
839 4
840 5
841 6
842 7
843 7
844 6
845 7
846 4
847 6
848 7
849 6
850 4
851 4
852 5
853 4
854 4
855 6
856 7
857 5
858 6
859 5
860 6
861 5
862 5
863 7
864 5
865 6
866 7
867 7
868 6
869 5
870 6
871 6
872 7
873 5
874 4
875 5
876 7
877 7
878 5
879 5
880 5
881 4
882 4
883 7
884 8
885 6
886 8
887 7
888 5
889 3
890 5
891 5
892 6
893 5
894 6
895 6
896 4
897 6
898 6
899 5
900 5
901 6
902 6
903 5
904 6
905 6
906 7
907 7
908 7
909 7
910 4
911 6
912 5
913 7
914 7
915 7
916 5
917 6
918 7
919 6
920 4
921 6
922 5
923 6
924 5
925 6
926 6
927 6
928 6
929 6
930 6
931 4
932 4
933 6
934 7
935 6
936 4
937 5
938 5
939 6
940 5
941 6
942 4
943 5
944 6
945 5
946 6
947 6
948 6
949 4
950 5
951 6
952 4
953 4
954 5
955 5
956 7
957 5
958 5
959 5
960 4
961 5
962 2
963 4
964 5
965 7
966 7
967 5
968 5
969 6
970 5
971 5
972 5
973 7
974 6
975 5
976 4
977 4
978 4
979 6
980 5
981 7
982 7
983 5
984 4
985 4
986 6
987 6
988 4
989 7
990 6
991 6
992 6
993 7
994 6
995 6
996 5
997 5
998 5
999 7
1000 6
