0 30
1 26
2 22
3 17
4 17
5 18
6 17
7 16
8 15
9 14
10 14
11 16
12 17
13 16
14 16
15 16
16 16
17 16
18 12
19 16
20 16
21 15
22 16
23 14
24 15
25 15
26 16
27 10
28 12
29 11
30 11
31 13
32 14
33 13
34 14
35 13
36 16
37 15
38 15
39 15
40 15
41 14
42 14
43 15
44 14
45 16
46 17
47 16
48 14
49 14
50 15
51 14
52 14
53 16
54 17
55 17
56 16
57 17
58 14
59 14
60 12
61 14
62 12
63 11
64 13
65 15
66 14
67 16
68 17
69 15
70 16
71 15
72 16
73 16
74 14
75 14
76 14
77 15
78 14
79 14
80 14
81 16
82 18
83 19
84 17
85 15
86 17
87 17
88 15
89 14
90 12
91 13
92 15
93 12
94 12
95 13
96 14
97 15
98 15
99 14
100 14
101 14
102 15
103 15
104 15
105 14
106 16
107 16
108 16
109 16
110 17
111 16
112 16
113 14
114 15
115 15
116 14
117 14
118 15
119 14
120 13
121 15
122 16
123 16
124 16
125 17
126 17
127 17
128 16
129 17
130 15
131 16
132 17
133 16
134 17
135 14
136 15
137 14
138 14
139 17
140 16
141 15
142 15
143 14
144 17
145 17
146 15
147 16
148 17
149 18
150 18
151 19
152 18
153 16
154 15
155 17
156 17
157 14
158 16
159 17
160 16
161 15
162 16
163 14
164 13
165 14
166 15
167 14
168 13
169 12
170 13
171 12
172 15
173 15
174 15
175 16
176 16
177 16
178 14
179 14
180 15
181 17
182 15
183 13
184 15
185 14
186 11
187 11
188 12
189 15
190 16
191 16
192 15
193 14
194 13
195 14
196 15
197 15
198 16
199 16
200 15
201 12
202 13
203 13
204 12
205 13
206 13
207 12
208 15
209 15
210 16
211 16
212 16
213 16
214 17
215 16
216 17
217 18
218 15
219 16
220 16
221 16
222 14
223 14
224 13
225 15
226 17
227 16
228 17
229 14
230 12
231 11
232 13
233 16
234 18
235 16
236 12
237 15
238 14
239 15
240 15
241 16
242 15
243 14
244 18
245 16
246 15
247 16
248 16
249 16
250 16
251 14
252 13
253 14
254 13
255 13
256 13
257 14
258 16
259 15
260 14
261 14
262 13
263 14
264 13
265 14
266 14
267 15
268 15
269 15
270 13
271 16
272 18
273 18
274 18
275 18
276 16
277 14
278 13
279 13
280 14
281 13
282 16
283 15
284 14
285 16
286 14
287 14
288 14
289 16
290 17
291 16
292 15
293 11
294 11
295 14
296 15
297 16
298 15
299 15
300 17
301 17
302 18
303 17
304 14
305 12
306 13
307 14
308 12
309 13
310 15
311 16
312 16
313 18
314 18
315 17
316 16
317 17
318 16
319 17
320 11
321 13
322 13
323 14
324 16
325 14
326 13
327 15
328 14
329 14
330 11
331 11
332 12
333 14
334 15
335 16
336 15
337 14
338 16
339 16
340 16
341 13
342 13
343 14
344 14
345 11
346 14
347 15
348 14
349 13
350 15
351 16
352 13
353 13
354 14
355 13
356 11
357 13
358 13
359 12
360 12
361 12
362 14
363 15
364 16
365 16
366 17
367 19
368 20
369 18
370 18
371 17
372 16
373 16
374 17
375 16
376 15
377 15
378 16
379 15
380 15
381 15
382 15
383 16
384 16
385 15
386 14
387 14
388 15
389 13
390 12
391 15
392 17
393 14
394 15
395 15
396 15
397 14
398 15
399 17
400 16
401 15
402 15
403 14
404 16
405 17
406 16
407 15
408 17
409 15
410 15
411 16
412 16
413 15
414 15
415 16
416 15
417 16
418 16
419 16
420 15
421 15
422 15
423 15
424 13
425 13
426 17
427 16
428 17
429 17
430 16
431 15
432 15
433 16
434 15
435 17
436 15
437 15
438 14
439 13
440 14
441 15
442 15
443 15
444 15
445 14
446 13
447 13
448 14
449 16
450 16
451 15
452 13
453 15
454 14
455 13
456 15
457 14
458 13
459 13
460 16
461 16
462 14
463 15
464 14
465 15
466 16
467 16
468 16
469 16
470 16
471 15
472 13
473 15
474 15
475 16
476 18
477 16
478 16
479 17
480 18
481 17
482 18
483 16
484 16
485 16
486 19
487 19
488 19
489 18
490 18
491 16
492 15
493 16
494 15
495 16
496 16
497 17
498 16
499 13
500 16
501 15
502 14
503 14
504 13
505 14
506 13
507 16
508 16
509 18
510 16
511 16
512 15
513 14
514 15
515 15
516 17
517 16
518 16
519 17
520 17
521 18
522 17
523 17
524 15
525 16
526 18
527 17
528 17
529 15
530 14
531 15
532 17
533 13
534 13
535 10
536 13
537 12
538 12
539 14
540 15
541 15
542 15
543 17
544 14
545 16
546 17
547 15
548 14
549 14
550 15
551 11
552 13
553 14
554 15
555 15
556 15
557 15
558 14
559 13
560 14
561 17
562 14
563 15
564 17
565 17
566 15
567 16
568 16
569 14
570 15
571 15
572 15
573 16
574 15
575 16
576 17
577 15
578 16
579 14
580 14
581 15
582 14
583 16
584 17
585 17
586 15
587 13
588 15
589 16
590 17
591 16
592 16
593 16
594 16
595 17
596 15
597 14
598 16
599 14
600 14
601 16
602 16
603 17
604 17
605 16
606 15
607 14
608 15
609 15
610 15
611 15
612 14
613 16
614 13
615 14
616 14
617 16
618 17
619 16
620 14
621 14
622 15
623 13
624 14
625 15
626 18
627 19
628 17
629 16
630 16
631 15
632 15
633 16
634 14
635 15
636 17
637 17
638 13
639 15
640 15
641 14
642 13
643 13
644 14
645 14
646 16
647 17
648 14
649 12
650 15
651 15
652 15
653 14
654 15
655 15
656 15
657 14
658 13
659 15
660 15
661 15
662 18
663 16
664 16
665 13
666 14
667 13
668 15
669 17
670 16
671 16
672 17
673 16
674 18
675 15
676 15
677 16
678 13
679 14
680 15
681 15
682 15
683 15
684 15
685 15
686 15
687 16
688 14
689 15
690 16
691 17
692 15
693 14
694 14
695 13
696 14
697 13
698 12
699 13
700 11
701 12
702 12
703 13
704 13
705 14
706 14
707 17
708 16
709 14
710 15
711 11
712 13
713 15
714 14
715 15
716 14
717 13
718 13
719 13
720 15
721 15
722 16
723 16
724 16
725 17
726 15
727 16
728 17
729 19
730 19
731 18
732 18
733 19
734 18
735 18
736 17
737 18
738 17
739 17
740 14
741 16
742 17
743 16
744 16
745 15
746 15
747 15
748 15
749 17
750 18
751 17
752 12
753 12
754 10
755 12
756 12
757 13
758 14
759 15
760 15
761 15
762 15
763 15
764 15
765 16
766 16
767 14
768 13
769 15
770 16
771 15
772 16
773 14
774 13
775 13
776 13
777 13
778 13
779 13
780 15
781 13
782 13
783 17
784 16
785 16
786 16
787 16
788 16
789 15
790 16
791 16
792 16
793 17
794 16
795 17
796 15
797 16
798 16
799 16
800 16
801 15
802 15
803 16
804 16
805 14
806 14
807 15
808 15
809 16
810 16
811 17
812 17
813 17
814 13
815 15
816 15
817 17
818 15
819 16
820 16
821 18
822 18
823 18
824 17
825 16
826 11
827 12
828 15
829 15
830 11
831 14
832 14
833 16
834 17
835 17
836 14
837 14
838 14
839 15
840 16
841 16
842 16
843 16
844 18
845 16
846 15
847 15
848 14
849 13
850 14
851 14
852 15
853 12
854 13
855 14
856 14
857 14
858 16
859 15
860 13
861 15
862 16
863 16
864 15
865 13
866 14
867 14
868 14
869 13
870 13
871 14
872 13
873 13
874 14
875 15
876 14
877 14
878 15
879 14
880 13
881 13
882 11
883 12
884 14
885 15
886 15
887 16
888 14
889 13
890 14
891 14
892 14
893 11
894 11
895 12
896 13
897 13
898 15
899 15
900 14
901 14
902 15
903 16
904 17
905 15
906 17
907 17
908 14
909 18
910 16
911 16
912 17
913 15
914 18
915 18
916 17
917 15
918 16
919 16
920 16
921 17
922 15
923 16
924 14
925 13
926 15
927 14
928 16
929 13
930 15
931 15
932 15
933 11
934 12
935 14
936 14
937 12
938 12
939 14
940 15
941 13
942 15
943 14
944 12
945 13
946 15
947 15
948 15
949 15
950 14
951 12
952 11
953 12
954 14
955 12
956 15
957 15
958 16
959 15
960 15
961 15
962 15
963 15
964 16
965 15
966 13
967 14
968 15
969 14
970 13
971 14
972 13
973 15
974 15
975 17
976 16
977 17
978 18
979 17
980 18
981 17
982 16
983 16
984 15
985 16
986 16
987 17
988 17
989 18
990 15
991 17
992 13
993 15
994 15
995 12
996 12
997 16
998 16
999 17
1000 17
