0 95
1 91
2 87
3 85
4 82
5 77
6 75
7 73
8 71
9 72
10 70
11 73
12 68
13 64
14 65
15 64
16 62
17 63
18 63
19 63
20 62
21 66
22 65
23 63
24 62
25 62
26 62
27 65
28 64
29 66
30 66
31 65
32 63
33 61
34 63
35 65
36 63
37 60
38 61
39 63
40 62
41 63
42 60
43 60
44 60
45 61
46 60
47 60
48 56
49 59
50 56
51 56
52 57
53 60
54 60
55 62
56 63
57 64
58 67
59 66
60 66
61 64
62 66
63 64
64 63
65 61
66 62
67 61
68 64
69 65
70 66
71 66
72 65
73 61
74 60
75 61
76 59
77 58
78 56
79 54
80 58
81 56
82 55
83 59
84 58
85 61
86 57
87 53
88 56
89 59
90 59
91 61
92 59
93 60
94 60
95 60
96 62
97 63
98 61
99 63
100 65
101 65
102 64
103 64
104 63
105 64
106 64
107 63
108 63
109 61
110 62
111 62
112 64
113 63
114 64
115 67
116 66
117 64
118 65
119 67
120 68
121 67
122 70
123 70
124 69
125 72
126 68
127 71
128 70
129 67
130 63
131 67
132 64
133 62
134 60
135 64
136 62
137 62
138 65
139 67
140 65
141 66
142 66
143 66
144 66
145 65
146 64
147 63
148 61
149 62
150 60
151 61
152 62
153 61
154 59
155 58
156 61
157 59
158 63
159 58
160 60
161 61
162 65
163 67
164 66
165 65
166 66
167 68
168 66
169 65
170 62
171 64
172 63
173 64
174 66
175 65
176 62
177 64
178 61
179 63
180 65
181 66
182 65
183 65
184 64
185 64
186 64
187 66
188 66
189 66
190 63
191 58
192 58
193 59
194 57
195 60
196 58
197 58
198 58
199 56
200 59
201 61
202 62
203 65
204 66
205 64
206 64
207 64
208 64
209 65
210 65
211 62
212 63
213 64
214 65
215 63
216 63
217 62
218 62
219 63
220 65
221 65
222 66
223 63
224 63
225 62
226 59
227 59
228 61
229 62
230 62
231 62
232 63
233 61
234 58
235 57
236 59
237 60
238 60
239 59
240 59
241 63
242 57
243 56
244 53
245 57
246 58
247 59
248 62
249 63
250 65
251 63
252 62
253 61
254 64
255 62
256 62
257 62
258 64
259 65
260 64
261 61
262 59
263 59
264 57
265 57
266 60
267 61
268 58
269 61
270 60
271 59
272 58
273 57
274 60
275 60
276 62
277 60
278 62
279 65
280 64
281 66
282 68
283 68
284 65
285 65
286 64
287 64
288 66
289 67
290 66
291 68
292 70
293 70
294 68
295 67
296 62
297 61
298 61
299 65
300 67
301 68
302 68
303 68
304 67
305 66
306 63
307 63
308 62
309 63
310 62
311 62
312 59
313 59
314 62
315 61
316 63
317 63
318 61
319 63
320 64
321 62
322 64
323 64
324 63
325 61
326 63
327 63
328 65
329 65
330 63
331 65
332 62
333 64
334 64
335 62
336 63
337 63
338 61
339 62
340 66
341 69
342 67
343 66
344 67
345 71
346 72
347 72
348 71
349 70
350 68
351 64
352 65
353 67
354 66
355 67
356 66
357 66
358 65
359 70
360 69
361 65
362 63
363 59
364 58
365 61
366 62
367 62
368 61
369 62
370 57
371 62
372 64
373 64
374 65
375 67
376 69
377 68
378 68
379 68
380 68
381 68
382 68
383 67
384 68
385 67
386 64
387 61
388 62
389 62
390 63
391 59
392 65
393 65
394 64
395 63
396 64
397 63
398 61
399 63
400 66
401 66
402 65
403 59
404 61
405 62
406 62
407 63
408 64
409 64
410 66
411 67
412 66
413 66
414 69
415 66
416 67
417 65
418 66
419 68
420 67
421 68
422 68
423 65
424 67
425 66
426 69
427 68
428 66
429 62
430 62
431 64
432 66
433 61
434 62
435 60
436 57
437 57
438 60
439 61
440 57
441 55
442 56
443 58
444 58
445 62
446 62
447 64
448 65
449 67
450 67
451 66
452 65
453 62
454 57
455 55
456 54
457 54
458 54
459 52
460 54
461 53
462 52
463 55
464 55
465 55
466 57
467 61
468 60
469 62
470 63
471 63
472 64
473 62
474 62
475 64
476 64
477 64
478 66
479 68
480 67
481 68
482 67
483 65
484 63
485 65
486 66
487 66
488 67
489 66
490 65
491 66
492 67
493 69
494 68
495 70
496 69
497 68
498 68
499 68
500 69
501 68
502 68
503 70
504 66
505 64
506 61
507 60
508 63
509 63
510 64
511 57
512 56
513 55
514 54
515 54
516 55
517 57
518 56
519 57
520 60
521 60
522 61
523 57
524 58
525 55
526 55
527 55
528 55
529 58
530 60
531 59
532 59
533 58
534 60
535 61
536 61
537 59
538 61
539 61
540 65
541 64
542 67
543 68
544 68
545 67
546 64
547 66
548 63
549 62
550 62
551 63
552 63
553 61
554 63
555 64
556 65
557 61
558 64
559 65
560 63
561 63
562 65
563 62
564 66
565 64
566 66
567 65
568 65
569 66
570 63
571 62
572 63
573 57
574 58
575 59
576 61
577 58
578 60
579 60
580 61
581 63
582 61
583 57
584 59
585 60
586 62
587 65
588 67
589 68
590 69
591 68
592 65
593 65
594 65
595 68
596 68
597 69
598 69
599 66
600 65
601 64
602 66
603 64
604 66
605 66
606 64
607 67
608 66
609 64
610 65
611 63
612 65
613 62
614 64
615 65
616 66
617 64
618 62
619 65
620 66
621 67
622 64
623 65
624 67
625 67
626 65
627 70
628 72
629 71
630 71
631 71
632 68
633 69
634 66
635 67
636 66
637 63
638 59
639 60
640 60
641 61
642 57
643 58
644 53
645 56
646 59
647 58
648 56
649 56
650 54
651 57
652 59
653 56
654 62
655 62
656 64
657 63
658 67
659 64
660 64
661 66
662 61
663 63
664 64
665 66
666 64
667 65
668 63
669 63
670 64
671 64
672 61
673 61
674 63
675 63
676 65
677 64
678 65
679 63
680 63
681 64
682 65
683 65
684 66
685 65
686 68
687 65
688 62
689 62
690 65
691 65
692 66
693 63
694 61
695 62
696 63
697 63
698 64
699 63
700 63
701 65
702 63
703 66
704 65
705 68
706 64
707 65
708 66
709 64
710 64
711 65
712 65
713 66
714 68
715 69
716 68
717 67
718 68
719 69
720 71
721 70
722 70
723 67
724 65
725 67
726 63
727 64
728 65
729 67
730 66
731 66
732 66
733 67
734 68
735 66
736 66
737 66
738 66
739 66
740 63
741 69
742 69
743 66
744 62
745 64
746 64
747 62
748 62
749 61
750 61
751 63
752 58
753 58
754 58
755 60
756 62
757 62
758 63
759 62
760 62
761 64
762 63
763 65
764 66
765 68
766 65
767 68
768 66
769 66
770 63
771 63
772 62
773 58
774 57
775 58
776 57
777 58
778 59
779 56
780 58
781 58
782 56
783 57
784 61
785 60
786 59
787 61
788 61
789 60
790 62
791 62
792 64
793 64
794 60
795 66
796 66
797 67
798 64
799 61
800 62
801 63
802 64
803 63
804 65
805 69
806 69
807 68
808 64
809 64
810 64
811 63
812 62
813 61
814 63
815 63
816 61
817 58
818 61
819 62
820 63
821 62
822 61
823 61
824 62
825 61
826 57
827 58
828 58
829 58
830 62
831 62
832 60
833 58
834 57
835 56
836 57
837 56
838 57
839 55
840 55
841 57
842 62
843 61
844 59
845 61
846 62
847 61
848 60
849 63
850 64
851 67
852 67
853 67
854 69
855 70
856 68
857 72
858 72
859 68
860 66
861 63
862 63
863 62
864 63
865 62
866 66
867 66
868 67
869 66
870 67
871 66
872 66
873 64
874 63
875 60
876 60
877 58
878 60
879 59
880 60
881 58
882 61
883 59
884 58
885 60
886 60
887 60
888 61
889 63
890 63
891 63
892 62
893 58
894 59
895 63
896 63
897 61
898 61
899 65
900 63
901 61
902 62
903 63
904 63
905 67
906 66
907 67
908 69
909 64
910 60
911 62
912 61
913 61
914 67
915 68
916 68
917 67
918 66
919 68
920 69
921 69
922 69
923 69
924 67
925 65
926 62
927 59
928 58
929 59
930 56
931 56
932 56
933 56
934 57
935 57
936 60
937 61
938 62
939 63
940 64
941 64
942 63
943 64
944 65
945 64
946 62
947 64
948 64
949 65
950 66
951 65
952 65
953 63
954 62
955 61
956 61
957 64
958 64
959 65
960 65
961 63
962 62
963 62
964 62
965 65
966 61
967 62
968 65
969 66
970 65
971 60
972 61
973 61
974 61
975 62
976 62
977 63
978 64
979 63
980 64
981 63
982 63
983 65
984 66
985 63
986 64
987 65
988 66
989 59
990 60
991 61
992 60
993 60
994 60
995 60
996 60
997 59
998 61
999 62
1000 63
