0 35
1 33
2 30
3 29
4 28
5 27
6 27
7 26
8 25
9 24
10 23
11 22
12 22
13 21
14 20
15 20
16 19
17 19
18 19
19 19
20 19
21 19
22 18
23 18
24 18
25 17
26 17
27 17
28 17
29 16
30 15
31 15
32 15
33 14
34 14
35 13
36 12
37 12
38 11
39 11
40 11
41 11
42 11
43 11
44 10
45 10
46 9
47 9
48 9
49 9
50 7
51 7
52 7
53 7
54 7
55 7
56 7
57 7
58 7
59 7
60 7
61 7
62 7
63 7
64 7
65 6
66 6
67 6
68 6
69 6
70 6
71 6
72 6
73 6
74 6
75 6
76 6
77 6
78 6
79 6
80 6
81 6
82 6
83 5
84 5
85 5
86 5
87 5
88 5
89 5
90 5
91 5
92 5
93 5
94 5
95 5
96 5
97 5
98 5
99 5
100 4
101 4
102 4
103 4
104 4
105 4
106 4
107 4
108 4
109 4
110 4
111 4
112 4
113 4
114 5
115 5
116 5
117 5
118 5
119 3
120 3
121 3
122 3
123 3
124 3
125 3
126 3
127 3
128 3
129 3
130 3
131 3
132 3
133 3
134 3
135 3
136 3
137 3
138 3
139 3
140 3
141 3
142 3
143 3
144 3
145 3
146 3
147 3
148 3
149 3
150 3
151 3
152 3
153 3
154 3
155 3
156 3
157 3
158 2
159 1
160 2
161 2
162 3
163 3
164 3
165 3
166 3
167 3
168 3
169 2
170 2
171 2
172 1
173 1
174 1
175 1
176 1
177 1
178 1
179 1
180 1
181 2
182 2
183 2
184 2
185 2
186 2
187 2
188 2
189 1
190 1
191 1
192 1
193 1
194 1
195 1
196 1
197 1
198 1
199 1
200 1
201 1
202 2
203 2
204 2
205 2
206 2
207 2
208 2
209 2
210 2
211 3
212 3
213 3
214 3
215 3
216 3
217 2
218 3
219 3
220 3
221 3
222 3
223 3
224 3
225 3
226 3
227 3
228 3
229 3
230 3
231 3
232 3
233 3
234 3
235 2
236 2
237 2
238 2
239 2
240 2
241 2
242 2
243 2
244 2
245 2
246 2
247 2
248 2
249 1
250 1
251 1
252 1
253 1
254 1
255 1
256 1
257 1
258 1
259 1
260 1
261 1
262 1
263 1
264 1
265 1
266 0
267 0
268 0
269 0
270 0
271 0
272 0
273 0
274 0
275 0
276 0
277 0
278 0
279 0
280 0
281 0
282 0
283 0
284 0
285 0
286 0
287 0
288 1
289 1
290 1
291 1
292 1
293 1
294 1
295 1
296 1
297 1
298 1
299 1
300 1
301 1
302 1
303 2
304 2
305 2
306 2
307 3
308 3
309 3
310 3
311 3
312 3
313 3
314 3
315 3
316 3
317 3
318 3
319 3
320 4
321 4
322 3
323 3
324 3
325 3
326 3
327 3
328 3
329 3
330 3
331 3
332 3
333 3
334 3
335 3
336 2
337 2
338 2
339 3
340 3
341 3
342 3
343 3
344 3
345 3
346 3
347 4
348 4
349 3
350 4
351 4
352 4
353 4
354 4
355 4
356 4
357 4
358 4
359 4
360 4
361 4
362 4
363 4
364 4
365 4
366 4
367 4
368 4
369 4
370 4
371 4
372 4
373 4
374 4
375 4
376 4
377 4
378 4
379 4
380 4
381 4
382 4
383 4
384 4
385 4
386 4
387 3
388 3
389 3
390 3
391 2
392 1
393 0
394 0
395 0
396 0
397 0
398 0
399 1
400 1
401 2
402 2
403 2
404 2
405 3
406 3
407 2
408 2
409 2
410 2
411 2
412 2
413 2
414 3
415 3
416 3
417 3
418 3
419 3
420 3
421 3
422 3
423 3
424 3
425 2
426 2
427 2
428 3
429 3
430 3
431 3
432 3
433 3
434 3
435 3
436 3
437 3
438 3
439 3
440 3
441 3
442 3
443 3
444 3
445 3
446 3
447 3
448 3
449 3
450 3
451 3
452 3
453 3
454 3
455 3
456 3
457 3
458 3
459 3
460 3
461 3
462 3
463 3
464 3
465 3
466 3
467 3
468 3
469 3
470 3
471 3
472 3
473 2
474 2
475 2
476 1
477 1
478 1
479 3
480 2
481 2
482 2
483 2
484 2
485 2
486 2
487 2
488 2
489 2
490 2
491 2
492 2
493 2
494 2
495 2
496 2
497 2
498 2
499 2
500 2
501 2
502 2
503 2
504 2
505 3
506 3
507 3
508 3
509 2
510 2
511 2
512 2
513 2
514 2
515 2
516 2
517 2
518 1
519 1
520 1
521 1
522 1
523 1
524 1
525 1
526 1
527 1
528 1
529 1
530 1
531 1
532 0
533 0
534 0
535 0
536 0
537 0
538 0
539 0
540 0
541 0
542 0
543 0
544 0
545 0
546 1
547 1
548 1
549 1
550 1
551 1
552 1
553 1
554 1
555 1
556 1
557 1
558 1
559 1
560 1
561 1
562 2
563 2
564 2
565 3
566 3
567 3
568 3
569 3
570 3
571 3
572 3
573 3
574 3
575 3
576 3
577 3
578 3
579 3
580 3
581 3
582 3
583 3
584 3
585 3
586 3
587 3
588 3
589 3
590 3
591 3
592 3
593 3
594 3
595 3
596 3
597 3
598 3
599 3
600 3
601 4
602 4
603 4
604 4
605 4
606 4
607 4
608 4
609 4
610 4
611 5
612 5
613 5
614 5
615 5
616 5
617 4
618 4
619 4
620 3
621 3
622 3
623 3
624 3
625 3
626 3
627 3
628 3
629 3
630 3
631 3
632 3
633 3
634 3
635 3
636 3
637 4
638 4
639 4
640 4
641 4
642 4
643 4
644 4
645 4
646 4
647 4
648 4
649 4
650 3
651 3
652 3
653 3
654 3
655 3
656 3
657 3
658 3
659 3
660 3
661 2
662 2
663 2
664 2
665 2
666 2
667 2
668 2
669 2
670 2
671 2
672 2
673 3
674 3
675 3
676 3
677 3
678 2
679 2
680 2
681 2
682 2
683 3
684 2
685 2
686 2
687 2
688 2
689 2
690 2
691 2
692 2
693 2
694 2
695 2
696 2
697 2
698 2
699 2
700 2
701 2
702 3
703 3
704 3
705 3
706 3
707 3
708 3
709 3
710 4
711 4
712 3
713 3
714 3
715 3
716 3
717 3
718 3
719 4
720 4
721 4
722 4
723 4
724 4
725 4
726 4
727 4
728 4
729 4
730 3
731 4
732 4
733 4
734 3
735 2
736 2
737 2
738 2
739 2
740 2
741 2
742 2
743 2
744 1
745 1
746 1
747 1
748 1
749 1
750 1
751 2
752 2
753 2
754 2
755 2
756 2
757 2
758 2
759 2
760 2
761 2
762 2
763 2
764 2
765 2
766 3
767 3
768 3
769 3
770 3
771 4
772 4
773 4
774 3
775 3
776 3
777 3
778 3
779 3
780 3
781 3
782 2
783 2
784 2
785 2
786 2
787 2
788 3
789 3
790 3
791 3
792 3
793 3
794 3
795 3
796 3
797 4
798 4
799 5
800 5
801 5
802 5
803 5
804 5
805 5
806 5
807 5
808 6
809 5
810 5
811 5
812 6
813 6
814 6
815 6
816 6
817 6
818 6
819 6
820 6
821 6
822 5
823 5
824 5
825 5
826 5
827 5
828 5
829 5
830 5
831 5
832 5
833 5
834 5
835 5
836 5
837 5
838 5
839 5
840 5
841 5
842 5
843 5
844 5
845 5
846 5
847 5
848 5
849 5
850 5
851 5
852 5
853 5
854 5
855 5
856 5
857 5
858 5
859 5
860 5
861 5
862 5
863 5
864 5
865 5
866 5
867 5
868 4
869 4
870 4
871 4
872 4
873 4
874 4
875 4
876 4
877 3
878 3
879 3
880 3
881 3
882 3
883 3
884 3
885 3
886 3
887 3
888 2
889 2
890 3
891 3
892 3
893 3
894 3
895 3
896 3
897 3
898 2
899 2
900 2
901 2
902 2
903 2
904 2
905 2
906 3
907 3
908 3
909 3
910 3
911 3
912 3
913 3
914 3
915 3
916 3
917 3
918 3
919 3
920 3
921 3
922 3
923 3
924 3
925 3
926 3
927 3
928 3
929 3
930 3
931 3
932 2
933 2
934 2
935 2
936 2
937 2
938 3
939 3
940 3
941 3
942 3
943 3
944 3
945 3
946 3
947 3
948 4
949 4
950 4
951 4
952 4
953 4
954 4
955 4
956 3
957 3
958 3
959 3
960 3
961 3
962 3
963 3
964 3
965 3
966 2
967 2
968 3
969 3
970 3
971 3
972 3
973 3
974 3
975 3
976 4
977 4
978 4
979 4
980 4
981 4
982 4
983 5
984 5
985 5
986 5
987 5
988 5
989 5
990 5
991 5
992 5
993 5
994 5
995 4
996 4
997 4
998 4
999 4
1000 4
