0 80
1 59
2 60
3 59
4 60
5 59
6 58
7 59
8 59
9 56
10 56
11 64
12 57
13 64
14 59
15 60
16 57
17 54
18 58
19 61
20 56
21 55
22 61
23 59
24 65
25 55
26 57
27 57
28 60
29 55
30 61
31 63
32 61
33 53
34 57
35 60
36 62
37 56
38 55
39 60
40 59
41 52
42 59
43 60
44 55
45 61
46 54
47 49
48 56
49 61
50 63
51 57
52 60
53 56
54 55
55 60
56 58
57 59
58 53
59 58
60 57
61 58
62 64
63 58
64 60
65 59
66 62
67 68
68 55
69 58
70 56
71 60
72 55
73 61
74 57
75 59
76 62
77 59
78 58
79 53
80 63
81 58
82 57
83 59
84 56
85 57
86 57
87 60
88 59
89 60
90 59
91 58
92 58
93 53
94 58
95 60
96 56
97 54
98 60
99 55
100 59
101 60
102 56
103 57
104 59
105 59
106 56
107 56
108 56
109 58
110 61
111 59
112 56
113 58
114 57
115 61
116 58
117 56
118 52
119 62
120 51
121 60
122 59
123 54
124 61
125 53
126 61
127 58
128 57
129 59
130 59
131 60
132 54
133 60
134 59
135 57
136 57
137 48
138 54
139 59
140 61
141 57
142 55
143 60
144 61
145 59
146 60
147 60
148 59
149 59
150 57
151 55
152 55
153 62
154 60
155 60
156 57
157 61
158 55
159 58
160 59
161 60
162 56
163 57
164 56
165 61
166 53
167 55
168 56
169 60
170 58
171 59
172 59
173 60
174 60
175 58
176 60
177 58
178 55
179 61
180 53
181 58
182 57
183 55
184 62
185 61
186 60
187 57
188 58
189 51
190 50
191 54
192 60
193 62
194 63
195 56
196 57
197 55
198 57
199 54
200 55
201 59
202 59
203 56
204 57
205 56
206 58
207 54
208 57
209 57
210 61
211 59
212 62
213 58
214 60
215 61
216 57
217 58
218 55
219 58
220 60
221 66
222 51
223 61
224 59
225 63
226 61
227 63
228 58
229 56
230 57
231 59
232 56
233 59
234 57
235 56
236 58
237 53
238 58
239 57
240 58
241 61
242 56
243 55
244 57
245 62
246 60
247 50
248 59
249 59
250 54
251 60
252 58
253 56
254 62
255 55
256 61
257 46
258 62
259 58
260 61
261 53
262 55
263 59
264 57
265 58
266 56
267 60
268 55
269 59
270 57
271 61
272 62
273 60
274 55
275 53
276 60
277 56
278 58
279 54
280 54
281 57
282 53
283 63
284 59
285 57
286 53
287 56
288 58
289 64
290 58
291 56
292 58
293 61
294 57
295 60
296 53
297 55
298 60
299 55
300 62
301 55
302 58
303 66
304 53
305 58
306 57
307 57
308 60
309 61
310 55
311 54
312 57
313 58
314 57
315 64
316 55
317 58
318 60
319 59
320 61
321 57
322 61
323 60
324 60
325 59
326 54
327 62
328 64
329 51
330 57
331 54
332 57
333 62
334 56
335 59
336 57
337 59
338 55
339 56
340 63
341 63
342 58
343 66
344 61
345 61
346 59
347 54
348 62
349 55
350 58
351 59
352 58
353 60
354 51
355 60
356 52
357 57
358 60
359 60
360 58
361 56
362 62
363 52
364 61
365 55
366 55
367 62
368 59
369 58
370 54
371 60
372 56
373 59
374 58
375 59
376 59
377 58
378 57
379 58
380 60
381 56
382 56
383 58
384 53
385 52
386 59
387 55
388 59
389 62
390 60
391 56
392 56
393 61
394 60
395 59
396 58
397 60
398 55
399 55
400 59
401 62
402 62
403 63
404 58
405 53
406 56
407 56
408 58
409 58
410 54
411 61
412 65
413 63
414 56
415 61
416 57
417 59
418 51
419 59
420 62
421 54
422 57
423 60
424 62
425 55
426 61
427 59
428 58
429 54
430 59
431 59
432 61
433 58
434 55
435 57
436 55
437 60
438 57
439 58
440 54
441 54
442 60
443 60
444 60
445 54
446 59
447 57
448 58
449 56
450 56
451 62
452 61
453 56
454 64
455 59
456 58
457 55
458 57
459 54
460 59
461 56
462 58
463 59
464 58
465 56
466 59
467 57
468 60
469 57
470 59
471 57
472 65
473 57
474 61
475 53
476 57
477 61
478 55
479 65
480 61
481 55
482 58
483 58
484 56
485 56
486 52
487 56
488 62
489 58
490 53
491 59
492 57
493 53
494 55
495 53
496 58
497 54
498 50
499 59
500 61
501 59
502 59
503 58
504 57
505 53
506 57
507 54
508 59
509 61
510 55
511 55
512 52
513 61
514 55
515 58
516 61
517 58
518 56
519 60
520 56
521 58
522 57
523 61
524 50
525 61
526 53
527 56
528 57
529 56
530 61
531 60
532 55
533 58
534 55
535 55
536 60
537 58
538 58
539 57
540 60
541 58
542 57
543 60
544 54
545 53
546 60
547 54
548 58
549 58
550 53
551 63
552 60
553 56
554 63
555 62
556 56
557 56
558 62
559 65
560 56
561 54
562 62
563 54
564 56
565 60
566 62
567 59
568 58
569 55
570 56
571 53
572 65
573 52
574 59
575 55
576 56
577 56
578 55
579 52
580 63
581 61
582 58
583 49
584 62
585 53
586 56
587 56
588 54
589 62
590 62
591 53
592 58
593 63
594 62
595 56
596 56
597 49
598 58
599 64
600 58
601 60
602 51
603 53
604 60
605 59
606 58
607 65
608 55
609 56
610 58
611 57
612 50
613 60
614 62
615 58
616 60
617 54
618 60
619 64
620 55
621 55
622 58
623 62
624 60
625 54
626 60
627 55
628 60
629 52
630 59
631 58
632 59
633 59
634 56
635 57
636 56
637 60
638 59
639 59
640 58
641 60
642 50
643 58
644 60
645 60
646 51
647 56
648 58
649 59
650 58
651 55
652 60
653 59
654 51
655 64
656 60
657 54
658 60
659 60
660 62
661 59
662 54
663 61
664 58
665 59
666 61
667 50
668 58
669 60
670 56
671 60
672 58
673 58
674 55
675 60
676 57
677 63
678 54
679 60
680 57
681 57
682 51
683 52
684 59
685 59
686 56
687 61
688 53
689 62
690 55
691 58
692 60
693 61
694 57
695 57
696 57
697 53
698 58
699 58
700 59
701 62
702 55
703 58
704 56
705 57
706 56
707 60
708 58
709 57
710 57
711 61
712 60
713 60
714 62
715 61
716 51
717 57
718 55
719 63
720 57
721 57
722 60
723 54
724 60
725 61
726 56
727 52
728 64
729 61
730 55
731 55
732 57
733 57
734 59
735 57
736 57
737 59
738 60
739 63
740 60
741 59
742 55
743 55
744 59
745 53
746 58
747 61
748 60
749 57
750 60
751 59
752 58
753 58
754 60
755 64
756 56
757 56
758 57
759 60
760 53
761 61
762 59
763 56
764 59
765 60
766 59
767 58
768 62
769 57
770 64
771 58
772 62
773 59
774 56
775 59
776 55
777 56
778 55
779 63
780 60
781 64
782 58
783 56
784 57
785 62
786 60
787 60
788 62
789 56
790 60
791 55
792 53
793 60
794 55
795 51
796 58
797 62
798 64
799 57
800 50
801 60
802 60
803 59
804 53
805 61
806 59
807 57
808 60
809 58
810 55
811 59
812 60
813 55
814 53
815 56
816 59
817 58
818 57
819 60
820 61
821 54
822 55
823 56
824 53
825 60
826 53
827 58
828 50
829 62
830 54
831 57
832 58
833 55
834 61
835 55
836 62
837 63
838 57
839 57
840 57
841 60
842 58
843 60
844 56
845 57
846 57
847 53
848 57
849 55
850 59
851 62
852 64
853 57
854 55
855 60
856 64
857 58
858 58
859 51
860 58
861 53
862 57
863 56
864 56
865 54
866 60
867 58
868 60
869 61
870 63
871 61
872 56
873 53
874 58
875 59
876 60
877 58
878 53
879 57
880 59
881 54
882 55
883 59
884 63
885 62
886 61
887 61
888 59
889 57
890 51
891 56
892 65
893 54
894 57
895 58
896 58
897 58
898 64
899 60
900 53
901 61
902 57
903 51
904 56
905 57
906 54
907 51
908 56
909 59
910 57
911 51
912 64
913 52
914 64
915 58
916 60
917 65
918 60
919 57
920 53
921 56
922 57
923 59
924 52
925 58
926 59
927 57
928 57
929 57
930 62
931 61
932 53
933 54
934 60
935 59
936 57
937 62
938 57
939 57
940 56
941 60
942 60
943 56
944 60
945 56
946 60
947 63
948 52
949 61
950 53
951 55
952 56
953 57
954 52
955 60
956 56
957 57
958 53
959 57
960 57
961 56
962 62
963 54
964 58
965 56
966 58
967 63
968 55
969 56
970 63
971 58
972 60
973 59
974 58
975 61
976 57
977 60
978 60
979 59
980 61
981 55
982 56
983 60
984 56
985 59
986 58
987 57
988 62
989 61
990 60
991 58
992 57
993 61
994 59
995 53
996 57
997 59
998 62
999 56
1000 63
