0 35
1 28
2 24
3 21
4 20
5 20
6 18
7 21
8 22
9 25
10 23
11 24
12 24
13 22
14 24
15 25
16 24
17 21
18 20
19 20
20 23
21 21
22 22
23 22
24 23
25 21
26 20
27 21
28 22
29 20
30 22
31 21
32 22
33 24
34 23
35 21
36 22
37 23
38 21
39 22
40 23
41 21
42 21
43 18
44 22
45 20
46 21
47 20
48 20
49 20
50 18
51 18
52 23
53 24
54 23
55 25
56 20
57 20
58 21
59 23
60 22
61 23
62 24
63 22
64 21
65 20
66 20
67 22
68 22
69 23
70 23
71 23
72 23
73 23
74 20
75 19
76 14
77 17
78 19
79 19
80 21
81 19
82 18
83 19
84 23
85 23
86 19
87 17
88 22
89 26
90 25
91 23
92 25
93 24
94 24
95 22
96 20
97 23
98 24
99 24
100 21
101 21
102 22
103 23
104 22
105 22
106 24
107 25
108 25
109 25
110 24
111 22
112 23
113 26
114 27
115 23
116 23
117 23
118 20
119 21
120 20
121 21
122 21
123 18
124 17
125 18
126 21
127 21
128 23
129 25
130 24
131 23
132 18
133 18
134 21
135 21
136 17
137 17
138 18
139 24
140 22
141 18
142 21
143 21
144 20
145 22
146 21
147 15
148 18
149 20
150 22
151 23
152 23
153 24
154 24
155 23
156 23
157 26
158 25
159 22
160 24
161 19
162 18
163 20
164 20
165 18
166 21
167 21
168 26
169 23
170 23
171 20
172 20
173 20
174 20
175 22
176 22
177 23
178 23
179 21
180 21
181 21
182 20
183 20
184 21
185 19
186 21
187 15
188 20
189 22
190 21
191 19
192 18
193 17
194 19
195 19
196 21
197 25
198 22
199 25
200 25
201 21
202 20
203 22
204 21
205 22
206 22
207 22
208 21
209 23
210 22
211 25
212 24
213 25
214 26
215 24
216 24
217 22
218 19
219 21
220 22
221 20
222 25
223 21
224 23
225 20
226 19
227 18
228 18
229 20
230 21
231 22
232 23
233 22
234 23
235 19
236 19
237 23
238 23
239 23
240 21
241 20
242 21
243 24
244 20
245 21
246 22
247 23
248 22
249 23
250 22
251 25
252 24
253 26
254 21
255 20
256 19
257 21
258 22
259 23
260 21
261 24
262 25
263 25
264 22
265 22
266 20
267 23
268 24
269 24
270 24
271 23
272 22
273 23
274 22
275 23
276 24
277 19
278 21
279 20
280 17
281 22
282 19
283 22
284 19
285 17
286 20
287 19
288 20
289 19
290 17
291 19
292 21
293 22
294 23
295 20
296 23
297 23
298 21
299 23
300 22
301 22
302 25
303 23
304 20
305 22
306 23
307 23
308 21
309 21
310 20
311 20
312 20
313 21
314 20
315 20
316 21
317 21
318 23
319 23
320 23
321 23
322 23
323 23
324 24
325 23
326 22
327 20
328 22
329 23
330 21
331 21
332 21
333 19
334 18
335 21
336 20
337 21
338 23
339 20
340 22
341 19
342 21
343 23
344 18
345 17
346 22
347 20
348 19
349 17
350 21
351 21
352 20
353 23
354 25
355 23
356 23
357 23
358 23
359 23
360 21
361 21
362 20
363 23
364 21
365 20
366 23
367 22
368 19
369 20
370 20
371 21
372 19
373 19
374 18
375 16
376 19
377 22
378 17
379 18
380 21
381 19
382 18
383 24
384 23
385 24
386 23
387 23
388 21
389 23
390 22
391 22
392 22
393 21
394 19
395 20
396 21
397 21
398 20
399 21
400 21
401 22
402 24
403 23
404 25
405 20
406 19
407 19
408 22
409 23
410 25
411 24
412 22
413 23
414 21
415 23
416 20
417 23
418 20
419 20
420 22
421 21
422 21
423 21
424 21
425 20
426 19
427 22
428 22
429 22
430 21
431 23
432 24
433 23
434 24
435 25
436 24
437 21
438 24
439 20
440 21
441 19
442 22
443 21
444 21
445 19
446 21
447 23
448 21
449 20
450 19
451 19
452 19
453 19
454 21
455 20
456 22
457 19
458 21
459 21
460 19
461 20
462 23
463 21
464 22
465 20
466 21
467 21
468 21
469 22
470 22
471 22
472 24
473 22
474 23
475 21
476 20
477 22
478 22
479 24
480 24
481 24
482 24
483 24
484 23
485 22
486 23
487 22
488 24
489 25
490 24
491 19
492 21
493 21
494 21
495 21
496 23
497 20
498 22
499 23
500 25
501 23
502 21
503 19
504 20
505 20
506 21
507 22
508 21
509 23
510 22
511 23
512 22
513 24
514 25
515 24
516 23
517 25
518 23
519 24
520 22
521 22
522 23
523 22
524 21
525 21
526 25
527 21
528 21
529 21
530 20
531 23
532 23
533 23
534 25
535 23
536 23
537 20
538 23
539 21
540 20
541 21
542 23
543 24
544 23
545 25
546 22
547 21
548 21
549 20
550 24
551 22
552 21
553 26
554 24
555 22
556 17
557 19
558 20
559 21
560 22
561 23
562 22
563 23
564 20
565 21
566 23
567 22
568 26
569 21
570 23
571 25
572 25
573 25
574 26
575 24
576 23
577 20
578 21
579 22
580 19
581 21
582 17
583 20
584 21
585 22
586 21
587 21
588 20
589 19
590 20
591 20
592 21
593 22
594 22
595 20
596 18
597 19
598 21
599 19
600 20
601 21
602 18
603 18
604 19
605 18
606 21
607 20
608 22
609 23
610 24
611 22
612 21
613 19
614 21
615 22
616 26
617 25
618 20
619 21
620 21
621 19
622 21
623 21
624 19
625 21
626 23
627 23
628 22
629 23
630 20
631 20
632 19
633 23
634 23
635 24
636 23
637 24
638 24
639 25
640 24
641 23
642 20
643 18
644 18
645 20
646 22
647 22
648 23
649 25
650 23
651 23
652 21
653 21
654 22
655 24
656 25
657 24
658 24
659 24
660 22
661 22
662 23
663 21
664 19
665 20
666 23
667 21
668 20
669 23
670 24
671 22
672 20
673 20
674 20
675 23
676 24
677 23
678 23
679 26
680 25
681 23
682 20
683 23
684 22
685 21
686 25
687 24
688 18
689 16
690 21
691 22
692 21
693 20
694 23
695 23
696 22
697 21
698 19
699 20
700 20
701 19
702 22
703 22
704 21
705 21
706 20
707 21
708 23
709 23
710 23
711 21
712 23
713 24
714 20
715 21
716 22
717 22
718 23
719 22
720 18
721 15
722 19
723 20
724 21
725 24
726 23
727 21
728 21
729 23
730 23
731 22
732 23
733 24
734 22
735 18
736 23
737 23
738 25
739 23
740 24
741 22
742 23
743 25
744 24
745 23
746 20
747 16
748 19
749 20
750 20
751 24
752 24
753 23
754 20
755 21
756 22
757 22
758 23
759 22
760 21
761 25
762 24
763 25
764 21
765 22
766 22
767 21
768 22
769 18
770 18
771 20
772 23
773 24
774 24
775 21
776 20
777 21
778 22
779 19
780 18
781 19
782 19
783 21
784 21
785 22
786 21
787 20
788 22
789 23
790 23
791 26
792 25
793 26
794 25
795 25
796 23
797 21
798 22
799 20
800 23
801 25
802 23
803 21
804 20
805 20
806 23
807 23
808 21
809 21
810 22
811 19
812 23
813 22
814 24
815 23
816 23
817 22
818 20
819 20
820 21
821 23
822 20
823 18
824 22
825 22
826 23
827 25
828 23
829 23
830 24
831 23
832 25
833 26
834 25
835 23
836 22
837 22
838 23
839 23
840 22
841 20
842 20
843 21
844 22
845 24
846 21
847 24
848 22
849 23
850 20
851 21
852 23
853 23
854 23
855 23
856 23
857 21
858 20
859 23
860 24
861 23
862 22
863 23
864 20
865 23
866 22
867 23
868 23
869 20
870 21
871 21
872 20
873 21
874 21
875 21
876 23
877 24
878 24
879 23
880 24
881 24
882 26
883 23
884 22
885 20
886 20
887 21
888 21
889 17
890 21
891 17
892 19
893 19
894 19
895 22
896 19
897 22
898 24
899 23
900 20
901 22
902 25
903 25
904 26
905 24
906 25
907 20
908 21
909 22
910 24
911 27
912 25
913 22
914 19
915 18
916 21
917 18
918 20
919 17
920 17
921 19
922 19
923 22
924 20
925 19
926 19
927 21
928 23
929 24
930 26
931 24
932 23
933 21
934 21
935 18
936 20
937 23
938 21
939 21
940 23
941 23
942 22
943 23
944 21
945 19
946 18
947 21
948 20
949 21
950 22
951 22
952 21
953 19
954 16
955 20
956 21
957 23
958 20
959 18
960 23
961 21
962 18
963 17
964 20
965 21
966 21
967 20
968 22
969 22
970 23
971 24
972 22
973 25
974 26
975 17
976 16
977 20
978 23
979 19
980 22
981 23
982 23
983 24
984 24
985 25
986 26
987 23
988 24
989 25
990 19
991 19
992 19
993 20
994 22
995 23
996 18
997 21
998 18
999 22
1000 21
