0 10
1 6
2 6
3 2
4 7
5 7
6 5
7 6
8 5
9 4
10 7
11 5
12 5
13 7
14 4
15 6
16 5
17 5
18 5
19 4
20 4
21 7
22 4
23 7
24 5
25 4
26 5
27 6
28 5
29 6
30 4
31 6
32 5
33 6
34 5
35 6
36 5
37 5
38 7
39 5
40 5
41 6
42 6
43 6
44 7
45 6
46 6
47 6
48 7
49 5
50 6
51 6
52 5
53 7
54 7
55 6
56 6
57 6
58 7
59 4
60 5
61 5
62 7
63 4
64 6
65 5
66 6
67 5
68 4
69 6
70 6
71 4
72 5
73 6
74 6
75 6
76 4
77 6
78 4
79 5
80 6
81 5
82 3
83 7
84 6
85 6
86 6
87 4
88 6
89 5
90 6
91 6
92 6
93 6
94 4
95 5
96 7
97 6
98 6
99 6
100 6
101 6
102 5
103 5
104 4
105 7
106 7
107 6
108 5
109 5
110 4
111 5
112 6
113 5
114 4
115 6
116 6
117 5
118 5
119 4
120 5
121 5
122 7
123 5
124 7
125 5
126 6
127 6
128 6
129 3
130 6
131 7
132 7
133 4
134 6
135 5
136 6
137 7
138 8
139 6
140 5
141 6
142 7
143 5
144 4
145 5
146 6
147 5
148 6
149 5
150 5
151 5
152 6
153 6
154 7
155 5
156 6
157 4
158 7
159 6
160 6
161 5
162 4
163 6
164 6
165 5
166 4
167 5
168 6
169 5
170 5
171 3
172 5
173 5
174 4
175 3
176 6
177 5
178 3
179 4
180 4
181 6
182 6
183 5
184 4
185 4
186 7
187 5
188 5
189 3
190 6
191 5
192 6
193 5
194 7
195 5
196 5
197 6
198 5
199 5
200 7
201 5
202 7
203 5
204 5
205 7
206 5
207 7
208 6
209 5
210 4
211 7
212 5
213 5
214 5
215 7
216 5
217 6
218 5
219 5
220 6
221 5
222 4
223 4
224 6
225 5
226 6
227 5
228 5
229 6
230 5
231 6
232 6
233 5
234 5
235 5
236 3
237 7
238 6
239 5
240 6
241 5
242 6
243 6
244 7
245 4
246 6
247 7
248 5
249 7
250 6
251 5
252 7
253 7
254 6
255 5
256 7
257 5
258 7
259 6
260 4
261 7
262 5
263 5
264 5
265 5
266 5
267 6
268 6
269 6
270 6
271 7
272 5
273 5
274 5
275 6
276 7
277 6
278 7
279 6
280 7
281 5
282 6
283 5
284 6
285 6
286 5
287 6
288 6
289 6
290 6
291 5
292 4
293 5
294 6
295 6
296 5
297 5
298 6
299 6
300 5
301 5
302 5
303 4
304 4
305 6
306 5
307 6
308 5
309 5
310 6
311 5
312 7
313 5
314 5
315 6
316 5
317 5
318 5
319 4
320 5
321 6
322 6
323 5
324 6
325 5
326 7
327 6
328 6
329 6
330 6
331 5
332 7
333 3
334 6
335 6
336 5
337 4
338 4
339 7
340 5
341 6
342 5
343 6
344 5
345 6
346 4
347 4
348 6
349 6
350 7
351 7
352 4
353 3
354 5
355 6
356 6
357 6
358 6
359 6
360 7
361 6
362 6
363 6
364 5
365 5
366 6
367 7
368 4
369 6
370 4
371 2
372 5
373 5
374 6
375 6
376 6
377 7
378 6
379 6
380 6
381 6
382 5
383 6
384 6
385 7
386 4
387 6
388 5
389 5
390 6
391 6
392 4
393 4
394 5
395 6
396 5
397 7
398 6
399 5
400 4
401 6
402 4
403 5
404 5
405 6
406 5
407 7
408 4
409 4
410 6
411 6
412 6
413 5
414 5
415 6
416 5
417 6
418 4
419 5
420 7
421 5
422 6
423 5
424 5
425 7
426 6
427 4
428 6
429 6
430 6
431 4
432 6
433 6
434 6
435 4
436 6
437 6
438 3
439 6
440 6
441 5
442 5
443 7
444 4
445 6
446 7
447 5
448 5
449 6
450 6
451 4
452 5
453 4
454 5
455 6
456 7
457 6
458 7
459 5
460 4
461 5
462 6
463 6
464 6
465 5
466 6
467 4
468 5
469 7
470 4
471 6
472 5
473 6
474 5
475 7
476 5
477 5
478 6
479 7
480 4
481 4
482 5
483 5
484 5
485 5
486 4
487 7
488 6
489 5
490 6
491 6
492 6
493 6
494 6
495 6
496 6
497 3
498 6
499 6
500 5
501 4
502 6
503 4
504 6
505 7
506 6
507 6
508 6
509 7
510 6
511 6
512 6
513 6
514 6
515 6
516 6
517 4
518 6
519 5
520 4
521 5
522 5
523 5
524 6
525 5
526 7
527 6
528 5
529 5
530 5
531 7
532 6
533 4
534 5
535 6
536 5
537 6
538 4
539 5
540 7
541 6
542 6
543 5
544 7
545 6
546 5
547 6
548 5
549 6
550 4
551 5
552 5
553 4
554 6
555 6
556 6
557 5
558 6
559 6
560 3
561 5
562 3
563 6
564 5
565 5
566 6
567 6
568 5
569 6
570 5
571 6
572 6
573 5
574 6
575 6
576 6
577 6
578 4
579 4
580 7
581 6
582 6
583 6
584 6
585 4
586 3
587 6
588 6
589 4
590 5
591 4
592 4
593 6
594 5
595 5
596 6
597 5
598 6
599 6
600 6
601 6
602 5
603 5
604 6
605 4
606 7
607 6
608 6
609 6
610 6
611 5
612 6
613 6
614 6
615 6
616 6
617 6
618 6
619 6
620 6
621 7
622 5
623 6
624 6
625 6
626 5
627 5
628 5
629 5
630 6
631 5
632 6
633 5
634 5
635 5
636 6
637 5
638 6
639 5
640 6
641 6
642 8
643 5
644 6
645 7
646 4
647 6
648 4
649 6
650 5
651 3
652 6
653 6
654 3
655 4
656 6
657 7
658 5
659 7
660 5
661 5
662 6
663 6
664 6
665 6
666 6
667 6
668 5
669 6
670 6
671 6
672 5
673 7
674 4
675 4
676 6
677 5
678 4
679 6
680 5
681 4
682 5
683 5
684 5
685 5
686 6
687 6
688 6
689 6
690 5
691 5
692 5
693 5
694 6
695 6
696 4
697 7
698 4
699 7
700 6
701 5
702 5
703 4
704 6
705 5
706 6
707 6
708 6
709 6
710 5
711 6
712 6
713 4
714 6
715 6
716 6
717 6
718 6
719 5
720 6
721 7
722 4
723 6
724 4
725 6
726 6
727 6
728 7
729 5
730 5
731 6
732 6
733 6
734 6
735 5
736 6
737 5
738 6
739 5
740 4
741 6
742 4
743 4
744 5
745 6
746 8
747 7
748 5
749 6
750 7
751 7
752 7
753 4
754 6
755 6
756 3
757 5
758 5
759 6
760 6
761 5
762 5
763 5
764 6
765 6
766 4
767 5
768 6
769 6
770 6
771 6
772 6
773 6
774 6
775 6
776 5
777 5
778 8
779 6
780 5
781 5
782 5
783 5
784 7
785 7
786 4
787 5
788 5
789 7
790 5
791 6
792 7
793 6
794 4
795 4
796 5
797 6
798 6
799 5
800 4
801 6
802 3
803 6
804 6
805 7
806 5
807 5
808 5
809 5
810 5
811 5
812 5
813 6
814 5
815 6
816 7
817 4
818 6
819 6
820 6
821 7
822 6
823 5
824 5
825 5
826 6
827 5
828 6
829 6
830 6
831 5
832 7
833 7
834 7
835 7
836 5
837 5
838 6
839 4
840 5
841 5
842 4
843 6
844 3
845 5
846 7
847 5
848 6
849 5
850 4
851 5
852 7
853 6
854 7
855 5
856 6
857 5
858 5
859 5
860 5
861 6
862 6
863 7
864 4
865 5
866 4
867 5
868 5
869 6
870 6
871 6
872 5
873 6
874 5
875 5
876 6
877 6
878 6
879 7
880 5
881 6
882 4
883 5
884 5
885 6
886 7
887 5
888 4
889 6
890 5
891 6
892 5
893 5
894 3
895 6
896 6
897 5
898 4
899 6
900 5
901 7
902 6
903 6
904 5
905 7
906 5
907 6
908 5
909 5
910 6
911 4
912 7
913 5
914 5
915 5
916 7
917 6
918 5
919 5
920 4
921 5
922 4
923 4
924 7
925 5
926 5
927 5
928 5
929 7
930 6
931 7
932 7
933 6
934 6
935 6
936 5
937 5
938 5
939 6
940 5
941 5
942 5
943 4
944 6
945 5
946 6
947 5
948 6
949 5
950 4
951 5
952 5
953 6
954 6
955 4
956 6
957 6
958 6
959 6
960 5
961 6
962 6
963 5
964 5
965 5
966 6
967 7
968 5
969 5
970 5
971 3
972 5
973 5
974 4
975 6
976 7
977 6
978 4
979 7
980 5
981 3
982 6
983 6
984 4
985 5
986 6
987 6
988 5
989 3
990 7
991 6
992 5
993 5
994 7
995 5
996 7
997 4
998 7
999 6
1000 7
