0 35
1 31
2 28
3 26
4 25
5 24
6 24
7 26
8 26
9 24
10 23
11 26
12 26
13 26
14 26
15 22
16 24
17 21
18 24
19 26
20 26
21 24
22 22
23 23
24 23
25 25
26 25
27 23
28 26
29 28
30 24
31 22
32 22
33 25
34 25
35 23
36 23
37 22
38 25
39 23
40 22
41 20
42 21
43 23
44 23
45 22
46 24
47 24
48 28
49 25
50 26
51 26
52 25
53 24
54 23
55 23
56 26
57 25
58 25
59 25
60 23
61 20
62 18
63 22
64 23
65 25
66 24
67 27
68 27
69 27
70 25
71 25
72 24
73 25
74 23
75 22
76 24
77 24
78 23
79 24
80 24
81 25
82 24
83 24
84 26
85 28
86 26
87 22
88 21
89 22
90 24
91 23
92 23
93 24
94 23
95 24
96 24
97 24
98 26
99 27
100 23
101 24
102 25
103 25
104 25
105 25
106 25
107 24
108 23
109 22
110 23
111 24
112 23
113 22
114 23
115 21
116 20
117 23
118 20
119 22
120 23
121 22
122 24
123 23
124 20
125 18
126 19
127 21
128 24
129 24
130 22
131 23
132 22
133 24
134 23
135 22
136 23
137 24
138 24
139 24
140 24
141 21
142 20
143 20
144 19
145 18
146 18
147 18
148 14
149 15
150 16
151 18
152 18
153 21
154 24
155 25
156 25
157 25
158 22
159 22
160 23
161 25
162 25
163 24
164 25
165 23
166 21
167 20
168 23
169 21
170 22
171 21
172 21
173 22
174 22
175 19
176 20
177 18
178 20
179 20
180 24
181 25
182 26
183 26
184 26
185 25
186 27
187 27
188 27
189 27
190 26
191 25
192 24
193 27
194 27
195 24
196 22
197 21
198 20
199 21
200 21
201 23
202 25
203 25
204 23
205 24
206 26
207 24
208 24
209 26
210 25
211 24
212 25
213 25
214 26
215 26
216 25
217 23
218 24
219 23
220 23
221 24
222 23
223 24
224 26
225 25
226 25
227 24
228 24
229 23
230 22
231 22
232 23
233 22
234 24
235 24
236 24
237 22
238 23
239 24
240 23
241 22
242 24
243 24
244 24
245 25
246 26
247 23
248 21
249 26
250 28
251 25
252 25
253 26
254 27
255 25
256 25
257 26
258 28
259 22
260 20
261 18
262 21
263 24
264 24
265 24
266 23
267 23
268 21
269 24
270 21
271 21
272 20
273 21
274 22
275 22
276 20
277 20
278 21
279 23
280 21
281 23
282 20
283 22
284 22
285 22
286 22
287 20
288 22
289 21
290 22
291 22
292 23
293 23
294 22
295 22
296 21
297 23
298 25
299 24
300 23
301 21
302 24
303 24
304 24
305 23
306 23
307 25
308 26
309 25
310 23
311 25
312 27
313 27
314 26
315 23
316 23
317 24
318 27
319 28
320 25
321 25
322 27
323 27
324 27
325 24
326 24
327 22
328 21
329 20
330 21
331 22
332 23
333 24
334 25
335 22
336 24
337 22
338 22
339 22
340 23
341 23
342 22
343 23
344 20
345 20
346 23
347 25
348 24
349 23
350 24
351 23
352 22
353 24
354 22
355 22
356 20
357 24
358 23
359 23
360 22
361 22
362 22
363 21
364 21
365 20
366 20
367 18
368 17
369 18
370 20
371 21
372 21
373 22
374 20
375 19
376 20
377 22
378 23
379 22
380 20
381 21
382 20
383 20
384 19
385 19
386 20
387 21
388 20
389 21
390 21
391 21
392 20
393 19
394 19
395 20
396 23
397 22
398 20
399 20
400 23
401 23
402 23
403 21
404 19
405 19
406 19
407 21
408 22
409 21
410 20
411 21
412 22
413 20
414 18
415 20
416 21
417 21
418 20
419 20
420 20
421 23
422 25
423 25
424 25
425 25
426 24
427 25
428 26
429 26
430 24
431 24
432 26
433 26
434 26
435 26
436 26
437 26
438 26
439 27
440 25
441 26
442 22
443 18
444 17
445 17
446 16
447 17
448 19
449 21
450 21
451 21
452 21
453 22
454 18
455 22
456 22
457 22
458 22
459 22
460 23
461 26
462 26
463 25
464 25
465 23
466 21
467 22
468 23
469 22
470 22
471 23
472 20
473 21
474 23
475 25
476 24
477 24
478 25
479 25
480 26
481 26
482 25
483 24
484 24
485 26
486 25
487 25
488 24
489 24
490 23
491 25
492 22
493 19
494 21
495 22
496 23
497 23
498 23
499 22
500 24
501 25
502 25
503 24
504 25
505 21
506 21
507 20
508 21
509 23
510 23
511 20
512 20
513 20
514 19
515 21
516 21
517 22
518 23
519 26
520 25
521 27
522 26
523 27
524 26
525 24
526 20
527 22
528 17
529 19
530 20
531 23
532 26
533 27
534 26
535 25
536 24
537 24
538 22
539 22
540 21
541 18
542 18
543 21
544 22
545 23
546 25
547 25
548 25
549 25
550 25
551 26
552 25
553 26
554 25
555 24
556 23
557 24
558 24
559 24
560 22
561 21
562 23
563 21
564 25
565 25
566 27
567 23
568 19
569 22
570 22
571 23
572 24
573 23
574 19
575 19
576 23
577 21
578 21
579 21
580 23
581 23
582 24
583 22
584 25
585 26
586 27
587 26
588 25
589 20
590 20
591 22
592 24
593 25
594 23
595 23
596 23
597 20
598 20
599 19
600 19
601 23
602 23
603 24
604 24
605 24
606 22
607 22
608 21
609 20
610 21
611 21
612 23
613 22
614 21
615 22
616 20
617 22
618 20
619 21
620 20
621 22
622 24
623 22
624 18
625 19
626 19
627 21
628 24
629 26
630 25
631 24
632 22
633 22
634 24
635 21
636 18
637 20
638 21
639 23
640 24
641 21
642 24
643 25
644 25
645 24
646 24
647 25
648 23
649 24
650 27
651 28
652 25
653 24
654 22
655 23
656 22
657 20
658 22
659 23
660 24
661 24
662 25
663 28
664 24
665 24
666 25
667 24
668 21
669 21
670 22
671 25
672 27
673 25
674 25
675 20
676 23
677 25
678 26
679 24
680 21
681 21
682 21
683 23
684 25
685 26
686 25
687 26
688 26
689 28
690 26
691 26
692 24
693 23
694 22
695 23
696 20
697 22
698 22
699 21
700 22
701 20
702 20
703 21
704 21
705 23
706 22
707 22
708 23
709 20
710 21
711 22
712 22
713 22
714 21
715 20
716 21
717 17
718 20
719 21
720 24
721 26
722 27
723 24
724 24
725 23
726 23
727 22
728 21
729 18
730 20
731 22
732 21
733 22
734 22
735 24
736 22
737 23
738 21
739 20
740 22
741 25
742 22
743 21
744 19
745 17
746 16
747 16
748 18
749 21
750 22
751 21
752 21
753 22
754 25
755 24
756 24
757 25
758 25
759 25
760 24
761 24
762 20
763 19
764 18
765 17
766 17
767 18
768 22
769 21
770 18
771 19
772 19
773 21
774 20
775 20
776 20
777 22
778 21
779 21
780 20
781 21
782 23
783 23
784 25
785 25
786 23
787 24
788 25
789 25
790 21
791 23
792 22
793 24
794 25
795 23
796 23
797 25
798 26
799 24
800 24
801 25
802 23
803 23
804 24
805 22
806 21
807 21
808 18
809 21
810 23
811 26
812 26
813 27
814 27
815 25
816 23
817 20
818 22
819 22
820 23
821 24
822 23
823 24
824 24
825 23
826 22
827 21
828 22
829 24
830 25
831 25
832 26
833 27
834 25
835 23
836 23
837 24
838 24
839 23
840 22
841 23
842 21
843 21
844 22
845 22
846 24
847 26
848 24
849 21
850 19
851 20
852 21
853 21
854 23
855 21
856 19
857 20
858 23
859 23
860 24
861 24
862 22
863 23
864 24
865 25
866 26
867 23
868 21
869 23
870 19
871 20
872 21
873 23
874 20
875 20
876 18
877 16
878 14
879 16
880 17
881 18
882 17
883 19
884 20
885 20
886 21
887 22
888 22
889 23
890 25
891 25
892 25
893 25
894 25
895 24
896 25
897 27
898 26
899 24
900 24
901 23
902 23
903 23
904 22
905 24
906 27
907 27
908 25
909 24
910 23
911 23
912 23
913 23
914 23
915 23
916 25
917 23
918 24
919 24
920 24
921 26
922 27
923 29
924 23
925 26
926 23
927 22
928 22
929 23
930 21
931 23
932 24
933 23
934 25
935 25
936 24
937 23
938 25
939 23
940 21
941 22
942 25
943 22
944 22
945 24
946 24
947 24
948 23
949 25
950 26
951 25
952 22
953 23
954 21
955 20
956 20
957 19
958 21
959 23
960 24
961 24
962 27
963 25
964 23
965 22
966 24
967 22
968 22
969 23
970 23
971 24
972 21
973 19
974 19
975 20
976 19
977 21
978 23
979 22
980 22
981 21
982 22
983 25
984 25
985 26
986 25
987 26
988 23
989 21
990 19
991 22
992 21
993 21
994 21
995 21
996 23
997 24
998 25
999 23
1000 23
