0 85
1 84
2 80
3 79
4 79
5 78
6 76
7 75
8 74
9 73
10 73
11 71
12 70
13 69
14 68
15 67
16 65
17 65
18 65
19 65
20 63
21 61
22 60
23 60
24 60
25 61
26 60
27 60
28 61
29 59
30 57
31 57
32 55
33 54
34 54
35 53
36 53
37 50
38 49
39 50
40 50
41 50
42 47
43 48
44 48
45 50
46 50
47 50
48 50
49 51
50 52
51 51
52 51
53 51
54 52
55 51
56 52
57 52
58 52
59 53
60 53
61 52
62 51
63 50
64 49
65 49
66 48
67 49
68 49
69 47
70 47
71 46
72 46
73 46
74 47
75 47
76 47
77 46
78 45
79 45
80 44
81 45
82 45
83 46
84 47
85 47
86 47
87 46
88 46
89 46
90 45
91 44
92 44
93 43
94 43
95 41
96 42
97 41
98 41
99 41
100 43
101 43
102 41
103 42
104 42
105 43
106 41
107 41
108 41
109 42
110 43
111 43
112 44
113 45
114 45
115 45
116 46
117 46
118 46
119 47
120 46
121 45
122 44
123 43
124 41
125 41
126 42
127 42
128 42
129 42
130 42
131 42
132 43
133 46
134 47
135 47
136 47
137 47
138 48
139 48
140 47
141 45
142 46
143 43
144 43
145 43
146 43
147 43
148 44
149 43
150 42
151 42
152 43
153 43
154 45
155 45
156 46
157 46
158 47
159 47
160 47
161 48
162 48
163 46
164 47
165 46
166 47
167 46
168 46
169 44
170 43
171 44
172 45
173 46
174 46
175 47
176 49
177 50
178 50
179 50
180 51
181 50
182 49
183 48
184 48
185 47
186 47
187 45
188 46
189 47
190 47
191 49
192 48
193 47
194 47
195 46
196 47
197 47
198 48
199 50
200 49
201 51
202 50
203 50
204 51
205 54
206 53
207 54
208 54
209 50
210 50
211 51
212 52
213 51
214 51
215 51
216 52
217 52
218 52
219 51
220 50
221 50
222 50
223 50
224 49
225 49
226 49
227 50
228 49
229 48
230 49
231 51
232 51
233 50
234 50
235 50
236 52
237 51
238 51
239 52
240 51
241 51
242 49
243 50
244 50
245 53
246 52
247 52
248 52
249 52
250 52
251 52
252 52
253 54
254 55
255 55
256 53
257 53
258 52
259 52
260 52
261 53
262 53
263 54
264 54
265 53
266 52
267 52
268 52
269 52
270 51
271 51
272 50
273 50
274 50
275 48
276 48
277 50
278 49
279 49
280 49
281 49
282 48
283 48
284 49
285 48
286 48
287 47
288 47
289 48
290 48
291 48
292 48
293 48
294 50
295 48
296 47
297 48
298 49
299 48
300 47
301 49
302 50
303 51
304 49
305 49
306 48
307 48
308 49
309 50
310 49
311 50
312 50
313 50
314 50
315 49
316 50
317 48
318 48
319 48
320 47
321 46
322 47
323 48
324 47
325 47
326 48
327 48
328 47
329 48
330 47
331 48
332 47
333 47
334 48
335 47
336 48
337 48
338 46
339 46
340 48
341 48
342 45
343 45
344 45
345 46
346 44
347 41
348 41
349 41
350 39
351 41
352 41
353 42
354 43
355 42
356 44
357 43
358 44
359 44
360 44
361 45
362 44
363 41
364 43
365 42
366 43
367 44
368 44
369 44
370 43
371 43
372 44
373 44
374 45
375 43
376 42
377 43
378 43
379 44
380 44
381 44
382 46
383 46
384 46
385 47
386 47
387 49
388 49
389 49
390 47
391 47
392 47
393 46
394 46
395 47
396 48
397 48
398 49
399 49
400 49
401 49
402 48
403 49
404 49
405 50
406 49
407 49
408 48
409 47
410 46
411 46
412 48
413 47
414 48
415 49
416 49
417 50
418 49
419 48
420 48
421 48
422 49
423 49
424 49
425 48
426 48
427 48
428 48
429 49
430 49
431 49
432 50
433 49
434 52
435 53
436 55
437 55
438 53
439 52
440 53
441 52
442 51
443 51
444 51
445 51
446 50
447 50
448 49
449 52
450 51
451 50
452 50
453 51
454 51
455 50
456 51
457 52
458 50
459 50
460 49
461 50
462 51
463 51
464 50
465 51
466 50
467 50
468 49
469 50
470 49
471 48
472 47
473 46
474 45
475 43
476 43
477 44
478 44
479 43
480 43
481 43
482 43
483 43
484 43
485 42
486 41
487 43
488 45
489 46
490 47
491 48
492 45
493 45
494 45
495 46
496 46
497 46
498 46
499 47
500 45
501 45
502 46
503 45
504 45
505 44
506 44
507 43
508 43
509 41
510 41
511 41
512 39
513 38
514 38
515 37
516 37
517 37
518 38
519 38
520 41
521 42
522 43
523 43
524 44
525 44
526 44
527 45
528 46
529 47
530 48
531 48
532 48
533 47
534 47
535 48
536 46
537 46
538 47
539 48
540 48
541 48
542 49
543 50
544 51
545 52
546 49
547 49
548 49
549 49
550 47
551 47
552 47
553 48
554 47
555 47
556 47
557 46
558 46
559 46
560 46
561 46
562 45
563 44
564 45
565 45
566 45
567 45
568 46
569 45
570 47
571 49
572 48
573 49
574 50
575 49
576 48
577 48
578 46
579 45
580 45
581 44
582 44
583 44
584 43
585 43
586 42
587 42
588 42
589 42
590 42
591 42
592 43
593 43
594 43
595 43
596 43
597 43
598 44
599 45
600 46
601 47
602 48
603 48
604 48
605 46
606 46
607 47
608 46
609 47
610 48
611 47
612 47
613 47
614 47
615 47
616 48
617 48
618 50
619 49
620 48
621 48
622 47
623 46
624 46
625 47
626 48
627 48
628 49
629 49
630 48
631 48
632 50
633 50
634 49
635 50
636 50
637 50
638 50
639 50
640 50
641 50
642 49
643 48
644 48
645 49
646 49
647 49
648 49
649 49
650 49
651 49
652 49
653 49
654 50
655 50
656 48
657 48
658 48
659 48
660 48
661 47
662 47
663 47
664 47
665 47
666 46
667 46
668 46
669 44
670 44
671 44
672 45
673 46
674 46
675 46
676 44
677 43
678 44
679 44
680 47
681 47
682 47
683 47
684 49
685 50
686 50
687 49
688 50
689 49
690 50
691 49
692 48
693 48
694 47
695 48
696 48
697 49
698 47
699 46
700 45
701 44
702 45
703 44
704 46
705 46
706 46
707 46
708 47
709 47
710 48
711 48
712 50
713 50
714 49
715 50
716 50
717 49
718 51
719 51
720 51
721 49
722 50
723 49
724 48
725 48
726 49
727 49
728 50
729 50
730 49
731 48
732 47
733 49
734 48
735 49
736 49
737 49
738 48
739 49
740 49
741 51
742 51
743 53
744 52
745 51
746 51
747 48
748 48
749 49
750 48
751 46
752 45
753 45
754 45
755 46
756 46
757 47
758 47
759 48
760 48
761 49
762 48
763 45
764 45
765 45
766 44
767 43
768 42
769 41
770 41
771 42
772 41
773 42
774 42
775 42
776 42
777 42
778 42
779 42
780 40
781 41
782 42
783 42
784 42
785 43
786 43
787 43
788 41
789 42
790 42
791 42
792 43
793 44
794 43
795 44
796 43
797 43
798 44
799 44
800 43
801 44
802 46
803 46
804 46
805 45
806 46
807 46
808 45
809 45
810 45
811 46
812 44
813 44
814 44
815 44
816 43
817 43
818 44
819 45
820 45
821 44
822 44
823 43
824 42
825 41
826 41
827 42
828 44
829 47
830 48
831 45
832 43
833 43
834 44
835 44
836 45
837 46
838 47
839 48
840 47
841 48
842 48
843 47
844 48
845 46
846 46
847 47
848 47
849 46
850 45
851 44
852 44
853 44
854 43
855 44
856 44
857 43
858 44
859 44
860 45
861 46
862 46
863 45
864 46
865 45
866 46
867 45
868 44
869 45
870 45
871 45
872 46
873 46
874 45
875 47
876 47
877 48
878 48
879 48
880 48
881 49
882 48
883 48
884 49
885 51
886 53
887 53
888 52
889 52
890 51
891 51
892 52
893 52
894 52
895 52
896 52
897 52
898 52
899 51
900 51
901 50
902 50
903 50
904 50
905 49
906 49
907 49
908 49
909 47
910 49
911 48
912 49
913 48
914 47
915 47
916 48
917 48
918 48
919 49
920 50
921 49
922 49
923 48
924 47
925 44
926 45
927 42
928 41
929 42
930 42
931 43
932 43
933 45
934 43
935 43
936 43
937 43
938 44
939 43
940 42
941 43
942 43
943 42
944 42
945 42
946 42
947 42
948 43
949 42
950 41
951 43
952 42
953 42
954 42
955 41
956 41
957 40
958 38
959 39
960 40
961 40
962 39
963 38
964 39
965 39
966 39
967 39
968 39
969 40
970 41
971 43
972 44
973 45
974 46
975 46
976 45
977 44
978 43
979 42
980 41
981 40
982 42
983 40
984 40
985 39
986 41
987 42
988 41
989 41
990 42
991 42
992 42
993 42
994 44
995 46
996 45
997 45
998 46
999 45
1000 47
