0 65
1 42
2 43
3 42
4 45
5 46
6 46
7 43
8 44
9 46
10 42
11 44
12 44
13 44
14 46
15 42
16 44
17 39
18 42
19 44
20 43
21 48
22 43
23 43
24 47
25 47
26 44
27 44
28 44
29 44
30 40
31 44
32 45
33 42
34 46
35 43
36 45
37 43
38 42
39 40
40 39
41 49
42 47
43 41
44 41
45 44
46 45
47 44
48 45
49 47
50 43
51 34
52 45
53 39
54 46
55 42
56 44
57 44
58 43
59 45
60 45
61 41
62 40
63 46
64 44
65 42
66 41
67 39
68 47
69 46
70 45
71 45
72 44
73 42
74 41
75 46
76 45
77 40
78 39
79 41
80 45
81 43
82 43
83 43
84 47
85 46
86 43
87 42
88 43
89 44
90 43
91 47
92 46
93 47
94 44
95 45
96 41
97 44
98 38
99 45
100 45
101 42
102 44
103 45
104 43
105 45
106 42
107 45
108 45
109 44
110 46
111 39
112 48
113 43
114 44
115 44
116 47
117 46
118 42
119 42
120 44
121 45
122 41
123 43
124 45
125 43
126 44
127 43
128 46
129 48
130 43
131 38
132 45
133 41
134 44
135 46
136 43
137 40
138 48
139 43
140 47
141 44
142 42
143 45
144 45
145 46
146 42
147 44
148 45
149 44
150 44
151 44
152 46
153 41
154 47
155 35
156 43
157 45
158 45
159 40
160 45
161 48
162 43
163 44
164 46
165 49
166 44
167 48
168 46
169 42
170 44
171 43
172 44
173 44
174 42
175 44
176 45
177 43
178 44
179 44
180 46
181 45
182 44
183 43
184 45
185 43
186 43
187 44
188 44
189 45
190 46
191 45
192 41
193 42
194 41
195 46
196 39
197 40
198 45
199 39
200 45
201 46
202 40
203 39
204 46
205 45
206 45
207 44
208 43
209 45
210 43
211 42
212 42
213 41
214 42
215 44
216 44
217 47
218 46
219 46
220 44
221 45
222 47
223 47
224 44
225 39
226 41
227 38
228 43
229 46
230 43
231 45
232 45
233 43
234 44
235 42
236 47
237 44
238 43
239 43
240 46
241 42
242 45
243 46
244 45
245 45
246 44
247 45
248 44
249 41
250 45
251 40
252 43
253 39
254 42
255 45
256 46
257 46
258 43
259 43
260 43
261 38
262 47
263 42
264 42
265 42
266 46
267 43
268 41
269 46
270 46
271 49
272 43
273 40
274 42
275 44
276 39
277 47
278 45
279 44
280 43
281 42
282 44
283 44
284 44
285 46
286 45
287 43
288 43
289 44
290 47
291 44
292 43
293 47
294 46
295 39
296 43
297 45
298 46
299 48
300 46
301 40
302 41
303 42
304 44
305 45
306 45
307 45
308 42
309 42
310 42
311 44
312 44
313 44
314 44
315 46
316 41
317 43
318 43
319 45
320 44
321 46
322 40
323 42
324 43
325 41
326 40
327 44
328 48
329 40
330 43
331 45
332 46
333 47
334 43
335 43
336 47
337 44
338 43
339 43
340 46
341 43
342 46
343 44
344 43
345 45
346 43
347 42
348 45
349 48
350 43
351 45
352 44
353 44
354 41
355 43
356 42
357 41
358 47
359 47
360 42
361 43
362 43
363 46
364 44
365 44
366 44
367 37
368 45
369 43
370 43
371 41
372 40
373 45
374 44
375 43
376 44
377 44
378 42
379 38
380 41
381 44
382 43
383 48
384 46
385 48
386 45
387 43
388 45
389 41
390 44
391 46
392 43
393 44
394 44
395 48
396 45
397 43
398 45
399 41
400 44
401 44
402 47
403 45
404 45
405 42
406 42
407 45
408 41
409 44
410 40
411 45
412 45
413 45
414 42
415 45
416 44
417 43
418 42
419 43
420 47
421 44
422 41
423 49
424 41
425 44
426 42
427 42
428 44
429 44
430 40
431 41
432 42
433 45
434 45
435 44
436 47
437 41
438 41
439 40
440 47
441 45
442 45
443 42
444 44
445 46
446 45
447 46
448 44
449 45
450 45
451 47
452 45
453 42
454 45
455 42
456 46
457 46
458 42
459 44
460 41
461 43
462 44
463 44
464 45
465 42
466 41
467 42
468 43
469 44
470 41
471 42
472 42
473 46
474 41
475 43
476 43
477 43
478 47
479 47
480 44
481 45
482 44
483 46
484 44
485 44
486 43
487 46
488 45
489 42
490 45
491 48
492 44
493 43
494 43
495 46
496 39
497 39
498 46
499 44
500 46
501 41
502 42
503 46
504 47
505 48
506 46
507 41
508 44
509 46
510 44
511 44
512 44
513 45
514 45
515 41
516 39
517 43
518 47
519 41
520 44
521 44
522 46
523 45
524 46
525 45
526 44
527 46
528 45
529 45
530 43
531 46
532 42
533 46
534 45
535 43
536 41
537 42
538 43
539 44
540 42
541 41
542 46
543 42
544 40
545 44
546 43
547 42
548 44
549 41
550 44
551 48
552 46
553 44
554 43
555 45
556 34
557 43
558 45
559 44
560 41
561 45
562 40
563 45
564 44
565 38
566 43
567 46
568 45
569 38
570 41
571 43
572 48
573 43
574 41
575 46
576 45
577 42
578 43
579 44
580 46
581 47
582 42
583 41
584 41
585 42
586 42
587 42
588 48
589 42
590 43
591 42
592 46
593 44
594 42
595 44
596 42
597 45
598 43
599 43
600 41
601 42
602 43
603 41
604 45
605 44
606 44
607 46
608 43
609 44
610 42
611 40
612 40
613 40
614 48
615 45
616 46
617 44
618 43
619 42
620 43
621 40
622 44
623 45
624 46
625 39
626 43
627 42
628 43
629 46
630 44
631 46
632 43
633 45
634 46
635 44
636 43
637 44
638 41
639 45
640 44
641 48
642 45
643 43
644 41
645 47
646 45
647 43
648 42
649 49
650 40
651 44
652 41
653 41
654 46
655 41
656 47
657 46
658 46
659 43
660 42
661 47
662 36
663 44
664 46
665 42
666 44
667 43
668 44
669 42
670 44
671 46
672 44
673 40
674 43
675 44
676 49
677 44
678 42
679 43
680 44
681 42
682 40
683 44
684 43
685 41
686 42
687 45
688 45
689 43
690 44
691 48
692 46
693 39
694 44
695 47
696 46
697 48
698 43
699 44
700 47
701 44
702 39
703 47
704 47
705 41
706 46
707 45
708 44
709 40
710 42
711 41
712 43
713 42
714 46
715 45
716 47
717 43
718 40
719 43
720 44
721 43
722 45
723 45
724 45
725 43
726 44
727 43
728 41
729 45
730 45
731 47
732 48
733 40
734 45
735 44
736 46
737 47
738 42
739 45
740 40
741 43
742 46
743 46
744 41
745 46
746 45
747 42
748 42
749 41
750 45
751 41
752 43
753 44
754 42
755 43
756 41
757 44
758 44
759 46
760 45
761 45
762 44
763 46
764 41
765 46
766 40
767 43
768 45
769 46
770 45
771 41
772 41
773 39
774 47
775 42
776 44
777 41
778 46
779 43
780 44
781 44
782 46
783 43
784 46
785 47
786 43
787 37
788 40
789 45
790 44
791 40
792 44
793 47
794 43
795 43
796 47
797 42
798 44
799 45
800 45
801 46
802 41
803 44
804 43
805 46
806 39
807 42
808 43
809 45
810 46
811 44
812 42
813 47
814 45
815 43
816 44
817 46
818 43
819 44
820 46
821 45
822 41
823 45
824 43
825 46
826 39
827 46
828 46
829 43
830 44
831 46
832 42
833 44
834 44
835 39
836 40
837 46
838 45
839 41
840 44
841 40
842 47
843 44
844 43
845 44
846 41
847 46
848 40
849 41
850 44
851 41
852 40
853 43
854 47
855 39
856 40
857 45
858 41
859 43
860 41
861 42
862 48
863 45
864 46
865 44
866 45
867 41
868 47
869 46
870 44
871 48
872 42
873 40
874 42
875 41
876 46
877 41
878 43
879 45
880 42
881 44
882 44
883 43
884 44
885 40
886 46
887 44
888 42
889 42
890 39
891 48
892 44
893 43
894 44
895 47
896 43
897 44
898 46
899 44
900 45
901 46
902 45
903 46
904 44
905 45
906 44
907 42
908 44
909 44
910 46
911 46
912 39
913 47
914 45
915 45
916 41
917 43
918 42
919 46
920 46
921 42
922 44
923 46
924 42
925 47
926 45
927 39
928 44
929 41
930 42
931 45
932 43
933 41
934 45
935 44
936 45
937 44
938 41
939 43
940 45
941 44
942 45
943 40
944 42
945 45
946 37
947 41
948 42
949 43
950 42
951 44
952 44
953 43
954 42
955 46
956 43
957 46
958 46
959 43
960 44
961 44
962 44
963 43
964 44
965 45
966 44
967 43
968 45
969 47
970 44
971 40
972 47
973 44
974 47
975 44
976 44
977 45
978 43
979 43
980 44
981 42
982 43
983 44
984 47
985 44
986 43
987 48
988 42
989 46
990 42
991 42
992 47
993 44
994 40
995 43
996 44
997 45
998 42
999 46
1000 44
