0 95
1 79
2 73
3 65
4 70
5 68
6 68
7 69
8 63
9 65
10 72
11 69
12 69
13 62
14 63
15 59
16 64
17 62
18 60
19 58
20 67
21 65
22 66
23 65
24 65
25 64
26 65
27 69
28 71
29 68
30 68
31 68
32 63
33 67
34 66
35 65
36 70
37 67
38 67
39 68
40 64
41 65
42 68
43 61
44 60
45 61
46 59
47 61
48 69
49 68
50 66
51 71
52 71
53 65
54 69
55 64
56 64
57 69
58 61
59 67
60 64
61 56
62 59
63 60
64 66
65 71
66 68
67 62
68 60
69 64
70 67
71 67
72 73
73 67
74 63
75 68
76 67
77 65
78 67
79 65
80 69
81 67
82 67
83 64
84 67
85 64
86 65
87 71
88 64
89 65
90 65
91 64
92 63
93 62
94 58
95 62
96 70
97 64
98 60
99 66
100 67
101 63
102 63
103 67
104 66
105 66
106 66
107 69
108 67
109 74
110 63
111 67
112 65
113 67
114 63
115 64
116 63
117 66
118 62
119 63
120 66
121 69
122 59
123 64
124 62
125 67
126 65
127 63
128 64
129 63
130 67
131 66
132 64
133 64
134 70
135 61
136 62
137 70
138 71
139 64
140 64
141 64
142 64
143 71
144 70
145 67
146 67
147 63
148 64
149 60
150 61
151 61
152 67
153 65
154 64
155 69
156 64
157 65
158 67
159 68
160 72
161 68
162 71
163 71
164 70
165 64
166 68
167 67
168 66
169 67
170 66
171 67
172 70
173 67
174 65
175 68
176 59
177 63
178 65
179 56
180 68
181 69
182 65
183 68
184 58
185 67
186 69
187 64
188 62
189 63
190 65
191 64
192 68
193 67
194 65
195 65
196 66
197 69
198 69
199 69
200 71
201 64
202 62
203 64
204 65
205 68
206 64
207 59
208 65
209 59
210 57
211 67
212 72
213 68
214 65
215 68
216 64
217 63
218 65
219 71
220 63
221 66
222 65
223 64
224 64
225 67
226 66
227 64
228 60
229 60
230 62
231 65
232 60
233 62
234 61
235 70
236 66
237 68
238 65
239 68
240 65
241 65
242 59
243 66
244 66
245 70
246 67
247 67
248 66
249 68
250 59
251 62
252 60
253 62
254 61
255 63
256 64
257 64
258 68
259 63
260 65
261 64
262 66
263 67
264 60
265 61
266 63
267 61
268 65
269 67
270 61
271 65
272 66
273 66
274 65
275 63
276 64
277 64
278 64
279 69
280 66
281 64
282 63
283 63
284 63
285 66
286 70
287 71
288 68
289 66
290 67
291 62
292 66
293 57
294 60
295 60
296 66
297 66
298 69
299 65
300 61
301 65
302 64
303 59
304 57
305 64
306 68
307 71
308 66
309 66
310 63
311 67
312 70
313 71
314 63
315 63
316 66
317 65
318 65
319 65
320 66
321 65
322 67
323 65
324 57
325 63
326 65
327 65
328 67
329 66
330 71
331 68
332 60
333 58
334 60
335 66
336 69
337 63
338 64
339 68
340 69
341 64
342 64
343 66
344 65
345 63
346 63
347 69
348 65
349 64
350 65
351 63
352 65
353 64
354 65
355 64
356 65
357 65
358 66
359 60
360 60
361 62
362 68
363 68
364 66
365 60
366 64
367 67
368 68
369 59
370 58
371 62
372 62
373 60
374 60
375 65
376 63
377 63
378 61
379 60
380 59
381 60
382 64
383 68
384 66
385 65
386 60
387 69
388 70
389 62
390 71
391 68
392 64
393 58
394 60
395 58
396 63
397 63
398 65
399 66
400 67
401 68
402 64
403 65
404 63
405 69
406 71
407 66
408 68
409 69
410 65
411 63
412 62
413 66
414 61
415 66
416 61
417 63
418 63
419 64
420 64
421 64
422 62
423 59
424 65
425 63
426 66
427 67
428 61
429 65
430 69
431 68
432 66
433 66
434 60
435 61
436 64
437 66
438 70
439 66
440 61
441 66
442 58
443 62
444 64
445 68
446 66
447 66
448 66
449 61
450 62
451 60
452 65
453 65
454 61
455 69
456 67
457 65
458 65
459 61
460 64
461 64
462 62
463 59
464 59
465 60
466 64
467 66
468 69
469 65
470 67
471 69
472 66
473 67
474 66
475 64
476 63
477 67
478 64
479 61
480 62
481 66
482 59
483 55
484 61
485 63
486 65
487 70
488 70
489 66
490 63
491 66
492 68
493 67
494 69
495 68
496 67
497 68
498 67
499 59
500 59
501 59
502 63
503 61
504 60
505 60
506 60
507 64
508 65
509 67
510 68
511 68
512 69
513 73
514 69
515 70
516 63
517 59
518 66
519 61
520 68
521 67
522 62
523 63
524 61
525 69
526 63
527 67
528 66
529 70
530 62
531 70
532 66
533 65
534 67
535 63
536 65
537 63
538 63
539 66
540 59
541 64
542 63
543 66
544 59
545 61
546 61
547 64
548 65
549 68
550 65
551 68
552 64
553 64
554 64
555 65
556 64
557 64
558 68
559 62
560 64
561 70
562 71
563 66
564 69
565 65
566 66
567 62
568 62
569 64
570 59
571 63
572 66
573 61
574 62
575 66
576 69
577 67
578 70
579 66
580 69
581 67
582 62
583 62
584 60
585 65
586 67
587 66
588 69
589 68
590 68
591 66
592 67
593 67
594 69
595 65
596 65
597 68
598 72
599 65
600 61
601 62
602 56
603 63
604 64
605 64
606 66
607 62
608 63
609 66
610 62
611 63
612 62
613 63
614 69
615 70
616 70
617 68
618 62
619 55
620 59
621 61
622 62
623 69
624 64
625 64
626 63
627 65
628 69
629 65
630 63
631 65
632 55
633 60
634 63
635 65
636 69
637 68
638 67
639 69
640 68
641 70
642 67
643 65
644 70
645 67
646 67
647 64
648 69
649 66
650 62
651 59
652 67
653 68
654 66
655 62
656 58
657 61
658 62
659 62
660 59
661 59
662 62
663 61
664 64
665 63
666 64
667 65
668 64
669 65
670 60
671 58
672 58
673 67
674 63
675 59
676 62
677 57
678 62
679 70
680 67
681 66
682 66
683 69
684 65
685 58
686 65
687 70
688 69
689 61
690 64
691 62
692 60
693 65
694 69
695 64
696 65
697 62
698 66
699 69
700 61
701 63
702 68
703 66
704 66
705 59
706 59
707 58
708 56
709 63
710 63
711 66
712 65
713 59
714 61
715 64
716 64
717 62
718 63
719 63
720 67
721 67
722 68
723 63
724 68
725 63
726 64
727 67
728 65
729 68
730 64
731 68
732 67
733 64
734 68
735 67
736 68
737 67
738 64
739 66
740 70
741 63
742 66
743 67
744 64
745 66
746 67
747 61
748 65
749 64
750 67
751 63
752 69
753 70
754 73
755 67
756 57
757 59
758 60
759 62
760 65
761 60
762 62
763 64
764 66
765 59
766 57
767 65
768 65
769 66
770 72
771 69
772 65
773 59
774 65
775 64
776 66
777 67
778 66
779 61
780 62
781 64
782 60
783 64
784 65
785 68
786 66
787 60
788 67
789 60
790 61
791 63
792 63
793 63
794 67
795 71
796 67
797 67
798 69
799 63
800 61
801 64
802 65
803 64
804 66
805 70
806 66
807 65
808 68
809 68
810 65
811 65
812 67
813 70
814 71
815 63
816 61
817 59
818 63
819 61
820 66
821 64
822 64
823 63
824 65
825 63
826 58
827 60
828 63
829 63
830 67
831 63
832 66
833 65
834 70
835 68
836 61
837 62
838 61
839 64
840 65
841 66
842 65
843 67
844 66
845 68
846 65
847 70
848 65
849 66
850 62
851 67
852 67
853 66
854 70
855 67
856 66
857 69
858 66
859 69
860 67
861 63
862 59
863 62
864 63
865 60
866 68
867 61
868 62
869 65
870 66
871 67
872 64
873 65
874 66
875 69
876 70
877 68
878 66
879 63
880 67
881 61
882 63
883 65
884 64
885 60
886 66
887 63
888 64
889 67
890 71
891 68
892 69
893 67
894 63
895 62
896 65
897 64
898 68
899 66
900 64
901 70
902 62
903 68
904 68
905 66
906 59
907 64
908 63
909 62
910 61
911 66
912 66
913 65
914 62
915 58
916 63
917 64
918 64
919 63
920 65
921 65
922 66
923 69
924 63
925 69
926 69
927 65
928 69
929 66
930 63
931 67
932 65
933 62
934 56
935 62
936 63
937 64
938 62
939 69
940 69
941 65
942 65
943 65
944 66
945 68
946 69
947 67
948 67
949 63
950 60
951 64
952 65
953 66
954 60
955 61
956 68
957 67
958 62
959 61
960 62
961 62
962 63
963 65
964 64
965 62
966 64
967 64
968 61
969 62
970 63
971 65
972 66
973 61
974 62
975 67
976 66
977 69
978 67
979 64
980 65
981 67
982 64
983 68
984 68
985 62
986 62
987 63
988 63
989 65
990 69
991 65
992 68
993 68
994 66
995 62
996 67
997 65
998 62
999 68
1000 72
