0 15
1 11
2 9
3 8
4 9
5 10
6 8
7 9
8 8
9 8
10 6
11 7
12 7
13 7
14 6
15 6
16 7
17 5
18 5
19 6
20 7
21 6
22 7
23 7
24 8
25 8
26 8
27 8
28 7
29 7
30 7
31 8
32 6
33 4
34 5
35 4
36 6
37 7
38 7
39 8
40 6
41 7
42 6
43 8
44 8
45 8
46 10
47 9
48 9
49 8
50 7
51 6
52 6
53 6
54 5
55 5
56 8
57 9
58 9
59 7
60 6
61 8
62 9
63 9
64 9
65 7
66 7
67 7
68 7
69 8
70 7
71 8
72 8
73 6
74 6
75 8
76 8
77 8
78 7
79 8
80 9
81 7
82 7
83 8
84 8
85 7
86 6
87 7
88 6
89 5
90 5
91 7
92 7
93 5
94 5
95 7
96 6
97 6
98 9
99 9
100 7
101 8
102 9
103 8
104 8
105 7
106 8
107 8
108 8
109 8
110 8
111 7
112 6
113 7
114 7
115 7
116 5
117 6
118 6
119 6
120 7
121 7
122 6
123 6
124 6
125 6
126 6
127 7
128 6
129 8
130 8
131 7
132 6
133 6
134 7
135 5
136 6
137 7
138 7
139 8
140 7
141 7
142 5
143 6
144 7
145 7
146 7
147 7
148 8
149 6
150 6
151 6
152 6
153 6
154 6
155 8
156 7
157 6
158 7
159 7
160 5
161 7
162 7
163 6
164 7
165 7
166 7
167 8
168 9
169 7
170 9
171 9
172 8
173 6
174 5
175 3
176 3
177 5
178 6
179 6
180 6
181 7
182 7
183 8
184 9
185 7
186 7
187 7
188 7
189 8
190 7
191 6
192 7
193 8
194 9
195 9
196 9
197 7
198 8
199 8
200 8
201 9
202 8
203 6
204 7
205 7
206 8
207 8
208 6
209 6
210 8
211 7
212 6
213 7
214 6
215 6
216 5
217 6
218 8
219 7
220 7
221 5
222 5
223 5
224 6
225 6
226 9
227 9
228 8
229 7
230 7
231 6
232 8
233 8
234 5
235 6
236 6
237 8
238 8
239 6
240 6
241 5
242 7
243 7
244 8
245 8
246 7
247 5
248 7
249 7
250 7
251 8
252 6
253 6
254 7
255 7
256 7
257 5
258 7
259 7
260 7
261 8
262 6
263 7
264 6
265 6
266 6
267 8
268 8
269 8
270 7
271 8
272 7
273 7
274 8
275 8
276 7
277 6
278 8
279 9
280 9
281 8
282 7
283 6
284 5
285 6
286 7
287 7
288 8
289 7
290 6
291 6
292 6
293 4
294 6
295 8
296 9
297 8
298 7
299 6
300 7
301 5
302 7
303 8
304 9
305 7
306 6
307 6
308 5
309 7
310 7
311 7
312 8
313 7
314 8
315 9
316 7
317 6
318 6
319 7
320 6
321 6
322 5
323 6
324 7
325 9
326 7
327 6
328 8
329 9
330 9
331 6
332 6
333 6
334 6
335 5
336 7
337 6
338 7
339 7
340 8
341 8
342 5
343 6
344 5
345 7
346 8
347 6
348 6
349 6
350 5
351 4
352 4
353 6
354 8
355 8
356 6
357 7
358 6
359 7
360 6
361 7
362 8
363 6
364 6
365 6
366 6
367 6
368 7
369 6
370 6
371 6
372 4
373 5
374 5
375 6
376 8
377 7
378 8
379 6
380 6
381 7
382 8
383 7
384 6
385 6
386 6
387 6
388 6
389 7
390 6
391 7
392 7
393 6
394 6
395 5
396 5
397 5
398 6
399 5
400 4
401 6
402 7
403 6
404 7
405 8
406 8
407 8
408 7
409 6
410 7
411 7
412 8
413 8
414 8
415 8
416 7
417 6
418 7
419 7
420 8
421 8
422 8
423 5
424 6
425 8
426 8
427 7
428 8
429 7
430 8
431 8
432 6
433 5
434 6
435 6
436 7
437 9
438 9
439 8
440 8
441 7
442 9
443 8
444 6
445 5
446 5
447 4
448 4
449 7
450 6
451 6
452 8
453 8
454 7
455 7
456 5
457 5
458 5
459 5
460 6
461 7
462 7
463 7
464 7
465 6
466 6
467 5
468 6
469 6
470 7
471 6
472 8
473 8
474 3
475 3
476 5
477 7
478 8
479 8
480 9
481 7
482 8
483 9
484 9
485 8
486 7
487 6
488 7
489 8
490 8
491 7
492 8
493 7
494 8
495 7
496 7
497 6
498 6
499 7
500 7
501 6
502 6
503 6
504 7
505 5
506 6
507 6
508 6
509 7
510 8
511 8
512 8
513 8
514 8
515 7
516 7
517 8
518 8
519 9
520 7
521 6
522 5
523 6
524 7
525 8
526 8
527 9
528 9
529 6
530 5
531 7
532 6
533 7
534 7
535 7
536 8
537 9
538 8
539 7
540 6
541 6
542 6
543 8
544 8
545 8
546 6
547 7
548 8
549 7
550 8
551 7
552 7
553 7
554 5
555 5
556 5
557 6
558 5
559 6
560 7
561 7
562 7
563 6
564 7
565 9
566 10
567 8
568 8
569 7
570 8
571 6
572 7
573 6
574 7
575 7
576 8
577 9
578 8
579 10
580 8
581 10
582 10
583 8
584 9
585 8
586 9
587 8
588 7
589 5
590 3
591 6
592 6
593 6
594 6
595 5
596 6
597 6
598 5
599 6
600 6
601 6
602 5
603 7
604 7
605 8
606 7
607 3
608 5
609 7
610 7
611 5
612 5
613 8
614 7
615 6
616 6
617 5
618 7
619 8
620 8
621 6
622 8
623 5
624 5
625 5
626 5
627 4
628 4
629 6
630 5
631 7
632 7
633 7
634 8
635 7
636 7
637 7
638 7
639 7
640 8
641 8
642 7
643 7
644 8
645 7
646 6
647 6
648 6
649 5
650 7
651 8
652 8
653 7
654 6
655 7
656 8
657 8
658 8
659 9
660 7
661 9
662 7
663 7
664 6
665 6
666 6
667 7
668 7
669 6
670 6
671 7
672 6
673 7
674 8
675 7
676 7
677 7
678 7
679 8
680 8
681 6
682 6
683 7
684 8
685 9
686 9
687 8
688 6
689 7
690 6
691 6
692 7
693 7
694 8
695 7
696 7
697 7
698 7
699 6
700 8
701 7
702 5
703 7
704 7
705 7
706 5
707 7
708 8
709 7
710 6
711 6
712 6
713 7
714 4
715 6
716 6
717 7
718 7
719 7
720 8
721 7
722 8
723 7
724 6
725 6
726 7
727 7
728 8
729 8
730 10
731 8
732 6
733 7
734 4
735 7
736 9
737 7
738 8
739 7
740 6
741 6
742 4
743 4
744 4
745 6
746 6
747 5
748 5
749 5
750 5
751 5
752 7
753 7
754 6
755 5
756 5
757 4
758 5
759 6
760 7
761 8
762 7
763 7
764 7
765 8
766 6
767 7
768 7
769 7
770 8
771 9
772 8
773 7
774 7
775 5
776 6
777 7
778 6
779 7
780 8
781 8
782 7
783 7
784 6
785 8
786 6
787 7
788 8
789 8
790 7
791 7
792 7
793 8
794 7
795 8
796 8
797 8
798 4
799 6
800 7
801 7
802 6
803 7
804 7
805 6
806 5
807 4
808 4
809 6
810 6
811 6
812 5
813 6
814 6
815 5
816 6
817 5
818 6
819 6
820 7
821 7
822 7
823 7
824 7
825 6
826 7
827 5
828 6
829 7
830 7
831 6
832 5
833 6
834 5
835 6
836 6
837 6
838 5
839 4
840 4
841 5
842 6
843 7
844 9
845 7
846 6
847 6
848 6
849 7
850 5
851 6
852 6
853 5
854 6
855 7
856 6
857 6
858 6
859 7
860 4
861 5
862 5
863 7
864 5
865 7
866 7
867 8
868 6
869 7
870 7
871 8
872 7
873 8
874 7
875 4
876 4
877 3
878 5
879 6
880 7
881 6
882 7
883 7
884 7
885 8
886 7
887 7
888 7
889 7
890 6
891 5
892 7
893 8
894 7
895 6
896 7
897 7
898 5
899 6
900 8
901 8
902 8
903 6
904 6
905 7
906 6
907 7
908 8
909 8
910 8
911 8
912 6
913 8
914 8
915 9
916 8
917 8
918 4
919 5
920 8
921 6
922 6
923 7
924 6
925 6
926 5
927 6
928 7
929 5
930 6
931 7
932 7
933 7
934 6
935 7
936 6
937 8
938 9
939 7
940 7
941 9
942 7
943 7
944 7
945 8
946 9
947 9
948 9
949 9
950 6
951 6
952 8
953 7
954 9
955 9
956 8
957 7
958 7
959 6
960 7
961 7
962 7
963 8
964 8
965 7
966 6
967 7
968 7
969 7
970 7
971 8
972 8
973 7
974 7
975 6
976 6
977 6
978 6
979 7
980 8
981 7
982 8
983 9
984 7
985 7
986 8
987 9
988 7
989 8
990 6
991 7
992 6
993 8
994 7
995 6
996 7
997 5
998 4
999 5
1000 5
