0 5
1 5
2 3
3 3
4 2
5 4
6 4
7 3
8 5
9 3
10 4
11 3
12 4
13 4
14 3
15 2
16 3
17 1
18 3
19 4
20 4
21 2
22 3
23 2
24 1
25 4
26 3
27 4
28 2
29 3
30 3
31 4
32 2
33 3
34 3
35 5
36 3
37 3
38 3
39 4
40 2
41 3
42 3
43 2
44 4
45 4
46 4
47 3
48 4
49 3
50 4
51 4
52 2
53 3
54 4
55 3
56 2
57 2
58 2
59 4
60 2
61 1
62 4
63 5
64 3
65 2
66 4
67 2
68 5
69 4
70 4
71 3
72 2
73 2
74 3
75 4
76 5
77 4
78 3
79 3
80 2
81 4
82 4
83 2
84 5
85 4
86 2
87 4
88 2
89 3
90 3
91 4
92 1
93 3
94 0
95 3
96 3
97 3
98 4
99 4
100 4
101 2
102 3
103 4
104 3
105 3
106 3
107 4
108 4
109 3
110 4
111 4
112 2
113 3
114 3
115 3
116 4
117 4
118 3
119 3
120 4
121 4
122 2
123 3
124 2
125 4
126 3
127 4
128 4
129 5
130 3
131 4
132 3
133 4
134 3
135 4
136 4
137 3
138 4
139 3
140 5
141 3
142 4
143 2
144 4
145 5
146 4
147 3
148 4
149 3
150 3
151 3
152 5
153 3
154 3
155 3
156 2
157 2
158 3
159 2
160 4
161 4
162 4
163 3
164 5
165 2
166 3
167 3
168 2
169 2
170 4
171 3
172 3
173 5
174 3
175 4
176 2
177 4
178 5
179 2
180 4
181 4
182 5
183 4
184 4
185 1
186 4
187 4
188 5
189 3
190 4
191 2
192 4
193 2
194 3
195 3
196 2
197 2
198 3
199 4
200 2
201 2
202 2
203 3
204 3
205 4
206 3
207 4
208 3
209 4
210 4
211 3
212 3
213 2
214 4
215 3
216 2
217 3
218 4
219 3
220 2
221 2
222 2
223 2
224 4
225 3
226 3
227 4
228 2
229 2
230 4
231 4
232 4
233 4
234 3
235 4
236 3
237 4
238 4
239 4
240 3
241 4
242 2
243 3
244 4
245 4
246 4
247 2
248 2
249 2
250 4
251 3
252 4
253 4
254 4
255 3
256 3
257 4
258 2
259 2
260 2
261 2
262 4
263 4
264 2
265 3
266 2
267 2
268 4
269 3
270 3
271 2
272 5
273 5
274 4
275 3
276 3
277 1
278 2
279 3
280 4
281 3
282 1
283 4
284 3
285 4
286 3
287 3
288 2
289 3
290 3
291 2
292 3
293 2
294 1
295 4
296 3
297 2
298 3
299 4
300 3
301 3
302 2
303 2
304 3
305 5
306 4
307 3
308 1
309 3
310 3
311 3
312 3
313 3
314 3
315 4
316 4
317 2
318 3
319 4
320 3
321 2
322 3
323 1
324 1
325 3
326 2
327 2
328 3
329 3
330 5
331 4
332 5
333 3
334 4
335 4
336 5
337 3
338 2
339 2
340 2
341 4
342 4
343 5
344 4
345 4
346 2
347 3
348 4
349 4
350 3
351 3
352 2
353 4
354 3
355 2
356 3
357 1
358 1
359 1
360 3
361 5
362 3
363 4
364 3
365 1
366 3
367 3
368 5
369 2
370 4
371 4
372 4
373 4
374 3
375 4
376 3
377 3
378 4
379 3
380 3
381 3
382 3
383 4
384 4
385 5
386 4
387 3
388 4
389 2
390 3
391 3
392 4
393 3
394 3
395 4
396 3
397 2
398 3
399 3
400 4
401 2
402 2
403 4
404 4
405 4
406 5
407 4
408 4
409 2
410 2
411 3
412 3
413 3
414 2
415 1
416 2
417 2
418 3
419 4
420 4
421 3
422 4
423 4
424 4
425 3
426 4
427 4
428 3
429 3
430 3
431 2
432 3
433 4
434 4
435 4
436 4
437 3
438 3
439 3
440 1
441 3
442 4
443 4
444 3
445 2
446 2
447 4
448 3
449 3
450 2
451 3
452 5
453 4
454 4
455 4
456 3
457 3
458 3
459 3
460 3
461 4
462 3
463 3
464 4
465 5
466 3
467 4
468 3
469 3
470 3
471 4
472 4
473 3
474 4
475 3
476 1
477 3
478 4
479 4
480 4
481 4
482 4
483 4
484 3
485 3
486 3
487 4
488 4
489 3
490 4
491 4
492 4
493 4
494 3
495 3
496 3
497 3
498 3
499 3
500 3
501 4
502 4
503 3
504 4
505 4
506 1
507 5
508 3
509 3
510 3
511 3
512 3
513 4
514 2
515 3
516 4
517 2
518 3
519 2
520 2
521 3
522 4
523 5
524 5
525 4
526 4
527 5
528 4
529 5
530 3
531 4
532 4
533 4
534 4
535 3
536 5
537 4
538 4
539 5
540 4
541 3
542 4
543 5
544 3
545 3
546 4
547 3
548 3
549 3
550 2
551 3
552 2
553 4
554 3
555 3
556 5
557 4
558 4
559 5
560 4
561 3
562 3
563 3
564 4
565 3
566 4
567 2
568 2
569 3
570 3
571 3
572 4
573 5
574 2
575 2
576 1
577 4
578 3
579 4
580 4
581 3
582 4
583 3
584 3
585 2
586 3
587 3
588 4
589 4
590 5
591 3
592 4
593 3
594 4
595 4
596 4
597 4
598 4
599 4
600 5
601 3
602 3
603 4
604 5
605 4
606 4
607 5
608 4
609 3
610 4
611 3
612 3
613 3
614 4
615 3
616 3
617 4
618 3
619 3
620 4
621 4
622 3
623 2
624 4
625 3
626 2
627 3
628 3
629 3
630 4
631 4
632 4
633 4
634 3
635 5
636 4
637 4
638 4
639 2
640 2
641 4
642 3
643 1
644 3
645 3
646 4
647 3
648 3
649 2
650 3
651 3
652 3
653 3
654 4
655 4
656 5
657 3
658 4
659 3
660 2
661 4
662 3
663 2
664 3
665 0
666 4
667 2
668 1
669 3
670 3
671 3
672 4
673 3
674 1
675 3
676 2
677 3
678 4
679 5
680 3
681 3
682 4
683 4
684 4
685 4
686 4
687 4
688 3
689 3
690 5
691 3
692 4
693 4
694 3
695 4
696 3
697 5
698 3
699 0
700 2
701 3
702 3
703 3
704 2
705 3
706 3
707 4
708 3
709 3
710 4
711 3
712 3
713 0
714 3
715 4
716 4
717 3
718 3
719 3
720 4
721 4
722 4
723 2
724 4
725 3
726 3
727 5
728 3
729 4
730 2
731 3
732 2
733 3
734 2
735 4
736 3
737 3
738 4
739 4
740 4
741 2
742 4
743 3
744 2
745 1
746 3
747 3
748 4
749 4
750 4
751 2
752 1
753 3
754 3
755 3
756 3
757 3
758 3
759 3
760 5
761 4
762 2
763 3
764 3
765 4
766 4
767 3
768 3
769 4
770 4
771 3
772 2
773 4
774 2
775 1
776 4
777 3
778 3
779 4
780 3
781 2
782 5
783 4
784 4
785 2
786 3
787 4
788 2
789 5
790 3
791 1
792 1
793 4
794 4
795 3
796 3
797 3
798 4
799 3
800 3
801 4
802 3
803 3
804 3
805 2
806 3
807 3
808 2
809 3
810 4
811 4
812 4
813 4
814 3
815 3
816 4
817 3
818 2
819 3
820 3
821 3
822 2
823 2
824 3
825 4
826 4
827 3
828 4
829 2
830 2
831 4
832 3
833 3
834 3
835 4
836 3
837 5
838 3
839 3
840 3
841 4
842 2
843 2
844 4
845 1
846 3
847 3
848 5
849 2
850 1
851 3
852 3
853 3
854 3
855 5
856 4
857 2
858 5
859 3
860 3
861 3
862 3
863 3
864 3
865 2
866 4
867 2
868 2
869 3
870 2
871 3
872 4
873 4
874 4
875 4
876 3
877 4
878 3
879 2
880 2
881 2
882 2
883 3
884 3
885 2
886 1
887 3
888 3
889 3
890 4
891 4
892 5
893 4
894 3
895 4
896 3
897 2
898 2
899 3
900 4
901 3
902 4
903 4
904 3
905 4
906 2
907 2
908 4
909 3
910 3
911 2
912 3
913 3
914 4
915 4
916 3
917 4
918 3
919 3
920 3
921 3
922 2
923 3
924 3
925 3
926 3
927 4
928 4
929 3
930 4
931 3
932 3
933 3
934 3
935 3
936 4
937 2
938 3
939 2
940 3
941 3
942 3
943 3
944 3
945 3
946 3
947 1
948 1
949 2
950 2
951 3
952 3
953 3
954 3
955 3
956 4
957 3
958 2
959 3
960 4
961 1
962 3
963 4
964 4
965 5
966 2
967 3
968 4
969 3
970 4
971 4
972 3
973 4
974 3
975 3
976 3
977 4
978 3
979 2
980 1
981 2
982 4
983 3
984 4
985 3
986 3
987 3
988 1
989 4
990 4
991 3
992 1
993 3
994 3
995 2
996 3
997 2
998 3
999 3
1000 2
