0 15
1 9
2 8
3 6
4 8
5 8
6 8
7 8
8 8
9 8
10 6
11 7
12 10
13 6
14 6
15 6
16 7
17 6
18 8
19 6
20 6
21 7
22 7
23 7
24 8
25 7
26 6
27 8
28 9
29 7
30 8
31 9
32 7
33 5
34 7
35 7
36 7
37 8
38 9
39 6
40 7
41 7
42 8
43 8
44 9
45 9
46 9
47 7
48 6
49 7
50 7
51 7
52 9
53 8
54 6
55 6
56 6
57 7
58 7
59 7
60 8
61 7
62 9
63 10
64 10
65 8
66 8
67 7
68 8
69 7
70 8
71 8
72 7
73 6
74 7
75 9
76 7
77 8
78 9
79 8
80 7
81 5
82 6
83 7
84 6
85 7
86 7
87 7
88 6
89 7
90 8
91 8
92 6
93 3
94 4
95 7
96 8
97 9
98 8
99 8
100 8
101 9
102 5
103 7
104 8
105 9
106 8
107 9
108 8
109 7
110 9
111 9
112 9
113 8
114 8
115 8
116 9
117 9
118 8
119 8
120 8
121 9
122 7
123 7
124 6
125 8
126 9
127 7
128 6
129 7
130 6
131 7
132 6
133 8
134 8
135 8
136 9
137 11
138 10
139 9
140 8
141 7
142 6
143 7
144 5
145 7
146 7
147 8
148 8
149 8
150 8
151 8
152 6
153 7
154 8
155 6
156 6
157 4
158 5
159 6
160 7
161 8
162 8
163 6
164 8
165 8
166 8
167 8
168 7
169 8
170 5
171 4
172 5
173 7
174 9
175 8
176 7
177 8
178 6
179 7
180 8
181 7
182 7
183 7
184 7
185 8
186 5
187 6
188 8
189 8
190 8
191 9
192 10
193 10
194 8
195 8
196 9
197 7
198 8
199 7
200 8
201 8
202 7
203 8
204 8
205 9
206 8
207 7
208 7
209 6
210 8
211 6
212 7
213 6
214 7
215 9
216 9
217 9
218 7
219 8
220 10
221 8
222 7
223 8
224 8
225 8
226 10
227 8
228 8
229 8
230 7
231 7
232 7
233 7
234 8
235 7
236 7
237 6
238 8
239 8
240 8
241 8
242 6
243 6
244 6
245 6
246 6
247 6
248 6
249 8
250 7
251 7
252 6
253 8
254 8
255 8
256 9
257 9
258 9
259 9
260 8
261 8
262 8
263 9
264 7
265 6
266 7
267 8
268 7
269 8
270 9
271 9
272 7
273 7
274 6
275 7
276 7
277 6
278 7
279 7
280 6
281 4
282 7
283 8
284 9
285 8
286 9
287 7
288 7
289 7
290 4
291 6
292 6
293 7
294 6
295 8
296 6
297 8
298 7
299 7
300 7
301 7
302 9
303 9
304 8
305 6
306 5
307 7
308 8
309 7
310 8
311 9
312 9
313 8
314 8
315 7
316 7
317 9
318 8
319 9
320 9
321 9
322 6
323 4
324 5
325 7
326 7
327 7
328 7
329 8
330 8
331 6
332 6
333 5
334 5
335 3
336 5
337 3
338 5
339 7
340 9
341 9
342 8
343 8
344 9
345 9
346 7
347 7
348 9
349 9
350 7
351 7
352 6
353 7
354 6
355 7
356 7
357 5
358 4
359 6
360 7
361 9
362 9
363 8
364 9
365 7
366 6
367 8
368 10
369 9
370 6
371 8
372 7
373 7
374 7
375 8
376 8
377 7
378 7
379 6
380 6
381 8
382 8
383 6
384 6
385 8
386 8
387 8
388 6
389 7
390 7
391 6
392 7
393 7
394 6
395 5
396 5
397 6
398 3
399 6
400 7
401 7
402 7
403 6
404 7
405 7
406 7
407 8
408 7
409 6
410 7
411 7
412 7
413 7
414 8
415 9
416 7
417 8
418 7
419 9
420 8
421 7
422 6
423 8
424 7
425 6
426 7
427 6
428 7
429 7
430 7
431 7
432 9
433 10
434 8
435 9
436 7
437 9
438 7
439 8
440 8
441 8
442 8
443 9
444 7
445 7
446 7
447 8
448 8
449 8
450 9
451 8
452 8
453 8
454 7
455 7
456 7
457 7
458 7
459 9
460 6
461 7
462 8
463 11
464 9
465 7
466 8
467 8
468 6
469 5
470 5
471 8
472 7
473 8
474 7
475 8
476 6
477 7
478 8
479 7
480 8
481 7
482 5
483 4
484 6
485 7
486 8
487 6
488 8
489 6
490 7
491 8
492 9
493 9
494 8
495 7
496 8
497 8
498 9
499 9
500 9
501 9
502 9
503 9
504 10
505 9
506 8
507 7
508 8
509 6
510 8
511 8
512 9
513 9
514 8
515 7
516 7
517 8
518 7
519 7
520 8
521 8
522 6
523 7
524 8
525 8
526 9
527 9
528 7
529 5
530 6
531 5
532 5
533 6
534 7
535 8
536 9
537 8
538 8
539 8
540 8
541 7
542 5
543 5
544 8
545 8
546 9
547 8
548 9
549 7
550 5
551 5
552 5
553 6
554 7
555 8
556 8
557 8
558 10
559 8
560 9
561 9
562 8
563 8
564 8
565 8
566 6
567 7
568 7
569 7
570 8
571 8
572 9
573 8
574 8
575 9
576 7
577 7
578 7
579 8
580 7
581 8
582 9
583 8
584 7
585 7
586 8
587 7
588 7
589 8
590 7
591 8
592 8
593 7
594 7
595 8
596 9
597 9
598 10
599 10
600 9
601 7
602 7
603 5
604 6
605 6
606 6
607 6
608 7
609 9
610 8
611 8
612 8
613 6
614 6
615 7
616 8
617 8
618 9
619 7
620 8
621 7
622 5
623 6
624 7
625 8
626 8
627 9
628 8
629 7
630 8
631 8
632 7
633 8
634 7
635 6
636 6
637 10
638 8
639 7
640 8
641 7
642 6
643 6
644 9
645 9
646 8
647 5
648 7
649 7
650 8
651 10
652 9
653 7
654 7
655 8
656 7
657 6
658 6
659 8
660 6
661 7
662 7
663 8
664 8
665 7
666 6
667 5
668 6
669 6
670 8
671 7
672 6
673 7
674 7
675 7
676 7
677 7
678 6
679 8
680 7
681 8
682 9
683 8
684 7
685 6
686 7
687 6
688 7
689 7
690 8
691 8
692 9
693 8
694 8
695 9
696 8
697 6
698 6
699 8
700 9
701 8
702 7
703 7
704 5
705 7
706 7
707 7
708 8
709 8
710 8
711 8
712 7
713 7
714 7
715 7
716 7
717 7
718 7
719 8
720 7
721 8
722 7
723 8
724 8
725 6
726 5
727 6
728 6
729 7
730 6
731 5
732 6
733 7
734 6
735 5
736 6
737 7
738 7
739 8
740 8
741 8
742 9
743 8
744 8
745 8
746 8
747 8
748 8
749 7
750 7
751 7
752 5
753 7
754 7
755 8
756 7
757 8
758 7
759 6
760 9
761 9
762 10
763 9
764 6
765 6
766 6
767 6
768 5
769 3
770 5
771 7
772 7
773 5
774 5
775 6
776 6
777 7
778 8
779 9
780 9
781 9
782 8
783 8
784 7
785 8
786 8
787 9
788 7
789 9
790 6
791 7
792 8
793 7
794 7
795 6
796 6
797 7
798 7
799 8
800 8
801 10
802 10
803 10
804 11
805 10
806 10
807 8
808 8
809 8
810 8
811 7
812 8
813 9
814 9
815 8
816 9
817 8
818 7
819 8
820 7
821 8
822 9
823 6
824 4
825 5
826 5
827 7
828 9
829 8
830 7
831 8
832 7
833 6
834 7
835 7
836 8
837 7
838 7
839 7
840 7
841 8
842 10
843 10
844 10
845 8
846 8
847 7
848 5
849 8
850 7
851 6
852 8
853 7
854 7
855 8
856 8
857 8
858 7
859 7
860 7
861 6
862 5
863 5
864 8
865 7
866 5
867 5
868 8
869 9
870 7
871 7
872 8
873 8
874 9
875 8
876 8
877 7
878 5
879 6
880 8
881 7
882 8
883 7
884 7
885 7
886 7
887 8
888 9
889 7
890 6
891 4
892 5
893 7
894 7
895 6
896 7
897 7
898 7
899 7
900 8
901 8
902 8
903 7
904 7
905 9
906 8
907 8
908 9
909 7
910 8
911 7
912 8
913 8
914 6
915 6
916 6
917 8
918 9
919 10
920 11
921 8
922 7
923 7
924 7
925 5
926 6
927 7
928 8
929 7
930 8
931 8
932 7
933 8
934 8
935 6
936 7
937 8
938 7
939 7
940 8
941 6
942 7
943 7
944 6
945 7
946 7
947 5
948 8
949 8
950 6
951 8
952 6
953 6
954 8
955 9
956 9
957 8
958 7
959 9
960 10
961 9
962 8
963 6
964 6
965 9
966 9
967 9
968 9
969 6
970 8
971 8
972 7
973 7
974 8
975 7
976 6
977 4
978 5
979 5
980 6
981 7
982 6
983 7
984 7
985 7
986 6
987 7
988 7
989 7
990 8
991 8
992 7
993 5
994 6
995 8
996 8
997 6
998 7
999 7
1000 6
