0 70
1 67
2 64
3 59
4 56
5 51
6 49
7 49
8 46
9 43
10 42
11 42
12 40
13 40
14 42
15 42
16 42
17 41
18 40
19 40
20 38
21 37
22 37
23 37
24 36
25 36
26 36
27 34
28 32
29 36
30 36
31 36
32 36
33 37
34 38
35 35
36 36
37 35
38 35
39 37
40 34
41 33
42 33
43 33
44 31
45 30
46 31
47 35
48 35
49 36
50 36
51 34
52 34
53 36
54 37
55 36
56 36
57 36
58 35
59 37
60 37
61 36
62 38
63 40
64 40
65 38
66 40
67 40
68 40
69 38
70 39
71 41
72 42
73 41
74 39
75 39
76 37
77 35
78 34
79 35
80 35
81 37
82 38
83 39
84 36
85 37
86 38
87 38
88 36
89 36
90 37
91 36
92 37
93 39
94 39
95 39
96 39
97 36
98 36
99 36
100 37
101 36
102 36
103 38
104 38
105 38
106 38
107 37
108 37
109 39
110 38
111 39
112 36
113 35
114 36
115 37
116 37
117 36
118 34
119 35
120 36
121 37
122 36
123 36
124 35
125 37
126 37
127 35
128 34
129 36
130 36
131 36
132 37
133 36
134 38
135 37
136 38
137 37
138 39
139 39
140 40
141 38
142 38
143 37
144 36
145 36
146 35
147 34
148 34
149 36
150 37
151 34
152 35
153 37
154 39
155 39
156 39
157 39
158 39
159 38
160 36
161 34
162 37
163 39
164 38
165 39
166 41
167 43
168 39
169 37
170 38
171 37
172 38
173 36
174 33
175 34
176 31
177 30
178 31
179 30
180 31
181 33
182 33
183 32
184 33
185 33
186 34
187 36
188 38
189 38
190 35
191 35
192 36
193 36
194 35
195 35
196 34
197 34
198 34
199 36
200 38
201 39
202 39
203 38
204 39
205 36
206 35
207 35
208 34
209 34
210 35
211 36
212 37
213 31
214 31
215 31
216 31
217 32
218 31
219 29
220 30
221 30
222 31
223 33
224 32
225 31
226 33
227 33
228 34
229 35
230 35
231 36
232 36
233 37
234 35
235 35
236 35
237 36
238 37
239 36
240 35
241 34
242 36
243 34
244 33
245 34
246 36
247 35
248 35
249 36
250 36
251 38
252 40
253 40
254 40
255 40
256 37
257 38
258 40
259 39
260 37
261 38
262 38
263 37
264 39
265 36
266 34
267 36
268 36
269 38
270 34
271 32
272 34
273 34
274 34
275 36
276 39
277 39
278 38
279 38
280 39
281 38
282 40
283 38
284 35
285 30
286 33
287 33
288 33
289 33
290 34
291 33
292 32
293 34
294 34
295 34
296 34
297 38
298 37
299 35
300 36
301 36
302 37
303 38
304 37
305 37
306 36
307 36
308 34
309 35
310 36
311 36
312 34
313 33
314 31
315 29
316 27
317 28
318 25
319 24
320 25
321 25
322 26
323 26
324 27
325 30
326 30
327 31
328 33
329 33
330 33
331 33
332 33
333 33
334 34
335 34
336 35
337 35
338 36
339 37
340 36
341 35
342 33
343 33
344 34
345 32
346 33
347 32
348 33
349 34
350 37
351 35
352 35
353 38
354 39
355 38
356 36
357 37
358 36
359 36
360 35
361 33
362 34
363 33
364 35
365 34
366 34
367 31
368 33
369 34
370 34
371 34
372 34
373 34
374 36
375 37
376 37
377 35
378 34
379 37
380 36
381 33
382 32
383 32
384 34
385 33
386 33
387 34
388 34
389 36
390 35
391 35
392 36
393 36
394 35
395 33
396 35
397 36
398 35
399 34
400 32
401 33
402 32
403 32
404 33
405 35
406 34
407 34
408 35
409 35
410 35
411 35
412 34
413 33
414 35
415 36
416 36
417 37
418 35
419 36
420 37
421 34
422 34
423 32
424 31
425 32
426 32
427 34
428 35
429 36
430 36
431 36
432 36
433 36
434 35
435 36
436 35
437 35
438 35
439 35
440 35
441 36
442 31
443 32
444 30
445 31
446 34
447 34
448 33
449 33
450 34
451 32
452 31
453 32
454 34
455 34
456 31
457 32
458 31
459 29
460 31
461 32
462 31
463 33
464 35
465 35
466 35
467 36
468 38
469 37
470 36
471 38
472 37
473 36
474 35
475 36
476 34
477 33
478 33
479 34
480 36
481 37
482 35
483 35
484 38
485 37
486 36
487 37
488 37
489 35
490 36
491 36
492 35
493 36
494 35
495 33
496 34
497 36
498 35
499 35
500 35
501 33
502 32
503 35
504 37
505 40
506 39
507 40
508 42
509 42
510 40
511 41
512 41
513 40
514 39
515 41
516 39
517 36
518 35
519 33
520 33
521 35
522 35
523 36
524 37
525 39
526 39
527 40
528 37
529 38
530 38
531 37
532 35
533 35
534 34
535 35
536 32
537 33
538 31
539 32
540 31
541 29
542 32
543 33
544 32
545 33
546 33
547 36
548 34
549 34
550 33
551 32
552 31
553 32
554 31
555 31
556 31
557 29
558 30
559 31
560 33
561 32
562 34
563 35
564 34
565 34
566 34
567 35
568 37
569 38
570 36
571 37
572 35
573 35
574 36
575 37
576 35
577 34
578 36
579 37
580 39
581 40
582 40
583 40
584 39
585 39
586 36
587 36
588 39
589 36
590 36
591 35
592 36
593 36
594 36
595 39
596 41
597 40
598 36
599 38
600 39
601 35
602 35
603 35
604 34
605 32
606 32
607 34
608 35
609 36
610 36
611 33
612 35
613 37
614 37
615 36
616 37
617 38
618 37
619 39
620 38
621 37
622 38
623 39
624 38
625 38
626 39
627 40
628 39
629 40
630 39
631 39
632 37
633 35
634 33
635 34
636 35
637 37
638 38
639 38
640 38
641 38
642 37
643 37
644 37
645 37
646 36
647 38
648 37
649 35
650 35
651 36
652 36
653 36
654 33
655 32
656 31
657 31
658 33
659 31
660 30
661 31
662 33
663 34
664 33
665 34
666 36
667 37
668 36
669 37
670 39
671 38
672 39
673 39
674 39
675 37
676 37
677 39
678 38
679 37
680 36
681 37
682 36
683 36
684 36
685 35
686 34
687 34
688 35
689 37
690 36
691 38
692 35
693 35
694 34
695 36
696 36
697 36
698 36
699 36
700 36
701 35
702 37
703 33
704 33
705 34
706 36
707 36
708 37
709 36
710 37
711 38
712 38
713 37
714 36
715 36
716 37
717 37
718 38
719 38
720 35
721 34
722 35
723 33
724 33
725 34
726 33
727 33
728 31
729 32
730 33
731 33
732 35
733 33
734 33
735 34
736 35
737 36
738 37
739 33
740 32
741 32
742 31
743 31
744 30
745 30
746 32
747 33
748 35
749 34
750 35
751 34
752 35
753 37
754 38
755 37
756 36
757 34
758 33
759 32
760 33
761 34
762 35
763 34
764 36
765 37
766 37
767 35
768 36
769 35
770 36
771 35
772 37
773 38
774 39
775 39
776 38
777 37
778 37
779 35
780 38
781 38
782 36
783 38
784 38
785 36
786 34
787 36
788 36
789 36
790 36
791 37
792 37
793 38
794 36
795 33
796 31
797 31
798 32
799 31
800 32
801 33
802 33
803 30
804 34
805 37
806 36
807 33
808 33
809 34
810 31
811 32
812 33
813 34
814 33
815 34
816 32
817 33
818 34
819 35
820 35
821 36
822 36
823 33
824 35
825 36
826 34
827 35
828 32
829 32
830 32
831 31
832 32
833 34
834 34
835 36
836 37
837 39
838 39
839 38
840 38
841 36
842 36
843 37
844 38
845 38
846 36
847 36
848 37
849 37
850 38
851 38
852 39
853 37
854 37
855 38
856 37
857 38
858 39
859 39
860 39
861 37
862 39
863 38
864 39
865 38
866 37
867 37
868 38
869 39
870 38
871 38
872 37
873 37
874 37
875 40
876 40
877 38
878 37
879 38
880 38
881 37
882 37
883 39
884 37
885 37
886 35
887 36
888 35
889 35
890 37
891 36
892 37
893 37
894 36
895 37
896 38
897 39
898 38
899 39
900 39
901 38
902 38
903 38
904 38
905 37
906 38
907 38
908 39
909 39
910 39
911 39
912 38
913 39
914 38
915 39
916 38
917 36
918 37
919 37
920 33
921 34
922 34
923 36
924 38
925 39
926 39
927 40
928 38
929 37
930 37
931 37
932 37
933 38
934 38
935 38
936 39
937 40
938 39
939 39
940 38
941 37
942 37
943 37
944 36
945 35
946 34
947 37
948 37
949 38
950 37
951 35
952 36
953 36
954 35
955 36
956 35
957 35
958 35
959 36
960 37
961 36
962 35
963 35
964 36
965 36
966 35
967 35
968 38
969 37
970 37
971 38
972 36
973 36
974 36
975 36
976 35
977 35
978 37
979 34
980 33
981 33
982 32
983 32
984 33
985 33
986 33
987 33
988 31
989 32
990 32
991 31
992 33
993 35
994 34
995 35
996 35
997 36
998 36
999 37
1000 35
