0 50
1 38
2 34
3 30
4 31
5 32
6 30
7 32
8 32
9 33
10 32
11 32
12 34
13 32
14 32
15 34
16 34
17 33
18 36
19 35
20 34
21 36
22 33
23 32
24 31
25 33
26 32
27 30
28 32
29 32
30 31
31 29
32 32
33 33
34 33
35 31
36 33
37 38
38 34
39 34
40 34
41 29
42 26
43 28
44 29
45 32
46 30
47 28
48 31
49 31
50 34
51 32
52 31
53 30
54 32
55 30
56 32
57 35
58 33
59 30
60 32
61 31
62 34
63 30
64 33
65 29
66 29
67 31
68 33
69 32
70 32
71 30
72 32
73 31
74 32
75 30
76 31
77 30
78 29
79 34
80 30
81 31
82 30
83 30
84 31
85 29
86 31
87 29
88 25
89 31
90 33
91 34
92 35
93 31
94 33
95 34
96 27
97 33
98 32
99 30
100 29
101 32
102 34
103 31
104 30
105 32
106 31
107 33
108 34
109 34
110 33
111 32
112 32
113 33
114 34
115 33
116 35
117 34
118 32
119 29
120 31
121 34
122 31
123 28
124 31
125 28
126 32
127 32
128 34
129 30
130 32
131 35
132 33
133 30
134 28
135 31
136 30
137 31
138 32
139 37
140 32
141 32
142 26
143 26
144 31
145 34
146 33
147 34
148 32
149 31
150 33
151 31
152 28
153 30
154 32
155 33
156 31
157 31
158 34
159 34
160 30
161 33
162 29
163 31
164 30
165 31
166 34
167 31
168 31
169 32
170 31
171 32
172 32
173 32
174 30
175 33
176 30
177 32
178 32
179 32
180 27
181 32
182 29
183 33
184 32
185 29
186 32
187 32
188 35
189 35
190 32
191 33
192 33
193 34
194 32
195 30
196 31
197 32
198 31
199 33
200 30
201 29
202 31
203 30
204 28
205 31
206 34
207 33
208 36
209 32
210 32
211 31
212 29
213 32
214 33
215 31
216 29
217 26
218 30
219 33
220 31
221 28
222 28
223 27
224 31
225 31
226 29
227 30
228 30
229 33
230 33
231 34
232 31
233 32
234 31
235 31
236 30
237 32
238 32
239 33
240 35
241 33
242 29
243 31
244 33
245 32
246 32
247 31
248 28
249 31
250 30
251 32
252 33
253 32
254 32
255 33
256 33
257 31
258 28
259 31
260 32
261 34
262 34
263 33
264 33
265 33
266 31
267 32
268 28
269 30
270 31
271 31
272 30
273 31
274 31
275 33
276 31
277 32
278 30
279 27
280 28
281 30
282 32
283 32
284 34
285 32
286 32
287 33
288 32
289 33
290 34
291 33
292 31
293 34
294 32
295 30
296 30
297 32
298 34
299 32
300 33
301 29
302 29
303 30
304 28
305 30
306 30
307 32
308 32
309 29
310 33
311 32
312 31
313 29
314 32
315 31
316 31
317 34
318 33
319 33
320 31
321 32
322 28
323 29
324 35
325 34
326 33
327 36
328 31
329 33
330 33
331 32
332 33
333 32
334 29
335 34
336 32
337 31
338 31
339 30
340 31
341 35
342 35
343 28
344 28
345 29
346 30
347 33
348 33
349 32
350 33
351 31
352 30
353 29
354 30
355 31
356 33
357 31
358 33
359 33
360 32
361 32
362 31
363 34
364 33
365 30
366 33
367 36
368 32
369 33
370 31
371 28
372 26
373 28
374 30
375 28
376 31
377 34
378 32
379 35
380 36
381 34
382 29
383 30
384 31
385 34
386 34
387 32
388 29
389 27
390 34
391 29
392 32
393 30
394 33
395 31
396 31
397 29
398 30
399 33
400 31
401 31
402 34
403 37
404 35
405 34
406 33
407 34
408 33
409 31
410 30
411 31
412 30
413 31
414 31
415 30
416 33
417 35
418 33
419 33
420 33
421 32
422 32
423 33
424 30
425 33
426 31
427 33
428 33
429 29
430 29
431 29
432 32
433 32
434 28
435 33
436 33
437 35
438 34
439 37
440 36
441 33
442 34
443 31
444 29
445 30
446 33
447 34
448 31
449 30
450 30
451 32
452 30
453 32
454 29
455 30
456 34
457 33
458 31
459 33
460 31
461 32
462 28
463 29
464 32
465 34
466 33
467 33
468 30
469 31
470 28
471 26
472 25
473 29
474 30
475 31
476 30
477 31
478 29
479 31
480 33
481 30
482 33
483 31
484 31
485 32
486 38
487 35
488 29
489 31
490 30
491 28
492 31
493 32
494 31
495 32
496 33
497 33
498 30
499 31
500 34
501 33
502 30
503 34
504 33
505 35
506 34
507 33
508 35
509 32
510 33
511 35
512 34
513 29
514 32
515 31
516 32
517 31
518 29
519 33
520 30
521 31
522 30
523 31
524 34
525 28
526 31
527 34
528 30
529 32
530 32
531 33
532 34
533 33
534 33
535 30
536 32
537 31
538 36
539 33
540 31
541 33
542 33
543 30
544 31
545 33
546 32
547 34
548 32
549 31
550 31
551 32
552 34
553 32
554 34
555 31
556 31
557 31
558 31
559 30
560 30
561 32
562 33
563 32
564 30
565 33
566 33
567 33
568 34
569 30
570 33
571 34
572 34
573 35
574 32
575 34
576 33
577 32
578 31
579 29
580 32
581 35
582 31
583 29
584 30
585 31
586 32
587 33
588 36
589 33
590 32
591 34
592 33
593 34
594 35
595 27
596 25
597 29
598 31
599 31
600 32
601 33
602 35
603 31
604 30
605 33
606 29
607 27
608 29
609 33
610 34
611 33
612 34
613 33
614 28
615 28
616 29
617 34
618 32
619 33
620 31
621 34
622 34
623 30
624 36
625 34
626 26
627 32
628 32
629 33
630 31
631 28
632 31
633 35
634 35
635 32
636 30
637 28
638 32
639 33
640 32
641 30
642 31
643 29
644 32
645 29
646 34
647 30
648 32
649 33
650 33
651 35
652 34
653 36
654 33
655 31
656 31
657 32
658 33
659 32
660 30
661 30
662 30
663 33
664 35
665 31
666 35
667 33
668 35
669 32
670 31
671 31
672 33
673 26
674 30
675 28
676 34
677 33
678 32
679 32
680 33
681 33
682 32
683 31
684 32
685 33
686 33
687 29
688 33
689 30
690 32
691 33
692 32
693 32
694 31
695 31
696 29
697 28
698 30
699 30
700 31
701 34
702 35
703 31
704 34
705 30
706 30
707 32
708 33
709 33
710 32
711 31
712 31
713 32
714 31
715 32
716 28
717 24
718 31
719 37
720 30
721 35
722 34
723 34
724 32
725 31
726 31
727 30
728 27
729 31
730 33
731 33
732 31
733 35
734 33
735 29
736 31
737 32
738 34
739 36
740 32
741 31
742 32
743 34
744 35
745 29
746 30
747 33
748 32
749 31
750 31
751 32
752 30
753 28
754 27
755 28
756 26
757 30
758 26
759 34
760 35
761 31
762 33
763 32
764 34
765 31
766 27
767 31
768 25
769 29
770 31
771 26
772 28
773 29
774 27
775 29
776 30
777 32
778 34
779 29
780 31
781 34
782 31
783 31
784 30
785 30
786 31
787 34
788 32
789 30
790 35
791 34
792 33
793 33
794 31
795 29
796 32
797 30
798 34
799 33
800 32
801 31
802 32
803 33
804 34
805 34
806 31
807 34
808 35
809 29
810 32
811 32
812 33
813 34
814 34
815 33
816 33
817 30
818 31
819 31
820 30
821 29
822 29
823 29
824 30
825 23
826 28
827 30
828 33
829 34
830 32
831 33
832 31
833 34
834 35
835 35
836 37
837 31
838 30
839 32
840 32
841 31
842 33
843 28
844 27
845 28
846 32
847 32
848 30
849 31
850 30
851 30
852 26
853 27
854 31
855 31
856 34
857 35
858 31
859 33
860 35
861 35
862 33
863 27
864 29
865 32
866 32
867 33
868 32
869 34
870 31
871 33
872 33
873 33
874 32
875 29
876 30
877 32
878 33
879 34
880 33
881 34
882 34
883 28
884 29
885 31
886 31
887 34
888 35
889 31
890 32
891 34
892 33
893 32
894 35
895 31
896 32
897 32
898 32
899 33
900 35
901 30
902 31
903 30
904 31
905 33
906 34
907 36
908 36
909 34
910 32
911 32
912 29
913 28
914 32
915 35
916 28
917 31
918 35
919 30
920 29
921 29
922 30
923 29
924 31
925 30
926 29
927 30
928 32
929 30
930 28
931 28
932 27
933 27
934 33
935 29
936 26
937 31
938 33
939 27
940 31
941 32
942 31
943 30
944 31
945 33
946 32
947 31
948 29
949 29
950 31
951 34
952 32
953 34
954 35
955 34
956 35
957 35
958 31
959 32
960 32
961 30
962 32
963 33
964 29
965 30
966 30
967 34
968 33
969 30
970 31
971 32
972 32
973 29
974 32
975 35
976 31
977 31
978 28
979 29
980 32
981 31
982 32
983 29
984 32
985 30
986 32
987 29
988 26
989 31
990 33
991 30
992 31
993 33
994 30
995 32
996 31
997 29
998 33
999 33
1000 35
