0 95
1 89
2 81
3 75
4 71
5 69
6 66
7 65
8 62
9 63
10 61
11 60
12 56
13 54
14 55
15 57
16 55
17 53
18 53
19 55
20 53
21 51
22 50
23 49
24 50
25 51
26 46
27 48
28 51
29 47
30 46
31 49
32 48
33 49
34 50
35 49
36 49
37 49
38 48
39 46
40 47
41 50
42 48
43 51
44 51
45 50
46 49
47 51
48 52
49 55
50 52
51 53
52 51
53 54
54 53
55 54
56 55
57 53
58 53
59 53
60 52
61 53
62 52
63 53
64 53
65 52
66 52
67 51
68 52
69 51
70 51
71 51
72 49
73 50
74 48
75 51
76 52
77 50
78 51
79 51
80 52
81 52
82 54
83 54
84 55
85 57
86 56
87 59
88 57
89 57
90 59
91 56
92 58
93 58
94 57
95 53
96 54
97 54
98 54
99 54
100 52
101 53
102 51
103 51
104 54
105 53
106 53
107 54
108 54
109 53
110 54
111 53
112 54
113 53
114 51
115 50
116 49
117 51
118 51
119 52
120 53
121 53
122 54
123 52
124 55
125 56
126 56
127 58
128 53
129 55
130 55
131 56
132 55
133 56
134 55
135 55
136 52
137 51
138 52
139 52
140 52
141 52
142 52
143 49
144 51
145 48
146 48
147 49
148 51
149 49
150 48
151 47
152 47
153 46
154 45
155 46
156 46
157 47
158 51
159 48
160 52
161 52
162 53
163 52
164 52
165 53
166 55
167 53
168 53
169 51
170 50
171 52
172 53
173 52
174 56
175 57
176 55
177 55
178 57
179 55
180 55
181 56
182 56
183 56
184 56
185 55
186 55
187 54
188 52
189 53
190 54
191 53
192 55
193 56
194 51
195 50
196 49
197 47
198 49
199 51
200 54
201 54
202 51
203 50
204 48
205 49
206 52
207 52
208 54
209 54
210 53
211 54
212 54
213 53
214 51
215 52
216 54
217 55
218 54
219 53
220 54
221 56
222 54
223 56
224 54
225 53
226 48
227 50
228 52
229 52
230 53
231 51
232 52
233 52
234 52
235 51
236 52
237 50
238 48
239 51
240 51
241 52
242 53
243 52
244 54
245 54
246 52
247 52
248 50
249 50
250 48
251 48
252 49
253 53
254 52
255 48
256 48
257 48
258 50
259 51
260 53
261 52
262 54
263 56
264 54
265 55
266 56
267 53
268 54
269 51
270 52
271 54
272 54
273 54
274 52
275 47
276 50
277 48
278 50
279 49
280 50
281 52
282 52
283 54
284 49
285 50
286 53
287 52
288 53
289 53
290 51
291 52
292 53
293 53
294 52
295 52
296 52
297 56
298 56
299 54
300 55
301 52
302 53
303 52
304 53
305 52
306 53
307 53
308 52
309 52
310 50
311 49
312 50
313 50
314 50
315 53
316 50
317 52
318 55
319 52
320 52
321 51
322 51
323 49
324 50
325 52
326 53
327 53
328 52
329 51
330 51
331 50
332 51
333 51
334 50
335 47
336 48
337 44
338 42
339 42
340 43
341 41
342 44
343 44
344 46
345 47
346 47
347 47
348 49
349 50
350 48
351 46
352 47
353 48
354 48
355 49
356 48
357 50
358 48
359 49
360 48
361 47
362 46
363 48
364 46
365 46
366 47
367 48
368 49
369 50
370 52
371 51
372 51
373 52
374 53
375 53
376 52
377 50
378 50
379 49
380 51
381 53
382 53
383 53
384 52
385 50
386 48
387 48
388 48
389 48
390 47
391 46
392 45
393 47
394 48
395 52
396 51
397 52
398 51
399 52
400 51
401 51
402 53
403 54
404 56
405 57
406 57
407 55
408 53
409 54
410 56
411 55
412 56
413 57
414 56
415 55
416 57
417 53
418 51
419 50
420 52
421 54
422 53
423 53
424 52
425 55
426 54
427 55
428 55
429 56
430 57
431 57
432 56
433 56
434 56
435 55
436 55
437 54
438 54
439 54
440 50
441 50
442 48
443 53
444 55
445 56
446 55
447 59
448 59
449 59
450 60
451 57
452 56
453 55
454 56
455 56
456 56
457 55
458 51
459 50
460 50
461 48
462 49
463 50
464 55
465 52
466 48
467 44
468 46
469 47
470 47
471 47
472 48
473 48
474 46
475 48
476 50
477 49
478 48
479 47
480 48
481 45
482 46
483 45
484 47
485 47
486 45
487 46
488 43
489 44
490 46
491 47
492 48
493 46
494 48
495 48
496 47
497 48
498 45
499 46
500 49
501 47
502 49
503 51
504 50
505 51
506 52
507 51
508 52
509 51
510 49
511 47
512 50
513 50
514 51
515 52
516 53
517 54
518 54
519 53
520 52
521 50
522 51
523 52
524 54
525 54
526 54
527 55
528 53
529 54
530 57
531 54
532 54
533 54
534 54
535 56
536 57
537 57
538 56
539 55
540 57
541 59
542 58
543 59
544 61
545 59
546 59
547 59
548 56
549 57
550 55
551 54
552 56
553 56
554 55
555 57
556 58
557 54
558 55
559 55
560 56
561 53
562 54
563 52
564 53
565 51
566 52
567 53
568 53
569 52
570 51
571 48
572 48
573 46
574 48
575 49
576 50
577 50
578 49
579 49
580 51
581 49
582 49
583 51
584 50
585 51
586 50
587 45
588 44
589 47
590 47
591 51
592 50
593 50
594 48
595 50
596 48
597 48
598 48
599 46
600 48
601 47
602 49
603 49
604 48
605 47
606 47
607 50
608 51
609 51
610 53
611 55
612 52
613 50
614 52
615 53
616 53
617 53
618 56
619 54
620 54
621 54
622 52
623 50
624 50
625 48
626 49
627 51
628 53
629 52
630 50
631 48
632 49
633 49
634 48
635 49
636 47
637 50
638 49
639 52
640 51
641 52
642 52
643 53
644 53
645 54
646 52
647 52
648 54
649 51
650 52
651 54
652 51
653 50
654 54
655 52
656 51
657 51
658 53
659 50
660 51
661 50
662 50
663 48
664 48
665 49
666 51
667 49
668 52
669 53
670 53
671 52
672 52
673 53
674 54
675 52
676 54
677 55
678 54
679 54
680 56
681 54
682 51
683 51
684 52
685 54
686 51
687 50
688 50
689 48
690 49
691 49
692 46
693 49
694 49
695 51
696 52
697 50
698 50
699 50
700 49
701 51
702 52
703 54
704 54
705 53
706 52
707 53
708 53
709 51
710 51
711 53
712 54
713 54
714 55
715 53
716 53
717 54
718 52
719 53
720 52
721 55
722 51
723 52
724 51
725 49
726 50
727 48
728 48
729 46
730 47
731 48
732 51
733 51
734 52
735 53
736 52
737 52
738 53
739 53
740 52
741 50
742 51
743 48
744 49
745 50
746 51
747 50
748 50
749 50
750 49
751 50
752 52
753 53
754 53
755 54
756 53
757 52
758 53
759 53
760 54
761 53
762 53
763 50
764 52
765 53
766 53
767 49
768 50
769 48
770 50
771 50
772 52
773 51
774 51
775 52
776 50
777 48
778 50
779 50
780 53
781 54
782 50
783 52
784 50
785 51
786 51
787 51
788 50
789 48
790 51
791 52
792 49
793 49
794 52
795 52
796 53
797 54
798 54
799 56
800 55
801 55
802 55
803 56
804 57
805 57
806 56
807 55
808 53
809 54
810 54
811 54
812 53
813 52
814 51
815 50
816 51
817 52
818 50
819 52
820 53
821 55
822 57
823 57
824 60
825 58
826 55
827 55
828 55
829 55
830 55
831 56
832 56
833 56
834 58
835 59
836 57
837 54
838 52
839 52
840 54
841 53
842 52
843 49
844 49
845 49
846 48
847 48
848 46
849 47
850 47
851 50
852 48
853 49
854 50
855 52
856 52
857 52
858 53
859 51
860 52
861 51
862 50
863 50
864 48
865 51
866 54
867 55
868 54
869 50
870 49
871 49
872 51
873 54
874 55
875 55
876 55
877 56
878 53
879 53
880 51
881 50
882 48
883 50
884 49
885 50
886 51
887 53
888 54
889 56
890 55
891 53
892 54
893 56
894 55
895 55
896 53
897 54
898 56
899 56
900 58
901 57
902 57
903 58
904 57
905 57
906 55
907 55
908 56
909 57
910 56
911 55
912 56
913 54
914 50
915 49
916 49
917 46
918 49
919 49
920 48
921 50
922 50
923 46
924 49
925 49
926 49
927 48
928 49
929 49
930 50
931 48
932 48
933 49
934 49
935 52
936 53
937 52
938 52
939 50
940 50
941 52
942 49
943 51
944 49
945 49
946 50
947 48
948 52
949 54
950 54
951 54
952 52
953 51
954 50
955 53
956 54
957 53
958 50
959 50
960 49
961 51
962 52
963 51
964 53
965 50
966 51
967 48
968 50
969 52
970 51
971 54
972 53
973 51
974 53
975 50
976 50
977 52
978 55
979 55
980 54
981 53
982 53
983 53
984 53
985 53
986 56
987 56
988 56
989 54
990 52
991 52
992 52
993 55
994 54
995 53
996 52
997 50
998 50
999 51
1000 50
