0 35
1 28
2 23
3 22
4 21
5 23
6 22
7 19
8 17
9 17
10 17
11 19
12 22
13 21
14 17
15 21
16 21
17 21
18 21
19 21
20 22
21 21
22 21
23 20
24 21
25 20
26 20
27 22
28 21
29 17
30 20
31 21
32 20
33 18
34 19
35 20
36 21
37 20
38 21
39 17
40 18
41 21
42 20
43 22
44 23
45 19
46 20
47 20
48 21
49 22
50 24
51 24
52 22
53 22
54 20
55 22
56 19
57 20
58 21
59 21
60 19
61 21
62 22
63 20
64 20
65 22
66 22
67 21
68 21
69 19
70 19
71 20
72 21
73 20
74 21
75 22
76 22
77 22
78 23
79 24
80 22
81 20
82 23
83 21
84 19
85 16
86 18
87 17
88 20
89 20
90 19
91 16
92 18
93 16
94 17
95 18
96 17
97 19
98 20
99 20
100 20
101 22
102 20
103 21
104 23
105 20
106 19
107 20
108 20
109 19
110 18
111 18
112 20
113 20
114 23
115 22
116 24
117 24
118 24
119 24
120 20
121 21
122 21
123 19
124 21
125 21
126 25
127 22
128 18
129 20
130 21
131 18
132 20
133 20
134 21
135 24
136 22
137 20
138 20
139 21
140 21
141 21
142 22
143 21
144 18
145 16
146 18
147 19
148 18
149 21
150 21
151 20
152 21
153 23
154 24
155 23
156 21
157 19
158 20
159 20
160 21
161 22
162 19
163 21
164 17
165 18
166 18
167 20
168 21
169 22
170 20
171 20
172 19
173 16
174 19
175 21
176 20
177 21
178 17
179 20
180 22
181 23
182 22
183 26
184 23
185 22
186 17
187 18
188 15
189 15
190 18
191 20
192 19
193 21
194 17
195 19
196 20
197 20
198 22
199 21
200 23
201 23
202 20
203 22
204 21
205 23
206 22
207 22
208 23
209 21
210 20
211 22
212 23
213 25
214 23
215 22
216 22
217 19
218 20
219 21
220 19
221 20
222 22
223 24
224 22
225 22
226 21
227 23
228 23
229 22
230 24
231 24
232 22
233 21
234 21
235 20
236 19
237 19
238 20
239 21
240 17
241 20
242 21
243 20
244 19
245 20
246 20
247 19
248 16
249 20
250 20
251 22
252 24
253 21
254 19
255 18
256 20
257 19
258 20
259 20
260 20
261 22
262 21
263 21
264 21
265 20
266 19
267 20
268 19
269 22
270 18
271 19
272 19
273 20
274 23
275 22
276 24
277 19
278 18
279 20
280 22
281 21
282 23
283 21
284 21
285 22
286 23
287 20
288 21
289 20
290 22
291 23
292 24
293 23
294 22
295 21
296 23
297 21
298 23
299 21
300 21
301 20
302 20
303 20
304 22
305 19
306 21
307 20
308 21
309 21
310 20
311 20
312 18
313 20
314 22
315 19
316 18
317 18
318 17
319 19
320 19
321 19
322 19
323 21
324 20
325 21
326 21
327 22
328 19
329 22
330 22
331 20
332 22
333 21
334 20
335 18
336 21
337 22
338 22
339 23
340 22
341 23
342 20
343 19
344 22
345 22
346 24
347 23
348 20
349 18
350 21
351 19
352 21
353 22
354 23
355 20
356 19
357 18
358 20
359 24
360 22
361 19
362 21
363 20
364 20
365 20
366 18
367 19
368 17
369 21
370 22
371 21
372 22
373 22
374 20
375 21
376 19
377 19
378 18
379 20
380 18
381 20
382 21
383 18
384 21
385 18
386 18
387 20
388 20
389 20
390 20
391 21
392 20
393 21
394 20
395 20
396 22
397 23
398 21
399 23
400 21
401 21
402 21
403 21
404 23
405 23
406 24
407 24
408 21
409 21
410 18
411 17
412 20
413 21
414 22
415 22
416 16
417 16
418 19
419 20
420 24
421 24
422 19
423 20
424 21
425 20
426 22
427 22
428 23
429 20
430 20
431 21
432 21
433 22
434 20
435 21
436 21
437 23
438 22
439 21
440 22
441 20
442 20
443 22
444 24
445 23
446 24
447 21
448 23
449 22
450 24
451 23
452 21
453 22
454 20
455 20
456 21
457 21
458 20
459 23
460 22
461 24
462 22
463 21
464 22
465 18
466 21
467 17
468 18
469 18
470 17
471 18
472 19
473 18
474 19
475 20
476 21
477 22
478 23
479 20
480 20
481 17
482 20
483 16
484 18
485 20
486 19
487 18
488 19
489 20
490 19
491 17
492 20
493 17
494 20
495 21
496 19
497 22
498 23
499 21
500 19
501 22
502 18
503 20
504 18
505 21
506 23
507 25
508 23
509 24
510 22
511 22
512 19
513 20
514 19
515 20
516 20
517 17
518 14
519 16
520 17
521 17
522 18
523 18
524 17
525 19
526 17
527 18
528 20
529 20
530 22
531 23
532 23
533 22
534 19
535 19
536 20
537 19
538 17
539 20
540 20
541 21
542 23
543 22
544 23
545 23
546 23
547 21
548 21
549 16
550 19
551 20
552 21
553 22
554 21
555 22
556 22
557 19
558 22
559 19
560 20
561 21
562 23
563 22
564 20
565 20
566 21
567 18
568 20
569 18
570 20
571 20
572 20
573 16
574 20
575 21
576 19
577 19
578 20
579 20
580 22
581 19
582 18
583 20
584 23
585 21
586 21
587 18
588 20
589 20
590 20
591 21
592 20
593 20
594 21
595 21
596 20
597 19
598 22
599 19
600 22
601 22
602 21
603 21
604 20
605 21
606 20
607 20
608 22
609 23
610 21
611 22
612 21
613 22
614 18
615 21
616 21
617 22
618 18
619 22
620 22
621 22
622 19
623 20
624 23
625 19
626 22
627 24
628 24
629 22
630 22
631 19
632 18
633 21
634 22
635 22
636 19
637 20
638 22
639 20
640 20
641 19
642 18
643 23
644 24
645 24
646 23
647 21
648 21
649 21
650 21
651 21
652 22
653 19
654 19
655 19
656 20
657 19
658 21
659 20
660 21
661 17
662 20
663 20
664 22
665 22
666 22
667 20
668 21
669 21
670 19
671 20
672 21
673 20
674 20
675 18
676 21
677 20
678 21
679 21
680 22
681 19
682 21
683 22
684 19
685 21
686 18
687 20
688 19
689 19
690 19
691 19
692 20
693 19
694 21
695 23
696 25
697 24
698 24
699 17
700 17
701 21
702 22
703 23
704 23
705 22
706 22
707 22
708 23
709 22
710 21
711 20
712 17
713 20
714 21
715 18
716 18
717 20
718 20
719 20
720 21
721 23
722 21
723 22
724 19
725 17
726 16
727 20
728 20
729 19
730 18
731 17
732 20
733 21
734 20
735 21
736 22
737 22
738 20
739 23
740 22
741 21
742 17
743 17
744 17
745 19
746 20
747 22
748 20
749 17
750 20
751 21
752 18
753 20
754 20
755 21
756 19
757 20
758 18
759 18
760 19
761 18
762 15
763 16
764 20
765 21
766 17
767 17
768 19
769 21
770 19
771 18
772 20
773 21
774 16
775 15
776 18
777 18
778 19
779 19
780 19
781 20
782 19
783 19
784 19
785 18
786 22
787 20
788 18
789 19
790 20
791 21
792 22
793 22
794 21
795 18
796 18
797 19
798 20
799 21
800 20
801 20
802 20
803 22
804 22
805 21
806 22
807 20
808 18
809 19
810 21
811 22
812 21
813 19
814 18
815 21
816 22
817 22
818 24
819 24
820 21
821 21
822 18
823 17
824 20
825 20
826 22
827 20
828 21
829 22
830 20
831 17
832 20
833 21
834 21
835 21
836 20
837 19
838 20
839 20
840 21
841 22
842 20
843 22
844 20
845 19
846 20
847 22
848 19
849 21
850 21
851 16
852 20
853 21
854 22
855 21
856 21
857 23
858 23
859 22
860 22
861 22
862 22
863 22
864 19
865 20
866 20
867 22
868 23
869 21
870 24
871 23
872 20
873 20
874 20
875 20
876 19
877 19
878 20
879 19
880 18
881 20
882 20
883 22
884 23
885 23
886 22
887 17
888 18
889 17
890 20
891 20
892 21
893 21
894 22
895 20
896 22
897 24
898 22
899 20
900 19
901 20
902 20
903 21
904 18
905 19
906 22
907 21
908 20
909 23
910 22
911 21
912 18
913 20
914 20
915 20
916 18
917 21
918 22
919 19
920 21
921 22
922 21
923 18
924 21
925 22
926 20
927 21
928 21
929 20
930 19
931 21
932 22
933 21
934 21
935 22
936 21
937 23
938 22
939 17
940 15
941 18
942 19
943 23
944 20
945 20
946 21
947 20
948 20
949 22
950 24
951 23
952 22
953 20
954 21
955 19
956 19
957 22
958 19
959 20
960 19
961 19
962 18
963 20
964 21
965 20
966 21
967 19
968 18
969 18
970 20
971 19
972 18
973 19
974 21
975 21
976 23
977 21
978 19
979 22
980 22
981 23
982 21
983 17
984 21
985 20
986 21
987 20
988 19
989 22
990 22
991 21
992 22
993 22
994 20
995 19
996 18
997 20
998 22
999 20
1000 14
