0 100
1 74
2 71
3 68
4 68
5 70
6 69
7 66
8 71
9 68
10 69
11 67
12 63
13 70
14 70
15 67
16 68
17 64
18 65
19 67
20 66
21 70
22 71
23 69
24 66
25 68
26 72
27 72
28 62
29 65
30 65
31 72
32 73
33 69
34 70
35 71
36 69
37 69
38 72
39 70
40 66
41 68
42 68
43 70
44 66
45 68
46 64
47 67
48 65
49 71
50 63
51 68
52 70
53 64
54 64
55 64
56 73
57 65
58 69
59 69
60 67
61 66
62 66
63 65
64 67
65 67
66 68
67 69
68 69
69 67
70 73
71 73
72 72
73 69
74 70
75 72
76 71
77 70
78 68
79 72
80 70
81 69
82 63
83 71
84 70
85 68
86 68
87 73
88 72
89 63
90 67
91 71
92 68
93 63
94 67
95 68
96 68
97 69
98 66
99 71
100 68
101 67
102 65
103 68
104 62
105 70
106 70
107 72
108 75
109 68
110 67
111 72
112 68
113 65
114 67
115 75
116 77
117 76
118 69
119 67
120 72
121 74
122 71
123 65
124 70
125 66
126 62
127 67
128 69
129 65
130 68
131 67
132 65
133 69
134 70
135 68
136 70
137 65
138 67
139 64
140 60
141 64
142 68
143 66
144 66
145 65
146 71
147 70
148 68
149 69
150 72
151 73
152 64
153 69
154 68
155 66
156 70
157 69
158 71
159 73
160 68
161 66
162 63
163 66
164 69
165 66
166 71
167 68
168 69
169 71
170 70
171 62
172 64
173 66
174 63
175 67
176 71
177 74
178 76
179 70
180 71
181 73
182 66
183 69
184 65
185 72
186 72
187 65
188 65
189 64
190 63
191 66
192 67
193 73
194 69
195 68
196 69
197 68
198 68
199 70
200 69
201 65
202 67
203 66
204 71
205 70
206 71
207 67
208 65
209 67
210 67
211 69
212 71
213 74
214 73
215 68
216 65
217 67
218 66
219 61
220 66
221 66
222 67
223 66
224 69
225 67
226 69
227 68
228 64
229 70
230 67
231 64
232 66
233 72
234 67
235 66
236 71
237 69
238 70
239 65
240 63
241 60
242 68
243 66
244 65
245 68
246 67
247 68
248 69
249 70
250 73
251 72
252 69
253 67
254 67
255 67
256 65
257 69
258 66
259 63
260 72
261 71
262 72
263 69
264 65
265 67
266 70
267 68
268 69
269 73
270 70
271 67
272 64
273 64
274 73
275 71
276 65
277 67
278 68
279 68
280 67
281 71
282 69
283 65
284 67
285 68
286 68
287 71
288 68
289 70
290 71
291 70
292 70
293 67
294 69
295 66
296 70
297 70
298 69
299 67
300 67
301 69
302 72
303 73
304 70
305 64
306 62
307 68
308 66
309 68
310 72
311 63
312 66
313 61
314 67
315 66
316 65
317 63
318 67
319 67
320 68
321 64
322 68
323 71
324 73
325 71
326 73
327 64
328 66
329 70
330 69
331 67
332 70
333 70
334 69
335 64
336 58
337 66
338 65
339 69
340 70
341 70
342 68
343 66
344 70
345 70
346 71
347 71
348 68
349 69
350 71
351 69
352 65
353 65
354 66
355 69
356 70
357 62
358 66
359 67
360 71
361 70
362 71
363 66
364 72
365 76
366 74
367 70
368 68
369 65
370 68
371 62
372 71
373 72
374 67
375 68
376 63
377 71
378 68
379 68
380 68
381 68
382 68
383 66
384 69
385 73
386 69
387 63
388 62
389 65
390 64
391 67
392 67
393 70
394 71
395 65
396 66
397 73
398 68
399 64
400 70
401 74
402 72
403 72
404 70
405 70
406 71
407 70
408 73
409 70
410 70
411 66
412 68
413 66
414 65
415 63
416 65
417 72
418 68
419 73
420 72
421 74
422 76
423 75
424 75
425 72
426 62
427 67
428 71
429 73
430 71
431 69
432 65
433 67
434 62
435 62
436 69
437 66
438 64
439 69
440 71
441 71
442 66
443 66
444 60
445 66
446 69
447 70
448 72
449 68
450 66
451 66
452 71
453 71
454 67
455 66
456 68
457 71
458 73
459 73
460 68
461 67
462 71
463 74
464 72
465 66
466 67
467 67
468 71
469 75
470 71
471 72
472 71
473 67
474 66
475 64
476 67
477 63
478 73
479 73
480 70
481 69
482 68
483 65
484 67
485 71
486 71
487 64
488 67
489 69
490 69
491 70
492 71
493 72
494 74
495 69
496 69
497 68
498 70
499 72
500 70
501 71
502 66
503 68
504 69
505 74
506 71
507 70
508 72
509 66
510 73
511 71
512 66
513 70
514 71
515 66
516 60
517 61
518 66
519 72
520 65
521 67
522 59
523 68
524 70
525 75
526 67
527 67
528 68
529 73
530 66
531 71
532 71
533 67
534 71
535 72
536 70
537 70
538 67
539 62
540 64
541 68
542 70
543 69
544 69
545 71
546 66
547 69
548 67
549 67
550 64
551 67
552 69
553 67
554 60
555 64
556 65
557 69
558 72
559 69
560 73
561 74
562 75
563 71
564 72
565 68
566 68
567 68
568 69
569 70
570 63
571 64
572 68
573 69
574 64
575 67
576 62
577 68
578 66
579 67
580 70
581 73
582 67
583 62
584 69
585 69
586 68
587 69
588 64
589 64
590 66
591 65
592 67
593 73
594 71
595 65
596 62
597 57
598 64
599 68
600 65
601 70
602 70
603 70
604 72
605 67
606 69
607 68
608 66
609 62
610 68
611 68
612 70
613 73
614 65
615 64
616 67
617 67
618 66
619 70
620 70
621 73
622 73
623 74
624 70
625 69
626 72
627 71
628 70
629 71
630 69
631 71
632 68
633 65
634 73
635 68
636 72
637 67
638 67
639 65
640 66
641 65
642 63
643 63
644 66
645 72
646 70
647 69
648 70
649 64
650 66
651 72
652 66
653 68
654 71
655 65
656 66
657 71
658 71
659 70
660 70
661 63
662 65
663 68
664 70
665 72
666 68
667 67
668 68
669 74
670 66
671 67
672 66
673 66
674 69
675 72
676 69
677 66
678 69
679 68
680 68
681 67
682 64
683 67
684 67
685 63
686 69
687 68
688 73
689 68
690 70
691 68
692 72
693 74
694 74
695 71
696 68
697 67
698 72
699 75
700 71
701 71
702 67
703 64
704 66
705 67
706 67
707 70
708 68
709 76
710 72
711 71
712 73
713 76
714 70
715 68
716 73
717 70
718 70
719 66
720 68
721 69
722 68
723 68
724 62
725 60
726 70
727 69
728 60
729 67
730 72
731 69
732 65
733 67
734 64
735 67
736 59
737 62
738 70
739 66
740 71
741 67
742 68
743 69
744 72
745 69
746 69
747 71
748 72
749 65
750 73
751 68
752 70
753 67
754 61
755 65
756 62
757 63
758 68
759 70
760 68
761 69
762 67
763 60
764 62
765 66
766 65
767 70
768 74
769 72
770 72
771 72
772 74
773 75
774 74
775 72
776 70
777 70
778 64
779 62
780 63
781 66
782 69
783 73
784 70
785 70
786 65
787 67
788 64
789 66
790 72
791 66
792 71
793 72
794 69
795 64
796 67
797 73
798 72
799 66
800 60
801 66
802 66
803 61
804 66
805 68
806 68
807 68
808 68
809 70
810 72
811 72
812 68
813 72
814 74
815 71
816 72
817 74
818 71
819 71
820 69
821 69
822 68
823 69
824 68
825 66
826 64
827 69
828 66
829 70
830 67
831 67
832 70
833 67
834 70
835 69
836 70
837 71
838 70
839 70
840 64
841 69
842 69
843 67
844 69
845 69
846 64
847 65
848 69
849 71
850 70
851 67
852 68
853 69
854 66
855 70
856 72
857 66
858 66
859 68
860 68
861 65
862 68
863 69
864 70
865 70
866 63
867 66
868 69
869 69
870 66
871 67
872 64
873 65
874 69
875 66
876 71
877 70
878 68
879 65
880 63
881 67
882 65
883 68
884 67
885 70
886 69
887 63
888 69
889 67
890 69
891 73
892 70
893 68
894 68
895 65
896 63
897 70
898 65
899 63
900 59
901 67
902 66
903 66
904 67
905 65
906 66
907 61
908 66
909 69
910 68
911 65
912 68
913 72
914 73
915 67
916 65
917 63
918 66
919 69
920 69
921 65
922 71
923 67
924 63
925 72
926 70
927 74
928 72
929 70
930 69
931 67
932 70
933 69
934 66
935 65
936 67
937 67
938 71
939 67
940 69
941 68
942 67
943 69
944 67
945 67
946 67
947 73
948 72
949 74
950 70
951 66
952 64
953 63
954 64
955 68
956 67
957 61
958 66
959 66
960 70
961 70
962 71
963 67
964 69
965 66
966 66
967 64
968 64
969 70
970 74
971 70
972 71
973 69
974 65
975 67
976 62
977 64
978 68
979 62
980 64
981 66
982 66
983 63
984 66
985 68
986 65
987 66
988 71
989 69
990 69
991 66
992 65
993 69
994 64
995 67
996 65
997 68
998 69
999 72
1000 63
