0 25
1 19
2 15
3 15
4 14
5 15
6 17
7 16
8 14
9 15
10 11
11 16
12 15
13 13
14 14
15 17
16 14
17 13
18 15
19 15
20 15
21 18
22 18
23 16
24 17
25 12
26 13
27 16
28 14
29 16
30 16
31 16
32 17
33 16
34 17
35 16
36 15
37 17
38 12
39 14
40 16
41 15
42 13
43 14
44 16
45 15
46 16
47 15
48 18
49 15
50 14
51 17
52 14
53 15
54 18
55 14
56 15
57 13
58 16
59 13
60 14
61 14
62 14
63 15
64 15
65 16
66 15
67 15
68 13
69 16
70 13
71 13
72 15
73 17
74 16
75 15
76 15
77 17
78 16
79 14
80 14
81 13
82 13
83 17
84 13
85 17
86 17
87 17
88 13
89 12
90 14
91 14
92 13
93 13
94 15
95 18
96 16
97 15
98 17
99 17
100 18
101 16
102 13
103 15
104 14
105 13
106 15
107 13
108 15
109 18
110 17
111 16
112 17
113 15
114 14
115 14
116 15
117 16
118 17
119 14
120 14
121 14
122 15
123 12
124 17
125 18
126 16
127 15
128 14
129 14
130 14
131 15
132 14
133 18
134 13
135 14
136 14
137 15
138 14
139 12
140 15
141 14
142 15
143 14
144 14
145 16
146 17
147 12
148 11
149 13
150 16
151 13
152 15
153 15
154 18
155 17
156 15
157 16
158 13
159 16
160 14
161 14
162 12
163 14
164 17
165 16
166 16
167 16
168 14
169 14
170 15
171 18
172 15
173 17
174 17
175 16
176 13
177 16
178 16
179 16
180 17
181 14
182 16
183 17
184 16
185 14
186 17
187 14
188 17
189 18
190 16
191 16
192 17
193 16
194 15
195 16
196 14
197 15
198 16
199 18
200 17
201 16
202 16
203 16
204 17
205 14
206 15
207 13
208 15
209 13
210 17
211 14
212 14
213 15
214 16
215 16
216 16
217 15
218 14
219 15
220 13
221 13
222 11
223 14
224 14
225 13
226 12
227 13
228 15
229 15
230 14
231 16
232 15
233 16
234 14
235 17
236 17
237 17
238 17
239 13
240 14
241 15
242 16
243 14
244 14
245 15
246 15
247 17
248 18
249 17
250 15
251 17
252 17
253 14
254 16
255 15
256 17
257 16
258 17
259 15
260 18
261 14
262 17
263 17
264 17
265 16
266 13
267 10
268 13
269 13
270 17
271 19
272 15
273 15
274 14
275 18
276 17
277 13
278 12
279 15
280 13
281 17
282 16
283 17
284 15
285 17
286 17
287 15
288 15
289 18
290 17
291 16
292 14
293 14
294 17
295 17
296 17
297 16
298 16
299 16
300 16
301 16
302 17
303 15
304 15
305 12
306 13
307 14
308 18
309 17
310 15
311 14
312 16
313 15
314 16
315 16
316 16
317 15
318 15
319 17
320 12
321 15
322 13
323 16
324 14
325 18
326 14
327 16
328 17
329 17
330 15
331 14
332 19
333 13
334 16
335 15
336 15
337 13
338 13
339 17
340 15
341 12
342 16
343 12
344 15
345 17
346 17
347 17
348 12
349 14
350 15
351 15
352 17
353 16
354 16
355 16
356 17
357 15
358 15
359 16
360 14
361 15
362 17
363 15
364 14
365 13
366 16
367 16
368 17
369 14
370 16
371 16
372 13
373 15
374 15
375 16
376 17
377 12
378 13
379 12
380 15
381 13
382 13
383 13
384 15
385 15
386 16
387 14
388 14
389 13
390 13
391 13
392 16
393 15
394 14
395 16
396 16
397 16
398 17
399 16
400 12
401 15
402 16
403 15
404 16
405 14
406 15
407 16
408 16
409 13
410 14
411 15
412 12
413 16
414 14
415 14
416 16
417 13
418 16
419 15
420 11
421 15
422 13
423 18
424 16
425 16
426 17
427 17
428 13
429 14
430 15
431 16
432 15
433 13
434 12
435 15
436 13
437 15
438 13
439 15
440 16
441 11
442 15
443 14
444 16
445 17
446 16
447 16
448 14
449 15
450 15
451 15
452 14
453 16
454 14
455 16
456 15
457 16
458 17
459 17
460 16
461 15
462 13
463 15
464 13
465 13
466 14
467 14
468 16
469 16
470 15
471 16
472 18
473 14
474 17
475 18
476 15
477 13
478 14
479 13
480 14
481 16
482 16
483 16
484 15
485 16
486 16
487 18
488 16
489 14
490 12
491 17
492 17
493 15
494 16
495 16
496 12
497 15
498 16
499 15
500 15
501 13
502 14
503 14
504 13
505 14
506 17
507 15
508 16
509 18
510 16
511 18
512 12
513 11
514 12
515 16
516 16
517 15
518 13
519 16
520 14
521 14
522 13
523 14
524 15
525 15
526 16
527 15
528 16
529 17
530 14
531 11
532 15
533 13
534 14
535 15
536 18
537 18
538 16
539 17
540 15
541 13
542 18
543 14
544 15
545 15
546 14
547 16
548 13
549 16
550 13
551 14
552 15
553 17
554 15
555 16
556 15
557 15
558 15
559 16
560 18
561 17
562 17
563 16
564 13
565 13
566 15
567 16
568 16
569 14
570 15
571 15
572 16
573 15
574 16
575 16
576 16
577 14
578 13
579 14
580 14
581 17
582 14
583 13
584 14
585 14
586 17
587 14
588 14
589 15
590 15
591 18
592 17
593 16
594 16
595 15
596 16
597 15
598 12
599 13
600 15
601 15
602 16
603 16
604 17
605 15
606 14
607 14
608 17
609 17
610 16
611 16
612 17
613 17
614 14
615 16
616 16
617 15
618 13
619 11
620 12
621 13
622 15
623 15
624 15
625 16
626 14
627 13
628 13
629 14
630 15
631 14
632 13
633 13
634 17
635 15
636 16
637 13
638 14
639 17
640 16
641 13
642 13
643 14
644 15
645 14
646 15
647 14
648 13
649 12
650 15
651 15
652 15
653 14
654 11
655 11
656 13
657 13
658 14
659 16
660 16
661 17
662 17
663 15
664 16
665 17
666 17
667 16
668 16
669 16
670 15
671 14
672 13
673 15
674 14
675 12
676 12
677 15
678 12
679 15
680 16
681 15
682 14
683 16
684 15
685 16
686 17
687 14
688 14
689 15
690 17
691 15
692 16
693 13
694 13
695 16
696 15
697 16
698 15
699 14
700 15
701 14
702 14
703 15
704 14
705 14
706 16
707 16
708 15
709 14
710 12
711 16
712 14
713 15
714 16
715 15
716 11
717 15
718 14
719 15
720 14
721 17
722 17
723 17
724 16
725 13
726 14
727 12
728 14
729 13
730 14
731 12
732 17
733 15
734 16
735 18
736 19
737 17
738 18
739 15
740 14
741 12
742 15
743 14
744 12
745 13
746 15
747 15
748 15
749 16
750 19
751 16
752 16
753 18
754 13
755 16
756 17
757 17
758 15
759 16
760 14
761 14
762 16
763 16
764 13
765 14
766 15
767 12
768 11
769 14
770 17
771 19
772 18
773 16
774 16
775 13
776 12
777 13
778 14
779 16
780 17
781 14
782 14
783 13
784 15
785 16
786 17
787 16
788 15
789 15
790 16
791 15
792 16
793 15
794 13
795 16
796 16
797 17
798 12
799 13
800 18
801 16
802 14
803 14
804 11
805 15
806 15
807 14
808 15
809 15
810 11
811 14
812 13
813 16
814 15
815 16
816 15
817 15
818 17
819 15
820 15
821 14
822 15
823 15
824 12
825 16
826 16
827 16
828 16
829 13
830 14
831 16
832 18
833 16
834 14
835 17
836 18
837 16
838 12
839 14
840 17
841 18
842 16
843 14
844 16
845 16
846 16
847 15
848 15
849 11
850 13
851 16
852 15
853 14
854 14
855 15
856 17
857 14
858 12
859 14
860 14
861 16
862 14
863 14
864 18
865 16
866 17
867 16
868 13
869 16
870 15
871 16
872 15
873 16
874 18
875 14
876 16
877 15
878 16
879 17
880 17
881 14
882 13
883 12
884 16
885 15
886 17
887 15
888 15
889 17
890 14
891 16
892 15
893 16
894 15
895 16
896 13
897 12
898 14
899 15
900 14
901 14
902 15
903 14
904 15
905 15
906 15
907 14
908 12
909 13
910 13
911 18
912 15
913 13
914 15
915 14
916 14
917 17
918 14
919 13
920 16
921 12
922 14
923 12
924 17
925 17
926 16
927 15
928 15
929 15
930 16
931 15
932 15
933 15
934 17
935 15
936 16
937 15
938 16
939 16
940 13
941 15
942 15
943 15
944 16
945 14
946 14
947 17
948 16
949 16
950 14
951 14
952 11
953 15
954 14
955 14
956 14
957 17
958 17
959 18
960 13
961 14
962 14
963 16
964 14
965 14
966 13
967 14
968 16
969 13
970 15
971 16
972 14
973 16
974 18
975 17
976 14
977 12
978 15
979 14
980 15
981 16
982 16
983 15
984 16
985 16
986 17
987 14
988 16
989 14
990 14
991 13
992 13
993 13
994 14
995 15
996 14
997 17
998 15
999 14
1000 13
