0 50
1 37
2 41
3 38
4 34
5 35
6 39
7 37
8 37
9 36
10 36
11 30
12 34
13 38
14 35
15 34
16 34
17 32
18 37
19 38
20 31
21 36
22 37
23 30
24 37
25 34
26 36
27 34
28 37
29 39
30 32
31 34
32 37
33 31
34 36
35 35
36 38
37 35
38 38
39 31
40 35
41 36
42 34
43 37
44 40
45 37
46 37
47 36
48 42
49 33
50 34
51 35
52 34
53 30
54 34
55 33
56 27
57 37
58 35
59 33
60 34
61 38
62 39
63 34
64 35
65 40
66 35
67 32
68 40
69 41
70 33
71 35
72 38
73 37
74 29
75 38
76 34
77 38
78 37
79 34
80 36
81 38
82 37
83 35
84 36
85 36
86 38
87 35
88 32
89 33
90 36
91 37
92 35
93 34
94 39
95 36
96 31
97 37
98 35
99 38
100 39
101 38
102 37
103 37
104 28
105 39
106 33
107 36
108 36
109 30
110 34
111 35
112 35
113 33
114 36
115 35
116 31
117 35
118 31
119 35
120 38
121 38
122 35
123 34
124 37
125 34
126 34
127 34
128 36
129 34
130 32
131 35
132 28
133 36
134 36
135 33
136 35
137 35
138 36
139 34
140 32
141 36
142 39
143 33
144 36
145 40
146 39
147 34
148 36
149 38
150 31
151 38
152 37
153 37
154 37
155 37
156 39
157 35
158 34
159 33
160 37
161 40
162 39
163 38
164 36
165 35
166 34
167 33
168 35
169 40
170 30
171 37
172 34
173 37
174 37
175 36
176 37
177 30
178 37
179 37
180 36
181 35
182 37
183 37
184 40
185 33
186 37
187 35
188 34
189 30
190 36
191 38
192 32
193 35
194 37
195 36
196 38
197 33
198 30
199 35
200 36
201 33
202 37
203 34
204 38
205 38
206 35
207 32
208 35
209 36
210 37
211 40
212 34
213 37
214 36
215 35
216 38
217 39
218 38
219 38
220 28
221 27
222 37
223 38
224 33
225 33
226 30
227 36
228 36
229 38
230 36
231 35
232 37
233 36
234 36
235 32
236 38
237 33
238 36
239 36
240 33
241 30
242 35
243 32
244 34
245 36
246 37
247 35
248 39
249 34
250 27
251 33
252 34
253 37
254 35
255 32
256 32
257 39
258 35
259 38
260 35
261 38
262 37
263 30
264 37
265 37
266 36
267 32
268 35
269 37
270 36
271 38
272 35
273 35
274 39
275 34
276 39
277 36
278 37
279 31
280 36
281 34
282 36
283 36
284 35
285 35
286 35
287 33
288 37
289 31
290 32
291 37
292 35
293 35
294 36
295 36
296 33
297 40
298 39
299 35
300 33
301 37
302 39
303 38
304 39
305 36
306 37
307 36
308 32
309 30
310 34
311 38
312 34
313 38
314 35
315 36
316 38
317 36
318 37
319 38
320 37
321 29
322 33
323 37
324 36
325 38
326 33
327 31
328 35
329 36
330 34
331 35
332 34
333 36
334 34
335 37
336 35
337 38
338 33
339 33
340 38
341 37
342 38
343 33
344 39
345 31
346 34
347 38
348 34
349 35
350 38
351 40
352 37
353 41
354 35
355 34
356 37
357 31
358 30
359 39
360 38
361 36
362 35
363 39
364 35
365 40
366 34
367 40
368 36
369 39
370 35
371 39
372 36
373 35
374 34
375 38
376 37
377 36
378 38
379 41
380 39
381 37
382 37
383 35
384 37
385 39
386 37
387 33
388 37
389 36
390 37
391 37
392 37
393 35
394 35
395 40
396 31
397 39
398 33
399 39
400 41
401 35
402 37
403 33
404 35
405 32
406 37
407 36
408 30
409 38
410 36
411 32
412 33
413 36
414 31
415 34
416 38
417 36
418 35
419 33
420 35
421 28
422 38
423 32
424 31
425 37
426 36
427 37
428 36
429 38
430 43
431 36
432 32
433 38
434 39
435 32
436 36
437 37
438 33
439 38
440 37
441 37
442 34
443 39
444 38
445 36
446 36
447 36
448 36
449 30
450 31
451 35
452 39
453 36
454 32
455 37
456 36
457 39
458 31
459 36
460 38
461 34
462 35
463 36
464 40
465 38
466 36
467 34
468 35
469 37
470 34
471 36
472 34
473 36
474 39
475 32
476 35
477 38
478 39
479 39
480 32
481 35
482 38
483 32
484 43
485 37
486 39
487 37
488 34
489 38
490 38
491 35
492 37
493 33
494 34
495 35
496 38
497 39
498 37
499 34
500 29
501 33
502 33
503 36
504 39
505 36
506 37
507 37
508 30
509 34
510 31
511 39
512 36
513 36
514 40
515 38
516 34
517 31
518 35
519 37
520 38
521 32
522 33
523 32
524 35
525 39
526 34
527 37
528 32
529 38
530 36
531 38
532 36
533 35
534 36
535 38
536 40
537 32
538 41
539 40
540 36
541 35
542 37
543 39
544 37
545 33
546 38
547 34
548 33
549 37
550 36
551 38
552 36
553 32
554 35
555 31
556 40
557 38
558 39
559 33
560 34
561 35
562 35
563 33
564 30
565 41
566 41
567 38
568 37
569 36
570 34
571 35
572 34
573 37
574 40
575 37
576 38
577 37
578 41
579 30
580 36
581 38
582 39
583 35
584 33
585 35
586 35
587 35
588 37
589 39
590 38
591 38
592 36
593 37
594 35
595 34
596 33
597 32
598 36
599 35
600 37
601 38
602 38
603 32
604 36
605 34
606 38
607 36
608 37
609 36
610 34
611 37
612 32
613 35
614 38
615 34
616 37
617 33
618 34
619 32
620 42
621 29
622 35
623 36
624 35
625 34
626 36
627 39
628 37
629 38
630 39
631 36
632 37
633 35
634 37
635 32
636 40
637 35
638 39
639 37
640 34
641 29
642 38
643 37
644 34
645 37
646 38
647 41
648 37
649 38
650 35
651 40
652 34
653 39
654 33
655 39
656 39
657 36
658 33
659 33
660 34
661 38
662 35
663 38
664 34
665 37
666 32
667 34
668 40
669 31
670 32
671 31
672 39
673 35
674 37
675 36
676 31
677 38
678 37
679 40
680 37
681 37
682 39
683 39
684 40
685 35
686 39
687 36
688 35
689 31
690 32
691 34
692 34
693 34
694 33
695 37
696 28
697 37
698 33
699 32
700 36
701 36
702 38
703 31
704 33
705 39
706 32
707 36
708 38
709 25
710 36
711 34
712 35
713 41
714 34
715 36
716 36
717 34
718 38
719 36
720 35
721 35
722 35
723 35
724 36
725 37
726 36
727 38
728 30
729 33
730 39
731 41
732 36
733 36
734 39
735 34
736 35
737 27
738 31
739 32
740 32
741 36
742 41
743 37
744 37
745 38
746 36
747 37
748 35
749 37
750 36
751 37
752 39
753 35
754 34
755 36
756 38
757 36
758 34
759 34
760 36
761 32
762 41
763 38
764 36
765 37
766 30
767 39
768 35
769 40
770 35
771 37
772 37
773 39
774 31
775 38
776 36
777 42
778 33
779 36
780 34
781 31
782 34
783 32
784 37
785 35
786 37
787 33
788 38
789 39
790 37
791 38
792 36
793 34
794 36
795 36
796 31
797 37
798 38
799 37
800 36
801 40
802 36
803 38
804 34
805 34
806 32
807 35
808 41
809 36
810 34
811 36
812 36
813 36
814 40
815 36
816 35
817 32
818 36
819 37
820 33
821 34
822 34
823 37
824 38
825 37
826 35
827 34
828 33
829 38
830 36
831 31
832 33
833 33
834 34
835 40
836 39
837 36
838 35
839 37
840 36
841 35
842 36
843 35
844 31
845 32
846 41
847 35
848 33
849 36
850 37
851 35
852 37
853 33
854 35
855 35
856 37
857 36
858 37
859 38
860 30
861 31
862 35
863 33
864 35
865 37
866 37
867 35
868 30
869 36
870 35
871 35
872 36
873 34
874 35
875 39
876 35
877 34
878 35
879 36
880 37
881 40
882 31
883 37
884 37
885 35
886 35
887 39
888 33
889 35
890 38
891 36
892 35
893 39
894 36
895 39
896 35
897 38
898 35
899 30
900 37
901 39
902 39
903 35
904 38
905 36
906 39
907 34
908 35
909 38
910 36
911 37
912 37
913 39
914 40
915 40
916 40
917 36
918 31
919 37
920 39
921 37
922 33
923 39
924 34
925 34
926 33
927 42
928 34
929 37
930 38
931 36
932 39
933 39
934 38
935 36
936 35
937 35
938 40
939 36
940 37
941 34
942 34
943 35
944 37
945 35
946 37
947 36
948 37
949 37
950 36
951 35
952 38
953 36
954 32
955 37
956 35
957 37
958 36
959 33
960 34
961 32
962 35
963 38
964 36
965 39
966 34
967 32
968 28
969 39
970 35
971 36
972 36
973 31
974 37
975 31
976 37
977 30
978 36
979 37
980 37
981 35
982 34
983 35
984 35
985 40
986 40
987 37
988 33
989 32
990 40
991 34
992 35
993 32
994 36
995 36
996 32
997 35
998 31
999 40
1000 36
