0 70
1 50
2 47
3 48
4 45
5 49
6 49
7 51
8 51
9 52
10 51
11 54
12 52
13 45
14 48
15 51
16 49
17 45
18 53
19 50
20 53
21 53
22 53
23 48
24 54
25 46
26 52
27 51
28 51
29 51
30 50
31 50
32 49
33 46
34 46
35 49
36 51
37 50
38 46
39 52
40 43
41 56
42 42
43 49
44 53
45 51
46 51
47 53
48 55
49 54
50 50
51 46
52 56
53 50
54 50
55 51
56 49
57 49
58 48
59 47
60 50
61 53
62 54
63 52
64 52
65 49
66 51
67 55
68 49
69 53
70 54
71 53
72 52
73 45
74 50
75 53
76 48
77 49
78 50
79 51
80 47
81 50
82 52
83 50
84 51
85 51
86 51
87 53
88 55
89 49
90 51
91 47
92 52
93 54
94 49
95 47
96 54
97 56
98 53
99 54
100 55
101 53
102 48
103 48
104 48
105 48
106 58
107 46
108 49
109 52
110 50
111 47
112 51
113 47
114 52
115 50
116 51
117 50
118 42
119 48
120 53
121 49
122 50
123 53
124 48
125 53
126 50
127 50
128 47
129 50
130 47
131 48
132 48
133 53
134 55
135 50
136 48
137 51
138 50
139 49
140 53
141 48
142 50
143 49
144 52
145 51
146 50
147 51
148 55
149 48
150 50
151 51
152 55
153 54
154 55
155 41
156 52
157 48
158 55
159 51
160 52
161 47
162 54
163 47
164 49
165 49
166 55
167 51
168 51
169 54
170 48
171 44
172 49
173 49
174 55
175 50
176 52
177 53
178 52
179 56
180 52
181 47
182 51
183 53
184 50
185 50
186 43
187 55
188 54
189 51
190 50
191 47
192 52
193 49
194 50
195 54
196 50
197 49
198 50
199 49
200 49
201 50
202 49
203 51
204 49
205 41
206 50
207 51
208 54
209 50
210 57
211 48
212 54
213 50
214 52
215 50
216 46
217 47
218 53
219 47
220 51
221 49
222 52
223 50
224 48
225 52
226 43
227 50
228 53
229 45
230 54
231 46
232 45
233 51
234 47
235 50
236 49
237 53
238 50
239 52
240 54
241 50
242 60
243 50
244 51
245 51
246 44
247 49
248 45
249 57
250 52
251 50
252 53
253 52
254 46
255 49
256 50
257 54
258 47
259 52
260 55
261 52
262 54
263 53
264 43
265 55
266 53
267 55
268 49
269 49
270 50
271 56
272 49
273 51
274 46
275 54
276 50
277 52
278 52
279 56
280 46
281 49
282 51
283 50
284 49
285 41
286 47
287 46
288 49
289 52
290 43
291 53
292 53
293 54
294 53
295 49
296 51
297 53
298 50
299 50
300 49
301 54
302 51
303 53
304 45
305 54
306 48
307 51
308 49
309 47
310 47
311 49
312 51
313 48
314 52
315 53
316 46
317 53
318 45
319 50
320 50
321 52
322 54
323 53
324 53
325 52
326 49
327 52
328 52
329 47
330 53
331 51
332 48
333 46
334 44
335 54
336 47
337 49
338 51
339 52
340 51
341 51
342 46
343 54
344 48
345 45
346 49
347 52
348 51
349 50
350 53
351 49
352 56
353 52
354 47
355 46
356 50
357 47
358 50
359 52
360 48
361 52
362 48
363 56
364 51
365 49
366 46
367 50
368 50
369 53
370 52
371 48
372 50
373 48
374 47
375 51
376 53
377 48
378 50
379 52
380 53
381 52
382 48
383 51
384 51
385 53
386 54
387 51
388 54
389 44
390 51
391 50
392 52
393 50
394 51
395 53
396 56
397 51
398 47
399 52
400 54
401 48
402 53
403 52
404 49
405 52
406 54
407 52
408 51
409 53
410 48
411 47
412 52
413 49
414 49
415 53
416 47
417 45
418 53
419 49
420 51
421 45
422 54
423 54
424 50
425 48
426 47
427 52
428 50
429 48
430 50
431 51
432 45
433 51
434 49
435 53
436 50
437 47
438 55
439 51
440 52
441 51
442 52
443 52
444 54
445 45
446 53
447 55
448 50
449 52
450 54
451 48
452 52
453 46
454 52
455 51
456 47
457 52
458 50
459 52
460 46
461 53
462 54
463 54
464 50
465 52
466 52
467 53
468 47
469 49
470 50
471 51
472 56
473 47
474 46
475 54
476 51
477 53
478 49
479 52
480 51
481 52
482 54
483 51
484 49
485 43
486 52
487 53
488 51
489 50
490 46
491 54
492 50
493 51
494 53
495 53
496 53
497 50
498 51
499 57
500 51
501 52
502 51
503 53
504 53
505 51
506 50
507 44
508 51
509 51
510 47
511 53
512 55
513 51
514 50
515 50
516 50
517 51
518 49
519 46
520 48
521 49
522 55
523 52
524 52
525 55
526 49
527 50
528 51
529 51
530 52
531 50
532 55
533 55
534 51
535 54
536 47
537 50
538 42
539 50
540 49
541 50
542 49
543 56
544 45
545 49
546 51
547 52
548 49
549 48
550 49
551 47
552 51
553 47
554 50
555 50
556 53
557 51
558 53
559 51
560 52
561 52
562 54
563 48
564 42
565 54
566 45
567 58
568 55
569 52
570 52
571 51
572 49
573 55
574 50
575 51
576 53
577 51
578 53
579 52
580 54
581 49
582 48
583 53
584 56
585 47
586 49
587 49
588 52
589 52
590 55
591 52
592 51
593 50
594 49
595 50
596 53
597 52
598 47
599 50
600 47
601 49
602 52
603 49
604 53
605 50
606 50
607 51
608 48
609 51
610 54
611 51
612 52
613 54
614 49
615 55
616 49
617 51
618 52
619 48
620 53
621 48
622 50
623 50
624 50
625 52
626 54
627 49
628 48
629 54
630 51
631 49
632 51
633 47
634 53
635 47
636 47
637 51
638 50
639 46
640 55
641 50
642 51
643 51
644 53
645 47
646 48
647 55
648 55
649 52
650 43
651 49
652 51
653 52
654 44
655 51
656 54
657 54
658 49
659 54
660 46
661 42
662 53
663 51
664 49
665 46
666 48
667 51
668 48
669 54
670 46
671 50
672 48
673 52
674 50
675 49
676 57
677 51
678 54
679 47
680 49
681 50
682 51
683 50
684 52
685 54
686 46
687 53
688 53
689 55
690 51
691 51
692 50
693 55
694 49
695 55
696 54
697 51
698 51
699 53
700 51
701 56
702 51
703 51
704 49
705 52
706 50
707 47
708 48
709 52
710 54
711 51
712 51
713 48
714 53
715 49
716 53
717 49
718 51
719 51
720 45
721 53
722 53
723 48
724 54
725 52
726 49
727 54
728 44
729 55
730 42
731 47
732 54
733 51
734 52
735 49
736 50
737 54
738 46
739 50
740 56
741 51
742 57
743 50
744 50
745 51
746 47
747 49
748 51
749 50
750 53
751 50
752 51
753 53
754 54
755 52
756 46
757 48
758 51
759 47
760 52
761 50
762 47
763 53
764 53
765 51
766 50
767 54
768 52
769 53
770 47
771 48
772 53
773 45
774 49
775 48
776 48
777 47
778 51
779 48
780 47
781 54
782 56
783 47
784 50
785 49
786 50
787 46
788 55
789 49
790 48
791 55
792 49
793 47
794 44
795 51
796 51
797 50
798 51
799 53
800 53
801 54
802 51
803 50
804 49
805 55
806 50
807 57
808 47
809 50
810 52
811 48
812 50
813 49
814 45
815 55
816 56
817 50
818 50
819 50
820 52
821 53
822 48
823 54
824 52
825 51
826 48
827 51
828 57
829 50
830 52
831 52
832 52
833 48
834 50
835 50
836 47
837 49
838 49
839 55
840 56
841 45
842 48
843 52
844 51
845 54
846 56
847 56
848 52
849 50
850 47
851 53
852 47
853 52
854 54
855 53
856 49
857 56
858 52
859 52
860 52
861 49
862 53
863 53
864 46
865 50
866 55
867 46
868 48
869 47
870 44
871 51
872 51
873 45
874 46
875 49
876 51
877 53
878 51
879 50
880 52
881 54
882 48
883 48
884 53
885 52
886 50
887 50
888 52
889 52
890 49
891 49
892 52
893 50
894 51
895 46
896 49
897 49
898 48
899 50
900 53
901 47
902 52
903 50
904 54
905 47
906 50
907 55
908 53
909 46
910 52
911 51
912 50
913 54
914 51
915 50
916 54
917 52
918 54
919 51
920 57
921 49
922 55
923 53
924 55
925 53
926 52
927 51
928 46
929 53
930 49
931 54
932 45
933 47
934 52
935 49
936 50
937 47
938 50
939 50
940 52
941 52
942 52
943 49
944 54
945 56
946 49
947 51
948 52
949 51
950 50
951 46
952 51
953 52
954 55
955 51
956 49
957 56
958 53
959 49
960 51
961 52
962 48
963 52
964 47
965 48
966 50
967 51
968 48
969 50
970 56
971 48
972 48
973 52
974 48
975 53
976 48
977 48
978 48
979 48
980 55
981 51
982 45
983 46
984 50
985 51
986 51
987 48
988 53
989 50
990 52
991 49
992 48
993 53
994 51
995 51
996 46
997 52
998 50
999 52
1000 48
