0 45
1 35
2 32
3 30
4 30
5 29
6 31
7 31
8 34
9 30
10 30
11 31
12 33
13 28
14 31
15 30
16 29
17 29
18 34
19 34
20 33
21 27
22 32
23 30
24 31
25 31
26 29
27 26
28 29
29 28
30 30
31 29
32 31
33 29
34 30
35 24
36 33
37 30
38 28
39 32
40 32
41 33
42 31
43 32
44 32
45 30
46 31
47 31
48 31
49 33
50 26
51 29
52 26
53 27
54 29
55 30
56 32
57 33
58 31
59 31
60 32
61 32
62 28
63 28
64 33
65 34
66 31
67 34
68 32
69 30
70 32
71 29
72 32
73 27
74 28
75 32
76 29
77 30
78 31
79 30
80 31
81 31
82 29
83 30
84 33
85 29
86 35
87 31
88 30
89 30
90 29
91 31
92 32
93 31
94 28
95 33
96 30
97 30
98 31
99 25
100 29
101 33
102 32
103 30
104 30
105 31
106 32
107 32
108 35
109 29
110 33
111 32
112 31
113 30
114 32
115 30
116 29
117 33
118 33
119 31
120 29
121 31
122 34
123 33
124 32
125 30
126 32
127 31
128 28
129 29
130 30
131 33
132 31
133 32
134 28
135 30
136 35
137 31
138 30
139 29
140 34
141 29
142 29
143 32
144 33
145 26
146 29
147 34
148 29
149 31
150 26
151 27
152 29
153 31
154 34
155 33
156 27
157 32
158 32
159 30
160 29
161 31
162 31
163 31
164 32
165 31
166 33
167 32
168 31
169 30
170 32
171 29
172 29
173 26
174 29
175 29
176 27
177 32
178 26
179 32
180 27
181 35
182 29
183 28
184 31
185 27
186 27
187 30
188 32
189 32
190 33
191 32
192 29
193 29
194 28
195 31
196 32
197 28
198 28
199 30
200 29
201 30
202 32
203 32
204 30
205 31
206 29
207 29
208 30
209 31
210 27
211 32
212 28
213 34
214 30
215 35
216 30
217 31
218 33
219 28
220 30
221 32
222 30
223 31
224 31
225 33
226 30
227 31
228 30
229 32
230 29
231 32
232 29
233 34
234 29
235 29
236 33
237 32
238 29
239 28
240 32
241 30
242 29
243 30
244 30
245 32
246 28
247 29
248 32
249 29
250 33
251 30
252 31
253 32
254 28
255 29
256 32
257 34
258 32
259 31
260 30
261 33
262 32
263 29
264 30
265 31
266 32
267 26
268 30
269 31
270 27
271 30
272 28
273 32
274 34
275 32
276 33
277 32
278 32
279 31
280 30
281 33
282 28
283 31
284 35
285 33
286 30
287 30
288 28
289 28
290 31
291 31
292 27
293 27
294 30
295 32
296 31
297 27
298 29
299 26
300 28
301 25
302 30
303 30
304 31
305 30
306 31
307 31
308 32
309 27
310 32
311 31
312 32
313 30
314 31
315 29
316 26
317 33
318 30
319 31
320 26
321 29
322 28
323 28
324 29
325 30
326 29
327 34
328 31
329 32
330 30
331 30
332 29
333 29
334 30
335 27
336 28
337 32
338 30
339 29
340 29
341 33
342 31
343 30
344 32
345 31
346 27
347 33
348 33
349 31
350 36
351 29
352 30
353 27
354 31
355 32
356 28
357 26
358 29
359 29
360 29
361 32
362 30
363 32
364 33
365 33
366 29
367 34
368 29
369 30
370 31
371 31
372 33
373 29
374 27
375 31
376 25
377 27
378 32
379 28
380 33
381 32
382 30
383 32
384 29
385 25
386 29
387 30
388 25
389 28
390 31
391 28
392 29
393 32
394 31
395 30
396 31
397 30
398 30
399 28
400 33
401 25
402 26
403 28
404 29
405 32
406 35
407 31
408 33
409 30
410 30
411 33
412 28
413 30
414 34
415 28
416 32
417 29
418 31
419 26
420 30
421 32
422 29
423 30
424 32
425 31
426 32
427 34
428 30
429 28
430 31
431 32
432 30
433 27
434 33
435 34
436 33
437 35
438 33
439 33
440 33
441 27
442 29
443 30
444 33
445 29
446 28
447 28
448 29
449 27
450 28
451 32
452 31
453 30
454 29
455 32
456 24
457 31
458 31
459 31
460 27
461 30
462 28
463 29
464 29
465 29
466 30
467 30
468 29
469 30
470 27
471 35
472 34
473 33
474 31
475 30
476 29
477 30
478 31
479 26
480 28
481 30
482 32
483 31
484 29
485 30
486 31
487 29
488 32
489 30
490 27
491 29
492 32
493 32
494 32
495 27
496 28
497 33
498 33
499 30
500 34
501 31
502 29
503 27
504 32
505 31
506 31
507 29
508 28
509 31
510 32
511 34
512 33
513 31
514 32
515 29
516 32
517 32
518 30
519 30
520 32
521 28
522 28
523 31
524 30
525 28
526 31
527 28
528 31
529 30
530 32
531 29
532 33
533 31
534 31
535 27
536 31
537 33
538 29
539 29
540 31
541 30
542 33
543 32
544 31
545 33
546 32
547 32
548 32
549 30
550 29
551 30
552 31
553 30
554 26
555 32
556 33
557 34
558 31
559 32
560 32
561 29
562 29
563 29
564 30
565 27
566 29
567 28
568 30
569 29
570 31
571 32
572 30
573 32
574 31
575 28
576 31
577 31
578 33
579 29
580 31
581 29
582 33
583 31
584 30
585 30
586 30
587 32
588 30
589 33
590 32
591 29
592 33
593 29
594 29
595 29
596 32
597 31
598 32
599 28
600 24
601 27
602 31
603 31
604 31
605 33
606 30
607 27
608 29
609 35
610 29
611 28
612 26
613 28
614 32
615 32
616 30
617 32
618 31
619 34
620 32
621 30
622 30
623 31
624 29
625 31
626 33
627 29
628 31
629 34
630 31
631 35
632 31
633 30
634 32
635 28
636 27
637 32
638 31
639 29
640 33
641 27
642 26
643 33
644 31
645 32
646 32
647 30
648 25
649 28
650 30
651 29
652 30
653 31
654 30
655 30
656 30
657 29
658 32
659 35
660 33
661 29
662 31
663 32
664 28
665 28
666 28
667 28
668 22
669 29
670 29
671 29
672 29
673 29
674 33
675 30
676 31
677 32
678 32
679 33
680 29
681 30
682 32
683 28
684 29
685 32
686 30
687 31
688 30
689 34
690 36
691 35
692 29
693 31
694 28
695 29
696 32
697 32
698 30
699 27
700 29
701 31
702 31
703 30
704 31
705 32
706 32
707 29
708 29
709 28
710 28
711 33
712 30
713 32
714 31
715 28
716 30
717 26
718 33
719 33
720 32
721 32
722 33
723 35
724 32
725 30
726 30
727 29
728 35
729 31
730 31
731 31
732 31
733 30
734 30
735 32
736 30
737 31
738 31
739 34
740 32
741 26
742 30
743 27
744 31
745 33
746 27
747 33
748 28
749 27
750 30
751 31
752 32
753 33
754 30
755 31
756 32
757 32
758 28
759 30
760 32
761 33
762 28
763 32
764 31
765 33
766 29
767 31
768 32
769 30
770 32
771 29
772 33
773 26
774 32
775 28
776 31
777 30
778 33
779 31
780 29
781 34
782 35
783 33
784 24
785 32
786 29
787 32
788 28
789 29
790 26
791 31
792 30
793 31
794 35
795 33
796 32
797 27
798 30
799 31
800 32
801 31
802 31
803 28
804 31
805 28
806 33
807 27
808 29
809 30
810 32
811 31
812 32
813 30
814 30
815 28
816 28
817 28
818 33
819 32
820 29
821 28
822 25
823 32
824 30
825 30
826 30
827 30
828 29
829 26
830 29
831 26
832 31
833 33
834 30
835 30
836 29
837 31
838 29
839 32
840 35
841 29
842 30
843 32
844 31
845 30
846 33
847 26
848 27
849 28
850 30
851 32
852 31
853 32
854 32
855 31
856 35
857 29
858 30
859 30
860 32
861 30
862 34
863 31
864 29
865 33
866 31
867 30
868 30
869 29
870 32
871 31
872 22
873 29
874 29
875 34
876 34
877 31
878 31
879 32
880 30
881 30
882 32
883 29
884 32
885 31
886 28
887 29
888 25
889 28
890 27
891 28
892 29
893 33
894 32
895 33
896 29
897 33
898 30
899 29
900 34
901 28
902 31
903 32
904 31
905 31
906 29
907 32
908 32
909 32
910 27
911 32
912 32
913 30
914 30
915 33
916 32
917 32
918 31
919 28
920 31
921 31
922 34
923 31
924 30
925 28
926 29
927 32
928 31
929 33
930 31
931 27
932 27
933 25
934 30
935 33
936 32
937 32
938 32
939 27
940 32
941 29
942 29
943 32
944 29
945 30
946 30
947 30
948 29
949 29
950 25
951 29
952 28
953 29
954 30
955 29
956 29
957 30
958 28
959 32
960 31
961 33
962 34
963 31
964 29
965 33
966 28
967 31
968 33
969 32
970 26
971 31
972 27
973 32
974 33
975 30
976 31
977 30
978 23
979 31
980 29
981 32
982 31
983 27
984 30
985 30
986 27
987 29
988 30
989 32
990 30
991 29
992 28
993 30
994 28
995 31
996 27
997 30
998 34
999 34
1000 32
