0 95
1 85
2 75
3 70
4 64
5 59
6 58
7 59
8 58
9 60
10 60
11 59
12 58
13 55
14 53
15 53
16 53
17 54
18 56
19 56
20 58
21 59
22 55
23 55
24 57
25 58
26 58
27 58
28 59
29 60
30 59
31 60
32 61
33 61
34 60
35 58
36 58
37 58
38 57
39 57
40 59
41 61
42 60
43 56
44 55
45 54
46 56
47 57
48 59
49 57
50 56
51 55
52 59
53 61
54 63
55 57
56 55
57 57
58 57
59 52
60 54
61 55
62 52
63 51
64 52
65 53
66 56
67 57
68 56
69 57
70 56
71 54
72 57
73 58
74 56
75 59
76 59
77 59
78 61
79 59
80 59
81 59
82 62
83 56
84 54
85 57
86 54
87 56
88 56
89 58
90 57
91 58
92 59
93 60
94 59
95 59
96 60
97 61
98 61
99 61
100 60
101 60
102 59
103 57
104 58
105 58
106 56
107 54
108 57
109 57
110 56
111 55
112 54
113 55
114 54
115 52
116 53
117 57
118 52
119 54
120 52
121 50
122 49
123 53
124 55
125 53
126 52
127 51
128 54
129 56
130 56
131 54
132 55
133 61
134 57
135 54
136 58
137 60
138 58
139 56
140 52
141 53
142 56
143 49
144 50
145 54
146 53
147 55
148 54
149 56
150 52
151 52
152 57
153 57
154 57
155 57
156 59
157 57
158 54
159 57
160 54
161 52
162 54
163 56
164 57
165 58
166 62
167 59
168 59
169 57
170 58
171 61
172 62
173 61
174 59
175 58
176 59
177 57
178 56
179 58
180 60
181 62
182 61
183 60
184 58
185 60
186 55
187 55
188 59
189 55
190 58
191 57
192 56
193 58
194 57
195 57
196 58
197 59
198 60
199 58
200 59
201 59
202 60
203 56
204 56
205 58
206 57
207 56
208 54
209 53
210 53
211 53
212 57
213 56
214 56
215 53
216 54
217 55
218 53
219 54
220 53
221 54
222 56
223 58
224 54
225 58
226 56
227 57
228 61
229 59
230 59
231 52
232 50
233 56
234 58
235 54
236 52
237 54
238 58
239 57
240 61
241 61
242 53
243 53
244 54
245 58
246 57
247 57
248 57
249 59
250 58
251 55
252 54
253 56
254 55
255 58
256 60
257 62
258 61
259 57
260 55
261 55
262 54
263 54
264 55
265 57
266 52
267 52
268 57
269 58
270 52
271 56
272 56
273 57
274 57
275 58
276 60
277 59
278 56
279 58
280 53
281 56
282 55
283 56
284 57
285 58
286 58
287 57
288 57
289 52
290 55
291 56
292 57
293 57
294 55
295 57
296 58
297 57
298 60
299 61
300 60
301 58
302 57
303 57
304 55
305 57
306 57
307 61
308 58
309 58
310 62
311 61
312 59
313 57
314 59
315 59
316 59
317 58
318 54
319 54
320 55
321 54
322 53
323 56
324 58
325 58
326 59
327 55
328 58
329 59
330 59
331 57
332 59
333 60
334 56
335 56
336 54
337 57
338 55
339 57
340 58
341 59
342 58
343 59
344 56
345 55
346 53
347 54
348 55
349 57
350 56
351 58
352 62
353 65
354 65
355 63
356 57
357 60
358 61
359 63
360 63
361 63
362 62
363 60
364 59
365 59
366 56
367 53
368 55
369 56
370 56
371 58
372 57
373 56
374 57
375 58
376 60
377 61
378 61
379 63
380 62
381 63
382 63
383 62
384 61
385 59
386 57
387 58
388 58
389 58
390 58
391 57
392 57
393 52
394 55
395 54
396 51
397 52
398 54
399 56
400 56
401 56
402 56
403 57
404 57
405 60
406 56
407 55
408 52
409 56
410 56
411 56
412 57
413 59
414 59
415 60
416 58
417 60
418 59
419 61
420 62
421 65
422 62
423 62
424 61
425 62
426 58
427 61
428 59
429 62
430 62
431 65
432 64
433 66
434 61
435 63
436 61
437 58
438 57
439 58
440 59
441 60
442 60
443 60
444 59
445 56
446 58
447 60
448 62
449 61
450 57
451 58
452 56
453 57
454 54
455 56
456 54
457 55
458 54
459 56
460 58
461 58
462 56
463 54
464 54
465 55
466 59
467 59
468 61
469 61
470 57
471 56
472 60
473 62
474 62
475 60
476 59
477 58
478 54
479 55
480 54
481 56
482 56
483 56
484 56
485 60
486 61
487 61
488 58
489 59
490 59
491 57
492 54
493 55
494 58
495 59
496 59
497 59
498 59
499 60
500 53
501 52
502 54
503 55
504 54
505 51
506 51
507 50
508 51
509 53
510 54
511 56
512 57
513 56
514 54
515 56
516 55
517 53
518 56
519 56
520 58
521 60
522 62
523 64
524 67
525 64
526 64
527 63
528 61
529 63
530 66
531 63
532 63
533 62
534 59
535 61
536 61
537 60
538 58
539 56
540 54
541 59
542 57
543 59
544 59
545 55
546 57
547 55
548 57
549 59
550 61
551 58
552 58
553 56
554 59
555 60
556 60
557 60
558 61
559 63
560 57
561 56
562 55
563 55
564 57
565 59
566 58
567 59
568 56
569 54
570 53
571 54
572 55
573 54
574 54
575 53
576 55
577 57
578 60
579 63
580 61
581 60
582 62
583 59
584 57
585 57
586 52
587 53
588 52
589 54
590 52
591 54
592 54
593 57
594 58
595 61
596 61
597 59
598 58
599 59
600 55
601 57
602 58
603 60
604 57
605 55
606 55
607 59
608 60
609 57
610 54
611 58
612 59
613 59
614 59
615 58
616 61
617 60
618 57
619 54
620 54
621 55
622 58
623 57
624 58
625 59
626 59
627 60
628 56
629 52
630 54
631 53
632 54
633 55
634 56
635 52
636 53
637 52
638 54
639 54
640 53
641 57
642 58
643 59
644 60
645 58
646 56
647 54
648 57
649 61
650 61
651 62
652 62
653 61
654 63
655 63
656 61
657 60
658 59
659 58
660 58
661 57
662 57
663 59
664 58
665 57
666 58
667 60
668 58
669 58
670 58
671 58
672 59
673 58
674 59
675 61
676 55
677 58
678 59
679 57
680 56
681 57
682 56
683 55
684 57
685 59
686 52
687 54
688 52
689 55
690 57
691 56
692 57
693 57
694 59
695 59
696 59
697 61
698 60
699 59
700 58
701 58
702 59
703 59
704 61
705 62
706 62
707 61
708 61
709 60
710 59
711 60
712 58
713 54
714 56
715 58
716 57
717 56
718 56
719 50
720 50
721 54
722 54
723 51
724 54
725 52
726 57
727 59
728 60
729 60
730 59
731 60
732 56
733 53
734 51
735 55
736 56
737 49
738 55
739 55
740 57
741 54
742 55
743 56
744 55
745 57
746 58
747 52
748 52
749 48
750 53
751 57
752 56
753 54
754 53
755 53
756 54
757 52
758 52
759 54
760 55
761 58
762 59
763 58
764 58
765 58
766 61
767 61
768 61
769 61
770 60
771 57
772 57
773 58
774 58
775 60
776 59
777 56
778 57
779 58
780 56
781 57
782 57
783 59
784 61
785 59
786 60
787 62
788 57
789 58
790 53
791 55
792 54
793 59
794 56
795 56
796 53
797 54
798 55
799 57
800 57
801 56
802 57
803 56
804 56
805 55
806 51
807 52
808 54
809 55
810 56
811 57
812 54
813 50
814 53
815 55
816 58
817 53
818 53
819 57
820 53
821 54
822 54
823 55
824 56
825 52
826 53
827 54
828 55
829 56
830 54
831 55
832 56
833 57
834 60
835 62
836 62
837 62
838 64
839 60
840 59
841 55
842 56
843 59
844 58
845 59
846 57
847 58
848 57
849 59
850 56
851 56
852 56
853 58
854 58
855 63
856 62
857 60
858 59
859 63
860 63
861 63
862 59
863 60
864 60
865 57
866 58
867 56
868 55
869 57
870 58
871 61
872 62
873 61
874 60
875 59
876 57
877 59
878 57
879 58
880 57
881 58
882 59
883 54
884 55
885 57
886 55
887 54
888 53
889 52
890 51
891 54
892 53
893 52
894 53
895 55
896 58
897 56
898 52
899 52
900 51
901 48
902 52
903 54
904 56
905 53
906 53
907 54
908 58
909 60
910 60
911 59
912 58
913 55
914 59
915 59
916 57
917 55
918 55
919 52
920 51
921 52
922 54
923 56
924 56
925 57
926 60
927 62
928 59
929 60
930 61
931 55
932 59
933 62
934 63
935 59
936 55
937 57
938 57
939 59
940 59
941 55
942 59
943 61
944 60
945 63
946 61
947 60
948 64
949 63
950 61
951 61
952 62
953 60
954 59
955 59
956 58
957 57
958 59
959 55
960 54
961 55
962 53
963 56
964 59
965 57
966 57
967 56
968 58
969 53
970 50
971 48
972 52
973 55
974 58
975 56
976 57
977 55
978 54
979 52
980 54
981 54
982 57
983 57
984 55
985 55
986 56
987 55
988 56
989 56
990 58
991 58
992 59
993 57
994 56
995 59
996 58
997 61
998 57
999 58
1000 55
