0 45
1 33
2 31
3 33
4 32
5 27
6 31
7 30
8 30
9 32
10 30
11 31
12 23
13 28
14 30
15 30
16 30
17 28
18 26
19 29
20 31
21 31
22 30
23 28
24 27
25 27
26 30
27 29
28 31
29 31
30 31
31 30
32 31
33 28
34 25
35 26
36 28
37 28
38 23
39 27
40 26
41 27
42 31
43 31
44 32
45 28
46 29
47 25
48 27
49 26
50 28
51 28
52 30
53 32
54 32
55 27
56 28
57 31
58 30
59 31
60 26
61 31
62 30
63 30
64 30
65 29
66 28
67 31
68 31
69 30
70 31
71 30
72 32
73 32
74 30
75 29
76 27
77 26
78 29
79 30
80 28
81 28
82 31
83 25
84 25
85 32
86 30
87 29
88 29
89 27
90 28
91 31
92 28
93 28
94 29
95 29
96 30
97 29
98 33
99 30
100 29
101 31
102 30
103 29
104 29
105 26
106 28
107 30
108 29
109 31
110 29
111 33
112 29
113 28
114 29
115 32
116 32
117 28
118 29
119 28
120 27
121 26
122 30
123 30
124 28
125 27
126 29
127 28
128 28
129 30
130 28
131 29
132 26
133 31
134 28
135 27
136 29
137 30
138 26
139 25
140 26
141 30
142 27
143 30
144 28
145 31
146 26
147 25
148 29
149 31
150 30
151 31
152 31
153 32
154 29
155 29
156 30
157 30
158 30
159 30
160 26
161 27
162 26
163 29
164 28
165 29
166 31
167 30
168 30
169 28
170 29
171 30
172 27
173 23
174 28
175 30
176 27
177 28
178 27
179 30
180 31
181 31
182 25
183 26
184 26
185 28
186 28
187 27
188 27
189 30
190 25
191 29
192 28
193 28
194 28
195 30
196 27
197 27
198 29
199 28
200 31
201 29
202 31
203 31
204 29
205 31
206 30
207 31
208 29
209 27
210 30
211 30
212 27
213 28
214 29
215 31
216 27
217 32
218 27
219 26
220 26
221 29
222 27
223 28
224 31
225 32
226 29
227 28
228 25
229 28
230 29
231 31
232 30
233 30
234 30
235 28
236 29
237 28
238 31
239 26
240 30
241 27
242 26
243 25
244 31
245 30
246 31
247 30
248 30
249 30
250 29
251 27
252 30
253 26
254 25
255 27
256 26
257 31
258 31
259 31
260 29
261 29
262 31
263 30
264 27
265 29
266 32
267 27
268 30
269 32
270 27
271 30
272 33
273 33
274 31
275 27
276 28
277 29
278 31
279 31
280 31
281 30
282 29
283 32
284 28
285 25
286 32
287 29
288 31
289 36
290 27
291 25
292 28
293 31
294 31
295 32
296 28
297 29
298 24
299 27
300 28
301 29
302 28
303 30
304 29
305 26
306 24
307 29
308 32
309 31
310 30
311 29
312 28
313 30
314 30
315 28
316 27
317 29
318 27
319 25
320 29
321 30
322 30
323 32
324 31
325 27
326 29
327 29
328 30
329 30
330 28
331 26
332 28
333 28
334 31
335 29
336 30
337 31
338 30
339 30
340 30
341 29
342 29
343 29
344 30
345 25
346 29
347 29
348 32
349 32
350 31
351 28
352 28
353 28
354 31
355 32
356 31
357 31
358 33
359 29
360 30
361 29
362 28
363 32
364 28
365 28
366 28
367 30
368 29
369 28
370 29
371 30
372 29
373 23
374 27
375 27
376 27
377 28
378 29
379 26
380 29
381 31
382 28
383 27
384 31
385 32
386 29
387 31
388 23
389 30
390 26
391 31
392 31
393 27
394 25
395 26
396 26
397 26
398 27
399 31
400 29
401 32
402 24
403 23
404 27
405 27
406 27
407 25
408 29
409 25
410 28
411 31
412 32
413 29
414 31
415 28
416 29
417 27
418 32
419 32
420 30
421 28
422 31
423 30
424 28
425 30
426 29
427 28
428 28
429 27
430 29
431 30
432 28
433 27
434 27
435 29
436 31
437 31
438 28
439 30
440 30
441 31
442 30
443 28
444 28
445 29
446 29
447 29
448 29
449 30
450 32
451 27
452 28
453 28
454 28
455 29
456 30
457 30
458 30
459 25
460 28
461 27
462 29
463 28
464 28
465 24
466 28
467 29
468 30
469 30
470 29
471 29
472 30
473 27
474 29
475 30
476 29
477 30
478 28
479 25
480 26
481 29
482 30
483 29
484 30
485 30
486 28
487 27
488 27
489 30
490 28
491 31
492 31
493 28
494 27
495 27
496 29
497 27
498 31
499 29
500 29
501 29
502 29
503 23
504 28
505 30
506 28
507 30
508 28
509 32
510 31
511 30
512 30
513 30
514 26
515 29
516 26
517 26
518 28
519 27
520 27
521 26
522 28
523 32
524 31
525 30
526 27
527 28
528 30
529 33
530 31
531 26
532 29
533 32
534 27
535 28
536 31
537 30
538 30
539 32
540 29
541 29
542 30
543 31
544 28
545 28
546 28
547 29
548 29
549 29
550 30
551 29
552 30
553 29
554 30
555 30
556 27
557 30
558 29
559 31
560 31
561 28
562 29
563 29
564 31
565 29
566 30
567 30
568 30
569 30
570 32
571 29
572 25
573 28
574 27
575 24
576 29
577 30
578 29
579 29
580 27
581 28
582 31
583 31
584 30
585 29
586 31
587 27
588 29
589 27
590 29
591 29
592 28
593 20
594 27
595 28
596 29
597 25
598 29
599 28
600 29
601 27
602 29
603 27
604 31
605 29
606 32
607 30
608 28
609 28
610 30
611 31
612 27
613 30
614 28
615 27
616 30
617 27
618 27
619 30
620 29
621 28
622 28
623 28
624 26
625 30
626 32
627 31
628 30
629 31
630 29
631 32
632 28
633 31
634 30
635 25
636 28
637 28
638 25
639 25
640 28
641 28
642 26
643 30
644 31
645 28
646 28
647 28
648 28
649 31
650 28
651 29
652 25
653 30
654 31
655 30
656 27
657 24
658 26
659 30
660 27
661 29
662 29
663 26
664 28
665 29
666 31
667 29
668 30
669 24
670 24
671 29
672 26
673 30
674 31
675 29
676 30
677 29
678 29
679 31
680 33
681 27
682 30
683 28
684 27
685 27
686 32
687 32
688 29
689 31
690 28
691 29
692 32
693 31
694 30
695 27
696 27
697 30
698 31
699 25
700 25
701 29
702 29
703 32
704 27
705 30
706 31
707 30
708 30
709 29
710 26
711 29
712 26
713 29
714 27
715 32
716 31
717 30
718 27
719 30
720 30
721 30
722 31
723 26
724 30
725 28
726 30
727 30
728 27
729 24
730 27
731 30
732 30
733 31
734 29
735 30
736 32
737 29
738 29
739 30
740 31
741 33
742 33
743 25
744 32
745 27
746 30
747 30
748 31
749 30
750 26
751 27
752 30
753 29
754 29
755 28
756 26
757 28
758 30
759 27
760 26
761 29
762 30
763 30
764 30
765 28
766 29
767 27
768 28
769 30
770 30
771 27
772 30
773 31
774 31
775 29
776 28
777 29
778 28
779 30
780 27
781 25
782 28
783 33
784 28
785 27
786 30
787 28
788 27
789 29
790 29
791 27
792 27
793 26
794 31
795 30
796 32
797 30
798 28
799 29
800 31
801 30
802 31
803 28
804 29
805 27
806 28
807 32
808 29
809 30
810 30
811 30
812 29
813 30
814 26
815 28
816 29
817 28
818 27
819 29
820 27
821 30
822 29
823 28
824 30
825 30
826 29
827 28
828 29
829 28
830 33
831 33
832 27
833 27
834 29
835 32
836 29
837 26
838 28
839 27
840 31
841 29
842 29
843 29
844 29
845 27
846 33
847 32
848 30
849 29
850 26
851 31
852 31
853 28
854 27
855 30
856 23
857 26
858 32
859 28
860 25
861 28
862 28
863 26
864 28
865 27
866 24
867 25
868 25
869 29
870 27
871 25
872 29
873 27
874 23
875 29
876 30
877 28
878 29
879 30
880 31
881 31
882 28
883 28
884 28
885 29
886 26
887 27
888 31
889 29
890 28
891 28
892 30
893 32
894 28
895 27
896 29
897 30
898 31
899 31
900 26
901 32
902 33
903 25
904 26
905 25
906 29
907 29
908 34
909 32
910 32
911 32
912 29
913 29
914 29
915 30
916 31
917 31
918 30
919 29
920 27
921 28
922 29
923 25
924 31
925 31
926 30
927 31
928 31
929 28
930 30
931 28
932 32
933 32
934 33
935 28
936 31
937 30
938 25
939 28
940 32
941 31
942 29
943 27
944 30
945 31
946 29
947 30
948 31
949 29
950 28
951 30
952 30
953 31
954 33
955 30
956 28
957 29
958 29
959 30
960 29
961 32
962 31
963 31
964 30
965 31
966 32
967 32
968 29
969 30
970 28
971 28
972 27
973 29
974 31
975 27
976 26
977 30
978 29
979 30
980 28
981 29
982 31
983 31
984 30
985 32
986 30
987 30
988 30
989 32
990 34
991 31
992 28
993 28
994 27
995 30
996 33
997 30
998 27
999 28
1000 32
