0 85
1 68
2 60
3 57
4 59
5 60
6 57
7 49
8 54
9 56
10 61
11 60
12 61
13 61
14 53
15 58
16 62
17 57
18 53
19 61
20 59
21 61
22 60
23 55
24 60
25 52
26 55
27 59
28 58
29 56
30 58
31 59
32 56
33 56
34 56
35 62
36 58
37 57
38 57
39 54
40 50
41 49
42 53
43 54
44 57
45 59
46 63
47 61
48 55
49 56
50 58
51 57
52 58
53 58
54 51
55 50
56 55
57 58
58 59
59 59
60 57
61 58
62 60
63 57
64 54
65 58
66 54
67 59
68 58
69 56
70 62
71 59
72 59
73 60
74 56
75 50
76 59
77 58
78 60
79 58
80 61
81 61
82 60
83 55
84 55
85 59
86 58
87 63
88 55
89 52
90 59
91 58
92 53
93 57
94 56
95 59
96 53
97 53
98 53
99 56
100 56
101 58
102 58
103 61
104 58
105 55
106 51
107 60
108 57
109 60
110 59
111 58
112 57
113 56
114 56
115 58
116 59
117 58
118 51
119 53
120 56
121 56
122 58
123 58
124 65
125 63
126 58
127 64
128 63
129 60
130 59
131 59
132 56
133 56
134 60
135 58
136 60
137 57
138 56
139 59
140 58
141 57
142 56
143 63
144 59
145 55
146 54
147 55
148 60
149 62
150 63
151 58
152 60
153 59
154 58
155 47
156 52
157 57
158 58
159 56
160 57
161 52
162 55
163 58
164 58
165 57
166 58
167 53
168 58
169 57
170 52
171 55
172 57
173 59
174 56
175 60
176 59
177 58
178 57
179 56
180 58
181 56
182 57
183 54
184 62
185 55
186 56
187 60
188 57
189 61
190 56
191 59
192 59
193 56
194 57
195 58
196 48
197 51
198 54
199 57
200 56
201 55
202 52
203 58
204 55
205 57
206 58
207 59
208 55
209 58
210 57
211 61
212 54
213 56
214 61
215 54
216 56
217 56
218 56
219 60
220 58
221 60
222 59
223 52
224 60
225 54
226 58
227 58
228 58
229 53
230 54
231 54
232 58
233 63
234 59
235 59
236 59
237 57
238 56
239 57
240 51
241 52
242 56
243 57
244 56
245 60
246 58
247 59
248 59
249 59
250 60
251 59
252 62
253 61
254 64
255 62
256 52
257 55
258 56
259 59
260 60
261 58
262 57
263 60
264 54
265 59
266 57
267 60
268 55
269 58
270 58
271 63
272 57
273 56
274 54
275 59
276 53
277 56
278 57
279 58
280 57
281 60
282 61
283 57
284 61
285 58
286 62
287 63
288 58
289 59
290 58
291 58
292 58
293 57
294 52
295 54
296 57
297 55
298 53
299 54
300 56
301 55
302 56
303 56
304 63
305 57
306 57
307 58
308 58
309 53
310 56
311 57
312 57
313 59
314 58
315 59
316 56
317 59
318 62
319 59
320 60
321 58
322 48
323 54
324 55
325 56
326 58
327 60
328 59
329 57
330 56
331 62
332 56
333 57
334 56
335 55
336 55
337 55
338 59
339 57
340 58
341 59
342 56
343 57
344 57
345 57
346 57
347 59
348 55
349 57
350 60
351 58
352 55
353 58
354 55
355 56
356 62
357 57
358 57
359 55
360 60
361 55
362 56
363 59
364 55
365 53
366 58
367 62
368 58
369 56
370 60
371 53
372 57
373 59
374 60
375 62
376 59
377 56
378 59
379 52
380 56
381 59
382 56
383 53
384 57
385 62
386 59
387 58
388 54
389 55
390 60
391 54
392 59
393 56
394 61
395 55
396 55
397 59
398 52
399 56
400 58
401 58
402 58
403 55
404 58
405 55
406 62
407 56
408 53
409 54
410 51
411 52
412 58
413 52
414 50
415 56
416 56
417 57
418 56
419 56
420 59
421 59
422 58
423 55
424 63
425 60
426 56
427 59
428 62
429 58
430 58
431 60
432 61
433 63
434 57
435 57
436 58
437 58
438 55
439 59
440 59
441 59
442 60
443 60
444 58
445 61
446 58
447 57
448 60
449 53
450 56
451 52
452 56
453 56
454 57
455 58
456 58
457 57
458 56
459 61
460 55
461 59
462 56
463 54
464 61
465 61
466 55
467 58
468 59
469 58
470 57
471 56
472 52
473 56
474 56
475 56
476 55
477 56
478 57
479 57
480 58
481 57
482 62
483 59
484 55
485 58
486 62
487 56
488 57
489 61
490 60
491 57
492 52
493 55
494 59
495 59
496 62
497 63
498 56
499 58
500 56
501 56
502 57
503 57
504 57
505 60
506 55
507 58
508 55
509 58
510 56
511 54
512 53
513 58
514 57
515 61
516 59
517 59
518 58
519 60
520 57
521 62
522 60
523 60
524 63
525 62
526 63
527 59
528 60
529 58
530 53
531 55
532 64
533 61
534 57
535 60
536 61
537 58
538 59
539 58
540 57
541 57
542 54
543 55
544 57
545 58
546 61
547 60
548 62
549 61
550 58
551 61
552 59
553 63
554 62
555 61
556 59
557 53
558 58
559 56
560 58
561 57
562 57
563 53
564 55
565 53
566 55
567 56
568 55
569 57
570 59
571 57
572 61
573 60
574 60
575 59
576 60
577 58
578 58
579 57
580 57
581 56
582 60
583 61
584 60
585 56
586 54
587 57
588 56
589 56
590 57
591 59
592 59
593 62
594 59
595 55
596 55
597 55
598 59
599 60
600 55
601 58
602 53
603 51
604 55
605 59
606 58
607 57
608 54
609 53
610 55
611 58
612 63
613 62
614 58
615 62
616 61
617 59
618 58
619 57
620 54
621 57
622 58
623 62
624 61
625 58
626 58
627 60
628 54
629 58
630 60
631 56
632 55
633 56
634 58
635 58
636 59
637 57
638 59
639 56
640 59
641 61
642 55
643 56
644 53
645 57
646 52
647 59
648 54
649 60
650 60
651 56
652 57
653 56
654 56
655 59
656 54
657 56
658 57
659 60
660 57
661 56
662 62
663 60
664 60
665 59
666 61
667 56
668 58
669 59
670 60
671 55
672 50
673 55
674 55
675 60
676 59
677 57
678 59
679 57
680 59
681 58
682 60
683 57
684 58
685 57
686 57
687 58
688 54
689 55
690 59
691 57
692 52
693 55
694 54
695 57
696 62
697 61
698 57
699 60
700 56
701 58
702 56
703 58
704 55
705 56
706 59
707 55
708 51
709 60
710 58
711 60
712 58
713 59
714 58
715 59
716 58
717 59
718 60
719 57
720 56
721 57
722 56
723 54
724 58
725 59
726 56
727 58
728 58
729 51
730 51
731 58
732 60
733 55
734 59
735 57
736 60
737 53
738 56
739 58
740 58
741 55
742 59
743 56
744 59
745 63
746 60
747 55
748 60
749 58
750 63
751 63
752 62
753 58
754 60
755 58
756 49
757 53
758 55
759 60
760 60
761 60
762 55
763 60
764 56
765 58
766 62
767 62
768 62
769 56
770 59
771 62
772 59
773 57
774 54
775 56
776 57
777 64
778 63
779 59
780 57
781 60
782 58
783 59
784 61
785 61
786 60
787 57
788 59
789 62
790 60
791 62
792 60
793 59
794 58
795 54
796 60
797 57
798 59
799 58
800 58
801 58
802 50
803 60
804 60
805 61
806 53
807 49
808 54
809 53
810 58
811 58
812 57
813 61
814 60
815 61
816 58
817 59
818 59
819 57
820 52
821 54
822 55
823 60
824 63
825 62
826 59
827 57
828 51
829 49
830 56
831 57
832 58
833 64
834 62
835 57
836 56
837 58
838 56
839 57
840 60
841 56
842 57
843 57
844 63
845 61
846 60
847 60
848 55
849 57
850 62
851 56
852 56
853 53
854 57
855 55
856 53
857 59
858 56
859 57
860 50
861 59
862 60
863 53
864 56
865 58
866 61
867 59
868 56
869 57
870 59
871 54
872 56
873 59
874 63
875 59
876 59
877 61
878 59
879 57
880 56
881 60
882 58
883 52
884 58
885 49
886 56
887 52
888 57
889 57
890 59
891 62
892 64
893 60
894 59
895 58
896 57
897 55
898 54
899 56
900 63
901 59
902 55
903 58
904 61
905 59
906 61
907 55
908 56
909 54
910 60
911 52
912 59
913 61
914 58
915 57
916 55
917 58
918 52
919 58
920 54
921 58
922 57
923 55
924 58
925 60
926 60
927 56
928 59
929 61
930 59
931 51
932 56
933 55
934 55
935 57
936 57
937 58
938 64
939 63
940 57
941 58
942 58
943 59
944 56
945 58
946 60
947 54
948 58
949 56
950 57
951 61
952 56
953 56
954 59
955 55
956 50
957 53
958 60
959 60
960 62
961 60
962 58
963 63
964 56
965 52
966 58
967 61
968 59
969 58
970 62
971 62
972 59
973 60
974 58
975 59
976 61
977 57
978 54
979 56
980 60
981 60
982 62
983 60
984 54
985 57
986 57
987 59
988 63
989 62
990 59
991 62
992 58
993 57
994 57
995 61
996 62
997 59
998 54
999 52
1000 57
