0 80
1 79
2 77
3 75
4 71
5 68
6 67
7 65
8 64
9 60
10 59
11 58
12 57
13 55
14 54
15 53
16 52
17 51
18 51
19 51
20 50
21 49
22 47
23 47
24 45
25 44
26 42
27 42
28 42
29 42
30 42
31 41
32 40
33 40
34 39
35 39
36 39
37 38
38 37
39 36
40 35
41 34
42 34
43 34
44 34
45 34
46 34
47 33
48 32
49 30
50 31
51 30
52 31
53 30
54 30
55 30
56 31
57 30
58 30
59 30
60 31
61 32
62 32
63 31
64 32
65 32
66 33
67 33
68 32
69 33
70 33
71 33
72 34
73 34
74 34
75 35
76 35
77 34
78 34
79 34
80 34
81 34
82 34
83 34
84 34
85 32
86 32
87 32
88 33
89 33
90 33
91 33
92 33
93 32
94 33
95 32
96 32
97 32
98 31
99 31
100 31
101 31
102 31
103 31
104 31
105 28
106 28
107 29
108 29
109 29
110 29
111 30
112 30
113 31
114 29
115 28
116 27
117 28
118 27
119 27
120 29
121 29
122 28
123 27
124 26
125 28
126 29
127 28
128 28
129 28
130 30
131 31
132 31
133 31
134 31
135 32
136 32
137 31
138 32
139 32
140 32
141 32
142 31
143 31
144 32
145 32
146 32
147 32
148 32
149 31
150 31
151 30
152 29
153 29
154 30
155 29
156 30
157 31
158 31
159 30
160 30
161 30
162 30
163 29
164 29
165 29
166 28
167 28
168 28
169 29
170 29
171 29
172 30
173 29
174 29
175 28
176 27
177 27
178 28
179 29
180 29
181 29
182 29
183 29
184 29
185 28
186 29
187 29
188 30
189 29
190 28
191 29
192 30
193 30
194 30
195 29
196 29
197 29
198 29
199 29
200 28
201 28
202 28
203 29
204 29
205 29
206 28
207 29
208 27
209 27
210 27
211 28
212 28
213 29
214 28
215 28
216 29
217 29
218 28
219 27
220 27
221 27
222 29
223 30
224 30
225 28
226 26
227 26
228 26
229 26
230 25
231 25
232 23
233 24
234 25
235 23
236 22
237 23
238 23
239 23
240 24
241 24
242 24
243 24
244 25
245 25
246 25
247 26
248 26
249 26
250 26
251 26
252 27
253 27
254 26
255 27
256 27
257 27
258 28
259 28
260 28
261 28
262 29
263 29
264 29
265 29
266 29
267 29
268 29
269 28
270 29
271 30
272 29
273 29
274 28
275 29
276 28
277 28
278 29
279 29
280 30
281 29
282 29
283 29
284 29
285 29
286 29
287 27
288 26
289 26
290 26
291 26
292 26
293 26
294 27
295 27
296 27
297 27
298 26
299 27
300 27
301 27
302 27
303 27
304 28
305 28
306 29
307 28
308 28
309 27
310 27
311 26
312 26
313 27
314 28
315 28
316 30
317 30
318 30
319 31
320 31
321 31
322 31
323 31
324 31
325 31
326 32
327 32
328 32
329 33
330 34
331 34
332 33
333 33
334 33
335 33
336 32
337 32
338 33
339 33
340 33
341 32
342 32
343 31
344 31
345 32
346 32
347 31
348 30
349 29
350 28
351 28
352 28
353 28
354 28
355 28
356 29
357 29
358 30
359 30
360 30
361 31
362 31
363 31
364 30
365 30
366 29
367 30
368 29
369 30
370 30
371 31
372 31
373 31
374 29
375 29
376 28
377 27
378 27
379 28
380 28
381 29
382 28
383 28
384 27
385 27
386 27
387 27
388 27
389 27
390 26
391 26
392 26
393 26
394 27
395 27
396 27
397 27
398 26
399 26
400 26
401 25
402 27
403 26
404 26
405 26
406 26
407 26
408 26
409 26
410 25
411 25
412 26
413 26
414 27
415 27
416 26
417 26
418 27
419 27
420 27
421 27
422 28
423 29
424 28
425 29
426 30
427 30
428 31
429 31
430 31
431 30
432 32
433 32
434 32
435 32
436 32
437 32
438 32
439 32
440 30
441 31
442 31
443 31
444 31
445 31
446 31
447 31
448 32
449 32
450 32
451 32
452 32
453 33
454 32
455 31
456 30
457 31
458 30
459 31
460 32
461 32
462 31
463 30
464 31
465 30
466 30
467 29
468 29
469 27
470 27
471 27
472 28
473 29
474 29
475 31
476 30
477 30
478 31
479 30
480 30
481 31
482 31
483 31
484 31
485 30
486 30
487 29
488 29
489 30
490 30
491 29
492 29
493 28
494 28
495 29
496 29
497 29
498 28
499 28
500 28
501 28
502 28
503 28
504 28
505 29
506 30
507 30
508 30
509 30
510 32
511 31
512 31
513 31
514 31
515 31
516 31
517 29
518 29
519 28
520 28
521 28
522 28
523 28
524 27
525 27
526 28
527 27
528 27
529 27
530 27
531 27
532 27
533 28
534 28
535 28
536 29
537 28
538 27
539 26
540 26
541 26
542 26
543 25
544 25
545 26
546 26
547 27
548 28
549 27
550 27
551 26
552 26
553 26
554 25
555 25
556 26
557 26
558 27
559 26
560 25
561 26
562 26
563 27
564 26
565 24
566 25
567 25
568 25
569 25
570 26
571 26
572 26
573 27
574 27
575 29
576 30
577 30
578 30
579 30
580 29
581 30
582 30
583 30
584 29
585 29
586 29
587 29
588 29
589 29
590 29
591 29
592 29
593 29
594 29
595 28
596 28
597 28
598 28
599 28
600 29
601 29
602 29
603 29
604 29
605 29
606 30
607 29
608 29
609 29
610 29
611 28
612 28
613 26
614 26
615 26
616 24
617 25
618 24
619 23
620 23
621 24
622 24
623 24
624 22
625 23
626 23
627 24
628 25
629 24
630 25
631 26
632 26
633 26
634 26
635 26
636 27
637 27
638 27
639 27
640 26
641 25
642 25
643 25
644 25
645 26
646 27
647 27
648 27
649 27
650 27
651 28
652 28
653 29
654 29
655 27
656 28
657 29
658 30
659 31
660 30
661 29
662 29
663 29
664 29
665 30
666 30
667 30
668 29
669 27
670 27
671 28
672 28
673 28
674 29
675 29
676 31
677 31
678 31
679 30
680 30
681 29
682 29
683 30
684 30
685 32
686 31
687 31
688 32
689 30
690 29
691 29
692 28
693 28
694 28
695 28
696 28
697 28
698 28
699 28
700 28
701 28
702 29
703 29
704 29
705 29
706 30
707 29
708 28
709 28
710 29
711 29
712 30
713 31
714 30
715 29
716 29
717 30
718 31
719 30
720 30
721 30
722 30
723 29
724 30
725 29
726 29
727 29
728 29
729 29
730 30
731 31
732 31
733 30
734 30
735 30
736 30
737 30
738 31
739 30
740 28
741 29
742 30
743 31
744 32
745 32
746 32
747 31
748 32
749 31
750 31
751 31
752 30
753 30
754 30
755 28
756 30
757 30
758 31
759 32
760 31
761 29
762 29
763 30
764 30
765 27
766 27
767 28
768 29
769 27
770 27
771 27
772 26
773 26
774 26
775 26
776 26
777 26
778 27
779 27
780 25
781 27
782 26
783 26
784 26
785 26
786 26
787 26
788 27
789 27
790 25
791 24
792 24
793 24
794 24
795 24
796 25
797 26
798 26
799 26
800 27
801 27
802 26
803 27
804 27
805 27
806 27
807 27
808 27
809 27
810 28
811 27
812 27
813 27
814 26
815 26
816 26
817 25
818 24
819 24
820 24
821 24
822 23
823 23
824 24
825 24
826 24
827 26
828 25
829 26
830 27
831 27
832 27
833 29
834 29
835 28
836 28
837 28
838 27
839 28
840 29
841 29
842 29
843 29
844 29
845 29
846 29
847 29
848 29
849 29
850 30
851 30
852 30
853 31
854 32
855 32
856 32
857 31
858 30
859 30
860 29
861 28
862 28
863 28
864 27
865 27
866 27
867 26
868 26
869 26
870 27
871 27
872 27
873 27
874 27
875 27
876 27
877 28
878 28
879 28
880 29
881 29
882 29
883 29
884 29
885 29
886 29
887 29
888 30
889 30
890 30
891 30
892 32
893 32
894 33
895 32
896 32
897 31
898 31
899 31
900 31
901 31
902 31
903 31
904 32
905 33
906 34
907 34
908 33
909 33
910 32
911 32
912 33
913 33
914 33
915 33
916 33
917 33
918 32
919 33
920 34
921 34
922 34
923 34
924 34
925 34
926 35
927 34
928 33
929 32
930 31
931 32
932 30
933 30
934 28
935 28
936 28
937 28
938 28
939 28
940 29
941 28
942 28
943 28
944 28
945 29
946 29
947 29
948 31
949 30
950 30
951 30
952 30
953 30
954 30
955 30
956 29
957 28
958 27
959 27
960 27
961 27
962 26
963 26
964 26
965 25
966 26
967 26
968 28
969 28
970 28
971 27
972 25
973 26
974 26
975 27
976 27
977 27
978 27
979 28
980 29
981 29
982 28
983 28
984 28
985 28
986 28
987 28
988 26
989 25
990 26
991 26
992 26
993 26
994 26
995 24
996 26
997 27
998 27
999 27
1000 27
