0 100
1 97
2 95
3 93
4 90
5 88
6 87
7 86
8 84
9 82
10 79
11 77
12 74
13 73
14 71
15 69
16 68
17 67
18 64
19 64
20 63
21 63
22 61
23 59
24 57
25 56
26 55
27 54
28 53
29 52
30 51
31 49
32 48
33 47
34 45
35 44
36 43
37 43
38 42
39 42
40 41
41 41
42 40
43 40
44 39
45 38
46 38
47 38
48 38
49 37
50 36
51 35
52 35
53 35
54 34
55 34
56 35
57 35
58 34
59 35
60 35
61 35
62 35
63 35
64 34
65 35
66 35
67 36
68 37
69 35
70 34
71 35
72 34
73 34
74 35
75 34
76 34
77 33
78 32
79 31
80 31
81 31
82 30
83 29
84 29
85 29
86 30
87 31
88 30
89 30
90 29
91 28
92 28
93 31
94 31
95 31
96 30
97 29
98 29
99 29
100 29
101 28
102 27
103 27
104 28
105 28
106 27
107 28
108 28
109 27
110 27
111 27
112 28
113 29
114 28
115 28
116 28
117 28
118 29
119 29
120 30
121 30
122 30
123 29
124 29
125 29
126 30
127 30
128 31
129 31
130 31
131 30
132 30
133 30
134 31
135 31
136 30
137 30
138 29
139 28
140 29
141 28
142 26
143 26
144 27
145 27
146 26
147 26
148 27
149 27
150 27
151 27
152 28
153 28
154 29
155 28
156 29
157 29
158 28
159 28
160 29
161 29
162 30
163 30
164 30
165 32
166 32
167 32
168 33
169 34
170 35
171 34
172 34
173 34
174 34
175 35
176 33
177 32
178 32
179 33
180 31
181 30
182 30
183 29
184 30
185 30
186 30
187 31
188 31
189 32
190 31
191 31
192 30
193 30
194 31
195 32
196 32
197 31
198 31
199 31
200 30
201 30
202 29
203 29
204 29
205 30
206 30
207 30
208 30
209 30
210 32
211 32
212 30
213 31
214 31
215 31
216 30
217 31
218 31
219 30
220 31
221 31
222 32
223 32
224 31
225 30
226 30
227 31
228 32
229 32
230 31
231 31
232 31
233 32
234 33
235 34
236 34
237 34
238 34
239 34
240 33
241 34
242 34
243 32
244 31
245 32
246 33
247 32
248 33
249 32
250 32
251 31
252 31
253 32
254 33
255 33
256 33
257 34
258 33
259 33
260 34
261 34
262 34
263 34
264 35
265 35
266 36
267 36
268 35
269 35
270 35
271 34
272 35
273 37
274 36
275 36
276 35
277 36
278 36
279 35
280 34
281 35
282 36
283 37
284 37
285 37
286 38
287 37
288 37
289 37
290 37
291 36
292 35
293 35
294 34
295 34
296 34
297 32
298 31
299 31
300 31
301 31
302 31
303 31
304 32
305 32
306 31
307 30
308 30
309 30
310 30
311 30
312 30
313 31
314 32
315 32
316 33
317 32
318 31
319 31
320 32
321 31
322 31
323 31
324 31
325 31
326 30
327 30
328 31
329 31
330 32
331 32
332 31
333 29
334 29
335 29
336 28
337 28
338 28
339 28
340 30
341 30
342 29
343 29
344 29
345 29
346 29
347 30
348 31
349 31
350 31
351 32
352 32
353 32
354 32
355 31
356 31
357 31
358 31
359 32
360 32
361 32
362 31
363 31
364 32
365 31
366 29
367 30
368 30
369 29
370 31
371 31
372 31
373 31
374 32
375 33
376 32
377 32
378 31
379 32
380 31
381 32
382 32
383 33
384 35
385 34
386 35
387 34
388 33
389 32
390 32
391 32
392 32
393 32
394 32
395 33
396 33
397 32
398 32
399 32
400 32
401 30
402 30
403 29
404 30
405 28
406 28
407 28
408 29
409 29
410 28
411 28
412 28
413 28
414 28
415 28
416 29
417 29
418 30
419 30
420 29
421 30
422 30
423 30
424 29
425 29
426 29
427 30
428 30
429 30
430 29
431 30
432 30
433 31
434 31
435 31
436 32
437 32
438 32
439 32
440 32
441 33
442 31
443 32
444 31
445 31
446 31
447 32
448 33
449 33
450 33
451 34
452 35
453 35
454 37
455 38
456 38
457 37
458 37
459 36
460 37
461 38
462 38
463 37
464 37
465 38
466 37
467 37
468 37
469 37
470 38
471 34
472 34
473 34
474 34
475 35
476 35
477 35
478 35
479 35
480 35
481 36
482 36
483 37
484 37
485 37
486 36
487 35
488 36
489 35
490 35
491 34
492 33
493 34
494 34
495 31
496 33
497 32
498 32
499 32
500 33
501 33
502 33
503 32
504 32
505 31
506 31
507 32
508 32
509 32
510 32
511 33
512 33
513 34
514 33
515 33
516 33
517 33
518 33
519 32
520 31
521 32
522 32
523 32
524 32
525 32
526 31
527 31
528 31
529 30
530 30
531 30
532 29
533 29
534 29
535 30
536 30
537 29
538 28
539 29
540 28
541 27
542 27
543 28
544 29
545 29
546 29
547 28
548 27
549 27
550 27
551 27
552 26
553 26
554 27
555 26
556 26
557 26
558 26
559 27
560 26
561 27
562 27
563 27
564 28
565 28
566 29
567 28
568 29
569 29
570 29
571 30
572 31
573 32
574 32
575 32
576 32
577 33
578 34
579 34
580 34
581 35
582 35
583 36
584 36
585 35
586 35
587 34
588 34
589 35
590 35
591 35
592 36
593 35
594 35
595 35
596 35
597 36
598 36
599 35
600 35
601 36
602 36
603 36
604 36
605 36
606 35
607 36
608 36
609 37
610 37
611 36
612 36
613 37
614 37
615 36
616 37
617 36
618 36
619 35
620 35
621 36
622 36
623 36
624 36
625 36
626 36
627 36
628 37
629 36
630 35
631 35
632 34
633 34
634 34
635 33
636 33
637 33
638 33
639 33
640 33
641 31
642 32
643 31
644 30
645 31
646 32
647 33
648 32
649 31
650 32
651 32
652 32
653 32
654 31
655 31
656 32
657 32
658 33
659 32
660 33
661 33
662 32
663 32
664 31
665 30
666 29
667 30
668 30
669 30
670 31
671 30
672 29
673 29
674 28
675 28
676 30
677 30
678 32
679 33
680 33
681 32
682 31
683 31
684 30
685 31
686 31
687 31
688 30
689 29
690 29
691 29
692 29
693 30
694 30
695 30
696 30
697 30
698 31
699 31
700 32
701 33
702 32
703 32
704 31
705 31
706 31
707 30
708 31
709 31
710 30
711 30
712 30
713 29
714 30
715 30
716 29
717 28
718 28
719 28
720 27
721 27
722 27
723 27
724 27
725 27
726 27
727 27
728 27
729 27
730 28
731 27
732 28
733 28
734 30
735 29
736 30
737 31
738 33
739 34
740 33
741 32
742 32
743 33
744 34
745 34
746 34
747 33
748 33
749 32
750 33
751 32
752 32
753 33
754 33
755 30
756 30
757 30
758 30
759 31
760 31
761 32
762 33
763 33
764 33
765 34
766 34
767 33
768 33
769 33
770 35
771 36
772 35
773 35
774 35
775 34
776 34
777 33
778 32
779 33
780 34
781 33
782 34
783 35
784 35
785 35
786 35
787 36
788 35
789 36
790 36
791 36
792 35
793 35
794 37
795 37
796 38
797 38
798 39
799 39
800 39
801 39
802 39
803 38
804 37
805 36
806 37
807 36
808 36
809 35
810 37
811 37
812 37
813 37
814 37
815 37
816 37
817 37
818 37
819 37
820 36
821 36
822 36
823 33
824 33
825 33
826 34
827 33
828 33
829 34
830 35
831 35
832 34
833 34
834 34
835 34
836 34
837 35
838 35
839 35
840 35
841 35
842 35
843 36
844 36
845 35
846 36
847 37
848 37
849 36
850 35
851 34
852 35
853 35
854 35
855 34
856 33
857 32
858 33
859 32
860 32
861 32
862 32
863 33
864 32
865 33
866 32
867 32
868 32
869 32
870 33
871 34
872 34
873 34
874 33
875 34
876 34
877 32
878 32
879 32
880 31
881 31
882 32
883 31
884 31
885 31
886 32
887 31
888 31
889 31
890 31
891 29
892 28
893 27
894 27
895 27
896 27
897 27
898 26
899 27
900 27
901 27
902 28
903 28
904 28
905 29
906 29
907 30
908 30
909 30
910 32
911 32
912 33
913 34
914 34
915 34
916 33
917 33
918 31
919 31
920 33
921 33
922 33
923 33
924 33
925 33
926 33
927 32
928 32
929 32
930 30
931 29
932 29
933 30
934 29
935 29
936 28
937 28
938 28
939 27
940 26
941 26
942 26
943 26
944 27
945 28
946 28
947 28
948 29
949 26
950 27
951 26
952 26
953 26
954 26
955 27
956 28
957 28
958 27
959 27
960 26
961 26
962 25
963 24
964 25
965 25
966 25
967 25
968 25
969 26
970 25
971 26
972 26
973 26
974 28
975 29
976 30
977 31
978 32
979 31
980 31
981 30
982 31
983 31
984 32
985 31
986 31
987 30
988 31
989 32
990 34
991 34
992 35
993 37
994 34
995 33
996 34
997 35
998 35
999 34
1000 34
