0 75
1 55
2 51
3 47
4 49
5 48
6 49
7 52
8 49
9 54
10 52
11 51
12 53
13 48
14 47
15 48
16 51
17 47
18 54
19 46
20 55
21 52
22 52
23 48
24 55
25 53
26 45
27 51
28 53
29 48
30 50
31 51
32 51
33 51
34 52
35 51
36 52
37 57
38 47
39 47
40 46
41 50
42 50
43 50
44 49
45 51
46 52
47 51
48 55
49 56
50 53
51 50
52 51
53 52
54 45
55 45
56 52
57 55
58 55
59 54
60 51
61 52
62 47
63 52
64 52
65 49
66 54
67 50
68 49
69 51
70 51
71 52
72 52
73 52
74 48
75 52
76 52
77 55
78 53
79 51
80 50
81 45
82 48
83 47
84 51
85 51
86 48
87 45
88 52
89 53
90 53
91 57
92 54
93 48
94 53
95 52
96 53
97 52
98 55
99 52
100 49
101 49
102 53
103 52
104 53
105 49
106 54
107 51
108 52
109 45
110 52
111 53
112 51
113 51
114 50
115 50
116 53
117 42
118 49
119 45
120 51
121 47
122 50
123 57
124 53
125 52
126 53
127 49
128 53
129 50
130 49
131 47
132 52
133 51
134 50
135 51
136 47
137 50
138 47
139 53
140 51
141 48
142 53
143 53
144 47
145 46
146 52
147 49
148 51
149 51
150 54
151 53
152 49
153 47
154 50
155 53
156 51
157 52
158 53
159 55
160 51
161 50
162 47
163 48
164 43
165 50
166 50
167 48
168 55
169 50
170 50
171 56
172 51
173 50
174 50
175 49
176 47
177 51
178 54
179 49
180 49
181 49
182 48
183 51
184 46
185 48
186 53
187 50
188 53
189 51
190 53
191 54
192 51
193 56
194 53
195 54
196 49
197 51
198 47
199 51
200 56
201 50
202 51
203 55
204 54
205 46
206 53
207 52
208 49
209 50
210 51
211 53
212 53
213 53
214 51
215 50
216 54
217 52
218 48
219 50
220 51
221 48
222 51
223 46
224 49
225 55
226 54
227 54
228 49
229 48
230 50
231 50
232 51
233 51
234 55
235 58
236 54
237 49
238 53
239 51
240 52
241 51
242 55
243 53
244 53
245 48
246 52
247 55
248 52
249 52
250 51
251 53
252 51
253 51
254 49
255 48
256 49
257 51
258 52
259 54
260 51
261 51
262 52
263 52
264 51
265 54
266 53
267 50
268 53
269 54
270 51
271 46
272 50
273 52
274 50
275 50
276 49
277 51
278 43
279 54
280 51
281 45
282 54
283 48
284 53
285 51
286 50
287 47
288 49
289 54
290 51
291 51
292 53
293 53
294 50
295 50
296 54
297 54
298 51
299 49
300 49
301 47
302 53
303 49
304 46
305 48
306 56
307 51
308 51
309 50
310 51
311 48
312 46
313 54
314 51
315 50
316 46
317 45
318 53
319 50
320 50
321 52
322 55
323 49
324 53
325 47
326 48
327 56
328 48
329 53
330 51
331 52
332 51
333 54
334 44
335 50
336 51
337 51
338 53
339 50
340 52
341 53
342 54
343 51
344 55
345 51
346 50
347 50
348 49
349 49
350 52
351 47
352 50
353 53
354 51
355 46
356 50
357 53
358 46
359 49
360 54
361 51
362 52
363 51
364 51
365 50
366 50
367 51
368 52
369 50
370 51
371 50
372 48
373 52
374 47
375 48
376 51
377 49
378 49
379 51
380 54
381 51
382 50
383 47
384 52
385 49
386 49
387 52
388 53
389 53
390 56
391 50
392 52
393 47
394 50
395 51
396 54
397 50
398 53
399 53
400 49
401 52
402 52
403 46
404 53
405 46
406 53
407 49
408 48
409 52
410 51
411 55
412 55
413 51
414 46
415 48
416 51
417 49
418 53
419 52
420 49
421 52
422 54
423 54
424 48
425 46
426 52
427 50
428 47
429 50
430 56
431 50
432 53
433 52
434 52
435 53
436 53
437 54
438 48
439 51
440 51
441 49
442 49
443 52
444 53
445 53
446 49
447 49
448 52
449 52
450 52
451 52
452 50
453 51
454 51
455 53
456 55
457 52
458 52
459 52
460 50
461 49
462 50
463 49
464 52
465 56
466 44
467 52
468 54
469 52
470 51
471 53
472 50
473 46
474 48
475 48
476 48
477 50
478 53
479 48
480 52
481 54
482 52
483 48
484 51
485 52
486 53
487 51
488 50
489 48
490 49
491 54
492 52
493 55
494 46
495 51
496 52
497 47
498 50
499 49
500 53
501 51
502 53
503 50
504 53
505 53
506 52
507 51
508 54
509 51
510 45
511 47
512 52
513 52
514 53
515 52
516 52
517 47
518 48
519 51
520 51
521 54
522 54
523 53
524 55
525 52
526 50
527 52
528 52
529 49
530 53
531 51
532 49
533 54
534 54
535 55
536 49
537 49
538 51
539 48
540 52
541 51
542 55
543 53
544 53
545 53
546 52
547 52
548 51
549 53
550 51
551 48
552 53
553 50
554 52
555 47
556 48
557 48
558 54
559 52
560 50
561 48
562 52
563 50
564 53
565 53
566 48
567 47
568 54
569 49
570 48
571 51
572 50
573 50
574 39
575 44
576 49
577 55
578 49
579 51
580 51
581 49
582 51
583 56
584 53
585 54
586 52
587 53
588 55
589 53
590 52
591 51
592 52
593 52
594 53
595 48
596 49
597 46
598 45
599 51
600 49
601 51
602 55
603 54
604 50
605 54
606 52
607 47
608 47
609 51
610 54
611 53
612 47
613 55
614 47
615 52
616 52
617 49
618 51
619 48
620 51
621 51
622 50
623 50
624 50
625 50
626 48
627 50
628 52
629 54
630 48
631 49
632 51
633 53
634 57
635 49
636 53
637 53
638 49
639 55
640 50
641 52
642 53
643 44
644 51
645 46
646 57
647 49
648 47
649 50
650 56
651 47
652 48
653 51
654 54
655 51
656 49
657 51
658 50
659 51
660 49
661 45
662 51
663 51
664 50
665 46
666 50
667 52
668 48
669 47
670 51
671 51
672 49
673 52
674 55
675 54
676 49
677 52
678 55
679 48
680 50
681 52
682 50
683 47
684 49
685 52
686 50
687 52
688 50
689 51
690 49
691 50
692 49
693 46
694 52
695 54
696 52
697 49
698 51
699 51
700 52
701 49
702 50
703 52
704 51
705 48
706 52
707 54
708 49
709 52
710 42
711 52
712 49
713 48
714 50
715 51
716 53
717 53
718 51
719 52
720 51
721 49
722 51
723 52
724 49
725 45
726 50
727 49
728 53
729 50
730 53
731 52
732 46
733 50
734 50
735 52
736 44
737 51
738 53
739 50
740 48
741 52
742 53
743 50
744 49
745 45
746 52
747 52
748 50
749 50
750 50
751 54
752 52
753 52
754 53
755 51
756 50
757 46
758 52
759 51
760 48
761 53
762 51
763 47
764 53
765 52
766 49
767 52
768 51
769 52
770 49
771 53
772 52
773 51
774 55
775 54
776 52
777 50
778 53
779 53
780 48
781 49
782 47
783 50
784 52
785 45
786 51
787 48
788 52
789 52
790 50
791 54
792 50
793 50
794 48
795 45
796 46
797 51
798 49
799 51
800 51
801 50
802 53
803 51
804 50
805 51
806 49
807 52
808 54
809 50
810 55
811 53
812 50
813 50
814 50
815 49
816 51
817 52
818 43
819 52
820 46
821 56
822 52
823 49
824 53
825 55
826 50
827 51
828 47
829 50
830 54
831 49
832 49
833 49
834 47
835 51
836 51
837 47
838 52
839 52
840 52
841 50
842 51
843 54
844 52
845 52
846 51
847 51
848 51
849 53
850 50
851 48
852 54
853 56
854 44
855 49
856 50
857 52
858 54
859 48
860 48
861 45
862 49
863 51
864 46
865 54
866 49
867 48
868 49
869 48
870 49
871 52
872 50
873 52
874 52
875 49
876 54
877 55
878 52
879 52
880 48
881 52
882 57
883 52
884 48
885 52
886 50
887 57
888 52
889 51
890 53
891 50
892 50
893 47
894 44
895 50
896 53
897 51
898 48
899 47
900 46
901 50
902 45
903 51
904 51
905 51
906 51
907 50
908 54
909 48
910 47
911 50
912 48
913 49
914 47
915 51
916 49
917 50
918 52
919 52
920 48
921 51
922 47
923 54
924 53
925 47
926 50
927 47
928 49
929 51
930 51
931 53
932 52
933 54
934 51
935 49
936 46
937 51
938 49
939 51
940 51
941 51
942 49
943 50
944 52
945 54
946 52
947 47
948 50
949 53
950 54
951 52
952 54
953 48
954 48
955 54
956 49
957 48
958 50
959 49
960 48
961 50
962 50
963 51
964 51
965 50
966 51
967 46
968 48
969 47
970 51
971 49
972 51
973 51
974 53
975 55
976 51
977 51
978 54
979 50
980 50
981 48
982 48
983 45
984 52
985 53
986 51
987 54
988 52
989 48
990 53
991 55
992 45
993 52
994 50
995 53
996 51
997 47
998 54
999 50
1000 50
