0 40
1 36
2 28
3 30
4 28
5 28
6 27
7 29
8 30
9 25
10 26
11 20
12 26
13 28
14 31
15 27
16 31
17 28
18 28
19 28
20 27
21 25
22 25
23 25
24 25
25 25
26 27
27 27
28 26
29 23
30 30
31 29
32 26
33 28
34 26
35 26
36 28
37 30
38 28
39 23
40 28
41 31
42 29
43 31
44 26
45 27
46 27
47 26
48 25
49 31
50 27
51 22
52 27
53 23
54 27
55 26
56 30
57 30
58 26
59 28
60 25
61 22
62 26
63 27
64 26
65 28
66 28
67 25
68 28
69 26
70 24
71 30
72 28
73 25
74 26
75 29
76 26
77 24
78 26
79 30
80 31
81 32
82 26
83 28
84 25
85 29
86 30
87 32
88 28
89 24
90 29
91 29
92 23
93 26
94 26
95 28
96 25
97 27
98 29
99 27
100 25
101 26
102 27
103 27
104 29
105 29
106 31
107 34
108 30
109 26
110 30
111 32
112 33
113 29
114 29
115 26
116 29
117 26
118 29
119 31
120 31
121 27
122 17
123 21
124 27
125 27
126 25
127 28
128 26
129 27
130 26
131 28
132 30
133 30
134 27
135 33
136 31
137 30
138 27
139 25
140 26
141 28
142 29
143 26
144 28
145 30
146 27
147 25
148 27
149 28
150 29
151 26
152 22
153 29
154 27
155 26
156 29
157 26
158 22
159 29
160 26
161 31
162 27
163 22
164 27
165 24
166 30
167 27
168 25
169 26
170 29
171 28
172 30
173 31
174 25
175 24
176 29
177 30
178 28
179 27
180 26
181 26
182 24
183 24
184 23
185 23
186 25
187 26
188 27
189 28
190 25
191 24
192 23
193 28
194 29
195 27
196 25
197 28
198 31
199 30
200 25
201 23
202 26
203 28
204 24
205 25
206 25
207 27
208 26
209 28
210 24
211 22
212 25
213 25
214 27
215 29
216 29
217 29
218 27
219 27
220 25
221 27
222 29
223 28
224 28
225 27
226 31
227 31
228 29
229 25
230 27
231 27
232 29
233 28
234 23
235 24
236 25
237 27
238 27
239 25
240 24
241 29
242 27
243 30
244 31
245 32
246 28
247 30
248 31
249 29
250 27
251 26
252 24
253 26
254 25
255 31
256 33
257 29
258 25
259 29
260 28
261 30
262 27
263 28
264 30
265 23
266 24
267 27
268 27
269 27
270 25
271 27
272 30
273 28
274 28
275 32
276 27
277 28
278 29
279 29
280 27
281 28
282 28
283 26
284 29
285 27
286 27
287 27
288 29
289 28
290 30
291 29
292 30
293 31
294 28
295 29
296 26
297 28
298 29
299 30
300 33
301 29
302 29
303 30
304 29
305 29
306 27
307 27
308 26
309 27
310 29
311 23
312 27
313 27
314 26
315 27
316 24
317 27
318 29
319 30
320 31
321 31
322 29
323 27
324 22
325 26
326 26
327 28
328 30
329 30
330 27
331 28
332 28
333 27
334 29
335 27
336 26
337 26
338 26
339 28
340 26
341 27
342 30
343 28
344 24
345 33
346 29
347 27
348 24
349 26
350 32
351 33
352 24
353 28
354 25
355 25
356 27
357 29
358 30
359 26
360 28
361 31
362 32
363 28
364 25
365 25
366 27
367 26
368 25
369 22
370 30
371 28
372 28
373 23
374 27
375 28
376 26
377 28
378 26
379 29
380 31
381 27
382 29
383 31
384 28
385 29
386 28
387 29
388 26
389 22
390 25
391 25
392 20
393 26
394 28
395 26
396 26
397 32
398 24
399 24
400 30
401 29
402 27
403 24
404 31
405 26
406 28
407 26
408 26
409 26
410 24
411 30
412 28
413 31
414 29
415 28
416 24
417 30
418 29
419 29
420 23
421 27
422 28
423 29
424 28
425 26
426 27
427 24
428 27
429 24
430 26
431 26
432 30
433 28
434 29
435 29
436 30
437 27
438 26
439 28
440 26
441 26
442 25
443 30
444 33
445 35
446 29
447 29
448 26
449 24
450 26
451 26
452 26
453 29
454 28
455 29
456 27
457 22
458 26
459 29
460 24
461 28
462 27
463 28
464 30
465 27
466 26
467 26
468 29
469 29
470 27
471 32
472 24
473 27
474 29
475 27
476 31
477 31
478 28
479 25
480 26
481 33
482 24
483 29
484 31
485 30
486 27
487 28
488 27
489 31
490 31
491 29
492 31
493 31
494 30
495 29
496 26
497 25
498 24
499 25
500 27
501 26
502 25
503 30
504 28
505 29
506 25
507 24
508 29
509 28
510 25
511 28
512 28
513 27
514 28
515 26
516 29
517 27
518 27
519 29
520 32
521 32
522 30
523 31
524 31
525 31
526 32
527 26
528 26
529 29
530 27
531 27
532 29
533 28
534 30
535 27
536 31
537 30
538 25
539 27
540 29
541 30
542 28
543 24
544 27
545 30
546 30
547 30
548 32
549 29
550 29
551 30
552 30
553 27
554 25
555 29
556 24
557 27
558 25
559 25
560 27
561 31
562 28
563 28
564 26
565 28
566 26
567 26
568 24
569 26
570 27
571 28
572 27
573 26
574 26
575 28
576 27
577 28
578 30
579 28
580 27
581 26
582 28
583 24
584 26
585 28
586 29
587 24
588 25
589 29
590 29
591 24
592 23
593 29
594 31
595 31
596 31
597 29
598 32
599 29
600 25
601 26
602 25
603 26
604 27
605 25
606 25
607 31
608 28
609 26
610 30
611 28
612 27
613 25
614 24
615 26
616 23
617 25
618 26
619 26
620 25
621 27
622 30
623 28
624 28
625 28
626 31
627 29
628 29
629 32
630 29
631 29
632 32
633 30
634 28
635 26
636 27
637 27
638 28
639 33
640 31
641 30
642 28
643 28
644 30
645 25
646 25
647 23
648 27
649 20
650 24
651 31
652 32
653 30
654 27
655 26
656 23
657 24
658 27
659 23
660 25
661 28
662 29
663 30
664 32
665 29
666 27
667 28
668 27
669 25
670 29
671 30
672 29
673 31
674 31
675 32
676 30
677 27
678 32
679 31
680 29
681 26
682 27
683 28
684 29
685 31
686 31
687 28
688 27
689 30
690 26
691 30
692 25
693 29
694 27
695 28
696 24
697 28
698 29
699 30
700 28
701 28
702 29
703 25
704 24
705 25
706 27
707 26
708 27
709 27
710 32
711 31
712 30
713 24
714 29
715 30
716 30
717 26
718 26
719 25
720 28
721 26
722 28
723 26
724 29
725 28
726 31
727 31
728 30
729 34
730 29
731 30
732 26
733 25
734 29
735 26
736 28
737 28
738 29
739 29
740 29
741 27
742 26
743 28
744 32
745 29
746 31
747 29
748 31
749 32
750 34
751 29
752 29
753 26
754 27
755 27
756 30
757 30
758 30
759 26
760 28
761 29
762 30
763 31
764 29
765 27
766 27
767 27
768 32
769 29
770 27
771 27
772 29
773 27
774 29
775 30
776 30
777 25
778 29
779 28
780 27
781 28
782 29
783 28
784 31
785 28
786 26
787 25
788 26
789 24
790 26
791 28
792 27
793 26
794 27
795 27
796 28
797 30
798 28
799 30
800 30
801 29
802 30
803 32
804 27
805 31
806 28
807 26
808 26
809 27
810 26
811 29
812 27
813 24
814 25
815 29
816 26
817 23
818 27
819 29
820 31
821 26
822 26
823 29
824 27
825 25
826 25
827 29
828 27
829 30
830 29
831 29
832 27
833 27
834 29
835 30
836 29
837 25
838 29
839 29
840 28
841 31
842 30
843 26
844 24
845 29
846 30
847 27
848 29
849 28
850 29
851 26
852 28
853 27
854 26
855 30
856 31
857 30
858 32
859 30
860 30
861 29
862 26
863 26
864 24
865 26
866 26
867 25
868 27
869 29
870 30
871 29
872 30
873 28
874 26
875 24
876 28
877 27
878 25
879 25
880 29
881 27
882 25
883 28
884 28
885 24
886 28
887 29
888 31
889 32
890 30
891 29
892 25
893 24
894 29
895 30
896 31
897 27
898 29
899 29
900 31
901 27
902 28
903 30
904 28
905 32
906 29
907 27
908 29
909 28
910 32
911 29
912 27
913 27
914 28
915 26
916 23
917 25
918 29
919 29
920 28
921 27
922 30
923 29
924 27
925 27
926 29
927 29
928 28
929 27
930 27
931 29
932 30
933 26
934 30
935 25
936 27
937 28
938 28
939 31
940 26
941 27
942 31
943 29
944 25
945 27
946 27
947 29
948 28
949 26
950 24
951 26
952 29
953 25
954 28
955 31
956 31
957 31
958 32
959 30
960 31
961 27
962 24
963 25
964 27
965 28
966 31
967 27
968 28
969 30
970 29
971 26
972 26
973 30
974 30
975 29
976 29
977 31
978 31
979 31
980 30
981 32
982 29
983 33
984 29
985 24
986 29
987 27
988 25
989 24
990 25
991 30
992 32
993 28
994 28
995 26
996 26
997 28
998 27
999 28
1000 27
