0 75
1 58
2 54
3 49
4 50
5 50
6 50
7 44
8 50
9 49
10 47
11 54
12 50
13 54
14 49
15 48
16 52
17 53
18 52
19 51
20 50
21 55
22 53
23 50
24 52
25 52
26 53
27 53
28 48
29 49
30 52
31 51
32 54
33 51
34 50
35 54
36 55
37 54
38 50
39 53
40 55
41 49
42 47
43 52
44 52
45 56
46 51
47 49
48 52
49 53
50 49
51 46
52 51
53 47
54 47
55 48
56 50
57 55
58 55
59 54
60 49
61 53
62 54
63 53
64 54
65 52
66 48
67 51
68 48
69 48
70 53
71 52
72 48
73 50
74 54
75 51
76 52
77 51
78 53
79 51
80 55
81 50
82 52
83 53
84 55
85 53
86 52
87 47
88 51
89 55
90 52
91 48
92 51
93 58
94 60
95 54
96 50
97 48
98 52
99 49
100 55
101 52
102 51
103 50
104 53
105 55
106 56
107 54
108 52
109 54
110 54
111 54
112 56
113 54
114 51
115 49
116 51
117 51
118 52
119 54
120 47
121 50
122 46
123 50
124 49
125 51
126 53
127 51
128 52
129 53
130 53
131 49
132 50
133 50
134 51
135 50
136 49
137 53
138 52
139 53
140 56
141 55
142 55
143 53
144 55
145 53
146 53
147 50
148 47
149 49
150 52
151 51
152 51
153 51
154 56
155 50
156 52
157 52
158 52
159 50
160 52
161 54
162 51
163 53
164 53
165 55
166 55
167 50
168 50
169 49
170 51
171 47
172 56
173 55
174 51
175 52
176 57
177 53
178 52
179 50
180 53
181 50
182 50
183 51
184 46
185 48
186 49
187 52
188 55
189 52
190 54
191 53
192 52
193 55
194 52
195 52
196 50
197 52
198 52
199 46
200 55
201 53
202 53
203 53
204 56
205 55
206 54
207 51
208 54
209 53
210 52
211 57
212 52
213 52
214 46
215 48
216 49
217 49
218 44
219 53
220 52
221 50
222 49
223 50
224 48
225 48
226 49
227 53
228 53
229 53
230 50
231 47
232 45
233 48
234 52
235 50
236 50
237 49
238 49
239 49
240 55
241 53
242 56
243 51
244 53
245 48
246 50
247 54
248 51
249 52
250 54
251 53
252 54
253 52
254 56
255 51
256 54
257 47
258 49
259 47
260 54
261 55
262 55
263 49
264 51
265 50
266 49
267 49
268 51
269 53
270 52
271 52
272 56
273 54
274 51
275 54
276 52
277 48
278 51
279 53
280 51
281 55
282 53
283 52
284 53
285 51
286 49
287 52
288 52
289 53
290 53
291 51
292 52
293 54
294 54
295 52
296 50
297 54
298 52
299 54
300 49
301 47
302 54
303 50
304 48
305 51
306 44
307 49
308 54
309 51
310 49
311 51
312 54
313 50
314 54
315 53
316 51
317 48
318 46
319 53
320 53
321 51
322 53
323 47
324 47
325 50
326 46
327 51
328 51
329 47
330 49
331 49
332 54
333 54
334 51
335 55
336 48
337 52
338 51
339 54
340 54
341 47
342 50
343 55
344 50
345 48
346 55
347 53
348 50
349 53
350 49
351 43
352 46
353 54
354 48
355 49
356 54
357 57
358 56
359 50
360 45
361 46
362 45
363 43
364 49
365 53
366 50
367 56
368 50
369 54
370 51
371 54
372 48
373 51
374 53
375 44
376 46
377 47
378 53
379 55
380 46
381 46
382 53
383 50
384 50
385 51
386 53
387 50
388 57
389 54
390 55
391 48
392 48
393 48
394 45
395 48
396 50
397 56
398 53
399 56
400 53
401 53
402 54
403 52
404 53
405 53
406 51
407 52
408 53
409 52
410 50
411 50
412 56
413 52
414 47
415 51
416 52
417 53
418 51
419 51
420 52
421 54
422 53
423 54
424 53
425 51
426 51
427 48
428 52
429 51
430 51
431 52
432 56
433 55
434 57
435 53
436 57
437 52
438 54
439 48
440 49
441 50
442 50
443 52
444 50
445 52
446 46
447 47
448 48
449 48
450 49
451 46
452 47
453 44
454 47
455 49
456 54
457 55
458 53
459 49
460 52
461 52
462 51
463 52
464 54
465 56
466 51
467 47
468 51
469 52
470 48
471 45
472 49
473 55
474 52
475 55
476 54
477 54
478 55
479 52
480 53
481 49
482 52
483 41
484 50
485 44
486 50
487 53
488 49
489 54
490 52
491 46
492 55
493 50
494 51
495 46
496 47
497 49
498 58
499 52
500 48
501 47
502 51
503 52
504 50
505 54
506 51
507 49
508 51
509 51
510 53
511 53
512 53
513 54
514 50
515 50
516 52
517 53
518 51
519 51
520 51
521 51
522 52
523 59
524 52
525 48
526 52
527 50
528 54
529 52
530 52
531 54
532 53
533 44
534 48
535 53
536 52
537 51
538 50
539 52
540 52
541 48
542 46
543 50
544 53
545 57
546 53
547 53
548 51
549 53
550 55
551 55
552 50
553 54
554 45
555 51
556 49
557 50
558 50
559 52
560 49
561 48
562 54
563 55
564 52
565 53
566 54
567 52
568 54
569 54
570 55
571 53
572 48
573 55
574 51
575 51
576 52
577 53
578 53
579 48
580 49
581 55
582 54
583 53
584 49
585 53
586 47
587 53
588 51
589 50
590 49
591 52
592 49
593 50
594 54
595 52
596 52
597 54
598 54
599 54
600 54
601 48
602 48
603 46
604 55
605 53
606 53
607 52
608 48
609 54
610 51
611 50
612 58
613 53
614 53
615 52
616 47
617 51
618 52
619 49
620 48
621 49
622 53
623 49
624 55
625 55
626 53
627 49
628 53
629 54
630 55
631 50
632 44
633 49
634 51
635 53
636 50
637 51
638 48
639 49
640 52
641 52
642 54
643 49
644 53
645 50
646 51
647 48
648 53
649 50
650 48
651 49
652 51
653 51
654 52
655 52
656 54
657 48
658 53
659 51
660 55
661 48
662 50
663 50
664 50
665 53
666 48
667 54
668 54
669 52
670 55
671 52
672 52
673 54
674 54
675 51
676 54
677 53
678 46
679 52
680 54
681 53
682 53
683 55
684 51
685 49
686 51
687 46
688 52
689 51
690 51
691 49
692 51
693 51
694 53
695 51
696 54
697 57
698 53
699 54
700 51
701 47
702 49
703 49
704 48
705 53
706 49
707 50
708 55
709 52
710 56
711 55
712 52
713 50
714 50
715 53
716 49
717 55
718 53
719 51
720 54
721 54
722 56
723 48
724 50
725 44
726 49
727 47
728 54
729 46
730 50
731 51
732 51
733 52
734 49
735 47
736 53
737 51
738 52
739 52
740 53
741 54
742 53
743 50
744 52
745 54
746 48
747 54
748 53
749 53
750 54
751 53
752 55
753 51
754 47
755 48
756 52
757 53
758 53
759 53
760 54
761 55
762 46
763 51
764 45
765 50
766 55
767 52
768 46
769 50
770 45
771 44
772 53
773 51
774 49
775 54
776 51
777 47
778 52
779 51
780 55
781 55
782 54
783 48
784 55
785 53
786 50
787 46
788 48
789 51
790 52
791 53
792 53
793 49
794 53
795 50
796 51
797 51
798 52
799 51
800 56
801 57
802 52
803 52
804 51
805 57
806 56
807 50
808 47
809 55
810 54
811 54
812 52
813 52
814 54
815 57
816 54
817 54
818 52
819 53
820 53
821 55
822 55
823 54
824 49
825 48
826 49
827 50
828 54
829 54
830 50
831 51
832 54
833 46
834 52
835 53
836 52
837 50
838 48
839 50
840 52
841 50
842 51
843 52
844 52
845 47
846 53
847 54
848 52
849 52
850 48
851 54
852 52
853 45
854 48
855 51
856 46
857 47
858 50
859 51
860 56
861 53
862 49
863 52
864 54
865 52
866 45
867 48
868 47
869 50
870 51
871 48
872 48
873 50
874 49
875 52
876 56
877 49
878 48
879 49
880 54
881 52
882 53
883 49
884 53
885 52
886 51
887 52
888 57
889 54
890 51
891 51
892 51
893 50
894 47
895 50
896 51
897 54
898 54
899 52
900 49
901 48
902 56
903 46
904 50
905 49
906 44
907 47
908 48
909 51
910 47
911 50
912 51
913 52
914 50
915 49
916 51
917 52
918 49
919 50
920 47
921 50
922 51
923 49
924 44
925 48
926 54
927 54
928 52
929 53
930 52
931 56
932 54
933 55
934 53
935 52
936 54
937 58
938 54
939 46
940 51
941 51
942 52
943 54
944 52
945 52
946 56
947 51
948 53
949 55
950 53
951 51
952 53
953 56
954 43
955 52
956 51
957 56
958 58
959 53
960 49
961 53
962 54
963 52
964 53
965 57
966 52
967 49
968 55
969 54
970 49
971 54
972 49
973 53
974 51
975 52
976 54
977 52
978 52
979 51
980 52
981 50
982 55
983 46
984 52
985 48
986 54
987 54
988 51
989 48
990 50
991 51
992 52
993 52
994 51
995 47
996 49
997 49
998 52
999 51
1000 53
