0 5
1 4
2 3
3 3
4 3
5 3
6 3
7 3
8 3
9 2
10 2
11 2
12 2
13 2
14 2
15 2
16 2
17 2
18 2
19 2
20 2
21 2
22 2
23 2
24 2
25 2
26 2
27 2
28 2
29 1
30 1
31 1
32 1
33 1
34 0
35 0
36 1
37 1
38 1
39 2
40 2
41 2
42 0
43 0
44 0
45 0
46 0
47 0
48 1
49 1
50 1
51 1
52 0
53 0
54 0
55 0
56 1
57 2
58 2
59 3
60 2
61 2
62 2
63 2
64 2
65 1
66 2
67 2
68 2
69 2
70 2
71 2
72 2
73 2
74 1
75 1
76 0
77 1
78 1
79 1
80 0
81 0
82 0
83 0
84 0
85 0
86 0
87 0
88 0
89 0
90 0
91 0
92 0
93 0
94 0
95 0
96 1
97 2
98 2
99 1
100 1
101 1
102 1
103 1
104 1
105 1
106 2
107 1
108 1
109 1
110 1
111 0
112 0
113 1
114 1
115 1
116 0
117 0
118 1
119 1
120 1
121 1
122 1
123 2
124 2
125 2
126 2
127 2
128 2
129 2
130 1
131 1
132 1
133 1
134 1
135 1
136 2
137 2
138 2
139 2
140 1
141 2
142 2
143 0
144 0
145 0
146 0
147 0
148 0
149 0
150 0
151 2
152 2
153 2
154 2
155 2
156 2
157 2
158 2
159 2
160 2
161 1
162 1
163 1
164 1
165 0
166 1
167 1
168 1
169 1
170 1
171 1
172 0
173 0
174 1
175 1
176 0
177 0
178 0
179 0
180 1
181 1
182 1
183 1
184 2
185 2
186 2
187 2
188 2
189 2
190 3
191 3
192 2
193 2
194 3
195 3
196 3
197 3
198 2
199 2
200 2
201 1
202 1
203 1
204 2
205 1
206 0
207 1
208 1
209 1
210 1
211 1
212 1
213 1
214 1
215 0
216 0
217 0
218 0
219 0
220 1
221 2
222 2
223 2
224 1
225 1
226 1
227 1
228 1
229 2
230 2
231 2
232 2
233 2
234 2
235 2
236 2
237 1
238 1
239 1
240 1
241 1
242 2
243 2
244 2
245 2
246 2
247 2
248 2
249 2
250 1
251 1
252 1
253 1
254 1
255 1
256 1
257 1
258 0
259 0
260 0
261 2
262 2
263 2
264 2
265 2
266 1
267 1
268 0
269 0
270 0
271 1
272 1
273 0
274 0
275 0
276 1
277 1
278 1
279 1
280 1
281 1
282 1
283 1
284 0
285 0
286 0
287 2
288 1
289 1
290 0
291 0
292 0
293 0
294 1
295 1
296 1
297 1
298 1
299 1
300 1
301 1
302 1
303 1
304 1
305 1
306 1
307 2
308 2
309 2
310 2
311 2
312 2
313 2
314 2
315 2
316 1
317 2
318 2
319 2
320 2
321 2
322 2
323 2
324 1
325 1
326 1
327 1
328 1
329 1
330 2
331 1
332 1
333 2
334 2
335 2
336 2
337 2
338 2
339 2
340 3
341 3
342 2
343 2
344 2
345 2
346 2
347 2
348 2
349 2
350 2
351 2
352 2
353 1
354 1
355 1
356 1
357 1
358 2
359 1
360 1
361 1
362 2
363 1
364 1
365 1
366 1
367 1
368 1
369 1
370 2
371 2
372 1
373 1
374 1
375 1
376 1
377 1
378 2
379 2
380 1
381 1
382 0
383 0
384 0
385 0
386 1
387 1
388 1
389 1
390 2
391 2
392 2
393 2
394 2
395 2
396 2
397 2
398 3
399 2
400 2
401 2
402 2
403 3
404 3
405 2
406 2
407 2
408 1
409 1
410 1
411 0
412 0
413 0
414 0
415 0
416 0
417 0
418 0
419 0
420 1
421 1
422 1
423 1
424 1
425 1
426 1
427 1
428 2
429 2
430 2
431 2
432 2
433 2
434 2
435 1
436 1
437 0
438 0
439 1
440 0
441 0
442 0
443 0
444 0
445 0
446 0
447 0
448 1
449 1
450 1
451 0
452 1
453 1
454 1
455 1
456 1
457 2
458 3
459 2
460 2
461 1
462 1
463 1
464 1
465 0
466 1
467 1
468 1
469 1
470 1
471 1
472 1
473 1
474 0
475 0
476 0
477 0
478 0
479 0
480 1
481 2
482 2
483 2
484 1
485 1
486 0
487 0
488 0
489 0
490 0
491 1
492 1
493 1
494 1
495 1
496 1
497 1
498 0
499 1
500 2
501 2
502 2
503 1
504 1
505 1
506 0
507 0
508 0
509 0
510 0
511 1
512 1
513 2
514 2
515 2
516 2
517 2
518 1
519 1
520 1
521 1
522 2
523 2
524 1
525 1
526 1
527 2
528 2
529 2
530 2
531 2
532 2
533 3
534 2
535 2
536 1
537 2
538 2
539 2
540 2
541 2
542 2
543 2
544 2
545 2
546 1
547 1
548 1
549 1
550 1
551 2
552 2
553 2
554 2
555 1
556 1
557 2
558 2
559 2
560 2
561 2
562 2
563 2
564 2
565 2
566 2
567 1
568 1
569 1
570 1
571 1
572 1
573 1
574 2
575 2
576 2
577 2
578 2
579 2
580 2
581 2
582 2
583 1
584 1
585 1
586 1
587 1
588 1
589 1
590 0
591 0
592 1
593 1
594 0
595 0
596 1
597 1
598 1
599 1
600 2
601 2
602 1
603 1
604 1
605 2
606 2
607 2
608 2
609 2
610 2
611 3
612 2
613 1
614 1
615 0
616 0
617 0
618 0
619 1
620 1
621 2
622 1
623 1
624 1
625 2
626 2
627 2
628 2
629 2
630 2
631 2
632 1
633 2
634 2
635 1
636 1
637 1
638 1
639 1
640 1
641 1
642 1
643 1
644 1
645 1
646 2
647 3
648 2
649 2
650 1
651 0
652 0
653 0
654 1
655 1
656 1
657 0
658 0
659 0
660 0
661 1
662 1
663 1
664 1
665 1
666 1
667 1
668 1
669 1
670 1
671 1
672 1
673 1
674 1
675 1
676 1
677 0
678 0
679 0
680 0
681 0
682 0
683 0
684 0
685 0
686 0
687 0
688 1
689 1
690 1
691 1
692 1
693 1
694 1
695 1
696 2
697 2
698 2
699 2
700 2
701 2
702 1
703 2
704 1
705 1
706 1
707 1
708 1
709 1
710 1
711 1
712 1
713 1
714 1
715 1
716 2
717 2
718 2
719 3
720 3
721 2
722 2
723 1
724 1
725 1
726 1
727 0
728 0
729 1
730 1
731 1
732 1
733 0
734 0
735 0
736 0
737 1
738 1
739 0
740 0
741 0
742 0
743 0
744 0
745 0
746 1
747 1
748 1
749 1
750 1
751 1
752 1
753 1
754 1
755 2
756 1
757 1
758 1
759 1
760 0
761 1
762 2
763 2
764 2
765 2
766 1
767 1
768 1
769 1
770 2
771 2
772 2
773 2
774 1
775 1
776 1
777 1
778 1
779 2
780 2
781 2
782 2
783 0
784 0
785 0
786 0
787 0
788 0
789 1
790 2
791 2
792 1
793 2
794 2
795 2
796 1
797 1
798 1
799 1
800 1
801 1
802 1
803 1
804 1
805 1
806 1
807 1
808 1
809 2
810 2
811 2
812 2
813 1
814 1
815 2
816 1
817 1
818 1
819 1
820 0
821 1
822 2
823 2
824 2
825 2
826 2
827 1
828 1
829 1
830 0
831 0
832 1
833 1
834 1
835 2
836 3
837 3
838 3
839 2
840 2
841 2
842 2
843 2
844 2
845 2
846 2
847 2
848 2
849 2
850 2
851 2
852 1
853 1
854 1
855 2
856 1
857 1
858 1
859 1
860 2
861 2
862 1
863 1
864 1
865 1
866 1
867 1
868 1
869 1
870 1
871 0
872 0
873 0
874 0
875 0
876 1
877 0
878 0
879 0
880 0
881 0
882 0
883 0
884 0
885 1
886 1
887 2
888 2
889 2
890 2
891 1
892 1
893 1
894 1
895 1
896 1
897 1
898 0
899 0
900 0
901 1
902 2
903 2
904 2
905 2
906 2
907 1
908 1
909 1
910 1
911 1
912 1
913 1
914 1
915 1
916 0
917 0
918 0
919 0
920 0
921 0
922 0
923 0
924 0
925 0
926 0
927 0
928 1
929 2
930 3
931 3
932 2
933 2
934 1
935 1
936 1
937 2
938 2
939 2
940 2
941 2
942 2
943 3
944 3
945 3
946 3
947 2
948 1
949 1
950 1
951 2
952 2
953 1
954 1
955 1
956 1
957 2
958 2
959 2
960 2
961 2
962 2
963 2
964 1
965 1
966 1
967 1
968 1
969 1
970 1
971 1
972 1
973 0
974 1
975 1
976 0
977 0
978 1
979 1
980 0
981 0
982 0
983 0
984 2
985 2
986 3
987 3
988 3
989 3
990 2
991 2
992 2
993 1
994 1
995 1
996 2
997 2
998 2
999 2
1000 2
