0 65
1 47
2 45
3 48
4 45
5 44
6 47
7 44
8 49
9 45
10 44
11 43
12 49
13 41
14 36
15 43
16 47
17 47
18 45
19 42
20 42
21 42
22 48
23 47
24 45
25 47
26 39
27 47
28 42
29 40
30 46
31 43
32 45
33 43
34 47
35 45
36 49
37 46
38 43
39 44
40 44
41 41
42 47
43 46
44 45
45 38
46 43
47 44
48 49
49 46
50 46
51 44
52 46
53 47
54 45
55 44
56 44
57 46
58 47
59 45
60 43
61 47
62 44
63 47
64 46
65 47
66 44
67 43
68 46
69 44
70 46
71 41
72 44
73 41
74 46
75 44
76 46
77 51
78 45
79 46
80 48
81 45
82 42
83 40
84 42
85 45
86 45
87 47
88 42
89 48
90 45
91 45
92 42
93 41
94 44
95 47
96 45
97 44
98 50
99 42
100 45
101 46
102 42
103 39
104 39
105 46
106 46
107 44
108 40
109 44
110 48
111 46
112 44
113 49
114 43
115 42
116 48
117 42
118 46
119 43
120 46
121 41
122 44
123 46
124 43
125 42
126 43
127 45
128 48
129 47
130 48
131 47
132 45
133 45
134 47
135 41
136 42
137 44
138 44
139 41
140 46
141 48
142 49
143 43
144 45
145 47
146 45
147 45
148 41
149 39
150 41
151 44
152 47
153 42
154 44
155 37
156 45
157 44
158 49
159 48
160 48
161 48
162 42
163 46
164 47
165 47
166 45
167 42
168 42
169 42
170 42
171 46
172 43
173 40
174 41
175 40
176 41
177 45
178 43
179 43
180 46
181 44
182 47
183 44
184 46
185 46
186 39
187 44
188 42
189 48
190 49
191 47
192 47
193 41
194 47
195 41
196 45
197 43
198 47
199 44
200 39
201 45
202 48
203 43
204 43
205 43
206 49
207 46
208 49
209 45
210 47
211 45
212 45
213 48
214 47
215 43
216 47
217 41
218 47
219 42
220 45
221 46
222 47
223 46
224 44
225 46
226 45
227 45
228 42
229 45
230 47
231 45
232 44
233 42
234 43
235 48
236 52
237 46
238 48
239 44
240 44
241 40
242 44
243 44
244 51
245 43
246 48
247 43
248 46
249 45
250 44
251 51
252 45
253 46
254 43
255 45
256 46
257 44
258 40
259 47
260 46
261 47
262 46
263 49
264 47
265 45
266 47
267 45
268 41
269 45
270 47
271 46
272 49
273 44
274 47
275 45
276 45
277 45
278 45
279 44
280 42
281 50
282 43
283 41
284 47
285 49
286 47
287 40
288 45
289 45
290 46
291 40
292 46
293 44
294 45
295 42
296 47
297 50
298 46
299 50
300 47
301 45
302 44
303 40
304 45
305 45
306 42
307 45
308 47
309 46
310 45
311 47
312 46
313 45
314 42
315 43
316 46
317 46
318 43
319 47
320 44
321 40
322 49
323 48
324 48
325 39
326 43
327 47
328 44
329 43
330 45
331 45
332 44
333 49
334 48
335 41
336 45
337 41
338 47
339 47
340 41
341 44
342 44
343 44
344 47
345 45
346 44
347 47
348 45
349 46
350 46
351 48
352 43
353 44
354 43
355 45
356 44
357 42
358 49
359 43
360 45
361 46
362 44
363 46
364 47
365 46
366 42
367 48
368 44
369 47
370 45
371 46
372 47
373 49
374 41
375 43
376 45
377 47
378 47
379 47
380 44
381 47
382 44
383 51
384 45
385 44
386 43
387 45
388 44
389 43
390 47
391 48
392 42
393 42
394 46
395 47
396 46
397 40
398 46
399 47
400 46
401 47
402 47
403 49
404 50
405 46
406 47
407 48
408 43
409 50
410 50
411 45
412 45
413 46
414 48
415 45
416 47
417 50
418 49
419 40
420 43
421 43
422 47
423 43
424 41
425 46
426 45
427 45
428 40
429 46
430 45
431 45
432 43
433 41
434 44
435 46
436 49
437 46
438 41
439 46
440 45
441 42
442 39
443 40
444 43
445 41
446 44
447 44
448 44
449 42
450 42
451 47
452 49
453 47
454 44
455 47
456 46
457 48
458 40
459 38
460 43
461 45
462 45
463 41
464 39
465 49
466 48
467 44
468 49
469 39
470 45
471 43
472 47
473 43
474 47
475 47
476 48
477 43
478 44
479 38
480 46
481 44
482 45
483 46
484 42
485 46
486 45
487 44
488 45
489 45
490 42
491 42
492 48
493 40
494 43
495 45
496 44
497 44
498 46
499 47
500 42
501 42
502 41
503 40
504 46
505 40
506 43
507 44
508 45
509 44
510 47
511 44
512 44
513 48
514 47
515 43
516 45
517 44
518 48
519 46
520 44
521 49
522 46
523 47
524 47
525 44
526 46
527 48
528 44
529 48
530 44
531 44
532 47
533 46
534 45
535 45
536 46
537 48
538 49
539 46
540 44
541 46
542 48
543 42
544 45
545 42
546 43
547 43
548 46
549 44
550 46
551 47
552 46
553 44
554 46
555 44
556 50
557 45
558 43
559 45
560 42
561 47
562 39
563 45
564 45
565 45
566 47
567 46
568 46
569 48
570 44
571 46
572 43
573 47
574 42
575 48
576 43
577 44
578 46
579 42
580 46
581 44
582 45
583 46
584 46
585 45
586 38
587 45
588 40
589 45
590 46
591 45
592 41
593 43
594 41
595 42
596 47
597 46
598 43
599 43
600 40
601 45
602 45
603 46
604 46
605 46
606 42
607 42
608 42
609 51
610 43
611 43
612 48
613 46
614 41
615 45
616 45
617 39
618 43
619 49
620 40
621 47
622 46
623 45
624 44
625 45
626 41
627 45
628 42
629 44
630 46
631 46
632 45
633 46
634 46
635 48
636 48
637 45
638 47
639 43
640 49
641 48
642 43
643 48
644 41
645 49
646 47
647 44
648 44
649 46
650 46
651 43
652 42
653 42
654 45
655 43
656 43
657 45
658 44
659 48
660 44
661 46
662 42
663 45
664 44
665 44
666 44
667 47
668 45
669 47
670 44
671 48
672 48
673 45
674 42
675 43
676 41
677 43
678 46
679 39
680 42
681 40
682 44
683 41
684 39
685 45
686 46
687 42
688 47
689 40
690 42
691 44
692 43
693 49
694 48
695 46
696 44
697 46
698 48
699 45
700 43
701 37
702 43
703 42
704 46
705 44
706 46
707 44
708 41
709 48
710 44
711 46
712 46
713 46
714 45
715 41
716 43
717 44
718 41
719 43
720 47
721 47
722 47
723 48
724 37
725 42
726 46
727 42
728 45
729 43
730 44
731 42
732 45
733 38
734 42
735 46
736 44
737 46
738 46
739 46
740 47
741 48
742 46
743 43
744 46
745 42
746 44
747 40
748 44
749 49
750 49
751 46
752 43
753 45
754 44
755 47
756 44
757 45
758 43
759 44
760 45
761 43
762 43
763 47
764 48
765 46
766 48
767 42
768 45
769 46
770 46
771 44
772 46
773 39
774 38
775 41
776 44
777 49
778 43
779 46
780 41
781 43
782 44
783 42
784 46
785 45
786 44
787 45
788 44
789 47
790 46
791 47
792 46
793 47
794 48
795 45
796 42
797 41
798 40
799 44
800 45
801 44
802 44
803 40
804 50
805 47
806 39
807 44
808 39
809 37
810 45
811 45
812 45
813 45
814 41
815 46
816 40
817 46
818 40
819 39
820 45
821 44
822 43
823 41
824 44
825 40
826 44
827 46
828 41
829 43
830 49
831 46
832 48
833 42
834 43
835 44
836 47
837 47
838 43
839 46
840 46
841 45
842 45
843 46
844 49
845 43
846 46
847 46
848 41
849 44
850 47
851 46
852 47
853 44
854 48
855 46
856 42
857 48
858 47
859 42
860 48
861 42
862 43
863 45
864 45
865 50
866 47
867 48
868 37
869 45
870 44
871 43
872 47
873 48
874 41
875 43
876 41
877 45
878 46
879 46
880 45
881 44
882 45
883 50
884 46
885 39
886 49
887 46
888 44
889 47
890 46
891 47
892 45
893 48
894 46
895 45
896 48
897 50
898 40
899 45
900 48
901 49
902 45
903 46
904 51
905 45
906 41
907 44
908 41
909 46
910 43
911 44
912 46
913 44
914 48
915 44
916 44
917 41
918 43
919 45
920 49
921 37
922 46
923 50
924 44
925 46
926 47
927 41
928 39
929 40
930 41
931 42
932 43
933 44
934 46
935 46
936 42
937 43
938 47
939 45
940 47
941 44
942 46
943 44
944 47
945 47
946 46
947 49
948 49
949 45
950 44
951 43
952 43
953 44
954 44
955 44
956 45
957 45
958 45
959 41
960 44
961 45
962 41
963 44
964 44
965 46
966 44
967 46
968 41
969 48
970 51
971 43
972 43
973 49
974 43
975 44
976 47
977 43
978 47
979 45
980 48
981 41
982 44
983 46
984 46
985 46
986 46
987 39
988 42
989 43
990 43
991 45
992 46
993 49
994 40
995 39
996 47
997 49
998 43
999 41
1000 45
