0 40
1 37
2 37
3 35
4 35
5 34
6 34
7 32
8 32
9 31
10 30
11 29
12 29
13 28
14 28
15 26
16 25
17 25
18 25
19 25
20 26
21 26
22 26
23 26
24 25
25 25
26 25
27 24
28 23
29 22
30 21
31 21
32 22
33 22
34 22
35 23
36 24
37 23
38 21
39 21
40 21
41 21
42 19
43 19
44 19
45 19
46 19
47 19
48 19
49 20
50 21
51 21
52 21
53 22
54 21
55 21
56 20
57 20
58 19
59 18
60 18
61 18
62 18
63 18
64 17
65 17
66 18
67 18
68 19
69 19
70 19
71 19
72 20
73 21
74 21
75 21
76 22
77 23
78 23
79 22
80 21
81 21
82 21
83 19
84 19
85 19
86 20
87 20
88 20
89 21
90 20
91 21
92 22
93 22
94 22
95 21
96 21
97 20
98 20
99 20
100 20
101 20
102 20
103 20
104 20
105 22
106 21
107 21
108 21
109 20
110 20
111 20
112 19
113 20
114 20
115 20
116 20
117 20
118 20
119 20
120 20
121 19
122 20
123 21
124 21
125 21
126 22
127 22
128 22
129 22
130 22
131 22
132 21
133 21
134 21
135 21
136 20
137 21
138 20
139 20
140 20
141 21
142 22
143 22
144 22
145 22
146 23
147 23
148 24
149 24
150 23
151 23
152 24
153 24
154 24
155 24
156 23
157 23
158 23
159 23
160 23
161 23
162 22
163 22
164 23
165 23
166 22
167 22
168 22
169 22
170 22
171 21
172 22
173 21
174 20
175 20
176 20
177 20
178 20
179 20
180 20
181 20
182 20
183 20
184 21
185 21
186 20
187 20
188 20
189 20
190 19
191 19
192 19
193 19
194 19
195 20
196 21
197 21
198 22
199 22
200 22
201 22
202 22
203 22
204 22
205 22
206 23
207 23
208 23
209 23
210 23
211 22
212 22
213 22
214 20
215 19
216 19
217 20
218 20
219 21
220 21
221 21
222 21
223 21
224 20
225 19
226 18
227 19
228 20
229 19
230 20
231 20
232 20
233 20
234 19
235 19
236 19
237 19
238 19
239 18
240 18
241 20
242 20
243 21
244 21
245 20
246 20
247 19
248 19
249 20
250 20
251 20
252 21
253 21
254 22
255 22
256 22
257 22
258 23
259 23
260 23
261 22
262 22
263 23
264 23
265 22
266 22
267 22
268 22
269 22
270 22
271 22
272 22
273 23
274 23
275 23
276 23
277 23
278 23
279 23
280 22
281 23
282 23
283 23
284 23
285 23
286 23
287 23
288 21
289 21
290 20
291 20
292 20
293 20
294 19
295 18
296 18
297 18
298 18
299 17
300 17
301 17
302 17
303 17
304 17
305 17
306 17
307 17
308 17
309 17
310 17
311 17
312 18
313 19
314 19
315 19
316 19
317 18
318 17
319 17
320 17
321 17
322 18
323 18
324 19
325 19
326 19
327 19
328 19
329 18
330 20
331 19
332 19
333 19
334 18
335 17
336 17
337 19
338 19
339 19
340 18
341 18
342 18
343 18
344 18
345 17
346 17
347 17
348 17
349 17
350 18
351 20
352 20
353 18
354 19
355 20
356 19
357 19
358 19
359 19
360 17
361 17
362 18
363 19
364 20
365 20
366 21
367 22
368 22
369 21
370 21
371 21
372 20
373 20
374 18
375 18
376 18
377 20
378 20
379 20
380 20
381 20
382 18
383 18
384 17
385 17
386 18
387 18
388 19
389 19
390 19
391 18
392 17
393 16
394 16
395 15
396 16
397 16
398 17
399 17
400 17
401 17
402 17
403 17
404 16
405 16
406 17
407 18
408 18
409 18
410 18
411 18
412 19
413 20
414 20
415 20
416 21
417 20
418 20
419 20
420 21
421 21
422 21
423 21
424 21
425 21
426 22
427 23
428 22
429 22
430 23
431 22
432 22
433 23
434 24
435 24
436 23
437 22
438 23
439 22
440 21
441 22
442 22
443 22
444 22
445 22
446 22
447 22
448 21
449 21
450 21
451 22
452 22
453 22
454 22
455 20
456 20
457 19
458 17
459 17
460 17
461 17
462 18
463 18
464 17
465 17
466 17
467 17
468 17
469 18
470 18
471 19
472 19
473 21
474 21
475 22
476 21
477 20
478 20
479 19
480 19
481 17
482 16
483 17
484 17
485 17
486 18
487 18
488 18
489 19
490 19
491 19
492 19
493 19
494 19
495 20
496 20
497 20
498 20
499 20
500 20
501 21
502 21
503 20
504 20
505 20
506 20
507 21
508 21
509 22
510 22
511 22
512 22
513 23
514 23
515 23
516 22
517 22
518 22
519 22
520 22
521 22
522 23
523 23
524 23
525 23
526 23
527 23
528 23
529 23
530 23
531 21
532 21
533 22
534 22
535 22
536 22
537 22
538 22
539 22
540 21
541 21
542 21
543 21
544 21
545 21
546 21
547 21
548 21
549 21
550 20
551 20
552 19
553 20
554 20
555 19
556 20
557 20
558 21
559 21
560 21
561 19
562 19
563 20
564 20
565 21
566 21
567 21
568 21
569 20
570 20
571 19
572 19
573 19
574 19
575 19
576 19
577 19
578 18
579 19
580 19
581 21
582 21
583 21
584 21
585 21
586 21
587 22
588 22
589 22
590 22
591 22
592 21
593 21
594 21
595 21
596 21
597 21
598 20
599 20
600 20
601 20
602 21
603 21
604 21
605 22
606 22
607 21
608 20
609 20
610 20
611 20
612 20
613 20
614 20
615 19
616 18
617 19
618 18
619 18
620 18
621 18
622 17
623 17
624 16
625 17
626 17
627 17
628 18
629 18
630 19
631 20
632 20
633 19
634 19
635 19
636 17
637 17
638 17
639 17
640 17
641 17
642 17
643 19
644 19
645 19
646 19
647 19
648 20
649 18
650 18
651 18
652 18
653 18
654 18
655 18
656 18
657 17
658 17
659 18
660 18
661 17
662 17
663 17
664 17
665 18
666 18
667 16
668 15
669 15
670 15
671 15
672 16
673 17
674 17
675 16
676 15
677 14
678 14
679 16
680 16
681 16
682 16
683 16
684 16
685 16
686 16
687 16
688 15
689 15
690 15
691 14
692 14
693 15
694 15
695 16
696 16
697 17
698 17
699 17
700 17
701 17
702 17
703 17
704 17
705 17
706 16
707 16
708 16
709 16
710 16
711 16
712 16
713 16
714 16
715 17
716 17
717 17
718 17
719 16
720 15
721 15
722 15
723 15
724 12
725 12
726 12
727 12
728 12
729 12
730 12
731 12
732 14
733 14
734 15
735 15
736 16
737 16
738 16
739 16
740 16
741 16
742 16
743 18
744 18
745 19
746 20
747 20
748 20
749 20
750 20
751 22
752 22
753 22
754 22
755 22
756 21
757 21
758 21
759 22
760 22
761 22
762 22
763 23
764 24
765 23
766 24
767 22
768 22
769 21
770 21
771 20
772 20
773 20
774 20
775 21
776 20
777 20
778 21
779 20
780 21
781 21
782 22
783 22
784 22
785 22
786 22
787 22
788 21
789 21
790 21
791 22
792 22
793 22
794 22
795 22
796 21
797 22
798 22
799 23
800 23
801 23
802 23
803 23
804 23
805 23
806 23
807 23
808 23
809 23
810 22
811 22
812 22
813 22
814 22
815 21
816 21
817 21
818 19
819 19
820 19
821 19
822 19
823 19
824 19
825 19
826 18
827 18
828 18
829 19
830 19
831 19
832 20
833 19
834 19
835 20
836 20
837 19
838 20
839 20
840 19
841 19
842 19
843 18
844 19
845 19
846 20
847 19
848 19
849 18
850 18
851 16
852 16
853 16
854 15
855 14
856 15
857 15
858 15
859 15
860 15
861 15
862 16
863 16
864 17
865 18
866 18
867 19
868 19
869 19
870 19
871 19
872 19
873 19
874 17
875 16
876 17
877 17
878 18
879 18
880 17
881 16
882 16
883 16
884 17
885 17
886 18
887 18
888 18
889 18
890 19
891 19
892 19
893 20
894 20
895 20
896 21
897 20
898 20
899 20
900 20
901 20
902 20
903 18
904 18
905 17
906 17
907 17
908 16
909 16
910 17
911 17
912 18
913 17
914 17
915 17
916 16
917 18
918 19
919 19
920 20
921 20
922 21
923 21
924 21
925 21
926 21
927 21
928 22
929 22
930 22
931 21
932 21
933 22
934 21
935 21
936 21
937 20
938 21
939 21
940 21
941 20
942 21
943 20
944 20
945 20
946 20
947 19
948 17
949 17
950 17
951 16
952 17
953 17
954 16
955 16
956 16
957 17
958 16
959 16
960 14
961 14
962 14
963 13
964 12
965 11
966 11
967 10
968 10
969 11
970 11
971 12
972 13
973 13
974 14
975 15
976 15
977 15
978 16
979 17
980 17
981 18
982 18
983 18
984 18
985 19
986 19
987 19
988 19
989 19
990 19
991 19
992 19
993 18
994 18
995 17
996 17
997 18
998 18
999 19
1000 19
