0 100
1 88
2 81
3 76
4 73
5 70
6 70
7 68
8 66
9 63
10 65
11 66
12 66
13 61
14 61
15 60
16 57
17 58
18 58
19 57
20 56
21 53
22 57
23 59
24 54
25 56
26 58
27 60
28 61
29 58
30 60
31 60
32 64
33 64
34 63
35 60
36 60
37 58
38 59
39 61
40 59
41 55
42 56
43 55
44 58
45 58
46 57
47 57
48 60
49 60
50 57
51 60
52 61
53 62
54 60
55 56
56 58
57 58
58 61
59 60
60 62
61 61
62 57
63 56
64 53
65 56
66 57
67 57
68 58
69 56
70 59
71 59
72 59
73 61
74 58
75 60
76 60
77 62
78 63
79 61
80 59
81 56
82 59
83 59
84 58
85 57
86 58
87 57
88 58
89 57
90 61
91 61
92 60
93 59
94 64
95 60
96 59
97 56
98 56
99 56
100 58
101 57
102 58
103 52
104 56
105 58
106 57
107 58
108 57
109 60
110 61
111 63
112 60
113 61
114 62
115 60
116 58
117 58
118 56
119 57
120 60
121 59
122 59
123 59
124 60
125 61
126 64
127 63
128 61
129 60
130 60
131 60
132 62
133 62
134 63
135 65
136 63
137 63
138 63
139 64
140 63
141 56
142 57
143 59
144 60
145 59
146 59
147 61
148 62
149 65
150 61
151 57
152 54
153 54
154 54
155 56
156 58
157 59
158 62
159 61
160 58
161 60
162 60
163 59
164 59
165 57
166 61
167 59
168 56
169 56
170 58
171 54
172 56
173 55
174 57
175 55
176 56
177 58
178 59
179 61
180 58
181 60
182 61
183 61
184 58
185 60
186 57
187 59
188 62
189 59
190 60
191 55
192 57
193 59
194 59
195 55
196 54
197 54
198 56
199 55
200 56
201 57
202 56
203 56
204 58
205 59
206 58
207 59
208 58
209 58
210 59
211 58
212 59
213 62
214 61
215 56
216 54
217 57
218 58
219 57
220 62
221 60
222 58
223 57
224 59
225 59
226 58
227 59
228 58
229 56
230 60
231 54
232 54
233 57
234 56
235 56
236 59
237 61
238 60
239 59
240 58
241 61
242 63
243 60
244 54
245 55
246 52
247 54
248 54
249 55
250 53
251 56
252 53
253 57
254 60
255 57
256 57
257 56
258 58
259 56
260 57
261 56
262 55
263 51
264 50
265 53
266 56
267 58
268 61
269 59
270 60
271 59
272 57
273 55
274 58
275 59
276 57
277 58
278 58
279 57
280 55
281 54
282 56
283 58
284 59
285 57
286 54
287 58
288 56
289 50
290 53
291 52
292 52
293 49
294 54
295 55
296 56
297 58
298 58
299 59
300 56
301 55
302 57
303 56
304 61
305 59
306 58
307 60
308 60
309 60
310 59
311 57
312 56
313 55
314 58
315 56
316 56
317 59
318 59
319 57
320 61
321 59
322 59
323 59
324 59
325 61
326 60
327 64
328 63
329 62
330 57
331 57
332 60
333 60
334 56
335 56
336 55
337 53
338 56
339 58
340 56
341 59
342 59
343 60
344 60
345 63
346 64
347 62
348 62
349 63
350 60
351 62
352 63
353 63
354 62
355 58
356 60
357 58
358 57
359 53
360 51
361 50
362 52
363 53
364 54
365 57
366 54
367 58
368 58
369 57
370 60
371 60
372 60
373 60
374 55
375 59
376 59
377 59
378 61
379 60
380 61
381 59
382 59
383 61
384 64
385 61
386 60
387 56
388 56
389 54
390 57
391 60
392 60
393 56
394 57
395 60
396 62
397 59
398 60
399 65
400 65
401 64
402 64
403 62
404 60
405 63
406 61
407 60
408 58
409 57
410 58
411 58
412 55
413 56
414 54
415 55
416 57
417 57
418 55
419 56
420 53
421 54
422 55
423 57
424 60
425 54
426 54
427 51
428 51
429 52
430 53
431 53
432 54
433 57
434 58
435 56
436 54
437 55
438 54
439 58
440 58
441 59
442 54
443 52
444 54
445 54
446 57
447 60
448 63
449 65
450 59
451 56
452 55
453 57
454 61
455 57
456 55
457 57
458 55
459 55
460 54
461 54
462 48
463 50
464 54
465 56
466 54
467 54
468 57
469 59
470 56
471 56
472 58
473 58
474 58
475 58
476 57
477 57
478 56
479 56
480 56
481 54
482 58
483 57
484 54
485 55
486 56
487 59
488 59
489 61
490 56
491 59
492 60
493 60
494 57
495 57
496 59
497 61
498 60
499 61
500 60
501 60
502 56
503 60
504 59
505 61
506 58
507 58
508 52
509 55
510 56
511 58
512 59
513 62
514 64
515 60
516 60
517 60
518 56
519 61
520 60
521 61
522 59
523 61
524 61
525 61
526 63
527 61
528 59
529 58
530 61
531 59
532 61
533 62
534 60
535 59
536 63
537 62
538 56
539 57
540 56
541 54
542 55
543 54
544 55
545 58
546 57
547 60
548 59
549 58
550 61
551 59
552 59
553 52
554 54
555 58
556 59
557 56
558 56
559 55
560 57
561 59
562 61
563 63
564 64
565 63
566 61
567 62
568 56
569 55
570 57
571 59
572 60
573 62
574 61
575 57
576 55
577 56
578 58
579 62
580 62
581 62
582 60
583 60
584 62
585 58
586 59
587 60
588 60
589 61
590 60
591 62
592 59
593 61
594 61
595 62
596 64
597 65
598 64
599 59
600 60
601 60
602 57
603 55
604 53
605 53
606 50
607 51
608 53
609 55
610 54
611 55
612 59
613 57
614 54
615 55
616 56
617 58
618 58
619 59
620 61
621 59
622 58
623 60
624 60
625 61
626 59
627 56
628 57
629 60
630 59
631 57
632 55
633 59
634 58
635 61
636 60
637 61
638 60
639 61
640 60
641 60
642 58
643 57
644 59
645 60
646 58
647 61
648 61
649 59
650 62
651 62
652 62
653 62
654 60
655 60
656 64
657 64
658 66
659 60
660 60
661 61
662 61
663 60
664 61
665 62
666 64
667 63
668 62
669 65
670 64
671 67
672 66
673 64
674 66
675 66
676 66
677 64
678 64
679 63
680 61
681 61
682 59
683 57
684 54
685 56
686 57
687 59
688 58
689 58
690 58
691 58
692 55
693 54
694 56
695 54
696 56
697 56
698 58
699 55
700 58
701 62
702 60
703 64
704 62
705 62
706 60
707 60
708 61
709 61
710 57
711 62
712 64
713 67
714 62
715 60
716 56
717 56
718 60
719 59
720 58
721 57
722 58
723 59
724 62
725 61
726 61
727 60
728 60
729 55
730 55
731 57
732 52
733 55
734 53
735 54
736 53
737 59
738 55
739 58
740 57
741 55
742 56
743 58
744 62
745 61
746 61
747 62
748 59
749 58
750 60
751 61
752 61
753 60
754 59
755 59
756 61
757 53
758 54
759 53
760 54
761 56
762 57
763 58
764 56
765 55
766 54
767 57
768 59
769 59
770 58
771 58
772 62
773 60
774 63
775 60
776 60
777 61
778 56
779 55
780 55
781 56
782 59
783 59
784 57
785 59
786 58
787 57
788 57
789 57
790 58
791 58
792 60
793 61
794 58
795 59
796 57
797 62
798 61
799 60
800 62
801 58
802 59
803 59
804 59
805 57
806 51
807 55
808 56
809 58
810 56
811 57
812 57
813 54
814 56
815 58
816 56
817 57
818 53
819 54
820 55
821 54
822 53
823 58
824 57
825 61
826 62
827 58
828 55
829 59
830 57
831 61
832 59
833 57
834 59
835 60
836 62
837 63
838 61
839 63
840 63
841 63
842 64
843 62
844 64
845 59
846 55
847 55
848 58
849 55
850 57
851 54
852 51
853 51
854 51
855 50
856 51
857 56
858 55
859 58
860 59
861 59
862 60
863 58
864 57
865 57
866 59
867 58
868 59
869 58
870 57
871 56
872 55
873 57
874 57
875 59
876 56
877 60
878 61
879 58
880 57
881 57
882 58
883 54
884 56
885 57
886 57
887 59
888 58
889 58
890 59
891 59
892 62
893 60
894 61
895 65
896 60
897 61
898 59
899 53
900 54
901 56
902 55
903 57
904 61
905 60
906 60
907 60
908 59
909 60
910 59
911 58
912 60
913 60
914 55
915 56
916 56
917 55
918 57
919 58
920 57
921 57
922 58
923 58
924 60
925 58
926 60
927 58
928 55
929 56
930 59
931 54
932 53
933 54
934 55
935 58
936 57
937 56
938 57
939 58
940 58
941 62
942 59
943 59
944 60
945 60
946 57
947 58
948 60
949 61
950 60
951 59
952 59
953 58
954 53
955 57
956 59
957 57
958 56
959 58
960 57
961 57
962 58
963 59
964 56
965 59
966 60
967 59
968 60
969 58
970 60
971 63
972 60
973 57
974 58
975 58
976 59
977 59
978 59
979 61
980 58
981 57
982 57
983 61
984 60
985 64
986 62
987 55
988 53
989 58
990 55
991 56
992 58
993 55
994 56
995 56
996 58
997 56
998 56
999 59
1000 54
