0 80
1 77
2 74
3 69
4 65
5 62
6 59
7 58
8 51
9 50
10 48
11 44
12 45
13 47
14 47
15 47
16 46
17 46
18 46
19 44
20 42
21 40
22 40
23 41
24 40
25 41
26 39
27 41
28 39
29 39
30 40
31 41
32 40
33 40
34 38
35 36
36 37
37 38
38 38
39 39
40 36
41 37
42 41
43 40
44 41
45 42
46 42
47 41
48 39
49 39
50 39
51 37
52 37
53 38
54 39
55 39
56 41
57 41
58 39
59 39
60 39
61 38
62 38
63 37
64 35
65 37
66 40
67 41
68 41
69 44
70 45
71 44
72 41
73 41
74 42
75 41
76 42
77 41
78 40
79 41
80 42
81 42
82 42
83 43
84 40
85 42
86 43
87 44
88 46
89 46
90 45
91 46
92 47
93 48
94 50
95 49
96 48
97 49
98 48
99 48
100 49
101 47
102 46
103 47
104 45
105 46
106 44
107 44
108 45
109 45
110 44
111 42
112 42
113 40
114 43
115 42
116 41
117 40
118 41
119 41
120 43
121 41
122 41
123 43
124 44
125 45
126 47
127 48
128 47
129 47
130 47
131 48
132 47
133 45
134 45
135 45
136 45
137 47
138 47
139 47
140 47
141 45
142 46
143 44
144 42
145 43
146 45
147 45
148 45
149 45
150 42
151 39
152 39
153 41
154 41
155 39
156 38
157 36
158 36
159 37
160 35
161 36
162 35
163 36
164 32
165 32
166 34
167 33
168 31
169 33
170 35
171 35
172 37
173 37
174 35
175 37
176 39
177 40
178 40
179 40
180 40
181 43
182 43
183 42
184 42
185 44
186 42
187 43
188 44
189 44
190 42
191 42
192 42
193 43
194 42
195 41
196 41
197 41
198 39
199 42
200 41
201 41
202 41
203 43
204 44
205 45
206 41
207 42
208 43
209 43
210 41
211 43
212 44
213 44
214 40
215 41
216 41
217 42
218 43
219 44
220 44
221 46
222 46
223 44
224 42
225 41
226 40
227 42
228 37
229 37
230 41
231 43
232 43
233 45
234 42
235 41
236 41
237 41
238 43
239 41
240 44
241 44
242 42
243 42
244 42
245 42
246 39
247 41
248 45
249 45
250 45
251 47
252 45
253 44
254 44
255 43
256 43
257 42
258 41
259 38
260 38
261 41
262 40
263 43
264 42
265 42
266 41
267 40
268 41
269 42
270 44
271 42
272 43
273 41
274 40
275 38
276 43
277 42
278 42
279 40
280 44
281 44
282 45
283 46
284 44
285 46
286 46
287 46
288 44
289 47
290 47
291 45
292 43
293 42
294 44
295 45
296 46
297 48
298 45
299 45
300 45
301 43
302 43
303 41
304 41
305 42
306 42
307 40
308 40
309 40
310 38
311 38
312 39
313 40
314 41
315 42
316 41
317 38
318 39
319 40
320 43
321 45
322 45
323 43
324 43
325 41
326 39
327 41
328 39
329 41
330 42
331 42
332 43
333 44
334 44
335 43
336 41
337 38
338 36
339 36
340 37
341 36
342 37
343 38
344 37
345 39
346 40
347 40
348 38
349 36
350 38
351 34
352 34
353 34
354 34
355 37
356 35
357 34
358 36
359 37
360 39
361 39
362 38
363 37
364 38
365 39
366 41
367 41
368 41
369 41
370 41
371 41
372 41
373 39
374 39
375 39
376 39
377 38
378 41
379 39
380 38
381 40
382 42
383 44
384 44
385 46
386 45
387 45
388 45
389 46
390 47
391 46
392 46
393 43
394 44
395 43
396 43
397 43
398 43
399 43
400 42
401 37
402 36
403 38
404 39
405 40
406 41
407 41
408 38
409 38
410 34
411 35
412 37
413 38
414 39
415 41
416 40
417 39
418 39
419 42
420 43
421 43
422 43
423 39
424 40
425 42
426 41
427 42
428 43
429 41
430 39
431 41
432 40
433 41
434 42
435 47
436 46
437 45
438 44
439 45
440 46
441 46
442 46
443 47
444 47
445 44
446 46
447 46
448 46
449 46
450 46
451 47
452 45
453 44
454 43
455 44
456 44
457 43
458 44
459 43
460 42
461 42
462 41
463 44
464 45
465 45
466 44
467 43
468 43
469 41
470 42
471 43
472 43
473 41
474 41
475 42
476 42
477 36
478 36
479 35
480 33
481 34
482 36
483 35
484 36
485 35
486 34
487 36
488 39
489 40
490 40
491 42
492 40
493 40
494 38
495 39
496 40
497 41
498 41
499 41
500 43
501 42
502 43
503 44
504 44
505 45
506 45
507 45
508 46
509 47
510 47
511 45
512 46
513 46
514 46
515 45
516 46
517 44
518 41
519 41
520 42
521 45
522 44
523 42
524 41
525 42
526 42
527 42
528 44
529 47
530 46
531 43
532 43
533 42
534 43
535 44
536 46
537 45
538 42
539 40
540 39
541 38
542 36
543 39
544 39
545 39
546 40
547 38
548 40
549 41
550 42
551 41
552 43
553 45
554 45
555 44
556 44
557 42
558 42
559 43
560 42
561 45
562 47
563 46
564 46
565 42
566 42
567 40
568 42
569 42
570 45
571 40
572 42
573 43
574 42
575 43
576 42
577 43
578 42
579 42
580 43
581 45
582 46
583 44
584 44
585 44
586 43
587 45
588 47
589 45
590 45
591 48
592 47
593 48
594 48
595 49
596 47
597 47
598 48
599 43
600 40
601 40
602 39
603 41
604 40
605 39
606 39
607 38
608 38
609 39
610 40
611 41
612 43
613 39
614 41
615 42
616 40
617 42
618 42
619 45
620 46
621 47
622 44
623 42
624 45
625 45
626 47
627 47
628 46
629 45
630 44
631 44
632 45
633 45
634 45
635 44
636 44
637 45
638 45
639 43
640 43
641 44
642 43
643 43
644 42
645 43
646 43
647 42
648 43
649 44
650 42
651 42
652 42
653 43
654 42
655 42
656 39
657 39
658 38
659 40
660 39
661 39
662 39
663 38
664 40
665 38
666 39
667 40
668 42
669 44
670 44
671 45
672 46
673 43
674 41
675 42
676 39
677 41
678 43
679 40
680 39
681 39
682 41
683 42
684 43
685 42
686 40
687 41
688 41
689 40
690 41
691 43
692 44
693 44
694 41
695 43
696 42
697 43
698 44
699 46
700 48
701 46
702 46
703 45
704 44
705 44
706 44
707 45
708 47
709 44
710 42
711 42
712 38
713 38
714 40
715 38
716 41
717 42
718 40
719 40
720 36
721 36
722 38
723 39
724 42
725 41
726 41
727 42
728 39
729 42
730 41
731 41
732 42
733 41
734 40
735 39
736 39
737 39
738 39
739 38
740 38
741 39
742 41
743 40
744 41
745 42
746 44
747 44
748 43
749 43
750 42
751 41
752 43
753 42
754 43
755 40
756 39
757 41
758 44
759 44
760 45
761 43
762 44
763 43
764 46
765 46
766 46
767 45
768 47
769 49
770 48
771 46
772 45
773 46
774 43
775 43
776 45
777 44
778 44
779 45
780 45
781 44
782 43
783 39
784 39
785 40
786 41
787 40
788 40
789 42
790 42
791 40
792 41
793 43
794 43
795 42
796 44
797 44
798 45
799 45
800 42
801 44
802 43
803 42
804 44
805 44
806 43
807 45
808 47
809 46
810 47
811 46
812 42
813 42
814 42
815 43
816 43
817 44
818 43
819 44
820 46
821 43
822 42
823 44
824 42
825 40
826 41
827 41
828 41
829 43
830 40
831 40
832 39
833 38
834 39
835 40
836 41
837 39
838 40
839 42
840 41
841 42
842 40
843 41
844 43
845 44
846 46
847 45
848 46
849 45
850 45
851 44
852 42
853 39
854 40
855 41
856 42
857 42
858 41
859 42
860 43
861 40
862 41
863 41
864 40
865 41
866 39
867 38
868 40
869 40
870 42
871 41
872 42
873 43
874 44
875 45
876 43
877 43
878 42
879 42
880 40
881 44
882 44
883 43
884 43
885 44
886 42
887 43
888 42
889 42
890 44
891 43
892 39
893 36
894 38
895 41
896 43
897 44
898 41
899 41
900 41
901 39
902 40
903 39
904 40
905 41
906 39
907 38
908 38
909 38
910 40
911 40
912 39
913 39
914 39
915 39
916 39
917 39
918 35
919 36
920 39
921 38
922 40
923 41
924 40
925 42
926 39
927 40
928 39
929 40
930 41
931 42
932 43
933 44
934 44
935 44
936 43
937 44
938 42
939 41
940 41
941 40
942 40
943 41
944 40
945 41
946 41
947 40
948 39
949 40
950 43
951 44
952 42
953 43
954 41
955 39
956 41
957 40
958 41
959 43
960 42
961 42
962 42
963 40
964 40
965 40
966 40
967 40
968 39
969 38
970 39
971 40
972 40
973 43
974 40
975 41
976 43
977 45
978 42
979 42
980 40
981 40
982 38
983 36
984 38
985 39
986 38
987 36
988 38
989 42
990 43
991 43
992 42
993 45
994 43
995 42
996 42
997 40
998 37
999 38
1000 40
