0 65
1 49
2 48
3 42
4 42
5 46
6 44
7 44
8 41
9 43
10 46
11 45
12 40
13 39
14 39
15 44
16 42
17 38
18 38
19 41
20 44
21 45
22 43
23 42
24 42
25 42
26 40
27 42
28 43
29 46
30 44
31 45
32 43
33 45
34 39
35 42
36 45
37 43
38 42
39 48
40 47
41 42
42 43
43 42
44 44
45 43
46 42
47 41
48 43
49 43
50 44
51 45
52 45
53 44
54 46
55 45
56 41
57 41
58 45
59 42
60 46
61 42
62 41
63 45
64 45
65 44
66 40
67 42
68 41
69 46
70 45
71 45
72 45
73 42
74 40
75 43
76 43
77 39
78 43
79 43
80 38
81 38
82 44
83 42
84 42
85 44
86 42
87 44
88 46
89 45
90 50
91 45
92 43
93 42
94 43
95 43
96 39
97 43
98 48
99 43
100 44
101 42
102 42
103 43
104 44
105 43
106 39
107 45
108 42
109 45
110 45
111 43
112 40
113 42
114 43
115 43
116 42
117 40
118 45
119 43
120 45
121 45
122 41
123 45
124 45
125 38
126 43
127 41
128 42
129 45
130 47
131 42
132 42
133 43
134 40
135 44
136 44
137 45
138 46
139 45
140 43
141 46
142 43
143 42
144 42
145 46
146 45
147 44
148 47
149 47
150 43
151 41
152 41
153 43
154 44
155 45
156 47
157 46
158 42
159 41
160 43
161 43
162 43
163 43
164 43
165 46
166 43
167 41
168 46
169 45
170 43
171 43
172 42
173 46
174 45
175 45
176 43
177 40
178 44
179 43
180 41
181 44
182 43
183 42
184 42
185 44
186 43
187 45
188 46
189 46
190 43
191 46
192 43
193 39
194 38
195 38
196 38
197 41
198 39
199 38
200 41
201 44
202 44
203 42
204 44
205 44
206 48
207 44
208 42
209 47
210 46
211 45
212 44
213 42
214 47
215 43
216 42
217 44
218 46
219 47
220 46
221 42
222 43
223 45
224 41
225 44
226 43
227 45
228 45
229 43
230 46
231 44
232 44
233 43
234 48
235 44
236 44
237 45
238 44
239 37
240 39
241 39
242 45
243 44
244 41
245 44
246 39
247 38
248 45
249 42
250 44
251 43
252 43
253 45
254 47
255 37
256 44
257 46
258 43
259 45
260 46
261 42
262 44
263 44
264 47
265 45
266 42
267 41
268 41
269 43
270 47
271 44
272 42
273 40
274 37
275 41
276 44
277 48
278 45
279 38
280 40
281 45
282 42
283 46
284 45
285 44
286 45
287 43
288 45
289 45
290 46
291 44
292 40
293 42
294 41
295 43
296 44
297 46
298 47
299 41
300 41
301 43
302 47
303 48
304 43
305 40
306 41
307 41
308 41
309 41
310 39
311 43
312 43
313 46
314 44
315 46
316 43
317 43
318 41
319 41
320 43
321 43
322 49
323 45
324 46
325 44
326 42
327 45
328 40
329 40
330 40
331 45
332 41
333 40
334 43
335 42
336 42
337 41
338 42
339 47
340 45
341 42
342 48
343 45
344 42
345 41
346 41
347 45
348 38
349 42
350 39
351 36
352 42
353 43
354 45
355 44
356 39
357 44
358 39
359 44
360 43
361 41
362 40
363 40
364 43
365 44
366 40
367 44
368 40
369 44
370 45
371 45
372 43
373 42
374 45
375 46
376 41
377 43
378 41
379 43
380 45
381 45
382 39
383 42
384 47
385 42
386 43
387 41
388 41
389 43
390 46
391 42
392 42
393 46
394 46
395 43
396 44
397 48
398 45
399 43
400 44
401 47
402 48
403 45
404 45
405 42
406 42
407 44
408 42
409 42
410 40
411 42
412 40
413 44
414 45
415 43
416 45
417 42
418 44
419 46
420 39
421 41
422 45
423 45
424 45
425 40
426 46
427 40
428 41
429 47
430 47
431 43
432 40
433 42
434 41
435 39
436 42
437 45
438 43
439 44
440 43
441 45
442 44
443 44
444 45
445 42
446 43
447 45
448 41
449 43
450 43
451 45
452 47
453 46
454 46
455 42
456 43
457 41
458 45
459 45
460 43
461 44
462 43
463 43
464 49
465 47
466 47
467 43
468 47
469 43
470 43
471 46
472 43
473 48
474 43
475 45
476 44
477 43
478 43
479 42
480 45
481 43
482 42
483 41
484 41
485 44
486 42
487 43
488 44
489 46
490 43
491 44
492 40
493 46
494 43
495 46
496 44
497 45
498 44
499 41
500 43
501 44
502 45
503 44
504 46
505 45
506 44
507 47
508 44
509 40
510 38
511 44
512 48
513 45
514 42
515 45
516 44
517 37
518 42
519 39
520 44
521 44
522 48
523 46
524 42
525 40
526 42
527 43
528 44
529 38
530 43
531 46
532 44
533 42
534 43
535 40
536 41
537 44
538 44
539 43
540 42
541 44
542 45
543 43
544 41
545 45
546 44
547 42
548 41
549 40
550 34
551 41
552 39
553 45
554 43
555 40
556 42
557 44
558 43
559 47
560 47
561 41
562 45
563 41
564 44
565 44
566 44
567 46
568 44
569 45
570 41
571 44
572 45
573 41
574 43
575 42
576 40
577 40
578 44
579 46
580 41
581 42
582 44
583 44
584 43
585 46
586 47
587 40
588 42
589 44
590 43
591 42
592 44
593 42
594 40
595 34
596 39
597 41
598 42
599 44
600 46
601 44
602 40
603 40
604 38
605 42
606 44
607 41
608 41
609 41
610 41
611 44
612 43
613 45
614 46
615 43
616 44
617 42
618 42
619 43
620 41
621 40
622 38
623 41
624 43
625 43
626 43
627 45
628 43
629 45
630 43
631 43
632 39
633 43
634 39
635 45
636 41
637 41
638 44
639 49
640 48
641 42
642 45
643 45
644 50
645 45
646 40
647 40
648 42
649 45
650 40
651 44
652 45
653 43
654 44
655 40
656 42
657 39
658 45
659 40
660 45
661 41
662 42
663 39
664 39
665 43
666 40
667 47
668 37
669 39
670 37
671 42
672 42
673 44
674 40
675 37
676 41
677 41
678 43
679 41
680 42
681 40
682 42
683 41
684 39
685 38
686 42
687 42
688 41
689 38
690 42
691 43
692 46
693 44
694 42
695 40
696 39
697 36
698 41
699 42
700 42
701 44
702 40
703 39
704 41
705 42
706 45
707 42
708 46
709 44
710 40
711 45
712 45
713 45
714 44
715 46
716 42
717 40
718 44
719 45
720 45
721 43
722 44
723 41
724 43
725 40
726 42
727 42
728 43
729 43
730 44
731 44
732 40
733 41
734 41
735 47
736 44
737 42
738 42
739 46
740 46
741 44
742 43
743 43
744 39
745 46
746 41
747 38
748 43
749 43
750 47
751 42
752 42
753 41
754 42
755 43
756 43
757 44
758 42
759 41
760 44
761 40
762 42
763 49
764 44
765 44
766 43
767 44
768 44
769 39
770 40
771 44
772 44
773 46
774 44
775 40
776 46
777 42
778 44
779 42
780 45
781 44
782 40
783 43
784 38
785 43
786 40
787 39
788 43
789 43
790 44
791 43
792 46
793 46
794 47
795 44
796 44
797 40
798 44
799 36
800 39
801 42
802 44
803 42
804 42
805 44
806 43
807 46
808 46
809 43
810 43
811 44
812 43
813 45
814 47
815 40
816 42
817 46
818 45
819 45
820 42
821 43
822 46
823 42
824 45
825 42
826 43
827 45
828 40
829 40
830 41
831 41
832 43
833 44
834 43
835 44
836 39
837 42
838 44
839 40
840 43
841 44
842 44
843 42
844 41
845 41
846 43
847 45
848 43
849 48
850 45
851 44
852 42
853 39
854 42
855 44
856 46
857 44
858 45
859 44
860 46
861 43
862 43
863 46
864 45
865 46
866 46
867 43
868 47
869 46
870 45
871 46
872 46
873 42
874 40
875 41
876 46
877 45
878 43
879 45
880 43
881 38
882 44
883 44
884 44
885 48
886 42
887 42
888 42
889 41
890 37
891 40
892 42
893 43
894 46
895 40
896 45
897 38
898 44
899 42
900 44
901 45
902 43
903 41
904 42
905 45
906 47
907 45
908 46
909 45
910 49
911 43
912 41
913 40
914 45
915 41
916 46
917 43
918 43
919 46
920 44
921 43
922 38
923 44
924 44
925 42
926 46
927 48
928 45
929 44
930 40
931 46
932 41
933 44
934 39
935 43
936 40
937 40
938 42
939 44
940 44
941 44
942 44
943 41
944 42
945 44
946 44
947 44
948 49
949 47
950 48
951 43
952 43
953 45
954 45
955 43
956 44
957 40
958 39
959 41
960 43
961 44
962 42
963 40
964 43
965 36
966 42
967 42
968 45
969 40
970 42
971 47
972 41
973 38
974 45
975 44
976 47
977 45
978 42
979 45
980 42
981 48
982 46
983 43
984 43
985 48
986 42
987 40
988 38
989 43
990 45
991 45
992 42
993 46
994 37
995 41
996 43
997 43
998 39
999 42
1000 45
