0 35
1 20
2 25
3 23
4 23
5 25
6 25
7 21
8 18
9 24
10 25
11 23
12 24
13 20
14 24
15 18
16 21
17 24
18 23
19 23
20 22
21 20
22 23
23 23
24 19
25 22
26 21
27 22
28 23
29 23
30 21
31 23
32 24
33 23
34 19
35 22
36 19
37 23
38 21
39 22
40 23
41 25
42 23
43 24
44 23
45 22
46 21
47 24
48 23
49 22
50 24
51 19
52 26
53 20
54 22
55 23
56 24
57 25
58 23
59 21
60 21
61 22
62 21
63 19
64 22
65 26
66 24
67 23
68 24
69 24
70 23
71 25
72 19
73 22
74 24
75 22
76 19
77 22
78 20
79 22
80 24
81 25
82 21
83 25
84 22
85 23
86 24
87 22
88 24
89 22
90 24
91 24
92 23
93 24
94 23
95 23
96 22
97 22
98 24
99 23
100 19
101 22
102 22
103 23
104 21
105 24
106 23
107 23
108 19
109 24
110 20
111 18
112 24
113 22
114 21
115 22
116 21
117 21
118 24
119 21
120 24
121 23
122 23
123 26
124 25
125 21
126 25
127 22
128 22
129 21
130 21
131 22
132 21
133 23
134 23
135 20
136 20
137 23
138 21
139 22
140 22
141 24
142 20
143 21
144 24
145 20
146 21
147 23
148 25
149 24
150 26
151 23
152 19
153 23
154 21
155 24
156 22
157 22
158 20
159 21
160 21
161 25
162 25
163 19
164 22
165 22
166 24
167 24
168 22
169 23
170 24
171 22
172 23
173 18
174 23
175 23
176 23
177 23
178 19
179 22
180 23
181 24
182 23
183 22
184 21
185 23
186 23
187 23
188 22
189 23
190 22
191 23
192 22
193 20
194 22
195 21
196 22
197 24
198 23
199 23
200 24
201 23
202 22
203 23
204 22
205 19
206 23
207 24
208 20
209 24
210 23
211 22
212 20
213 24
214 19
215 24
216 24
217 24
218 23
219 26
220 22
221 23
222 25
223 23
224 21
225 21
226 23
227 22
228 24
229 25
230 25
231 21
232 23
233 26
234 22
235 22
236 23
237 24
238 24
239 23
240 18
241 20
242 23
243 21
244 21
245 23
246 22
247 22
248 23
249 25
250 22
251 26
252 24
253 19
254 22
255 22
256 21
257 22
258 21
259 22
260 23
261 21
262 19
263 25
264 23
265 23
266 24
267 23
268 24
269 23
270 24
271 21
272 25
273 24
274 23
275 26
276 23
277 20
278 20
279 22
280 23
281 24
282 23
283 20
284 21
285 23
286 16
287 23
288 21
289 23
290 19
291 21
292 16
293 23
294 24
295 25
296 21
297 18
298 25
299 22
300 24
301 20
302 25
303 24
304 23
305 23
306 27
307 21
308 21
309 21
310 22
311 21
312 22
313 22
314 21
315 22
316 23
317 25
318 25
319 23
320 21
321 23
322 22
323 23
324 23
325 22
326 19
327 23
328 24
329 24
330 24
331 21
332 24
333 25
334 22
335 24
336 24
337 23
338 23
339 24
340 25
341 18
342 19
343 25
344 20
345 20
346 23
347 24
348 21
349 22
350 23
351 24
352 23
353 26
354 24
355 21
356 22
357 22
358 21
359 23
360 25
361 26
362 23
363 22
364 24
365 23
366 18
367 18
368 20
369 23
370 21
371 24
372 26
373 24
374 24
375 23
376 23
377 22
378 18
379 25
380 25
381 24
382 19
383 22
384 24
385 25
386 23
387 22
388 25
389 22
390 21
391 21
392 23
393 19
394 23
395 25
396 25
397 23
398 24
399 20
400 23
401 21
402 20
403 19
404 22
405 21
406 22
407 23
408 25
409 24
410 24
411 24
412 17
413 23
414 21
415 21
416 23
417 21
418 22
419 20
420 21
421 20
422 21
423 21
424 23
425 24
426 26
427 20
428 22
429 22
430 23
431 24
432 19
433 22
434 21
435 24
436 23
437 21
438 22
439 25
440 25
441 24
442 23
443 25
444 23
445 24
446 20
447 24
448 20
449 22
450 24
451 22
452 21
453 20
454 21
455 21
456 21
457 22
458 25
459 24
460 20
461 21
462 21
463 22
464 23
465 25
466 22
467 23
468 23
469 23
470 24
471 25
472 24
473 23
474 23
475 25
476 25
477 21
478 23
479 21
480 26
481 21
482 20
483 22
484 22
485 23
486 24
487 24
488 23
489 25
490 25
491 25
492 22
493 19
494 23
495 22
496 23
497 23
498 22
499 22
500 22
501 23
502 20
503 20
504 25
505 24
506 21
507 23
508 21
509 20
510 23
511 25
512 23
513 23
514 25
515 25
516 24
517 20
518 23
519 23
520 17
521 21
522 22
523 23
524 21
525 23
526 24
527 21
528 20
529 22
530 19
531 22
532 25
533 21
534 22
535 21
536 24
537 20
538 21
539 25
540 24
541 22
542 25
543 22
544 23
545 23
546 25
547 25
548 21
549 26
550 21
551 23
552 22
553 22
554 19
555 23
556 21
557 19
558 23
559 21
560 22
561 20
562 21
563 21
564 21
565 23
566 18
567 22
568 23
569 23
570 21
571 24
572 22
573 25
574 22
575 22
576 22
577 23
578 22
579 22
580 24
581 23
582 22
583 22
584 23
585 24
586 22
587 23
588 23
589 24
590 22
591 24
592 23
593 25
594 22
595 23
596 22
597 20
598 21
599 23
600 23
601 23
602 21
603 23
604 20
605 24
606 20
607 18
608 21
609 24
610 23
611 20
612 21
613 23
614 23
615 20
616 24
617 22
618 24
619 26
620 24
621 24
622 22
623 22
624 24
625 19
626 23
627 23
628 23
629 21
630 21
631 21
632 21
633 22
634 21
635 19
636 20
637 22
638 23
639 22
640 24
641 24
642 24
643 22
644 21
645 20
646 24
647 24
648 20
649 21
650 24
651 23
652 24
653 24
654 19
655 23
656 23
657 23
658 24
659 20
660 22
661 21
662 24
663 22
664 24
665 24
666 22
667 20
668 23
669 21
670 20
671 21
672 23
673 22
674 25
675 25
676 22
677 23
678 23
679 21
680 22
681 22
682 22
683 25
684 22
685 22
686 21
687 25
688 22
689 22
690 23
691 23
692 21
693 23
694 22
695 24
696 21
697 24
698 21
699 21
700 20
701 24
702 24
703 23
704 24
705 21
706 20
707 19
708 24
709 23
710 24
711 22
712 24
713 21
714 22
715 22
716 24
717 23
718 23
719 22
720 24
721 24
722 22
723 24
724 24
725 24
726 24
727 23
728 23
729 22
730 21
731 21
732 20
733 23
734 23
735 23
736 23
737 27
738 22
739 23
740 24
741 20
742 22
743 23
744 23
745 22
746 26
747 24
748 21
749 21
750 24
751 23
752 22
753 22
754 24
755 24
756 22
757 23
758 24
759 21
760 24
761 21
762 25
763 21
764 23
765 23
766 22
767 21
768 22
769 24
770 21
771 23
772 23
773 22
774 20
775 23
776 19
777 22
778 22
779 21
780 22
781 23
782 18
783 22
784 24
785 24
786 21
787 24
788 23
789 24
790 23
791 19
792 19
793 19
794 22
795 25
796 21
797 23
798 23
799 23
800 21
801 24
802 21
803 25
804 23
805 24
806 25
807 24
808 22
809 24
810 21
811 19
812 23
813 25
814 25
815 22
816 21
817 23
818 23
819 25
820 21
821 20
822 20
823 18
824 23
825 23
826 23
827 24
828 22
829 21
830 22
831 25
832 21
833 21
834 24
835 22
836 23
837 26
838 24
839 24
840 20
841 22
842 20
843 22
844 22
845 22
846 23
847 23
848 22
849 23
850 22
851 21
852 21
853 23
854 25
855 22
856 22
857 23
858 22
859 20
860 23
861 20
862 20
863 19
864 21
865 25
866 22
867 23
868 21
869 23
870 25
871 24
872 21
873 23
874 19
875 22
876 23
877 25
878 22
879 23
880 21
881 23
882 21
883 23
884 20
885 22
886 22
887 23
888 24
889 22
890 20
891 23
892 24
893 25
894 23
895 21
896 23
897 22
898 23
899 21
900 23
901 25
902 21
903 21
904 25
905 19
906 23
907 24
908 24
909 23
910 24
911 23
912 26
913 22
914 23
915 20
916 19
917 22
918 23
919 25
920 22
921 23
922 23
923 26
924 21
925 22
926 22
927 22
928 24
929 23
930 24
931 22
932 23
933 22
934 20
935 22
936 25
937 26
938 23
939 24
940 22
941 18
942 21
943 21
944 21
945 22
946 24
947 27
948 23
949 20
950 21
951 24
952 21
953 23
954 23
955 20
956 22
957 23
958 21
959 21
960 23
961 25
962 23
963 22
964 21
965 21
966 22
967 25
968 22
969 22
970 24
971 23
972 24
973 24
974 18
975 25
976 20
977 23
978 24
979 23
980 22
981 24
982 20
983 22
984 20
985 22
986 20
987 23
988 22
989 23
990 22
991 20
992 23
993 23
994 26
995 24
996 21
997 21
998 24
999 24
1000 23
