0 65
1 61
2 57
3 52
4 48
5 46
6 41
7 40
8 39
9 38
10 39
11 37
12 37
13 37
14 38
15 37
16 39
17 38
18 37
19 36
20 37
21 36
22 33
23 32
24 33
25 32
26 30
27 31
28 31
29 32
30 30
31 30
32 30
33 31
34 32
35 31
36 30
37 30
38 30
39 30
40 30
41 30
42 29
43 30
44 30
45 30
46 31
47 31
48 33
49 32
50 31
51 30
52 30
53 29
54 30
55 32
56 30
57 31
58 31
59 32
60 33
61 32
62 32
63 33
64 34
65 32
66 30
67 29
68 30
69 31
70 31
71 32
72 29
73 28
74 28
75 30
76 31
77 31
78 30
79 30
80 30
81 29
82 27
83 27
84 28
85 30
86 30
87 33
88 33
89 33
90 33
91 33
92 33
93 33
94 33
95 33
96 31
97 29
98 29
99 32
100 32
101 30
102 28
103 27
104 27
105 25
106 27
107 29
108 30
109 30
110 31
111 31
112 31
113 32
114 32
115 32
116 32
117 31
118 32
119 31
120 31
121 31
122 32
123 30
124 32
125 31
126 31
127 31
128 32
129 31
130 32
131 32
132 33
133 33
134 33
135 33
136 33
137 33
138 34
139 34
140 34
141 34
142 34
143 34
144 34
145 34
146 34
147 35
148 34
149 33
150 35
151 34
152 32
153 32
154 31
155 32
156 29
157 29
158 29
159 32
160 34
161 32
162 30
163 29
164 29
165 31
166 30
167 31
168 32
169 31
170 32
171 33
172 35
173 35
174 34
175 34
176 35
177 36
178 33
179 34
180 32
181 34
182 33
183 33
184 34
185 35
186 35
187 35
188 32
189 32
190 33
191 33
192 32
193 32
194 33
195 34
196 33
197 29
198 30
199 32
200 31
201 30
202 26
203 28
204 28
205 29
206 27
207 29
208 30
209 30
210 29
211 30
212 31
213 29
214 28
215 26
216 28
217 30
218 31
219 33
220 31
221 31
222 31
223 33
224 36
225 35
226 36
227 37
228 38
229 36
230 33
231 32
232 31
233 29
234 32
235 31
236 33
237 33
238 32
239 31
240 28
241 27
242 28
243 28
244 28
245 27
246 28
247 27
248 26
249 25
250 25
251 27
252 30
253 30
254 29
255 30
256 31
257 31
258 32
259 30
260 32
261 32
262 33
263 33
264 33
265 31
266 31
267 30
268 32
269 29
270 30
271 30
272 31
273 30
274 31
275 33
276 33
277 31
278 31
279 31
280 31
281 31
282 32
283 33
284 33
285 31
286 34
287 33
288 30
289 30
290 29
291 29
292 30
293 31
294 32
295 33
296 31
297 32
298 34
299 33
300 31
301 31
302 28
303 31
304 30
305 30
306 30
307 30
308 30
309 29
310 31
311 32
312 33
313 32
314 32
315 33
316 32
317 33
318 32
319 33
320 34
321 32
322 31
323 31
324 31
325 31
326 32
327 34
328 34
329 33
330 28
331 28
332 28
333 30
334 30
335 30
336 31
337 32
338 33
339 34
340 34
341 35
342 35
343 35
344 33
345 33
346 35
347 35
348 35
349 35
350 36
351 33
352 33
353 30
354 32
355 33
356 34
357 33
358 31
359 33
360 32
361 32
362 29
363 29
364 30
365 30
366 31
367 32
368 31
369 31
370 33
371 32
372 31
373 31
374 30
375 32
376 32
377 35
378 35
379 35
380 35
381 35
382 34
383 35
384 34
385 35
386 35
387 37
388 35
389 34
390 35
391 33
392 33
393 32
394 33
395 34
396 34
397 33
398 31
399 31
400 32
401 33
402 31
403 30
404 31
405 30
406 31
407 32
408 32
409 32
410 32
411 33
412 35
413 32
414 34
415 34
416 32
417 33
418 31
419 32
420 32
421 34
422 34
423 33
424 32
425 33
426 34
427 35
428 36
429 36
430 32
431 31
432 31
433 31
434 31
435 30
436 28
437 27
438 28
439 31
440 29
441 32
442 30
443 30
444 32
445 31
446 31
447 31
448 31
449 30
450 31
451 33
452 34
453 36
454 34
455 31
456 29
457 28
458 28
459 30
460 31
461 31
462 32
463 32
464 32
465 31
466 32
467 33
468 35
469 35
470 36
471 34
472 33
473 34
474 35
475 36
476 37
477 36
478 37
479 37
480 37
481 37
482 35
483 36
484 34
485 34
486 34
487 35
488 34
489 33
490 33
491 33
492 34
493 33
494 33
495 35
496 33
497 33
498 32
499 32
500 33
501 32
502 32
503 30
504 30
505 32
506 31
507 32
508 30
509 31
510 33
511 30
512 30
513 31
514 32
515 34
516 33
517 31
518 27
519 26
520 29
521 27
522 25
523 25
524 29
525 29
526 30
527 28
528 28
529 31
530 31
531 32
532 30
533 29
534 29
535 31
536 34
537 32
538 33
539 33
540 32
541 34
542 36
543 36
544 34
545 34
546 34
547 34
548 33
549 32
550 34
551 34
552 33
553 34
554 34
555 34
556 35
557 35
558 32
559 32
560 31
561 31
562 29
563 28
564 30
565 32
566 32
567 31
568 31
569 33
570 31
571 29
572 28
573 29
574 29
575 31
576 33
577 33
578 34
579 35
580 35
581 34
582 30
583 32
584 31
585 31
586 32
587 31
588 32
589 31
590 31
591 32
592 30
593 30
594 29
595 30
596 29
597 27
598 27
599 25
600 26
601 28
602 30
603 29
604 31
605 32
606 32
607 31
608 33
609 32
610 32
611 33
612 32
613 31
614 32
615 31
616 29
617 30
618 32
619 30
620 30
621 30
622 30
623 29
624 30
625 31
626 32
627 34
628 33
629 33
630 32
631 31
632 29
633 30
634 30
635 30
636 33
637 35
638 33
639 31
640 33
641 33
642 32
643 32
644 33
645 33
646 31
647 30
648 29
649 26
650 28
651 29
652 29
653 29
654 29
655 31
656 32
657 33
658 31
659 31
660 32
661 28
662 29
663 31
664 32
665 31
666 28
667 28
668 31
669 33
670 35
671 36
672 35
673 36
674 33
675 34
676 34
677 33
678 33
679 32
680 31
681 30
682 30
683 30
684 29
685 29
686 31
687 31
688 31
689 30
690 28
691 27
692 27
693 26
694 26
695 29
696 29
697 29
698 30
699 31
700 31
701 29
702 29
703 30
704 32
705 34
706 34
707 32
708 33
709 33
710 32
711 33
712 34
713 33
714 32
715 32
716 32
717 33
718 32
719 32
720 29
721 31
722 33
723 33
724 35
725 36
726 36
727 35
728 35
729 34
730 34
731 36
732 35
733 36
734 37
735 37
736 36
737 35
738 36
739 30
740 31
741 30
742 29
743 29
744 31
745 30
746 29
747 31
748 30
749 27
750 28
751 30
752 30
753 30
754 31
755 29
756 28
757 30
758 30
759 29
760 30
761 33
762 34
763 31
764 32
765 33
766 33
767 31
768 28
769 28
770 29
771 30
772 31
773 30
774 28
775 30
776 32
777 32
778 33
779 33
780 32
781 33
782 32
783 33
784 33
785 34
786 35
787 34
788 35
789 36
790 33
791 34
792 34
793 31
794 31
795 29
796 29
797 27
798 28
799 28
800 28
801 26
802 27
803 28
804 28
805 30
806 29
807 28
808 29
809 30
810 29
811 29
812 30
813 31
814 34
815 34
816 33
817 32
818 33
819 35
820 33
821 32
822 32
823 32
824 34
825 35
826 36
827 36
828 36
829 35
830 38
831 33
832 35
833 34
834 34
835 33
836 34
837 34
838 37
839 35
840 33
841 33
842 33
843 33
844 33
845 33
846 34
847 36
848 36
849 37
850 35
851 33
852 31
853 32
854 33
855 33
856 33
857 31
858 32
859 33
860 34
861 34
862 35
863 37
864 36
865 35
866 37
867 36
868 34
869 34
870 33
871 34
872 35
873 34
874 33
875 33
876 35
877 31
878 34
879 34
880 33
881 32
882 33
883 32
884 34
885 34
886 33
887 34
888 34
889 35
890 33
891 31
892 31
893 29
894 28
895 29
896 30
897 31
898 34
899 33
900 32
901 34
902 33
903 30
904 30
905 29
906 27
907 30
908 30
909 30
910 32
911 32
912 31
913 32
914 34
915 33
916 34
917 34
918 35
919 34
920 34
921 35
922 34
923 34
924 34
925 32
926 31
927 30
928 31
929 32
930 32
931 34
932 33
933 34
934 36
935 37
936 38
937 38
938 36
939 34
940 35
941 34
942 33
943 33
944 34
945 34
946 33
947 34
948 35
949 34
950 34
951 34
952 33
953 33
954 33
955 31
956 31
957 33
958 33
959 33
960 34
961 33
962 34
963 36
964 33
965 31
966 31
967 31
968 29
969 30
970 32
971 31
972 32
973 31
974 33
975 35
976 35
977 36
978 34
979 34
980 35
981 35
982 36
983 35
984 35
985 36
986 37
987 32
988 32
989 31
990 28
991 28
992 28
993 29
994 30
995 31
996 31
997 32
998 33
999 33
1000 31
