0 80
1 73
2 67
3 65
4 62
5 55
6 53
7 54
8 49
9 51
10 50
11 48
12 50
13 50
14 50
15 49
16 50
17 47
18 46
19 44
20 48
21 47
22 49
23 48
24 47
25 47
26 48
27 49
28 49
29 48
30 44
31 43
32 41
33 41
34 43
35 44
36 46
37 49
38 50
39 51
40 48
41 48
42 49
43 50
44 49
45 50
46 49
47 46
48 42
49 42
50 39
51 39
52 41
53 43
54 39
55 40
56 40
57 41
58 45
59 42
60 43
61 44
62 42
63 39
64 46
65 46
66 46
67 45
68 47
69 50
70 51
71 50
72 46
73 47
74 49
75 50
76 49
77 47
78 46
79 43
80 42
81 46
82 48
83 46
84 48
85 49
86 48
87 47
88 47
89 47
90 48
91 47
92 47
93 48
94 51
95 50
96 47
97 47
98 46
99 47
100 47
101 47
102 47
103 47
104 50
105 49
106 49
107 47
108 47
109 48
110 48
111 48
112 47
113 46
114 46
115 47
116 45
117 45
118 48
119 43
120 41
121 45
122 44
123 46
124 49
125 52
126 52
127 52
128 48
129 50
130 52
131 48
132 48
133 46
134 45
135 46
136 46
137 46
138 48
139 47
140 48
141 45
142 50
143 51
144 52
145 51
146 46
147 47
148 49
149 48
150 50
151 50
152 50
153 50
154 50
155 49
156 49
157 47
158 46
159 46
160 46
161 47
162 45
163 44
164 48
165 45
166 49
167 50
168 48
169 46
170 46
171 49
172 45
173 44
174 45
175 45
176 46
177 46
178 46
179 46
180 47
181 46
182 44
183 41
184 46
185 48
186 50
187 51
188 50
189 52
190 52
191 50
192 50
193 49
194 50
195 51
196 49
197 50
198 49
199 48
200 49
201 48
202 48
203 49
204 48
205 49
206 49
207 49
208 49
209 47
210 47
211 48
212 46
213 44
214 45
215 45
216 44
217 44
218 46
219 44
220 46
221 43
222 44
223 47
224 47
225 45
226 45
227 48
228 49
229 43
230 41
231 42
232 45
233 45
234 46
235 46
236 49
237 48
238 46
239 45
240 46
241 45
242 44
243 44
244 48
245 48
246 48
247 50
248 48
249 46
250 45
251 45
252 46
253 49
254 51
255 48
256 49
257 49
258 49
259 51
260 50
261 49
262 47
263 47
264 47
265 42
266 47
267 46
268 44
269 44
270 44
271 44
272 47
273 49
274 49
275 50
276 50
277 49
278 51
279 53
280 47
281 43
282 43
283 46
284 44
285 44
286 43
287 44
288 44
289 46
290 48
291 46
292 45
293 47
294 49
295 45
296 46
297 44
298 47
299 49
300 47
301 48
302 48
303 47
304 47
305 47
306 44
307 48
308 47
309 50
310 50
311 50
312 51
313 48
314 48
315 48
316 48
317 45
318 45
319 48
320 50
321 51
322 51
323 49
324 51
325 50
326 47
327 45
328 41
329 44
330 46
331 46
332 49
333 44
334 46
335 46
336 46
337 48
338 50
339 51
340 48
341 46
342 46
343 42
344 43
345 45
346 46
347 45
348 49
349 46
350 44
351 45
352 45
353 45
354 46
355 45
356 46
357 47
358 47
359 49
360 45
361 48
362 50
363 46
364 45
365 45
366 48
367 51
368 51
369 49
370 49
371 52
372 48
373 47
374 46
375 44
376 47
377 45
378 45
379 47
380 44
381 46
382 45
383 44
384 45
385 48
386 46
387 43
388 46
389 44
390 46
391 49
392 50
393 46
394 47
395 51
396 52
397 51
398 50
399 50
400 49
401 49
402 45
403 45
404 45
405 47
406 47
407 48
408 48
409 46
410 47
411 47
412 49
413 50
414 51
415 50
416 49
417 45
418 46
419 46
420 47
421 46
422 44
423 46
424 48
425 49
426 49
427 48
428 50
429 47
430 49
431 49
432 50
433 50
434 52
435 54
436 51
437 47
438 46
439 48
440 48
441 45
442 45
443 46
444 44
445 44
446 48
447 49
448 47
449 47
450 45
451 47
452 49
453 51
454 47
455 47
456 49
457 51
458 51
459 49
460 48
461 47
462 50
463 47
464 47
465 46
466 49
467 49
468 47
469 51
470 52
471 50
472 46
473 47
474 43
475 46
476 46
477 49
478 47
479 46
480 47
481 49
482 48
483 47
484 46
485 46
486 44
487 45
488 47
489 47
490 47
491 47
492 44
493 43
494 47
495 44
496 45
497 47
498 48
499 49
500 50
501 50
502 49
503 50
504 50
505 54
506 52
507 53
508 49
509 48
510 49
511 49
512 49
513 47
514 45
515 48
516 48
517 49
518 49
519 47
520 44
521 43
522 43
523 46
524 47
525 45
526 43
527 42
528 40
529 42
530 42
531 43
532 42
533 45
534 49
535 47
536 47
537 49
538 48
539 47
540 42
541 44
542 45
543 45
544 45
545 47
546 48
547 47
548 47
549 46
550 46
551 45
552 48
553 49
554 48
555 47
556 46
557 48
558 48
559 52
560 47
561 47
562 48
563 48
564 52
565 51
566 48
567 48
568 46
569 48
570 49
571 49
572 49
573 47
574 47
575 46
576 47
577 48
578 50
579 50
580 47
581 47
582 48
583 51
584 52
585 51
586 49
587 49
588 50
589 48
590 50
591 47
592 47
593 48
594 51
595 51
596 50
597 51
598 50
599 49
600 50
601 48
602 48
603 46
604 48
605 47
606 48
607 48
608 50
609 47
610 46
611 50
612 51
613 53
614 53
615 50
616 51
617 48
618 48
619 46
620 48
621 50
622 47
623 45
624 46
625 48
626 49
627 49
628 50
629 49
630 46
631 48
632 47
633 46
634 48
635 47
636 47
637 47
638 45
639 42
640 44
641 46
642 45
643 45
644 47
645 48
646 49
647 50
648 48
649 47
650 46
651 46
652 43
653 44
654 46
655 50
656 47
657 47
658 46
659 47
660 45
661 45
662 47
663 47
664 51
665 50
666 46
667 50
668 49
669 49
670 50
671 49
672 49
673 50
674 51
675 50
676 48
677 48
678 47
679 44
680 45
681 44
682 43
683 46
684 45
685 47
686 47
687 44
688 46
689 47
690 48
691 46
692 45
693 45
694 46
695 49
696 47
697 48
698 48
699 48
700 49
701 50
702 48
703 48
704 44
705 44
706 47
707 46
708 46
709 45
710 44
711 46
712 40
713 41
714 43
715 44
716 42
717 44
718 44
719 43
720 45
721 48
722 49
723 48
724 46
725 41
726 46
727 42
728 42
729 43
730 44
731 44
732 47
733 49
734 52
735 51
736 50
737 48
738 49
739 46
740 47
741 49
742 48
743 49
744 46
745 46
746 47
747 44
748 45
749 48
750 51
751 49
752 50
753 51
754 48
755 43
756 40
757 45
758 46
759 45
760 44
761 45
762 46
763 44
764 42
765 45
766 46
767 43
768 44
769 43
770 44
771 42
772 44
773 45
774 48
775 47
776 48
777 49
778 49
779 49
780 46
781 45
782 46
783 46
784 45
785 47
786 47
787 48
788 48
789 47
790 43
791 44
792 43
793 46
794 47
795 45
796 45
797 42
798 44
799 45
800 45
801 45
802 46
803 46
804 48
805 48
806 49
807 48
808 51
809 48
810 45
811 47
812 47
813 47
814 45
815 43
816 45
817 47
818 47
819 50
820 49
821 50
822 44
823 43
824 39
825 42
826 42
827 42
828 43
829 45
830 44
831 43
832 42
833 42
834 44
835 43
836 43
837 42
838 45
839 45
840 45
841 42
842 41
843 43
844 41
845 42
846 42
847 40
848 42
849 44
850 46
851 46
852 47
853 48
854 48
855 50
856 50
857 49
858 47
859 42
860 45
861 44
862 43
863 46
864 47
865 46
866 45
867 48
868 49
869 47
870 42
871 44
872 45
873 45
874 45
875 46
876 43
877 47
878 47
879 50
880 51
881 50
882 53
883 51
884 51
885 49
886 50
887 52
888 51
889 47
890 45
891 48
892 47
893 49
894 46
895 46
896 48
897 49
898 44
899 45
900 45
901 47
902 47
903 46
904 49
905 45
906 44
907 43
908 45
909 45
910 47
911 47
912 43
913 41
914 42
915 46
916 48
917 48
918 49
919 50
920 49
921 48
922 44
923 47
924 45
925 44
926 46
927 45
928 46
929 48
930 46
931 47
932 47
933 49
934 51
935 48
936 46
937 48
938 48
939 51
940 49
941 46
942 48
943 48
944 45
945 46
946 48
947 47
948 50
949 48
950 47
951 50
952 50
953 49
954 48
955 46
956 46
957 47
958 45
959 45
960 43
961 45
962 46
963 47
964 47
965 47
966 49
967 48
968 49
969 48
970 48
971 46
972 45
973 43
974 45
975 46
976 46
977 48
978 50
979 51
980 42
981 44
982 45
983 45
984 44
985 45
986 46
987 46
988 46
989 46
990 46
991 46
992 47
993 45
994 44
995 44
996 41
997 45
998 47
999 45
1000 45
