0 70
1 50
2 48
3 48
4 47
5 48
6 48
7 49
8 45
9 45
10 50
11 50
12 47
13 43
14 47
15 48
16 48
17 46
18 46
19 44
20 49
21 51
22 39
23 43
24 46
25 48
26 45
27 45
28 41
29 42
30 43
31 45
32 47
33 46
34 48
35 51
36 53
37 48
38 48
39 48
40 43
41 44
42 43
43 45
44 45
45 45
46 48
47 48
48 49
49 47
50 48
51 44
52 46
53 44
54 43
55 50
56 53
57 50
58 47
59 48
60 43
61 50
62 47
63 48
64 43
65 50
66 47
67 45
68 49
69 52
70 46
71 47
72 45
73 48
74 51
75 47
76 48
77 49
78 48
79 49
80 49
81 46
82 45
83 48
84 43
85 45
86 46
87 48
88 47
89 47
90 49
91 49
92 47
93 45
94 45
95 47
96 47
97 44
98 44
99 43
100 43
101 42
102 44
103 45
104 45
105 42
106 41
107 44
108 47
109 46
110 47
111 46
112 45
113 45
114 48
115 48
116 48
117 49
118 43
119 46
120 49
121 50
122 48
123 48
124 45
125 43
126 43
127 46
128 44
129 44
130 49
131 47
132 46
133 46
134 50
135 46
136 47
137 48
138 49
139 46
140 48
141 45
142 50
143 51
144 51
145 50
146 49
147 44
148 46
149 46
150 42
151 47
152 49
153 47
154 48
155 49
156 50
157 47
158 49
159 52
160 49
161 47
162 48
163 46
164 46
165 48
166 46
167 46
168 50
169 51
170 48
171 49
172 47
173 48
174 53
175 48
176 46
177 48
178 49
179 49
180 50
181 46
182 46
183 49
184 47
185 47
186 46
187 47
188 47
189 46
190 46
191 44
192 48
193 43
194 49
195 46
196 47
197 48
198 47
199 48
200 48
201 50
202 52
203 49
204 47
205 48
206 49
207 48
208 45
209 49
210 48
211 48
212 42
213 46
214 46
215 49
216 46
217 47
218 47
219 47
220 51
221 45
222 44
223 47
224 44
225 42
226 46
227 49
228 47
229 50
230 45
231 48
232 46
233 50
234 48
235 50
236 52
237 51
238 52
239 49
240 51
241 51
242 51
243 50
244 42
245 46
246 48
247 44
248 43
249 47
250 47
251 50
252 49
253 48
254 47
255 51
256 51
257 50
258 45
259 44
260 48
261 49
262 42
263 49
264 50
265 47
266 50
267 47
268 47
269 49
270 49
271 51
272 47
273 47
274 50
275 47
276 50
277 48
278 49
279 46
280 44
281 47
282 43
283 39
284 41
285 47
286 51
287 44
288 47
289 48
290 50
291 48
292 47
293 48
294 48
295 43
296 47
297 51
298 51
299 48
300 46
301 49
302 54
303 46
304 44
305 43
306 45
307 49
308 46
309 47
310 48
311 46
312 49
313 47
314 48
315 50
316 46
317 41
318 49
319 46
320 44
321 47
322 48
323 44
324 43
325 49
326 45
327 43
328 40
329 45
330 46
331 50
332 53
333 48
334 48
335 47
336 45
337 49
338 47
339 47
340 48
341 42
342 46
343 48
344 47
345 47
346 48
347 48
348 48
349 47
350 40
351 43
352 46
353 43
354 38
355 46
356 51
357 49
358 50
359 50
360 50
361 47
362 44
363 45
364 50
365 43
366 44
367 46
368 46
369 45
370 48
371 48
372 47
373 49
374 51
375 51
376 47
377 48
378 47
379 48
380 45
381 49
382 45
383 45
384 48
385 44
386 45
387 42
388 41
389 47
390 47
391 46
392 45
393 48
394 39
395 46
396 49
397 50
398 48
399 44
400 41
401 44
402 42
403 47
404 51
405 50
406 47
407 41
408 43
409 44
410 44
411 44
412 49
413 48
414 51
415 50
416 49
417 49
418 44
419 41
420 47
421 48
422 51
423 48
424 46
425 43
426 45
427 48
428 50
429 48
430 46
431 42
432 47
433 48
434 47
435 49
436 50
437 49
438 51
439 46
440 50
441 45
442 48
443 50
444 50
445 48
446 51
447 48
448 51
449 51
450 48
451 47
452 47
453 48
454 46
455 47
456 47
457 50
458 50
459 50
460 45
461 43
462 42
463 49
464 48
465 45
466 46
467 43
468 46
469 47
470 48
471 47
472 41
473 42
474 48
475 47
476 49
477 48
478 47
479 50
480 47
481 52
482 51
483 47
484 47
485 47
486 47
487 47
488 49
489 51
490 47
491 47
492 50
493 49
494 47
495 45
496 44
497 48
498 46
499 45
500 45
501 46
502 44
503 45
504 44
505 44
506 46
507 49
508 51
509 48
510 48
511 43
512 48
513 49
514 48
515 49
516 48
517 50
518 43
519 50
520 50
521 52
522 50
523 46
524 46
525 46
526 43
527 45
528 46
529 44
530 48
531 47
532 49
533 49
534 44
535 46
536 47
537 48
538 47
539 49
540 50
541 42
542 49
543 49
544 43
545 49
546 48
547 51
548 50
549 49
550 49
551 51
552 50
553 51
554 51
555 50
556 49
557 49
558 49
559 44
560 49
561 42
562 47
563 48
564 45
565 47
566 52
567 47
568 47
569 46
570 46
571 45
572 42
573 47
574 49
575 46
576 44
577 50
578 47
579 48
580 48
581 46
582 48
583 48
584 48
585 48
586 48
587 41
588 41
589 41
590 45
591 50
592 51
593 50
594 51
595 43
596 44
597 46
598 48
599 43
600 49
601 44
602 48
603 50
604 44
605 44
606 45
607 48
608 46
609 46
610 49
611 48
612 47
613 41
614 43
615 45
616 47
617 52
618 48
619 43
620 44
621 41
622 46
623 46
624 48
625 46
626 50
627 49
628 48
629 45
630 48
631 45
632 48
633 47
634 44
635 46
636 44
637 42
638 42
639 44
640 45
641 46
642 45
643 43
644 47
645 45
646 45
647 43
648 47
649 44
650 48
651 48
652 47
653 49
654 53
655 50
656 48
657 45
658 43
659 44
660 47
661 50
662 47
663 46
664 46
665 48
666 45
667 46
668 47
669 45
670 49
671 51
672 48
673 49
674 49
675 50
676 51
677 46
678 47
679 47
680 51
681 48
682 49
683 46
684 44
685 48
686 49
687 53
688 50
689 43
690 47
691 47
692 51
693 46
694 49
695 42
696 45
697 49
698 47
699 48
700 47
701 45
702 46
703 49
704 44
705 43
706 40
707 46
708 49
709 44
710 48
711 45
712 48
713 48
714 48
715 47
716 44
717 45
718 49
719 46
720 47
721 51
722 50
723 47
724 46
725 45
726 47
727 48
728 49
729 46
730 45
731 45
732 45
733 44
734 45
735 45
736 47
737 49
738 47
739 46
740 46
741 49
742 48
743 49
744 44
745 47
746 51
747 46
748 48
749 45
750 50
751 49
752 46
753 46
754 45
755 44
756 43
757 46
758 50
759 46
760 44
761 46
762 50
763 52
764 48
765 46
766 48
767 45
768 46
769 48
770 47
771 46
772 43
773 44
774 41
775 44
776 42
777 45
778 44
779 50
780 45
781 45
782 49
783 44
784 46
785 46
786 45
787 46
788 52
789 51
790 46
791 52
792 52
793 48
794 49
795 43
796 44
797 45
798 45
799 47
800 46
801 47
802 47
803 44
804 43
805 44
806 42
807 46
808 51
809 50
810 49
811 46
812 47
813 44
814 50
815 49
816 46
817 43
818 42
819 44
820 47
821 49
822 52
823 45
824 46
825 46
826 49
827 44
828 43
829 42
830 46
831 44
832 47
833 46
834 49
835 47
836 46
837 49
838 46
839 45
840 44
841 45
842 46
843 44
844 45
845 49
846 49
847 41
848 48
849 49
850 50
851 45
852 49
853 49
854 51
855 48
856 44
857 46
858 47
859 50
860 48
861 45
862 50
863 50
864 48
865 46
866 47
867 45
868 43
869 44
870 46
871 47
872 50
873 50
874 45
875 48
876 47
877 52
878 52
879 47
880 52
881 53
882 51
883 50
884 46
885 42
886 52
887 52
888 48
889 46
890 48
891 48
892 47
893 49
894 48
895 45
896 47
897 45
898 47
899 50
900 52
901 45
902 48
903 50
904 48
905 47
906 46
907 49
908 45
909 47
910 51
911 49
912 45
913 45
914 49
915 48
916 47
917 44
918 47
919 47
920 42
921 47
922 49
923 47
924 48
925 48
926 49
927 48
928 50
929 50
930 48
931 48
932 50
933 51
934 47
935 49
936 46
937 43
938 47
939 46
940 47
941 47
942 45
943 50
944 48
945 47
946 44
947 47
948 47
949 48
950 48
951 45
952 45
953 49
954 43
955 45
956 47
957 43
958 41
959 43
960 47
961 47
962 41
963 46
964 45
965 45
966 47
967 46
968 44
969 44
970 50
971 47
972 45
973 45
974 50
975 49
976 49
977 51
978 48
979 45
980 41
981 45
982 45
983 46
984 44
985 41
986 46
987 46
988 48
989 48
990 46
991 44
992 48
993 49
994 40
995 48
996 49
997 43
998 47
999 54
1000 52
