0 30
1 27
2 25
3 23
4 21
5 19
6 17
7 17
8 16
9 16
10 16
11 17
12 15
13 14
14 13
15 14
16 14
17 14
18 12
19 12
20 11
21 10
22 10
23 11
24 11
25 11
26 9
27 10
28 11
29 12
30 12
31 12
32 12
33 11
34 11
35 11
36 11
37 11
38 10
39 9
40 9
41 8
42 9
43 9
44 11
45 11
46 11
47 12
48 11
49 10
50 11
51 12
52 11
53 10
54 10
55 11
56 11
57 12
58 12
59 12
60 12
61 13
62 13
63 13
64 13
65 13
66 11
67 11
68 11
69 10
70 11
71 12
72 10
73 11
74 12
75 12
76 11
77 12
78 13
79 13
80 13
81 14
82 13
83 13
84 13
85 13
86 13
87 12
88 12
89 10
90 11
91 10
92 11
93 10
94 11
95 11
96 11
97 10
98 10
99 10
100 10
101 9
102 10
103 11
104 9
105 10
106 10
107 10
108 10
109 10
110 9
111 8
112 8
113 8
114 8
115 8
116 8
117 9
118 10
119 11
120 12
121 13
122 12
123 12
124 11
125 10
126 10
127 10
128 10
129 11
130 11
131 12
132 13
133 13
134 14
135 14
136 13
137 13
138 10
139 11
140 12
141 12
142 12
143 12
144 12
145 13
146 12
147 12
148 13
149 13
150 13
151 13
152 12
153 12
154 10
155 10
156 10
157 10
158 10
159 9
160 10
161 11
162 11
163 10
164 9
165 10
166 9
167 7
168 7
169 7
170 8
171 8
172 8
173 8
174 8
175 9
176 8
177 9
178 9
179 10
180 9
181 9
182 8
183 9
184 10
185 9
186 10
187 10
188 10
189 9
190 9
191 9
192 9
193 9
194 8
195 10
196 10
197 8
198 8
199 10
200 10
201 10
202 10
203 10
204 8
205 7
206 8
207 10
208 10
209 11
210 11
211 11
212 11
213 11
214 11
215 11
216 11
217 12
218 11
219 12
220 13
221 12
222 12
223 14
224 12
225 12
226 12
227 13
228 14
229 13
230 13
231 13
232 13
233 13
234 14
235 12
236 12
237 13
238 14
239 14
240 13
241 12
242 11
243 12
244 12
245 13
246 14
247 13
248 12
249 12
250 11
251 11
252 11
253 12
254 12
255 12
256 12
257 12
258 13
259 12
260 11
261 10
262 10
263 10
264 10
265 10
266 10
267 9
268 9
269 9
270 9
271 10
272 10
273 10
274 11
275 12
276 11
277 12
278 13
279 13
280 14
281 14
282 13
283 13
284 13
285 10
286 10
287 10
288 10
289 11
290 11
291 11
292 11
293 10
294 9
295 8
296 10
297 10
298 10
299 9
300 9
301 9
302 11
303 12
304 12
305 12
306 11
307 11
308 10
309 11
310 10
311 10
312 12
313 11
314 11
315 10
316 10
317 11
318 11
319 12
320 11
321 11
322 11
323 10
324 9
325 11
326 12
327 12
328 11
329 11
330 13
331 14
332 15
333 14
334 13
335 14
336 13
337 14
338 14
339 13
340 12
341 12
342 12
343 13
344 12
345 13
346 13
347 14
348 13
349 13
350 12
351 11
352 12
353 11
354 13
355 14
356 14
357 15
358 13
359 12
360 12
361 13
362 14
363 13
364 12
365 10
366 10
367 10
368 11
369 11
370 11
371 10
372 8
373 8
374 8
375 8
376 9
377 10
378 11
379 12
380 12
381 11
382 11
383 11
384 10
385 11
386 11
387 12
388 12
389 12
390 12
391 11
392 11
393 12
394 13
395 13
396 13
397 13
398 13
399 14
400 13
401 12
402 13
403 14
404 13
405 13
406 13
407 13
408 12
409 11
410 10
411 10
412 11
413 9
414 9
415 9
416 8
417 9
418 10
419 10
420 10
421 11
422 9
423 9
424 10
425 10
426 10
427 9
428 9
429 9
430 8
431 8
432 9
433 11
434 12
435 11
436 11
437 12
438 13
439 13
440 9
441 10
442 11
443 11
444 11
445 11
446 9
447 10
448 10
449 10
450 10
451 10
452 10
453 11
454 11
455 11
456 11
457 9
458 10
459 11
460 13
461 13
462 13
463 12
464 12
465 10
466 12
467 12
468 11
469 10
470 10
471 8
472 8
473 10
474 12
475 12
476 13
477 13
478 13
479 13
480 14
481 14
482 14
483 13
484 11
485 11
486 12
487 11
488 11
489 11
490 11
491 11
492 12
493 12
494 10
495 10
496 11
497 9
498 9
499 9
500 9
501 10
502 10
503 9
504 9
505 9
506 9
507 7
508 6
509 7
510 9
511 11
512 11
513 10
514 9
515 10
516 8
517 7
518 7
519 8
520 9
521 9
522 9
523 7
524 8
525 8
526 8
527 8
528 8
529 9
530 11
531 9
532 10
533 9
534 8
535 9
536 9
537 10
538 11
539 12
540 11
541 12
542 13
543 12
544 12
545 12
546 13
547 13
548 13
549 13
550 13
551 13
552 12
553 13
554 12
555 12
556 10
557 11
558 11
559 12
560 11
561 11
562 11
563 12
564 10
565 11
566 9
567 12
568 11
569 11
570 12
571 12
572 13
573 13
574 13
575 12
576 12
577 12
578 14
579 13
580 12
581 12
582 12
583 12
584 12
585 12
586 11
587 13
588 13
589 12
590 12
591 12
592 11
593 10
594 10
595 10
596 10
597 11
598 12
599 12
600 12
601 12
602 12
603 12
604 13
605 12
606 12
607 12
608 12
609 11
610 12
611 12
612 12
613 11
614 11
615 12
616 11
617 11
618 12
619 10
620 10
621 11
622 10
623 10
624 11
625 13
626 13
627 14
628 13
629 14
630 14
631 13
632 13
633 14
634 15
635 15
636 15
637 13
638 13
639 11
640 11
641 10
642 9
643 7
644 8
645 8
646 9
647 10
648 10
649 10
650 11
651 11
652 11
653 9
654 9
655 9
656 10
657 10
658 10
659 9
660 8
661 10
662 12
663 12
664 12
665 12
666 13
667 14
668 12
669 12
670 12
671 13
672 11
673 12
674 12
675 12
676 11
677 10
678 9
679 10
680 9
681 11
682 10
683 9
684 9
685 8
686 8
687 8
688 8
689 9
690 12
691 13
692 13
693 13
694 12
695 13
696 13
697 12
698 13
699 14
700 13
701 14
702 14
703 14
704 14
705 12
706 13
707 14
708 15
709 14
710 14
711 14
712 15
713 13
714 14
715 14
716 15
717 14
718 15
719 15
720 15
721 14
722 14
723 14
724 14
725 14
726 14
727 13
728 13
729 12
730 11
731 11
732 11
733 13
734 13
735 14
736 13
737 12
738 11
739 11
740 11
741 12
742 12
743 11
744 11
745 10
746 11
747 11
748 11
749 11
750 12
751 13
752 12
753 13
754 14
755 15
756 15
757 15
758 14
759 12
760 13
761 12
762 11
763 10
764 11
765 12
766 13
767 14
768 15
769 14
770 10
771 9
772 9
773 9
774 10
775 12
776 10
777 11
778 11
779 9
780 9
781 10
782 9
783 10
784 10
785 10
786 10
787 10
788 10
789 10
790 9
791 9
792 8
793 10
794 11
795 11
796 11
797 11
798 11
799 11
800 11
801 10
802 11
803 11
804 11
805 11
806 12
807 11
808 11
809 12
810 11
811 11
812 10
813 12
814 13
815 11
816 10
817 10
818 10
819 12
820 12
821 12
822 13
823 13
824 13
825 12
826 11
827 13
828 13
829 11
830 10
831 11
832 12
833 12
834 13
835 12
836 12
837 11
838 12
839 10
840 13
841 13
842 13
843 13
844 12
845 12
846 13
847 14
848 13
849 13
850 11
851 11
852 12
853 12
854 12
855 12
856 11
857 12
858 12
859 12
860 13
861 11
862 10
863 10
864 10
865 11
866 11
867 10
868 11
869 10
870 11
871 10
872 9
873 10
874 10
875 11
876 12
877 12
878 13
879 12
880 12
881 11
882 12
883 12
884 11
885 10
886 11
887 12
888 12
889 13
890 13
891 13
892 12
893 12
894 11
895 13
896 13
897 11
898 12
899 12
900 12
901 12
902 11
903 11
904 10
905 10
906 8
907 9
908 10
909 9
910 10
911 9
912 11
913 10
914 11
915 11
916 11
917 10
918 11
919 11
920 11
921 12
922 13
923 13
924 12
925 12
926 12
927 12
928 13
929 12
930 11
931 10
932 10
933 11
934 12
935 12
936 11
937 12
938 11
939 10
940 9
941 9
942 9
943 8
944 9
945 10
946 10
947 10
948 9
949 10
950 11
951 12
952 11
953 13
954 13
955 13
956 14
957 13
958 14
959 13
960 12
961 12
962 13
963 11
964 10
965 9
966 9
967 10
968 11
969 11
970 10
971 11
972 13
973 13
974 13
975 13
976 12
977 13
978 13
979 11
980 11
981 11
982 10
983 9
984 8
985 10
986 10
987 10
988 10
989 9
990 11
991 12
992 12
993 14
994 14
995 13
996 12
997 11
998 10
999 10
1000 10
