0 75
1 58
2 50
3 47
4 54
5 54
6 51
7 58
8 54
9 55
10 54
11 50
12 54
13 53
14 56
15 53
16 53
17 57
18 52
19 58
20 53
21 54
22 57
23 54
24 52
25 63
26 52
27 52
28 56
29 52
30 54
31 57
32 52
33 55
34 59
35 57
36 51
37 60
38 58
39 49
40 54
41 58
42 55
43 53
44 49
45 52
46 55
47 52
48 51
49 53
50 57
51 59
52 55
53 60
54 51
55 53
56 56
57 57
58 47
59 52
60 55
61 51
62 55
63 55
64 51
65 52
66 49
67 55
68 53
69 53
70 51
71 54
72 56
73 56
74 57
75 54
76 60
77 55
78 59
79 61
80 51
81 51
82 58
83 53
84 55
85 59
86 48
87 55
88 54
89 54
90 49
91 52
92 51
93 55
94 53
95 54
96 46
97 53
98 55
99 56
100 55
101 53
102 55
103 59
104 55
105 52
106 56
107 53
108 57
109 56
110 53
111 56
112 54
113 50
114 54
115 51
116 52
117 54
118 56
119 56
120 55
121 56
122 52
123 51
124 56
125 55
126 52
127 55
128 59
129 53
130 50
131 54
132 51
133 52
134 59
135 58
136 50
137 51
138 54
139 57
140 59
141 48
142 57
143 52
144 49
145 49
146 59
147 58
148 59
149 54
150 50
151 52
152 51
153 50
154 53
155 51
156 51
157 54
158 56
159 54
160 52
161 56
162 56
163 50
164 58
165 57
166 53
167 54
168 49
169 57
170 48
171 52
172 51
173 55
174 54
175 49
176 57
177 50
178 57
179 57
180 61
181 50
182 56
183 54
184 55
185 59
186 55
187 47
188 56
189 59
190 56
191 54
192 53
193 58
194 49
195 52
196 55
197 60
198 51
199 50
200 54
201 50
202 58
203 52
204 54
205 52
206 54
207 55
208 55
209 54
210 52
211 55
212 55
213 58
214 55
215 52
216 56
217 56
218 56
219 54
220 57
221 53
222 54
223 46
224 55
225 47
226 57
227 55
228 49
229 49
230 59
231 52
232 55
233 58
234 50
235 50
236 53
237 55
238 51
239 56
240 52
241 55
242 51
243 48
244 58
245 57
246 55
247 50
248 49
249 53
250 48
251 46
252 57
253 52
254 53
255 55
256 56
257 59
258 49
259 52
260 60
261 55
262 58
263 51
264 51
265 46
266 51
267 48
268 56
269 55
270 51
271 56
272 53
273 54
274 48
275 56
276 54
277 55
278 56
279 60
280 48
281 55
282 55
283 51
284 54
285 50
286 54
287 53
288 62
289 58
290 53
291 51
292 56
293 58
294 58
295 55
296 53
297 49
298 54
299 56
300 52
301 57
302 56
303 56
304 49
305 54
306 55
307 53
308 54
309 59
310 59
311 56
312 54
313 59
314 56
315 54
316 62
317 54
318 53
319 57
320 52
321 55
322 65
323 56
324 57
325 50
326 56
327 54
328 47
329 51
330 50
331 55
332 50
333 58
334 57
335 55
336 58
337 55
338 51
339 50
340 51
341 65
342 56
343 53
344 54
345 53
346 57
347 58
348 60
349 55
350 54
351 58
352 53
353 55
354 56
355 51
356 56
357 52
358 56
359 54
360 53
361 54
362 60
363 56
364 54
365 50
366 56
367 55
368 56
369 54
370 55
371 53
372 57
373 59
374 52
375 55
376 56
377 53
378 54
379 59
380 57
381 54
382 50
383 54
384 55
385 56
386 47
387 55
388 57
389 60
390 53
391 52
392 57
393 54
394 56
395 57
396 52
397 51
398 55
399 50
400 49
401 53
402 56
403 55
404 55
405 55
406 48
407 51
408 55
409 56
410 51
411 55
412 51
413 55
414 50
415 55
416 53
417 56
418 58
419 57
420 53
421 56
422 51
423 49
424 51
425 55
426 58
427 60
428 48
429 57
430 57
431 56
432 56
433 60
434 53
435 56
436 57
437 51
438 57
439 56
440 52
441 58
442 53
443 55
444 53
445 50
446 50
447 55
448 57
449 50
450 51
451 57
452 55
453 52
454 58
455 58
456 57
457 57
458 51
459 54
460 57
461 54
462 53
463 54
464 56
465 52
466 53
467 55
468 50
469 55
470 52
471 52
472 59
473 49
474 48
475 53
476 49
477 53
478 56
479 53
480 53
481 54
482 53
483 56
484 56
485 49
486 52
487 59
488 59
489 53
490 51
491 59
492 52
493 59
494 60
495 52
496 54
497 56
498 50
499 56
500 55
501 53
502 56
503 56
504 51
505 56
506 58
507 47
508 55
509 58
510 55
511 61
512 53
513 56
514 54
515 56
516 55
517 56
518 54
519 49
520 59
521 52
522 59
523 54
524 56
525 57
526 50
527 57
528 56
529 55
530 54
531 54
532 52
533 56
534 50
535 56
536 51
537 57
538 55
539 57
540 57
541 57
542 56
543 52
544 53
545 55
546 54
547 54
548 52
549 55
550 54
551 55
552 56
553 52
554 56
555 59
556 55
557 59
558 54
559 56
560 56
561 56
562 46
563 57
564 56
565 55
566 53
567 52
568 57
569 56
570 58
571 57
572 59
573 55
574 53
575 50
576 53
577 53
578 55
579 54
580 59
581 58
582 57
583 55
584 53
585 59
586 53
587 58
588 49
589 53
590 52
591 50
592 57
593 47
594 54
595 49
596 54
597 53
598 58
599 57
600 59
601 49
602 53
603 50
604 52
605 53
606 53
607 48
608 58
609 50
610 53
611 51
612 53
613 61
614 54
615 57
616 55
617 55
618 53
619 52
620 52
621 47
622 55
623 49
624 56
625 57
626 57
627 55
628 57
629 57
630 54
631 51
632 53
633 54
634 56
635 56
636 50
637 58
638 50
639 55
640 61
641 58
642 58
643 56
644 55
645 56
646 55
647 57
648 51
649 56
650 59
651 54
652 57
653 53
654 56
655 48
656 56
657 48
658 54
659 56
660 54
661 60
662 53
663 56
664 54
665 55
666 57
667 52
668 52
669 52
670 54
671 56
672 53
673 50
674 55
675 60
676 52
677 53
678 55
679 62
680 51
681 55
682 54
683 57
684 52
685 51
686 54
687 56
688 54
689 57
690 56
691 53
692 49
693 52
694 50
695 51
696 58
697 59
698 55
699 58
700 57
701 50
702 57
703 55
704 46
705 54
706 49
707 58
708 50
709 52
710 56
711 49
712 55
713 56
714 54
715 47
716 52
717 50
718 52
719 53
720 57
721 55
722 55
723 53
724 52
725 53
726 54
727 52
728 56
729 52
730 50
731 54
732 53
733 57
734 50
735 56
736 54
737 58
738 54
739 52
740 53
741 53
742 54
743 51
744 60
745 53
746 56
747 53
748 52
749 52
750 58
751 54
752 53
753 53
754 56
755 55
756 54
757 51
758 55
759 56
760 52
761 56
762 48
763 61
764 56
765 58
766 48
767 56
768 50
769 55
770 53
771 52
772 53
773 55
774 56
775 52
776 54
777 54
778 53
779 45
780 52
781 52
782 58
783 57
784 52
785 49
786 51
787 60
788 51
789 60
790 56
791 53
792 51
793 50
794 54
795 49
796 51
797 47
798 54
799 57
800 50
801 52
802 57
803 52
804 53
805 54
806 48
807 52
808 51
809 54
810 52
811 56
812 54
813 50
814 57
815 58
816 55
817 51
818 53
819 57
820 55
821 51
822 56
823 53
824 53
825 54
826 57
827 55
828 48
829 55
830 56
831 53
832 54
833 54
834 57
835 58
836 49
837 57
838 56
839 54
840 55
841 59
842 58
843 60
844 59
845 56
846 55
847 55
848 60
849 53
850 52
851 55
852 55
853 51
854 57
855 51
856 55
857 53
858 58
859 55
860 57
861 54
862 56
863 57
864 54
865 59
866 53
867 51
868 55
869 53
870 52
871 59
872 54
873 57
874 57
875 54
876 50
877 51
878 54
879 53
880 58
881 55
882 54
883 57
884 55
885 52
886 57
887 50
888 55
889 51
890 53
891 53
892 57
893 50
894 56
895 48
896 50
897 56
898 52
899 54
900 56
901 54
902 51
903 52
904 53
905 52
906 56
907 52
908 52
909 48
910 52
911 55
912 52
913 55
914 55
915 51
916 56
917 58
918 56
919 51
920 54
921 59
922 55
923 57
924 51
925 54
926 56
927 55
928 52
929 57
930 48
931 56
932 55
933 56
934 52
935 56
936 56
937 54
938 57
939 48
940 57
941 54
942 59
943 57
944 52
945 54
946 58
947 55
948 57
949 56
950 50
951 55
952 56
953 55
954 53
955 57
956 55
957 54
958 54
959 55
960 58
961 56
962 52
963 50
964 50
965 50
966 55
967 56
968 42
969 52
970 49
971 55
972 55
973 59
974 53
975 51
976 50
977 47
978 50
979 59
980 47
981 59
982 54
983 55
984 57
985 57
986 56
987 57
988 54
989 59
990 56
991 58
992 53
993 53
994 49
995 47
996 56
997 54
998 53
999 55
1000 50
