0 45
1 41
2 37
3 33
4 31
5 28
6 26
7 24
8 24
9 24
10 22
11 21
12 22
13 21
14 20
15 19
16 19
17 20
18 19
19 19
20 18
21 19
22 20
23 21
24 21
25 21
26 21
27 21
28 22
29 22
30 22
31 22
32 19
33 19
34 17
35 16
36 17
37 17
38 19
39 20
40 19
41 20
42 19
43 17
44 17
45 17
46 18
47 16
48 16
49 16
50 15
51 17
52 17
53 16
54 16
55 18
56 17
57 17
58 17
59 16
60 17
61 18
62 17
63 17
64 17
65 16
66 14
67 14
68 14
69 15
70 17
71 18
72 17
73 17
74 18
75 18
76 17
77 16
78 16
79 17
80 17
81 16
82 17
83 17
84 17
85 19
86 18
87 18
88 19
89 18
90 17
91 17
92 17
93 17
94 17
95 17
96 16
97 15
98 16
99 16
100 16
101 17
102 16
103 18
104 19
105 20
106 19
107 18
108 19
109 18
110 18
111 19
112 21
113 21
114 22
115 23
116 23
117 22
118 22
119 20
120 20
121 19
122 17
123 18
124 17
125 17
126 16
127 17
128 17
129 18
130 18
131 19
132 19
133 19
134 19
135 19
136 19
137 18
138 20
139 22
140 22
141 23
142 24
143 23
144 23
145 22
146 22
147 21
148 21
149 22
150 21
151 20
152 19
153 18
154 18
155 18
156 17
157 18
158 18
159 18
160 18
161 19
162 20
163 19
164 17
165 18
166 17
167 18
168 16
169 15
170 16
171 17
172 16
173 17
174 16
175 18
176 19
177 19
178 21
179 20
180 21
181 19
182 19
183 19
184 19
185 18
186 18
187 18
188 17
189 16
190 14
191 17
192 18
193 19
194 17
195 18
196 18
197 19
198 20
199 20
200 20
201 19
202 17
203 18
204 16
205 17
206 17
207 17
208 17
209 18
210 19
211 18
212 18
213 17
214 18
215 19
216 21
217 22
218 21
219 21
220 22
221 22
222 22
223 22
224 22
225 21
226 19
227 17
228 17
229 17
230 18
231 19
232 20
233 19
234 19
235 19
236 18
237 18
238 19
239 19
240 19
241 18
242 20
243 21
244 21
245 18
246 18
247 17
248 16
249 16
250 15
251 16
252 17
253 17
254 17
255 18
256 19
257 18
258 17
259 16
260 17
261 18
262 19
263 19
264 21
265 21
266 22
267 21
268 19
269 19
270 18
271 18
272 19
273 18
274 18
275 19
276 18
277 19
278 17
279 19
280 18
281 19
282 19
283 19
284 19
285 18
286 20
287 21
288 21
289 22
290 20
291 21
292 21
293 21
294 19
295 19
296 20
297 20
298 21
299 20
300 21
301 20
302 19
303 19
304 20
305 18
306 18
307 20
308 20
309 20
310 20
311 20
312 20
313 18
314 17
315 16
316 16
317 16
318 17
319 17
320 17
321 18
322 16
323 16
324 17
325 16
326 18
327 18
328 16
329 15
330 15
331 14
332 15
333 15
334 15
335 17
336 18
337 18
338 15
339 16
340 16
341 15
342 16
343 16
344 15
345 17
346 17
347 17
348 17
349 18
350 18
351 19
352 19
353 20
354 19
355 19
356 18
357 17
358 18
359 18
360 19
361 19
362 19
363 19
364 19
365 19
366 20
367 19
368 18
369 19
370 19
371 18
372 18
373 17
374 18
375 20
376 19
377 19
378 18
379 19
380 18
381 18
382 18
383 18
384 19
385 20
386 21
387 20
388 18
389 15
390 15
391 15
392 16
393 18
394 17
395 18
396 19
397 20
398 20
399 19
400 17
401 18
402 17
403 19
404 20
405 19
406 17
407 17
408 14
409 12
410 12
411 15
412 15
413 14
414 15
415 16
416 16
417 14
418 15
419 15
420 16
421 16
422 16
423 15
424 16
425 17
426 17
427 17
428 15
429 14
430 14
431 14
432 15
433 16
434 16
435 17
436 16
437 16
438 17
439 16
440 15
441 17
442 18
443 19
444 19
445 20
446 20
447 20
448 20
449 20
450 20
451 18
452 18
453 18
454 19
455 17
456 17
457 17
458 18
459 17
460 19
461 20
462 21
463 21
464 19
465 20
466 20
467 20
468 19
469 21
470 19
471 19
472 19
473 20
474 20
475 19
476 19
477 19
478 18
479 18
480 17
481 17
482 17
483 18
484 18
485 17
486 18
487 19
488 19
489 15
490 17
491 18
492 19
493 19
494 20
495 20
496 21
497 22
498 21
499 21
500 21
501 19
502 20
503 22
504 22
505 21
506 22
507 22
508 22
509 21
510 20
511 20
512 19
513 20
514 20
515 17
516 18
517 18
518 18
519 19
520 17
521 18
522 18
523 19
524 20
525 20
526 18
527 19
528 18
529 20
530 20
531 19
532 19
533 19
534 19
535 19
536 18
537 17
538 17
539 17
540 17
541 15
542 15
543 16
544 17
545 18
546 18
547 18
548 17
549 16
550 19
551 18
552 18
553 20
554 18
555 17
556 18
557 19
558 19
559 19
560 19
561 18
562 21
563 22
564 20
565 18
566 17
567 17
568 18
569 20
570 22
571 19
572 18
573 19
574 19
575 19
576 19
577 19
578 18
579 18
580 20
581 18
582 17
583 19
584 20
585 21
586 18
587 18
588 18
589 18
590 16
591 14
592 13
593 13
594 15
595 15
596 15
597 16
598 16
599 15
600 13
601 13
602 13
603 15
604 16
605 16
606 17
607 17
608 16
609 15
610 15
611 17
612 17
613 17
614 18
615 17
616 18
617 18
618 18
619 18
620 18
621 18
622 17
623 17
624 17
625 18
626 18
627 18
628 18
629 16
630 17
631 16
632 18
633 19
634 19
635 18
636 19
637 19
638 20
639 19
640 20
641 20
642 20
643 18
644 17
645 17
646 16
647 15
648 14
649 13
650 12
651 11
652 13
653 12
654 14
655 15
656 16
657 19
658 19
659 18
660 19
661 18
662 17
663 19
664 19
665 19
666 19
667 20
668 21
669 19
670 18
671 17
672 18
673 17
674 17
675 15
676 15
677 16
678 16
679 16
680 16
681 15
682 16
683 17
684 17
685 18
686 17
687 16
688 16
689 17
690 16
691 15
692 15
693 15
694 15
695 17
696 18
697 18
698 18
699 19
700 18
701 17
702 16
703 16
704 15
705 17
706 17
707 15
708 15
709 15
710 16
711 16
712 18
713 19
714 17
715 17
716 18
717 16
718 16
719 15
720 15
721 16
722 16
723 16
724 18
725 19
726 20
727 19
728 20
729 19
730 19
731 19
732 17
733 17
734 18
735 19
736 19
737 19
738 20
739 18
740 18
741 18
742 17
743 16
744 17
745 18
746 17
747 15
748 16
749 17
750 17
751 16
752 17
753 18
754 19
755 18
756 17
757 16
758 16
759 19
760 18
761 20
762 20
763 20
764 18
765 16
766 15
767 15
768 13
769 12
770 16
771 17
772 18
773 18
774 18
775 18
776 17
777 17
778 18
779 19
780 19
781 20
782 21
783 20
784 21
785 22
786 22
787 21
788 21
789 20
790 21
791 21
792 22
793 21
794 21
795 19
796 19
797 18
798 19
799 21
800 20
801 19
802 20
803 19
804 19
805 20
806 19
807 19
808 20
809 21
810 20
811 19
812 18
813 17
814 15
815 16
816 16
817 16
818 15
819 14
820 14
821 13
822 16
823 17
824 17
825 16
826 17
827 18
828 20
829 21
830 21
831 19
832 19
833 18
834 18
835 18
836 17
837 16
838 16
839 15
840 17
841 17
842 16
843 17
844 16
845 17
846 19
847 20
848 19
849 20
850 19
851 20
852 21
853 20
854 22
855 21
856 21
857 21
858 21
859 22
860 22
861 23
862 23
863 23
864 22
865 21
866 20
867 17
868 17
869 18
870 18
871 17
872 15
873 16
874 16
875 18
876 18
877 19
878 19
879 20
880 20
881 19
882 18
883 18
884 18
885 18
886 16
887 16
888 16
889 16
890 16
891 16
892 15
893 16
894 15
895 15
896 15
897 16
898 17
899 16
900 16
901 17
902 17
903 17
904 17
905 17
906 18
907 17
908 18
909 16
910 16
911 16
912 16
913 14
914 14
915 17
916 18
917 16
918 17
919 16
920 14
921 14
922 15
923 16
924 17
925 16
926 15
927 16
928 16
929 17
930 17
931 17
932 17
933 17
934 19
935 20
936 20
937 19
938 19
939 19
940 19
941 20
942 20
943 20
944 20
945 20
946 20
947 21
948 20
949 21
950 21
951 21
952 20
953 19
954 19
955 18
956 18
957 18
958 19
959 20
960 18
961 18
962 19
963 16
964 16
965 17
966 17
967 16
968 17
969 17
970 17
971 18
972 18
973 20
974 20
975 22
976 23
977 24
978 21
979 21
980 21
981 22
982 22
983 22
984 22
985 23
986 22
987 22
988 19
989 20
990 19
991 19
992 18
993 18
994 18
995 18
996 18
997 19
998 19
999 18
1000 19
