0 60
1 53
2 48
3 45
4 43
5 43
6 41
7 38
8 38
9 38
10 37
11 37
12 38
13 39
14 40
15 35
16 35
17 34
18 34
19 32
20 32
21 33
22 34
23 34
24 35
25 36
26 36
27 38
28 36
29 32
30 33
31 36
32 38
33 40
34 38
35 34
36 34
37 35
38 34
39 34
40 33
41 32
42 31
43 33
44 31
45 33
46 33
47 31
48 32
49 32
50 33
51 34
52 34
53 35
54 37
55 36
56 35
57 37
58 30
59 33
60 34
61 35
62 37
63 35
64 36
65 34
66 34
67 33
68 35
69 37
70 37
71 39
72 37
73 36
74 35
75 36
76 37
77 36
78 38
79 34
80 34
81 37
82 38
83 38
84 32
85 33
86 33
87 35
88 36
89 37
90 37
91 39
92 37
93 37
94 36
95 33
96 35
97 33
98 33
99 34
100 32
101 34
102 37
103 35
104 35
105 33
106 36
107 36
108 33
109 34
110 34
111 34
112 31
113 33
114 34
115 34
116 36
117 37
118 38
119 36
120 38
121 36
122 35
123 36
124 37
125 37
126 36
127 35
128 35
129 33
130 34
131 30
132 31
133 32
134 30
135 32
136 31
137 31
138 32
139 33
140 34
141 35
142 35
143 35
144 35
145 32
146 31
147 31
148 33
149 32
150 28
151 28
152 29
153 31
154 31
155 30
156 30
157 34
158 34
159 33
160 33
161 36
162 38
163 38
164 37
165 34
166 27
167 33
168 36
169 30
170 29
171 30
172 30
173 26
174 28
175 30
176 31
177 28
178 24
179 27
180 26
181 25
182 29
183 27
184 29
185 32
186 29
187 31
188 31
189 30
190 33
191 37
192 38
193 39
194 38
195 39
196 40
197 38
198 36
199 36
200 33
201 32
202 31
203 32
204 34
205 33
206 30
207 32
208 33
209 35
210 34
211 33
212 35
213 35
214 36
215 36
216 35
217 37
218 36
219 34
220 35
221 34
222 33
223 30
224 31
225 28
226 27
227 31
228 33
229 33
230 33
231 34
232 33
233 36
234 37
235 36
236 36
237 37
238 38
239 38
240 38
241 37
242 37
243 36
244 35
245 32
246 33
247 34
248 33
249 31
250 33
251 34
252 35
253 36
254 33
255 33
256 30
257 33
258 35
259 37
260 35
261 35
262 35
263 35
264 34
265 34
266 32
267 32
268 33
269 33
270 32
271 31
272 31
273 32
274 33
275 34
276 35
277 35
278 33
279 34
280 33
281 33
282 32
283 32
284 33
285 30
286 32
287 32
288 31
289 32
290 29
291 32
292 32
293 34
294 33
295 32
296 33
297 30
298 31
299 32
300 30
301 30
302 32
303 32
304 33
305 34
306 33
307 32
308 32
309 33
310 31
311 32
312 31
313 34
314 31
315 32
316 34
317 34
318 33
319 32
320 32
321 29
322 33
323 32
324 32
325 32
326 31
327 33
328 31
329 29
330 29
331 26
332 30
333 25
334 27
335 29
336 31
337 32
338 34
339 34
340 33
341 35
342 35
343 36
344 33
345 33
346 35
347 35
348 35
349 35
350 34
351 31
352 28
353 30
354 29
355 34
356 33
357 33
358 31
359 32
360 35
361 35
362 35
363 36
364 34
365 32
366 30
367 29
368 29
369 32
370 32
371 34
372 33
373 32
374 31
375 33
376 35
377 30
378 31
379 36
380 35
381 35
382 33
383 34
384 35
385 34
386 35
387 35
388 35
389 37
390 37
391 37
392 38
393 36
394 37
395 35
396 32
397 33
398 33
399 32
400 32
401 34
402 35
403 35
404 35
405 37
406 36
407 33
408 35
409 36
410 35
411 34
412 35
413 33
414 32
415 33
416 31
417 32
418 34
419 33
420 34
421 34
422 32
423 32
424 32
425 32
426 33
427 34
428 30
429 29
430 29
431 31
432 30
433 32
434 32
435 34
436 34
437 35
438 32
439 32
440 31
441 31
442 29
443 30
444 32
445 35
446 37
447 35
448 34
449 30
450 29
451 32
452 34
453 35
454 36
455 38
456 37
457 37
458 34
459 34
460 30
461 31
462 33
463 32
464 32
465 33
466 33
467 34
468 35
469 35
470 34
471 30
472 30
473 31
474 30
475 31
476 30
477 29
478 29
479 31
480 30
481 29
482 29
483 29
484 31
485 34
486 34
487 34
488 33
489 31
490 31
491 32
492 32
493 29
494 30
495 31
496 32
497 34
498 30
499 31
500 31
501 33
502 33
503 36
504 36
505 34
506 33
507 35
508 33
509 32
510 34
511 35
512 30
513 30
514 30
515 32
516 31
517 32
518 33
519 31
520 32
521 33
522 37
523 36
524 35
525 34
526 34
527 36
528 34
529 33
530 33
531 34
532 31
533 34
534 37
535 36
536 30
537 32
538 33
539 28
540 29
541 31
542 30
543 31
544 34
545 36
546 38
547 39
548 36
549 39
550 33
551 34
552 35
553 36
554 33
555 34
556 35
557 35
558 34
559 33
560 33
561 37
562 34
563 33
564 33
565 33
566 29
567 32
568 33
569 31
570 32
571 35
572 35
573 38
574 34
575 35
576 34
577 33
578 34
579 37
580 37
581 37
582 37
583 37
584 38
585 32
586 35
587 36
588 33
589 33
590 34
591 32
592 33
593 30
594 33
595 30
596 31
597 29
598 31
599 31
600 32
601 32
602 33
603 35
604 37
605 35
606 33
607 32
608 34
609 33
610 35
611 35
612 35
613 36
614 35
615 36
616 38
617 38
618 37
619 38
620 38
621 36
622 37
623 38
624 38
625 34
626 35
627 34
628 35
629 35
630 34
631 36
632 36
633 36
634 35
635 34
636 36
637 36
638 37
639 39
640 36
641 37
642 35
643 36
644 35
645 33
646 35
647 33
648 32
649 34
650 33
651 32
652 31
653 31
654 31
655 33
656 34
657 34
658 35
659 35
660 33
661 33
662 34
663 34
664 35
665 36
666 36
667 37
668 36
669 35
670 28
671 30
672 29
673 31
674 33
675 32
676 33
677 34
678 36
679 37
680 35
681 33
682 31
683 30
684 31
685 31
686 31
687 33
688 35
689 36
690 36
691 36
692 32
693 33
694 31
695 34
696 35
697 33
698 33
699 32
700 32
701 30
702 28
703 33
704 33
705 31
706 32
707 32
708 33
709 31
710 32
711 32
712 32
713 32
714 31
715 31
716 36
717 36
718 36
719 35
720 35
721 32
722 34
723 33
724 36
725 32
726 31
727 32
728 34
729 34
730 35
731 32
732 33
733 33
734 35
735 36
736 32
737 35
738 34
739 34
740 36
741 34
742 35
743 35
744 34
745 33
746 33
747 33
748 28
749 29
750 29
751 29
752 32
753 32
754 32
755 34
756 33
757 32
758 32
759 32
760 32
761 31
762 32
763 30
764 31
765 32
766 32
767 35
768 34
769 35
770 35
771 35
772 36
773 36
774 36
775 36
776 35
777 35
778 35
779 36
780 34
781 35
782 35
783 36
784 35
785 35
786 33
787 33
788 31
789 31
790 32
791 31
792 32
793 35
794 35
795 35
796 34
797 36
798 38
799 35
800 35
801 34
802 33
803 32
804 35
805 38
806 33
807 35
808 36
809 36
810 37
811 34
812 32
813 31
814 28
815 31
816 31
817 31
818 29
819 32
820 30
821 31
822 32
823 32
824 33
825 35
826 33
827 25
828 27
829 29
830 30
831 29
832 30
833 29
834 31
835 30
836 32
837 34
838 33
839 35
840 34
841 32
842 34
843 32
844 35
845 33
846 36
847 35
848 35
849 31
850 29
851 33
852 35
853 34
854 34
855 33
856 32
857 34
858 32
859 33
860 34
861 31
862 31
863 32
864 33
865 32
866 32
867 33
868 30
869 30
870 29
871 30
872 31
873 32
874 33
875 34
876 33
877 29
878 30
879 31
880 31
881 33
882 34
883 35
884 35
885 38
886 37
887 38
888 36
889 34
890 29
891 32
892 33
893 31
894 31
895 32
896 32
897 33
898 35
899 33
900 34
901 31
902 32
903 33
904 33
905 31
906 30
907 25
908 26
909 27
910 31
911 32
912 35
913 35
914 35
915 36
916 37
917 35
918 35
919 37
920 38
921 36
922 35
923 33
924 35
925 34
926 36
927 37
928 36
929 34
930 29
931 31
932 29
933 28
934 29
935 33
936 32
937 32
938 33
939 34
940 30
941 30
942 33
943 30
944 31
945 32
946 30
947 30
948 33
949 31
950 29
951 30
952 32
953 32
954 31
955 33
956 33
957 31
958 32
959 29
960 31
961 32
962 34
963 31
964 31
965 32
966 33
967 35
968 37
969 34
970 36
971 37
972 37
973 40
974 40
975 41
976 39
977 35
978 33
979 33
980 33
981 32
982 32
983 31
984 32
985 34
986 34
987 30
988 29
989 31
990 31
991 33
992 35
993 32
994 33
995 33
996 32
997 32
998 32
999 31
1000 33
