0 60
1 38
2 40
3 37
4 39
5 42
6 43
7 39
8 42
9 42
10 43
11 43
12 41
13 38
14 41
15 42
16 39
17 41
18 44
19 36
20 41
21 42
22 42
23 41
24 39
25 43
26 42
27 39
28 42
29 43
30 44
31 42
32 45
33 39
34 44
35 38
36 40
37 42
38 42
39 41
40 42
41 42
42 41
43 40
44 37
45 42
46 43
47 45
48 46
49 42
50 40
51 41
52 40
53 40
54 37
55 39
56 45
57 41
58 46
59 40
60 45
61 43
62 41
63 39
64 40
65 43
66 39
67 41
68 45
69 42
70 38
71 45
72 42
73 39
74 41
75 42
76 42
77 37
78 45
79 43
80 44
81 42
82 40
83 37
84 44
85 43
86 42
87 42
88 38
89 42
90 42
91 45
92 42
93 43
94 42
95 43
96 40
97 42
98 42
99 40
100 41
101 40
102 41
103 42
104 39
105 41
106 40
107 40
108 39
109 43
110 38
111 41
112 40
113 44
114 35
115 43
116 42
117 43
118 44
119 43
120 38
121 42
122 36
123 47
124 40
125 40
126 39
127 41
128 45
129 44
130 44
131 44
132 44
133 43
134 36
135 41
136 36
137 42
138 41
139 43
140 38
141 44
142 41
143 43
144 43
145 44
146 39
147 44
148 34
149 38
150 41
151 35
152 39
153 44
154 39
155 41
156 33
157 44
158 42
159 44
160 43
161 43
162 36
163 44
164 39
165 38
166 43
167 43
168 39
169 45
170 41
171 43
172 41
173 43
174 44
175 45
176 41
177 39
178 43
179 42
180 42
181 38
182 43
183 41
184 44
185 40
186 41
187 41
188 38
189 43
190 39
191 42
192 43
193 44
194 40
195 40
196 44
197 42
198 39
199 42
200 41
201 42
202 40
203 42
204 44
205 45
206 43
207 42
208 43
209 45
210 44
211 44
212 42
213 46
214 38
215 38
216 42
217 45
218 41
219 41
220 41
221 40
222 40
223 40
224 45
225 45
226 42
227 44
228 41
229 36
230 40
231 43
232 40
233 41
234 38
235 39
236 39
237 41
238 41
239 43
240 42
241 43
242 40
243 42
244 42
245 41
246 44
247 41
248 44
249 43
250 39
251 39
252 42
253 40
254 40
255 38
256 39
257 35
258 39
259 39
260 42
261 41
262 45
263 43
264 41
265 39
266 41
267 44
268 43
269 36
270 39
271 37
272 45
273 44
274 37
275 43
276 40
277 42
278 41
279 41
280 42
281 40
282 44
283 41
284 44
285 41
286 43
287 44
288 44
289 43
290 45
291 40
292 38
293 44
294 39
295 44
296 39
297 46
298 41
299 45
300 39
301 37
302 46
303 39
304 37
305 45
306 41
307 38
308 43
309 40
310 43
311 43
312 42
313 43
314 45
315 43
316 41
317 39
318 37
319 40
320 42
321 42
322 42
323 40
324 35
325 42
326 45
327 41
328 39
329 40
330 45
331 41
332 39
333 39
334 37
335 42
336 43
337 45
338 43
339 40
340 42
341 41
342 38
343 42
344 43
345 42
346 39
347 46
348 41
349 43
350 43
351 45
352 44
353 45
354 41
355 43
356 41
357 41
358 41
359 42
360 39
361 40
362 43
363 43
364 38
365 43
366 45
367 39
368 42
369 42
370 38
371 45
372 41
373 42
374 42
375 42
376 42
377 42
378 42
379 41
380 45
381 40
382 44
383 39
384 43
385 43
386 44
387 46
388 40
389 40
390 40
391 41
392 43
393 44
394 41
395 45
396 40
397 40
398 43
399 40
400 37
401 44
402 42
403 43
404 42
405 44
406 44
407 40
408 41
409 44
410 40
411 39
412 38
413 41
414 39
415 44
416 40
417 43
418 42
419 40
420 38
421 44
422 40
423 43
424 39
425 43
426 42
427 45
428 40
429 44
430 45
431 47
432 41
433 44
434 43
435 37
436 41
437 41
438 39
439 40
440 43
441 40
442 44
443 39
444 42
445 38
446 36
447 41
448 41
449 45
450 41
451 45
452 43
453 43
454 44
455 36
456 43
457 44
458 46
459 45
460 40
461 36
462 41
463 43
464 43
465 41
466 39
467 42
468 43
469 40
470 43
471 43
472 42
473 44
474 42
475 37
476 45
477 42
478 44
479 43
480 42
481 42
482 38
483 39
484 43
485 42
486 44
487 45
488 43
489 45
490 43
491 43
492 42
493 40
494 43
495 39
496 40
497 39
498 38
499 40
500 44
501 42
502 44
503 40
504 37
505 40
506 47
507 40
508 43
509 41
510 40
511 41
512 42
513 41
514 40
515 44
516 42
517 38
518 44
519 42
520 46
521 39
522 44
523 46
524 39
525 42
526 42
527 40
528 42
529 41
530 39
531 42
532 46
533 43
534 38
535 40
536 41
537 43
538 45
539 43
540 41
541 44
542 44
543 38
544 42
545 39
546 41
547 46
548 43
549 40
550 36
551 42
552 44
553 37
554 38
555 35
556 38
557 44
558 42
559 39
560 43
561 37
562 44
563 42
564 40
565 44
566 42
567 40
568 39
569 42
570 41
571 42
572 42
573 39
574 41
575 44
576 40
577 42
578 43
579 41
580 41
581 44
582 42
583 42
584 42
585 41
586 36
587 36
588 40
589 42
590 37
591 41
592 38
593 44
594 41
595 42
596 43
597 42
598 39
599 39
600 41
601 43
602 42
603 44
604 43
605 43
606 44
607 43
608 43
609 43
610 42
611 42
612 44
613 42
614 42
615 41
616 41
617 43
618 45
619 39
620 41
621 40
622 41
623 39
624 44
625 41
626 39
627 41
628 39
629 48
630 38
631 40
632 41
633 46
634 40
635 36
636 39
637 44
638 46
639 41
640 45
641 33
642 42
643 41
644 45
645 40
646 46
647 43
648 40
649 42
650 42
651 39
652 43
653 40
654 42
655 36
656 45
657 43
658 43
659 44
660 42
661 36
662 47
663 44
664 37
665 44
666 44
667 46
668 40
669 43
670 43
671 45
672 39
673 41
674 42
675 43
676 39
677 40
678 39
679 41
680 40
681 46
682 43
683 42
684 40
685 41
686 42
687 46
688 40
689 41
690 43
691 44
692 42
693 44
694 44
695 40
696 41
697 44
698 42
699 43
700 33
701 43
702 40
703 39
704 39
705 42
706 44
707 41
708 43
709 42
710 43
711 40
712 40
713 40
714 39
715 44
716 43
717 43
718 37
719 41
720 41
721 45
722 40
723 38
724 43
725 43
726 43
727 45
728 41
729 35
730 37
731 41
732 44
733 39
734 40
735 45
736 40
737 40
738 40
739 39
740 43
741 42
742 42
743 42
744 38
745 43
746 44
747 43
748 43
749 36
750 41
751 41
752 38
753 44
754 41
755 44
756 42
757 44
758 46
759 42
760 42
761 42
762 45
763 41
764 41
765 43
766 43
767 42
768 44
769 42
770 41
771 43
772 36
773 38
774 39
775 43
776 38
777 45
778 41
779 40
780 41
781 44
782 42
783 39
784 42
785 41
786 39
787 42
788 36
789 41
790 42
791 42
792 42
793 37
794 44
795 43
796 43
797 41
798 43
799 39
800 41
801 42
802 42
803 44
804 41
805 43
806 43
807 44
808 41
809 39
810 41
811 43
812 42
813 41
814 39
815 42
816 37
817 39
818 43
819 43
820 40
821 43
822 43
823 40
824 48
825 45
826 41
827 42
828 46
829 40
830 40
831 45
832 39
833 41
834 44
835 42
836 45
837 45
838 41
839 45
840 43
841 40
842 42
843 37
844 41
845 40
846 42
847 34
848 43
849 42
850 43
851 43
852 42
853 44
854 43
855 43
856 43
857 39
858 42
859 42
860 42
861 32
862 42
863 40
864 38
865 46
866 44
867 39
868 43
869 46
870 46
871 43
872 40
873 40
874 41
875 38
876 42
877 46
878 36
879 45
880 37
881 42
882 36
883 42
884 36
885 39
886 46
887 44
888 43
889 44
890 40
891 41
892 41
893 40
894 41
895 40
896 35
897 44
898 41
899 46
900 37
901 43
902 43
903 46
904 38
905 46
906 43
907 42
908 35
909 44
910 38
911 40
912 40
913 42
914 39
915 42
916 44
917 41
918 46
919 40
920 48
921 40
922 44
923 46
924 43
925 40
926 39
927 43
928 41
929 41
930 38
931 45
932 42
933 45
934 49
935 42
936 36
937 42
938 38
939 41
940 39
941 46
942 44
943 43
944 37
945 42
946 44
947 40
948 41
949 44
950 42
951 42
952 45
953 44
954 38
955 39
956 36
957 42
958 39
959 40
960 40
961 41
962 45
963 42
964 44
965 41
966 44
967 45
968 41
969 44
970 43
971 42
972 42
973 41
974 39
975 43
976 37
977 43
978 44
979 45
980 41
981 43
982 40
983 40
984 42
985 37
986 43
987 42
988 42
989 44
990 43
991 39
992 39
993 43
994 43
995 42
996 43
997 43
998 44
999 46
1000 45
