0 65
1 50
2 47
3 49
4 48
5 46
6 48
7 50
8 51
9 53
10 42
11 45
12 47
13 47
14 43
15 47
16 48
17 49
18 46
19 49
20 46
21 47
22 46
23 48
24 44
25 44
26 46
27 46
28 39
29 48
30 46
31 41
32 44
33 45
34 49
35 48
36 45
37 44
38 45
39 44
40 51
41 48
42 45
43 39
44 46
45 47
46 47
47 50
48 45
49 50
50 48
51 43
52 49
53 43
54 45
55 42
56 47
57 48
58 49
59 49
60 42
61 47
62 47
63 44
64 46
65 49
66 47
67 43
68 46
69 47
70 46
71 45
72 48
73 48
74 47
75 44
76 48
77 49
78 43
79 51
80 50
81 51
82 51
83 49
84 49
85 53
86 45
87 43
88 42
89 49
90 45
91 46
92 47
93 45
94 43
95 48
96 43
97 45
98 45
99 49
100 48
101 41
102 45
103 45
104 47
105 45
106 49
107 49
108 49
109 43
110 44
111 48
112 46
113 50
114 49
115 47
116 49
117 48
118 47
119 49
120 45
121 48
122 50
123 49
124 47
125 45
126 47
127 45
128 48
129 46
130 50
131 49
132 47
133 52
134 47
135 45
136 42
137 45
138 49
139 50
140 43
141 44
142 48
143 45
144 46
145 45
146 46
147 42
148 48
149 43
150 50
151 48
152 45
153 48
154 49
155 50
156 45
157 48
158 46
159 47
160 43
161 48
162 47
163 47
164 48
165 42
166 49
167 49
168 43
169 49
170 49
171 48
172 46
173 46
174 48
175 48
176 48
177 45
178 44
179 43
180 49
181 44
182 48
183 48
184 44
185 46
186 51
187 45
188 45
189 47
190 46
191 44
192 51
193 50
194 50
195 51
196 47
197 40
198 46
199 47
200 46
201 46
202 46
203 48
204 44
205 47
206 47
207 45
208 44
209 41
210 45
211 46
212 44
213 43
214 44
215 46
216 50
217 45
218 48
219 46
220 48
221 52
222 47
223 45
224 40
225 46
226 44
227 46
228 48
229 46
230 41
231 42
232 50
233 46
234 45
235 45
236 48
237 52
238 49
239 50
240 49
241 47
242 45
243 48
244 46
245 44
246 41
247 45
248 45
249 44
250 42
251 49
252 44
253 45
254 44
255 43
256 43
257 43
258 48
259 52
260 46
261 46
262 49
263 49
264 46
265 45
266 46
267 54
268 44
269 47
270 48
271 47
272 46
273 46
274 49
275 48
276 48
277 48
278 47
279 44
280 44
281 48
282 48
283 45
284 40
285 47
286 47
287 47
288 39
289 44
290 46
291 44
292 45
293 43
294 51
295 45
296 48
297 49
298 46
299 41
300 43
301 48
302 47
303 46
304 41
305 47
306 45
307 45
308 44
309 43
310 48
311 45
312 44
313 48
314 49
315 49
316 51
317 48
318 44
319 49
320 48
321 45
322 47
323 43
324 43
325 43
326 46
327 46
328 48
329 47
330 42
331 52
332 43
333 46
334 46
335 46
336 43
337 41
338 42
339 47
340 43
341 45
342 45
343 47
344 53
345 50
346 46
347 44
348 44
349 45
350 49
351 49
352 47
353 52
354 46
355 43
356 44
357 46
358 49
359 49
360 46
361 45
362 48
363 49
364 48
365 42
366 46
367 43
368 46
369 50
370 45
371 46
372 45
373 41
374 47
375 48
376 51
377 40
378 36
379 46
380 47
381 48
382 46
383 43
384 46
385 47
386 47
387 47
388 50
389 40
390 44
391 45
392 46
393 43
394 48
395 51
396 50
397 48
398 44
399 43
400 48
401 47
402 49
403 46
404 40
405 53
406 52
407 48
408 49
409 45
410 45
411 45
412 43
413 42
414 46
415 45
416 43
417 44
418 44
419 45
420 43
421 44
422 47
423 46
424 47
425 45
426 44
427 42
428 43
429 45
430 44
431 49
432 44
433 46
434 44
435 46
436 51
437 44
438 49
439 47
440 48
441 46
442 38
443 46
444 46
445 47
446 49
447 49
448 46
449 38
450 47
451 43
452 44
453 40
454 39
455 40
456 42
457 43
458 41
459 40
460 46
461 51
462 41
463 44
464 44
465 47
466 44
467 48
468 48
469 48
470 49
471 48
472 47
473 50
474 47
475 45
476 45
477 48
478 49
479 45
480 46
481 46
482 50
483 50
484 37
485 45
486 45
487 46
488 48
489 49
490 50
491 51
492 50
493 44
494 47
495 48
496 47
497 45
498 47
499 52
500 49
501 48
502 41
503 47
504 49
505 46
506 44
507 49
508 48
509 44
510 46
511 45
512 41
513 49
514 49
515 51
516 47
517 47
518 44
519 43
520 46
521 45
522 47
523 45
524 47
525 47
526 40
527 47
528 46
529 45
530 47
531 44
532 43
533 44
534 47
535 41
536 46
537 46
538 51
539 48
540 44
541 43
542 44
543 51
544 50
545 45
546 48
547 50
548 45
549 43
550 45
551 48
552 51
553 47
554 47
555 46
556 50
557 45
558 42
559 43
560 45
561 44
562 44
563 45
564 45
565 48
566 45
567 48
568 49
569 42
570 42
571 41
572 47
573 53
574 45
575 46
576 44
577 47
578 46
579 44
580 49
581 45
582 46
583 47
584 43
585 43
586 46
587 45
588 48
589 46
590 43
591 43
592 46
593 41
594 47
595 40
596 50
597 42
598 51
599 52
600 46
601 46
602 48
603 44
604 47
605 48
606 46
607 47
608 45
609 51
610 50
611 44
612 48
613 41
614 47
615 48
616 46
617 46
618 45
619 43
620 43
621 51
622 51
623 50
624 42
625 44
626 46
627 47
628 48
629 49
630 49
631 43
632 45
633 47
634 51
635 47
636 49
637 47
638 50
639 49
640 45
641 46
642 48
643 42
644 49
645 44
646 44
647 49
648 49
649 47
650 46
651 48
652 46
653 47
654 46
655 46
656 42
657 42
658 42
659 42
660 44
661 44
662 47
663 47
664 46
665 46
666 46
667 47
668 44
669 47
670 45
671 40
672 45
673 45
674 42
675 48
676 47
677 49
678 43
679 42
680 47
681 43
682 46
683 48
684 45
685 45
686 50
687 51
688 51
689 43
690 48
691 42
692 46
693 44
694 45
695 45
696 46
697 46
698 43
699 44
700 47
701 43
702 49
703 50
704 47
705 41
706 45
707 48
708 52
709 50
710 44
711 47
712 49
713 49
714 50
715 46
716 45
717 48
718 46
719 47
720 46
721 43
722 49
723 50
724 48
725 46
726 44
727 42
728 45
729 48
730 50
731 45
732 51
733 47
734 49
735 46
736 47
737 49
738 51
739 47
740 41
741 40
742 45
743 43
744 45
745 47
746 51
747 46
748 48
749 43
750 48
751 46
752 40
753 46
754 51
755 46
756 43
757 46
758 45
759 49
760 53
761 47
762 43
763 42
764 39
765 43
766 45
767 46
768 43
769 43
770 43
771 46
772 43
773 45
774 51
775 45
776 43
777 47
778 48
779 44
780 46
781 47
782 46
783 49
784 46
785 46
786 50
787 49
788 47
789 46
790 47
791 49
792 46
793 47
794 45
795 46
796 47
797 48
798 51
799 51
800 44
801 49
802 48
803 42
804 46
805 47
806 47
807 48
808 50
809 45
810 50
811 47
812 48
813 47
814 43
815 46
816 42
817 50
818 42
819 46
820 43
821 44
822 44
823 44
824 43
825 46
826 44
827 40
828 47
829 45
830 49
831 46
832 47
833 46
834 49
835 46
836 45
837 44
838 48
839 52
840 46
841 45
842 48
843 48
844 46
845 46
846 50
847 44
848 46
849 45
850 47
851 49
852 47
853 45
854 49
855 47
856 48
857 50
858 50
859 46
860 45
861 45
862 42
863 47
864 49
865 47
866 50
867 50
868 45
869 42
870 50
871 46
872 45
873 48
874 49
875 48
876 43
877 46
878 49
879 50
880 45
881 40
882 50
883 49
884 51
885 48
886 50
887 51
888 48
889 45
890 46
891 45
892 47
893 44
894 46
895 48
896 52
897 44
898 45
899 47
900 51
901 46
902 48
903 47
904 50
905 47
906 43
907 44
908 45
909 46
910 49
911 47
912 49
913 45
914 51
915 50
916 48
917 48
918 47
919 44
920 47
921 43
922 41
923 43
924 41
925 43
926 42
927 41
928 40
929 49
930 47
931 45
932 48
933 48
934 51
935 43
936 47
937 47
938 50
939 47
940 44
941 41
942 45
943 51
944 46
945 47
946 47
947 47
948 47
949 47
950 46
951 48
952 45
953 46
954 44
955 44
956 47
957 44
958 47
959 44
960 49
961 44
962 46
963 52
964 52
965 47
966 48
967 42
968 48
969 47
970 51
971 50
972 48
973 47
974 46
975 44
976 48
977 47
978 46
979 42
980 43
981 49
982 54
983 53
984 50
985 47
986 47
987 47
988 47
989 47
990 52
991 44
992 42
993 47
994 48
995 46
996 48
997 49
998 46
999 44
1000 48
