0 60
1 56
2 50
3 46
4 42
5 41
6 38
7 36
8 36
9 35
10 31
11 29
12 28
13 27
14 28
15 28
16 28
17 28
18 29
19 28
20 28
21 27
22 27
23 23
24 23
25 25
26 27
27 30
28 29
29 28
30 27
31 28
32 29
33 29
34 29
35 29
36 28
37 26
38 25
39 24
40 25
41 27
42 26
43 26
44 25
45 26
46 25
47 25
48 26
49 26
50 24
51 25
52 26
53 27
54 29
55 31
56 31
57 31
58 31
59 31
60 32
61 30
62 30
63 30
64 29
65 29
66 29
67 29
68 29
69 29
70 29
71 29
72 30
73 30
74 31
75 31
76 32
77 31
78 31
79 31
80 29
81 30
82 30
83 30
84 30
85 31
86 30
87 33
88 34
89 33
90 32
91 33
92 32
93 32
94 32
95 31
96 31
97 31
98 33
99 31
100 32
101 33
102 32
103 28
104 27
105 28
106 30
107 31
108 30
109 27
110 29
111 30
112 31
113 32
114 31
115 32
116 33
117 31
118 32
119 30
120 31
121 31
122 29
123 29
124 29
125 28
126 28
127 29
128 30
129 30
130 30
131 30
132 30
133 31
134 30
135 30
136 29
137 27
138 27
139 26
140 28
141 28
142 28
143 27
144 29
145 28
146 28
147 27
148 27
149 26
150 26
151 25
152 26
153 29
154 29
155 30
156 32
157 32
158 31
159 30
160 30
161 30
162 30
163 29
164 30
165 31
166 28
167 28
168 27
169 29
170 31
171 29
172 31
173 31
174 31
175 29
176 28
177 29
178 27
179 28
180 28
181 27
182 26
183 28
184 29
185 28
186 27
187 26
188 27
189 29
190 28
191 29
192 29
193 30
194 30
195 30
196 29
197 29
198 28
199 27
200 27
201 29
202 29
203 26
204 26
205 22
206 21
207 22
208 23
209 23
210 24
211 27
212 28
213 29
214 27
215 28
216 31
217 33
218 31
219 31
220 30
221 30
222 29
223 30
224 29
225 30
226 31
227 30
228 29
229 30
230 30
231 30
232 31
233 30
234 30
235 30
236 30
237 30
238 29
239 28
240 28
241 28
242 27
243 27
244 27
245 29
246 30
247 30
248 30
249 31
250 30
251 30
252 31
253 32
254 32
255 32
256 33
257 31
258 29
259 29
260 29
261 28
262 28
263 29
264 30
265 27
266 29
267 30
268 30
269 29
270 28
271 28
272 27
273 28
274 26
275 26
276 26
277 27
278 25
279 22
280 21
281 23
282 24
283 25
284 23
285 26
286 27
287 27
288 28
289 28
290 28
291 27
292 28
293 26
294 25
295 23
296 24
297 24
298 25
299 25
300 25
301 26
302 26
303 25
304 25
305 25
306 25
307 25
308 27
309 27
310 27
311 25
312 24
313 27
314 27
315 28
316 28
317 27
318 30
319 29
320 29
321 27
322 27
323 27
324 28
325 28
326 28
327 30
328 31
329 30
330 29
331 31
332 32
333 34
334 35
335 36
336 35
337 34
338 32
339 32
340 29
341 30
342 27
343 28
344 29
345 30
346 31
347 31
348 32
349 32
350 31
351 30
352 32
353 31
354 31
355 30
356 29
357 30
358 30
359 31
360 32
361 33
362 34
363 35
364 31
365 30
366 30
367 28
368 28
369 28
370 28
371 26
372 24
373 24
374 24
375 23
376 25
377 26
378 27
379 29
380 31
381 29
382 28
383 27
384 27
385 29
386 27
387 31
388 31
389 30
390 31
391 30
392 30
393 28
394 29
395 30
396 31
397 32
398 33
399 30
400 30
401 29
402 29
403 30
404 30
405 30
406 31
407 31
408 28
409 29
410 29
411 28
412 28
413 30
414 30
415 28
416 29
417 28
418 28
419 28
420 29
421 27
422 26
423 26
424 27
425 27
426 27
427 27
428 26
429 27
430 29
431 27
432 25
433 24
434 24
435 23
436 23
437 25
438 23
439 24
440 26
441 25
442 25
443 26
444 26
445 24
446 24
447 26
448 26
449 25
450 26
451 27
452 28
453 25
454 24
455 25
456 26
457 27
458 26
459 26
460 25
461 26
462 27
463 26
464 27
465 26
466 27
467 28
468 28
469 26
470 28
471 30
472 30
473 30
474 29
475 28
476 26
477 28
478 28
479 26
480 26
481 26
482 29
483 29
484 28
485 29
486 27
487 30
488 28
489 30
490 32
491 34
492 34
493 34
494 36
495 35
496 33
497 32
498 31
499 31
500 30
501 29
502 28
503 25
504 28
505 29
506 30
507 29
508 28
509 28
510 28
511 29
512 30
513 30
514 31
515 30
516 29
517 28
518 28
519 29
520 29
521 29
522 28
523 27
524 28
525 26
526 27
527 28
528 27
529 29
530 29
531 29
532 29
533 29
534 29
535 31
536 32
537 32
538 32
539 33
540 33
541 31
542 29
543 27
544 29
545 29
546 30
547 30
548 30
549 31
550 29
551 29
552 27
553 27
554 29
555 28
556 29
557 29
558 28
559 26
560 23
561 24
562 25
563 25
564 25
565 25
566 25
567 26
568 25
569 25
570 27
571 27
572 27
573 28
574 28
575 29
576 28
577 29
578 31
579 32
580 31
581 30
582 29
583 27
584 27
585 27
586 27
587 26
588 26
589 26
590 27
591 29
592 30
593 30
594 30
595 28
596 30
597 31
598 32
599 32
600 32
601 33
602 34
603 34
604 34
605 35
606 33
607 32
608 31
609 30
610 32
611 34
612 33
613 32
614 31
615 31
616 31
617 31
618 33
619 33
620 35
621 35
622 32
623 32
624 32
625 32
626 31
627 31
628 31
629 30
630 29
631 29
632 31
633 32
634 32
635 33
636 34
637 32
638 34
639 32
640 32
641 32
642 32
643 32
644 30
645 30
646 28
647 29
648 27
649 29
650 30
651 29
652 31
653 30
654 32
655 33
656 32
657 33
658 33
659 32
660 33
661 34
662 33
663 33
664 32
665 32
666 32
667 32
668 32
669 31
670 32
671 32
672 30
673 29
674 30
675 30
676 30
677 30
678 28
679 27
680 29
681 27
682 27
683 28
684 28
685 28
686 30
687 30
688 30
689 31
690 31
691 31
692 32
693 30
694 30
695 30
696 29
697 28
698 27
699 28
700 28
701 28
702 28
703 29
704 31
705 30
706 29
707 29
708 28
709 30
710 30
711 30
712 30
713 28
714 29
715 31
716 31
717 31
718 30
719 28
720 28
721 28
722 26
723 29
724 29
725 29
726 28
727 30
728 28
729 29
730 32
731 32
732 32
733 29
734 30
735 31
736 28
737 28
738 28
739 29
740 31
741 29
742 29
743 32
744 34
745 34
746 34
747 33
748 34
749 32
750 32
751 32
752 32
753 31
754 31
755 31
756 31
757 30
758 30
759 29
760 31
761 30
762 29
763 29
764 29
765 30
766 29
767 26
768 22
769 24
770 27
771 27
772 27
773 27
774 28
775 26
776 27
777 28
778 27
779 29
780 26
781 27
782 31
783 31
784 29
785 30
786 31
787 30
788 29
789 28
790 29
791 29
792 26
793 29
794 29
795 31
796 33
797 33
798 34
799 35
800 34
801 33
802 33
803 32
804 33
805 31
806 31
807 34
808 35
809 31
810 32
811 33
812 32
813 32
814 32
815 31
816 32
817 33
818 30
819 28
820 29
821 30
822 31
823 32
824 31
825 29
826 29
827 29
828 29
829 27
830 28
831 28
832 30
833 30
834 28
835 29
836 30
837 30
838 30
839 30
840 29
841 31
842 32
843 29
844 30
845 28
846 29
847 31
848 33
849 35
850 35
851 33
852 34
853 35
854 34
855 33
856 33
857 31
858 31
859 32
860 32
861 29
862 28
863 30
864 29
865 26
866 27
867 27
868 28
869 29
870 28
871 29
872 30
873 29
874 27
875 28
876 27
877 30
878 29
879 30
880 28
881 29
882 27
883 28
884 27
885 28
886 31
887 30
888 31
889 31
890 31
891 31
892 31
893 31
894 30
895 26
896 28
897 29
898 28
899 28
900 29
901 30
902 31
903 30
904 29
905 30
906 31
907 30
908 29
909 29
910 28
911 29
912 28
913 27
914 26
915 25
916 23
917 24
918 26
919 28
920 29
921 28
922 27
923 29
924 30
925 30
926 29
927 29
928 28
929 28
930 29
931 30
932 29
933 31
934 32
935 29
936 30
937 29
938 27
939 28
940 26
941 25
942 26
943 28
944 28
945 27
946 29
947 28
948 28
949 28
950 30
951 30
952 30
953 30
954 31
955 31
956 32
957 32
958 31
959 30
960 29
961 28
962 26
963 26
964 27
965 27
966 27
967 28
968 27
969 23
970 22
971 25
972 25
973 27
974 26
975 28
976 27
977 26
978 27
979 28
980 29
981 31
982 31
983 30
984 31
985 29
986 29
987 29
988 30
989 30
990 31
991 31
992 30
993 29
994 28
995 28
996 28
997 30
998 31
999 31
1000 31
