0 50
1 49
2 48
3 47
4 45
5 45
6 44
7 44
8 43
9 43
10 41
11 39
12 38
13 36
14 35
15 34
16 32
17 32
18 31
19 30
20 29
21 26
22 25
23 24
24 23
25 22
26 21
27 21
28 20
29 20
30 20
31 20
32 20
33 20
34 19
35 19
36 18
37 18
38 17
39 17
40 17
41 17
42 17
43 17
44 15
45 15
46 14
47 14
48 14
49 13
50 13
51 13
52 12
53 12
54 12
55 12
56 12
57 12
58 11
59 11
60 11
61 10
62 10
63 10
64 10
65 9
66 9
67 9
68 9
69 9
70 10
71 9
72 9
73 10
74 9
75 8
76 8
77 7
78 7
79 7
80 7
81 7
82 7
83 7
84 7
85 7
86 7
87 6
88 6
89 6
90 6
91 6
92 6
93 6
94 6
95 6
96 6
97 6
98 6
99 6
100 6
101 6
102 6
103 6
104 6
105 6
106 5
107 5
108 5
109 5
110 5
111 5
112 5
113 5
114 5
115 5
116 5
117 4
118 4
119 4
120 4
121 3
122 3
123 3
124 3
125 3
126 3
127 3
128 3
129 3
130 3
131 3
132 3
133 3
134 2
135 1
136 1
137 0
138 0
139 0
140 1
141 1
142 1
143 1
144 1
145 1
146 0
147 1
148 1
149 1
150 1
151 1
152 1
153 1
154 1
155 1
156 1
157 1
158 2
159 2
160 2
161 3
162 4
163 4
164 4
165 4
166 3
167 3
168 3
169 3
170 3
171 3
172 3
173 4
174 4
175 4
176 4
177 5
178 5
179 5
180 5
181 6
182 6
183 6
184 7
185 7
186 7
187 7
188 8
189 8
190 8
191 8
192 8
193 8
194 7
195 7
196 6
197 6
198 6
199 6
200 6
201 5
202 5
203 5
204 5
205 5
206 4
207 4
208 3
209 3
210 3
211 3
212 3
213 3
214 3
215 3
216 3
217 3
218 3
219 3
220 3
221 3
222 3
223 4
224 5
225 5
226 5
227 5
228 5
229 5
230 5
231 5
232 5
233 5
234 5
235 5
236 5
237 5
238 5
239 5
240 4
241 4
242 3
243 3
244 4
245 4
246 4
247 4
248 4
249 4
250 4
251 4
252 4
253 4
254 4
255 4
256 4
257 4
258 4
259 4
260 4
261 4
262 4
263 4
264 3
265 3
266 3
267 3
268 3
269 3
270 3
271 2
272 3
273 3
274 3
275 3
276 3
277 3
278 3
279 3
280 3
281 3
282 3
283 3
284 3
285 3
286 3
287 3
288 3
289 3
290 3
291 3
292 3
293 3
294 3
295 3
296 3
297 3
298 3
299 3
300 3
301 3
302 3
303 3
304 3
305 3
306 3
307 3
308 3
309 3
310 3
311 2
312 2
313 2
314 2
315 2
316 2
317 2
318 2
319 2
320 2
321 2
322 2
323 2
324 2
325 3
326 3
327 3
328 3
329 3
330 3
331 4
332 4
333 4
334 4
335 4
336 4
337 5
338 5
339 5
340 5
341 4
342 4
343 4
344 3
345 3
346 3
347 3
348 3
349 3
350 3
351 3
352 3
353 3
354 3
355 4
356 4
357 4
358 4
359 4
360 4
361 4
362 5
363 6
364 6
365 6
366 5
367 5
368 5
369 5
370 5
371 5
372 6
373 6
374 6
375 5
376 5
377 5
378 5
379 6
380 6
381 5
382 5
383 5
384 5
385 5
386 5
387 5
388 5
389 5
390 5
391 5
392 5
393 5
394 5
395 5
396 5
397 4
398 4
399 4
400 4
401 4
402 4
403 4
404 4
405 4
406 4
407 4
408 3
409 3
410 4
411 4
412 5
413 5
414 5
415 5
416 5
417 5
418 5
419 5
420 5
421 6
422 7
423 7
424 7
425 7
426 7
427 7
428 7
429 7
430 7
431 7
432 6
433 6
434 6
435 6
436 6
437 7
438 8
439 7
440 8
441 8
442 7
443 7
444 7
445 7
446 7
447 7
448 8
449 8
450 8
451 8
452 8
453 7
454 7
455 7
456 7
457 7
458 7
459 6
460 6
461 6
462 7
463 6
464 6
465 6
466 6
467 6
468 6
469 7
470 7
471 7
472 7
473 7
474 7
475 6
476 6
477 6
478 6
479 6
480 6
481 6
482 6
483 6
484 6
485 6
486 6
487 6
488 6
489 5
490 5
491 6
492 7
493 6
494 5
495 5
496 5
497 5
498 5
499 5
500 5
501 5
502 6
503 6
504 6
505 6
506 6
507 6
508 6
509 6
510 5
511 5
512 5
513 5
514 6
515 6
516 6
517 6
518 6
519 6
520 6
521 7
522 7
523 7
524 7
525 6
526 5
527 5
528 4
529 4
530 4
531 4
532 4
533 4
534 3
535 3
536 3
537 3
538 4
539 4
540 4
541 4
542 4
543 4
544 3
545 3
546 3
547 3
548 3
549 2
550 2
551 2
552 2
553 2
554 2
555 2
556 2
557 2
558 3
559 3
560 3
561 3
562 3
563 3
564 3
565 3
566 3
567 3
568 3
569 3
570 3
571 3
572 3
573 3
574 3
575 3
576 3
577 3
578 3
579 3
580 3
581 3
582 3
583 3
584 3
585 3
586 3
587 3
588 4
589 4
590 4
591 4
592 4
593 4
594 4
595 4
596 4
597 4
598 4
599 4
600 4
601 5
602 5
603 5
604 5
605 5
606 5
607 5
608 4
609 4
610 4
611 4
612 4
613 4
614 4
615 4
616 4
617 4
618 5
619 5
620 5
621 5
622 6
623 6
624 6
625 7
626 7
627 6
628 5
629 5
630 5
631 5
632 5
633 5
634 5
635 5
636 6
637 6
638 6
639 6
640 6
641 6
642 6
643 6
644 7
645 7
646 7
647 7
648 7
649 7
650 6
651 6
652 6
653 6
654 6
655 6
656 6
657 6
658 6
659 6
660 5
661 5
662 5
663 5
664 5
665 5
666 5
667 5
668 6
669 6
670 6
671 7
672 7
673 8
674 8
675 8
676 8
677 8
678 7
679 7
680 7
681 7
682 7
683 7
684 7
685 8
686 8
687 8
688 8
689 8
690 8
691 8
692 7
693 7
694 7
695 7
696 6
697 6
698 6
699 6
700 6
701 6
702 5
703 5
704 5
705 5
706 5
707 5
708 5
709 4
710 4
711 4
712 5
713 4
714 5
715 5
716 5
717 5
718 5
719 5
720 5
721 4
722 4
723 6
724 6
725 6
726 7
727 6
728 7
729 7
730 7
731 7
732 7
733 7
734 7
735 7
736 7
737 7
738 7
739 7
740 6
741 6
742 5
743 5
744 5
745 5
746 5
747 5
748 5
749 5
750 5
751 5
752 5
753 5
754 5
755 5
756 5
757 5
758 5
759 5
760 5
761 5
762 5
763 5
764 5
765 5
766 6
767 6
768 6
769 6
770 6
771 6
772 7
773 6
774 5
775 5
776 4
777 4
778 4
779 4
780 4
781 4
782 4
783 4
784 4
785 4
786 4
787 4
788 4
789 3
790 3
791 3
792 3
793 4
794 3
795 3
796 3
797 3
798 3
799 4
800 3
801 4
802 4
803 5
804 5
805 5
806 5
807 4
808 4
809 4
810 4
811 4
812 5
813 6
814 7
815 7
816 7
817 7
818 8
819 8
820 8
821 8
822 7
823 7
824 7
825 7
826 7
827 7
828 7
829 7
830 7
831 7
832 7
833 7
834 7
835 7
836 7
837 7
838 7
839 7
840 7
841 7
842 7
843 7
844 7
845 8
846 8
847 9
848 9
849 9
850 9
851 9
852 9
853 9
854 9
855 10
856 10
857 10
858 10
859 10
860 10
861 8
862 8
863 8
864 8
865 7
866 7
867 7
868 7
869 7
870 7
871 7
872 7
873 6
874 7
875 8
876 8
877 8
878 8
879 8
880 8
881 8
882 8
883 8
884 8
885 7
886 7
887 7
888 7
889 7
890 7
891 7
892 7
893 6
894 6
895 6
896 6
897 6
898 5
899 5
900 5
901 5
902 5
903 4
904 4
905 4
906 4
907 4
908 4
909 4
910 4
911 4
912 4
913 4
914 4
915 4
916 4
917 4
918 3
919 3
920 4
921 3
922 3
923 3
924 3
925 3
926 2
927 2
928 2
929 2
930 2
931 2
932 2
933 2
934 2
935 2
936 2
937 2
938 2
939 3
940 4
941 3
942 3
943 3
944 3
945 3
946 3
947 2
948 4
949 4
950 4
951 3
952 2
953 2
954 2
955 3
956 3
957 3
958 4
959 4
960 4
961 4
962 4
963 3
964 3
965 3
966 3
967 3
968 3
969 3
970 3
971 4
972 4
973 4
974 4
975 4
976 4
977 4
978 5
979 5
980 5
981 5
982 5
983 5
984 4
985 4
986 4
987 4
988 4
989 4
990 4
991 3
992 3
993 3
994 3
995 4
996 4
997 2
998 3
999 3
1000 3
