0 65
1 63
2 61
3 56
4 55
5 52
6 51
7 49
8 48
9 45
10 44
11 42
12 42
13 41
14 40
15 39
16 38
17 37
18 37
19 36
20 35
21 35
22 31
23 31
24 30
25 29
26 29
27 28
28 27
29 27
30 26
31 26
32 25
33 24
34 23
35 23
36 22
37 22
38 21
39 21
40 21
41 21
42 21
43 20
44 19
45 19
46 18
47 18
48 18
49 18
50 17
51 16
52 16
53 16
54 16
55 15
56 15
57 15
58 15
59 15
60 14
61 14
62 14
63 14
64 13
65 12
66 11
67 11
68 11
69 11
70 11
71 11
72 11
73 11
74 12
75 10
76 8
77 8
78 8
79 8
80 8
81 8
82 8
83 8
84 7
85 7
86 6
87 5
88 6
89 7
90 7
91 8
92 7
93 7
94 7
95 7
96 8
97 9
98 9
99 9
100 9
101 9
102 8
103 8
104 10
105 10
106 9
107 9
108 9
109 8
110 9
111 9
112 9
113 8
114 8
115 8
116 7
117 7
118 7
119 7
120 7
121 7
122 7
123 7
124 7
125 7
126 7
127 8
128 8
129 9
130 9
131 9
132 9
133 8
134 8
135 8
136 7
137 7
138 8
139 8
140 10
141 11
142 11
143 12
144 12
145 12
146 12
147 12
148 12
149 12
150 11
151 11
152 10
153 10
154 10
155 10
156 10
157 11
158 11
159 10
160 9
161 9
162 9
163 9
164 9
165 9
166 9
167 10
168 10
169 10
170 10
171 11
172 11
173 11
174 11
175 11
176 10
177 10
178 10
179 10
180 10
181 10
182 10
183 10
184 10
185 10
186 9
187 9
188 9
189 9
190 9
191 9
192 8
193 8
194 8
195 8
196 9
197 9
198 10
199 9
200 8
201 8
202 9
203 9
204 10
205 10
206 9
207 9
208 9
209 9
210 8
211 7
212 7
213 7
214 7
215 8
216 8
217 8
218 9
219 9
220 9
221 10
222 9
223 9
224 10
225 11
226 12
227 12
228 12
229 12
230 11
231 11
232 10
233 10
234 10
235 10
236 10
237 9
238 9
239 8
240 7
241 7
242 7
243 7
244 7
245 7
246 8
247 8
248 7
249 7
250 7
251 7
252 7
253 6
254 6
255 5
256 5
257 5
258 6
259 7
260 7
261 7
262 8
263 8
264 8
265 9
266 10
267 11
268 11
269 11
270 11
271 12
272 13
273 14
274 14
275 14
276 13
277 13
278 13
279 13
280 13
281 14
282 14
283 15
284 15
285 15
286 15
287 15
288 14
289 14
290 12
291 12
292 12
293 12
294 11
295 12
296 12
297 11
298 11
299 11
300 11
301 11
302 11
303 11
304 11
305 10
306 10
307 10
308 10
309 10
310 10
311 10
312 10
313 10
314 11
315 11
316 11
317 11
318 11
319 11
320 11
321 11
322 11
323 11
324 11
325 11
326 11
327 11
328 11
329 11
330 11
331 10
332 10
333 10
334 10
335 10
336 9
337 9
338 10
339 10
340 10
341 10
342 10
343 9
344 9
345 9
346 9
347 9
348 9
349 9
350 9
351 10
352 9
353 9
354 9
355 9
356 9
357 9
358 10
359 10
360 10
361 9
362 9
363 9
364 8
365 8
366 8
367 9
368 10
369 9
370 9
371 9
372 9
373 8
374 8
375 9
376 9
377 9
378 7
379 7
380 7
381 7
382 7
383 7
384 7
385 8
386 8
387 9
388 9
389 9
390 9
391 9
392 9
393 9
394 10
395 9
396 9
397 9
398 9
399 9
400 9
401 9
402 9
403 9
404 10
405 11
406 11
407 11
408 10
409 11
410 10
411 10
412 10
413 10
414 10
415 10
416 9
417 9
418 7
419 7
420 5
421 5
422 5
423 5
424 5
425 5
426 5
427 5
428 5
429 5
430 6
431 6
432 7
433 7
434 7
435 7
436 7
437 7
438 7
439 8
440 8
441 8
442 8
443 8
444 9
445 9
446 10
447 10
448 10
449 10
450 11
451 12
452 12
453 12
454 12
455 10
456 10
457 9
458 9
459 9
460 10
461 9
462 9
463 9
464 9
465 9
466 9
467 9
468 9
469 8
470 8
471 9
472 9
473 9
474 8
475 8
476 9
477 9
478 8
479 7
480 8
481 8
482 8
483 8
484 9
485 9
486 8
487 9
488 9
489 10
490 10
491 10
492 10
493 10
494 10
495 10
496 10
497 10
498 10
499 10
500 11
501 11
502 11
503 11
504 11
505 12
506 12
507 12
508 12
509 12
510 12
511 12
512 11
513 11
514 11
515 12
516 12
517 11
518 10
519 10
520 10
521 9
522 9
523 10
524 10
525 10
526 10
527 10
528 10
529 10
530 10
531 11
532 11
533 11
534 11
535 11
536 11
537 11
538 10
539 11
540 11
541 10
542 9
543 9
544 9
545 9
546 8
547 8
548 8
549 8
550 8
551 8
552 8
553 7
554 7
555 7
556 6
557 6
558 6
559 6
560 6
561 6
562 6
563 6
564 5
565 5
566 5
567 5
568 6
569 6
570 6
571 6
572 6
573 6
574 6
575 6
576 6
577 7
578 7
579 8
580 9
581 10
582 10
583 10
584 11
585 11
586 11
587 11
588 11
589 11
590 11
591 11
592 11
593 11
594 10
595 10
596 11
597 11
598 11
599 12
600 12
601 12
602 11
603 11
604 11
605 11
606 11
607 11
608 11
609 11
610 11
611 11
612 11
613 11
614 11
615 11
616 11
617 11
618 12
619 12
620 12
621 12
622 12
623 12
624 12
625 12
626 12
627 12
628 12
629 12
630 12
631 12
632 11
633 11
634 10
635 10
636 8
637 8
638 7
639 7
640 7
641 7
642 7
643 7
644 7
645 6
646 6
647 6
648 6
649 6
650 6
651 6
652 6
653 6
654 6
655 7
656 7
657 7
658 7
659 7
660 8
661 8
662 8
663 7
664 7
665 7
666 7
667 8
668 9
669 9
670 10
671 10
672 10
673 9
674 9
675 9
676 9
677 9
678 8
679 9
680 9
681 10
682 10
683 10
684 10
685 10
686 9
687 9
688 9
689 10
690 9
691 10
692 10
693 10
694 9
695 9
696 9
697 6
698 6
699 6
700 5
701 5
702 5
703 4
704 4
705 4
706 4
707 4
708 4
709 4
710 4
711 5
712 5
713 4
714 5
715 5
716 5
717 5
718 5
719 5
720 5
721 5
722 5
723 5
724 5
725 5
726 6
727 5
728 5
729 6
730 6
731 6
732 6
733 7
734 7
735 7
736 7
737 7
738 7
739 7
740 7
741 7
742 7
743 8
744 8
745 8
746 7
747 7
748 8
749 9
750 9
751 9
752 9
753 9
754 9
755 8
756 8
757 8
758 8
759 9
760 9
761 9
762 9
763 9
764 9
765 9
766 7
767 7
768 7
769 7
770 7
771 7
772 7
773 7
774 7
775 7
776 7
777 7
778 7
779 7
780 7
781 7
782 8
783 7
784 7
785 7
786 7
787 7
788 7
789 7
790 7
791 7
792 6
793 6
794 6
795 6
796 6
797 6
798 5
799 6
800 6
801 6
802 5
803 5
804 5
805 5
806 5
807 5
808 5
809 5
810 5
811 5
812 6
813 6
814 6
815 6
816 6
817 6
818 6
819 7
820 8
821 8
822 8
823 8
824 8
825 8
826 7
827 7
828 7
829 8
830 7
831 8
832 8
833 8
834 9
835 8
836 8
837 9
838 9
839 9
840 10
841 11
842 11
843 11
844 11
845 10
846 10
847 10
848 10
849 9
850 9
851 9
852 9
853 8
854 8
855 8
856 8
857 8
858 8
859 8
860 8
861 9
862 9
863 8
864 8
865 7
866 7
867 8
868 8
869 8
870 8
871 8
872 8
873 8
874 9
875 9
876 9
877 8
878 8
879 8
880 8
881 8
882 8
883 9
884 8
885 8
886 8
887 8
888 8
889 8
890 6
891 5
892 6
893 7
894 7
895 7
896 7
897 7
898 7
899 7
900 8
901 9
902 9
903 10
904 10
905 10
906 10
907 10
908 10
909 10
910 8
911 9
912 9
913 9
914 7
915 7
916 8
917 8
918 8
919 9
920 9
921 10
922 10
923 10
924 10
925 10
926 10
927 10
928 10
929 10
930 10
931 9
932 10
933 10
934 10
935 11
936 12
937 12
938 12
939 12
940 13
941 13
942 13
943 13
944 13
945 13
946 14
947 14
948 14
949 15
950 16
951 17
952 17
953 16
954 15
955 15
956 16
957 16
958 16
959 17
960 16
961 15
962 14
963 14
964 14
965 14
966 13
967 13
968 14
969 13
970 13
971 13
972 14
973 14
974 14
975 14
976 14
977 14
978 13
979 12
980 10
981 10
982 10
983 11
984 11
985 11
986 11
987 11
988 10
989 10
990 9
991 9
992 9
993 9
994 9
995 9
996 9
997 9
998 9
999 9
1000 9
