0 10
1 6
2 8
3 6
4 4
5 5
6 5
7 7
8 7
9 7
10 5
11 6
12 3
13 5
14 6
15 6
16 6
17 6
18 5
19 6
20 5
21 6
22 6
23 6
24 3
25 5
26 6
27 6
28 6
29 6
30 6
31 6
32 7
33 5
34 5
35 7
36 7
37 7
38 6
39 7
40 6
41 7
42 5
43 6
44 6
45 3
46 4
47 5
48 7
49 7
50 6
51 5
52 5
53 5
54 6
55 7
56 7
57 7
58 6
59 5
60 6
61 6
62 7
63 5
64 5
65 4
66 5
67 7
68 6
69 5
70 5
71 7
72 6
73 7
74 5
75 6
76 6
77 7
78 3
79 6
80 6
81 6
82 7
83 4
84 5
85 7
86 6
87 3
88 4
89 6
90 7
91 6
92 7
93 6
94 4
95 4
96 6
97 6
98 6
99 5
100 5
101 6
102 2
103 7
104 5
105 6
106 6
107 7
108 7
109 7
110 6
111 6
112 6
113 6
114 6
115 4
116 5
117 5
118 4
119 5
120 7
121 4
122 7
123 5
124 6
125 7
126 6
127 6
128 4
129 5
130 4
131 4
132 6
133 6
134 5
135 5
136 5
137 6
138 4
139 6
140 6
141 6
142 7
143 3
144 6
145 6
146 6
147 6
148 6
149 6
150 6
151 5
152 7
153 4
154 7
155 6
156 4
157 5
158 6
159 6
160 6
161 4
162 7
163 6
164 6
165 5
166 6
167 5
168 6
169 6
170 4
171 6
172 6
173 6
174 6
175 3
176 5
177 5
178 6
179 5
180 6
181 4
182 6
183 5
184 6
185 5
186 6
187 5
188 5
189 4
190 5
191 7
192 6
193 7
194 5
195 7
196 5
197 4
198 6
199 5
200 6
201 4
202 4
203 4
204 5
205 5
206 6
207 6
208 7
209 6
210 6
211 6
212 5
213 6
214 5
215 5
216 6
217 3
218 6
219 7
220 6
221 5
222 6
223 7
224 5
225 7
226 6
227 6
228 6
229 5
230 8
231 6
232 6
233 6
234 6
235 5
236 7
237 6
238 5
239 6
240 7
241 4
242 7
243 6
244 6
245 7
246 6
247 5
248 5
249 4
250 6
251 6
252 4
253 5
254 7
255 5
256 5
257 5
258 3
259 3
260 7
261 7
262 7
263 6
264 6
265 5
266 5
267 6
268 7
269 6
270 5
271 5
272 6
273 5
274 5
275 5
276 7
277 4
278 6
279 6
280 5
281 6
282 7
283 7
284 5
285 5
286 5
287 7
288 5
289 6
290 5
291 6
292 6
293 3
294 6
295 5
296 5
297 5
298 7
299 5
300 6
301 3
302 7
303 5
304 6
305 6
306 8
307 7
308 6
309 6
310 6
311 6
312 3
313 7
314 6
315 6
316 6
317 8
318 7
319 5
320 6
321 7
322 5
323 6
324 6
325 7
326 4
327 4
328 5
329 6
330 4
331 6
332 7
333 5
334 5
335 6
336 6
337 4
338 7
339 4
340 6
341 6
342 5
343 5
344 6
345 4
346 5
347 6
348 6
349 6
350 7
351 5
352 5
353 4
354 5
355 8
356 6
357 7
358 4
359 7
360 7
361 7
362 7
363 6
364 6
365 5
366 6
367 6
368 6
369 6
370 4
371 7
372 6
373 6
374 7
375 4
376 7
377 6
378 6
379 4
380 6
381 6
382 6
383 6
384 3
385 3
386 7
387 6
388 6
389 5
390 3
391 6
392 5
393 6
394 4
395 5
396 5
397 6
398 7
399 5
400 5
401 5
402 7
403 6
404 5
405 4
406 4
407 6
408 4
409 6
410 6
411 5
412 6
413 6
414 6
415 5
416 4
417 5
418 7
419 5
420 6
421 6
422 6
423 6
424 5
425 7
426 6
427 7
428 5
429 6
430 7
431 5
432 6
433 8
434 6
435 5
436 4
437 7
438 8
439 7
440 7
441 6
442 6
443 5
444 5
445 7
446 5
447 5
448 6
449 4
450 5
451 7
452 5
453 7
454 7
455 5
456 7
457 6
458 4
459 7
460 5
461 6
462 5
463 3
464 6
465 6
466 7
467 4
468 5
469 5
470 6
471 5
472 6
473 6
474 4
475 5
476 7
477 4
478 6
479 4
480 7
481 6
482 6
483 5
484 5
485 6
486 6
487 6
488 6
489 7
490 6
491 5
492 7
493 5
494 7
495 7
496 5
497 4
498 6
499 6
500 7
501 4
502 4
503 7
504 4
505 5
506 6
507 6
508 2
509 6
510 5
511 7
512 6
513 7
514 6
515 5
516 6
517 6
518 8
519 5
520 7
521 7
522 6
523 7
524 6
525 6
526 6
527 6
528 7
529 6
530 5
531 5
532 5
533 7
534 4
535 6
536 6
537 6
538 5
539 6
540 6
541 5
542 6
543 7
544 4
545 3
546 6
547 6
548 7
549 5
550 6
551 5
552 4
553 7
554 6
555 6
556 5
557 5
558 6
559 6
560 7
561 7
562 6
563 6
564 6
565 5
566 5
567 6
568 6
569 7
570 5
571 7
572 6
573 7
574 2
575 7
576 5
577 6
578 6
579 5
580 7
581 6
582 5
583 4
584 7
585 7
586 6
587 7
588 6
589 6
590 8
591 6
592 6
593 7
594 4
595 7
596 6
597 6
598 7
599 6
600 4
601 7
602 6
603 5
604 6
605 7
606 5
607 7
608 7
609 6
610 4
611 6
612 3
613 5
614 7
615 6
616 6
617 6
618 6
619 5
620 7
621 6
622 8
623 6
624 5
625 6
626 6
627 7
628 6
629 6
630 6
631 5
632 6
633 6
634 7
635 7
636 7
637 6
638 6
639 4
640 6
641 4
642 6
643 7
644 6
645 7
646 6
647 5
648 6
649 6
650 7
651 6
652 6
653 6
654 7
655 7
656 5
657 5
658 4
659 4
660 5
661 7
662 8
663 4
664 5
665 7
666 5
667 4
668 6
669 5
670 5
671 2
672 7
673 6
674 6
675 5
676 7
677 6
678 7
679 6
680 6
681 5
682 7
683 6
684 7
685 6
686 5
687 7
688 3
689 6
690 5
691 6
692 7
693 6
694 8
695 5
696 5
697 9
698 5
699 5
700 5
701 3
702 6
703 5
704 5
705 7
706 6
707 6
708 5
709 6
710 5
711 8
712 6
713 4
714 6
715 6
716 5
717 6
718 6
719 5
720 6
721 7
722 4
723 5
724 5
725 7
726 6
727 4
728 5
729 7
730 5
731 6
732 5
733 6
734 5
735 7
736 5
737 5
738 6
739 6
740 6
741 8
742 5
743 7
744 5
745 6
746 5
747 6
748 4
749 6
750 5
751 7
752 5
753 6
754 5
755 7
756 5
757 6
758 5
759 6
760 6
761 6
762 4
763 4
764 5
765 6
766 6
767 5
768 6
769 7
770 6
771 4
772 5
773 6
774 7
775 6
776 6
777 6
778 6
779 5
780 7
781 6
782 7
783 6
784 5
785 5
786 4
787 5
788 5
789 5
790 5
791 7
792 4
793 6
794 6
795 5
796 6
797 5
798 6
799 5
800 6
801 8
802 7
803 3
804 6
805 6
806 6
807 7
808 6
809 6
810 5
811 6
812 6
813 5
814 5
815 6
816 4
817 4
818 5
819 6
820 6
821 5
822 6
823 5
824 6
825 7
826 7
827 5
828 6
829 7
830 5
831 6
832 6
833 6
834 5
835 4
836 7
837 5
838 7
839 7
840 6
841 5
842 6
843 4
844 4
845 6
846 7
847 7
848 5
849 3
850 5
851 6
852 4
853 6
854 5
855 5
856 7
857 6
858 6
859 5
860 5
861 7
862 5
863 6
864 5
865 6
866 5
867 6
868 6
869 7
870 7
871 6
872 6
873 5
874 6
875 5
876 5
877 4
878 5
879 6
880 6
881 8
882 7
883 7
884 4
885 5
886 5
887 2
888 7
889 7
890 5
891 5
892 4
893 6
894 6
895 6
896 7
897 7
898 6
899 7
900 6
901 5
902 5
903 4
904 8
905 6
906 3
907 4
908 5
909 6
910 6
911 7
912 5
913 3
914 5
915 5
916 7
917 6
918 6
919 6
920 5
921 6
922 5
923 7
924 6
925 4
926 6
927 7
928 6
929 6
930 3
931 5
932 4
933 6
934 5
935 6
936 6
937 6
938 6
939 4
940 5
941 7
942 6
943 5
944 5
945 7
946 3
947 5
948 6
949 4
950 6
951 5
952 5
953 7
954 5
955 5
956 5
957 6
958 6
959 7
960 6
961 6
962 5
963 7
964 7
965 6
966 5
967 5
968 5
969 6
970 4
971 6
972 6
973 4
974 6
975 6
976 7
977 5
978 6
979 3
980 4
981 6
982 6
983 6
984 6
985 5
986 7
987 6
988 5
989 6
990 5
991 6
992 6
993 7
994 7
995 4
996 7
997 6
998 7
999 3
1000 5
