0 35
1 26
2 24
3 26
4 26
5 21
6 23
7 20
8 21
9 26
10 27
11 26
12 22
13 27
14 22
15 23
16 20
17 30
18 23
19 24
20 26
21 27
22 25
23 21
24 20
25 24
26 25
27 24
28 27
29 25
30 24
31 27
32 22
33 26
34 25
35 25
36 23
37 22
38 24
39 26
40 22
41 23
42 21
43 22
44 23
45 25
46 31
47 27
48 25
49 21
50 27
51 23
52 25
53 29
54 25
55 24
56 23
57 25
58 28
59 26
60 26
61 22
62 27
63 28
64 27
65 28
66 27
67 22
68 22
69 24
70 25
71 24
72 26
73 25
74 24
75 28
76 29
77 24
78 24
79 22
80 23
81 23
82 22
83 26
84 24
85 21
86 24
87 23
88 23
89 25
90 28
91 24
92 27
93 28
94 26
95 24
96 25
97 25
98 23
99 26
100 25
101 27
102 22
103 24
104 22
105 25
106 23
107 27
108 23
109 27
110 25
111 23
112 25
113 26
114 24
115 24
116 23
117 24
118 23
119 21
120 20
121 23
122 22
123 23
124 23
125 24
126 24
127 19
128 24
129 20
130 24
131 26
132 21
133 21
134 25
135 21
136 24
137 26
138 24
139 24
140 28
141 27
142 25
143 24
144 26
145 26
146 25
147 27
148 20
149 26
150 22
151 22
152 20
153 27
154 21
155 24
156 25
157 27
158 25
159 25
160 24
161 26
162 25
163 23
164 26
165 22
166 22
167 24
168 26
169 23
170 27
171 29
172 25
173 25
174 24
175 27
176 28
177 28
178 30
179 25
180 25
181 23
182 22
183 22
184 24
185 22
186 23
187 28
188 24
189 24
190 21
191 24
192 25
193 27
194 23
195 23
196 25
197 24
198 27
199 27
200 26
201 27
202 23
203 23
204 28
205 23
206 23
207 22
208 25
209 24
210 25
211 26
212 24
213 25
214 25
215 26
216 26
217 27
218 26
219 24
220 24
221 23
222 27
223 21
224 20
225 27
226 25
227 27
228 23
229 24
230 26
231 25
232 24
233 25
234 27
235 26
236 24
237 31
238 27
239 26
240 21
241 24
242 27
243 25
244 29
245 24
246 25
247 24
248 23
249 23
250 21
251 24
252 27
253 19
254 24
255 24
256 21
257 22
258 26
259 19
260 25
261 24
262 24
263 24
264 22
265 24
266 24
267 25
268 27
269 20
270 21
271 24
272 25
273 25
274 23
275 26
276 24
277 26
278 22
279 23
280 23
281 19
282 22
283 24
284 26
285 24
286 23
287 25
288 23
289 21
290 21
291 26
292 23
293 23
294 27
295 24
296 23
297 24
298 24
299 23
300 25
301 24
302 25
303 25
304 23
305 23
306 21
307 23
308 28
309 23
310 28
311 27
312 24
313 25
314 24
315 25
316 25
317 24
318 23
319 25
320 20
321 24
322 22
323 25
324 23
325 25
326 25
327 24
328 23
329 26
330 26
331 25
332 23
333 23
334 23
335 25
336 24
337 24
338 25
339 24
340 28
341 22
342 23
343 22
344 27
345 22
346 26
347 26
348 25
349 25
350 24
351 25
352 28
353 23
354 22
355 27
356 27
357 26
358 26
359 22
360 25
361 25
362 26
363 24
364 26
365 27
366 23
367 24
368 26
369 28
370 28
371 25
372 25
373 21
374 27
375 22
376 24
377 24
378 23
379 20
380 21
381 22
382 23
383 24
384 26
385 22
386 24
387 18
388 23
389 26
390 22
391 26
392 24
393 25
394 22
395 26
396 24
397 27
398 27
399 25
400 23
401 25
402 24
403 23
404 26
405 26
406 24
407 25
408 23
409 23
410 21
411 25
412 25
413 24
414 25
415 25
416 26
417 25
418 22
419 25
420 24
421 25
422 25
423 23
424 23
425 27
426 22
427 28
428 28
429 26
430 26
431 26
432 28
433 28
434 23
435 27
436 27
437 26
438 23
439 23
440 23
441 25
442 24
443 24
444 24
445 27
446 26
447 21
448 26
449 26
450 24
451 21
452 20
453 24
454 22
455 25
456 25
457 26
458 26
459 25
460 25
461 26
462 24
463 27
464 24
465 24
466 23
467 24
468 21
469 25
470 26
471 26
472 24
473 25
474 26
475 26
476 26
477 26
478 26
479 26
480 29
481 24
482 21
483 22
484 22
485 26
486 25
487 22
488 22
489 24
490 25
491 22
492 19
493 26
494 23
495 25
496 25
497 27
498 26
499 20
500 18
501 25
502 22
503 25
504 22
505 23
506 22
507 26
508 26
509 26
510 23
511 28
512 22
513 20
514 23
515 24
516 25
517 26
518 23
519 21
520 25
521 25
522 27
523 27
524 24
525 27
526 25
527 25
528 26
529 23
530 24
531 26
532 25
533 29
534 27
535 28
536 26
537 28
538 24
539 21
540 22
541 21
542 22
543 25
544 24
545 24
546 25
547 26
548 26
549 27
550 29
551 27
552 26
553 24
554 23
555 22
556 22
557 26
558 27
559 25
560 23
561 25
562 30
563 30
564 24
565 20
566 25
567 23
568 29
569 25
570 24
571 26
572 28
573 27
574 23
575 24
576 29
577 27
578 29
579 25
580 26
581 23
582 26
583 25
584 25
585 21
586 20
587 21
588 25
589 24
590 26
591 21
592 20
593 20
594 22
595 21
596 26
597 26
598 25
599 26
600 24
601 24
602 28
603 29
604 24
605 20
606 24
607 28
608 28
609 26
610 28
611 26
612 26
613 25
614 23
615 25
616 22
617 23
618 24
619 22
620 24
621 27
622 26
623 22
624 20
625 23
626 24
627 25
628 26
629 28
630 23
631 25
632 23
633 25
634 21
635 20
636 21
637 24
638 21
639 27
640 25
641 21
642 27
643 22
644 24
645 27
646 23
647 20
648 25
649 27
650 25
651 24
652 26
653 23
654 29
655 25
656 27
657 26
658 23
659 25
660 20
661 23
662 25
663 27
664 23
665 27
666 29
667 28
668 28
669 23
670 25
671 24
672 23
673 24
674 24
675 26
676 21
677 20
678 18
679 26
680 23
681 22
682 25
683 25
684 25
685 22
686 26
687 23
688 26
689 25
690 19
691 25
692 25
693 23
694 25
695 23
696 21
697 25
698 23
699 27
700 26
701 25
702 24
703 25
704 24
705 22
706 21
707 22
708 25
709 27
710 27
711 23
712 20
713 21
714 23
715 25
716 26
717 27
718 26
719 27
720 24
721 23
722 26
723 29
724 26
725 27
726 23
727 27
728 25
729 22
730 24
731 23
732 25
733 27
734 26
735 23
736 23
737 25
738 29
739 26
740 27
741 21
742 22
743 27
744 22
745 25
746 27
747 27
748 25
749 28
750 26
751 29
752 27
753 29
754 25
755 26
756 25
757 26
758 27
759 28
760 27
761 26
762 21
763 24
764 25
765 20
766 23
767 28
768 22
769 23
770 25
771 25
772 24
773 24
774 21
775 21
776 25
777 24
778 28
779 26
780 23
781 22
782 20
783 26
784 25
785 25
786 24
787 25
788 26
789 24
790 21
791 26
792 26
793 27
794 24
795 24
796 27
797 31
798 26
799 22
800 25
801 29
802 24
803 20
804 25
805 24
806 26
807 23
808 25
809 27
810 28
811 22
812 23
813 22
814 27
815 27
816 23
817 26
818 22
819 28
820 23
821 24
822 24
823 24
824 26
825 28
826 24
827 28
828 25
829 25
830 25
831 20
832 24
833 17
834 24
835 26
836 23
837 23
838 23
839 21
840 26
841 24
842 23
843 26
844 22
845 21
846 23
847 29
848 27
849 25
850 24
851 24
852 27
853 25
854 28
855 21
856 21
857 24
858 23
859 25
860 27
861 27
862 25
863 28
864 26
865 32
866 27
867 22
868 22
869 24
870 24
871 24
872 17
873 23
874 25
875 24
876 24
877 21
878 20
879 20
880 27
881 23
882 22
883 26
884 27
885 28
886 22
887 29
888 24
889 24
890 27
891 26
892 28
893 24
894 25
895 27
896 25
897 24
898 29
899 24
900 26
901 24
902 24
903 25
904 25
905 23
906 23
907 24
908 23
909 18
910 23
911 22
912 26
913 26
914 26
915 27
916 28
917 23
918 24
919 27
920 25
921 23
922 25
923 26
924 28
925 25
926 23
927 23
928 23
929 23
930 24
931 21
932 22
933 22
934 26
935 24
936 25
937 27
938 27
939 24
940 22
941 22
942 26
943 23
944 21
945 22
946 25
947 23
948 24
949 23
950 24
951 25
952 20
953 25
954 22
955 23
956 25
957 23
958 25
959 23
960 25
961 26
962 25
963 26
964 26
965 25
966 24
967 23
968 26
969 27
970 27
971 25
972 25
973 24
974 22
975 24
976 25
977 24
978 26
979 21
980 23
981 25
982 22
983 28
984 26
985 27
986 22
987 26
988 24
989 25
990 23
991 24
992 22
993 27
994 27
995 22
996 27
997 24
998 24
999 19
1000 27
