0 45
1 38
2 33
3 30
4 29
5 29
6 29
7 27
8 27
9 25
10 24
11 22
12 22
13 23
14 24
15 26
16 23
17 23
18 24
19 23
20 24
21 25
22 26
23 26
24 28
25 26
26 25
27 26
28 20
29 23
30 24
31 23
32 22
33 23
34 25
35 25
36 27
37 28
38 29
39 30
40 30
41 29
42 30
43 27
44 26
45 26
46 26
47 24
48 26
49 24
50 26
51 28
52 27
53 27
54 27
55 27
56 27
57 27
58 25
59 24
60 23
61 27
62 26
63 28
64 23
65 22
66 23
67 24
68 24
69 25
70 27
71 27
72 28
73 27
74 26
75 28
76 26
77 24
78 24
79 24
80 25
81 25
82 24
83 27
84 26
85 28
86 30
87 30
88 25
89 24
90 21
91 21
92 24
93 25
94 26
95 26
96 26
97 28
98 29
99 25
100 25
101 25
102 24
103 25
104 25
105 26
106 27
107 27
108 26
109 28
110 26
111 25
112 26
113 26
114 26
115 29
116 26
117 25
118 24
119 25
120 27
121 27
122 29
123 25
124 24
125 24
126 23
127 25
128 25
129 24
130 25
131 25
132 26
133 26
134 24
135 28
136 26
137 28
138 28
139 26
140 24
141 25
142 26
143 28
144 25
145 24
146 25
147 22
148 23
149 20
150 21
151 23
152 19
153 21
154 22
155 26
156 25
157 27
158 29
159 27
160 28
161 25
162 25
163 25
164 25
165 27
166 25
167 24
168 25
169 26
170 26
171 28
172 27
173 28
174 25
175 25
176 21
177 24
178 25
179 25
180 22
181 24
182 25
183 27
184 25
185 26
186 25
187 23
188 24
189 24
190 22
191 24
192 22
193 27
194 25
195 25
196 26
197 28
198 28
199 27
200 23
201 26
202 27
203 24
204 23
205 24
206 23
207 24
208 26
209 25
210 23
211 22
212 25
213 24
214 27
215 27
216 27
217 24
218 26
219 25
220 25
221 22
222 22
223 25
224 23
225 23
226 19
227 22
228 23
229 25
230 24
231 21
232 22
233 23
234 22
235 24
236 23
237 22
238 22
239 22
240 25
241 26
242 25
243 26
244 26
245 26
246 28
247 27
248 26
249 26
250 27
251 26
252 25
253 25
254 25
255 26
256 25
257 25
258 25
259 27
260 26
261 24
262 22
263 18
264 15
265 18
266 21
267 22
268 23
269 22
270 24
271 26
272 23
273 23
274 21
275 23
276 25
277 25
278 25
279 26
280 26
281 27
282 28
283 26
284 26
285 25
286 25
287 23
288 23
289 24
290 23
291 25
292 24
293 24
294 22
295 22
296 22
297 23
298 22
299 27
300 25
301 26
302 27
303 28
304 28
305 26
306 25
307 27
308 29
309 28
310 27
311 28
312 29
313 29
314 27
315 27
316 26
317 26
318 27
319 26
320 22
321 22
322 24
323 24
324 23
325 26
326 26
327 26
328 27
329 28
330 24
331 25
332 26
333 25
334 26
335 24
336 23
337 22
338 23
339 22
340 24
341 25
342 21
343 23
344 25
345 25
346 25
347 26
348 24
349 25
350 25
351 28
352 26
353 26
354 25
355 25
356 27
357 27
358 26
359 25
360 27
361 27
362 28
363 28
364 27
365 23
366 23
367 24
368 24
369 25
370 24
371 20
372 22
373 21
374 22
375 24
376 23
377 24
378 23
379 25
380 25
381 27
382 24
383 23
384 24
385 26
386 24
387 25
388 26
389 26
390 28
391 24
392 26
393 26
394 27
395 28
396 27
397 22
398 23
399 25
400 24
401 24
402 21
403 21
404 22
405 24
406 24
407 23
408 24
409 21
410 23
411 24
412 19
413 21
414 23
415 25
416 24
417 22
418 24
419 22
420 24
421 22
422 24
423 23
424 22
425 23
426 26
427 27
428 26
429 27
430 29
431 28
432 28
433 26
434 26
435 21
436 24
437 24
438 24
439 25
440 25
441 24
442 27
443 26
444 27
445 25
446 23
447 22
448 24
449 23
450 27
451 30
452 26
453 26
454 26
455 26
456 26
457 25
458 24
459 21
460 23
461 23
462 23
463 26
464 26
465 24
466 21
467 24
468 26
469 23
470 22
471 22
472 23
473 24
474 24
475 26
476 24
477 25
478 23
479 25
480 26
481 27
482 24
483 26
484 28
485 28
486 25
487 26
488 25
489 26
490 27
491 27
492 27
493 27
494 25
495 24
496 26
497 27
498 27
499 27
500 24
501 25
502 26
503 25
504 26
505 26
506 28
507 26
508 23
509 24
510 23
511 23
512 23
513 25
514 23
515 25
516 24
517 24
518 25
519 27
520 25
521 26
522 25
523 26
524 22
525 23
526 22
527 23
528 25
529 25
530 25
531 24
532 25
533 23
534 24
535 22
536 25
537 24
538 24
539 24
540 23
541 25
542 25
543 26
544 27
545 26
546 25
547 24
548 25
549 24
550 25
551 24
552 25
553 21
554 23
555 23
556 22
557 23
558 23
559 24
560 24
561 25
562 19
563 24
564 26
565 27
566 28
567 27
568 24
569 26
570 25
571 25
572 25
573 26
574 25
575 24
576 23
577 25
578 27
579 29
580 30
581 28
582 25
583 21
584 21
585 23
586 24
587 24
588 25
589 26
590 26
591 27
592 26
593 24
594 25
595 23
596 24
597 25
598 25
599 25
600 23
601 24
602 23
603 23
604 24
605 24
606 25
607 25
608 28
609 27
610 25
611 24
612 25
613 27
614 25
615 24
616 22
617 23
618 22
619 22
620 22
621 24
622 23
623 23
624 25
625 27
626 24
627 26
628 25
629 22
630 24
631 25
632 22
633 25
634 25
635 26
636 24
637 23
638 23
639 25
640 24
641 24
642 23
643 25
644 23
645 24
646 25
647 25
648 27
649 24
650 27
651 24
652 26
653 26
654 27
655 22
656 25
657 26
658 24
659 26
660 26
661 27
662 26
663 25
664 25
665 25
666 25
667 26
668 25
669 23
670 22
671 21
672 22
673 24
674 24
675 23
676 22
677 30
678 29
679 26
680 24
681 26
682 23
683 23
684 23
685 24
686 22
687 25
688 26
689 27
690 28
691 25
692 21
693 19
694 20
695 23
696 22
697 22
698 23
699 27
700 26
701 24
702 23
703 25
704 24
705 26
706 27
707 26
708 24
709 23
710 23
711 24
712 26
713 25
714 23
715 23
716 23
717 25
718 21
719 23
720 23
721 22
722 21
723 25
724 25
725 24
726 24
727 25
728 24
729 23
730 25
731 26
732 26
733 23
734 25
735 25
736 23
737 23
738 23
739 23
740 22
741 24
742 23
743 23
744 24
745 23
746 21
747 21
748 21
749 20
750 19
751 19
752 23
753 23
754 24
755 25
756 24
757 24
758 24
759 25
760 24
761 24
762 26
763 27
764 27
765 26
766 24
767 26
768 25
769 25
770 27
771 27
772 26
773 27
774 25
775 27
776 28
777 24
778 26
779 26
780 27
781 27
782 27
783 29
784 25
785 24
786 24
787 27
788 28
789 28
790 25
791 25
792 25
793 25
794 25
795 26
796 23
797 24
798 23
799 22
800 24
801 24
802 25
803 26
804 25
805 25
806 26
807 27
808 24
809 22
810 24
811 22
812 20
813 20
814 23
815 24
816 25
817 26
818 25
819 25
820 22
821 24
822 20
823 21
824 25
825 27
826 27
827 27
828 25
829 26
830 24
831 24
832 25
833 27
834 27
835 24
836 24
837 26
838 22
839 24
840 26
841 25
842 27
843 27
844 27
845 28
846 26
847 23
848 24
849 25
850 27
851 24
852 27
853 22
854 24
855 21
856 23
857 23
858 24
859 25
860 27
861 27
862 25
863 22
864 25
865 26
866 27
867 26
868 28
869 26
870 26
871 25
872 26
873 26
874 26
875 27
876 26
877 25
878 20
879 22
880 22
881 24
882 22
883 22
884 23
885 24
886 26
887 27
888 27
889 25
890 25
891 26
892 24
893 24
894 24
895 25
896 26
897 25
898 24
899 22
900 21
901 22
902 22
903 24
904 25
905 25
906 26
907 27
908 27
909 27
910 26
911 27
912 26
913 27
914 26
915 27
916 27
917 27
918 28
919 29
920 28
921 26
922 27
923 27
924 26
925 25
926 25
927 25
928 24
929 23
930 21
931 24
932 27
933 25
934 25
935 24
936 27
937 27
938 31
939 28
940 29
941 27
942 27
943 27
944 27
945 29
946 31
947 29
948 29
949 26
950 25
951 26
952 25
953 24
954 23
955 23
956 24
957 27
958 25
959 26
960 28
961 27
962 27
963 27
964 23
965 23
966 26
967 28
968 28
969 23
970 23
971 22
972 20
973 23
974 20
975 23
976 23
977 22
978 24
979 25
980 24
981 25
982 23
983 24
984 25
985 24
986 25
987 26
988 21
989 22
990 27
991 26
992 26
993 26
994 25
995 23
996 23
997 23
998 26
999 27
1000 28
