0 45
1 43
2 42
3 40
4 39
5 39
6 39
7 38
8 37
9 35
10 34
11 32
12 32
13 32
14 32
15 31
16 27
17 26
18 26
19 26
20 25
21 25
22 26
23 26
24 26
25 25
26 25
27 25
28 25
29 25
30 25
31 25
32 26
33 26
34 26
35 26
36 26
37 26
38 27
39 27
40 26
41 25
42 25
43 26
44 26
45 26
46 26
47 27
48 27
49 26
50 26
51 26
52 26
53 25
54 25
55 26
56 26
57 26
58 26
59 25
60 25
61 25
62 24
63 24
64 24
65 25
66 24
67 25
68 25
69 25
70 24
71 23
72 23
73 22
74 23
75 24
76 24
77 24
78 23
79 25
80 25
81 25
82 24
83 24
84 24
85 24
86 23
87 23
88 23
89 23
90 24
91 25
92 24
93 24
94 24
95 23
96 24
97 24
98 24
99 24
100 24
101 24
102 24
103 24
104 23
105 23
106 21
107 22
108 21
109 22
110 21
111 20
112 21
113 22
114 23
115 23
116 24
117 24
118 24
119 24
120 24
121 24
122 24
123 24
124 25
125 25
126 25
127 25
128 25
129 25
130 24
131 23
132 24
133 24
134 24
135 24
136 24
137 24
138 24
139 23
140 24
141 24
142 23
143 24
144 24
145 25
146 25
147 25
148 25
149 25
150 25
151 25
152 24
153 24
154 24
155 25
156 25
157 25
158 25
159 26
160 26
161 24
162 25
163 26
164 26
165 26
166 25
167 25
168 26
169 24
170 23
171 22
172 22
173 22
174 21
175 21
176 21
177 21
178 21
179 21
180 21
181 21
182 21
183 22
184 23
185 23
186 23
187 23
188 24
189 24
190 24
191 24
192 26
193 26
194 26
195 27
196 27
197 27
198 27
199 27
200 26
201 26
202 25
203 25
204 25
205 25
206 25
207 26
208 26
209 25
210 24
211 23
212 23
213 24
214 24
215 25
216 26
217 26
218 26
219 26
220 26
221 26
222 26
223 26
224 25
225 26
226 26
227 26
228 25
229 24
230 24
231 23
232 24
233 24
234 24
235 24
236 25
237 24
238 25
239 26
240 26
241 26
242 27
243 27
244 27
245 27
246 27
247 27
248 27
249 29
250 28
251 27
252 27
253 26
254 25
255 24
256 25
257 25
258 25
259 25
260 25
261 25
262 25
263 25
264 25
265 26
266 25
267 26
268 25
269 26
270 26
271 27
272 26
273 26
274 26
275 26
276 26
277 25
278 25
279 25
280 25
281 25
282 24
283 24
284 23
285 24
286 25
287 25
288 25
289 26
290 26
291 25
292 25
293 25
294 26
295 26
296 26
297 26
298 27
299 28
300 27
301 27
302 27
303 28
304 28
305 28
306 28
307 28
308 27
309 27
310 28
311 29
312 29
313 29
314 29
315 29
316 29
317 29
318 29
319 28
320 27
321 27
322 27
323 28
324 28
325 27
326 27
327 26
328 26
329 26
330 26
331 26
332 27
333 27
334 28
335 28
336 28
337 28
338 28
339 28
340 28
341 26
342 26
343 26
344 26
345 26
346 26
347 25
348 25
349 25
350 24
351 25
352 26
353 26
354 26
355 25
356 24
357 24
358 24
359 24
360 23
361 22
362 22
363 22
364 22
365 24
366 24
367 25
368 25
369 25
370 25
371 25
372 26
373 26
374 25
375 24
376 23
377 24
378 24
379 24
380 24
381 23
382 23
383 23
384 22
385 22
386 22
387 22
388 21
389 20
390 20
391 19
392 20
393 20
394 20
395 19
396 20
397 20
398 20
399 21
400 22
401 21
402 22
403 22
404 22
405 22
406 22
407 21
408 20
409 20
410 20
411 21
412 21
413 21
414 21
415 23
416 24
417 25
418 24
419 24
420 24
421 24
422 24
423 24
424 24
425 24
426 24
427 24
428 25
429 25
430 25
431 25
432 24
433 23
434 23
435 23
436 23
437 23
438 23
439 22
440 22
441 21
442 19
443 18
444 18
445 18
446 18
447 18
448 18
449 17
450 17
451 17
452 18
453 18
454 19
455 19
456 19
457 19
458 19
459 19
460 19
461 19
462 20
463 21
464 21
465 22
466 23
467 23
468 23
469 23
470 22
471 22
472 20
473 20
474 22
475 23
476 24
477 24
478 25
479 25
480 24
481 23
482 23
483 23
484 23
485 22
486 23
487 23
488 22
489 22
490 22
491 23
492 24
493 24
494 24
495 24
496 24
497 25
498 25
499 25
500 25
501 24
502 25
503 25
504 25
505 25
506 25
507 24
508 24
509 24
510 24
511 24
512 26
513 25
514 25
515 25
516 24
517 23
518 23
519 23
520 23
521 22
522 22
523 21
524 21
525 21
526 20
527 20
528 20
529 21
530 21
531 20
532 21
533 21
534 21
535 21
536 21
537 21
538 21
539 21
540 21
541 21
542 21
543 21
544 22
545 21
546 21
547 19
548 19
549 19
550 20
551 20
552 19
553 19
554 20
555 19
556 19
557 19
558 19
559 19
560 20
561 19
562 19
563 19
564 20
565 19
566 19
567 18
568 18
569 18
570 17
571 17
572 17
573 18
574 18
575 18
576 17
577 17
578 17
579 16
580 16
581 15
582 15
583 17
584 17
585 17
586 17
587 16
588 16
589 16
590 16
591 16
592 16
593 16
594 17
595 17
596 17
597 16
598 16
599 17
600 17
601 19
602 19
603 19
604 20
605 21
606 22
607 22
608 22
609 24
610 24
611 25
612 25
613 25
614 24
615 24
616 24
617 25
618 25
619 24
620 23
621 22
622 22
623 22
624 22
625 21
626 21
627 21
628 21
629 22
630 22
631 23
632 22
633 21
634 21
635 20
636 20
637 19
638 18
639 18
640 18
641 18
642 18
643 17
644 17
645 18
646 18
647 18
648 18
649 19
650 19
651 19
652 19
653 19
654 20
655 20
656 20
657 20
658 19
659 19
660 19
661 19
662 20
663 20
664 20
665 20
666 20
667 20
668 20
669 21
670 22
671 22
672 21
673 21
674 22
675 21
676 21
677 22
678 22
679 22
680 21
681 21
682 22
683 21
684 21
685 21
686 20
687 21
688 21
689 21
690 21
691 21
692 21
693 22
694 21
695 21
696 21
697 21
698 22
699 22
700 21
701 21
702 21
703 22
704 22
705 23
706 23
707 23
708 23
709 23
710 24
711 25
712 25
713 25
714 25
715 26
716 25
717 25
718 24
719 24
720 24
721 24
722 23
723 22
724 21
725 21
726 21
727 22
728 22
729 23
730 22
731 22
732 22
733 22
734 22
735 20
736 19
737 20
738 20
739 20
740 20
741 20
742 19
743 19
744 18
745 19
746 19
747 19
748 20
749 22
750 23
751 22
752 22
753 21
754 20
755 20
756 21
757 21
758 21
759 22
760 23
761 24
762 26
763 26
764 26
765 25
766 25
767 25
768 23
769 23
770 22
771 23
772 24
773 24
774 24
775 25
776 25
777 24
778 24
779 26
780 27
781 26
782 25
783 24
784 24
785 25
786 23
787 23
788 23
789 24
790 24
791 24
792 25
793 25
794 25
795 26
796 27
797 28
798 27
799 25
800 26
801 26
802 27
803 27
804 26
805 26
806 26
807 27
808 27
809 27
810 26
811 26
812 26
813 26
814 26
815 26
816 26
817 25
818 25
819 25
820 25
821 25
822 24
823 24
824 24
825 24
826 25
827 26
828 26
829 26
830 25
831 26
832 25
833 25
834 24
835 24
836 24
837 24
838 25
839 25
840 25
841 26
842 25
843 25
844 25
845 25
846 25
847 24
848 23
849 23
850 24
851 23
852 22
853 21
854 21
855 20
856 19
857 21
858 20
859 21
860 20
861 19
862 19
863 19
864 21
865 20
866 20
867 20
868 20
869 20
870 20
871 20
872 20
873 19
874 20
875 20
876 19
877 19
878 18
879 19
880 19
881 19
882 19
883 19
884 19
885 19
886 18
887 19
888 19
889 19
890 19
891 19
892 18
893 18
894 17
895 17
896 17
897 17
898 17
899 17
900 17
901 17
902 17
903 17
904 17
905 17
906 16
907 17
908 17
909 16
910 17
911 18
912 19
913 18
914 18
915 18
916 19
917 20
918 21
919 21
920 20
921 20
922 21
923 22
924 22
925 22
926 22
927 23
928 23
929 23
930 23
931 22
932 19
933 20
934 20
935 20
936 20
937 18
938 17
939 17
940 17
941 18
942 18
943 18
944 17
945 18
946 18
947 17
948 17
949 17
950 17
951 17
952 19
953 19
954 18
955 17
956 16
957 16
958 16
959 16
960 16
961 17
962 16
963 16
964 16
965 15
966 16
967 18
968 17
969 17
970 17
971 19
972 19
973 19
974 19
975 20
976 20
977 21
978 21
979 21
980 22
981 22
982 22
983 22
984 22
985 22
986 22
987 22
988 21
989 22
990 22
991 21
992 23
993 23
994 22
995 23
996 22
997 22
998 23
999 23
1000 23
