0 50
1 41
2 38
3 37
4 37
5 36
6 33
7 30
8 33
9 35
10 35
11 34
12 34
13 35
14 36
15 35
16 38
17 35
18 34
19 32
20 30
21 31
22 30
23 30
24 32
25 31
26 32
27 33
28 35
29 34
30 36
31 34
32 34
33 33
34 33
35 36
36 35
37 32
38 29
39 31
40 31
41 33
42 35
43 30
44 28
45 31
46 37
47 34
48 33
49 33
50 32
51 34
52 33
53 35
54 34
55 37
56 37
57 38
58 36
59 33
60 33
61 36
62 36
63 32
64 33
65 34
66 37
67 36
68 34
69 38
70 37
71 36
72 37
73 37
74 34
75 34
76 32
77 34
78 34
79 35
80 34
81 33
82 29
83 30
84 31
85 36
86 31
87 31
88 29
89 31
90 35
91 34
92 37
93 37
94 35
95 34
96 31
97 37
98 38
99 40
100 38
101 36
102 37
103 34
104 30
105 34
106 31
107 31
108 29
109 33
110 34
111 36
112 38
113 34
114 32
115 34
116 33
117 36
118 30
119 32
120 28
121 26
122 30
123 34
124 38
125 36
126 38
127 37
128 35
129 38
130 37
131 35
132 32
133 31
134 33
135 33
136 32
137 34
138 35
139 35
140 32
141 34
142 35
143 35
144 35
145 38
146 40
147 39
148 39
149 41
150 38
151 38
152 35
153 35
154 33
155 28
156 32
157 37
158 31
159 35
160 36
161 35
162 33
163 33
164 33
165 35
166 32
167 34
168 32
169 31
170 31
171 31
172 29
173 31
174 28
175 35
176 36
177 37
178 38
179 35
180 36
181 36
182 35
183 37
184 37
185 37
186 34
187 36
188 36
189 37
190 38
191 37
192 36
193 37
194 34
195 37
196 35
197 35
198 36
199 39
200 40
201 36
202 36
203 37
204 35
205 36
206 32
207 28
208 27
209 25
210 28
211 29
212 31
213 32
214 35
215 35
216 37
217 34
218 32
219 35
220 32
221 32
222 30
223 32
224 30
225 31
226 29
227 29
228 31
229 33
230 34
231 37
232 33
233 36
234 34
235 36
236 33
237 34
238 34
239 32
240 28
241 31
242 33
243 35
244 37
245 37
246 38
247 38
248 38
249 39
250 37
251 37
252 36
253 36
254 36
255 34
256 36
257 36
258 38
259 37
260 37
261 36
262 32
263 32
264 33
265 35
266 36
267 35
268 36
269 36
270 30
271 31
272 29
273 31
274 31
275 27
276 34
277 32
278 36
279 35
280 36
281 35
282 32
283 35
284 31
285 35
286 35
287 31
288 31
289 34
290 35
291 37
292 36
293 35
294 34
295 35
296 31
297 34
298 34
299 32
300 30
301 30
302 32
303 28
304 32
305 37
306 38
307 35
308 33
309 33
310 33
311 35
312 30
313 32
314 35
315 36
316 35
317 34
318 35
319 35
320 35
321 35
322 36
323 36
324 36
325 30
326 33
327 36
328 34
329 39
330 36
331 35
332 29
333 25
334 27
335 29
336 33
337 36
338 35
339 33
340 37
341 36
342 37
343 36
344 38
345 37
346 36
347 33
348 35
349 37
350 33
351 33
352 28
353 32
354 32
355 32
356 31
357 29
358 28
359 32
360 32
361 30
362 31
363 35
364 37
365 37
366 39
367 37
368 36
369 35
370 35
371 36
372 36
373 35
374 38
375 37
376 37
377 36
378 35
379 35
380 39
381 39
382 35
383 37
384 34
385 33
386 32
387 31
388 32
389 34
390 36
391 35
392 35
393 35
394 38
395 40
396 34
397 34
398 34
399 35
400 35
401 35
402 34
403 34
404 37
405 37
406 38
407 35
408 35
409 29
410 36
411 35
412 34
413 39
414 35
415 35
416 33
417 33
418 32
419 32
420 36
421 35
422 33
423 33
424 30
425 29
426 33
427 30
428 32
429 35
430 32
431 31
432 32
433 32
434 36
435 37
436 37
437 38
438 37
439 35
440 31
441 33
442 32
443 35
444 30
445 31
446 34
447 34
448 34
449 33
450 36
451 36
452 33
453 31
454 35
455 34
456 36
457 37
458 38
459 39
460 38
461 40
462 34
463 33
464 36
465 34
466 36
467 37
468 37
469 38
470 37
471 37
472 37
473 34
474 39
475 36
476 36
477 38
478 36
479 35
480 37
481 34
482 35
483 34
484 33
485 33
486 32
487 30
488 34
489 32
490 30
491 32
492 31
493 32
494 32
495 32
496 32
497 32
498 33
499 38
500 37
501 38
502 36
503 35
504 36
505 36
506 36
507 32
508 33
509 36
510 36
511 34
512 37
513 39
514 37
515 37
516 34
517 34
518 34
519 35
520 37
521 36
522 35
523 36
524 33
525 33
526 32
527 33
528 33
529 34
530 33
531 32
532 32
533 34
534 34
535 34
536 36
537 35
538 36
539 36
540 33
541 31
542 30
543 30
544 31
545 29
546 28
547 28
548 30
549 31
550 30
551 29
552 31
553 34
554 35
555 32
556 30
557 30
558 31
559 28
560 30
561 33
562 30
563 30
564 33
565 36
566 38
567 35
568 35
569 34
570 35
571 36
572 39
573 40
574 38
575 35
576 31
577 32
578 35
579 35
580 38
581 31
582 29
583 33
584 32
585 36
586 35
587 38
588 34
589 32
590 29
591 31
592 35
593 39
594 35
595 35
596 37
597 35
598 36
599 33
600 33
601 35
602 31
603 33
604 38
605 38
606 36
607 36
608 35
609 34
610 29
611 30
612 30
613 31
614 29
615 34
616 35
617 36
618 34
619 33
620 36
621 35
622 36
623 34
624 38
625 37
626 31
627 32
628 31
629 33
630 30
631 32
632 34
633 32
634 30
635 30
636 32
637 33
638 34
639 33
640 33
641 32
642 34
643 36
644 36
645 32
646 32
647 33
648 33
649 35
650 31
651 28
652 29
653 33
654 33
655 34
656 28
657 30
658 28
659 33
660 35
661 31
662 35
663 36
664 36
665 33
666 34
667 32
668 30
669 31
670 33
671 34
672 34
673 37
674 36
675 35
676 34
677 34
678 32
679 32
680 32
681 34
682 33
683 34
684 36
685 37
686 38
687 38
688 38
689 38
690 37
691 35
692 38
693 37
694 37
695 36
696 37
697 34
698 34
699 35
700 35
701 33
702 32
703 34
704 35
705 33
706 33
707 32
708 30
709 33
710 35
711 39
712 35
713 36
714 39
715 41
716 38
717 35
718 32
719 33
720 34
721 34
722 33
723 31
724 33
725 30
726 29
727 33
728 31
729 27
730 29
731 32
732 31
733 35
734 32
735 32
736 31
737 33
738 34
739 36
740 36
741 36
742 33
743 34
744 33
745 32
746 34
747 34
748 34
749 31
750 37
751 35
752 37
753 38
754 39
755 34
756 33
757 32
758 32
759 31
760 34
761 35
762 35
763 35
764 38
765 34
766 35
767 34
768 36
769 37
770 37
771 35
772 35
773 34
774 33
775 32
776 35
777 36
778 32
779 35
780 39
781 36
782 33
783 33
784 31
785 33
786 32
787 37
788 33
789 30
790 31
791 31
792 31
793 32
794 32
795 35
796 36
797 32
798 29
799 33
800 37
801 36
802 37
803 38
804 39
805 33
806 33
807 36
808 36
809 35
810 34
811 37
812 36
813 33
814 30
815 33
816 36
817 36
818 32
819 30
820 31
821 36
822 35
823 31
824 33
825 32
826 33
827 32
828 34
829 36
830 39
831 37
832 38
833 38
834 39
835 38
836 38
837 36
838 33
839 35
840 34
841 33
842 33
843 32
844 34
845 33
846 35
847 39
848 37
849 37
850 36
851 35
852 35
853 34
854 35
855 35
856 35
857 38
858 36
859 34
860 38
861 38
862 34
863 34
864 36
865 39
866 41
867 37
868 39
869 36
870 33
871 33
872 31
873 35
874 36
875 32
876 33
877 31
878 31
879 34
880 34
881 37
882 37
883 35
884 35
885 35
886 34
887 35
888 33
889 34
890 35
891 38
892 34
893 31
894 33
895 35
896 32
897 33
898 35
899 36
900 35
901 37
902 36
903 35
904 34
905 30
906 34
907 30
908 27
909 27
910 26
911 31
912 26
913 29
914 28
915 32
916 32
917 33
918 35
919 34
920 35
921 35
922 36
923 39
924 33
925 32
926 34
927 34
928 35
929 35
930 34
931 36
932 37
933 35
934 32
935 32
936 32
937 33
938 33
939 32
940 32
941 33
942 34
943 36
944 38
945 39
946 35
947 37
948 35
949 35
950 30
951 30
952 34
953 32
954 31
955 34
956 38
957 39
958 35
959 31
960 35
961 32
962 34
963 34
964 37
965 33
966 36
967 30
968 30
969 29
970 34
971 34
972 30
973 32
974 30
975 29
976 31
977 30
978 35
979 39
980 35
981 38
982 37
983 33
984 31
985 35
986 34
987 33
988 33
989 35
990 37
991 39
992 37
993 36
994 33
995 32
996 35
997 38
998 33
999 36
1000 38
