0 25
1 23
2 22
3 22
4 21
5 20
6 20
7 18
8 17
9 17
10 17
11 17
12 17
13 17
14 17
15 17
16 17
17 17
18 17
19 17
20 17
21 16
22 16
23 16
24 16
25 16
26 15
27 15
28 14
29 14
30 14
31 14
32 14
33 14
34 13
35 13
36 13
37 12
38 12
39 12
40 12
41 12
42 11
43 10
44 10
45 9
46 9
47 8
48 7
49 7
50 7
51 7
52 7
53 7
54 6
55 6
56 6
57 6
58 6
59 6
60 6
61 6
62 6
63 5
64 6
65 5
66 5
67 5
68 4
69 4
70 4
71 4
72 4
73 4
74 4
75 4
76 4
77 3
78 3
79 3
80 3
81 3
82 3
83 3
84 2
85 2
86 2
87 2
88 2
89 2
90 2
91 2
92 2
93 2
94 2
95 2
96 2
97 2
98 2
99 2
100 2
101 1
102 1
103 1
104 1
105 1
106 1
107 1
108 1
109 2
110 2
111 2
112 2
113 1
114 1
115 1
116 1
117 1
118 1
119 1
120 1
121 1
122 1
123 1
124 1
125 1
126 1
127 1
128 1
129 1
130 1
131 1
132 1
133 2
134 2
135 2
136 2
137 2
138 2
139 2
140 2
141 2
142 2
143 2
144 2
145 2
146 3
147 3
148 3
149 3
150 3
151 3
152 3
153 3
154 4
155 4
156 3
157 3
158 3
159 3
160 3
161 3
162 3
163 3
164 3
165 2
166 2
167 2
168 2
169 2
170 2
171 2
172 2
173 2
174 2
175 2
176 2
177 2
178 2
179 2
180 2
181 2
182 2
183 2
184 2
185 2
186 2
187 2
188 2
189 2
190 2
191 2
192 2
193 1
194 2
195 3
196 3
197 3
198 3
199 3
200 3
201 3
202 3
203 3
204 3
205 3
206 3
207 3
208 3
209 3
210 3
211 3
212 3
213 3
214 3
215 3
216 3
217 3
218 3
219 3
220 3
221 3
222 3
223 3
224 3
225 3
226 3
227 2
228 2
229 1
230 2
231 2
232 2
233 2
234 2
235 2
236 2
237 2
238 2
239 2
240 2
241 2
242 2
243 2
244 2
245 2
246 2
247 2
248 2
249 2
250 2
251 2
252 2
253 2
254 3
255 3
256 3
257 3
258 3
259 3
260 3
261 3
262 4
263 4
264 4
265 4
266 4
267 3
268 3
269 2
270 2
271 2
272 2
273 2
274 2
275 2
276 2
277 2
278 2
279 3
280 3
281 3
282 2
283 2
284 3
285 3
286 3
287 3
288 3
289 3
290 3
291 3
292 3
293 3
294 3
295 3
296 3
297 3
298 3
299 3
300 2
301 2
302 2
303 2
304 2
305 2
306 2
307 2
308 2
309 2
310 2
311 2
312 2
313 2
314 2
315 2
316 3
317 3
318 3
319 3
320 3
321 3
322 3
323 3
324 3
325 3
326 3
327 3
328 3
329 3
330 3
331 3
332 3
333 3
334 3
335 3
336 3
337 2
338 2
339 2
340 2
341 2
342 2
343 2
344 2
345 2
346 2
347 2
348 2
349 2
350 2
351 2
352 2
353 2
354 2
355 3
356 3
357 3
358 3
359 2
360 2
361 2
362 2
363 2
364 2
365 2
366 1
367 1
368 1
369 1
370 1
371 4
372 4
373 4
374 4
375 4
376 4
377 5
378 5
379 5
380 5
381 5
382 5
383 5
384 5
385 5
386 5
387 5
388 5
389 5
390 5
391 5
392 5
393 5
394 5
395 5
396 5
397 5
398 5
399 5
400 5
401 5
402 5
403 5
404 5
405 4
406 4
407 4
408 4
409 5
410 5
411 5
412 4
413 4
414 4
415 4
416 4
417 4
418 4
419 3
420 2
421 2
422 2
423 3
424 3
425 3
426 4
427 4
428 4
429 4
430 4
431 4
432 4
433 4
434 4
435 3
436 3
437 3
438 3
439 3
440 3
441 3
442 3
443 3
444 3
445 3
446 3
447 3
448 3
449 3
450 3
451 3
452 3
453 2
454 2
455 2
456 2
457 2
458 2
459 2
460 2
461 2
462 3
463 3
464 3
465 3
466 3
467 3
468 3
469 3
470 3
471 4
472 4
473 4
474 4
475 4
476 4
477 4
478 4
479 4
480 4
481 4
482 4
483 4
484 4
485 4
486 4
487 4
488 4
489 4
490 4
491 5
492 5
493 5
494 5
495 5
496 5
497 5
498 5
499 5
500 5
501 5
502 5
503 4
504 4
505 4
506 4
507 4
508 4
509 4
510 4
511 4
512 4
513 3
514 3
515 3
516 4
517 4
518 4
519 4
520 4
521 4
522 4
523 4
524 5
525 5
526 5
527 4
528 5
529 5
530 5
531 5
532 5
533 5
534 5
535 5
536 6
537 6
538 6
539 6
540 6
541 6
542 6
543 6
544 6
545 6
546 6
547 6
548 6
549 6
550 6
551 6
552 6
553 6
554 5
555 5
556 5
557 5
558 5
559 5
560 6
561 6
562 6
563 6
564 6
565 6
566 6
567 6
568 4
569 4
570 4
571 4
572 3
573 3
574 3
575 3
576 3
577 3
578 3
579 3
580 3
581 3
582 3
583 3
584 3
585 3
586 4
587 4
588 4
589 4
590 4
591 4
592 4
593 4
594 4
595 4
596 4
597 4
598 4
599 3
600 3
601 3
602 3
603 3
604 3
605 3
606 3
607 3
608 2
609 2
610 2
611 2
612 1
613 1
614 1
615 1
616 1
617 1
618 1
619 1
620 1
621 1
622 1
623 1
624 1
625 1
626 1
627 2
628 2
629 2
630 2
631 2
632 2
633 2
634 2
635 2
636 3
637 3
638 2
639 2
640 2
641 2
642 2
643 2
644 2
645 2
646 2
647 1
648 1
649 1
650 1
651 2
652 2
653 2
654 2
655 2
656 2
657 2
658 2
659 2
660 2
661 2
662 2
663 2
664 2
665 2
666 2
667 3
668 3
669 3
670 3
671 3
672 3
673 3
674 3
675 3
676 2
677 2
678 2
679 2
680 2
681 2
682 2
683 2
684 2
685 2
686 2
687 2
688 2
689 2
690 2
691 2
692 2
693 2
694 2
695 1
696 1
697 1
698 1
699 1
700 1
701 0
702 0
703 0
704 0
705 0
706 0
707 0
708 0
709 0
710 0
711 0
712 0
713 0
714 0
715 0
716 0
717 1
718 1
719 1
720 1
721 1
722 1
723 0
724 1
725 1
726 2
727 2
728 2
729 2
730 2
731 2
732 2
733 2
734 1
735 1
736 1
737 1
738 1
739 1
740 1
741 1
742 2
743 2
744 2
745 2
746 2
747 2
748 2
749 2
750 2
751 2
752 1
753 1
754 2
755 2
756 2
757 2
758 2
759 2
760 2
761 2
762 2
763 2
764 2
765 2
766 2
767 2
768 2
769 2
770 2
771 1
772 1
773 1
774 1
775 1
776 1
777 1
778 1
779 1
780 1
781 1
782 1
783 1
784 1
785 1
786 2
787 2
788 2
789 2
790 2
791 2
792 2
793 2
794 2
795 2
796 2
797 2
798 2
799 2
800 2
801 2
802 2
803 2
804 2
805 2
806 2
807 2
808 2
809 2
810 2
811 2
812 2
813 2
814 1
815 1
816 1
817 1
818 1
819 1
820 1
821 1
822 1
823 1
824 1
825 1
826 1
827 1
828 1
829 1
830 1
831 1
832 1
833 1
834 1
835 1
836 1
837 1
838 1
839 1
840 2
841 2
842 2
843 2
844 2
845 1
846 2
847 2
848 2
849 3
850 3
851 2
852 2
853 2
854 2
855 2
856 2
857 2
858 2
859 2
860 2
861 2
862 2
863 2
864 2
865 2
866 2
867 2
868 2
869 2
870 3
871 3
872 3
873 3
874 3
875 3
876 2
877 2
878 2
879 2
880 2
881 2
882 2
883 2
884 2
885 2
886 2
887 2
888 2
889 2
890 2
891 3
892 3
893 3
894 3
895 2
896 2
897 2
898 2
899 2
900 3
901 3
902 3
903 4
904 4
905 4
906 4
907 4
908 4
909 3
910 3
911 3
912 3
913 3
914 3
915 3
916 3
917 3
918 3
919 3
920 3
921 3
922 4
923 4
924 4
925 4
926 4
927 4
928 4
929 4
930 4
931 4
932 4
933 4
934 3
935 3
936 3
937 3
938 4
939 4
940 4
941 4
942 4
943 4
944 4
945 4
946 4
947 4
948 4
949 5
950 5
951 5
952 5
953 5
954 5
955 5
956 5
957 5
958 5
959 5
960 5
961 6
962 6
963 6
964 6
965 5
966 5
967 5
968 5
969 4
970 5
971 5
972 5
973 5
974 4
975 4
976 4
977 4
978 4
979 4
980 4
981 4
982 4
983 4
984 4
985 4
986 4
987 4
988 4
989 4
990 4
991 3
992 3
993 3
994 3
995 3
996 3
997 3
998 3
999 2
1000 2
