0 40
1 39
2 38
3 37
4 35
5 34
6 32
7 31
8 30
9 29
10 29
11 28
12 27
13 27
14 27
15 26
16 26
17 25
18 24
19 23
20 22
21 22
22 20
23 19
24 19
25 18
26 17
27 16
28 16
29 15
30 15
31 14
32 14
33 13
34 13
35 12
36 12
37 11
38 11
39 11
40 11
41 11
42 11
43 11
44 11
45 11
46 10
47 10
48 8
49 8
50 8
51 8
52 8
53 8
54 8
55 8
56 8
57 8
58 8
59 8
60 7
61 6
62 6
63 5
64 5
65 5
66 5
67 4
68 4
69 4
70 4
71 4
72 4
73 4
74 4
75 4
76 3
77 3
78 3
79 3
80 3
81 4
82 4
83 4
84 4
85 4
86 4
87 4
88 4
89 4
90 4
91 3
92 3
93 3
94 2
95 2
96 2
97 2
98 2
99 2
100 2
101 2
102 2
103 2
104 2
105 2
106 2
107 2
108 2
109 2
110 2
111 2
112 2
113 2
114 2
115 2
116 2
117 3
118 3
119 3
120 3
121 3
122 3
123 3
124 3
125 3
126 2
127 3
128 2
129 2
130 2
131 2
132 2
133 2
134 2
135 2
136 2
137 2
138 2
139 2
140 2
141 2
142 2
143 2
144 2
145 2
146 2
147 2
148 2
149 2
150 2
151 2
152 2
153 2
154 2
155 2
156 2
157 2
158 2
159 2
160 2
161 2
162 2
163 2
164 1
165 1
166 1
167 1
168 1
169 1
170 1
171 0
172 0
173 0
174 0
175 1
176 1
177 1
178 1
179 1
180 1
181 1
182 1
183 1
184 1
185 1
186 1
187 1
188 1
189 1
190 1
191 1
192 1
193 1
194 1
195 3
196 3
197 3
198 3
199 3
200 3
201 3
202 3
203 3
204 3
205 3
206 3
207 3
208 3
209 3
210 3
211 2
212 2
213 2
214 2
215 2
216 2
217 2
218 2
219 2
220 2
221 2
222 2
223 2
224 2
225 2
226 2
227 2
228 2
229 2
230 2
231 2
232 2
233 2
234 2
235 2
236 2
237 2
238 1
239 1
240 0
241 0
242 0
243 0
244 0
245 0
246 0
247 0
248 0
249 0
250 0
251 1
252 1
253 1
254 1
255 1
256 1
257 1
258 1
259 1
260 1
261 0
262 0
263 0
264 0
265 0
266 0
267 0
268 0
269 0
270 0
271 0
272 0
273 0
274 0
275 0
276 0
277 0
278 0
279 1
280 1
281 1
282 1
283 1
284 1
285 1
286 1
287 1
288 2
289 2
290 2
291 2
292 2
293 2
294 2
295 2
296 3
297 3
298 3
299 3
300 4
301 5
302 4
303 4
304 4
305 4
306 4
307 4
308 4
309 4
310 4
311 5
312 5
313 5
314 5
315 5
316 5
317 4
318 4
319 4
320 3
321 3
322 3
323 3
324 3
325 3
326 3
327 4
328 4
329 4
330 4
331 4
332 4
333 4
334 4
335 4
336 3
337 3
338 3
339 3
340 3
341 3
342 3
343 3
344 2
345 1
346 1
347 1
348 1
349 1
350 1
351 1
352 1
353 1
354 1
355 1
356 1
357 1
358 1
359 1
360 1
361 1
362 1
363 1
364 1
365 1
366 1
367 1
368 1
369 1
370 1
371 1
372 1
373 1
374 1
375 1
376 1
377 1
378 1
379 1
380 1
381 1
382 1
383 1
384 1
385 1
386 1
387 1
388 1
389 1
390 1
391 1
392 1
393 1
394 0
395 0
396 0
397 0
398 0
399 0
400 0
401 0
402 0
403 0
404 0
405 0
406 0
407 0
408 0
409 0
410 0
411 0
412 0
413 0
414 0
415 0
416 0
417 0
418 0
419 0
420 0
421 0
422 0
423 0
424 0
425 0
426 0
427 0
428 0
429 0
430 0
431 0
432 0
433 0
434 0
435 0
436 0
437 0
438 0
439 0
440 0
441 0
442 0
443 0
444 0
445 0
446 0
447 0
448 0
449 0
450 0
451 0
452 0
453 0
454 0
455 0
456 0
457 0
458 0
459 0
460 0
461 0
462 0
463 0
464 0
465 0
466 0
467 0
468 0
469 0
470 0
471 0
472 0
473 0
474 0
475 0
476 0
477 0
478 0
479 0
480 0
481 1
482 1
483 1
484 1
485 1
486 1
487 1
488 1
489 2
490 2
491 2
492 2
493 2
494 3
495 3
496 3
497 3
498 2
499 2
500 2
501 2
502 2
503 2
504 2
505 2
506 1
507 1
508 1
509 1
510 1
511 1
512 1
513 1
514 1
515 1
516 1
517 1
518 1
519 1
520 1
521 1
522 2
523 2
524 2
525 2
526 2
527 2
528 3
529 3
530 3
531 3
532 3
533 3
534 3
535 3
536 3
537 3
538 3
539 3
540 3
541 3
542 3
543 3
544 3
545 4
546 4
547 4
548 4
549 4
550 4
551 4
552 4
553 4
554 4
555 4
556 4
557 4
558 4
559 4
560 4
561 3
562 3
563 3
564 3
565 3
566 2
567 2
568 3
569 3
570 2
571 2
572 2
573 2
574 2
575 2
576 2
577 2
578 2
579 2
580 2
581 2
582 2
583 2
584 2
585 2
586 2
587 2
588 2
589 2
590 2
591 2
592 2
593 2
594 3
595 3
596 3
597 2
598 3
599 3
600 3
601 3
602 3
603 3
604 3
605 3
606 3
607 3
608 3
609 3
610 3
611 3
612 3
613 3
614 3
615 3
616 4
617 4
618 4
619 3
620 3
621 4
622 4
623 3
624 3
625 2
626 2
627 2
628 2
629 2
630 2
631 2
632 2
633 2
634 2
635 2
636 2
637 2
638 2
639 2
640 2
641 2
642 2
643 2
644 2
645 1
646 1
647 1
648 2
649 2
650 2
651 2
652 2
653 2
654 2
655 2
656 2
657 2
658 2
659 2
660 2
661 2
662 2
663 2
664 2
665 2
666 2
667 2
668 2
669 2
670 2
671 2
672 2
673 2
674 2
675 2
676 1
677 1
678 1
679 1
680 1
681 1
682 1
683 1
684 1
685 1
686 1
687 1
688 1
689 1
690 1
691 1
692 1
693 1
694 1
695 0
696 0
697 0
698 0
699 0
700 0
701 0
702 0
703 0
704 0
705 0
706 0
707 0
708 0
709 0
710 0
711 0
712 0
713 0
714 0
715 0
716 0
717 0
718 0
719 0
720 0
721 0
722 0
723 0
724 0
725 0
726 0
727 0
728 0
729 0
730 0
731 0
732 0
733 0
734 0
735 0
736 0
737 0
738 0
739 0
740 0
741 0
742 0
743 0
744 0
745 0
746 0
747 0
748 0
749 0
750 0
751 0
752 0
753 0
754 0
755 0
756 0
757 0
758 0
759 0
760 0
761 0
762 0
763 0
764 0
765 0
766 0
767 0
768 0
769 0
770 0
771 0
772 0
773 0
774 0
775 0
776 0
777 0
778 0
779 0
780 0
781 0
782 0
783 0
784 0
785 0
786 0
787 0
788 0
789 0
790 0
791 0
792 0
793 0
794 0
795 0
796 0
797 0
798 0
799 0
800 0
801 0
802 0
803 0
804 0
805 0
806 0
807 0
808 0
809 1
810 1
811 1
812 1
813 1
814 1
815 1
816 1
817 1
818 1
819 1
820 1
821 1
822 1
823 1
824 1
825 1
826 0
827 0
828 0
829 0
830 0
831 0
832 0
833 0
834 0
835 0
836 0
837 0
838 0
839 0
840 0
841 0
842 0
843 0
844 0
845 0
846 0
847 0
848 0
849 0
850 0
851 0
852 0
853 0
854 0
855 0
856 0
857 0
858 0
859 0
860 0
861 0
862 0
863 0
864 0
865 0
866 0
867 0
868 0
869 0
870 0
871 0
872 0
873 0
874 1
875 1
876 1
877 1
878 1
879 1
880 1
881 1
882 1
883 0
884 1
885 1
886 1
887 1
888 1
889 1
890 2
891 3
892 3
893 3
894 3
895 3
896 3
897 2
898 2
899 2
900 2
901 2
902 2
903 2
904 2
905 2
906 2
907 1
908 1
909 1
910 1
911 2
912 2
913 2
914 3
915 3
916 4
917 4
918 4
919 4
920 4
921 4
922 4
923 3
924 3
925 3
926 3
927 3
928 3
929 3
930 3
931 3
932 3
933 3
934 3
935 3
936 3
937 3
938 3
939 4
940 4
941 4
942 4
943 5
944 5
945 6
946 6
947 6
948 5
949 4
950 4
951 4
952 3
953 2
954 2
955 2
956 2
957 2
958 2
959 3
960 3
961 3
962 3
963 3
964 3
965 3
966 3
967 3
968 3
969 3
970 3
971 3
972 3
973 3
974 3
975 3
976 3
977 3
978 3
979 3
980 3
981 3
982 3
983 3
984 3
985 2
986 2
987 2
988 2
989 2
990 2
991 2
992 2
993 2
994 2
995 2
996 2
997 2
998 2
999 2
1000 2
