0 20
1 15
2 12
3 11
4 8
5 10
6 10
7 12
8 11
9 11
10 13
11 12
12 13
13 11
14 12
15 12
16 12
17 12
18 11
19 9
20 9
21 11
22 11
23 12
24 11
25 11
26 9
27 11
28 12
29 10
30 12
31 12
32 11
33 13
34 11
35 11
36 10
37 12
38 10
39 13
40 11
41 10
42 10
43 12
44 12
45 11
46 11
47 11
48 10
49 12
50 10
51 11
52 11
53 10
54 10
55 11
56 11
57 12
58 11
59 11
60 10
61 13
62 15
63 14
64 11
65 11
66 10
67 12
68 13
69 10
70 11
71 10
72 11
73 12
74 10
75 9
76 10
77 9
78 10
79 10
80 11
81 11
82 12
83 12
84 12
85 14
86 13
87 13
88 10
89 13
90 12
91 12
92 12
93 12
94 12
95 13
96 11
97 12
98 12
99 11
100 11
101 13
102 10
103 11
104 13
105 13
106 9
107 9
108 11
109 8
110 10
111 9
112 10
113 10
114 11
115 12
116 11
117 12
118 13
119 12
120 11
121 9
122 13
123 12
124 11
125 11
126 11
127 11
128 10
129 11
130 12
131 11
132 13
133 10
134 8
135 8
136 13
137 12
138 12
139 13
140 11
141 13
142 11
143 13
144 12
145 13
146 11
147 13
148 13
149 8
150 10
151 12
152 13
153 12
154 10
155 11
156 10
157 9
158 10
159 8
160 8
161 13
162 13
163 13
164 11
165 11
166 10
167 10
168 12
169 12
170 12
171 8
172 11
173 11
174 12
175 13
176 11
177 12
178 13
179 11
180 10
181 10
182 11
183 11
184 10
185 13
186 14
187 13
188 11
189 10
190 10
191 11
192 10
193 11
194 12
195 10
196 10
197 8
198 8
199 12
200 12
201 12
202 11
203 12
204 12
205 12
206 12
207 13
208 12
209 10
210 12
211 8
212 10
213 11
214 11
215 9
216 10
217 12
218 12
219 11
220 11
221 9
222 9
223 10
224 10
225 12
226 14
227 14
228 11
229 11
230 11
231 12
232 12
233 12
234 11
235 10
236 13
237 11
238 11
239 11
240 11
241 11
242 11
243 12
244 14
245 13
246 11
247 12
248 12
249 14
250 14
251 13
252 12
253 11
254 13
255 11
256 11
257 10
258 10
259 8
260 11
261 12
262 11
263 12
264 13
265 12
266 11
267 12
268 12
269 10
270 11
271 11
272 12
273 12
274 13
275 11
276 13
277 9
278 8
279 13
280 10
281 9
282 9
283 10
284 13
285 11
286 12
287 11
288 8
289 9
290 9
291 11
292 10
293 12
294 12
295 11
296 10
297 11
298 12
299 14
300 10
301 9
302 11
303 12
304 10
305 9
306 12
307 12
308 12
309 11
310 11
311 9
312 8
313 10
314 12
315 13
316 12
317 13
318 12
319 14
320 14
321 12
322 9
323 11
324 10
325 7
326 11
327 12
328 11
329 10
330 7
331 10
332 9
333 10
334 11
335 10
336 11
337 12
338 12
339 13
340 10
341 11
342 9
343 12
344 11
345 13
346 12
347 9
348 10
349 12
350 10
351 13
352 11
353 13
354 14
355 11
356 13
357 13
358 10
359 9
360 10
361 11
362 11
363 13
364 13
365 13
366 13
367 11
368 12
369 11
370 12
371 11
372 11
373 11
374 13
375 12
376 14
377 13
378 12
379 13
380 12
381 13
382 12
383 12
384 10
385 12
386 12
387 12
388 11
389 12
390 9
391 9
392 10
393 12
394 12
395 11
396 10
397 12
398 13
399 12
400 8
401 12
402 12
403 13
404 10
405 11
406 11
407 12
408 13
409 11
410 10
411 11
412 12
413 12
414 12
415 12
416 13
417 12
418 11
419 13
420 11
421 13
422 10
423 9
424 10
425 11
426 8
427 10
428 12
429 10
430 9
431 8
432 10
433 10
434 10
435 10
436 12
437 12
438 10
439 9
440 8
441 9
442 11
443 13
444 12
445 11
446 13
447 12
448 10
449 9
450 12
451 11
452 9
453 10
454 12
455 12
456 10
457 10
458 10
459 12
460 12
461 10
462 12
463 11
464 10
465 12
466 13
467 12
468 9
469 11
470 12
471 11
472 9
473 10
474 9
475 9
476 10
477 11
478 10
479 11
480 14
481 11
482 12
483 12
484 12
485 12
486 10
487 12
488 10
489 11
490 10
491 9
492 10
493 13
494 13
495 10
496 11
497 10
498 9
499 11
500 12
501 12
502 10
503 11
504 11
505 11
506 14
507 14
508 14
509 13
510 12
511 12
512 11
513 9
514 10
515 11
516 12
517 12
518 12
519 11
520 10
521 11
522 10
523 8
524 10
525 12
526 12
527 10
528 7
529 10
530 10
531 11
532 12
533 12
534 13
535 11
536 9
537 11
538 11
539 9
540 12
541 12
542 12
543 11
544 9
545 10
546 11
547 11
548 13
549 14
550 13
551 13
552 12
553 11
554 12
555 12
556 11
557 13
558 11
559 14
560 13
561 12
562 11
563 10
564 11
565 14
566 13
567 11
568 11
569 10
570 9
571 12
572 13
573 14
574 10
575 11
576 12
577 12
578 11
579 10
580 10
581 12
582 6
583 10
584 12
585 10
586 13
587 11
588 11
589 12
590 11
591 11
592 10
593 10
594 12
595 13
596 13
597 12
598 12
599 11
600 12
601 9
602 10
603 9
604 12
605 11
606 10
607 11
608 13
609 12
610 10
611 10
612 10
613 8
614 8
615 11
616 11
617 13
618 13
619 10
620 11
621 9
622 10
623 10
624 10
625 12
626 13
627 11
628 10
629 12
630 11
631 11
632 10
633 12
634 9
635 11
636 12
637 11
638 8
639 11
640 8
641 9
642 9
643 11
644 11
645 13
646 13
647 12
648 12
649 13
650 11
651 11
652 9
653 10
654 12
655 10
656 11
657 11
658 12
659 12
660 12
661 11
662 12
663 11
664 13
665 13
666 14
667 14
668 13
669 12
670 13
671 11
672 10
673 12
674 14
675 13
676 13
677 13
678 13
679 13
680 12
681 11
682 13
683 13
684 12
685 10
686 12
687 12
688 11
689 13
690 11
691 12
692 11
693 10
694 12
695 12
696 11
697 13
698 13
699 13
700 10
701 11
702 12
703 11
704 11
705 10
706 9
707 11
708 13
709 12
710 13
711 11
712 8
713 11
714 12
715 11
716 10
717 11
718 11
719 12
720 13
721 13
722 10
723 11
724 10
725 12
726 11
727 12
728 14
729 10
730 9
731 11
732 10
733 7
734 9
735 8
736 11
737 10
738 13
739 10
740 13
741 11
742 13
743 12
744 12
745 14
746 14
747 13
748 12
749 11
750 7
751 10
752 12
753 12
754 11
755 11
756 10
757 12
758 12
759 11
760 13
761 12
762 12
763 12
764 12
765 11
766 13
767 12
768 13
769 13
770 13
771 13
772 12
773 11
774 11
775 12
776 10
777 11
778 9
779 11
780 10
781 11
782 11
783 12
784 7
785 11
786 12
787 13
788 14
789 11
790 9
791 9
792 12
793 12
794 12
795 11
796 11
797 11
798 13
799 12
800 12
801 13
802 12
803 11
804 13
805 12
806 12
807 13
808 12
809 13
810 13
811 13
812 13
813 12
814 11
815 12
816 12
817 12
818 13
819 13
820 12
821 11
822 12
823 12
824 11
825 9
826 11
827 10
828 11
829 8
830 9
831 10
832 11
833 12
834 11
835 10
836 9
837 11
838 11
839 11
840 13
841 13
842 12
843 14
844 13
845 13
846 12
847 11
848 11
849 11
850 9
851 12
852 8
853 10
854 9
855 8
856 9
857 10
858 12
859 13
860 14
861 13
862 12
863 11
864 13
865 11
866 13
867 12
868 11
869 11
870 12
871 12
872 14
873 12
874 13
875 13
876 13
877 13
878 11
879 13
880 12
881 12
882 10
883 12
884 11
885 9
886 11
887 12
888 11
889 12
890 9
891 12
892 13
893 10
894 10
895 11
896 10
897 11
898 11
899 10
900 10
901 10
902 11
903 9
904 12
905 9
906 13
907 12
908 10
909 11
910 11
911 12
912 14
913 12
914 11
915 12
916 13
917 12
918 13
919 10
920 11
921 13
922 12
923 12
924 12
925 12
926 12
927 11
928 11
929 12
930 11
931 10
932 10
933 10
934 8
935 10
936 10
937 11
938 12
939 12
940 10
941 10
942 10
943 11
944 12
945 13
946 12
947 12
948 14
949 12
950 11
951 12
952 12
953 14
954 13
955 12
956 9
957 8
958 10
959 11
960 11
961 11
962 10
963 7
964 11
965 11
966 12
967 12
968 12
969 11
970 13
971 13
972 10
973 12
974 12
975 12
976 13
977 13
978 13
979 13
980 11
981 12
982 11
983 12
984 11
985 11
986 12
987 12
988 10
989 10
990 10
991 12
992 11
993 8
994 11
995 11
996 12
997 12
998 9
999 9
1000 9
