0 35
1 34
2 34
3 34
4 33
5 33
6 33
7 33
8 33
9 33
10 33
11 33
12 33
13 32
14 31
15 31
16 30
17 30
18 28
19 28
20 28
21 27
22 27
23 26
24 25
25 24
26 24
27 22
28 22
29 22
30 22
31 22
32 22
33 22
34 22
35 22
36 22
37 22
38 23
39 23
40 23
41 23
42 23
43 23
44 23
45 23
46 22
47 23
48 24
49 24
50 24
51 24
52 24
53 23
54 22
55 22
56 22
57 21
58 21
59 20
60 19
61 18
62 17
63 18
64 18
65 17
66 18
67 17
68 16
69 16
70 16
71 16
72 16
73 16
74 16
75 16
76 16
77 15
78 15
79 16
80 16
81 16
82 16
83 16
84 16
85 16
86 16
87 17
88 17
89 17
90 17
91 18
92 18
93 19
94 19
95 19
96 18
97 18
98 18
99 18
100 17
101 17
102 17
103 17
104 17
105 16
106 16
107 16
108 16
109 16
110 17
111 17
112 17
113 17
114 16
115 16
116 16
117 16
118 17
119 16
120 17
121 17
122 17
123 17
124 18
125 18
126 18
127 18
128 18
129 18
130 17
131 18
132 18
133 17
134 17
135 17
136 17
137 17
138 17
139 17
140 17
141 17
142 17
143 18
144 19
145 19
146 19
147 19
148 19
149 20
150 19
151 18
152 18
153 17
154 17
155 17
156 17
157 17
158 17
159 17
160 17
161 16
162 17
163 17
164 18
165 18
166 19
167 19
168 18
169 18
170 18
171 17
172 17
173 17
174 17
175 17
176 19
177 19
178 19
179 19
180 18
181 18
182 18
183 18
184 18
185 19
186 19
187 18
188 18
189 18
190 19
191 19
192 19
193 19
194 19
195 18
196 18
197 18
198 17
199 17
200 17
201 17
202 18
203 18
204 18
205 18
206 18
207 18
208 18
209 19
210 18
211 18
212 18
213 18
214 17
215 17
216 17
217 17
218 18
219 18
220 19
221 19
222 20
223 20
224 20
225 20
226 19
227 19
228 19
229 19
230 19
231 19
232 19
233 19
234 19
235 19
236 18
237 18
238 18
239 18
240 17
241 17
242 17
243 16
244 15
245 15
246 15
247 15
248 16
249 16
250 16
251 16
252 16
253 15
254 15
255 15
256 15
257 15
258 15
259 15
260 15
261 14
262 14
263 14
264 13
265 13
266 13
267 13
268 13
269 12
270 14
271 14
272 15
273 15
274 14
275 14
276 14
277 14
278 14
279 15
280 15
281 16
282 16
283 15
284 15
285 15
286 15
287 15
288 15
289 15
290 15
291 15
292 15
293 15
294 15
295 15
296 15
297 15
298 15
299 15
300 15
301 15
302 15
303 15
304 16
305 16
306 16
307 16
308 17
309 16
310 16
311 15
312 15
313 15
314 15
315 16
316 15
317 16
318 16
319 16
320 16
321 17
322 16
323 16
324 16
325 16
326 16
327 15
328 14
329 15
330 14
331 14
332 14
333 14
334 13
335 13
336 13
337 13
338 14
339 14
340 14
341 14
342 14
343 16
344 16
345 16
346 16
347 16
348 14
349 14
350 15
351 14
352 15
353 14
354 14
355 15
356 15
357 16
358 15
359 15
360 15
361 15
362 16
363 15
364 15
365 15
366 17
367 17
368 16
369 17
370 17
371 17
372 17
373 16
374 16
375 16
376 17
377 17
378 17
379 17
380 15
381 15
382 14
383 15
384 16
385 16
386 15
387 15
388 15
389 16
390 17
391 17
392 17
393 16
394 16
395 16
396 16
397 16
398 16
399 16
400 17
401 17
402 17
403 17
404 16
405 16
406 15
407 15
408 15
409 15
410 15
411 15
412 13
413 13
414 15
415 15
416 15
417 15
418 15
419 15
420 15
421 16
422 16
423 15
424 15
425 15
426 15
427 15
428 16
429 15
430 16
431 17
432 16
433 16
434 16
435 17
436 17
437 18
438 17
439 18
440 18
441 18
442 17
443 17
444 16
445 16
446 15
447 15
448 16
449 16
450 16
451 15
452 14
453 14
454 14
455 14
456 14
457 14
458 15
459 15
460 15
461 16
462 16
463 17
464 17
465 17
466 17
467 17
468 17
469 17
470 17
471 17
472 17
473 17
474 17
475 17
476 17
477 17
478 17
479 18
480 18
481 19
482 19
483 18
484 18
485 18
486 17
487 16
488 16
489 16
490 16
491 16
492 17
493 17
494 17
495 18
496 17
497 17
498 17
499 18
500 18
501 18
502 18
503 18
504 19
505 18
506 18
507 18
508 18
509 19
510 19
511 19
512 19
513 19
514 18
515 18
516 18
517 18
518 18
519 18
520 17
521 17
522 16
523 17
524 17
525 17
526 17
527 16
528 15
529 16
530 16
531 16
532 16
533 16
534 17
535 17
536 17
537 17
538 17
539 16
540 16
541 15
542 15
543 15
544 15
545 15
546 15
547 15
548 15
549 14
550 14
551 14
552 14
553 14
554 14
555 14
556 15
557 15
558 15
559 15
560 15
561 15
562 15
563 13
564 13
565 13
566 13
567 13
568 13
569 13
570 13
571 13
572 13
573 13
574 12
575 12
576 12
577 12
578 12
579 14
580 14
581 14
582 14
583 13
584 14
585 14
586 14
587 14
588 14
589 15
590 15
591 15
592 15
593 15
594 15
595 14
596 15
597 15
598 15
599 15
600 15
601 15
602 14
603 14
604 14
605 13
606 13
607 13
608 14
609 14
610 14
611 14
612 14
613 14
614 15
615 15
616 16
617 16
618 15
619 16
620 17
621 17
622 17
623 17
624 16
625 16
626 16
627 16
628 16
629 16
630 16
631 16
632 16
633 15
634 15
635 14
636 14
637 14
638 14
639 14
640 14
641 14
642 14
643 14
644 15
645 15
646 15
647 15
648 15
649 14
650 14
651 15
652 15
653 15
654 14
655 15
656 15
657 16
658 16
659 16
660 16
661 16
662 16
663 15
664 15
665 15
666 15
667 15
668 15
669 15
670 15
671 15
672 15
673 15
674 15
675 14
676 14
677 13
678 13
679 12
680 12
681 11
682 10
683 10
684 10
685 10
686 10
687 10
688 10
689 11
690 11
691 10
692 10
693 10
694 10
695 10
696 11
697 11
698 11
699 11
700 12
701 12
702 13
703 13
704 14
705 14
706 15
707 16
708 15
709 15
710 17
711 17
712 17
713 17
714 17
715 18
716 18
717 17
718 17
719 15
720 15
721 14
722 14
723 14
724 14
725 13
726 13
727 13
728 14
729 13
730 13
731 13
732 12
733 13
734 14
735 14
736 14
737 15
738 16
739 16
740 16
741 16
742 16
743 17
744 17
745 17
746 17
747 17
748 17
749 18
750 17
751 16
752 16
753 16
754 16
755 16
756 16
757 16
758 16
759 16
760 16
761 15
762 15
763 16
764 16
765 16
766 17
767 17
768 17
769 17
770 17
771 17
772 17
773 17
774 18
775 18
776 18
777 17
778 16
779 16
780 16
781 17
782 17
783 17
784 17
785 17
786 18
787 18
788 17
789 16
790 15
791 15
792 14
793 13
794 13
795 13
796 13
797 14
798 14
799 16
800 16
801 17
802 17
803 17
804 16
805 16
806 17
807 17
808 17
809 17
810 17
811 18
812 18
813 17
814 17
815 17
816 16
817 16
818 16
819 16
820 16
821 15
822 15
823 15
824 15
825 16
826 17
827 17
828 17
829 17
830 16
831 15
832 15
833 15
834 16
835 16
836 16
837 16
838 16
839 16
840 16
841 16
842 16
843 15
844 14
845 13
846 13
847 13
848 13
849 14
850 14
851 15
852 15
853 15
854 16
855 17
856 17
857 17
858 16
859 15
860 15
861 15
862 14
863 14
864 14
865 14
866 14
867 14
868 13
869 13
870 13
871 13
872 13
873 12
874 13
875 12
876 13
877 13
878 14
879 13
880 14
881 13
882 13
883 13
884 13
885 14
886 14
887 14
888 14
889 14
890 14
891 14
892 14
893 14
894 14
895 14
896 14
897 15
898 15
899 16
900 16
901 17
902 16
903 16
904 15
905 15
906 15
907 16
908 17
909 17
910 16
911 15
912 15
913 15
914 15
915 15
916 15
917 16
918 16
919 15
920 16
921 17
922 17
923 16
924 15
925 15
926 15
927 15
928 15
929 15
930 15
931 15
932 16
933 16
934 16
935 16
936 16
937 16
938 16
939 16
940 16
941 15
942 16
943 15
944 15
945 15
946 15
947 15
948 16
949 16
950 16
951 16
952 16
953 16
954 16
955 16
956 16
957 16
958 16
959 16
960 17
961 16
962 18
963 17
964 17
965 17
966 17
967 18
968 18
969 18
970 18
971 18
972 17
973 17
974 16
975 16
976 16
977 16
978 17
979 17
980 16
981 16
982 16
983 16
984 16
985 16
986 15
987 15
988 14
989 15
990 15
991 15
992 15
993 15
994 16
995 16
996 17
997 17
998 17
999 17
1000 16
