0 40
1 31
2 27
3 24
4 27
5 25
6 23
7 26
8 26
9 26
10 25
11 26
12 29
13 26
14 28
15 25
16 26
17 25
18 26
19 27
20 23
21 26
22 25
23 28
24 25
25 26
26 27
27 28
28 26
29 27
30 27
31 27
32 24
33 25
34 24
35 26
36 27
37 28
38 22
39 25
40 23
41 23
42 21
43 24
44 26
45 24
46 23
47 24
48 25
49 28
50 25
51 26
52 28
53 26
54 26
55 25
56 25
57 29
58 26
59 29
60 28
61 29
62 27
63 25
64 24
65 27
66 25
67 26
68 23
69 24
70 26
71 26
72 25
73 29
74 27
75 22
76 26
77 26
78 28
79 23
80 25
81 25
82 25
83 26
84 25
85 24
86 26
87 24
88 22
89 28
90 28
91 25
92 23
93 25
94 25
95 27
96 26
97 28
98 26
99 24
100 24
101 26
102 28
103 28
104 24
105 28
106 26
107 25
108 24
109 27
110 27
111 29
112 26
113 26
114 26
115 25
116 26
117 25
118 26
119 25
120 25
121 25
122 23
123 26
124 28
125 28
126 25
127 25
128 28
129 24
130 28
131 25
132 29
133 25
134 25
135 27
136 26
137 27
138 26
139 26
140 28
141 26
142 26
143 27
144 25
145 24
146 26
147 28
148 26
149 22
150 26
151 26
152 28
153 26
154 27
155 22
156 24
157 28
158 23
159 23
160 26
161 27
162 25
163 25
164 25
165 25
166 23
167 24
168 21
169 22
170 23
171 24
172 23
173 26
174 27
175 29
176 27
177 26
178 23
179 25
180 27
181 25
182 26
183 23
184 28
185 25
186 20
187 24
188 23
189 23
190 24
191 26
192 23
193 26
194 25
195 25
196 26
197 27
198 27
199 24
200 27
201 23
202 26
203 22
204 26
205 24
206 26
207 24
208 29
209 27
210 27
211 24
212 24
213 27
214 24
215 22
216 25
217 29
218 26
219 25
220 25
221 26
222 27
223 22
224 22
225 24
226 24
227 27
228 27
229 27
230 25
231 24
232 27
233 25
234 25
235 29
236 27
237 25
238 23
239 25
240 25
241 27
242 24
243 27
244 23
245 26
246 21
247 23
248 24
249 24
250 24
251 20
252 24
253 23
254 23
255 23
256 25
257 26
258 26
259 25
260 25
261 26
262 28
263 25
264 27
265 27
266 22
267 23
268 26
269 23
270 27
271 25
272 26
273 26
274 26
275 26
276 26
277 24
278 26
279 26
280 27
281 25
282 19
283 26
284 22
285 24
286 23
287 26
288 28
289 26
290 27
291 27
292 26
293 27
294 27
295 27
296 25
297 26
298 25
299 26
300 26
301 27
302 25
303 25
304 22
305 21
306 23
307 25
308 25
309 26
310 29
311 26
312 22
313 25
314 21
315 19
316 26
317 23
318 26
319 27
320 24
321 27
322 27
323 26
324 23
325 24
326 25
327 23
328 24
329 27
330 26
331 26
332 26
333 25
334 26
335 27
336 25
337 24
338 25
339 27
340 26
341 27
342 24
343 27
344 26
345 29
346 26
347 26
348 25
349 23
350 23
351 21
352 26
353 27
354 26
355 26
356 27
357 27
358 25
359 22
360 27
361 28
362 30
363 26
364 22
365 27
366 28
367 28
368 25
369 25
370 28
371 26
372 29
373 28
374 26
375 25
376 23
377 29
378 26
379 26
380 23
381 27
382 25
383 23
384 24
385 29
386 25
387 23
388 28
389 24
390 27
391 27
392 24
393 28
394 26
395 23
396 26
397 26
398 26
399 25
400 27
401 27
402 22
403 22
404 27
405 25
406 26
407 27
408 26
409 26
410 23
411 28
412 24
413 24
414 27
415 24
416 22
417 27
418 26
419 26
420 25
421 26
422 24
423 25
424 29
425 26
426 26
427 24
428 26
429 23
430 25
431 24
432 25
433 27
434 26
435 26
436 25
437 29
438 27
439 26
440 27
441 27
442 24
443 25
444 22
445 26
446 23
447 25
448 25
449 25
450 24
451 26
452 28
453 25
454 26
455 26
456 28
457 29
458 25
459 25
460 27
461 24
462 26
463 25
464 26
465 25
466 25
467 21
468 25
469 24
470 23
471 24
472 24
473 27
474 24
475 22
476 26
477 27
478 25
479 27
480 25
481 26
482 27
483 26
484 27
485 27
486 26
487 27
488 24
489 26
490 25
491 25
492 25
493 28
494 21
495 26
496 25
497 26
498 27
499 20
500 23
501 24
502 23
503 26
504 26
505 26
506 27
507 24
508 25
509 25
510 25
511 24
512 29
513 27
514 26
515 26
516 27
517 24
518 25
519 25
520 28
521 26
522 26
523 27
524 25
525 26
526 26
527 20
528 25
529 23
530 25
531 27
532 25
533 27
534 23
535 25
536 25
537 25
538 25
539 26
540 26
541 26
542 27
543 27
544 24
545 26
546 22
547 24
548 24
549 23
550 23
551 26
552 25
553 26
554 27
555 25
556 23
557 25
558 23
559 27
560 26
561 27
562 26
563 28
564 24
565 27
566 30
567 28
568 26
569 24
570 27
571 26
572 25
573 20
574 22
575 26
576 23
577 26
578 28
579 27
580 25
581 26
582 26
583 27
584 26
585 26
586 22
587 23
588 25
589 24
590 25
591 25
592 25
593 26
594 25
595 22
596 25
597 27
598 27
599 26
600 25
601 26
602 24
603 26
604 23
605 24
606 27
607 26
608 21
609 26
610 26
611 24
612 21
613 28
614 27
615 26
616 26
617 26
618 22
619 23
620 26
621 28
622 25
623 23
624 24
625 27
626 28
627 28
628 26
629 27
630 24
631 26
632 25
633 25
634 24
635 28
636 27
637 22
638 23
639 25
640 27
641 27
642 22
643 25
644 24
645 26
646 25
647 26
648 27
649 26
650 26
651 24
652 25
653 25
654 24
655 28
656 25
657 28
658 28
659 26
660 25
661 26
662 26
663 25
664 25
665 24
666 25
667 26
668 25
669 24
670 27
671 25
672 26
673 24
674 23
675 25
676 23
677 26
678 27
679 25
680 25
681 26
682 29
683 28
684 24
685 25
686 28
687 25
688 26
689 26
690 26
691 23
692 23
693 27
694 25
695 24
696 23
697 27
698 23
699 23
700 23
701 26
702 26
703 24
704 26
705 20
706 26
707 25
708 25
709 28
710 23
711 26
712 26
713 24
714 22
715 27
716 20
717 23
718 27
719 24
720 23
721 23
722 22
723 23
724 24
725 27
726 20
727 24
728 26
729 28
730 24
731 26
732 25
733 24
734 26
735 25
736 26
737 24
738 23
739 24
740 25
741 23
742 27
743 24
744 27
745 30
746 24
747 27
748 25
749 29
750 22
751 28
752 27
753 27
754 24
755 22
756 26
757 28
758 27
759 26
760 25
761 27
762 23
763 23
764 19
765 24
766 23
767 24
768 21
769 21
770 26
771 26
772 25
773 24
774 26
775 26
776 27
777 26
778 27
779 25
780 26
781 22
782 26
783 29
784 27
785 27
786 23
787 26
788 27
789 28
790 25
791 23
792 25
793 27
794 26
795 27
796 26
797 26
798 27
799 27
800 27
801 25
802 23
803 27
804 24
805 27
806 25
807 26
808 26
809 19
810 27
811 25
812 25
813 26
814 25
815 24
816 27
817 23
818 25
819 22
820 27
821 24
822 27
823 26
824 24
825 24
826 23
827 28
828 25
829 25
830 24
831 24
832 25
833 23
834 23
835 23
836 22
837 23
838 26
839 25
840 25
841 24
842 24
843 26
844 25
845 24
846 24
847 26
848 26
849 26
850 25
851 27
852 27
853 24
854 23
855 26
856 29
857 25
858 27
859 28
860 29
861 24
862 23
863 29
864 28
865 29
866 25
867 24
868 26
869 23
870 27
871 25
872 26
873 27
874 27
875 28
876 23
877 24
878 27
879 27
880 25
881 28
882 26
883 26
884 27
885 27
886 20
887 24
888 26
889 26
890 24
891 27
892 26
893 25
894 25
895 28
896 25
897 27
898 27
899 28
900 28
901 26
902 24
903 25
904 24
905 24
906 26
907 26
908 27
909 26
910 25
911 24
912 24
913 25
914 26
915 29
916 27
917 25
918 25
919 25
920 28
921 26
922 25
923 27
924 27
925 24
926 26
927 26
928 27
929 21
930 26
931 26
932 27
933 24
934 23
935 29
936 26
937 26
938 27
939 25
940 28
941 28
942 26
943 26
944 24
945 25
946 27
947 24
948 23
949 26
950 25
951 29
952 29
953 25
954 28
955 27
956 23
957 24
958 24
959 25
960 23
961 20
962 26
963 26
964 25
965 26
966 26
967 28
968 24
969 26
970 29
971 29
972 25
973 24
974 23
975 26
976 27
977 25
978 25
979 26
980 24
981 23
982 28
983 25
984 27
985 30
986 27
987 26
988 26
989 27
990 26
991 25
992 24
993 24
994 25
995 27
996 27
997 25
998 28
999 26
1000 23
