0 25
1 17
2 17
3 16
4 17
5 14
6 16
7 19
8 19
9 20
10 17
11 17
12 16
13 20
14 19
15 18
16 14
17 14
18 16
19 17
20 17
21 16
22 18
23 16
24 14
25 15
26 17
27 18
28 16
29 14
30 18
31 16
32 14
33 16
34 18
35 16
36 18
37 17
38 15
39 14
40 17
41 17
42 19
43 17
44 20
45 17
46 17
47 15
48 16
49 13
50 12
51 14
52 14
53 17
54 18
55 15
56 17
57 16
58 15
59 17
60 14
61 15
62 17
63 15
64 16
65 17
66 14
67 18
68 13
69 17
70 20
71 18
72 17
73 16
74 18
75 22
76 19
77 20
78 19
79 20
80 18
81 16
82 17
83 20
84 18
85 17
86 19
87 17
88 18
89 17
90 18
91 20
92 20
93 16
94 15
95 17
96 19
97 16
98 16
99 20
100 17
101 19
102 18
103 15
104 19
105 18
106 14
107 16
108 17
109 18
110 15
111 16
112 16
113 16
114 14
115 17
116 16
117 20
118 17
119 19
120 18
121 18
122 19
123 21
124 21
125 20
126 16
127 15
128 19
129 19
130 17
131 17
132 17
133 16
134 13
135 17
136 17
137 17
138 19
139 18
140 17
141 16
142 15
143 16
144 13
145 15
146 18
147 18
148 20
149 14
150 16
151 16
152 17
153 15
154 16
155 16
156 17
157 17
158 16
159 15
160 17
161 16
162 14
163 17
164 16
165 18
166 16
167 19
168 19
169 16
170 17
171 13
172 18
173 18
174 17
175 16
176 14
177 14
178 17
179 16
180 17
181 18
182 18
183 18
184 15
185 19
186 18
187 20
188 17
189 16
190 17
191 17
192 16
193 17
194 16
195 17
196 19
197 19
198 16
199 18
200 19
201 17
202 18
203 17
204 18
205 19
206 19
207 16
208 16
209 12
210 16
211 19
212 15
213 16
214 18
215 18
216 15
217 17
218 15
219 18
220 15
221 18
222 18
223 18
224 19
225 20
226 18
227 20
228 19
229 18
230 18
231 16
232 19
233 21
234 17
235 19
236 18
237 17
238 17
239 16
240 19
241 17
242 15
243 14
244 18
245 21
246 19
247 19
248 18
249 19
250 18
251 17
252 17
253 18
254 18
255 18
256 18
257 15
258 18
259 18
260 17
261 19
262 19
263 17
264 21
265 15
266 19
267 18
268 17
269 19
270 20
271 18
272 20
273 18
274 15
275 13
276 18
277 16
278 17
279 16
280 16
281 15
282 17
283 17
284 14
285 16
286 16
287 16
288 14
289 18
290 17
291 17
292 18
293 15
294 15
295 18
296 19
297 17
298 15
299 19
300 19
301 15
302 19
303 17
304 14
305 18
306 19
307 17
308 16
309 18
310 14
311 16
312 19
313 18
314 18
315 16
316 15
317 15
318 19
319 16
320 13
321 13
322 14
323 16
324 18
325 17
326 20
327 17
328 17
329 18
330 19
331 20
332 16
333 20
334 18
335 17
336 18
337 19
338 18
339 17
340 19
341 16
342 17
343 14
344 14
345 12
346 16
347 14
348 20
349 19
350 19
351 19
352 18
353 17
354 19
355 19
356 14
357 16
358 17
359 19
360 17
361 18
362 18
363 21
364 16
365 18
366 20
367 21
368 18
369 16
370 17
371 15
372 16
373 15
374 16
375 15
376 18
377 15
378 16
379 19
380 17
381 19
382 18
383 20
384 18
385 17
386 18
387 17
388 16
389 17
390 15
391 15
392 18
393 18
394 17
395 18
396 15
397 18
398 20
399 15
400 17
401 22
402 21
403 18
404 17
405 20
406 20
407 19
408 19
409 18
410 16
411 16
412 20
413 22
414 19
415 12
416 16
417 15
418 18
419 16
420 20
421 17
422 17
423 18
424 18
425 19
426 16
427 18
428 19
429 16
430 19
431 18
432 20
433 16
434 18
435 14
436 18
437 14
438 14
439 18
440 21
441 17
442 13
443 16
444 15
445 16
446 17
447 15
448 16
449 18
450 19
451 16
452 16
453 18
454 19
455 17
456 16
457 15
458 17
459 13
460 15
461 18
462 16
463 19
464 17
465 17
466 16
467 20
468 21
469 18
470 18
471 19
472 11
473 17
474 19
475 15
476 17
477 17
478 19
479 18
480 19
481 14
482 12
483 17
484 14
485 16
486 19
487 17
488 17
489 19
490 16
491 17
492 19
493 18
494 19
495 19
496 16
497 14
498 16
499 17
500 17
501 17
502 13
503 15
504 14
505 17
506 17
507 17
508 18
509 17
510 17
511 18
512 20
513 16
514 18
515 18
516 17
517 18
518 20
519 17
520 18
521 17
522 18
523 16
524 18
525 16
526 19
527 15
528 19
529 20
530 18
531 17
532 15
533 16
534 17
535 17
536 18
537 20
538 19
539 17
540 15
541 18
542 19
543 20
544 18
545 17
546 15
547 11
548 16
549 18
550 17
551 19
552 17
553 18
554 18
555 17
556 18
557 24
558 21
559 19
560 17
561 17
562 18
563 19
564 17
565 20
566 19
567 18
568 17
569 16
570 20
571 17
572 18
573 17
574 18
575 16
576 19
577 16
578 19
579 17
580 19
581 20
582 18
583 17
584 17
585 17
586 15
587 16
588 16
589 16
590 15
591 17
592 18
593 19
594 20
595 18
596 18
597 17
598 17
599 19
600 17
601 14
602 17
603 20
604 16
605 17
606 12
607 15
608 16
609 18
610 16
611 15
612 16
613 17
614 16
615 17
616 18
617 19
618 19
619 17
620 12
621 16
622 15
623 19
624 19
625 17
626 16
627 19
628 18
629 19
630 21
631 15
632 16
633 15
634 17
635 15
636 14
637 16
638 15
639 20
640 21
641 21
642 17
643 18
644 17
645 16
646 19
647 17
648 16
649 11
650 15
651 19
652 21
653 20
654 18
655 16
656 19
657 17
658 17
659 18
660 17
661 19
662 17
663 14
664 16
665 18
666 14
667 18
668 18
669 15
670 22
671 19
672 21
673 16
674 19
675 17
676 19
677 19
678 18
679 16
680 14
681 17
682 18
683 17
684 17
685 16
686 15
687 15
688 17
689 16
690 17
691 18
692 14
693 17
694 20
695 18
696 19
697 19
698 20
699 19
700 18
701 18
702 19
703 18
704 16
705 17
706 20
707 14
708 16
709 18
710 17
711 16
712 18
713 18
714 18
715 19
716 17
717 18
718 17
719 16
720 20
721 15
722 15
723 17
724 17
725 17
726 17
727 15
728 16
729 17
730 16
731 18
732 15
733 19
734 15
735 16
736 19
737 15
738 15
739 14
740 18
741 16
742 18
743 19
744 21
745 20
746 19
747 16
748 14
749 17
750 18
751 19
752 16
753 13
754 19
755 16
756 13
757 17
758 18
759 15
760 16
761 18
762 15
763 18
764 17
765 18
766 19
767 20
768 19
769 18
770 18
771 19
772 17
773 20
774 17
775 17
776 21
777 16
778 17
779 18
780 18
781 18
782 16
783 18
784 20
785 21
786 18
787 17
788 16
789 19
790 17
791 20
792 20
793 20
794 15
795 16
796 17
797 18
798 18
799 21
800 18
801 18
802 18
803 16
804 19
805 17
806 18
807 16
808 20
809 20
810 18
811 16
812 14
813 18
814 18
815 13
816 14
817 15
818 16
819 19
820 16
821 18
822 15
823 15
824 16
825 17
826 20
827 17
828 16
829 16
830 19
831 17
832 15
833 19
834 18
835 18
836 15
837 15
838 17
839 18
840 16
841 19
842 20
843 15
844 15
845 15
846 17
847 18
848 18
849 17
850 19
851 18
852 18
853 14
854 14
855 17
856 18
857 17
858 17
859 18
860 16
861 13
862 17
863 20
864 16
865 17
866 17
867 18
868 21
869 17
870 21
871 17
872 17
873 16
874 17
875 20
876 17
877 18
878 19
879 15
880 20
881 19
882 17
883 18
884 17
885 13
886 16
887 18
888 16
889 17
890 19
891 17
892 17
893 18
894 16
895 18
896 20
897 18
898 15
899 18
900 16
901 18
902 19
903 17
904 17
905 14
906 13
907 17
908 18
909 23
910 22
911 19
912 17
913 19
914 20
915 17
916 18
917 17
918 16
919 15
920 16
921 16
922 16
923 15
924 18
925 18
926 15
927 17
928 16
929 14
930 19
931 18
932 16
933 14
934 10
935 16
936 14
937 17
938 16
939 19
940 19
941 18
942 19
943 18
944 17
945 17
946 16
947 17
948 19
949 20
950 22
951 17
952 16
953 16
954 17
955 15
956 19
957 18
958 17
959 14
960 16
961 14
962 17
963 19
964 21
965 16
966 20
967 17
968 12
969 13
970 14
971 16
972 17
973 17
974 14
975 19
976 20
977 15
978 14
979 17
980 18
981 18
982 19
983 18
984 21
985 18
986 18
987 18
988 18
989 17
990 16
991 17
992 19
993 16
994 16
995 15
996 19
997 16
998 13
999 15
1000 19
