0 85
1 83
2 81
3 79
4 78
5 75
6 74
7 72
8 71
9 69
10 66
11 65
12 65
13 65
14 64
15 64
16 62
17 62
18 60
19 60
20 60
21 60
22 59
23 58
24 58
25 58
26 58
27 57
28 56
29 55
30 54
31 53
32 54
33 54
34 54
35 55
36 53
37 52
38 52
39 51
40 50
41 49
42 49
43 49
44 50
45 49
46 48
47 47
48 46
49 46
50 45
51 44
52 44
53 45
54 44
55 42
56 42
57 43
58 42
59 41
60 40
61 41
62 41
63 41
64 41
65 40
66 40
67 40
68 40
69 39
70 40
71 40
72 39
73 39
74 40
75 40
76 39
77 39
78 39
79 39
80 39
81 38
82 39
83 39
84 40
85 39
86 39
87 37
88 38
89 38
90 38
91 37
92 37
93 35
94 34
95 33
96 33
97 33
98 33
99 33
100 32
101 32
102 31
103 29
104 29
105 27
106 27
107 27
108 28
109 29
110 29
111 30
112 31
113 30
114 29
115 29
116 29
117 28
118 27
119 28
120 28
121 29
122 29
123 29
124 28
125 29
126 30
127 29
128 30
129 30
130 29
131 28
132 27
133 26
134 28
135 28
136 29
137 30
138 30
139 30
140 30
141 30
142 31
143 31
144 31
145 31
146 31
147 32
148 32
149 32
150 32
151 33
152 34
153 33
154 32
155 32
156 31
157 31
158 31
159 30
160 29
161 29
162 28
163 28
164 28
165 28
166 28
167 28
168 27
169 27
170 27
171 28
172 25
173 25
174 26
175 27
176 28
177 28
178 29
179 29
180 29
181 30
182 29
183 28
184 27
185 28
186 27
187 27
188 25
189 24
190 25
191 26
192 26
193 25
194 25
195 27
196 27
197 27
198 27
199 27
200 27
201 27
202 28
203 27
204 28
205 28
206 29
207 29
208 30
209 31
210 31
211 30
212 29
213 29
214 29
215 29
216 30
217 30
218 30
219 28
220 28
221 27
222 28
223 28
224 28
225 29
226 29
227 29
228 30
229 30
230 32
231 33
232 33
233 33
234 33
235 34
236 34
237 35
238 34
239 35
240 35
241 36
242 36
243 36
244 36
245 36
246 34
247 33
248 33
249 33
250 33
251 33
252 35
253 34
254 34
255 34
256 34
257 34
258 33
259 33
260 32
261 31
262 31
263 30
264 30
265 30
266 29
267 29
268 29
269 29
270 29
271 29
272 30
273 30
274 30
275 30
276 30
277 30
278 30
279 30
280 29
281 29
282 30
283 29
284 30
285 30
286 31
287 32
288 33
289 34
290 35
291 34
292 34
293 34
294 34
295 34
296 34
297 34
298 33
299 34
300 34
301 34
302 34
303 34
304 34
305 34
306 32
307 32
308 33
309 34
310 34
311 35
312 35
313 36
314 35
315 36
316 36
317 35
318 35
319 34
320 33
321 32
322 31
323 31
324 32
325 33
326 34
327 34
328 36
329 36
330 36
331 36
332 35
333 35
334 37
335 37
336 38
337 38
338 38
339 38
340 39
341 39
342 40
343 42
344 42
345 42
346 41
347 40
348 39
349 38
350 38
351 38
352 38
353 38
354 38
355 38
356 38
357 38
358 37
359 37
360 36
361 36
362 36
363 37
364 36
365 34
366 34
367 35
368 36
369 35
370 37
371 36
372 36
373 36
374 36
375 35
376 35
377 34
378 35
379 34
380 34
381 35
382 37
383 37
384 38
385 38
386 36
387 36
388 35
389 34
390 34
391 34
392 33
393 33
394 31
395 31
396 31
397 30
398 30
399 30
400 30
401 30
402 30
403 30
404 29
405 29
406 28
407 28
408 29
409 29
410 29
411 29
412 29
413 30
414 28
415 29
416 30
417 30
418 30
419 29
420 29
421 30
422 28
423 30
424 31
425 30
426 29
427 28
428 28
429 27
430 28
431 28
432 27
433 29
434 28
435 29
436 28
437 27
438 26
439 26
440 26
441 26
442 27
443 27
444 27
445 28
446 29
447 29
448 30
449 29
450 29
451 29
452 29
453 29
454 29
455 28
456 27
457 27
458 28
459 28
460 27
461 27
462 28
463 25
464 24
465 24
466 23
467 23
468 22
469 23
470 23
471 23
472 22
473 22
474 22
475 21
476 21
477 22
478 24
479 25
480 25
481 26
482 27
483 26
484 25
485 26
486 27
487 27
488 28
489 27
490 28
491 28
492 26
493 26
494 25
495 25
496 25
497 26
498 26
499 27
500 27
501 28
502 28
503 29
504 28
505 28
506 28
507 28
508 29
509 28
510 28
511 25
512 25
513 24
514 25
515 24
516 24
517 25
518 25
519 26
520 26
521 27
522 28
523 30
524 30
525 30
526 29
527 29
528 28
529 29
530 29
531 29
532 29
533 28
534 26
535 26
536 26
537 26
538 26
539 25
540 27
541 28
542 29
543 29
544 30
545 30
546 30
547 31
548 30
549 32
550 32
551 32
552 32
553 31
554 32
555 32
556 32
557 32
558 32
559 33
560 32
561 32
562 33
563 32
564 32
565 33
566 33
567 32
568 31
569 30
570 31
571 32
572 33
573 33
574 33
575 34
576 34
577 35
578 34
579 34
580 34
581 34
582 33
583 34
584 34
585 35
586 34
587 35
588 35
589 35
590 35
591 35
592 35
593 33
594 35
595 35
596 34
597 34
598 33
599 34
600 35
601 35
602 35
603 36
604 36
605 36
606 36
607 36
608 37
609 36
610 36
611 36
612 37
613 37
614 36
615 36
616 35
617 36
618 34
619 34
620 34
621 35
622 35
623 35
624 34
625 34
626 34
627 33
628 32
629 32
630 33
631 33
632 31
633 31
634 30
635 31
636 31
637 31
638 31
639 30
640 28
641 28
642 28
643 27
644 27
645 27
646 27
647 28
648 28
649 28
650 28
651 27
652 27
653 27
654 27
655 26
656 27
657 28
658 28
659 29
660 29
661 29
662 29
663 27
664 27
665 28
666 28
667 25
668 25
669 25
670 26
671 25
672 25
673 25
674 27
675 26
676 26
677 26
678 27
679 28
680 27
681 28
682 28
683 28
684 28
685 28
686 28
687 28
688 28
689 29
690 29
691 30
692 29
693 28
694 30
695 31
696 32
697 31
698 30
699 30
700 30
701 30
702 29
703 30
704 28
705 28
706 29
707 28
708 27
709 26
710 27
711 28
712 27
713 27
714 27
715 28
716 28
717 27
718 28
719 28
720 29
721 29
722 30
723 30
724 29
725 29
726 28
727 27
728 28
729 27
730 27
731 28
732 28
733 28
734 28
735 27
736 27
737 28
738 29
739 29
740 29
741 28
742 29
743 29
744 29
745 29
746 29
747 27
748 27
749 28
750 29
751 29
752 27
753 27
754 27
755 27
756 27
757 27
758 28
759 29
760 31
761 31
762 31
763 32
764 32
765 33
766 33
767 32
768 31
769 30
770 31
771 31
772 31
773 31
774 30
775 29
776 29
777 29
778 29
779 29
780 29
781 28
782 28
783 27
784 29
785 29
786 28
787 28
788 28
789 29
790 30
791 30
792 31
793 32
794 32
795 32
796 29
797 29
798 28
799 31
800 31
801 32
802 32
803 32
804 33
805 33
806 33
807 31
808 31
809 30
810 30
811 31
812 32
813 30
814 30
815 30
816 30
817 30
818 29
819 30
820 30
821 30
822 30
823 30
824 29
825 27
826 26
827 26
828 25
829 25
830 25
831 26
832 26
833 24
834 23
835 23
836 22
837 24
838 24
839 25
840 25
841 26
842 27
843 27
844 27
845 27
846 27
847 26
848 25
849 24
850 25
851 27
852 27
853 27
854 27
855 26
856 28
857 28
858 29
859 28
860 29
861 29
862 29
863 28
864 28
865 29
866 29
867 29
868 29
869 29
870 29
871 28
872 27
873 27
874 27
875 26
876 26
877 25
878 26
879 27
880 28
881 28
882 28
883 28
884 29
885 30
886 30
887 29
888 29
889 28
890 29
891 29
892 27
893 26
894 25
895 25
896 26
897 27
898 26
899 26
900 27
901 28
902 29
903 29
904 28
905 29
906 28
907 28
908 28
909 28
910 28
911 29
912 30
913 30
914 31
915 30
916 29
917 28
918 29
919 30
920 30
921 29
922 29
923 30
924 31
925 30
926 30
927 31
928 30
929 30
930 31
931 33
932 33
933 33
934 34
935 34
936 33
937 33
938 33
939 33
940 34
941 34
942 34
943 34
944 35
945 34
946 34
947 35
948 36
949 36
950 36
951 35
952 34
953 34
954 33
955 32
956 33
957 34
958 33
959 34
960 33
961 34
962 35
963 34
964 34
965 33
966 33
967 34
968 36
969 37
970 37
971 37
972 36
973 37
974 37
975 38
976 37
977 38
978 38
979 37
980 37
981 34
982 34
983 34
984 34
985 33
986 33
987 33
988 33
989 32
990 34
991 32
992 31
993 31
994 30
995 30
996 30
997 31
998 33
999 34
1000 35
