0 65
1 62
2 60
3 59
4 56
5 53
6 52
7 53
8 51
9 50
10 48
11 49
12 48
13 46
14 42
15 41
16 42
17 43
18 43
19 42
20 43
21 44
22 43
23 45
24 45
25 43
26 41
27 42
28 40
29 39
30 41
31 41
32 39
33 41
34 41
35 42
36 40
37 36
38 36
39 36
40 38
41 39
42 40
43 39
44 41
45 40
46 41
47 44
48 43
49 43
50 44
51 42
52 41
53 41
54 41
55 43
56 42
57 42
58 44
59 43
60 44
61 47
62 43
63 43
64 41
65 42
66 42
67 42
68 37
69 38
70 39
71 39
72 39
73 38
74 42
75 41
76 40
77 43
78 42
79 42
80 40
81 39
82 37
83 38
84 40
85 41
86 40
87 38
88 39
89 41
90 41
91 42
92 42
93 42
94 44
95 46
96 46
97 45
98 47
99 45
100 46
101 48
102 46
103 46
104 45
105 45
106 45
107 43
108 45
109 45
110 46
111 43
112 44
113 43
114 40
115 41
116 42
117 41
118 42
119 43
120 41
121 43
122 42
123 44
124 42
125 44
126 44
127 44
128 43
129 40
130 41
131 40
132 42
133 43
134 42
135 42
136 38
137 37
138 36
139 37
140 39
141 42
142 42
143 42
144 43
145 38
146 38
147 35
148 36
149 37
150 37
151 38
152 38
153 38
154 41
155 42
156 42
157 42
158 42
159 41
160 43
161 43
162 42
163 45
164 47
165 50
166 49
167 47
168 46
169 46
170 44
171 45
172 46
173 44
174 45
175 44
176 42
177 43
178 42
179 43
180 43
181 40
182 39
183 42
184 42
185 43
186 38
187 38
188 41
189 41
190 37
191 40
192 40
193 41
194 40
195 40
196 39
197 39
198 39
199 40
200 41
201 43
202 45
203 45
204 47
205 47
206 48
207 45
208 47
209 48
210 48
211 48
212 47
213 47
214 48
215 48
216 46
217 46
218 47
219 47
220 46
221 45
222 45
223 45
224 44
225 44
226 42
227 41
228 41
229 43
230 45
231 45
232 45
233 43
234 42
235 42
236 43
237 39
238 40
239 39
240 38
241 38
242 44
243 45
244 46
245 43
246 41
247 40
248 41
249 40
250 40
251 40
252 40
253 41
254 41
255 40
256 41
257 41
258 41
259 41
260 40
261 40
262 41
263 41
264 43
265 44
266 45
267 45
268 45
269 43
270 42
271 44
272 45
273 45
274 46
275 45
276 44
277 42
278 43
279 45
280 43
281 41
282 39
283 40
284 41
285 38
286 38
287 40
288 39
289 38
290 36
291 39
292 39
293 41
294 37
295 37
296 36
297 38
298 38
299 38
300 37
301 39
302 39
303 39
304 40
305 37
306 36
307 37
308 36
309 38
310 41
311 43
312 43
313 43
314 44
315 45
316 45
317 44
318 44
319 44
320 45
321 45
322 44
323 44
324 45
325 40
326 40
327 43
328 43
329 43
330 46
331 46
332 44
333 44
334 40
335 41
336 43
337 43
338 45
339 45
340 45
341 44
342 43
343 42
344 40
345 41
346 40
347 41
348 41
349 41
350 40
351 39
352 38
353 39
354 39
355 39
356 40
357 41
358 39
359 38
360 39
361 41
362 42
363 42
364 43
365 39
366 37
367 38
368 34
369 38
370 36
371 33
372 34
373 35
374 38
375 39
376 39
377 37
378 35
379 35
380 38
381 38
382 39
383 38
384 39
385 37
386 38
387 38
388 42
389 40
390 43
391 41
392 40
393 42
394 44
395 46
396 47
397 49
398 42
399 44
400 41
401 43
402 43
403 43
404 42
405 43
406 45
407 42
408 45
409 45
410 43
411 43
412 43
413 44
414 42
415 42
416 41
417 45
418 46
419 46
420 46
421 44
422 45
423 44
424 40
425 38
426 39
427 39
428 41
429 40
430 41
431 40
432 39
433 38
434 37
435 37
436 36
437 36
438 41
439 37
440 38
441 40
442 40
443 40
444 38
445 41
446 41
447 40
448 40
449 33
450 36
451 37
452 36
453 39
454 43
455 42
456 39
457 35
458 37
459 40
460 43
461 41
462 40
463 41
464 38
465 40
466 43
467 45
468 46
469 47
470 48
471 45
472 46
473 44
474 43
475 43
476 44
477 41
478 39
479 36
480 37
481 38
482 41
483 39
484 39
485 36
486 38
487 43
488 45
489 41
490 43
491 45
492 45
493 45
494 46
495 45
496 47
497 46
498 45
499 41
500 36
501 39
502 37
503 38
504 36
505 39
506 38
507 38
508 40
509 39
510 38
511 39
512 39
513 39
514 37
515 37
516 36
517 38
518 37
519 37
520 38
521 39
522 41
523 39
524 39
525 40
526 40
527 41
528 43
529 47
530 44
531 42
532 44
533 43
534 44
535 43
536 39
537 40
538 40
539 42
540 44
541 44
542 44
543 46
544 44
545 44
546 44
547 46
548 46
549 47
550 47
551 45
552 45
553 47
554 47
555 47
556 44
557 42
558 40
559 38
560 37
561 38
562 36
563 36
564 39
565 41
566 43
567 42
568 43
569 42
570 39
571 37
572 40
573 43
574 43
575 40
576 39
577 39
578 41
579 41
580 42
581 41
582 41
583 41
584 40
585 38
586 39
587 39
588 42
589 41
590 41
591 42
592 45
593 45
594 44
595 43
596 41
597 39
598 41
599 42
600 41
601 40
602 39
603 38
604 41
605 42
606 44
607 46
608 46
609 45
610 46
611 46
612 47
613 45
614 44
615 43
616 45
617 44
618 45
619 43
620 43
621 42
622 41
623 40
624 41
625 41
626 43
627 42
628 41
629 39
630 40
631 40
632 41
633 40
634 37
635 39
636 39
637 42
638 43
639 44
640 40
641 40
642 40
643 40
644 41
645 40
646 40
647 42
648 42
649 41
650 41
651 39
652 41
653 40
654 38
655 39
656 40
657 39
658 39
659 41
660 41
661 41
662 39
663 39
664 40
665 42
666 46
667 48
668 48
669 48
670 45
671 46
672 49
673 47
674 45
675 42
676 41
677 42
678 43
679 40
680 38
681 40
682 40
683 41
684 42
685 43
686 43
687 43
688 37
689 39
690 40
691 40
692 41
693 42
694 42
695 45
696 46
697 44
698 43
699 45
700 40
701 42
702 41
703 41
704 39
705 36
706 37
707 38
708 39
709 38
710 40
711 40
712 42
713 44
714 44
715 43
716 42
717 42
718 40
719 41
720 44
721 44
722 41
723 40
724 41
725 39
726 37
727 38
728 39
729 39
730 39
731 41
732 43
733 40
734 37
735 40
736 39
737 43
738 44
739 42
740 44
741 43
742 45
743 44
744 43
745 44
746 43
747 42
748 42
749 45
750 44
751 44
752 44
753 44
754 42
755 43
756 40
757 41
758 39
759 40
760 39
761 38
762 40
763 43
764 43
765 42
766 43
767 43
768 44
769 45
770 43
771 43
772 41
773 43
774 42
775 41
776 44
777 45
778 45
779 45
780 43
781 41
782 44
783 42
784 37
785 37
786 37
787 37
788 39
789 39
790 41
791 39
792 39
793 40
794 38
795 37
796 37
797 38
798 40
799 42
800 40
801 41
802 41
803 41
804 43
805 43
806 43
807 44
808 46
809 46
810 46
811 47
812 46
813 48
814 48
815 45
816 45
817 44
818 45
819 45
820 45
821 44
822 46
823 48
824 48
825 48
826 49
827 47
828 45
829 44
830 44
831 43
832 41
833 42
834 41
835 42
836 39
837 40
838 39
839 35
840 33
841 36
842 39
843 40
844 39
845 39
846 40
847 42
848 44
849 45
850 42
851 41
852 41
853 40
854 44
855 44
856 45
857 45
858 48
859 49
860 49
861 48
862 46
863 43
864 44
865 45
866 47
867 46
868 49
869 48
870 47
871 47
872 46
873 46
874 43
875 45
876 46
877 46
878 47
879 48
880 46
881 46
882 46
883 49
884 47
885 45
886 44
887 43
888 42
889 41
890 39
891 40
892 42
893 42
894 42
895 43
896 43
897 43
898 43
899 43
900 43
901 44
902 44
903 44
904 46
905 47
906 47
907 47
908 43
909 42
910 42
911 41
912 39
913 40
914 40
915 38
916 42
917 41
918 40
919 40
920 43
921 43
922 43
923 46
924 49
925 47
926 45
927 44
928 41
929 43
930 45
931 46
932 47
933 49
934 49
935 48
936 48
937 47
938 46
939 50
940 48
941 48
942 45
943 44
944 43
945 43
946 45
947 43
948 43
949 41
950 38
951 38
952 37
953 37
954 39
955 41
956 41
957 42
958 43
959 43
960 43
961 44
962 44
963 48
964 46
965 45
966 46
967 45
968 44
969 42
970 41
971 43
972 41
973 42
974 43
975 46
976 46
977 44
978 40
979 42
980 40
981 40
982 35
983 38
984 37
985 38
986 42
987 44
988 43
989 45
990 44
991 44
992 42
993 41
994 39
995 39
996 39
997 42
998 41
999 43
1000 45
