0 10
1 8
2 7
3 6
4 5
5 5
6 4
7 3
8 3
9 3
10 3
11 3
12 3
13 4
14 3
15 3
16 3
17 3
18 3
19 4
20 4
21 5
22 5
23 4
24 3
25 2
26 2
27 2
28 2
29 3
30 2
31 2
32 2
33 3
34 3
35 3
36 2
37 2
38 2
39 3
40 3
41 3
42 3
43 3
44 2
45 2
46 3
47 2
48 0
49 1
50 2
51 2
52 3
53 3
54 2
55 1
56 1
57 1
58 1
59 2
60 3
61 2
62 2
63 2
64 3
65 2
66 2
67 2
68 2
69 2
70 2
71 3
72 4
73 3
74 3
75 2
76 2
77 1
78 2
79 4
80 3
81 4
82 2
83 2
84 3
85 4
86 3
87 3
88 2
89 2
90 2
91 2
92 2
93 2
94 2
95 2
96 2
97 2
98 2
99 2
100 3
101 3
102 4
103 4
104 4
105 4
106 3
107 2
108 2
109 2
110 2
111 2
112 2
113 2
114 2
115 3
116 3
117 3
118 3
119 2
120 1
121 2
122 3
123 3
124 3
125 2
126 2
127 1
128 1
129 1
130 1
131 1
132 1
133 1
134 1
135 1
136 2
137 3
138 3
139 4
140 2
141 2
142 2
143 2
144 3
145 3
146 3
147 2
148 2
149 2
150 2
151 2
152 2
153 2
154 2
155 2
156 2
157 3
158 3
159 3
160 3
161 4
162 5
163 4
164 3
165 3
166 2
167 3
168 3
169 4
170 3
171 3
172 3
173 3
174 3
175 3
176 3
177 3
178 4
179 4
180 4
181 4
182 3
183 2
184 2
185 2
186 3
187 3
188 3
189 4
190 3
191 3
192 3
193 1
194 2
195 2
196 2
197 3
198 3
199 3
200 3
201 3
202 2
203 1
204 1
205 2
206 2
207 2
208 2
209 2
210 2
211 2
212 2
213 2
214 3
215 3
216 3
217 3
218 3
219 3
220 2
221 3
222 3
223 3
224 3
225 3
226 3
227 3
228 2
229 2
230 3
231 2
232 2
233 2
234 2
235 2
236 4
237 4
238 4
239 3
240 4
241 3
242 2
243 2
244 3
245 3
246 2
247 3
248 4
249 4
250 4
251 4
252 3
253 2
254 2
255 3
256 2
257 2
258 2
259 2
260 1
261 2
262 2
263 2
264 3
265 1
266 2
267 2
268 2
269 3
270 3
271 3
272 3
273 2
274 2
275 3
276 2
277 3
278 2
279 3
280 3
281 3
282 3
283 3
284 2
285 3
286 3
287 3
288 4
289 3
290 2
291 3
292 3
293 2
294 1
295 2
296 2
297 2
298 2
299 2
300 2
301 3
302 3
303 3
304 2
305 2
306 2
307 3
308 3
309 3
310 3
311 3
312 3
313 3
314 3
315 4
316 4
317 4
318 4
319 4
320 5
321 4
322 4
323 3
324 3
325 3
326 1
327 2
328 2
329 2
330 2
331 3
332 4
333 3
334 3
335 3
336 2
337 2
338 2
339 2
340 2
341 2
342 3
343 3
344 3
345 3
346 1
347 1
348 1
349 1
350 2
351 3
352 3
353 3
354 2
355 1
356 2
357 2
358 2
359 2
360 2
361 3
362 3
363 3
364 3
365 3
366 4
367 4
368 4
369 4
370 5
371 4
372 2
373 2
374 2
375 2
376 3
377 2
378 2
379 4
380 5
381 4
382 4
383 4
384 3
385 3
386 2
387 2
388 3
389 2
390 2
391 2
392 2
393 1
394 3
395 3
396 3
397 3
398 2
399 2
400 2
401 2
402 3
403 3
404 3
405 4
406 4
407 2
408 3
409 3
410 3
411 3
412 3
413 3
414 3
415 3
416 3
417 3
418 3
419 3
420 2
421 1
422 2
423 2
424 2
425 3
426 2
427 1
428 1
429 1
430 2
431 2
432 2
433 3
434 3
435 2
436 2
437 1
438 2
439 3
440 3
441 4
442 4
443 4
444 4
445 4
446 5
447 5
448 4
449 4
450 4
451 4
452 4
453 4
454 4
455 3
456 3
457 3
458 3
459 3
460 3
461 3
462 4
463 5
464 5
465 5
466 5
467 4
468 5
469 5
470 4
471 4
472 3
473 2
474 3
475 3
476 4
477 4
478 4
479 3
480 2
481 2
482 3
483 3
484 3
485 4
486 4
487 5
488 5
489 4
490 4
491 4
492 3
493 3
494 2
495 3
496 3
497 3
498 3
499 3
500 3
501 3
502 2
503 3
504 3
505 4
506 4
507 3
508 3
509 2
510 3
511 4
512 3
513 4
514 4
515 4
516 4
517 4
518 3
519 2
520 3
521 3
522 3
523 4
524 3
525 3
526 4
527 4
528 4
529 4
530 4
531 5
532 3
533 3
534 2
535 3
536 2
537 3
538 4
539 4
540 4
541 4
542 4
543 4
544 4
545 3
546 4
547 3
548 3
549 3
550 3
551 3
552 3
553 3
554 4
555 4
556 4
557 3
558 3
559 3
560 3
561 3
562 3
563 3
564 3
565 2
566 2
567 2
568 2
569 2
570 2
571 2
572 3
573 4
574 5
575 5
576 5
577 4
578 4
579 4
580 3
581 4
582 3
583 2
584 4
585 3
586 2
587 2
588 2
589 2
590 0
591 1
592 1
593 1
594 2
595 2
596 3
597 3
598 2
599 3
600 3
601 3
602 3
603 3
604 2
605 2
606 3
607 3
608 3
609 2
610 2
611 3
612 1
613 1
614 1
615 1
616 1
617 0
618 0
619 1
620 0
621 1
622 2
623 2
624 2
625 2
626 2
627 3
628 3
629 2
630 2
631 1
632 1
633 1
634 1
635 1
636 1
637 2
638 2
639 2
640 2
641 2
642 2
643 2
644 3
645 3
646 2
647 3
648 3
649 3
650 3
651 2
652 2
653 1
654 1
655 2
656 2
657 2
658 3
659 2
660 2
661 3
662 3
663 3
664 2
665 2
666 2
667 2
668 3
669 2
670 2
671 2
672 2
673 1
674 1
675 1
676 1
677 1
678 0
679 0
680 1
681 1
682 1
683 2
684 2
685 1
686 0
687 1
688 1
689 1
690 1
691 1
692 2
693 1
694 2
695 1
696 3
697 3
698 4
699 3
700 3
701 2
702 2
703 2
704 3
705 3
706 4
707 4
708 3
709 3
710 3
711 3
712 3
713 2
714 2
715 2
716 2
717 2
718 2
719 2
720 2
721 3
722 4
723 4
724 4
725 3
726 3
727 3
728 3
729 2
730 1
731 1
732 1
733 1
734 2
735 2
736 2
737 2
738 4
739 3
740 4
741 4
742 4
743 4
744 3
745 3
746 3
747 3
748 3
749 3
750 3
751 3
752 3
753 2
754 3
755 2
756 1
757 1
758 2
759 2
760 2
761 2
762 2
763 2
764 2
765 2
766 2
767 2
768 2
769 3
770 3
771 3
772 3
773 2
774 2
775 1
776 2
777 3
778 3
779 4
780 2
781 2
782 2
783 2
784 3
785 3
786 3
787 3
788 2
789 2
790 2
791 2
792 3
793 3
794 3
795 2
796 2
797 2
798 1
799 1
800 2
801 3
802 3
803 2
804 1
805 2
806 3
807 3
808 2
809 3
810 3
811 3
812 3
813 3
814 3
815 4
816 4
817 4
818 3
819 2
820 2
821 2
822 2
823 3
824 4
825 2
826 2
827 1
828 1
829 1
830 1
831 1
832 2
833 1
834 1
835 2
836 2
837 3
838 3
839 3
840 2
841 1
842 2
843 3
844 4
845 4
846 2
847 2
848 2
849 2
850 1
851 1
852 1
853 2
854 2
855 2
856 3
857 3
858 2
859 1
860 1
861 3
862 3
863 2
864 2
865 1
866 2
867 2
868 3
869 4
870 4
871 4
872 3
873 3
874 3
875 2
876 3
877 4
878 4
879 3
880 4
881 3
882 3
883 3
884 4
885 4
886 4
887 5
888 3
889 3
890 3
891 3
892 3
893 3
894 3
895 3
896 3
897 3
898 4
899 4
900 3
901 2
902 4
903 4
904 4
905 4
906 3
907 3
908 4
909 3
910 3
911 4
912 5
913 6
914 4
915 5
916 5
917 5
918 5
919 4
920 4
921 3
922 3
923 3
924 2
925 2
926 2
927 2
928 2
929 3
930 3
931 4
932 3
933 3
934 3
935 3
936 3
937 3
938 3
939 3
940 3
941 3
942 4
943 3
944 2
945 3
946 3
947 2
948 2
949 3
950 3
951 3
952 2
953 2
954 2
955 3
956 3
957 4
958 4
959 4
960 4
961 4
962 4
963 4
964 3
965 3
966 3
967 3
968 1
969 1
970 1
971 1
972 0
973 0
974 0
975 1
976 3
977 3
978 3
979 4
980 4
981 4
982 4
983 4
984 4
985 3
986 2
987 2
988 3
989 2
990 3
991 3
992 3
993 3
994 2
995 1
996 2
997 3
998 3
999 3
1000 3
