0 5
1 3
2 2
3 2
4 2
5 2
6 2
7 3
8 2
9 2
10 3
11 2
12 3
13 4
14 3
15 1
16 1
17 1
18 1
19 1
20 0
21 0
22 1
23 2
24 2
25 2
26 3
27 3
28 2
29 2
30 2
31 3
32 3
33 3
34 3
35 3
36 2
37 2
38 1
39 1
40 2
41 3
42 2
43 2
44 3
45 3
46 3
47 3
48 2
49 2
50 1
51 2
52 3
53 2
54 3
55 3
56 3
57 3
58 2
59 2
60 2
61 3
62 2
63 2
64 2
65 3
66 3
67 2
68 3
69 3
70 2
71 2
72 2
73 1
74 2
75 2
76 1
77 3
78 2
79 1
80 0
81 1
82 3
83 2
84 1
85 3
86 2
87 2
88 2
89 3
90 2
91 1
92 2
93 1
94 1
95 2
96 2
97 2
98 2
99 2
100 2
101 3
102 1
103 1
104 2
105 2
106 3
107 2
108 2
109 2
110 1
111 2
112 1
113 2
114 3
115 2
116 2
117 2
118 2
119 3
120 3
121 3
122 3
123 3
124 3
125 2
126 3
127 2
128 2
129 1
130 1
131 1
132 2
133 2
134 1
135 2
136 3
137 2
138 2
139 1
140 3
141 3
142 3
143 2
144 2
145 3
146 2
147 2
148 1
149 2
150 1
151 1
152 1
153 2
154 2
155 1
156 2
157 2
158 3
159 3
160 3
161 3
162 2
163 1
164 1
165 2
166 2
167 2
168 1
169 0
170 1
171 2
172 3
173 2
174 2
175 4
176 3
177 3
178 2
179 2
180 1
181 1
182 1
183 2
184 2
185 1
186 3
187 3
188 2
189 2
190 2
191 1
192 1
193 1
194 1
195 1
196 1
197 2
198 3
199 2
200 2
201 2
202 2
203 0
204 1
205 2
206 2
207 1
208 1
209 2
210 2
211 1
212 2
213 2
214 1
215 2
216 2
217 1
218 1
219 2
220 0
221 2
222 2
223 3
224 2
225 2
226 2
227 2
228 2
229 3
230 1
231 3
232 1
233 1
234 3
235 1
236 2
237 2
238 1
239 1
240 2
241 1
242 1
243 1
244 2
245 2
246 3
247 1
248 1
249 3
250 2
251 2
252 1
253 3
254 1
255 2
256 3
257 4
258 3
259 1
260 1
261 1
262 2
263 2
264 2
265 2
266 2
267 3
268 3
269 2
270 2
271 2
272 2
273 2
274 3
275 4
276 3
277 2
278 1
279 2
280 2
281 2
282 3
283 2
284 1
285 2
286 2
287 2
288 3
289 3
290 3
291 2
292 2
293 2
294 2
295 2
296 2
297 2
298 2
299 2
300 3
301 1
302 2
303 2
304 3
305 2
306 3
307 2
308 0
309 0
310 2
311 0
312 1
313 1
314 2
315 1
316 2
317 3
318 3
319 2
320 2
321 3
322 2
323 2
324 2
325 2
326 3
327 1
328 3
329 2
330 2
331 1
332 1
333 2
334 1
335 1
336 2
337 3
338 3
339 2
340 2
341 2
342 2
343 3
344 2
345 1
346 2
347 2
348 2
349 3
350 2
351 1
352 1
353 1
354 2
355 3
356 2
357 0
358 2
359 2
360 3
361 2
362 4
363 3
364 1
365 1
366 2
367 2
368 2
369 2
370 3
371 2
372 1
373 2
374 1
375 2
376 2
377 2
378 2
379 2
380 1
381 2
382 1
383 2
384 2
385 2
386 3
387 3
388 2
389 2
390 2
391 2
392 2
393 2
394 3
395 2
396 2
397 2
398 2
399 3
400 2
401 1
402 1
403 1
404 2
405 2
406 3
407 3
408 2
409 3
410 3
411 2
412 2
413 3
414 2
415 2
416 3
417 1
418 3
419 3
420 3
421 2
422 2
423 2
424 3
425 1
426 3
427 2
428 3
429 2
430 2
431 1
432 2
433 2
434 2
435 2
436 3
437 1
438 2
439 2
440 2
441 3
442 2
443 2
444 2
445 3
446 2
447 3
448 2
449 3
450 3
451 2
452 2
453 1
454 1
455 2
456 3
457 1
458 3
459 3
460 3
461 3
462 2
463 3
464 2
465 3
466 1
467 1
468 2
469 2
470 2
471 2
472 2
473 3
474 1
475 2
476 1
477 3
478 3
479 3
480 2
481 1
482 2
483 2
484 2
485 2
486 3
487 1
488 2
489 3
490 1
491 1
492 3
493 2
494 2
495 1
496 2
497 3
498 1
499 3
500 3
501 3
502 3
503 3
504 3
505 2
506 2
507 2
508 1
509 1
510 2
511 2
512 2
513 1
514 1
515 2
516 2
517 2
518 3
519 2
520 2
521 2
522 2
523 0
524 0
525 2
526 2
527 2
528 3
529 2
530 2
531 2
532 2
533 2
534 1
535 3
536 2
537 1
538 2
539 3
540 2
541 3
542 2
543 2
544 2
545 2
546 3
547 3
548 2
549 1
550 1
551 2
552 3
553 2
554 2
555 2
556 2
557 1
558 1
559 2
560 1
561 2
562 2
563 3
564 2
565 2
566 2
567 2
568 2
569 3
570 1
571 2
572 2
573 2
574 3
575 3
576 2
577 2
578 1
579 1
580 2
581 2
582 2
583 1
584 1
585 1
586 3
587 3
588 3
589 2
590 2
591 3
592 1
593 2
594 2
595 1
596 1
597 2
598 1
599 1
600 2
601 1
602 2
603 2
604 1
605 2
606 3
607 3
608 3
609 3
610 2
611 1
612 1
613 0
614 1
615 2
616 2
617 2
618 2
619 2
620 0
621 1
622 1
623 0
624 2
625 2
626 2
627 2
628 3
629 2
630 2
631 2
632 1
633 2
634 2
635 1
636 1
637 2
638 1
639 2
640 2
641 0
642 1
643 2
644 2
645 2
646 3
647 3
648 3
649 2
650 2
651 3
652 3
653 2
654 3
655 2
656 3
657 2
658 2
659 2
660 2
661 3
662 3
663 2
664 2
665 1
666 3
667 4
668 3
669 2
670 2
671 3
672 3
673 3
674 2
675 2
676 3
677 2
678 3
679 3
680 2
681 2
682 1
683 2
684 2
685 1
686 1
687 2
688 2
689 3
690 2
691 3
692 2
693 2
694 3
695 2
696 1
697 1
698 2
699 2
700 2
701 2
702 2
703 0
704 2
705 1
706 2
707 2
708 2
709 3
710 0
711 1
712 0
713 3
714 2
715 3
716 2
717 2
718 2
719 2
720 1
721 3
722 3
723 3
724 3
725 2
726 2
727 2
728 2
729 1
730 1
731 1
732 1
733 2
734 2
735 2
736 2
737 1
738 2
739 2
740 1
741 2
742 3
743 3
744 3
745 2
746 1
747 2
748 4
749 3
750 3
751 3
752 1
753 1
754 1
755 2
756 2
757 2
758 2
759 2
760 2
761 3
762 2
763 3
764 2
765 1
766 2
767 3
768 3
769 3
770 2
771 2
772 3
773 2
774 2
775 2
776 2
777 3
778 3
779 2
780 3
781 2
782 2
783 2
784 2
785 2
786 0
787 1
788 2
789 0
790 1
791 2
792 1
793 2
794 3
795 3
796 3
797 3
798 3
799 2
800 2
801 3
802 3
803 3
804 0
805 2
806 3
807 4
808 2
809 3
810 2
811 3
812 2
813 1
814 2
815 1
816 2
817 3
818 2
819 2
820 3
821 3
822 2
823 3
824 3
825 2
826 1
827 2
828 2
829 2
830 2
831 3
832 2
833 2
834 2
835 1
836 1
837 1
838 3
839 1
840 1
841 1
842 1
843 3
844 3
845 1
846 2
847 2
848 3
849 3
850 3
851 3
852 3
853 2
854 2
855 3
856 1
857 1
858 2
859 2
860 4
861 3
862 2
863 2
864 1
865 2
866 3
867 3
868 3
869 3
870 3
871 2
872 3
873 3
874 3
875 2
876 3
877 3
878 2
879 2
880 1
881 1
882 2
883 2
884 3
885 1
886 1
887 1
888 2
889 2
890 3
891 3
892 2
893 2
894 2
895 3
896 2
897 3
898 2
899 3
900 3
901 1
902 2
903 1
904 1
905 2
906 2
907 3
908 2
909 2
910 3
911 4
912 2
913 3
914 3
915 3
916 1
917 2
918 3
919 2
920 3
921 2
922 2
923 3
924 3
925 2
926 3
927 2
928 3
929 3
930 3
931 2
932 2
933 3
934 2
935 1
936 2
937 2
938 2
939 2
940 1
941 3
942 1
943 2
944 2
945 1
946 1
947 1
948 2
949 3
950 3
951 1
952 1
953 2
954 0
955 1
956 1
957 2
958 3
959 2
960 1
961 2
962 1
963 2
964 2
965 2
966 3
967 3
968 2
969 2
970 2
971 0
972 1
973 3
974 3
975 2
976 2
977 3
978 3
979 3
980 2
981 2
982 3
983 3
984 3
985 1
986 1
987 1
988 1
989 2
990 2
991 2
992 2
993 2
994 3
995 2
996 3
997 3
998 3
999 2
1000 1
