0 25
1 17
2 17
3 17
4 15
5 16
6 16
7 17
8 11
9 14
10 14
11 11
12 11
13 11
14 13
15 15
16 14
17 12
18 16
19 14
20 14
21 14
22 13
23 14
24 14
25 14
26 14
27 15
28 15
29 14
30 16
31 15
32 16
33 14
34 15
35 16
36 14
37 13
38 14
39 15
40 13
41 15
42 14
43 14
44 14
45 14
46 15
47 15
48 16
49 17
50 16
51 14
52 13
53 14
54 15
55 15
56 14
57 13
58 13
59 12
60 14
61 15
62 12
63 11
64 15
65 14
66 10
67 13
68 15
69 13
70 12
71 14
72 13
73 12
74 8
75 12
76 12
77 14
78 15
79 14
80 13
81 12
82 14
83 13
84 12
85 15
86 13
87 15
88 12
89 11
90 12
91 16
92 13
93 12
94 14
95 15
96 13
97 14
98 16
99 15
100 16
101 17
102 17
103 17
104 16
105 15
106 16
107 15
108 15
109 15
110 16
111 16
112 14
113 14
114 15
115 16
116 15
117 13
118 13
119 14
120 12
121 12
122 12
123 11
124 13
125 14
126 15
127 15
128 14
129 12
130 14
131 16
132 15
133 13
134 11
135 13
136 15
137 14
138 15
139 18
140 17
141 15
142 15
143 17
144 15
145 13
146 11
147 12
148 14
149 13
150 14
151 16
152 16
153 13
154 13
155 13
156 14
157 14
158 12
159 14
160 15
161 16
162 16
163 17
164 14
165 12
166 13
167 13
168 13
169 13
170 13
171 15
172 16
173 17
174 17
175 15
176 14
177 15
178 14
179 12
180 13
181 14
182 14
183 15
184 14
185 15
186 15
187 15
188 15
189 14
190 17
191 16
192 13
193 14
194 15
195 16
196 15
197 13
198 15
199 16
200 17
201 17
202 17
203 17
204 18
205 14
206 15
207 12
208 12
209 12
210 14
211 12
212 14
213 14
214 14
215 16
216 13
217 12
218 13
219 15
220 15
221 15
222 15
223 13
224 13
225 12
226 12
227 12
228 13
229 13
230 12
231 12
232 10
233 9
234 11
235 13
236 12
237 9
238 13
239 13
240 10
241 13
242 15
243 15
244 15
245 15
246 14
247 15
248 16
249 16
250 14
251 14
252 14
253 13
254 14
255 13
256 12
257 11
258 13
259 13
260 14
261 14
262 17
263 15
264 14
265 16
266 15
267 14
268 14
269 14
270 15
271 13
272 13
273 13
274 15
275 14
276 13
277 14
278 17
279 17
280 17
281 15
282 14
283 13
284 12
285 14
286 14
287 13
288 14
289 13
290 12
291 17
292 14
293 13
294 14
295 14
296 16
297 14
298 13
299 14
300 13
301 13
302 14
303 16
304 15
305 15
306 14
307 11
308 11
309 13
310 16
311 15
312 14
313 14
314 14
315 12
316 13
317 14
318 17
319 15
320 14
321 14
322 13
323 14
324 14
325 14
326 15
327 13
328 14
329 15
330 15
331 14
332 12
333 13
334 16
335 15
336 13
337 12
338 12
339 14
340 13
341 14
342 11
343 11
344 13
345 14
346 14
347 15
348 13
349 12
350 14
351 16
352 13
353 13
354 15
355 17
356 15
357 16
358 10
359 13
360 13
361 11
362 13
363 12
364 15
365 13
366 16
367 14
368 13
369 13
370 15
371 16
372 15
373 14
374 13
375 13
376 12
377 12
378 13
379 14
380 16
381 13
382 12
383 12
384 13
385 13
386 14
387 14
388 16
389 15
390 16
391 15
392 14
393 12
394 16
395 17
396 14
397 14
398 13
399 13
400 12
401 11
402 11
403 11
404 13
405 12
406 12
407 15
408 12
409 12
410 14
411 15
412 15
413 15
414 13
415 15
416 14
417 14
418 14
419 15
420 15
421 16
422 16
423 17
424 15
425 13
426 14
427 15
428 14
429 13
430 14
431 14
432 14
433 16
434 14
435 14
436 15
437 12
438 13
439 14
440 16
441 14
442 14
443 15
444 13
445 12
446 15
447 15
448 14
449 15
450 14
451 13
452 11
453 11
454 14
455 15
456 16
457 14
458 14
459 15
460 13
461 14
462 11
463 14
464 15
465 15
466 14
467 13
468 15
469 16
470 14
471 14
472 13
473 14
474 15
475 14
476 13
477 15
478 17
479 15
480 15
481 14
482 16
483 13
484 14
485 11
486 11
487 10
488 9
489 10
490 12
491 14
492 15
493 15
494 12
495 13
496 15
497 14
498 14
499 14
500 14
501 12
502 12
503 14
504 15
505 15
506 15
507 14
508 15
509 12
510 12
511 15
512 13
513 12
514 11
515 15
516 14
517 16
518 15
519 15
520 16
521 15
522 16
523 16
524 17
525 15
526 15
527 15
528 16
529 14
530 14
531 13
532 15
533 14
534 11
535 14
536 14
537 13
538 14
539 14
540 13
541 14
542 12
543 14
544 15
545 16
546 11
547 14
548 12
549 13
550 14
551 13
552 11
553 14
554 14
555 13
556 13
557 15
558 15
559 14
560 15
561 15
562 14
563 12
564 15
565 14
566 13
567 10
568 14
569 15
570 15
571 15
572 13
573 10
574 11
575 12
576 14
577 13
578 14
579 12
580 12
581 14
582 15
583 13
584 15
585 15
586 16
587 12
588 11
589 10
590 11
591 14
592 16
593 13
594 14
595 14
596 13
597 12
598 15
599 12
600 14
601 12
602 13
603 13
604 13
605 15
606 15
607 15
608 15
609 13
610 13
611 11
612 12
613 10
614 12
615 9
616 13
617 14
618 15
619 14
620 13
621 16
622 14
623 12
624 12
625 13
626 12
627 12
628 12
629 14
630 14
631 11
632 13
633 13
634 10
635 9
636 11
637 10
638 10
639 15
640 14
641 13
642 13
643 13
644 14
645 11
646 12
647 13
648 12
649 16
650 16
651 14
652 15
653 15
654 14
655 14
656 14
657 13
658 14
659 15
660 8
661 11
662 15
663 16
664 16
665 15
666 15
667 16
668 14
669 13
670 11
671 14
672 16
673 14
674 15
675 12
676 13
677 14
678 11
679 14
680 14
681 14
682 14
683 14
684 16
685 15
686 13
687 14
688 13
689 14
690 15
691 14
692 13
693 15
694 14
695 14
696 12
697 16
698 17
699 13
700 13
701 15
702 12
703 13
704 16
705 15
706 15
707 13
708 16
709 13
710 11
711 13
712 13
713 15
714 14
715 14
716 13
717 15
718 16
719 16
720 14
721 13
722 12
723 14
724 14
725 13
726 13
727 14
728 15
729 13
730 13
731 15
732 16
733 15
734 15
735 14
736 15
737 15
738 16
739 14
740 15
741 15
742 15
743 14
744 13
745 13
746 13
747 14
748 13
749 14
750 13
751 15
752 12
753 15
754 15
755 13
756 13
757 13
758 14
759 15
760 13
761 11
762 15
763 15
764 14
765 15
766 17
767 14
768 13
769 12
770 14
771 14
772 16
773 14
774 17
775 14
776 15
777 15
778 13
779 12
780 12
781 14
782 15
783 17
784 15
785 15
786 16
787 15
788 16
789 14
790 14
791 15
792 12
793 15
794 15
795 13
796 16
797 14
798 14
799 13
800 16
801 13
802 14
803 15
804 13
805 14
806 16
807 16
808 14
809 16
810 14
811 16
812 15
813 14
814 14
815 12
816 13
817 15
818 14
819 14
820 15
821 14
822 12
823 14
824 14
825 13
826 14
827 17
828 15
829 13
830 12
831 15
832 13
833 12
834 11
835 12
836 14
837 14
838 15
839 13
840 10
841 15
842 14
843 13
844 11
845 14
846 14
847 14
848 12
849 13
850 14
851 14
852 15
853 13
854 15
855 15
856 15
857 16
858 16
859 14
860 16
861 14
862 16
863 12
864 14
865 17
866 14
867 17
868 12
869 13
870 12
871 14
872 13
873 14
874 14
875 13
876 15
877 13
878 15
879 11
880 14
881 12
882 14
883 16
884 17
885 13
886 13
887 14
888 13
889 10
890 11
891 12
892 13
893 14
894 14
895 14
896 14
897 16
898 14
899 14
900 12
901 13
902 13
903 12
904 15
905 16
906 12
907 12
908 14
909 13
910 13
911 12
912 14
913 12
914 15
915 14
916 12
917 14
918 10
919 11
920 13
921 13
922 14
923 14
924 13
925 15
926 13
927 14
928 15
929 14
930 14
931 13
932 14
933 13
934 13
935 10
936 8
937 13
938 15
939 16
940 15
941 15
942 15
943 17
944 16
945 14
946 14
947 15
948 14
949 13
950 13
951 12
952 15
953 13
954 13
955 13
956 12
957 14
958 15
959 15
960 12
961 12
962 15
963 13
964 15
965 16
966 15
967 14
968 13
969 14
970 12
971 16
972 15
973 16
974 15
975 16
976 14
977 13
978 10
979 13
980 14
981 15
982 13
983 13
984 14
985 15
986 16
987 14
988 13
989 14
990 16
991 13
992 13
993 13
994 16
995 17
996 16
997 14
998 17
999 15
1000 13
