0 25
1 16
2 12
3 15
4 16
5 18
6 17
7 14
8 17
9 15
10 16
11 16
12 18
13 15
14 13
15 16
16 16
17 17
18 16
19 17
20 18
21 16
22 16
23 15
24 15
25 13
26 15
27 16
28 17
29 18
30 18
31 15
32 16
33 16
34 15
35 18
36 19
37 14
38 17
39 17
40 18
41 17
42 15
43 17
44 17
45 16
46 16
47 17
48 16
49 14
50 15
51 13
52 19
53 16
54 13
55 15
56 16
57 16
58 19
59 16
60 16
61 17
62 16
63 14
64 16
65 17
66 17
67 15
68 14
69 17
70 16
71 18
72 17
73 15
74 13
75 15
76 16
77 15
78 16
79 17
80 13
81 17
82 16
83 16
84 13
85 15
86 14
87 14
88 17
89 17
90 19
91 13
92 15
93 14
94 18
95 16
96 18
97 17
98 18
99 15
100 17
101 18
102 15
103 15
104 16
105 15
106 17
107 15
108 15
109 17
110 14
111 16
112 18
113 14
114 16
115 15
116 17
117 16
118 16
119 17
120 15
121 14
122 14
123 16
124 15
125 15
126 16
127 17
128 16
129 16
130 15
131 17
132 15
133 15
134 16
135 17
136 15
137 16
138 17
139 18
140 12
141 16
142 18
143 16
144 15
145 16
146 16
147 15
148 16
149 14
150 18
151 17
152 20
153 15
154 17
155 17
156 16
157 18
158 17
159 16
160 15
161 13
162 13
163 19
164 19
165 16
166 18
167 17
168 18
169 15
170 17
171 18
172 15
173 17
174 19
175 18
176 18
177 17
178 14
179 14
180 16
181 17
182 16
183 14
184 17
185 16
186 16
187 15
188 16
189 17
190 17
191 18
192 19
193 15
194 17
195 15
196 18
197 17
198 17
199 14
200 16
201 19
202 15
203 15
204 17
205 18
206 15
207 17
208 13
209 15
210 19
211 15
212 17
213 16
214 18
215 17
216 16
217 15
218 14
219 17
220 16
221 15
222 14
223 17
224 18
225 18
226 19
227 17
228 16
229 16
230 18
231 13
232 17
233 16
234 17
235 17
236 16
237 16
238 17
239 15
240 16
241 15
242 14
243 18
244 16
245 18
246 16
247 15
248 16
249 16
250 13
251 17
252 13
253 19
254 15
255 17
256 14
257 16
258 16
259 11
260 15
261 16
262 18
263 17
264 15
265 18
266 16
267 13
268 14
269 15
270 17
271 17
272 15
273 17
274 15
275 17
276 14
277 13
278 14
279 17
280 18
281 17
282 15
283 18
284 13
285 15
286 16
287 14
288 16
289 17
290 14
291 16
292 14
293 14
294 17
295 12
296 15
297 15
298 15
299 15
300 15
301 17
302 13
303 16
304 16
305 18
306 17
307 17
308 18
309 16
310 16
311 17
312 17
313 17
314 17
315 17
316 15
317 14
318 15
319 15
320 17
321 14
322 16
323 15
324 16
325 15
326 15
327 17
328 18
329 18
330 18
331 16
332 16
333 19
334 17
335 17
336 17
337 17
338 12
339 16
340 13
341 17
342 16
343 15
344 17
345 17
346 17
347 18
348 16
349 15
350 17
351 18
352 16
353 17
354 14
355 16
356 15
357 17
358 15
359 13
360 17
361 16
362 18
363 15
364 16
365 17
366 17
367 13
368 18
369 14
370 18
371 17
372 16
373 15
374 16
375 15
376 17
377 16
378 17
379 13
380 15
381 16
382 17
383 12
384 15
385 16
386 16
387 18
388 18
389 17
390 16
391 15
392 18
393 17
394 16
395 17
396 16
397 15
398 18
399 14
400 16
401 16
402 18
403 17
404 16
405 15
406 17
407 15
408 18
409 17
410 16
411 15
412 17
413 14
414 15
415 18
416 18
417 17
418 17
419 16
420 17
421 16
422 17
423 17
424 15
425 15
426 16
427 13
428 14
429 16
430 14
431 19
432 19
433 16
434 16
435 18
436 17
437 16
438 16
439 14
440 16
441 18
442 16
443 13
444 19
445 18
446 17
447 15
448 18
449 15
450 17
451 14
452 15
453 15
454 17
455 17
456 17
457 16
458 17
459 13
460 15
461 16
462 16
463 17
464 15
465 16
466 17
467 15
468 18
469 17
470 13
471 16
472 15
473 15
474 15
475 17
476 15
477 17
478 15
479 17
480 14
481 16
482 15
483 16
484 17
485 16
486 15
487 17
488 16
489 15
490 17
491 17
492 15
493 15
494 12
495 16
496 17
497 15
498 18
499 14
500 15
501 17
502 14
503 14
504 18
505 16
506 17
507 18
508 18
509 16
510 16
511 17
512 18
513 17
514 19
515 16
516 15
517 18
518 15
519 17
520 15
521 16
522 15
523 17
524 15
525 17
526 16
527 14
528 16
529 16
530 18
531 18
532 14
533 16
534 16
535 15
536 16
537 13
538 15
539 18
540 15
541 16
542 16
543 17
544 19
545 17
546 18
547 17
548 18
549 16
550 17
551 12
552 16
553 14
554 17
555 18
556 18
557 15
558 17
559 18
560 17
561 16
562 13
563 13
564 15
565 15
566 16
567 16
568 15
569 15
570 15
571 13
572 17
573 16
574 15
575 18
576 17
577 13
578 17
579 15
580 17
581 15
582 16
583 15
584 16
585 16
586 14
587 16
588 19
589 14
590 16
591 14
592 15
593 14
594 17
595 18
596 15
597 17
598 16
599 17
600 16
601 16
602 15
603 16
604 17
605 14
606 15
607 17
608 15
609 17
610 15
611 15
612 17
613 16
614 13
615 17
616 15
617 15
618 19
619 13
620 15
621 15
622 16
623 13
624 14
625 15
626 15
627 15
628 16
629 18
630 17
631 14
632 17
633 16
634 19
635 17
636 16
637 16
638 17
639 16
640 16
641 16
642 16
643 16
644 14
645 15
646 18
647 16
648 13
649 16
650 16
651 18
652 18
653 17
654 17
655 16
656 16
657 14
658 15
659 17
660 15
661 17
662 15
663 15
664 17
665 15
666 14
667 14
668 17
669 17
670 16
671 15
672 16
673 17
674 13
675 16
676 15
677 17
678 18
679 14
680 19
681 17
682 20
683 19
684 17
685 16
686 16
687 14
688 16
689 14
690 15
691 16
692 16
693 18
694 17
695 14
696 14
697 16
698 17
699 16
700 14
701 15
702 16
703 18
704 15
705 17
706 15
707 18
708 14
709 13
710 17
711 17
712 18
713 17
714 15
715 17
716 15
717 16
718 14
719 15
720 18
721 16
722 14
723 16
724 16
725 17
726 16
727 15
728 14
729 19
730 15
731 16
732 16
733 18
734 18
735 16
736 15
737 15
738 18
739 16
740 17
741 15
742 16
743 16
744 17
745 14
746 17
747 16
748 16
749 16
750 16
751 15
752 14
753 14
754 16
755 17
756 17
757 18
758 18
759 16
760 17
761 17
762 13
763 15
764 18
765 16
766 16
767 17
768 18
769 17
770 18
771 18
772 16
773 15
774 14
775 15
776 18
777 18
778 17
779 16
780 15
781 14
782 15
783 14
784 17
785 18
786 16
787 16
788 16
789 19
790 16
791 16
792 16
793 17
794 13
795 18
796 17
797 15
798 16
799 19
800 13
801 16
802 16
803 19
804 15
805 16
806 19
807 16
808 19
809 14
810 16
811 19
812 12
813 16
814 17
815 17
816 17
817 17
818 17
819 18
820 18
821 15
822 16
823 16
824 17
825 19
826 15
827 14
828 13
829 14
830 15
831 13
832 16
833 15
834 18
835 15
836 16
837 18
838 16
839 14
840 16
841 13
842 18
843 17
844 16
845 16
846 14
847 17
848 16
849 17
850 15
851 16
852 13
853 16
854 11
855 18
856 17
857 15
858 17
859 16
860 17
861 17
862 17
863 15
864 16
865 15
866 16
867 16
868 17
869 14
870 15
871 15
872 14
873 12
874 15
875 17
876 17
877 14
878 16
879 18
880 14
881 16
882 15
883 18
884 17
885 17
886 14
887 12
888 18
889 15
890 16
891 18
892 16
893 16
894 17
895 15
896 16
897 14
898 18
899 17
900 15
901 14
902 16
903 13
904 18
905 16
906 16
907 16
908 17
909 17
910 18
911 13
912 13
913 17
914 17
915 17
916 16
917 13
918 14
919 16
920 18
921 11
922 17
923 18
924 17
925 16
926 17
927 11
928 17
929 17
930 16
931 16
932 19
933 12
934 15
935 17
936 18
937 16
938 15
939 17
940 16
941 16
942 15
943 16
944 16
945 17
946 17
947 18
948 15
949 14
950 16
951 16
952 18
953 17
954 19
955 16
956 16
957 15
958 17
959 13
960 15
961 18
962 17
963 15
964 17
965 17
966 18
967 18
968 17
969 18
970 15
971 16
972 17
973 18
974 17
975 14
976 16
977 15
978 16
979 17
980 16
981 19
982 18
983 15
984 15
985 17
986 15
987 16
988 14
989 15
990 16
991 17
992 17
993 15
994 17
995 15
996 17
997 16
998 16
999 17
1000 19
