0 50
1 41
2 36
3 32
4 33
5 32
6 33
7 32
8 30
9 29
10 28
11 27
12 29
13 31
14 31
15 29
16 28
17 28
18 28
19 31
20 28
21 31
22 31
23 31
24 31
25 30
26 30
27 30
28 30
29 30
30 30
31 28
32 31
33 31
34 30
35 29
36 30
37 32
38 27
39 28
40 30
41 30
42 30
43 31
44 31
45 29
46 30
47 29
48 29
49 30
50 29
51 31
52 31
53 30
54 28
55 29
56 29
57 28
58 30
59 31
60 33
61 29
62 30
63 30
64 29
65 29
66 27
67 28
68 30
69 32
70 31
71 30
72 31
73 30
74 30
75 32
76 31
77 30
78 29
79 29
80 30
81 33
82 31
83 33
84 33
85 31
86 32
87 33
88 32
89 33
90 34
91 30
92 31
93 30
94 28
95 28
96 29
97 26
98 30
99 30
100 32
101 32
102 30
103 29
104 32
105 28
106 29
107 31
108 31
109 31
110 31
111 30
112 31
113 32
114 32
115 32
116 30
117 29
118 25
119 26
120 29
121 30
122 27
123 28
124 29
125 26
126 24
127 27
128 29
129 30
130 29
131 27
132 28
133 27
134 28
135 32
136 32
137 32
138 31
139 31
140 31
141 29
142 30
143 31
144 32
145 31
146 31
147 31
148 29
149 27
150 28
151 30
152 31
153 30
154 30
155 28
156 29
157 29
158 29
159 27
160 28
161 29
162 29
163 31
164 30
165 32
166 30
167 28
168 31
169 30
170 32
171 32
172 32
173 31
174 34
175 33
176 32
177 33
178 32
179 30
180 29
181 29
182 27
183 31
184 31
185 29
186 29
187 29
188 29
189 30
190 30
191 30
192 32
193 32
194 26
195 27
196 28
197 26
198 29
199 26
200 25
201 28
202 32
203 30
204 30
205 26
206 28
207 27
208 26
209 25
210 22
211 24
212 27
213 28
214 26
215 28
216 29
217 31
218 29
219 28
220 27
221 31
222 31
223 32
224 33
225 27
226 30
227 28
228 27
229 29
230 30
231 30
232 29
233 26
234 26
235 24
236 28
237 31
238 27
239 30
240 31
241 26
242 26
243 28
244 30
245 28
246 28
247 30
248 32
249 32
250 31
251 30
252 32
253 29
254 25
255 29
256 31
257 31
258 31
259 30
260 32
261 33
262 30
263 29
264 27
265 31
266 28
267 25
268 24
269 26
270 21
271 22
272 26
273 24
274 26
275 28
276 26
277 27
278 28
279 30
280 30
281 31
282 32
283 29
284 28
285 29
286 32
287 27
288 29
289 30
290 29
291 31
292 27
293 27
294 22
295 24
296 25
297 27
298 26
299 29
300 30
301 27
302 29
303 29
304 30
305 30
306 30
307 30
308 28
309 28
310 31
311 31
312 32
313 31
314 28
315 30
316 29
317 30
318 33
319 34
320 32
321 31
322 33
323 30
324 30
325 31
326 30
327 32
328 28
329 31
330 32
331 32
332 30
333 31
334 29
335 28
336 29
337 29
338 29
339 27
340 32
341 32
342 31
343 30
344 31
345 31
346 29
347 31
348 30
349 30
350 29
351 29
352 29
353 30
354 27
355 26
356 30
357 29
358 28
359 28
360 30
361 30
362 31
363 32
364 31
365 31
366 31
367 28
368 27
369 28
370 28
371 31
372 32
373 29
374 31
375 30
376 27
377 29
378 29
379 29
380 28
381 29
382 31
383 30
384 28
385 26
386 29
387 26
388 30
389 29
390 27
391 28
392 31
393 30
394 31
395 28
396 27
397 30
398 30
399 33
400 30
401 33
402 32
403 33
404 29
405 30
406 27
407 28
408 26
409 26
410 25
411 27
412 29
413 31
414 29
415 27
416 29
417 32
418 30
419 30
420 29
421 29
422 29
423 29
424 29
425 29
426 29
427 29
428 28
429 27
430 28
431 29
432 29
433 29
434 26
435 27
436 29
437 28
438 27
439 29
440 29
441 30
442 29
443 30
444 32
445 33
446 32
447 30
448 31
449 27
450 27
451 25
452 26
453 27
454 29
455 29
456 32
457 30
458 31
459 31
460 30
461 30
462 30
463 29
464 28
465 29
466 24
467 28
468 31
469 30
470 29
471 29
472 27
473 28
474 28
475 27
476 27
477 29
478 29
479 30
480 28
481 30
482 30
483 32
484 31
485 30
486 30
487 28
488 30
489 31
490 29
491 28
492 30
493 32
494 32
495 31
496 32
497 31
498 29
499 29
500 27
501 29
502 28
503 27
504 31
505 30
506 29
507 29
508 29
509 33
510 31
511 30
512 31
513 31
514 30
515 28
516 30
517 29
518 26
519 24
520 27
521 30
522 28
523 30
524 32
525 30
526 29
527 26
528 28
529 29
530 28
531 31
532 32
533 29
534 29
535 31
536 28
537 30
538 26
539 28
540 30
541 30
542 29
543 27
544 27
545 30
546 30
547 31
548 28
549 27
550 30
551 31
552 30
553 28
554 29
555 27
556 29
557 28
558 28
559 28
560 28
561 30
562 31
563 31
564 30
565 27
566 26
567 27
568 27
569 29
570 23
571 27
572 26
573 29
574 30
575 30
576 29
577 29
578 27
579 29
580 26
581 30
582 31
583 29
584 28
585 29
586 28
587 29
588 27
589 29
590 28
591 29
592 27
593 26
594 28
595 28
596 28
597 27
598 29
599 31
600 30
601 31
602 31
603 31
604 29
605 27
606 28
607 30
608 31
609 30
610 30
611 27
612 26
613 29
614 28
615 30
616 27
617 25
618 29
619 29
620 31
621 31
622 32
623 28
624 29
625 28
626 30
627 29
628 30
629 30
630 28
631 28
632 27
633 28
634 28
635 28
636 28
637 26
638 29
639 30
640 28
641 30
642 30
643 31
644 30
645 27
646 25
647 27
648 29
649 28
650 27
651 29
652 28
653 27
654 29
655 30
656 28
657 28
658 27
659 28
660 28
661 25
662 26
663 29
664 27
665 28
666 30
667 31
668 26
669 26
670 29
671 32
672 33
673 33
674 30
675 31
676 31
677 28
678 27
679 28
680 28
681 30
682 31
683 31
684 30
685 29
686 26
687 25
688 26
689 28
690 27
691 29
692 27
693 27
694 27
695 31
696 31
697 27
698 29
699 27
700 32
701 31
702 29
703 29
704 31
705 31
706 32
707 33
708 31
709 29
710 32
711 29
712 28
713 29
714 28
715 30
716 28
717 30
718 32
719 29
720 31
721 29
722 29
723 30
724 29
725 28
726 29
727 27
728 24
729 24
730 27
731 30
732 29
733 28
734 29
735 32
736 31
737 32
738 32
739 31
740 30
741 31
742 30
743 30
744 29
745 28
746 31
747 32
748 28
749 30
750 28
751 28
752 27
753 29
754 31
755 30
756 32
757 30
758 32
759 31
760 29
761 30
762 28
763 26
764 28
765 28
766 30
767 31
768 32
769 30
770 27
771 26
772 29
773 27
774 30
775 29
776 29
777 30
778 32
779 33
780 31
781 28
782 31
783 33
784 28
785 29
786 32
787 31
788 30
789 32
790 32
791 28
792 28
793 27
794 27
795 29
796 27
797 30
798 32
799 33
800 33
801 31
802 32
803 33
804 32
805 30
806 31
807 30
808 29
809 26
810 28
811 29
812 28
813 31
814 27
815 30
816 28
817 26
818 24
819 23
820 26
821 27
822 29
823 27
824 29
825 30
826 29
827 30
828 30
829 28
830 31
831 30
832 32
833 30
834 32
835 30
836 28
837 31
838 25
839 28
840 30
841 32
842 31
843 30
844 32
845 30
846 27
847 30
848 33
849 33
850 34
851 34
852 36
853 32
854 32
855 32
856 31
857 30
858 29
859 28
860 28
861 29
862 28
863 28
864 31
865 28
866 29
867 26
868 27
869 26
870 29
871 28
872 29
873 31
874 29
875 30
876 30
877 28
878 25
879 27
880 31
881 29
882 29
883 27
884 28
885 32
886 31
887 32
888 31
889 32
890 32
891 26
892 27
893 29
894 25
895 26
896 24
897 26
898 26
899 28
900 28
901 28
902 28
903 30
904 29
905 31
906 29
907 28
908 30
909 33
910 29
911 29
912 30
913 28
914 29
915 31
916 29
917 29
918 29
919 28
920 28
921 30
922 32
923 31
924 32
925 27
926 23
927 25
928 24
929 27
930 28
931 30
932 29
933 29
934 31
935 29
936 26
937 28
938 32
939 31
940 31
941 29
942 28
943 30
944 32
945 32
946 30
947 29
948 30
949 31
950 31
951 29
952 27
953 29
954 28
955 28
956 31
957 32
958 33
959 32
960 30
961 29
962 25
963 25
964 26
965 28
966 26
967 22
968 26
969 27
970 27
971 27
972 30
973 33
974 32
975 31
976 31
977 29
978 27
979 28
980 31
981 30
982 30
983 29
984 32
985 29
986 30
987 28
988 31
989 30
990 28
991 29
992 31
993 30
994 31
995 31
996 30
997 30
998 31
999 31
1000 30
