0 75
1 73
2 71
3 69
4 68
5 67
6 66
7 64
8 63
9 61
10 60
11 59
12 55
13 54
14 51
15 51
16 50
17 49
18 47
19 47
20 47
21 44
22 43
23 42
24 40
25 39
26 38
27 37
28 36
29 36
30 36
31 35
32 35
33 34
34 34
35 34
36 34
37 34
38 34
39 33
40 32
41 32
42 31
43 31
44 28
45 27
46 27
47 27
48 27
49 26
50 26
51 26
52 26
53 25
54 25
55 25
56 25
57 25
58 24
59 24
60 24
61 22
62 22
63 21
64 19
65 20
66 20
67 20
68 19
69 18
70 18
71 19
72 19
73 20
74 19
75 19
76 19
77 19
78 19
79 19
80 18
81 18
82 19
83 20
84 18
85 18
86 18
87 18
88 19
89 19
90 19
91 19
92 19
93 19
94 19
95 18
96 17
97 18
98 18
99 18
100 18
101 19
102 19
103 18
104 18
105 17
106 18
107 18
108 16
109 16
110 16
111 17
112 18
113 18
114 19
115 18
116 18
117 18
118 18
119 18
120 19
121 19
122 18
123 18
124 20
125 20
126 20
127 19
128 19
129 19
130 19
131 19
132 19
133 19
134 20
135 20
136 21
137 21
138 20
139 21
140 20
141 20
142 20
143 19
144 19
145 19
146 19
147 19
148 20
149 20
150 20
151 20
152 20
153 20
154 19
155 20
156 19
157 18
158 18
159 17
160 17
161 17
162 17
163 16
164 17
165 16
166 16
167 16
168 15
169 16
170 16
171 16
172 16
173 16
174 16
175 16
176 17
177 17
178 17
179 16
180 15
181 15
182 16
183 16
184 16
185 17
186 17
187 17
188 16
189 17
190 17
191 17
192 18
193 18
194 19
195 19
196 18
197 18
198 19
199 20
200 20
201 19
202 19
203 20
204 20
205 21
206 21
207 22
208 21
209 21
210 20
211 21
212 22
213 23
214 22
215 21
216 21
217 21
218 22
219 23
220 23
221 23
222 23
223 23
224 21
225 21
226 22
227 22
228 21
229 20
230 20
231 20
232 21
233 21
234 22
235 22
236 22
237 22
238 22
239 22
240 21
241 21
242 21
243 21
244 21
245 21
246 21
247 21
248 21
249 21
250 21
251 22
252 22
253 23
254 23
255 23
256 23
257 24
258 24
259 25
260 23
261 22
262 23
263 22
264 21
265 21
266 20
267 20
268 20
269 20
270 20
271 19
272 19
273 19
274 19
275 19
276 18
277 19
278 18
279 18
280 18
281 17
282 17
283 17
284 16
285 16
286 16
287 17
288 17
289 17
290 16
291 16
292 15
293 16
294 16
295 16
296 17
297 16
298 16
299 15
300 15
301 15
302 15
303 14
304 13
305 14
306 14
307 15
308 16
309 16
310 15
311 16
312 16
313 17
314 18
315 18
316 19
317 20
318 20
319 19
320 19
321 18
322 18
323 18
324 18
325 19
326 19
327 19
328 17
329 17
330 17
331 17
332 17
333 17
334 17
335 18
336 17
337 17
338 17
339 18
340 18
341 18
342 18
343 18
344 18
345 18
346 19
347 19
348 19
349 19
350 19
351 19
352 19
353 18
354 17
355 17
356 18
357 20
358 20
359 20
360 21
361 21
362 22
363 22
364 22
365 22
366 21
367 21
368 21
369 20
370 20
371 20
372 21
373 21
374 21
375 21
376 21
377 22
378 22
379 22
380 22
381 23
382 23
383 23
384 23
385 23
386 23
387 22
388 21
389 21
390 20
391 20
392 19
393 19
394 18
395 19
396 20
397 20
398 20
399 19
400 20
401 19
402 19
403 19
404 19
405 20
406 19
407 19
408 20
409 20
410 20
411 20
412 21
413 21
414 21
415 21
416 21
417 21
418 21
419 21
420 21
421 22
422 21
423 21
424 21
425 21
426 20
427 20
428 21
429 19
430 19
431 20
432 20
433 21
434 20
435 20
436 20
437 20
438 21
439 21
440 21
441 21
442 20
443 20
444 20
445 21
446 21
447 21
448 18
449 18
450 18
451 19
452 19
453 19
454 19
455 19
456 19
457 19
458 18
459 18
460 16
461 14
462 14
463 15
464 16
465 16
466 17
467 16
468 16
469 16
470 16
471 15
472 15
473 16
474 16
475 15
476 16
477 15
478 16
479 17
480 17
481 15
482 16
483 16
484 17
485 18
486 18
487 18
488 18
489 17
490 16
491 17
492 18
493 17
494 18
495 19
496 20
497 20
498 21
499 21
500 21
501 22
502 20
503 20
504 21
505 21
506 21
507 22
508 22
509 22
510 23
511 24
512 24
513 24
514 24
515 21
516 21
517 21
518 21
519 21
520 21
521 21
522 21
523 21
524 21
525 20
526 20
527 19
528 19
529 19
530 19
531 19
532 19
533 19
534 19
535 19
536 19
537 18
538 19
539 18
540 18
541 17
542 17
543 17
544 18
545 18
546 18
547 19
548 19
549 20
550 21
551 21
552 21
553 21
554 21
555 21
556 20
557 19
558 17
559 17
560 16
561 16
562 16
563 17
564 17
565 18
566 18
567 19
568 19
569 19
570 19
571 20
572 20
573 20
574 21
575 20
576 19
577 19
578 18
579 18
580 17
581 16
582 18
583 18
584 18
585 18
586 18
587 18
588 18
589 18
590 19
591 19
592 19
593 20
594 21
595 21
596 21
597 20
598 20
599 20
600 20
601 20
602 20
603 20
604 20
605 20
606 20
607 20
608 21
609 21
610 20
611 20
612 20
613 18
614 19
615 19
616 19
617 19
618 20
619 20
620 20
621 18
622 18
623 17
624 17
625 16
626 17
627 18
628 18
629 18
630 19
631 19
632 19
633 19
634 20
635 19
636 18
637 18
638 18
639 19
640 18
641 19
642 18
643 18
644 19
645 19
646 18
647 18
648 18
649 18
650 18
651 18
652 19
653 20
654 19
655 19
656 20
657 21
658 21
659 21
660 21
661 21
662 21
663 20
664 20
665 21
666 21
667 21
668 21
669 21
670 21
671 21
672 21
673 21
674 21
675 20
676 19
677 18
678 18
679 18
680 18
681 18
682 17
683 17
684 17
685 17
686 17
687 18
688 19
689 20
690 20
691 20
692 20
693 21
694 22
695 21
696 21
697 21
698 21
699 20
700 20
701 20
702 21
703 21
704 21
705 22
706 22
707 22
708 22
709 21
710 21
711 22
712 23
713 23
714 23
715 24
716 24
717 24
718 23
719 23
720 23
721 22
722 22
723 22
724 21
725 22
726 19
727 19
728 18
729 17
730 17
731 18
732 19
733 19
734 19
735 18
736 18
737 19
738 19
739 20
740 20
741 20
742 21
743 21
744 20
745 21
746 21
747 21
748 21
749 20
750 19
751 19
752 19
753 19
754 18
755 18
756 18
757 17
758 17
759 17
760 17
761 17
762 17
763 17
764 17
765 16
766 16
767 15
768 15
769 16
770 16
771 16
772 16
773 15
774 15
775 15
776 15
777 15
778 15
779 15
780 14
781 14
782 13
783 13
784 13
785 13
786 14
787 15
788 15
789 15
790 14
791 14
792 15
793 15
794 15
795 14
796 14
797 14
798 13
799 14
800 15
801 16
802 16
803 17
804 17
805 16
806 16
807 16
808 16
809 16
810 17
811 17
812 17
813 17
814 16
815 17
816 17
817 19
818 20
819 22
820 22
821 22
822 22
823 21
824 21
825 21
826 21
827 22
828 22
829 22
830 22
831 22
832 21
833 21
834 22
835 22
836 22
837 22
838 22
839 21
840 21
841 21
842 22
843 21
844 21
845 20
846 20
847 20
848 20
849 20
850 20
851 21
852 21
853 22
854 22
855 21
856 21
857 20
858 21
859 21
860 21
861 21
862 21
863 21
864 20
865 21
866 21
867 21
868 21
869 21
870 21
871 20
872 20
873 19
874 19
875 19
876 19
877 19
878 19
879 18
880 17
881 17
882 17
883 17
884 16
885 17
886 17
887 17
888 17
889 17
890 17
891 18
892 19
893 18
894 18
895 18
896 18
897 18
898 18
899 17
900 17
901 16
902 16
903 16
904 14
905 15
906 14
907 14
908 15
909 15
910 15
911 15
912 15
913 15
914 16
915 16
916 16
917 17
918 17
919 17
920 17
921 17
922 17
923 17
924 17
925 18
926 18
927 18
928 19
929 20
930 20
931 20
932 19
933 20
934 20
935 20
936 20
937 20
938 20
939 20
940 20
941 20
942 20
943 20
944 21
945 20
946 20
947 20
948 20
949 20
950 19
951 20
952 20
953 21
954 21
955 22
956 21
957 20
958 20
959 20
960 20
961 21
962 21
963 21
964 21
965 22
966 23
967 23
968 24
969 24
970 25
971 25
972 26
973 25
974 24
975 24
976 24
977 24
978 25
979 23
980 23
981 23
982 23
983 23
984 23
985 22
986 21
987 20
988 20
989 20
990 20
991 19
992 20
993 19
994 19
995 19
996 18
997 19
998 19
999 19
1000 19
