0 10
1 3
2 6
3 6
4 6
5 7
6 5
7 4
8 3
9 4
10 5
11 7
12 6
13 5
14 5
15 5
16 5
17 4
18 6
19 2
20 5
21 5
22 6
23 6
24 7
25 3
26 4
27 4
28 6
29 4
30 4
31 6
32 6
33 4
34 4
35 6
36 5
37 7
38 6
39 4
40 5
41 5
42 6
43 3
44 5
45 4
46 6
47 6
48 4
49 3
50 5
51 4
52 5
53 6
54 5
55 4
56 5
57 5
58 6
59 4
60 6
61 5
62 5
63 6
64 5
65 6
66 6
67 5
68 6
69 5
70 4
71 5
72 6
73 6
74 5
75 5
76 5
77 6
78 7
79 5
80 4
81 6
82 5
83 4
84 3
85 5
86 5
87 5
88 7
89 8
90 7
91 5
92 5
93 6
94 5
95 4
96 5
97 5
98 3
99 5
100 5
101 4
102 5
103 5
104 5
105 6
106 7
107 6
108 5
109 4
110 5
111 5
112 5
113 5
114 6
115 5
116 6
117 6
118 4
119 3
120 3
121 5
122 4
123 4
124 5
125 7
126 5
127 5
128 6
129 5
130 5
131 6
132 6
133 6
134 4
135 3
136 4
137 3
138 3
139 5
140 5
141 7
142 5
143 5
144 5
145 4
146 4
147 6
148 5
149 6
150 6
151 5
152 5
153 4
154 4
155 4
156 5
157 6
158 6
159 5
160 6
161 6
162 6
163 4
164 5
165 5
166 6
167 5
168 5
169 5
170 6
171 6
172 6
173 6
174 4
175 4
176 4
177 5
178 3
179 4
180 4
181 3
182 4
183 5
184 6
185 6
186 4
187 5
188 5
189 5
190 4
191 5
192 5
193 5
194 5
195 5
196 6
197 5
198 5
199 4
200 6
201 6
202 6
203 4
204 4
205 5
206 6
207 5
208 6
209 6
210 4
211 4
212 5
213 5
214 3
215 4
216 6
217 6
218 7
219 4
220 5
221 5
222 6
223 4
224 3
225 5
226 4
227 6
228 5
229 6
230 4
231 4
232 5
233 5
234 5
235 5
236 4
237 3
238 2
239 4
240 5
241 5
242 5
243 5
244 4
245 4
246 6
247 5
248 7
249 5
250 5
251 6
252 6
253 5
254 4
255 5
256 5
257 6
258 4
259 3
260 6
261 7
262 6
263 5
264 4
265 5
266 5
267 6
268 6
269 6
270 6
271 5
272 5
273 5
274 7
275 5
276 5
277 6
278 5
279 6
280 4
281 6
282 6
283 5
284 5
285 4
286 2
287 5
288 6
289 6
290 4
291 3
292 5
293 5
294 5
295 6
296 5
297 4
298 5
299 5
300 6
301 5
302 5
303 4
304 6
305 7
306 5
307 6
308 4
309 4
310 5
311 7
312 5
313 6
314 8
315 5
316 5
317 5
318 4
319 4
320 6
321 6
322 6
323 5
324 7
325 7
326 6
327 5
328 4
329 5
330 6
331 5
332 6
333 6
334 3
335 6
336 5
337 3
338 5
339 6
340 5
341 5
342 6
343 5
344 6
345 8
346 7
347 7
348 7
349 4
350 4
351 4
352 4
353 5
354 4
355 3
356 5
357 5
358 7
359 7
360 6
361 5
362 5
363 6
364 5
365 5
366 4
367 2
368 3
369 5
370 5
371 5
372 4
373 6
374 5
375 4
376 6
377 4
378 3
379 5
380 6
381 6
382 5
383 4
384 4
385 4
386 4
387 6
388 6
389 5
390 6
391 6
392 6
393 4
394 5
395 5
396 5
397 5
398 5
399 4
400 5
401 5
402 4
403 5
404 5
405 6
406 5
407 5
408 4
409 5
410 5
411 4
412 5
413 4
414 5
415 2
416 4
417 5
418 6
419 7
420 5
421 6
422 4
423 5
424 4
425 5
426 5
427 6
428 5
429 5
430 7
431 5
432 6
433 5
434 4
435 6
436 7
437 7
438 7
439 4
440 4
441 5
442 5
443 6
444 5
445 4
446 4
447 5
448 5
449 5
450 4
451 4
452 3
453 3
454 2
455 4
456 3
457 4
458 5
459 6
460 5
461 7
462 5
463 6
464 5
465 4
466 5
467 6
468 7
469 7
470 6
471 6
472 5
473 5
474 5
475 4
476 4
477 5
478 5
479 4
480 4
481 6
482 6
483 6
484 3
485 6
486 6
487 5
488 4
489 5
490 6
491 5
492 5
493 5
494 4
495 5
496 4
497 4
498 7
499 5
500 4
501 5
502 5
503 4
504 4
505 5
506 4
507 4
508 6
509 5
510 5
511 5
512 6
513 6
514 6
515 6
516 6
517 5
518 6
519 5
520 5
521 6
522 6
523 6
524 7
525 6
526 5
527 6
528 7
529 6
530 6
531 6
532 6
533 7
534 6
535 6
536 4
537 5
538 5
539 4
540 3
541 5
542 5
543 5
544 5
545 3
546 4
547 6
548 5
549 5
550 5
551 5
552 6
553 4
554 4
555 4
556 3
557 3
558 5
559 4
560 5
561 5
562 6
563 5
564 6
565 4
566 5
567 5
568 5
569 4
570 5
571 4
572 5
573 5
574 5
575 5
576 6
577 6
578 6
579 7
580 7
581 5
582 4
583 5
584 2
585 3
586 4
587 5
588 6
589 3
590 5
591 4
592 6
593 4
594 6
595 6
596 5
597 4
598 5
599 3
600 5
601 5
602 6
603 7
604 7
605 6
606 7
607 6
608 3
609 6
610 5
611 5
612 5
613 6
614 4
615 4
616 4
617 5
618 4
619 5
620 4
621 4
622 4
623 6
624 6
625 5
626 6
627 7
628 6
629 6
630 6
631 7
632 7
633 6
634 6
635 5
636 5
637 6
638 6
639 4
640 6
641 5
642 5
643 5
644 6
645 6
646 3
647 5
648 5
649 5
650 6
651 4
652 2
653 3
654 5
655 6
656 5
657 5
658 6
659 5
660 5
661 4
662 5
663 5
664 5
665 6
666 5
667 5
668 4
669 4
670 6
671 5
672 5
673 5
674 6
675 6
676 7
677 6
678 7
679 6
680 5
681 6
682 4
683 5
684 5
685 5
686 5
687 5
688 4
689 4
690 4
691 5
692 7
693 5
694 5
695 6
696 6
697 5
698 5
699 5
700 5
701 4
702 4
703 4
704 5
705 6
706 6
707 6
708 4
709 6
710 5
711 6
712 6
713 6
714 6
715 4
716 3
717 5
718 6
719 4
720 5
721 7
722 7
723 6
724 6
725 6
726 7
727 7
728 6
729 6
730 7
731 6
732 4
733 4
734 5
735 5
736 5
737 6
738 7
739 6
740 6
741 5
742 4
743 5
744 5
745 5
746 7
747 6
748 4
749 5
750 4
751 5
752 4
753 5
754 5
755 4
756 5
757 3
758 5
759 4
760 5
761 5
762 5
763 5
764 6
765 5
766 6
767 4
768 6
769 5
770 5
771 5
772 7
773 6
774 6
775 4
776 5
777 5
778 4
779 5
780 5
781 4
782 4
783 5
784 5
785 5
786 5
787 4
788 4
789 4
790 6
791 6
792 6
793 6
794 6
795 7
796 6
797 5
798 5
799 4
800 5
801 6
802 6
803 6
804 6
805 6
806 6
807 5
808 4
809 4
810 4
811 4
812 4
813 5
814 5
815 6
816 4
817 4
818 4
819 5
820 3
821 6
822 5
823 6
824 5
825 5
826 7
827 7
828 6
829 6
830 5
831 5
832 4
833 4
834 5
835 7
836 5
837 5
838 7
839 6
840 6
841 6
842 5
843 6
844 6
845 4
846 5
847 5
848 5
849 5
850 5
851 4
852 4
853 5
854 2
855 5
856 5
857 5
858 5
859 5
860 5
861 6
862 6
863 6
864 4
865 5
866 5
867 5
868 5
869 5
870 5
871 5
872 1
873 3
874 6
875 6
876 6
877 5
878 6
879 5
880 4
881 1
882 2
883 5
884 5
885 4
886 4
887 2
888 4
889 5
890 7
891 5
892 4
893 4
894 4
895 6
896 6
897 6
898 5
899 5
900 6
901 7
902 7
903 7
904 7
905 4
906 5
907 5
908 6
909 6
910 6
911 5
912 5
913 4
914 4
915 4
916 4
917 5
918 6
919 5
920 3
921 5
922 5
923 5
924 5
925 6
926 6
927 5
928 4
929 5
930 6
931 6
932 5
933 5
934 7
935 7
936 6
937 6
938 5
939 7
940 7
941 6
942 6
943 5
944 6
945 5
946 6
947 6
948 6
949 6
950 5
951 5
952 5
953 4
954 5
955 5
956 5
957 3
958 4
959 2
960 5
961 4
962 5
963 5
964 5
965 7
966 4
967 5
968 7
969 3
970 7
971 5
972 5
973 6
974 4
975 5
976 6
977 6
978 7
979 5
980 5
981 6
982 5
983 5
984 6
985 6
986 6
987 6
988 5
989 6
990 6
991 5
992 5
993 3
994 4
995 3
996 3
997 6
998 7
999 6
1000 5
