0 85
1 72
2 66
3 64
4 65
5 67
6 59
7 51
8 57
9 55
10 58
11 53
12 57
13 60
14 58
15 61
16 59
17 59
18 61
19 65
20 63
21 61
22 63
23 63
24 60
25 60
26 61
27 53
28 56
29 55
30 48
31 54
32 57
33 58
34 65
35 63
36 61
37 64
38 55
39 56
40 63
41 58
42 56
43 57
44 58
45 66
46 61
47 55
48 58
49 60
50 59
51 59
52 58
53 61
54 58
55 58
56 62
57 58
58 66
59 59
60 53
61 54
62 58
63 59
64 66
65 60
66 63
67 67
68 59
69 57
70 57
71 61
72 61
73 57
74 57
75 58
76 61
77 58
78 62
79 60
80 67
81 64
82 60
83 55
84 57
85 56
86 57
87 57
88 58
89 63
90 65
91 63
92 62
93 61
94 61
95 64
96 56
97 63
98 60
99 62
100 62
101 64
102 57
103 56
104 57
105 58
106 57
107 54
108 53
109 57
110 63
111 62
112 62
113 56
114 57
115 63
116 60
117 60
118 64
119 60
120 59
121 62
122 63
123 64
124 62
125 58
126 51
127 58
128 61
129 63
130 64
131 60
132 62
133 53
134 57
135 57
136 57
137 57
138 58
139 62
140 60
141 57
142 58
143 59
144 54
145 64
146 60
147 59
148 59
149 58
150 60
151 63
152 62
153 63
154 64
155 67
156 66
157 64
158 62
159 58
160 61
161 58
162 55
163 56
164 53
165 60
166 59
167 65
168 62
169 57
170 55
171 55
172 52
173 56
174 59
175 57
176 63
177 62
178 64
179 62
180 57
181 60
182 62
183 61
184 57
185 56
186 60
187 55
188 60
189 59
190 60
191 60
192 60
193 62
194 62
195 62
196 53
197 54
198 60
199 59
200 62
201 63
202 57
203 63
204 66
205 63
206 64
207 60
208 60
209 59
210 54
211 61
212 59
213 64
214 62
215 59
216 60
217 61
218 64
219 60
220 59
221 57
222 59
223 56
224 57
225 55
226 61
227 59
228 66
229 61
230 56
231 59
232 59
233 64
234 58
235 61
236 62
237 58
238 65
239 61
240 58
241 58
242 60
243 56
244 54
245 59
246 63
247 56
248 54
249 55
250 54
251 55
252 56
253 60
254 60
255 62
256 62
257 63
258 65
259 63
260 64
261 66
262 62
263 59
264 60
265 58
266 59
267 58
268 58
269 57
270 57
271 56
272 61
273 59
274 64
275 60
276 57
277 56
278 54
279 56
280 59
281 57
282 62
283 61
284 60
285 61
286 59
287 51
288 58
289 61
290 59
291 62
292 65
293 55
294 60
295 63
296 65
297 58
298 56
299 58
300 63
301 64
302 60
303 60
304 63
305 62
306 59
307 59
308 61
309 55
310 59
311 51
312 58
313 62
314 61
315 60
316 59
317 64
318 59
319 59
320 60
321 62
322 60
323 60
324 62
325 64
326 61
327 58
328 63
329 62
330 59
331 59
332 62
333 60
334 56
335 57
336 61
337 66
338 69
339 61
340 64
341 61
342 62
343 62
344 60
345 65
346 54
347 59
348 60
349 61
350 60
351 58
352 62
353 66
354 63
355 57
356 58
357 56
358 61
359 60
360 57
361 59
362 61
363 58
364 59
365 61
366 58
367 61
368 57
369 56
370 55
371 62
372 62
373 60
374 58
375 64
376 59
377 60
378 63
379 60
380 64
381 68
382 63
383 61
384 60
385 64
386 62
387 58
388 55
389 56
390 56
391 60
392 58
393 62
394 61
395 57
396 53
397 52
398 56
399 52
400 57
401 60
402 57
403 57
404 62
405 61
406 63
407 60
408 53
409 54
410 55
411 59
412 59
413 59
414 56
415 53
416 57
417 59
418 62
419 57
420 59
421 63
422 64
423 62
424 64
425 63
426 60
427 62
428 65
429 62
430 63
431 63
432 60
433 61
434 65
435 60
436 54
437 59
438 61
439 64
440 66
441 63
442 60
443 62
444 57
445 55
446 57
447 57
448 59
449 60
450 65
451 59
452 58
453 64
454 65
455 65
456 62
457 63
458 64
459 61
460 58
461 63
462 62
463 63
464 60
465 56
466 59
467 63
468 59
469 64
470 64
471 59
472 59
473 53
474 50
475 54
476 52
477 55
478 58
479 60
480 64
481 64
482 64
483 60
484 60
485 59
486 61
487 58
488 56
489 62
490 55
491 59
492 60
493 63
494 57
495 57
496 60
497 54
498 58
499 58
500 50
501 53
502 61
503 60
504 56
505 56
506 61
507 62
508 61
509 63
510 63
511 61
512 55
513 60
514 56
515 64
516 61
517 62
518 60
519 59
520 59
521 59
522 59
523 57
524 57
525 59
526 59
527 61
528 61
529 60
530 61
531 58
532 58
533 62
534 64
535 60
536 62
537 63
538 56
539 58
540 60
541 59
542 57
543 57
544 58
545 60
546 59
547 66
548 63
549 69
550 63
551 62
552 62
553 62
554 65
555 59
556 62
557 61
558 64
559 64
560 58
561 61
562 64
563 65
564 61
565 62
566 59
567 54
568 58
569 59
570 58
571 57
572 63
573 58
574 65
575 63
576 61
577 62
578 56
579 57
580 58
581 56
582 61
583 62
584 60
585 54
586 54
587 64
588 58
589 54
590 57
591 59
592 55
593 57
594 58
595 63
596 58
597 55
598 61
599 57
600 54
601 56
602 57
603 63
604 59
605 59
606 63
607 62
608 60
609 61
610 61
611 63
612 63
613 59
614 62
615 61
616 67
617 64
618 61
619 55
620 59
621 59
622 61
623 63
624 61
625 60
626 57
627 60
628 58
629 59
630 57
631 62
632 55
633 55
634 60
635 59
636 56
637 51
638 54
639 55
640 58
641 63
642 63
643 61
644 61
645 58
646 60
647 55
648 66
649 61
650 61
651 61
652 60
653 61
654 62
655 62
656 57
657 59
658 63
659 61
660 55
661 58
662 58
663 62
664 57
665 63
666 57
667 59
668 55
669 49
670 53
671 57
672 63
673 62
674 60
675 58
676 55
677 63
678 63
679 61
680 59
681 64
682 63
683 60
684 64
685 63
686 52
687 61
688 59
689 59
690 59
691 58
692 58
693 52
694 54
695 59
696 53
697 58
698 55
699 57
700 58
701 52
702 55
703 59
704 56
705 57
706 51
707 61
708 56
709 59
710 56
711 55
712 55
713 54
714 63
715 65
716 65
717 62
718 58
719 58
720 58
721 55
722 59
723 58
724 59
725 56
726 53
727 57
728 63
729 60
730 59
731 54
732 55
733 60
734 65
735 66
736 63
737 62
738 60
739 59
740 63
741 63
742 67
743 63
744 63
745 62
746 61
747 58
748 59
749 55
750 57
751 60
752 59
753 60
754 64
755 61
756 63
757 65
758 66
759 69
760 64
761 57
762 55
763 59
764 56
765 57
766 55
767 52
768 56
769 59
770 58
771 57
772 61
773 57
774 59
775 62
776 55
777 59
778 60
779 61
780 58
781 57
782 53
783 52
784 55
785 50
786 51
787 53
788 59
789 62
790 60
791 58
792 61
793 57
794 64
795 66
796 64
797 64
798 64
799 60
800 60
801 57
802 61
803 58
804 60
805 61
806 61
807 68
808 61
809 56
810 55
811 58
812 56
813 59
814 63
815 61
816 60
817 60
818 59
819 63
820 62
821 57
822 59
823 60
824 58
825 56
826 61
827 59
828 55
829 54
830 61
831 62
832 67
833 66
834 63
835 62
836 56
837 50
838 53
839 58
840 57
841 55
842 55
843 57
844 59
845 59
846 58
847 60
848 55
849 55
850 55
851 59
852 60
853 65
854 67
855 61
856 59
857 59
858 61
859 59
860 56
861 55
862 59
863 61
864 64
865 60
866 61
867 61
868 59
869 61
870 56
871 55
872 54
873 56
874 63
875 65
876 65
877 69
878 64
879 63
880 55
881 54
882 56
883 54
884 60
885 55
886 59
887 55
888 57
889 52
890 56
891 57
892 57
893 56
894 55
895 63
896 57
897 58
898 58
899 60
900 57
901 57
902 57
903 61
904 61
905 64
906 63
907 62
908 60
909 58
910 61
911 64
912 63
913 64
914 66
915 66
916 61
917 68
918 66
919 59
920 59
921 56
922 58
923 55
924 58
925 60
926 58
927 61
928 56
929 52
930 57
931 55
932 54
933 59
934 57
935 63
936 56
937 56
938 51
939 53
940 53
941 57
942 63
943 63
944 58
945 55
946 62
947 60
948 58
949 64
950 59
951 59
952 65
953 65
954 64
955 64
956 64
957 63
958 59
959 59
960 58
961 62
962 63
963 60
964 58
965 59
966 61
967 61
968 67
969 60
970 62
971 63
972 68
973 59
974 63
975 58
976 58
977 60
978 60
979 63
980 59
981 60
982 63
983 66
984 59
985 57
986 60
987 63
988 60
989 60
990 58
991 58
992 60
993 61
994 63
995 59
996 61
997 60
998 63
999 62
1000 65
