0 40
1 30
2 28
3 23
4 21
5 21
6 20
7 22
8 21
9 24
10 26
11 26
12 27
13 25
14 22
15 24
16 22
17 23
18 23
19 18
20 22
21 23
22 23
23 22
24 23
25 23
26 25
27 25
28 24
29 24
30 23
31 22
32 24
33 25
34 22
35 21
36 23
37 20
38 21
39 24
40 26
41 25
42 22
43 24
44 24
45 26
46 22
47 21
48 23
49 25
50 25
51 22
52 24
53 24
54 22
55 25
56 25
57 25
58 22
59 23
60 26
61 24
62 24
63 22
64 24
65 24
66 24
67 26
68 22
69 20
70 21
71 24
72 22
73 24
74 22
75 23
76 20
77 21
78 23
79 22
80 23
81 23
82 23
83 23
84 22
85 20
86 21
87 20
88 22
89 22
90 25
91 23
92 22
93 22
94 23
95 25
96 25
97 23
98 22
99 21
100 24
101 23
102 23
103 22
104 24
105 22
106 21
107 18
108 21
109 20
110 22
111 24
112 22
113 21
114 20
115 24
116 24
117 23
118 25
119 22
120 20
121 22
122 22
123 23
124 24
125 23
126 21
127 21
128 21
129 25
130 24
131 25
132 23
133 22
134 23
135 24
136 22
137 25
138 23
139 24
140 23
141 24
142 25
143 26
144 23
145 23
146 23
147 22
148 23
149 21
150 23
151 23
152 25
153 24
154 22
155 23
156 22
157 20
158 19
159 23
160 25
161 25
162 26
163 24
164 22
165 21
166 21
167 24
168 25
169 25
170 23
171 24
172 26
173 24
174 22
175 23
176 25
177 24
178 23
179 25
180 24
181 24
182 21
183 24
184 27
185 24
186 23
187 24
188 26
189 26
190 22
191 20
192 21
193 23
194 20
195 23
196 21
197 21
198 23
199 25
200 25
201 24
202 24
203 23
204 24
205 25
206 23
207 23
208 24
209 24
210 18
211 23
212 22
213 22
214 27
215 28
216 21
217 23
218 25
219 24
220 24
221 23
222 23
223 24
224 25
225 22
226 23
227 21
228 21
229 23
230 21
231 21
232 22
233 21
234 21
235 23
236 25
237 23
238 20
239 20
240 22
241 21
242 24
243 26
244 25
245 24
246 20
247 23
248 24
249 25
250 24
251 25
252 23
253 19
254 22
255 20
256 18
257 21
258 21
259 21
260 22
261 19
262 23
263 21
264 25
265 24
266 25
267 25
268 24
269 21
270 21
271 22
272 22
273 22
274 24
275 24
276 23
277 23
278 25
279 22
280 23
281 24
282 24
283 24
284 25
285 25
286 23
287 26
288 27
289 23
290 21
291 23
292 20
293 22
294 22
295 23
296 24
297 22
298 22
299 21
300 22
301 21
302 23
303 23
304 23
305 23
306 23
307 24
308 24
309 22
310 21
311 23
312 24
313 25
314 22
315 23
316 21
317 20
318 17
319 22
320 22
321 23
322 22
323 22
324 21
325 20
326 19
327 23
328 22
329 24
330 24
331 22
332 25
333 25
334 23
335 23
336 22
337 22
338 22
339 23
340 20
341 21
342 21
343 19
344 20
345 21
346 22
347 22
348 22
349 23
350 24
351 25
352 25
353 24
354 26
355 24
356 23
357 22
358 22
359 24
360 23
361 18
362 19
363 21
364 22
365 22
366 25
367 25
368 25
369 23
370 25
371 23
372 23
373 23
374 23
375 24
376 24
377 23
378 24
379 23
380 23
381 23
382 23
383 22
384 22
385 24
386 23
387 23
388 21
389 22
390 22
391 23
392 23
393 23
394 26
395 21
396 23
397 26
398 25
399 22
400 23
401 23
402 21
403 22
404 21
405 18
406 21
407 22
408 21
409 21
410 22
411 23
412 21
413 23
414 23
415 24
416 21
417 24
418 25
419 22
420 24
421 21
422 21
423 23
424 23
425 21
426 24
427 25
428 24
429 22
430 24
431 23
432 21
433 23
434 23
435 20
436 22
437 20
438 22
439 22
440 23
441 26
442 23
443 25
444 22
445 24
446 23
447 23
448 25
449 22
450 22
451 24
452 24
453 25
454 25
455 25
456 24
457 24
458 27
459 25
460 21
461 21
462 25
463 25
464 24
465 24
466 25
467 24
468 25
469 25
470 23
471 21
472 22
473 25
474 21
475 20
476 21
477 23
478 25
479 22
480 21
481 20
482 23
483 22
484 22
485 20
486 22
487 22
488 21
489 22
490 24
491 24
492 20
493 22
494 21
495 22
496 22
497 24
498 25
499 22
500 23
501 21
502 24
503 25
504 24
505 24
506 24
507 23
508 26
509 21
510 22
511 20
512 22
513 23
514 24
515 25
516 24
517 23
518 25
519 23
520 23
521 21
522 20
523 23
524 20
525 22
526 19
527 22
528 22
529 21
530 19
531 21
532 20
533 21
534 21
535 24
536 22
537 21
538 22
539 20
540 20
541 25
542 26
543 26
544 25
545 26
546 22
547 24
548 25
549 26
550 24
551 24
552 24
553 24
554 22
555 23
556 21
557 21
558 21
559 24
560 23
561 24
562 22
563 22
564 24
565 25
566 26
567 24
568 24
569 24
570 22
571 22
572 25
573 25
574 24
575 25
576 22
577 20
578 22
579 25
580 25
581 25
582 24
583 23
584 26
585 24
586 23
587 26
588 27
589 22
590 24
591 24
592 22
593 24
594 21
595 20
596 23
597 21
598 20
599 19
600 18
601 21
602 25
603 26
604 25
605 23
606 21
607 24
608 21
609 20
610 19
611 20
612 20
613 24
614 25
615 25
616 24
617 23
618 21
619 24
620 22
621 22
622 24
623 25
624 25
625 25
626 25
627 22
628 24
629 21
630 24
631 24
632 25
633 26
634 23
635 24
636 22
637 25
638 24
639 21
640 24
641 25
642 23
643 23
644 21
645 23
646 22
647 19
648 23
649 25
650 26
651 25
652 21
653 22
654 22
655 22
656 23
657 23
658 21
659 23
660 21
661 23
662 25
663 21
664 21
665 23
666 22
667 21
668 22
669 20
670 21
671 23
672 19
673 19
674 21
675 21
676 23
677 26
678 25
679 24
680 21
681 21
682 21
683 23
684 24
685 28
686 27
687 22
688 22
689 22
690 24
691 23
692 24
693 21
694 24
695 22
696 23
697 22
698 25
699 24
700 24
701 25
702 25
703 23
704 22
705 25
706 26
707 25
708 23
709 22
710 23
711 24
712 24
713 24
714 23
715 21
716 23
717 24
718 22
719 22
720 23
721 22
722 23
723 20
724 24
725 26
726 26
727 20
728 22
729 22
730 25
731 23
732 23
733 21
734 21
735 23
736 26
737 20
738 23
739 24
740 24
741 24
742 24
743 24
744 21
745 21
746 22
747 25
748 23
749 26
750 24
751 24
752 24
753 23
754 25
755 23
756 21
757 21
758 20
759 22
760 22
761 24
762 27
763 24
764 20
765 23
766 22
767 21
768 22
769 25
770 23
771 24
772 24
773 23
774 22
775 23
776 21
777 22
778 22
779 21
780 23
781 25
782 23
783 24
784 24
785 26
786 25
787 26
788 24
789 24
790 23
791 22
792 23
793 23
794 21
795 20
796 23
797 25
798 23
799 25
800 26
801 26
802 25
803 20
804 22
805 24
806 22
807 23
808 25
809 25
810 24
811 20
812 23
813 23
814 22
815 23
816 24
817 23
818 21
819 20
820 23
821 23
822 24
823 25
824 24
825 23
826 24
827 24
828 23
829 23
830 23
831 24
832 25
833 24
834 22
835 24
836 24
837 23
838 21
839 23
840 25
841 24
842 22
843 24
844 23
845 23
846 26
847 27
848 23
849 24
850 24
851 21
852 22
853 22
854 21
855 20
856 21
857 21
858 22
859 23
860 24
861 22
862 24
863 24
864 23
865 21
866 22
867 23
868 25
869 23
870 22
871 23
872 23
873 25
874 25
875 24
876 21
877 22
878 21
879 21
880 22
881 20
882 23
883 24
884 23
885 23
886 25
887 24
888 25
889 26
890 26
891 23
892 24
893 23
894 26
895 23
896 25
897 22
898 23
899 24
900 23
901 23
902 20
903 23
904 23
905 21
906 24
907 22
908 22
909 24
910 22
911 22
912 21
913 18
914 20
915 25
916 25
917 24
918 25
919 25
920 21
921 22
922 22
923 22
924 20
925 21
926 24
927 21
928 18
929 19
930 20
931 18
932 21
933 22
934 20
935 20
936 24
937 26
938 23
939 22
940 23
941 25
942 25
943 26
944 26
945 24
946 22
947 22
948 26
949 25
950 25
951 27
952 25
953 25
954 25
955 22
956 25
957 24
958 25
959 25
960 24
961 23
962 22
963 24
964 26
965 25
966 25
967 19
968 22
969 21
970 23
971 22
972 23
973 21
974 24
975 26
976 24
977 26
978 26
979 23
980 22
981 21
982 21
983 22
984 24
985 25
986 25
987 25
988 25
989 23
990 22
991 25
992 24
993 25
994 26
995 24
996 21
997 23
998 25
999 23
1000 22
