0 15
1 10
2 9
3 7
4 8
5 8
6 7
7 7
8 7
9 8
10 7
11 9
12 9
13 8
14 10
15 8
16 9
17 7
18 6
19 7
20 7
21 7
22 8
23 8
24 8
25 9
26 10
27 9
28 7
29 8
30 9
31 9
32 8
33 8
34 7
35 8
36 8
37 6
38 6
39 8
40 7
41 8
42 8
43 8
44 8
45 6
46 8
47 7
48 9
49 6
50 7
51 8
52 9
53 6
54 8
55 8
56 7
57 6
58 5
59 6
60 8
61 9
62 9
63 8
64 9
65 7
66 6
67 5
68 6
69 8
70 7
71 7
72 7
73 8
74 7
75 7
76 8
77 7
78 6
79 8
80 5
81 8
82 7
83 6
84 8
85 8
86 8
87 7
88 4
89 7
90 7
91 6
92 7
93 7
94 8
95 9
96 7
97 6
98 7
99 6
100 7
101 4
102 5
103 5
104 7
105 8
106 9
107 9
108 8
109 8
110 7
111 7
112 8
113 9
114 11
115 9
116 9
117 10
118 8
119 7
120 7
121 8
122 4
123 6
124 8
125 8
126 8
127 8
128 7
129 8
130 8
131 8
132 8
133 7
134 7
135 6
136 7
137 9
138 9
139 9
140 7
141 8
142 9
143 5
144 6
145 8
146 9
147 7
148 7
149 8
150 9
151 9
152 9
153 10
154 8
155 8
156 8
157 5
158 7
159 8
160 7
161 7
162 9
163 8
164 7
165 7
166 9
167 10
168 9
169 8
170 7
171 7
172 6
173 7
174 7
175 9
176 8
177 8
178 9
179 9
180 6
181 7
182 9
183 8
184 7
185 7
186 9
187 6
188 8
189 6
190 8
191 9
192 9
193 9
194 8
195 9
196 8
197 8
198 7
199 6
200 8
201 6
202 7
203 7
204 7
205 8
206 7
207 7
208 7
209 8
210 8
211 6
212 7
213 8
214 7
215 9
216 7
217 8
218 8
219 6
220 7
221 7
222 7
223 7
224 7
225 7
226 7
227 8
228 6
229 7
230 8
231 7
232 5
233 6
234 8
235 8
236 9
237 7
238 7
239 6
240 8
241 6
242 8
243 8
244 8
245 8
246 7
247 7
248 10
249 8
250 6
251 7
252 8
253 8
254 8
255 8
256 6
257 7
258 6
259 7
260 8
261 8
262 7
263 7
264 7
265 8
266 9
267 7
268 7
269 5
270 6
271 6
272 8
273 7
274 8
275 8
276 6
277 8
278 9
279 7
280 8
281 6
282 6
283 8
284 6
285 6
286 8
287 8
288 8
289 8
290 8
291 7
292 8
293 8
294 8
295 8
296 8
297 9
298 9
299 8
300 9
301 8
302 8
303 8
304 7
305 8
306 7
307 8
308 7
309 8
310 8
311 6
312 8
313 6
314 5
315 7
316 7
317 6
318 7
319 9
320 7
321 8
322 7
323 6
324 7
325 7
326 8
327 9
328 9
329 7
330 6
331 6
332 7
333 7
334 8
335 7
336 8
337 7
338 7
339 8
340 8
341 7
342 8
343 8
344 8
345 8
346 8
347 7
348 5
349 6
350 6
351 6
352 8
353 9
354 7
355 7
356 6
357 6
358 7
359 8
360 7
361 5
362 6
363 6
364 8
365 10
366 8
367 8
368 5
369 7
370 5
371 8
372 8
373 8
374 9
375 9
376 7
377 8
378 7
379 7
380 7
381 6
382 8
383 7
384 7
385 6
386 4
387 5
388 7
389 7
390 8
391 6
392 8
393 9
394 6
395 7
396 6
397 7
398 8
399 6
400 7
401 7
402 7
403 8
404 8
405 9
406 9
407 8
408 6
409 7
410 9
411 9
412 7
413 8
414 7
415 6
416 7
417 8
418 8
419 9
420 10
421 7
422 7
423 5
424 7
425 7
426 8
427 10
428 7
429 7
430 6
431 7
432 8
433 7
434 8
435 8
436 8
437 7
438 6
439 7
440 6
441 7
442 7
443 8
444 8
445 7
446 8
447 8
448 7
449 7
450 7
451 9
452 8
453 7
454 5
455 6
456 4
457 7
458 8
459 7
460 7
461 6
462 8
463 8
464 7
465 7
466 7
467 8
468 8
469 8
470 6
471 6
472 6
473 7
474 9
475 8
476 7
477 8
478 7
479 6
480 6
481 6
482 7
483 5
484 4
485 7
486 6
487 7
488 6
489 7
490 9
491 7
492 8
493 8
494 10
495 8
496 8
497 6
498 8
499 9
500 8
501 9
502 8
503 9
504 8
505 7
506 8
507 7
508 7
509 8
510 8
511 8
512 8
513 7
514 6
515 7
516 7
517 8
518 6
519 6
520 4
521 6
522 6
523 6
524 6
525 7
526 8
527 8
528 6
529 8
530 8
531 8
532 8
533 9
534 7
535 6
536 5
537 7
538 7
539 4
540 6
541 7
542 5
543 6
544 6
545 7
546 7
547 8
548 8
549 8
550 7
551 6
552 7
553 7
554 7
555 6
556 7
557 5
558 6
559 6
560 7
561 7
562 7
563 8
564 8
565 7
566 7
567 7
568 7
569 7
570 8
571 9
572 8
573 8
574 7
575 8
576 8
577 8
578 7
579 6
580 5
581 7
582 7
583 8
584 9
585 8
586 8
587 8
588 7
589 8
590 8
591 7
592 6
593 7
594 8
595 4
596 4
597 8
598 7
599 8
600 8
601 7
602 9
603 9
604 7
605 6
606 5
607 7
608 7
609 8
610 7
611 7
612 6
613 6
614 7
615 8
616 7
617 6
618 8
619 8
620 8
621 7
622 7
623 8
624 5
625 5
626 7
627 7
628 8
629 6
630 8
631 7
632 6
633 7
634 7
635 8
636 7
637 6
638 7
639 8
640 8
641 7
642 9
643 9
644 6
645 7
646 7
647 6
648 7
649 7
650 5
651 9
652 8
653 6
654 7
655 7
656 8
657 7
658 7
659 7
660 5
661 7
662 7
663 7
664 9
665 9
666 9
667 9
668 10
669 6
670 9
671 6
672 6
673 6
674 7
675 6
676 7
677 8
678 9
679 8
680 9
681 8
682 8
683 6
684 6
685 5
686 7
687 8
688 6
689 6
690 6
691 7
692 8
693 8
694 7
695 7
696 6
697 6
698 5
699 7
700 8
701 7
702 7
703 7
704 8
705 8
706 5
707 7
708 7
709 6
710 9
711 10
712 9
713 9
714 8
715 8
716 9
717 7
718 7
719 7
720 7
721 7
722 9
723 8
724 6
725 6
726 6
727 5
728 7
729 8
730 7
731 8
732 8
733 9
734 10
735 8
736 7
737 7
738 7
739 6
740 7
741 7
742 7
743 8
744 9
745 7
746 8
747 8
748 9
749 7
750 7
751 6
752 8
753 8
754 6
755 8
756 10
757 8
758 7
759 7
760 7
761 7
762 7
763 5
764 6
765 5
766 5
767 7
768 8
769 6
770 7
771 6
772 9
773 8
774 7
775 6
776 6
777 7
778 7
779 6
780 7
781 8
782 6
783 6
784 6
785 6
786 8
787 7
788 6
789 8
790 8
791 8
792 9
793 9
794 10
795 8
796 8
797 7
798 8
799 8
800 9
801 4
802 4
803 6
804 7
805 6
806 7
807 7
808 8
809 7
810 7
811 8
812 7
813 8
814 10
815 8
816 9
817 8
818 6
819 6
820 7
821 7
822 7
823 9
824 8
825 7
826 7
827 7
828 8
829 8
830 8
831 5
832 7
833 8
834 7
835 7
836 6
837 7
838 8
839 5
840 8
841 9
842 7
843 7
844 10
845 8
846 7
847 7
848 7
849 7
850 8
851 7
852 8
853 9
854 8
855 8
856 9
857 9
858 8
859 7
860 8
861 9
862 8
863 8
864 9
865 9
866 7
867 8
868 5
869 5
870 6
871 8
872 8
873 8
874 8
875 8
876 6
877 6
878 8
879 8
880 7
881 9
882 8
883 8
884 8
885 6
886 6
887 7
888 10
889 7
890 8
891 8
892 7
893 7
894 7
895 8
896 5
897 6
898 8
899 8
900 8
901 8
902 5
903 6
904 5
905 6
906 6
907 9
908 8
909 10
910 8
911 8
912 8
913 8
914 9
915 8
916 7
917 6
918 6
919 7
920 7
921 9
922 8
923 8
924 7
925 6
926 6
927 7
928 9
929 8
930 8
931 7
932 8
933 8
934 7
935 6
936 6
937 8
938 7
939 7
940 9
941 7
942 8
943 5
944 8
945 8
946 8
947 8
948 6
949 8
950 6
951 7
952 7
953 8
954 6
955 8
956 7
957 6
958 7
959 7
960 7
961 7
962 6
963 7
964 8
965 8
966 7
967 8
968 6
969 7
970 8
971 8
972 8
973 9
974 9
975 8
976 8
977 7
978 8
979 8
980 10
981 10
982 9
983 8
984 8
985 9
986 8
987 7
988 8
989 8
990 8
991 7
992 9
993 8
994 7
995 7
996 8
997 8
998 8
999 7
1000 9
