0 30
1 23
2 18
3 18
4 20
5 19
6 17
7 16
8 16
9 16
10 17
11 16
12 16
13 15
14 18
15 18
16 16
17 15
18 18
19 19
20 17
21 16
22 16
23 16
24 17
25 15
26 17
27 16
28 16
29 18
30 16
31 18
32 16
33 17
34 19
35 17
36 17
37 15
38 16
39 15
40 18
41 19
42 17
43 16
44 19
45 16
46 19
47 18
48 17
49 16
50 18
51 19
52 19
53 18
54 16
55 18
56 18
57 16
58 16
59 15
60 15
61 15
62 15
63 16
64 19
65 18
66 13
67 12
68 13
69 16
70 14
71 17
72 18
73 18
74 19
75 20
76 19
77 17
78 18
79 17
80 19
81 17
82 19
83 19
84 15
85 17
86 16
87 15
88 14
89 14
90 15
91 17
92 18
93 17
94 15
95 18
96 19
97 17
98 18
99 17
100 19
101 19
102 19
103 20
104 19
105 17
106 19
107 16
108 17
109 17
110 16
111 15
112 16
113 16
114 14
115 13
116 15
117 15
118 15
119 19
120 19
121 19
122 18
123 17
124 21
125 20
126 19
127 18
128 19
129 19
130 16
131 17
132 17
133 18
134 19
135 20
136 18
137 17
138 18
139 17
140 17
141 18
142 18
143 16
144 17
145 18
146 15
147 11
148 12
149 15
150 16
151 18
152 18
153 18
154 19
155 18
156 19
157 15
158 15
159 16
160 15
161 17
162 17
163 18
164 17
165 16
166 16
167 20
168 18
169 18
170 18
171 19
172 19
173 17
174 17
175 18
176 17
177 19
178 18
179 15
180 14
181 15
182 17
183 19
184 17
185 17
186 18
187 19
188 17
189 19
190 18
191 16
192 13
193 13
194 16
195 18
196 16
197 17
198 17
199 17
200 19
201 19
202 16
203 18
204 17
205 16
206 18
207 19
208 19
209 19
210 18
211 17
212 18
213 17
214 20
215 19
216 20
217 18
218 16
219 16
220 15
221 16
222 15
223 13
224 14
225 17
226 18
227 19
228 17
229 15
230 15
231 16
232 14
233 15
234 15
235 16
236 13
237 16
238 18
239 18
240 19
241 20
242 20
243 21
244 21
245 23
246 21
247 18
248 18
249 16
250 16
251 16
252 16
253 16
254 17
255 16
256 18
257 20
258 18
259 16
260 15
261 15
262 17
263 18
264 16
265 16
266 16
267 17
268 17
269 18
270 20
271 19
272 20
273 19
274 19
275 17
276 15
277 16
278 16
279 17
280 16
281 19
282 20
283 17
284 17
285 13
286 15
287 15
288 17
289 16
290 17
291 16
292 16
293 14
294 17
295 18
296 19
297 18
298 20
299 16
300 17
301 15
302 16
303 18
304 16
305 15
306 15
307 14
308 16
309 17
310 18
311 18
312 16
313 15
314 17
315 17
316 18
317 19
318 20
319 20
320 15
321 16
322 16
323 15
324 17
325 19
326 15
327 18
328 17
329 18
330 17
331 17
332 18
333 16
334 18
335 18
336 19
337 19
338 20
339 16
340 17
341 18
342 20
343 19
344 18
345 19
346 18
347 17
348 19
349 18
350 17
351 16
352 17
353 19
354 17
355 19
356 14
357 14
358 14
359 16
360 21
361 19
362 18
363 15
364 16
365 17
366 19
367 17
368 20
369 20
370 20
371 16
372 15
373 18
374 19
375 19
376 16
377 18
378 19
379 17
380 17
381 17
382 17
383 17
384 21
385 19
386 19
387 18
388 16
389 16
390 16
391 19
392 19
393 19
394 20
395 20
396 19
397 18
398 18
399 16
400 18
401 18
402 16
403 17
404 16
405 18
406 17
407 17
408 16
409 19
410 20
411 16
412 17
413 16
414 18
415 19
416 17
417 18
418 18
419 16
420 16
421 17
422 16
423 16
424 19
425 18
426 18
427 15
428 17
429 19
430 18
431 18
432 19
433 20
434 19
435 19
436 18
437 18
438 19
439 22
440 21
441 16
442 16
443 16
444 18
445 18
446 18
447 14
448 14
449 14
450 18
451 18
452 18
453 16
454 15
455 16
456 19
457 16
458 18
459 19
460 19
461 19
462 16
463 16
464 15
465 15
466 17
467 18
468 19
469 18
470 17
471 18
472 14
473 17
474 19
475 16
476 17
477 16
478 17
479 18
480 19
481 19
482 19
483 18
484 18
485 17
486 20
487 21
488 13
489 16
490 16
491 13
492 13
493 11
494 9
495 11
496 17
497 18
498 15
499 15
500 19
501 17
502 17
503 18
504 16
505 14
506 14
507 16
508 17
509 18
510 15
511 19
512 19
513 19
514 17
515 19
516 18
517 19
518 18
519 19
520 19
521 15
522 16
523 17
524 17
525 17
526 19
527 17
528 17
529 17
530 16
531 17
532 17
533 17
534 18
535 17
536 15
537 14
538 18
539 17
540 16
541 18
542 16
543 17
544 17
545 15
546 17
547 20
548 19
549 18
550 17
551 17
552 16
553 15
554 18
555 14
556 16
557 17
558 19
559 19
560 17
561 16
562 18
563 17
564 18
565 15
566 15
567 16
568 19
569 21
570 18
571 18
572 19
573 21
574 20
575 17
576 18
577 18
578 18
579 18
580 18
581 17
582 17
583 17
584 20
585 19
586 19
587 21
588 22
589 20
590 17
591 16
592 17
593 17
594 14
595 14
596 15
597 14
598 13
599 15
600 16
601 15
602 13
603 16
604 19
605 19
606 19
607 15
608 13
609 17
610 15
611 16
612 19
613 16
614 15
615 14
616 16
617 15
618 18
619 19
620 18
621 17
622 18
623 18
624 16
625 15
626 18
627 17
628 16
629 18
630 18
631 16
632 19
633 19
634 17
635 17
636 16
637 17
638 18
639 17
640 16
641 17
642 18
643 16
644 14
645 15
646 16
647 17
648 17
649 18
650 18
651 17
652 18
653 17
654 16
655 16
656 18
657 17
658 19
659 17
660 17
661 16
662 14
663 14
664 17
665 19
666 19
667 19
668 19
669 17
670 17
671 18
672 19
673 20
674 20
675 18
676 19
677 20
678 20
679 18
680 18
681 18
682 15
683 15
684 17
685 17
686 18
687 18
688 19
689 18
690 17
691 18
692 18
693 18
694 15
695 17
696 15
697 14
698 16
699 19
700 18
701 18
702 19
703 19
704 19
705 19
706 17
707 19
708 19
709 16
710 20
711 21
712 21
713 20
714 21
715 18
716 19
717 18
718 18
719 15
720 17
721 19
722 19
723 19
724 18
725 18
726 19
727 16
728 15
729 18
730 17
731 16
732 18
733 19
734 17
735 16
736 19
737 20
738 19
739 17
740 18
741 15
742 14
743 15
744 13
745 13
746 15
747 16
748 16
749 17
750 15
751 16
752 17
753 17
754 17
755 19
756 19
757 18
758 20
759 18
760 17
761 17
762 17
763 17
764 20
765 21
766 18
767 17
768 17
769 18
770 18
771 17
772 16
773 17
774 16
775 17
776 18
777 15
778 17
779 15
780 17
781 16
782 16
783 16
784 16
785 16
786 14
787 15
788 16
789 18
790 16
791 13
792 13
793 13
794 16
795 18
796 17
797 18
798 17
799 19
800 18
801 16
802 19
803 18
804 14
805 15
806 14
807 18
808 18
809 17
810 19
811 17
812 18
813 15
814 14
815 15
816 15
817 15
818 19
819 19
820 20
821 20
822 19
823 20
824 17
825 18
826 17
827 18
828 17
829 18
830 18
831 18
832 18
833 18
834 17
835 15
836 13
837 16
838 17
839 19
840 18
841 13
842 15
843 17
844 19
845 19
846 17
847 16
848 17
849 18
850 19
851 17
852 16
853 13
854 16
855 16
856 17
857 17
858 16
859 18
860 18
861 19
862 19
863 18
864 17
865 15
866 15
867 16
868 18
869 17
870 18
871 19
872 20
873 19
874 19
875 18
876 16
877 15
878 17
879 17
880 18
881 19
882 20
883 17
884 18
885 17
886 17
887 19
888 20
889 20
890 15
891 19
892 17
893 17
894 18
895 18
896 19
897 18
898 17
899 17
900 13
901 17
902 15
903 16
904 17
905 18
906 17
907 20
908 20
909 18
910 17
911 18
912 19
913 20
914 18
915 18
916 18
917 18
918 16
919 16
920 13
921 15
922 16
923 15
924 16
925 17
926 18
927 18
928 17
929 16
930 12
931 16
932 17
933 16
934 15
935 15
936 17
937 19
938 16
939 16
940 16
941 18
942 18
943 15
944 17
945 16
946 17
947 18
948 18
949 17
950 18
951 19
952 19
953 17
954 17
955 18
956 18
957 18
958 17
959 18
960 15
961 18
962 15
963 18
964 18
965 16
966 15
967 17
968 17
969 17
970 16
971 15
972 16
973 17
974 17
975 16
976 20
977 20
978 20
979 16
980 16
981 15
982 14
983 14
984 17
985 18
986 17
987 17
988 17
989 15
990 16
991 16
992 19
993 16
994 15
995 18
996 19
997 18
998 19
999 18
1000 19
