0 80
1 79
2 76
3 75
4 73
5 68
6 65
7 63
8 61
9 60
10 59
11 59
12 57
13 56
14 54
15 53
16 53
17 52
18 51
19 50
20 48
21 47
22 46
23 46
24 45
25 44
26 43
27 42
28 41
29 40
30 40
31 40
32 38
33 37
34 36
35 35
36 35
37 33
38 32
39 29
40 28
41 28
42 28
43 28
44 28
45 28
46 27
47 27
48 27
49 27
50 27
51 27
52 26
53 26
54 26
55 26
56 25
57 25
58 25
59 25
60 25
61 25
62 25
63 25
64 25
65 25
66 23
67 23
68 23
69 23
70 22
71 23
72 24
73 24
74 25
75 25
76 25
77 25
78 25
79 25
80 25
81 25
82 26
83 25
84 24
85 24
86 24
87 25
88 25
89 24
90 24
91 24
92 23
93 23
94 23
95 23
96 23
97 22
98 22
99 22
100 21
101 22
102 22
103 21
104 21
105 21
106 20
107 20
108 20
109 20
110 19
111 18
112 18
113 18
114 19
115 19
116 18
117 17
118 17
119 16
120 15
121 15
122 15
123 16
124 15
125 14
126 15
127 15
128 16
129 16
130 17
131 17
132 17
133 17
134 16
135 16
136 17
137 16
138 16
139 16
140 17
141 18
142 18
143 18
144 18
145 18
146 18
147 17
148 16
149 15
150 15
151 15
152 15
153 15
154 13
155 13
156 14
157 14
158 15
159 14
160 13
161 13
162 12
163 12
164 13
165 13
166 13
167 13
168 13
169 13
170 14
171 14
172 14
173 13
174 13
175 12
176 11
177 11
178 11
179 11
180 10
181 11
182 12
183 13
184 12
185 12
186 12
187 12
188 13
189 13
190 13
191 13
192 13
193 13
194 13
195 13
196 14
197 14
198 14
199 14
200 14
201 14
202 14
203 14
204 15
205 15
206 15
207 15
208 15
209 16
210 16
211 15
212 15
213 15
214 15
215 15
216 14
217 13
218 13
219 13
220 13
221 13
222 13
223 13
224 12
225 11
226 11
227 11
228 11
229 11
230 9
231 9
232 9
233 9
234 9
235 9
236 9
237 8
238 10
239 11
240 11
241 13
242 15
243 15
244 15
245 15
246 15
247 15
248 15
249 15
250 15
251 16
252 17
253 17
254 15
255 15
256 13
257 13
258 13
259 13
260 13
261 13
262 14
263 14
264 14
265 14
266 13
267 13
268 13
269 13
270 12
271 13
272 14
273 15
274 15
275 15
276 14
277 14
278 15
279 15
280 15
281 15
282 16
283 16
284 15
285 15
286 15
287 15
288 14
289 14
290 14
291 15
292 15
293 15
294 15
295 17
296 16
297 16
298 16
299 16
300 17
301 17
302 17
303 17
304 17
305 17
306 17
307 17
308 17
309 17
310 16
311 16
312 15
313 15
314 14
315 13
316 13
317 12
318 13
319 13
320 13
321 14
322 14
323 15
324 15
325 14
326 15
327 15
328 15
329 15
330 15
331 15
332 14
333 14
334 14
335 14
336 15
337 15
338 14
339 14
340 15
341 14
342 14
343 13
344 13
345 13
346 13
347 13
348 13
349 13
350 13
351 13
352 13
353 12
354 12
355 12
356 12
357 14
358 14
359 14
360 12
361 12
362 12
363 12
364 12
365 12
366 13
367 13
368 13
369 13
370 12
371 13
372 12
373 12
374 12
375 12
376 12
377 12
378 12
379 11
380 11
381 10
382 10
383 10
384 10
385 10
386 10
387 9
388 9
389 9
390 9
391 11
392 11
393 11
394 11
395 11
396 12
397 12
398 12
399 11
400 12
401 12
402 12
403 12
404 13
405 13
406 13
407 14
408 14
409 14
410 15
411 17
412 16
413 17
414 17
415 16
416 17
417 16
418 16
419 17
420 17
421 16
422 16
423 17
424 17
425 17
426 17
427 18
428 18
429 19
430 17
431 17
432 17
433 17
434 17
435 18
436 18
437 18
438 19
439 19
440 18
441 19
442 19
443 18
444 18
445 18
446 18
447 17
448 17
449 16
450 16
451 16
452 16
453 17
454 18
455 18
456 17
457 17
458 15
459 15
460 14
461 14
462 14
463 15
464 15
465 16
466 16
467 16
468 16
469 15
470 13
471 12
472 12
473 12
474 12
475 12
476 12
477 13
478 13
479 13
480 12
481 12
482 11
483 12
484 12
485 12
486 12
487 13
488 13
489 13
490 13
491 14
492 14
493 14
494 15
495 14
496 13
497 13
498 13
499 13
500 14
501 13
502 13
503 13
504 13
505 13
506 14
507 14
508 14
509 14
510 14
511 14
512 14
513 15
514 16
515 16
516 16
517 15
518 15
519 15
520 15
521 15
522 15
523 15
524 15
525 15
526 15
527 15
528 15
529 15
530 15
531 14
532 13
533 13
534 13
535 13
536 13
537 13
538 13
539 13
540 13
541 14
542 14
543 13
544 13
545 13
546 13
547 13
548 13
549 12
550 13
551 13
552 14
553 13
554 13
555 14
556 13
557 14
558 14
559 14
560 14
561 14
562 15
563 15
564 16
565 15
566 15
567 16
568 16
569 16
570 16
571 16
572 17
573 17
574 18
575 18
576 18
577 18
578 17
579 17
580 17
581 18
582 18
583 19
584 19
585 19
586 19
587 19
588 18
589 17
590 17
591 17
592 17
593 16
594 16
595 16
596 16
597 15
598 16
599 16
600 16
601 17
602 15
603 14
604 15
605 15
606 15
607 14
608 15
609 15
610 16
611 16
612 17
613 18
614 18
615 18
616 18
617 17
618 18
619 17
620 16
621 17
622 17
623 16
624 15
625 15
626 15
627 15
628 16
629 16
630 16
631 16
632 17
633 16
634 16
635 16
636 17
637 17
638 17
639 17
640 17
641 17
642 18
643 16
644 16
645 16
646 17
647 17
648 17
649 18
650 18
651 18
652 18
653 18
654 18
655 17
656 16
657 16
658 16
659 16
660 16
661 14
662 14
663 14
664 15
665 16
666 16
667 16
668 17
669 17
670 17
671 17
672 17
673 17
674 16
675 16
676 16
677 16
678 16
679 16
680 16
681 16
682 14
683 13
684 12
685 11
686 11
687 11
688 11
689 11
690 11
691 11
692 11
693 12
694 12
695 11
696 11
697 11
698 11
699 10
700 10
701 10
702 10
703 10
704 11
705 10
706 10
707 10
708 11
709 12
710 12
711 12
712 12
713 11
714 12
715 13
716 13
717 14
718 14
719 13
720 13
721 12
722 12
723 12
724 12
725 12
726 11
727 11
728 11
729 11
730 11
731 11
732 11
733 10
734 10
735 11
736 11
737 11
738 11
739 10
740 11
741 11
742 12
743 12
744 12
745 12
746 13
747 15
748 16
749 16
750 17
751 17
752 16
753 17
754 15
755 15
756 16
757 17
758 17
759 17
760 17
761 17
762 17
763 17
764 17
765 16
766 15
767 14
768 15
769 16
770 17
771 16
772 15
773 15
774 15
775 15
776 15
777 15
778 16
779 16
780 16
781 17
782 19
783 19
784 18
785 17
786 16
787 16
788 17
789 19
790 19
791 19
792 19
793 18
794 18
795 18
796 18
797 17
798 16
799 16
800 15
801 16
802 16
803 16
804 15
805 16
806 17
807 18
808 18
809 17
810 17
811 18
812 18
813 17
814 18
815 18
816 17
817 17
818 17
819 18
820 18
821 18
822 18
823 18
824 18
825 18
826 18
827 17
828 17
829 17
830 17
831 17
832 16
833 16
834 16
835 16
836 16
837 16
838 17
839 18
840 17
841 19
842 19
843 18
844 18
845 19
846 18
847 18
848 18
849 19
850 19
851 19
852 19
853 19
854 18
855 18
856 19
857 19
858 19
859 18
860 18
861 18
862 18
863 19
864 18
865 18
866 18
867 18
868 18
869 18
870 18
871 18
872 18
873 18
874 19
875 19
876 19
877 19
878 19
879 19
880 19
881 18
882 19
883 20
884 20
885 21
886 20
887 21
888 21
889 21
890 20
891 20
892 19
893 18
894 17
895 17
896 17
897 17
898 17
899 17
900 18
901 18
902 18
903 18
904 18
905 18
906 18
907 18
908 18
909 19
910 19
911 19
912 20
913 20
914 20
915 21
916 21
917 20
918 20
919 20
920 18
921 18
922 19
923 19
924 18
925 17
926 17
927 17
928 17
929 17
930 17
931 16
932 15
933 15
934 15
935 14
936 15
937 15
938 15
939 16
940 15
941 15
942 15
943 16
944 18
945 18
946 17
947 17
948 18
949 18
950 18
951 18
952 17
953 17
954 17
955 17
956 17
957 18
958 18
959 18
960 19
961 19
962 21
963 21
964 22
965 23
966 22
967 22
968 22
969 20
970 20
971 20
972 19
973 19
974 18
975 18
976 19
977 19
978 19
979 19
980 19
981 19
982 19
983 19
984 19
985 19
986 19
987 19
988 19
989 19
990 19
991 19
992 18
993 18
994 17
995 18
996 18
997 17
998 17
999 18
1000 18
