0 65
1 57
2 50
3 47
4 47
5 44
6 45
7 43
8 44
9 42
10 41
11 39
12 38
13 38
14 36
15 34
16 35
17 33
18 34
19 31
20 35
21 36
22 35
23 37
24 39
25 39
26 38
27 40
28 42
29 39
30 37
31 39
32 36
33 35
34 37
35 40
36 37
37 36
38 36
39 35
40 37
41 36
42 35
43 35
44 35
45 34
46 38
47 37
48 37
49 38
50 40
51 40
52 37
53 36
54 36
55 38
56 37
57 37
58 38
59 39
60 36
61 36
62 35
63 35
64 36
65 38
66 36
67 37
68 37
69 37
70 38
71 39
72 36
73 37
74 37
75 37
76 35
77 38
78 37
79 37
80 36
81 37
82 36
83 34
84 33
85 31
86 32
87 36
88 36
89 33
90 36
91 38
92 36
93 39
94 37
95 35
96 34
97 31
98 31
99 35
100 33
101 33
102 31
103 33
104 31
105 31
106 34
107 35
108 37
109 38
110 36
111 36
112 38
113 35
114 33
115 35
116 37
117 41
118 39
119 36
120 36
121 38
122 38
123 39
124 39
125 38
126 40
127 39
128 37
129 39
130 36
131 38
132 37
133 37
134 36
135 35
136 34
137 36
138 37
139 34
140 37
141 37
142 35
143 35
144 36
145 36
146 37
147 38
148 37
149 36
150 36
151 34
152 32
153 33
154 36
155 36
156 38
157 37
158 38
159 37
160 36
161 37
162 37
163 36
164 37
165 36
166 36
167 33
168 35
169 37
170 39
171 39
172 39
173 38
174 38
175 33
176 35
177 36
178 37
179 35
180 35
181 32
182 33
183 34
184 35
185 36
186 36
187 34
188 37
189 35
190 36
191 37
192 34
193 34
194 36
195 36
196 35
197 35
198 35
199 36
200 36
201 37
202 38
203 39
204 38
205 35
206 33
207 35
208 34
209 34
210 34
211 36
212 33
213 31
214 34
215 34
216 35
217 36
218 37
219 39
220 39
221 36
222 35
223 33
224 31
225 32
226 31
227 28
228 28
229 26
230 28
231 31
232 34
233 36
234 38
235 40
236 39
237 41
238 41
239 40
240 41
241 40
242 39
243 38
244 40
245 41
246 41
247 39
248 38
249 37
250 34
251 36
252 39
253 37
254 35
255 36
256 37
257 40
258 38
259 36
260 33
261 31
262 32
263 30
264 31
265 32
266 34
267 34
268 30
269 34
270 34
271 34
272 32
273 30
274 31
275 33
276 35
277 36
278 37
279 39
280 39
281 32
282 30
283 31
284 32
285 34
286 34
287 33
288 33
289 37
290 37
291 37
292 38
293 39
294 41
295 40
296 41
297 38
298 34
299 36
300 36
301 37
302 38
303 38
304 37
305 36
306 36
307 34
308 34
309 36
310 35
311 37
312 37
313 38
314 38
315 39
316 38
317 39
318 38
319 39
320 37
321 36
322 37
323 34
324 36
325 35
326 35
327 36
328 34
329 37
330 37
331 38
332 34
333 34
334 35
335 37
336 34
337 34
338 33
339 30
340 31
341 32
342 33
343 33
344 34
345 32
346 34
347 35
348 35
349 35
350 28
351 30
352 30
353 32
354 34
355 35
356 34
357 35
358 35
359 34
360 30
361 33
362 34
363 36
364 33
365 35
366 36
367 35
368 34
369 35
370 33
371 33
372 35
373 34
374 34
375 32
376 34
377 36
378 37
379 36
380 35
381 34
382 36
383 35
384 36
385 36
386 38
387 36
388 36
389 36
390 38
391 38
392 37
393 38
394 37
395 36
396 35
397 34
398 34
399 31
400 33
401 35
402 39
403 41
404 38
405 38
406 37
407 38
408 38
409 37
410 36
411 36
412 35
413 33
414 33
415 33
416 33
417 34
418 33
419 36
420 35
421 36
422 36
423 34
424 37
425 35
426 35
427 35
428 36
429 35
430 38
431 36
432 35
433 35
434 35
435 37
436 36
437 35
438 37
439 36
440 34
441 33
442 31
443 32
444 32
445 28
446 30
447 32
448 33
449 34
450 34
451 33
452 35
453 34
454 34
455 34
456 34
457 33
458 35
459 35
460 37
461 38
462 37
463 36
464 34
465 32
466 34
467 35
468 34
469 36
470 37
471 38
472 40
473 37
474 37
475 34
476 35
477 34
478 33
479 31
480 33
481 32
482 32
483 33
484 31
485 30
486 31
487 33
488 32
489 35
490 36
491 37
492 34
493 33
494 32
495 33
496 34
497 35
498 34
499 35
500 34
501 34
502 33
503 32
504 32
505 32
506 31
507 34
508 36
509 37
510 39
511 37
512 36
513 36
514 34
515 34
516 31
517 33
518 33
519 33
520 35
521 33
522 35
523 35
524 37
525 37
526 34
527 35
528 32
529 32
530 32
531 33
532 32
533 35
534 35
535 34
536 32
537 34
538 33
539 33
540 34
541 34
542 33
543 30
544 32
545 30
546 33
547 35
548 36
549 35
550 34
551 35
552 34
553 34
554 34
555 33
556 34
557 34
558 36
559 37
560 38
561 37
562 32
563 34
564 37
565 35
566 36
567 38
568 39
569 37
570 35
571 35
572 33
573 32
574 34
575 35
576 36
577 36
578 35
579 36
580 36
581 37
582 38
583 40
584 40
585 39
586 39
587 40
588 40
589 39
590 40
591 39
592 40
593 38
594 37
595 39
596 37
597 39
598 39
599 37
600 35
601 34
602 33
603 35
604 34
605 34
606 34
607 36
608 37
609 37
610 38
611 38
612 35
613 37
614 39
615 36
616 38
617 37
618 36
619 34
620 33
621 35
622 36
623 35
624 37
625 35
626 33
627 33
628 35
629 34
630 35
631 35
632 36
633 37
634 36
635 36
636 35
637 35
638 37
639 37
640 35
641 37
642 39
643 39
644 39
645 39
646 40
647 38
648 37
649 38
650 37
651 36
652 37
653 37
654 38
655 39
656 39
657 38
658 34
659 35
660 35
661 32
662 34
663 34
664 32
665 32
666 31
667 33
668 36
669 38
670 36
671 35
672 38
673 40
674 40
675 40
676 41
677 39
678 35
679 34
680 35
681 34
682 37
683 37
684 36
685 37
686 36
687 39
688 39
689 39
690 39
691 37
692 38
693 35
694 40
695 40
696 39
697 35
698 35
699 37
700 38
701 34
702 34
703 34
704 34
705 30
706 34
707 33
708 30
709 31
710 30
711 30
712 30
713 32
714 33
715 33
716 33
717 37
718 38
719 36
720 36
721 37
722 39
723 39
724 39
725 39
726 38
727 36
728 35
729 34
730 36
731 34
732 35
733 36
734 34
735 36
736 38
737 36
738 33
739 35
740 34
741 33
742 33
743 34
744 36
745 37
746 36
747 36
748 34
749 36
750 36
751 35
752 36
753 37
754 39
755 36
756 36
757 35
758 36
759 36
760 37
761 35
762 34
763 37
764 36
765 35
766 37
767 36
768 36
769 37
770 36
771 34
772 33
773 32
774 32
775 34
776 36
777 32
778 35
779 35
780 31
781 32
782 32
783 34
784 33
785 33
786 34
787 30
788 31
789 31
790 31
791 32
792 34
793 36
794 37
795 35
796 35
797 36
798 36
799 37
800 35
801 36
802 37
803 36
804 35
805 34
806 35
807 36
808 35
809 35
810 36
811 36
812 32
813 33
814 33
815 32
816 32
817 33
818 33
819 33
820 33
821 33
822 33
823 34
824 35
825 37
826 33
827 36
828 38
829 40
830 39
831 38
832 37
833 36
834 35
835 34
836 35
837 32
838 33
839 32
840 36
841 38
842 35
843 37
844 35
845 35
846 37
847 39
848 39
849 38
850 38
851 39
852 39
853 38
854 37
855 38
856 38
857 38
858 36
859 33
860 33
861 34
862 35
863 34
864 33
865 33
866 31
867 31
868 33
869 35
870 34
871 35
872 35
873 35
874 36
875 36
876 35
877 34
878 36
879 34
880 35
881 34
882 31
883 31
884 34
885 33
886 34
887 34
888 35
889 34
890 34
891 33
892 34
893 33
894 34
895 32
896 32
897 29
898 28
899 29
900 29
901 29
902 30
903 32
904 30
905 31
906 33
907 35
908 34
909 36
910 35
911 34
912 33
913 35
914 37
915 38
916 40
917 40
918 39
919 40
920 39
921 34
922 34
923 33
924 32
925 31
926 32
927 30
928 32
929 34
930 33
931 36
932 35
933 34
934 35
935 36
936 32
937 32
938 30
939 30
940 33
941 33
942 33
943 33
944 34
945 35
946 35
947 37
948 35
949 32
950 33
951 33
952 32
953 34
954 33
955 34
956 35
957 37
958 38
959 38
960 36
961 33
962 34
963 33
964 34
965 36
966 37
967 37
968 37
969 37
970 37
971 33
972 33
973 36
974 39
975 37
976 38
977 35
978 33
979 33
980 37
981 38
982 37
983 36
984 37
985 35
986 37
987 37
988 37
989 36
990 35
991 34
992 34
993 31
994 30
995 31
996 31
997 31
998 31
999 34
1000 35
