0 80
1 59
2 51
3 57
4 56
5 60
6 53
7 53
8 57
9 57
10 60
11 59
12 58
13 57
14 56
15 58
16 55
17 54
18 56
19 49
20 57
21 60
22 56
23 59
24 55
25 56
26 54
27 56
28 59
29 53
30 56
31 55
32 56
33 58
34 54
35 52
36 55
37 59
38 55
39 62
40 49
41 55
42 55
43 52
44 54
45 52
46 55
47 58
48 53
49 51
50 50
51 56
52 50
53 57
54 55
55 59
56 58
57 56
58 56
59 53
60 57
61 56
62 55
63 55
64 53
65 55
66 55
67 58
68 57
69 55
70 50
71 53
72 58
73 60
74 56
75 59
76 52
77 54
78 48
79 60
80 57
81 55
82 53
83 59
84 59
85 56
86 58
87 58
88 57
89 59
90 55
91 56
92 56
93 60
94 58
95 58
96 52
97 53
98 54
99 55
100 59
101 54
102 57
103 55
104 52
105 56
106 57
107 59
108 58
109 54
110 56
111 51
112 57
113 56
114 59
115 57
116 56
117 53
118 51
119 58
120 54
121 55
122 53
123 58
124 55
125 59
126 56
127 52
128 50
129 60
130 59
131 53
132 57
133 56
134 58
135 58
136 58
137 55
138 55
139 59
140 54
141 57
142 57
143 53
144 52
145 55
146 57
147 56
148 59
149 54
150 55
151 53
152 56
153 59
154 56
155 60
156 61
157 58
158 56
159 55
160 58
161 54
162 62
163 58
164 54
165 56
166 56
167 54
168 55
169 54
170 54
171 55
172 57
173 58
174 60
175 53
176 59
177 58
178 55
179 57
180 54
181 55
182 56
183 60
184 56
185 54
186 58
187 57
188 56
189 61
190 57
191 53
192 51
193 52
194 58
195 57
196 54
197 57
198 52
199 49
200 53
201 56
202 57
203 55
204 55
205 55
206 56
207 58
208 54
209 56
210 58
211 52
212 52
213 59
214 55
215 46
216 52
217 54
218 57
219 58
220 55
221 59
222 59
223 53
224 56
225 63
226 59
227 55
228 55
229 55
230 57
231 51
232 55
233 56
234 59
235 51
236 59
237 52
238 51
239 55
240 60
241 58
242 52
243 57
244 57
245 56
246 56
247 56
248 58
249 56
250 53
251 54
252 53
253 56
254 54
255 62
256 60
257 55
258 56
259 51
260 54
261 56
262 50
263 54
264 58
265 59
266 54
267 54
268 60
269 58
270 52
271 54
272 58
273 55
274 55
275 55
276 53
277 56
278 59
279 57
280 53
281 52
282 52
283 52
284 59
285 56
286 55
287 53
288 52
289 57
290 55
291 59
292 54
293 57
294 55
295 52
296 57
297 57
298 59
299 55
300 56
301 59
302 58
303 56
304 53
305 54
306 52
307 54
308 59
309 56
310 56
311 58
312 57
313 58
314 59
315 57
316 53
317 53
318 57
319 54
320 53
321 57
322 52
323 54
324 54
325 55
326 53
327 57
328 57
329 52
330 55
331 60
332 55
333 49
334 56
335 54
336 53
337 54
338 54
339 54
340 60
341 58
342 62
343 57
344 57
345 55
346 59
347 57
348 51
349 52
350 62
351 56
352 57
353 59
354 53
355 56
356 55
357 54
358 51
359 53
360 60
361 57
362 55
363 53
364 53
365 54
366 56
367 54
368 49
369 59
370 56
371 59
372 56
373 54
374 56
375 53
376 50
377 53
378 53
379 55
380 55
381 54
382 58
383 54
384 55
385 55
386 55
387 53
388 51
389 59
390 54
391 56
392 60
393 55
394 53
395 51
396 58
397 58
398 59
399 58
400 51
401 55
402 52
403 51
404 59
405 57
406 53
407 52
408 55
409 53
410 57
411 59
412 59
413 61
414 53
415 52
416 59
417 52
418 59
419 54
420 51
421 59
422 56
423 58
424 57
425 57
426 54
427 59
428 55
429 55
430 53
431 50
432 63
433 55
434 60
435 56
436 56
437 53
438 58
439 57
440 60
441 58
442 56
443 56
444 52
445 59
446 55
447 50
448 63
449 56
450 52
451 56
452 54
453 60
454 51
455 58
456 57
457 58
458 54
459 49
460 59
461 52
462 56
463 58
464 56
465 55
466 57
467 56
468 57
469 57
470 57
471 54
472 52
473 52
474 57
475 52
476 54
477 60
478 60
479 54
480 55
481 53
482 51
483 57
484 56
485 60
486 53
487 50
488 53
489 57
490 60
491 53
492 56
493 58
494 59
495 61
496 53
497 52
498 55
499 57
500 58
501 54
502 59
503 51
504 60
505 54
506 58
507 55
508 57
509 52
510 52
511 54
512 54
513 55
514 54
515 49
516 59
517 54
518 55
519 53
520 52
521 53
522 54
523 55
524 58
525 57
526 56
527 57
528 59
529 54
530 56
531 47
532 54
533 50
534 54
535 58
536 51
537 57
538 57
539 55
540 53
541 59
542 55
543 53
544 56
545 56
546 61
547 56
548 54
549 53
550 57
551 53
552 58
553 53
554 54
555 52
556 52
557 52
558 51
559 54
560 60
561 59
562 57
563 60
564 56
565 55
566 53
567 56
568 54
569 56
570 56
571 53
572 55
573 54
574 59
575 56
576 57
577 56
578 60
579 53
580 59
581 55
582 61
583 62
584 55
585 52
586 51
587 54
588 55
589 60
590 51
591 54
592 53
593 57
594 56
595 60
596 51
597 56
598 50
599 55
600 51
601 56
602 55
603 58
604 60
605 57
606 53
607 58
608 54
609 57
610 54
611 55
612 52
613 57
614 53
615 53
616 53
617 52
618 59
619 54
620 53
621 57
622 61
623 53
624 52
625 52
626 58
627 59
628 55
629 49
630 54
631 56
632 52
633 53
634 54
635 55
636 54
637 52
638 59
639 57
640 56
641 52
642 55
643 58
644 58
645 58
646 54
647 55
648 56
649 62
650 50
651 53
652 60
653 52
654 52
655 53
656 50
657 56
658 52
659 56
660 57
661 57
662 58
663 58
664 59
665 57
666 57
667 53
668 48
669 59
670 57
671 61
672 58
673 54
674 55
675 60
676 60
677 53
678 59
679 57
680 54
681 54
682 58
683 56
684 57
685 56
686 50
687 55
688 51
689 55
690 59
691 56
692 53
693 55
694 53
695 54
696 54
697 58
698 54
699 54
700 63
701 53
702 59
703 55
704 49
705 56
706 56
707 54
708 56
709 59
710 56
711 51
712 54
713 56
714 56
715 53
716 53
717 54
718 55
719 55
720 51
721 57
722 53
723 54
724 53
725 58
726 54
727 55
728 53
729 58
730 55
731 53
732 53
733 55
734 58
735 50
736 56
737 58
738 52
739 55
740 54
741 56
742 54
743 57
744 53
745 56
746 57
747 49
748 54
749 53
750 58
751 58
752 57
753 49
754 56
755 58
756 59
757 55
758 51
759 54
760 55
761 49
762 56
763 54
764 50
765 52
766 52
767 54
768 56
769 54
770 54
771 51
772 57
773 56
774 58
775 56
776 54
777 50
778 56
779 56
780 49
781 56
782 50
783 53
784 53
785 56
786 57
787 60
788 59
789 56
790 56
791 58
792 55
793 54
794 57
795 55
796 60
797 58
798 54
799 55
800 50
801 53
802 58
803 51
804 57
805 57
806 56
807 57
808 58
809 54
810 57
811 54
812 49
813 58
814 57
815 49
816 58
817 58
818 56
819 54
820 54
821 53
822 57
823 56
824 58
825 58
826 58
827 51
828 56
829 54
830 51
831 54
832 53
833 57
834 54
835 55
836 58
837 56
838 56
839 58
840 57
841 55
842 54
843 61
844 57
845 59
846 53
847 56
848 53
849 52
850 58
851 51
852 55
853 58
854 59
855 56
856 56
857 57
858 55
859 62
860 56
861 59
862 57
863 59
864 59
865 57
866 55
867 55
868 53
869 52
870 56
871 56
872 55
873 56
874 58
875 56
876 54
877 58
878 59
879 54
880 57
881 57
882 55
883 53
884 57
885 56
886 53
887 54
888 55
889 51
890 55
891 54
892 55
893 55
894 57
895 53
896 51
897 52
898 50
899 52
900 59
901 54
902 54
903 59
904 56
905 55
906 54
907 52
908 52
909 58
910 58
911 51
912 50
913 60
914 60
915 58
916 54
917 59
918 56
919 53
920 53
921 58
922 59
923 58
924 57
925 57
926 54
927 55
928 58
929 57
930 52
931 57
932 56
933 52
934 55
935 56
936 59
937 57
938 56
939 58
940 54
941 56
942 55
943 58
944 59
945 54
946 55
947 50
948 57
949 53
950 60
951 52
952 58
953 59
954 54
955 52
956 53
957 59
958 52
959 60
960 54
961 62
962 51
963 49
964 56
965 57
966 56
967 55
968 51
969 45
970 55
971 55
972 57
973 55
974 51
975 52
976 51
977 52
978 58
979 53
980 55
981 50
982 52
983 55
984 56
985 57
986 56
987 56
988 53
989 57
990 61
991 57
992 54
993 52
994 54
995 52
996 56
997 57
998 59
999 59
1000 61
