0 100
1 90
2 81
3 74
4 73
5 73
6 69
7 73
8 73
9 72
10 71
11 68
12 69
13 67
14 70
15 68
16 70
17 68
18 67
19 68
20 68
21 72
22 79
23 73
24 71
25 70
26 66
27 70
28 71
29 73
30 74
31 73
32 72
33 69
34 71
35 71
36 77
37 76
38 76
39 71
40 70
41 69
42 70
43 66
44 69
45 66
46 73
47 72
48 69
49 73
50 72
51 73
52 72
53 68
54 67
55 73
56 70
57 68
58 65
59 67
60 61
61 63
62 69
63 76
64 75
65 75
66 72
67 71
68 70
69 72
70 70
71 67
72 65
73 71
74 70
75 73
76 68
77 66
78 63
79 68
80 64
81 61
82 69
83 70
84 71
85 72
86 70
87 74
88 74
89 81
90 80
91 75
92 74
93 73
94 70
95 64
96 67
97 69
98 66
99 71
100 75
101 72
102 71
103 74
104 72
105 74
106 75
107 76
108 76
109 72
110 70
111 68
112 68
113 65
114 65
115 66
116 69
117 70
118 68
119 73
120 70
121 71
122 70
123 66
124 68
125 70
126 71
127 66
128 71
129 70
130 73
131 73
132 67
133 63
134 68
135 66
136 67
137 70
138 69
139 66
140 68
141 68
142 69
143 62
144 63
145 73
146 73
147 73
148 69
149 70
150 69
151 70
152 72
153 71
154 72
155 70
156 68
157 65
158 66
159 68
160 69
161 71
162 71
163 72
164 71
165 68
166 64
167 67
168 65
169 66
170 70
171 70
172 66
173 68
174 64
175 71
176 71
177 70
178 73
179 69
180 66
181 74
182 75
183 69
184 70
185 70
186 73
187 74
188 70
189 73
190 72
191 68
192 72
193 72
194 71
195 68
196 65
197 72
198 67
199 69
200 71
201 77
202 74
203 70
204 76
205 73
206 68
207 68
208 75
209 75
210 73
211 72
212 72
213 66
214 70
215 68
216 68
217 64
218 63
219 62
220 65
221 68
222 66
223 67
224 61
225 57
226 66
227 69
228 69
229 69
230 72
231 74
232 68
233 68
234 69
235 71
236 74
237 75
238 75
239 76
240 74
241 74
242 72
243 69
244 77
245 75
246 72
247 69
248 71
249 74
250 69
251 66
252 67
253 67
254 73
255 72
256 73
257 73
258 70
259 66
260 70
261 77
262 73
263 72
264 74
265 71
266 73
267 71
268 77
269 70
270 64
271 66
272 60
273 67
274 71
275 71
276 73
277 74
278 75
279 74
280 73
281 72
282 66
283 69
284 64
285 66
286 65
287 67
288 67
289 66
290 72
291 73
292 71
293 77
294 72
295 70
296 73
297 71
298 67
299 66
300 65
301 68
302 68
303 73
304 76
305 76
306 75
307 75
308 70
309 74
310 72
311 71
312 71
313 65
314 69
315 69
316 70
317 70
318 68
319 67
320 69
321 72
322 73
323 71
324 65
325 70
326 68
327 69
328 69
329 76
330 75
331 71
332 71
333 70
334 66
335 68
336 61
337 62
338 63
339 66
340 65
341 69
342 72
343 71
344 72
345 72
346 70
347 70
348 70
349 71
350 65
351 69
352 72
353 73
354 70
355 69
356 69
357 67
358 72
359 66
360 66
361 70
362 75
363 70
364 74
365 70
366 67
367 68
368 73
369 73
370 74
371 71
372 69
373 67
374 65
375 66
376 60
377 68
378 69
379 66
380 69
381 69
382 73
383 71
384 67
385 67
386 73
387 72
388 71
389 78
390 73
391 70
392 68
393 76
394 77
395 76
396 75
397 76
398 76
399 73
400 72
401 69
402 72
403 67
404 64
405 67
406 73
407 72
408 71
409 75
410 77
411 71
412 70
413 75
414 73
415 74
416 77
417 76
418 69
419 67
420 64
421 65
422 63
423 68
424 71
425 76
426 73
427 71
428 72
429 69
430 69
431 68
432 64
433 63
434 67
435 66
436 68
437 65
438 66
439 69
440 75
441 73
442 69
443 71
444 70
445 66
446 71
447 72
448 67
449 70
450 68
451 69
452 70
453 71
454 72
455 70
456 72
457 73
458 71
459 74
460 73
461 75
462 76
463 76
464 74
465 69
466 70
467 72
468 69
469 72
470 72
471 71
472 73
473 66
474 69
475 71
476 68
477 71
478 73
479 76
480 79
481 69
482 69
483 66
484 71
485 71
486 71
487 77
488 77
489 68
490 66
491 71
492 67
493 70
494 74
495 76
496 74
497 73
498 69
499 69
500 69
501 70
502 73
503 68
504 67
505 71
506 74
507 73
508 73
509 72
510 72
511 77
512 70
513 67
514 71
515 68
516 67
517 66
518 68
519 65
520 66
521 69
522 74
523 76
524 76
525 68
526 75
527 77
528 73
529 69
530 64
531 67
532 69
533 69
534 69
535 67
536 67
537 67
538 64
539 65
540 69
541 68
542 70
543 71
544 70
545 65
546 71
547 67
548 64
549 71
550 69
551 70
552 68
553 66
554 67
555 72
556 75
557 67
558 68
559 74
560 78
561 74
562 73
563 67
564 64
565 59
566 69
567 73
568 71
569 74
570 73
571 78
572 75
573 79
574 74
575 70
576 70
577 69
578 72
579 72
580 70
581 71
582 74
583 73
584 70
585 71
586 71
587 69
588 69
589 71
590 69
591 71
592 71
593 69
594 71
595 71
596 73
597 68
598 64
599 72
600 71
601 71
602 69
603 73
604 70
605 68
606 64
607 67
608 69
609 62
610 62
611 63
612 68
613 71
614 74
615 76
616 71
617 75
618 69
619 62
620 69
621 64
622 63
623 66
624 73
625 67
626 68
627 66
628 62
629 68
630 66
631 64
632 68
633 70
634 70
635 69
636 71
637 66
638 66
639 71
640 67
641 71
642 61
643 66
644 62
645 64
646 64
647 70
648 70
649 67
650 73
651 77
652 67
653 70
654 71
655 69
656 69
657 69
658 66
659 68
660 65
661 70
662 72
663 72
664 73
665 71
666 68
667 69
668 72
669 74
670 74
671 69
672 73
673 71
674 74
675 71
676 68
677 67
678 67
679 65
680 67
681 68
682 67
683 70
684 66
685 64
686 70
687 74
688 72
689 70
690 71
691 73
692 72
693 65
694 64
695 62
696 64
697 67
698 67
699 70
700 71
701 70
702 67
703 66
704 66
705 70
706 69
707 70
708 70
709 70
710 72
711 73
712 79
713 78
714 72
715 69
716 70
717 72
718 75
719 76
720 78
721 79
722 73
723 74
724 73
725 70
726 67
727 68
728 71
729 69
730 71
731 74
732 76
733 73
734 76
735 71
736 68
737 70
738 69
739 68
740 69
741 67
742 66
743 71
744 67
745 71
746 68
747 71
748 71
749 70
750 69
751 71
752 74
753 71
754 74
755 69
756 67
757 64
758 67
759 67
760 67
761 67
762 74
763 73
764 68
765 70
766 73
767 70
768 73
769 67
770 65
771 69
772 67
773 70
774 72
775 70
776 65
777 63
778 68
779 63
780 67
781 72
782 74
783 71
784 71
785 74
786 78
787 75
788 73
789 70
790 69
791 67
792 68
793 68
794 69
795 66
796 70
797 71
798 66
799 67
800 68
801 68
802 71
803 67
804 65
805 67
806 68
807 72
808 72
809 68
810 69
811 75
812 70
813 72
814 72
815 76
816 71
817 72
818 70
819 69
820 71
821 68
822 74
823 72
824 69
825 73
826 70
827 69
828 68
829 68
830 59
831 61
832 60
833 63
834 67
835 65
836 67
837 71
838 72
839 71
840 74
841 71
842 74
843 76
844 75
845 72
846 79
847 76
848 72
849 70
850 75
851 70
852 66
853 67
854 73
855 78
856 73
857 74
858 73
859 69
860 72
861 73
862 78
863 77
864 75
865 76
866 75
867 67
868 69
869 71
870 71
871 72
872 72
873 71
874 66
875 66
876 65
877 67
878 68
879 66
880 63
881 66
882 57
883 62
884 66
885 72
886 71
887 70
888 70
889 74
890 77
891 76
892 75
893 73
894 75
895 72
896 70
897 74
898 77
899 71
900 70
901 66
902 74
903 70
904 70
905 69
906 62
907 65
908 62
909 64
910 68
911 68
912 62
913 64
914 68
915 64
916 64
917 60
918 68
919 63
920 61
921 65
922 69
923 68
924 71
925 72
926 71
927 69
928 67
929 67
930 70
931 73
932 73
933 70
934 69
935 72
936 70
937 64
938 68
939 73
940 73
941 66
942 67
943 64
944 69
945 67
946 72
947 66
948 66
949 69
950 70
951 75
952 69
953 72
954 57
955 59
956 68
957 73
958 68
959 73
960 70
961 71
962 67
963 68
964 68
965 70
966 69
967 70
968 73
969 68
970 70
971 69
972 73
973 72
974 71
975 74
976 71
977 71
978 68
979 70
980 68
981 74
982 76
983 74
984 72
985 72
986 71
987 73
988 65
989 64
990 63
991 61
992 66
993 64
994 61
995 67
996 69
997 61
998 63
999 69
1000 62
