0 60
1 57
2 56
3 53
4 51
5 48
6 47
7 48
8 48
9 47
10 45
11 42
12 41
13 41
14 42
15 40
16 40
17 39
18 38
19 37
20 34
21 34
22 35
23 36
24 34
25 35
26 34
27 34
28 36
29 39
30 40
31 39
32 39
33 39
34 40
35 41
36 42
37 43
38 42
39 44
40 45
41 44
42 44
43 41
44 41
45 37
46 39
47 39
48 40
49 39
50 40
51 45
52 45
53 43
54 42
55 41
56 43
57 43
58 45
59 40
60 41
61 42
62 40
63 36
64 36
65 34
66 35
67 35
68 37
69 39
70 39
71 39
72 39
73 37
74 37
75 36
76 37
77 34
78 35
79 38
80 39
81 36
82 34
83 35
84 36
85 36
86 39
87 41
88 38
89 40
90 41
91 41
92 39
93 39
94 43
95 43
96 43
97 43
98 42
99 44
100 41
101 40
102 42
103 38
104 40
105 39
106 41
107 42
108 42
109 39
110 41
111 40
112 39
113 40
114 40
115 40
116 37
117 39
118 38
119 37
120 37
121 37
122 37
123 36
124 35
125 35
126 38
127 37
128 36
129 39
130 41
131 41
132 39
133 39
134 36
135 36
136 33
137 31
138 31
139 30
140 30
141 31
142 33
143 34
144 38
145 40
146 36
147 37
148 41
149 39
150 37
151 37
152 34
153 35
154 38
155 38
156 38
157 34
158 35
159 33
160 32
161 34
162 32
163 33
164 35
165 36
166 37
167 36
168 37
169 36
170 37
171 37
172 38
173 38
174 38
175 38
176 42
177 42
178 38
179 41
180 41
181 43
182 42
183 44
184 45
185 42
186 42
187 40
188 41
189 40
190 40
191 41
192 39
193 39
194 37
195 36
196 37
197 36
198 37
199 37
200 37
201 38
202 40
203 39
204 38
205 39
206 40
207 39
208 38
209 39
210 41
211 40
212 42
213 39
214 38
215 38
216 39
217 37
218 35
219 34
220 38
221 37
222 38
223 38
224 38
225 39
226 40
227 39
228 38
229 38
230 38
231 38
232 38
233 38
234 41
235 41
236 39
237 40
238 38
239 35
240 34
241 35
242 34
243 36
244 35
245 35
246 37
247 35
248 34
249 30
250 30
251 33
252 33
253 36
254 36
255 38
256 35
257 36
258 37
259 36
260 40
261 40
262 40
263 39
264 39
265 42
266 41
267 36
268 38
269 39
270 40
271 40
272 41
273 39
274 39
275 39
276 38
277 37
278 37
279 36
280 35
281 35
282 34
283 36
284 33
285 36
286 37
287 36
288 35
289 35
290 36
291 35
292 36
293 36
294 38
295 41
296 39
297 39
298 39
299 37
300 35
301 34
302 36
303 36
304 36
305 36
306 38
307 39
308 38
309 39
310 37
311 35
312 37
313 37
314 34
315 35
316 37
317 36
318 38
319 39
320 40
321 39
322 37
323 37
324 35
325 35
326 36
327 35
328 36
329 35
330 34
331 36
332 37
333 39
334 41
335 41
336 41
337 41
338 41
339 40
340 39
341 39
342 40
343 40
344 40
345 44
346 44
347 44
348 45
349 44
350 41
351 41
352 39
353 39
354 40
355 40
356 38
357 41
358 38
359 39
360 40
361 41
362 43
363 41
364 38
365 37
366 37
367 36
368 35
369 34
370 32
371 31
372 31
373 34
374 37
375 36
376 37
377 37
378 33
379 33
380 32
381 35
382 35
383 34
384 36
385 33
386 37
387 39
388 41
389 38
390 38
391 36
392 36
393 37
394 36
395 35
396 37
397 39
398 40
399 39
400 35
401 33
402 32
403 33
404 35
405 34
406 34
407 35
408 35
409 34
410 31
411 32
412 34
413 36
414 38
415 38
416 38
417 37
418 36
419 38
420 38
421 40
422 41
423 41
424 38
425 38
426 39
427 41
428 41
429 41
430 40
431 40
432 39
433 40
434 40
435 39
436 40
437 40
438 41
439 41
440 43
441 40
442 40
443 41
444 38
445 38
446 40
447 38
448 39
449 38
450 38
451 38
452 35
453 37
454 37
455 34
456 33
457 33
458 35
459 37
460 36
461 35
462 37
463 37
464 38
465 37
466 37
467 37
468 38
469 34
470 36
471 35
472 32
473 31
474 31
475 30
476 31
477 31
478 33
479 35
480 35
481 38
482 34
483 35
484 39
485 42
486 37
487 36
488 34
489 36
490 38
491 40
492 40
493 37
494 35
495 35
496 34
497 36
498 36
499 34
500 35
501 38
502 36
503 37
504 38
505 38
506 38
507 39
508 39
509 39
510 39
511 40
512 40
513 37
514 36
515 35
516 36
517 38
518 36
519 38
520 39
521 38
522 38
523 41
524 44
525 44
526 44
527 43
528 41
529 41
530 42
531 38
532 40
533 39
534 37
535 38
536 37
537 38
538 38
539 37
540 37
541 35
542 37
543 35
544 34
545 32
546 34
547 36
548 34
549 34
550 34
551 34
552 36
553 35
554 38
555 35
556 36
557 36
558 35
559 35
560 34
561 35
562 36
563 36
564 38
565 39
566 39
567 39
568 38
569 38
570 37
571 38
572 39
573 37
574 36
575 39
576 41
577 42
578 40
579 39
580 38
581 41
582 43
583 43
584 44
585 41
586 41
587 39
588 40
589 40
590 39
591 40
592 40
593 41
594 41
595 43
596 42
597 42
598 40
599 41
600 43
601 40
602 42
603 40
604 38
605 39
606 39
607 37
608 38
609 40
610 39
611 39
612 36
613 39
614 41
615 39
616 40
617 39
618 41
619 44
620 43
621 42
622 43
623 42
624 42
625 42
626 39
627 40
628 39
629 35
630 36
631 36
632 34
633 34
634 35
635 36
636 32
637 35
638 34
639 36
640 34
641 36
642 40
643 38
644 36
645 35
646 34
647 36
648 37
649 35
650 35
651 36
652 38
653 35
654 37
655 36
656 37
657 37
658 37
659 38
660 37
661 38
662 37
663 39
664 41
665 42
666 43
667 41
668 42
669 43
670 40
671 36
672 32
673 33
674 35
675 36
676 38
677 39
678 39
679 36
680 36
681 35
682 35
683 35
684 36
685 37
686 37
687 38
688 38
689 40
690 37
691 36
692 38
693 34
694 36
695 36
696 35
697 35
698 38
699 37
700 38
701 38
702 39
703 37
704 34
705 31
706 31
707 29
708 29
709 31
710 32
711 32
712 32
713 35
714 36
715 34
716 37
717 38
718 38
719 41
720 43
721 42
722 42
723 41
724 40
725 40
726 40
727 39
728 41
729 41
730 39
731 39
732 40
733 40
734 37
735 36
736 38
737 37
738 35
739 35
740 36
741 35
742 35
743 37
744 35
745 36
746 38
747 36
748 38
749 39
750 38
751 39
752 41
753 41
754 42
755 44
756 46
757 44
758 42
759 37
760 32
761 32
762 36
763 34
764 39
765 41
766 39
767 40
768 39
769 37
770 35
771 36
772 38
773 39
774 39
775 39
776 39
777 38
778 37
779 37
780 39
781 42
782 43
783 40
784 40
785 40
786 42
787 42
788 41
789 40
790 41
791 38
792 39
793 38
794 38
795 40
796 38
797 41
798 40
799 41
800 42
801 42
802 43
803 43
804 42
805 43
806 42
807 42
808 42
809 42
810 43
811 44
812 43
813 42
814 42
815 44
816 43
817 42
818 41
819 39
820 38
821 41
822 39
823 42
824 40
825 39
826 37
827 38
828 39
829 40
830 41
831 40
832 41
833 38
834 37
835 37
836 35
837 34
838 36
839 38
840 37
841 37
842 38
843 38
844 37
845 36
846 37
847 38
848 37
849 37
850 34
851 36
852 38
853 37
854 36
855 38
856 37
857 38
858 35
859 37
860 38
861 38
862 39
863 37
864 36
865 38
866 40
867 42
868 44
869 45
870 45
871 46
872 44
873 43
874 42
875 45
876 43
877 41
878 43
879 47
880 49
881 48
882 46
883 46
884 43
885 39
886 39
887 40
888 41
889 41
890 40
891 39
892 42
893 42
894 42
895 43
896 42
897 45
898 41
899 38
900 39
901 39
902 40
903 40
904 41
905 41
906 42
907 39
908 36
909 38
910 39
911 39
912 39
913 39
914 37
915 38
916 41
917 41
918 42
919 40
920 42
921 42
922 41
923 42
924 42
925 42
926 40
927 41
928 42
929 41
930 41
931 39
932 39
933 39
934 39
935 37
936 39
937 40
938 39
939 39
940 38
941 35
942 38
943 40
944 38
945 40
946 38
947 38
948 37
949 35
950 37
951 37
952 37
953 37
954 35
955 35
956 35
957 37
958 34
959 31
960 33
961 33
962 34
963 36
964 36
965 36
966 38
967 38
968 36
969 35
970 32
971 34
972 38
973 39
974 42
975 40
976 40
977 40
978 37
979 38
980 39
981 38
982 39
983 37
984 36
985 37
986 39
987 39
988 37
989 36
990 37
991 38
992 38
993 37
994 37
995 37
996 36
997 36
998 37
999 39
1000 40
