0 25
1 18
2 16
3 15
4 13
5 14
6 13
7 15
8 16
9 16
10 16
11 14
12 13
13 14
14 13
15 15
16 14
17 14
18 13
19 14
20 14
21 14
22 13
23 13
24 15
25 13
26 13
27 12
28 14
29 13
30 14
31 13
32 12
33 13
34 12
35 13
36 14
37 13
38 12
39 12
40 12
41 10
42 12
43 12
44 12
45 12
46 9
47 12
48 14
49 12
50 14
51 13
52 12
53 13
54 13
55 11
56 12
57 14
58 15
59 14
60 14
61 14
62 13
63 14
64 14
65 13
66 15
67 14
68 11
69 13
70 14
71 12
72 13
73 13
74 13
75 14
76 15
77 13
78 14
79 11
80 11
81 13
82 12
83 11
84 10
85 11
86 13
87 12
88 14
89 14
90 11
91 11
92 12
93 13
94 14
95 14
96 16
97 16
98 15
99 15
100 14
101 13
102 14
103 13
104 15
105 14
106 14
107 12
108 14
109 14
110 12
111 12
112 11
113 10
114 13
115 13
116 14
117 11
118 10
119 11
120 12
121 14
122 12
123 12
124 13
125 12
126 13
127 15
128 12
129 13
130 13
131 13
132 14
133 13
134 11
135 11
136 11
137 13
138 13
139 15
140 13
141 15
142 13
143 10
144 13
145 12
146 13
147 13
148 13
149 14
150 13
151 13
152 15
153 15
154 14
155 13
156 12
157 12
158 13
159 13
160 15
161 16
162 15
163 16
164 14
165 16
166 12
167 12
168 12
169 13
170 13
171 12
172 13
173 14
174 11
175 14
176 14
177 14
178 10
179 12
180 13
181 14
182 14
183 11
184 12
185 13
186 14
187 13
188 13
189 11
190 13
191 14
192 13
193 13
194 15
195 13
196 15
197 13
198 14
199 13
200 13
201 13
202 14
203 14
204 13
205 14
206 14
207 15
208 15
209 15
210 9
211 11
212 12
213 13
214 14
215 12
216 12
217 13
218 12
219 13
220 14
221 13
222 13
223 13
224 11
225 13
226 13
227 14
228 14
229 15
230 13
231 12
232 12
233 13
234 13
235 13
236 15
237 13
238 14
239 16
240 12
241 13
242 14
243 13
244 15
245 13
246 14
247 11
248 13
249 13
250 15
251 13
252 14
253 14
254 15
255 13
256 15
257 15
258 15
259 16
260 14
261 14
262 16
263 16
264 14
265 14
266 13
267 11
268 10
269 12
270 13
271 14
272 12
273 11
274 12
275 12
276 13
277 14
278 13
279 12
280 14
281 13
282 14
283 12
284 14
285 14
286 14
287 12
288 13
289 12
290 13
291 14
292 13
293 13
294 12
295 13
296 11
297 10
298 12
299 12
300 14
301 15
302 13
303 13
304 14
305 13
306 15
307 14
308 12
309 11
310 13
311 14
312 14
313 12
314 13
315 12
316 13
317 14
318 12
319 13
320 16
321 16
322 16
323 15
324 14
325 15
326 14
327 15
328 15
329 15
330 14
331 14
332 14
333 12
334 12
335 12
336 10
337 11
338 13
339 14
340 12
341 12
342 11
343 13
344 14
345 12
346 10
347 13
348 14
349 14
350 13
351 14
352 12
353 11
354 13
355 13
356 13
357 11
358 14
359 14
360 14
361 13
362 14
363 15
364 15
365 14
366 11
367 11
368 13
369 13
370 12
371 12
372 12
373 14
374 14
375 13
376 14
377 12
378 13
379 13
380 11
381 13
382 10
383 11
384 14
385 12
386 13
387 13
388 12
389 12
390 12
391 12
392 12
393 11
394 12
395 14
396 14
397 14
398 15
399 15
400 12
401 13
402 14
403 14
404 13
405 13
406 12
407 11
408 14
409 15
410 14
411 14
412 14
413 14
414 13
415 12
416 12
417 13
418 13
419 13
420 13
421 13
422 14
423 15
424 13
425 14
426 15
427 13
428 12
429 12
430 13
431 13
432 14
433 14
434 15
435 14
436 14
437 16
438 14
439 13
440 12
441 13
442 12
443 12
444 11
445 11
446 13
447 14
448 14
449 13
450 14
451 14
452 15
453 14
454 14
455 14
456 15
457 16
458 13
459 14
460 15
461 13
462 11
463 12
464 14
465 13
466 11
467 13
468 11
469 10
470 10
471 13
472 16
473 15
474 12
475 14
476 12
477 13
478 13
479 13
480 13
481 13
482 13
483 14
484 15
485 14
486 15
487 14
488 14
489 15
490 13
491 13
492 12
493 12
494 12
495 13
496 13
497 13
498 15
499 15
500 16
501 14
502 14
503 14
504 14
505 13
506 13
507 10
508 14
509 15
510 15
511 14
512 15
513 14
514 13
515 16
516 13
517 14
518 14
519 13
520 12
521 11
522 14
523 12
524 15
525 17
526 14
527 12
528 12
529 10
530 12
531 12
532 12
533 10
534 13
535 12
536 13
537 14
538 14
539 14
540 10
541 12
542 12
543 11
544 13
545 11
546 10
547 14
548 13
549 13
550 14
551 15
552 14
553 15
554 11
555 12
556 11
557 13
558 14
559 11
560 12
561 13
562 13
563 12
564 11
565 9
566 11
567 13
568 13
569 10
570 11
571 11
572 13
573 13
574 14
575 13
576 12
577 14
578 12
579 15
580 15
581 13
582 12
583 11
584 12
585 12
586 14
587 14
588 12
589 12
590 12
591 13
592 12
593 11
594 12
595 14
596 12
597 14
598 14
599 13
600 14
601 14
602 14
603 15
604 12
605 13
606 13
607 15
608 13
609 13
610 13
611 16
612 16
613 13
614 10
615 10
616 12
617 12
618 12
619 13
620 13
621 13
622 13
623 15
624 14
625 15
626 14
627 15
628 14
629 15
630 15
631 14
632 14
633 15
634 14
635 15
636 16
637 16
638 16
639 17
640 16
641 16
642 17
643 15
644 15
645 15
646 14
647 14
648 12
649 14
650 12
651 12
652 14
653 13
654 14
655 15
656 12
657 12
658 12
659 13
660 16
661 14
662 13
663 14
664 12
665 13
666 14
667 12
668 14
669 13
670 12
671 12
672 11
673 11
674 11
675 12
676 14
677 12
678 12
679 11
680 12
681 10
682 12
683 12
684 12
685 13
686 11
687 13
688 14
689 14
690 11
691 12
692 12
693 11
694 10
695 11
696 12
697 13
698 11
699 13
700 13
701 13
702 12
703 13
704 12
705 12
706 14
707 14
708 15
709 14
710 11
711 13
712 13
713 13
714 13
715 14
716 14
717 15
718 12
719 14
720 15
721 15
722 14
723 13
724 15
725 10
726 10
727 11
728 12
729 14
730 12
731 13
732 11
733 11
734 12
735 13
736 12
737 10
738 14
739 14
740 14
741 15
742 15
743 14
744 14
745 15
746 14
747 13
748 7
749 9
750 12
751 13
752 15
753 11
754 13
755 13
756 13
757 12
758 14
759 13
760 12
761 12
762 14
763 12
764 13
765 14
766 14
767 14
768 12
769 13
770 12
771 14
772 16
773 17
774 13
775 14
776 12
777 13
778 10
779 13
780 10
781 11
782 13
783 13
784 14
785 11
786 13
787 12
788 12
789 14
790 11
791 11
792 13
793 14
794 14
795 12
796 11
797 10
798 14
799 13
800 15
801 16
802 15
803 15
804 13
805 13
806 14
807 13
808 14
809 14
810 11
811 13
812 13
813 12
814 12
815 14
816 14
817 15
818 16
819 15
820 15
821 14
822 13
823 15
824 10
825 15
826 16
827 16
828 15
829 14
830 13
831 15
832 16
833 15
834 15
835 14
836 12
837 13
838 15
839 15
840 15
841 15
842 13
843 13
844 16
845 16
846 15
847 16
848 16
849 16
850 15
851 14
852 11
853 12
854 12
855 11
856 12
857 14
858 14
859 15
860 11
861 11
862 11
863 12
864 14
865 16
866 14
867 13
868 13
869 14
870 14
871 15
872 14
873 11
874 13
875 13
876 12
877 11
878 13
879 13
880 14
881 14
882 14
883 12
884 13
885 12
886 12
887 11
888 12
889 12
890 12
891 15
892 14
893 16
894 15
895 15
896 13
897 12
898 13
899 12
900 12
901 12
902 12
903 12
904 13
905 16
906 16
907 14
908 12
909 13
910 15
911 14
912 11
913 15
914 16
915 16
916 12
917 12
918 14
919 15
920 13
921 12
922 13
923 12
924 14
925 14
926 15
927 12
928 12
929 11
930 11
931 12
932 14
933 15
934 16
935 16
936 15
937 15
938 15
939 15
940 14
941 13
942 14
943 13
944 12
945 13
946 11
947 12
948 14
949 16
950 16
951 15
952 14
953 14
954 14
955 13
956 12
957 12
958 13
959 11
960 10
961 10
962 13
963 13
964 13
965 15
966 12
967 11
968 10
969 14
970 15
971 15
972 15
973 15
974 14
975 12
976 11
977 12
978 12
979 12
980 14
981 14
982 15
983 16
984 15
985 14
986 13
987 13
988 15
989 15
990 14
991 14
992 10
993 12
994 14
995 14
996 14
997 14
998 11
999 12
1000 14
