0 30
1 25
2 19
3 20
4 21
5 22
6 23
7 20
8 19
9 18
10 19
11 22
12 21
13 19
14 18
15 20
16 21
17 22
18 24
19 19
20 24
21 22
22 22
23 17
24 21
25 23
26 22
27 21
28 18
29 20
30 18
31 19
32 18
33 21
34 23
35 24
36 21
37 17
38 18
39 18
40 19
41 23
42 23
43 23
44 21
45 20
46 22
47 18
48 22
49 22
50 19
51 20
52 19
53 20
54 16
55 20
56 20
57 22
58 21
59 19
60 19
61 19
62 19
63 21
64 20
65 19
66 20
67 20
68 14
69 18
70 19
71 20
72 19
73 18
74 23
75 20
76 19
77 20
78 20
79 23
80 20
81 20
82 21
83 20
84 20
85 20
86 24
87 18
88 18
89 19
90 16
91 21
92 20
93 22
94 19
95 21
96 20
97 21
98 20
99 22
100 23
101 23
102 23
103 21
104 20
105 20
106 18
107 19
108 23
109 22
110 23
111 20
112 21
113 21
114 22
115 22
116 22
117 20
118 22
119 20
120 20
121 20
122 21
123 20
124 20
125 23
126 22
127 21
128 19
129 18
130 19
131 20
132 21
133 23
134 23
135 20
136 20
137 22
138 22
139 23
140 23
141 22
142 18
143 20
144 22
145 18
146 19
147 19
148 21
149 18
150 23
151 24
152 21
153 22
154 23
155 22
156 21
157 23
158 24
159 24
160 22
161 21
162 23
163 21
164 20
165 15
166 16
167 22
168 23
169 19
170 21
171 19
172 20
173 19
174 21
175 23
176 22
177 23
178 20
179 18
180 19
181 20
182 20
183 23
184 18
185 22
186 20
187 18
188 20
189 20
190 23
191 24
192 22
193 23
194 20
195 19
196 23
197 19
198 17
199 20
200 21
201 23
202 21
203 21
204 22
205 21
206 20
207 22
208 20
209 19
210 21
211 23
212 21
213 21
214 17
215 15
216 20
217 21
218 19
219 19
220 20
221 22
222 22
223 16
224 18
225 21
226 21
227 24
228 22
229 19
230 23
231 19
232 20
233 20
234 19
235 18
236 20
237 22
238 23
239 22
240 26
241 23
242 23
243 23
244 19
245 21
246 19
247 20
248 20
249 22
250 18
251 20
252 24
253 25
254 24
255 22
256 22
257 21
258 22
259 20
260 20
261 19
262 18
263 21
264 21
265 21
266 23
267 22
268 19
269 20
270 20
271 16
272 20
273 16
274 20
275 22
276 20
277 21
278 21
279 19
280 18
281 19
282 21
283 24
284 22
285 24
286 21
287 20
288 22
289 20
290 22
291 25
292 22
293 21
294 25
295 22
296 18
297 19
298 23
299 19
300 21
301 21
302 20
303 20
304 21
305 18
306 19
307 19
308 19
309 15
310 18
311 20
312 20
313 23
314 22
315 21
316 20
317 19
318 18
319 19
320 17
321 19
322 22
323 20
324 21
325 18
326 18
327 19
328 20
329 20
330 20
331 20
332 25
333 21
334 19
335 18
336 19
337 21
338 18
339 18
340 18
341 20
342 25
343 26
344 21
345 21
346 22
347 24
348 21
349 21
350 23
351 23
352 18
353 15
354 19
355 19
356 20
357 21
358 20
359 23
360 20
361 19
362 16
363 19
364 19
365 19
366 20
367 22
368 20
369 20
370 20
371 22
372 21
373 21
374 21
375 17
376 20
377 23
378 22
379 17
380 16
381 17
382 22
383 20
384 16
385 18
386 17
387 16
388 17
389 18
390 19
391 21
392 21
393 22
394 23
395 21
396 17
397 19
398 22
399 19
400 18
401 19
402 19
403 20
404 24
405 22
406 21
407 20
408 20
409 17
410 18
411 22
412 20
413 19
414 21
415 18
416 19
417 22
418 20
419 17
420 17
421 21
422 22
423 22
424 20
425 20
426 25
427 20
428 24
429 19
430 19
431 22
432 20
433 23
434 22
435 22
436 20
437 23
438 21
439 19
440 17
441 19
442 23
443 20
444 20
445 21
446 22
447 20
448 21
449 18
450 21
451 18
452 21
453 25
454 23
455 26
456 23
457 20
458 21
459 20
460 17
461 19
462 17
463 20
464 24
465 24
466 22
467 24
468 19
469 20
470 22
471 22
472 22
473 22
474 23
475 19
476 20
477 19
478 22
479 21
480 17
481 20
482 18
483 20
484 20
485 20
486 21
487 23
488 20
489 21
490 21
491 16
492 17
493 15
494 21
495 22
496 21
497 19
498 20
499 20
500 23
501 22
502 21
503 26
504 24
505 24
506 21
507 22
508 20
509 20
510 19
511 20
512 19
513 19
514 18
515 20
516 20
517 20
518 21
519 23
520 22
521 23
522 23
523 22
524 22
525 22
526 23
527 20
528 20
529 21
530 23
531 23
532 23
533 22
534 20
535 20
536 21
537 20
538 20
539 21
540 17
541 21
542 19
543 19
544 21
545 19
546 20
547 23
548 22
549 20
550 21
551 20
552 22
553 23
554 18
555 16
556 21
557 20
558 24
559 18
560 22
561 23
562 22
563 24
564 22
565 23
566 22
567 19
568 19
569 23
570 20
571 23
572 20
573 22
574 18
575 21
576 19
577 20
578 18
579 20
580 20
581 20
582 23
583 21
584 21
585 21
586 23
587 20
588 20
589 23
590 21
591 22
592 21
593 21
594 22
595 24
596 22
597 21
598 19
599 20
600 19
601 20
602 20
603 19
604 16
605 21
606 19
607 21
608 21
609 20
610 21
611 19
612 20
613 21
614 20
615 23
616 24
617 21
618 21
619 19
620 20
621 21
622 25
623 22
624 21
625 21
626 20
627 22
628 20
629 19
630 21
631 22
632 23
633 23
634 22
635 21
636 21
637 22
638 21
639 19
640 19
641 19
642 22
643 24
644 22
645 19
646 21
647 15
648 13
649 19
650 17
651 14
652 17
653 19
654 23
655 23
656 25
657 22
658 21
659 18
660 15
661 16
662 18
663 19
664 19
665 17
666 20
667 21
668 21
669 22
670 22
671 23
672 18
673 20
674 19
675 21
676 23
677 22
678 21
679 23
680 21
681 22
682 21
683 22
684 21
685 23
686 24
687 21
688 22
689 22
690 22
691 20
692 18
693 20
694 20
695 19
696 23
697 21
698 23
699 23
700 21
701 15
702 22
703 23
704 23
705 20
706 22
707 22
708 20
709 21
710 20
711 17
712 21
713 22
714 25
715 23
716 19
717 23
718 20
719 21
720 20
721 21
722 23
723 22
724 22
725 21
726 17
727 18
728 19
729 20
730 18
731 17
732 17
733 21
734 20
735 23
736 20
737 22
738 22
739 19
740 22
741 25
742 23
743 20
744 17
745 17
746 18
747 20
748 22
749 21
750 23
751 23
752 23
753 21
754 20
755 20
756 20
757 21
758 24
759 22
760 21
761 21
762 19
763 18
764 21
765 16
766 20
767 21
768 22
769 22
770 17
771 23
772 21
773 19
774 16
775 18
776 20
777 20
778 19
779 18
780 21
781 23
782 22
783 23
784 22
785 21
786 23
787 18
788 20
789 18
790 24
791 21
792 21
793 18
794 19
795 19
796 20
797 20
798 19
799 21
800 22
801 20
802 21
803 17
804 16
805 18
806 21
807 20
808 20
809 20
810 20
811 20
812 19
813 20
814 21
815 22
816 21
817 22
818 20
819 20
820 23
821 20
822 19
823 15
824 20
825 21
826 19
827 17
828 21
829 21
830 19
831 23
832 19
833 19
834 20
835 17
836 19
837 23
838 21
839 17
840 20
841 20
842 22
843 20
844 19
845 17
846 17
847 19
848 20
849 22
850 24
851 19
852 21
853 20
854 21
855 18
856 22
857 21
858 20
859 20
860 20
861 17
862 19
863 20
864 18
865 20
866 21
867 20
868 20
869 21
870 20
871 18
872 23
873 25
874 19
875 17
876 20
877 22
878 21
879 20
880 20
881 20
882 21
883 20
884 20
885 22
886 22
887 19
888 21
889 17
890 21
891 19
892 20
893 20
894 20
895 18
896 18
897 18
898 18
899 21
900 19
901 18
902 22
903 21
904 21
905 20
906 18
907 22
908 23
909 20
910 20
911 20
912 20
913 19
914 21
915 17
916 19
917 24
918 19
919 18
920 21
921 22
922 22
923 20
924 18
925 20
926 19
927 20
928 20
929 22
930 20
931 21
932 20
933 21
934 22
935 20
936 20
937 21
938 19
939 20
940 20
941 21
942 20
943 20
944 18
945 20
946 23
947 21
948 21
949 19
950 20
951 19
952 19
953 22
954 24
955 19
956 17
957 19
958 22
959 21
960 22
961 19
962 23
963 24
964 23
965 19
966 20
967 23
968 22
969 19
970 21
971 22
972 19
973 20
974 22
975 20
976 21
977 17
978 23
979 21
980 18
981 20
982 20
983 18
984 19
985 18
986 18
987 19
988 18
989 20
990 20
991 21
992 21
993 21
994 23
995 19
996 19
997 21
998 21
999 23
1000 22
