0 95
1 70
2 62
3 67
4 68
5 69
6 67
7 66
8 68
9 68
10 66
11 69
12 68
13 68
14 73
15 68
16 65
17 64
18 67
19 63
20 64
21 64
22 68
23 67
24 67
25 65
26 63
27 67
28 67
29 60
30 66
31 64
32 63
33 65
34 65
35 69
36 67
37 64
38 67
39 63
40 61
41 68
42 69
43 60
44 64
45 63
46 64
47 67
48 66
49 69
50 68
51 64
52 72
53 69
54 68
55 70
56 66
57 74
58 67
59 64
60 68
61 67
62 69
63 71
64 65
65 62
66 64
67 66
68 69
69 63
70 62
71 62
72 65
73 67
74 66
75 63
76 65
77 67
78 62
79 66
80 68
81 72
82 69
83 67
84 67
85 69
86 63
87 71
88 71
89 71
90 66
91 68
92 73
93 69
94 66
95 67
96 64
97 67
98 69
99 71
100 62
101 64
102 69
103 68
104 67
105 66
106 68
107 68
108 63
109 69
110 66
111 69
112 68
113 68
114 65
115 62
116 64
117 64
118 67
119 68
120 66
121 68
122 69
123 67
124 69
125 65
126 62
127 68
128 65
129 65
130 67
131 69
132 66
133 67
134 66
135 63
136 67
137 70
138 70
139 67
140 63
141 69
142 63
143 70
144 61
145 64
146 66
147 70
148 70
149 65
150 67
151 70
152 68
153 64
154 63
155 66
156 69
157 67
158 67
159 68
160 64
161 65
162 65
163 68
164 69
165 63
166 68
167 67
168 64
169 64
170 62
171 62
172 60
173 65
174 66
175 66
176 65
177 69
178 70
179 63
180 67
181 65
182 63
183 64
184 69
185 64
186 65
187 70
188 60
189 67
190 69
191 68
192 67
193 64
194 70
195 71
196 68
197 67
198 72
199 68
200 60
201 68
202 68
203 71
204 70
205 67
206 67
207 68
208 62
209 62
210 66
211 69
212 68
213 68
214 70
215 65
216 62
217 63
218 71
219 66
220 65
221 61
222 66
223 69
224 68
225 68
226 65
227 69
228 67
229 66
230 67
231 67
232 60
233 65
234 66
235 67
236 68
237 68
238 67
239 66
240 67
241 63
242 64
243 65
244 66
245 63
246 64
247 67
248 65
249 65
250 68
251 65
252 67
253 64
254 61
255 65
256 70
257 71
258 64
259 66
260 66
261 65
262 70
263 65
264 68
265 65
266 65
267 67
268 68
269 72
270 68
271 66
272 67
273 68
274 67
275 69
276 60
277 66
278 67
279 67
280 72
281 71
282 68
283 68
284 67
285 61
286 66
287 68
288 65
289 65
290 62
291 70
292 65
293 64
294 52
295 67
296 65
297 64
298 70
299 64
300 63
301 59
302 59
303 66
304 68
305 61
306 69
307 63
308 69
309 71
310 68
311 70
312 68
313 73
314 69
315 63
316 63
317 67
318 72
319 59
320 68
321 62
322 66
323 68
324 60
325 65
326 72
327 65
328 68
329 64
330 64
331 61
332 65
333 65
334 66
335 70
336 68
337 67
338 70
339 72
340 66
341 64
342 62
343 66
344 65
345 66
346 63
347 69
348 66
349 63
350 68
351 68
352 63
353 59
354 63
355 61
356 67
357 70
358 69
359 70
360 66
361 67
362 66
363 71
364 63
365 61
366 69
367 66
368 72
369 71
370 64
371 68
372 65
373 72
374 67
375 65
376 63
377 65
378 66
379 67
380 64
381 67
382 67
383 61
384 69
385 61
386 65
387 69
388 66
389 68
390 63
391 64
392 69
393 67
394 69
395 69
396 66
397 63
398 67
399 63
400 70
401 64
402 67
403 70
404 64
405 63
406 68
407 67
408 68
409 66
410 67
411 67
412 68
413 66
414 64
415 68
416 69
417 65
418 66
419 73
420 68
421 67
422 65
423 71
424 65
425 65
426 66
427 69
428 65
429 72
430 66
431 66
432 59
433 66
434 68
435 63
436 66
437 64
438 71
439 60
440 65
441 64
442 64
443 68
444 70
445 65
446 66
447 65
448 69
449 70
450 67
451 68
452 65
453 65
454 62
455 68
456 61
457 68
458 64
459 63
460 65
461 59
462 66
463 63
464 67
465 65
466 63
467 66
468 69
469 68
470 64
471 66
472 62
473 69
474 67
475 66
476 71
477 72
478 68
479 71
480 65
481 69
482 65
483 68
484 70
485 70
486 67
487 58
488 67
489 68
490 58
491 70
492 65
493 67
494 63
495 65
496 65
497 59
498 64
499 62
500 64
501 64
502 66
503 69
504 68
505 67
506 63
507 61
508 67
509 68
510 69
511 68
512 68
513 65
514 70
515 68
516 64
517 64
518 66
519 69
520 68
521 67
522 67
523 67
524 64
525 63
526 63
527 68
528 68
529 65
530 66
531 65
532 67
533 64
534 65
535 62
536 69
537 66
538 68
539 72
540 64
541 68
542 67
543 63
544 58
545 63
546 66
547 66
548 63
549 72
550 69
551 66
552 63
553 67
554 65
555 68
556 69
557 70
558 65
559 66
560 61
561 64
562 70
563 70
564 69
565 71
566 60
567 69
568 64
569 68
570 70
571 64
572 71
573 65
574 67
575 70
576 71
577 69
578 63
579 65
580 60
581 58
582 65
583 69
584 63
585 64
586 68
587 66
588 64
589 70
590 68
591 68
592 68
593 69
594 66
595 66
596 65
597 66
598 69
599 70
600 66
601 67
602 66
603 67
604 63
605 65
606 69
607 67
608 69
609 72
610 67
611 66
612 63
613 59
614 65
615 67
616 63
617 62
618 70
619 66
620 66
621 70
622 68
623 70
624 62
625 67
626 64
627 62
628 51
629 65
630 63
631 67
632 71
633 71
634 57
635 65
636 69
637 70
638 65
639 70
640 64
641 71
642 61
643 66
644 67
645 66
646 68
647 61
648 61
649 66
650 67
651 61
652 65
653 67
654 67
655 68
656 70
657 67
658 67
659 67
660 64
661 60
662 67
663 63
664 66
665 67
666 61
667 71
668 70
669 67
670 67
671 65
672 72
673 69
674 69
675 64
676 64
677 64
678 59
679 65
680 67
681 69
682 68
683 61
684 67
685 70
686 70
687 67
688 65
689 60
690 71
691 67
692 68
693 67
694 67
695 69
696 70
697 67
698 63
699 70
700 68
701 67
702 63
703 62
704 67
705 67
706 67
707 67
708 67
709 68
710 67
711 68
712 61
713 67
714 67
715 65
716 61
717 63
718 61
719 65
720 63
721 68
722 61
723 67
724 65
725 67
726 66
727 67
728 68
729 63
730 66
731 63
732 62
733 60
734 69
735 59
736 68
737 66
738 66
739 66
740 68
741 67
742 69
743 68
744 61
745 68
746 66
747 64
748 66
749 65
750 68
751 66
752 65
753 67
754 65
755 69
756 63
757 63
758 63
759 64
760 66
761 67
762 69
763 66
764 71
765 65
766 62
767 65
768 66
769 67
770 64
771 67
772 60
773 70
774 67
775 63
776 64
777 69
778 63
779 66
780 68
781 68
782 64
783 63
784 63
785 65
786 62
787 67
788 62
789 62
790 67
791 70
792 63
793 64
794 69
795 68
796 58
797 63
798 69
799 68
800 68
801 71
802 69
803 65
804 64
805 64
806 65
807 60
808 69
809 63
810 60
811 66
812 68
813 69
814 73
815 62
816 67
817 60
818 57
819 64
820 58
821 66
822 63
823 63
824 69
825 70
826 66
827 72
828 66
829 65
830 67
831 65
832 65
833 68
834 67
835 65
836 68
837 59
838 68
839 65
840 65
841 71
842 68
843 60
844 62
845 65
846 70
847 64
848 70
849 65
850 66
851 62
852 68
853 66
854 64
855 67
856 60
857 69
858 62
859 68
860 63
861 64
862 63
863 67
864 68
865 60
866 71
867 67
868 66
869 63
870 67
871 65
872 68
873 66
874 66
875 66
876 63
877 68
878 65
879 67
880 67
881 67
882 70
883 68
884 66
885 68
886 70
887 61
888 63
889 66
890 63
891 65
892 72
893 62
894 69
895 61
896 67
897 67
898 69
899 67
900 59
901 69
902 63
903 66
904 62
905 69
906 59
907 68
908 66
909 66
910 67
911 71
912 64
913 64
914 66
915 67
916 68
917 67
918 60
919 63
920 66
921 66
922 65
923 66
924 71
925 61
926 71
927 64
928 63
929 69
930 65
931 66
932 67
933 65
934 61
935 64
936 67
937 65
938 64
939 62
940 66
941 64
942 73
943 69
944 69
945 65
946 64
947 70
948 68
949 69
950 66
951 66
952 70
953 63
954 64
955 67
956 64
957 70
958 65
959 66
960 67
961 66
962 70
963 67
964 65
965 64
966 60
967 66
968 65
969 68
970 72
971 68
972 72
973 68
974 66
975 61
976 65
977 62
978 63
979 61
980 65
981 67
982 62
983 65
984 65
985 67
986 68
987 69
988 66
989 66
990 64
991 69
992 63
993 64
994 69
995 67
996 56
997 66
998 66
999 68
1000 67
