0 5
1 3
2 1
3 3
4 3
5 3
6 2
7 2
8 3
9 3
10 2
11 4
12 2
13 3
14 2
15 3
16 1
17 3
18 3
19 1
20 1
21 2
22 1
23 2
24 2
25 3
26 1
27 1
28 2
29 2
30 3
31 3
32 2
33 3
34 2
35 3
36 3
37 2
38 1
39 1
40 3
41 4
42 4
43 3
44 3
45 3
46 2
47 2
48 1
49 3
50 2
51 2
52 2
53 2
54 2
55 3
56 3
57 2
58 2
59 2
60 2
61 3
62 2
63 2
64 2
65 3
66 2
67 2
68 2
69 2
70 3
71 2
72 4
73 3
74 2
75 3
76 4
77 3
78 3
79 3
80 3
81 3
82 2
83 4
84 1
85 2
86 1
87 2
88 2
89 3
90 3
91 3
92 3
93 3
94 3
95 3
96 4
97 3
98 1
99 2
100 2
101 2
102 3
103 3
104 3
105 2
106 3
107 2
108 2
109 2
110 2
111 3
112 3
113 2
114 3
115 3
116 3
117 2
118 2
119 2
120 2
121 3
122 2
123 2
124 1
125 2
126 3
127 3
128 2
129 1
130 3
131 2
132 3
133 3
134 3
135 2
136 4
137 2
138 0
139 3
140 3
141 3
142 2
143 2
144 3
145 2
146 2
147 0
148 2
149 2
150 3
151 3
152 4
153 3
154 3
155 2
156 2
157 3
158 2
159 2
160 2
161 1
162 2
163 4
164 3
165 3
166 3
167 1
168 2
169 2
170 2
171 3
172 3
173 2
174 2
175 3
176 3
177 2
178 2
179 2
180 1
181 3
182 2
183 2
184 2
185 1
186 1
187 2
188 3
189 3
190 3
191 3
192 3
193 2
194 2
195 1
196 2
197 2
198 3
199 3
200 2
201 0
202 3
203 3
204 3
205 2
206 2
207 2
208 2
209 3
210 1
211 2
212 3
213 3
214 2
215 2
216 2
217 2
218 4
219 3
220 3
221 2
222 2
223 3
224 2
225 2
226 3
227 3
228 3
229 1
230 1
231 3
232 2
233 3
234 2
235 2
236 3
237 3
238 3
239 4
240 3
241 2
242 2
243 3
244 2
245 2
246 2
247 3
248 3
249 3
250 2
251 4
252 3
253 3
254 2
255 3
256 2
257 2
258 2
259 2
260 3
261 2
262 2
263 2
264 1
265 4
266 2
267 3
268 3
269 1
270 3
271 3
272 2
273 3
274 3
275 2
276 2
277 1
278 3
279 3
280 2
281 3
282 4
283 4
284 3
285 3
286 3
287 3
288 3
289 2
290 3
291 3
292 2
293 3
294 3
295 2
296 3
297 3
298 2
299 3
300 2
301 3
302 2
303 3
304 1
305 2
306 1
307 1
308 3
309 2
310 3
311 3
312 2
313 3
314 2
315 3
316 2
317 2
318 3
319 3
320 3
321 2
322 1
323 2
324 1
325 1
326 0
327 2
328 3
329 2
330 3
331 3
332 3
333 2
334 2
335 2
336 3
337 3
338 3
339 1
340 3
341 1
342 2
343 2
344 1
345 1
346 2
347 3
348 3
349 2
350 2
351 3
352 3
353 1
354 3
355 2
356 3
357 2
358 3
359 2
360 3
361 2
362 1
363 2
364 1
365 2
366 2
367 3
368 3
369 3
370 2
371 1
372 3
373 3
374 2
375 1
376 3
377 3
378 2
379 3
380 3
381 1
382 3
383 3
384 3
385 2
386 3
387 2
388 3
389 3
390 3
391 3
392 2
393 2
394 2
395 3
396 1
397 3
398 2
399 0
400 2
401 3
402 2
403 2
404 3
405 3
406 2
407 2
408 3
409 2
410 2
411 1
412 3
413 2
414 1
415 3
416 3
417 3
418 3
419 2
420 3
421 3
422 3
423 2
424 3
425 1
426 1
427 2
428 2
429 2
430 1
431 2
432 1
433 2
434 2
435 2
436 2
437 2
438 1
439 1
440 2
441 2
442 3
443 3
444 3
445 1
446 2
447 2
448 2
449 2
450 3
451 2
452 2
453 2
454 2
455 3
456 3
457 3
458 3
459 2
460 3
461 2
462 2
463 1
464 2
465 2
466 2
467 3
468 2
469 1
470 2
471 3
472 2
473 3
474 3
475 1
476 2
477 2
478 3
479 2
480 2
481 1
482 2
483 3
484 2
485 1
486 2
487 3
488 2
489 2
490 2
491 3
492 2
493 2
494 3
495 2
496 2
497 2
498 2
499 2
500 3
501 2
502 2
503 3
504 3
505 3
506 3
507 3
508 2
509 3
510 2
511 2
512 2
513 2
514 2
515 1
516 3
517 3
518 4
519 1
520 2
521 3
522 2
523 3
524 4
525 2
526 1
527 3
528 3
529 2
530 2
531 3
532 2
533 2
534 3
535 2
536 3
537 2
538 3
539 1
540 2
541 1
542 2
543 3
544 2
545 2
546 1
547 1
548 1
549 2
550 3
551 2
552 3
553 1
554 2
555 1
556 2
557 1
558 2
559 2
560 2
561 3
562 3
563 3
564 2
565 1
566 2
567 1
568 2
569 2
570 1
571 1
572 2
573 2
574 1
575 1
576 0
577 3
578 2
579 2
580 1
581 2
582 2
583 3
584 3
585 4
586 4
587 2
588 2
589 2
590 3
591 2
592 2
593 2
594 3
595 2
596 2
597 3
598 4
599 3
600 3
601 2
602 2
603 1
604 3
605 2
606 1
607 0
608 3
609 1
610 2
611 3
612 2
613 2
614 3
615 2
616 4
617 2
618 2
619 2
620 2
621 2
622 3
623 3
624 3
625 1
626 2
627 1
628 2
629 2
630 2
631 1
632 2
633 2
634 2
635 1
636 2
637 3
638 2
639 2
640 2
641 1
642 3
643 2
644 3
645 2
646 2
647 3
648 2
649 2
650 3
651 1
652 2
653 2
654 1
655 2
656 2
657 2
658 1
659 3
660 2
661 1
662 3
663 2
664 2
665 2
666 3
667 2
668 2
669 1
670 2
671 2
672 2
673 2
674 2
675 3
676 3
677 2
678 2
679 2
680 2
681 3
682 1
683 2
684 3
685 2
686 2
687 1
688 3
689 1
690 3
691 3
692 2
693 2
694 1
695 2
696 3
697 3
698 3
699 2
700 2
701 4
702 3
703 3
704 2
705 3
706 2
707 3
708 2
709 3
710 2
711 3
712 3
713 2
714 2
715 3
716 2
717 2
718 1
719 3
720 3
721 2
722 2
723 2
724 1
725 2
726 3
727 2
728 3
729 3
730 3
731 3
732 3
733 4
734 3
735 2
736 0
737 2
738 2
739 2
740 1
741 1
742 2
743 2
744 1
745 2
746 2
747 2
748 2
749 3
750 2
751 3
752 2
753 2
754 3
755 2
756 1
757 2
758 2
759 2
760 3
761 2
762 3
763 2
764 3
765 3
766 2
767 2
768 0
769 2
770 2
771 2
772 2
773 3
774 3
775 2
776 3
777 2
778 2
779 3
780 3
781 1
782 2
783 1
784 3
785 3
786 2
787 3
788 3
789 3
790 2
791 3
792 2
793 2
794 3
795 2
796 3
797 2
798 2
799 3
800 4
801 1
802 2
803 3
804 2
805 1
806 1
807 2
808 2
809 2
810 1
811 1
812 2
813 2
814 2
815 3
816 2
817 1
818 2
819 2
820 2
821 1
822 3
823 2
824 2
825 2
826 3
827 3
828 3
829 3
830 2
831 1
832 3
833 2
834 2
835 2
836 4
837 3
838 4
839 1
840 3
841 1
842 2
843 2
844 3
845 2
846 2
847 2
848 2
849 1
850 1
851 2
852 2
853 3
854 3
855 1
856 2
857 2
858 2
859 2
860 2
861 2
862 3
863 3
864 2
865 2
866 2
867 2
868 3
869 2
870 3
871 2
872 3
873 3
874 2
875 3
876 2
877 3
878 3
879 3
880 1
881 1
882 4
883 2
884 3
885 3
886 1
887 2
888 3
889 2
890 2
891 3
892 2
893 3
894 3
895 4
896 3
897 3
898 3
899 3
900 2
901 1
902 2
903 2
904 2
905 1
906 2
907 2
908 3
909 2
910 2
911 3
912 2
913 3
914 3
915 0
916 2
917 2
918 2
919 2
920 2
921 2
922 2
923 2
924 1
925 1
926 2
927 2
928 2
929 2
930 2
931 1
932 2
933 3
934 2
935 2
936 1
937 2
938 4
939 3
940 3
941 4
942 3
943 2
944 3
945 2
946 2
947 3
948 3
949 4
950 3
951 2
952 2
953 3
954 3
955 2
956 3
957 3
958 3
959 2
960 2
961 2
962 2
963 2
964 3
965 2
966 3
967 3
968 2
969 2
970 2
971 2
972 3
973 2
974 1
975 3
976 2
977 1
978 2
979 2
980 3
981 2
982 3
983 3
984 2
985 2
986 3
987 3
988 2
989 2
990 2
991 2
992 3
993 2
994 2
995 2
996 3
997 3
998 3
999 3
1000 3
