0 10
1 10
2 6
3 7
4 8
5 8
6 6
7 5
8 5
9 6
10 6
11 5
12 7
13 6
14 6
15 7
16 6
17 6
18 6
19 6
20 7
21 7
22 9
23 7
24 5
25 6
26 5
27 6
28 5
29 7
30 7
31 6
32 5
33 6
34 5
35 7
36 7
37 5
38 5
39 5
40 6
41 6
42 4
43 3
44 6
45 6
46 7
47 7
48 7
49 7
50 8
51 8
52 5
53 4
54 6
55 5
56 3
57 5
58 6
59 6
60 6
61 5
62 6
63 5
64 6
65 6
66 5
67 5
68 5
69 7
70 8
71 7
72 7
73 7
74 6
75 8
76 8
77 7
78 7
79 9
80 7
81 5
82 7
83 7
84 7
85 7
86 7
87 6
88 6
89 6
90 7
91 7
92 6
93 3
94 5
95 6
96 7
97 6
98 5
99 6
100 6
101 7
102 8
103 8
104 7
105 7
106 5
107 6
108 6
109 6
110 6
111 5
112 4
113 5
114 5
115 4
116 5
117 6
118 6
119 5
120 4
121 4
122 5
123 6
124 5
125 8
126 9
127 8
128 7
129 6
130 8
131 7
132 6
133 4
134 5
135 6
136 6
137 7
138 8
139 7
140 6
141 4
142 6
143 7
144 6
145 8
146 8
147 7
148 6
149 4
150 6
151 6
152 7
153 6
154 6
155 6
156 6
157 7
158 7
159 6
160 7
161 6
162 5
163 5
164 6
165 7
166 8
167 7
168 6
169 6
170 4
171 3
172 5
173 5
174 6
175 5
176 4
177 5
178 5
179 7
180 7
181 7
182 5
183 4
184 6
185 7
186 8
187 6
188 7
189 5
190 6
191 7
192 6
193 6
194 6
195 5
196 6
197 5
198 6
199 5
200 7
201 8
202 5
203 5
204 5
205 5
206 4
207 7
208 6
209 6
210 3
211 5
212 6
213 5
214 6
215 6
216 6
217 6
218 6
219 6
220 6
221 6
222 5
223 5
224 5
225 5
226 3
227 2
228 4
229 4
230 5
231 5
232 6
233 5
234 7
235 9
236 8
237 7
238 8
239 8
240 8
241 8
242 6
243 5
244 5
245 6
246 6
247 5
248 6
249 7
250 7
251 5
252 6
253 5
254 6
255 5
256 5
257 3
258 4
259 6
260 5
261 5
262 5
263 7
264 7
265 6
266 6
267 6
268 7
269 7
270 6
271 5
272 6
273 7
274 7
275 6
276 6
277 5
278 7
279 8
280 7
281 7
282 8
283 6
284 6
285 6
286 6
287 6
288 5
289 6
290 7
291 6
292 4
293 6
294 8
295 5
296 5
297 9
298 7
299 5
300 5
301 5
302 6
303 7
304 8
305 7
306 6
307 7
308 7
309 7
310 7
311 7
312 7
313 5
314 9
315 8
316 6
317 6
318 5
319 8
320 7
321 8
322 7
323 7
324 6
325 7
326 7
327 6
328 7
329 7
330 8
331 7
332 7
333 6
334 6
335 7
336 5
337 6
338 4
339 4
340 8
341 6
342 7
343 7
344 7
345 7
346 7
347 5
348 6
349 6
350 6
351 6
352 6
353 5
354 5
355 6
356 5
357 6
358 6
359 7
360 6
361 6
362 5
363 7
364 6
365 7
366 8
367 6
368 6
369 5
370 7
371 8
372 7
373 7
374 5
375 3
376 2
377 5
378 6
379 5
380 6
381 4
382 5
383 6
384 5
385 6
386 6
387 6
388 6
389 7
390 5
391 7
392 7
393 6
394 5
395 5
396 6
397 7
398 7
399 8
400 8
401 9
402 7
403 7
404 8
405 6
406 4
407 5
408 7
409 6
410 6
411 6
412 6
413 6
414 6
415 6
416 6
417 6
418 6
419 7
420 8
421 6
422 7
423 6
424 6
425 6
426 7
427 7
428 6
429 6
430 8
431 6
432 5
433 7
434 7
435 7
436 7
437 8
438 7
439 5
440 7
441 7
442 6
443 6
444 6
445 5
446 5
447 6
448 7
449 7
450 6
451 9
452 6
453 6
454 7
455 6
456 7
457 9
458 8
459 8
460 7
461 6
462 5
463 6
464 6
465 7
466 6
467 5
468 6
469 5
470 5
471 5
472 4
473 6
474 6
475 6
476 5
477 3
478 6
479 5
480 4
481 6
482 7
483 7
484 6
485 6
486 6
487 7
488 8
489 6
490 6
491 6
492 5
493 6
494 7
495 6
496 5
497 6
498 5
499 5
500 6
501 6
502 6
503 5
504 6
505 7
506 7
507 6
508 6
509 5
510 5
511 4
512 6
513 5
514 5
515 5
516 6
517 6
518 5
519 7
520 6
521 8
522 7
523 7
524 7
525 8
526 7
527 6
528 6
529 7
530 6
531 7
532 8
533 8
534 8
535 7
536 5
537 5
538 3
539 4
540 6
541 5
542 5
543 5
544 8
545 7
546 8
547 7
548 6
549 8
550 8
551 7
552 7
553 6
554 6
555 6
556 8
557 8
558 8
559 8
560 8
561 7
562 8
563 7
564 6
565 7
566 7
567 7
568 8
569 7
570 8
571 8
572 6
573 8
574 8
575 8
576 8
577 6
578 6
579 6
580 6
581 4
582 4
583 3
584 5
585 6
586 5
587 5
588 6
589 7
590 8
591 8
592 8
593 5
594 7
595 7
596 8
597 8
598 6
599 6
600 5
601 6
602 5
603 7
604 8
605 9
606 8
607 8
608 8
609 8
610 5
611 3
612 3
613 5
614 6
615 7
616 6
617 5
618 5
619 4
620 6
621 6
622 5
623 6
624 5
625 7
626 4
627 4
628 5
629 7
630 8
631 7
632 6
633 6
634 6
635 5
636 4
637 5
638 8
639 8
640 8
641 7
642 7
643 7
644 5
645 7
646 7
647 5
648 5
649 7
650 7
651 9
652 7
653 6
654 6
655 7
656 5
657 6
658 5
659 5
660 5
661 7
662 8
663 8
664 6
665 4
666 6
667 4
668 5
669 5
670 7
671 8
672 5
673 5
674 5
675 5
676 4
677 7
678 8
679 7
680 6
681 8
682 10
683 8
684 3
685 5
686 4
687 6
688 4
689 7
690 8
691 8
692 8
693 7
694 7
695 8
696 7
697 6
698 6
699 8
700 7
701 6
702 5
703 7
704 7
705 6
706 7
707 7
708 5
709 6
710 5
711 6
712 7
713 8
714 6
715 6
716 8
717 7
718 4
719 6
720 8
721 6
722 7
723 7
724 7
725 5
726 5
727 7
728 5
729 4
730 6
731 5
732 6
733 6
734 6
735 8
736 7
737 5
738 6
739 8
740 7
741 5
742 4
743 5
744 5
745 7
746 6
747 7
748 7
749 7
750 7
751 7
752 6
753 7
754 6
755 7
756 6
757 6
758 5
759 5
760 5
761 4
762 2
763 4
764 4
765 3
766 6
767 4
768 3
769 6
770 5
771 5
772 5
773 5
774 4
775 7
776 7
777 5
778 7
779 7
780 8
781 9
782 7
783 7
784 8
785 7
786 6
787 4
788 3
789 4
790 4
791 4
792 5
793 5
794 4
795 6
796 5
797 6
798 5
799 4
800 6
801 6
802 6
803 6
804 5
805 5
806 6
807 7
808 8
809 8
810 7
811 6
812 6
813 5
814 6
815 5
816 4
817 6
818 7
819 7
820 6
821 5
822 7
823 6
824 6
825 5
826 5
827 6
828 6
829 8
830 9
831 7
832 8
833 6
834 4
835 7
836 8
837 7
838 8
839 7
840 6
841 6
842 8
843 7
844 7
845 7
846 8
847 8
848 8
849 6
850 7
851 7
852 8
853 8
854 5
855 5
856 3
857 5
858 4
859 5
860 6
861 4
862 5
863 5
864 7
865 7
866 6
867 8
868 5
869 5
870 6
871 6
872 5
873 6
874 6
875 7
876 6
877 6
878 5
879 7
880 7
881 7
882 2
883 3
884 4
885 4
886 6
887 5
888 5
889 5
890 7
891 8
892 8
893 7
894 7
895 7
896 6
897 7
898 6
899 7
900 8
901 8
902 7
903 7
904 7
905 6
906 7
907 4
908 7
909 5
910 7
911 7
912 7
913 7
914 7
915 8
916 8
917 5
918 6
919 7
920 6
921 6
922 7
923 7
924 6
925 4
926 4
927 5
928 6
929 4
930 5
931 5
932 6
933 6
934 6
935 6
936 8
937 7
938 5
939 4
940 4
941 6
942 7
943 8
944 7
945 6
946 7
947 5
948 6
949 6
950 7
951 7
952 6
953 7
954 7
955 7
956 5
957 7
958 8
959 7
960 6
961 7
962 6
963 6
964 7
965 6
966 6
967 6
968 6
969 6
970 7
971 5
972 8
973 6
974 5
975 7
976 5
977 5
978 5
979 6
980 6
981 8
982 5
983 6
984 8
985 7
986 6
987 6
988 5
989 6
990 6
991 7
992 5
993 5
994 6
995 7
996 4
997 6
998 6
999 5
1000 5
