0 95
1 79
2 73
3 66
4 66
5 67
6 66
7 66
8 65
9 62
10 65
11 67
12 64
13 60
14 61
15 65
16 64
17 67
18 63
19 62
20 63
21 65
22 66
23 65
24 68
25 62
26 67
27 64
28 67
29 60
30 63
31 65
32 63
33 61
34 57
35 55
36 60
37 64
38 59
39 63
40 63
41 67
42 67
43 66
44 68
45 67
46 62
47 61
48 60
49 56
50 59
51 63
52 62
53 66
54 65
55 68
56 63
57 64
58 64
59 64
60 70
61 69
62 66
63 63
64 65
65 63
66 62
67 61
68 59
69 58
70 65
71 63
72 62
73 64
74 60
75 63
76 64
77 70
78 68
79 64
80 66
81 63
82 55
83 54
84 60
85 62
86 65
87 66
88 59
89 62
90 62
91 63
92 66
93 63
94 68
95 63
96 64
97 68
98 68
99 69
100 63
101 62
102 62
103 61
104 63
105 66
106 61
107 68
108 63
109 63
110 63
111 64
112 56
113 62
114 63
115 66
116 61
117 61
118 63
119 60
120 64
121 66
122 68
123 67
124 64
125 62
126 66
127 67
128 60
129 61
130 66
131 67
132 66
133 64
134 59
135 61
136 63
137 66
138 65
139 68
140 65
141 63
142 67
143 66
144 69
145 67
146 68
147 63
148 64
149 62
150 61
151 63
152 62
153 62
154 57
155 64
156 65
157 67
158 63
159 65
160 61
161 60
162 63
163 64
164 62
165 65
166 63
167 64
168 64
169 67
170 68
171 62
172 61
173 65
174 68
175 70
176 68
177 65
178 65
179 60
180 55
181 61
182 65
183 68
184 66
185 58
186 61
187 61
188 65
189 63
190 60
191 66
192 62
193 66
194 67
195 68
196 67
197 70
198 70
199 65
200 65
201 62
202 61
203 57
204 52
205 60
206 65
207 61
208 61
209 64
210 62
211 62
212 63
213 66
214 65
215 66
216 67
217 67
218 64
219 61
220 60
221 62
222 58
223 62
224 67
225 66
226 65
227 60
228 59
229 57
230 60
231 62
232 63
233 63
234 64
235 63
236 63
237 66
238 64
239 62
240 63
241 63
242 65
243 66
244 65
245 62
246 64
247 67
248 64
249 63
250 65
251 67
252 68
253 61
254 64
255 65
256 69
257 66
258 61
259 61
260 60
261 60
262 59
263 65
264 68
265 65
266 63
267 63
268 61
269 58
270 56
271 60
272 59
273 62
274 62
275 65
276 65
277 59
278 56
279 56
280 61
281 63
282 60
283 60
284 63
285 67
286 61
287 61
288 62
289 60
290 63
291 61
292 60
293 58
294 54
295 57
296 57
297 60
298 57
299 61
300 63
301 64
302 67
303 68
304 68
305 66
306 62
307 59
308 66
309 66
310 65
311 66
312 66
313 69
314 69
315 70
316 69
317 70
318 70
319 62
320 60
321 64
322 65
323 67
324 63
325 61
326 62
327 66
328 67
329 62
330 61
331 63
332 63
333 67
334 66
335 64
336 58
337 62
338 61
339 60
340 62
341 59
342 64
343 66
344 66
345 66
346 65
347 67
348 67
349 68
350 68
351 64
352 63
353 64
354 59
355 62
356 65
357 66
358 59
359 61
360 66
361 63
362 59
363 61
364 67
365 66
366 63
367 67
368 70
369 65
370 65
371 68
372 70
373 69
374 70
375 65
376 68
377 63
378 61
379 60
380 61
381 67
382 63
383 63
384 60
385 66
386 67
387 61
388 63
389 61
390 64
391 63
392 59
393 61
394 60
395 67
396 65
397 62
398 67
399 60
400 61
401 61
402 63
403 58
404 59
405 64
406 63
407 62
408 63
409 68
410 64
411 59
412 58
413 65
414 68
415 69
416 68
417 66
418 66
419 61
420 63
421 67
422 70
423 65
424 65
425 70
426 66
427 65
428 57
429 61
430 65
431 64
432 65
433 63
434 61
435 64
436 65
437 64
438 66
439 66
440 70
441 70
442 63
443 63
444 64
445 63
446 66
447 68
448 67
449 62
450 63
451 67
452 66
453 66
454 66
455 69
456 67
457 63
458 70
459 68
460 65
461 65
462 60
463 55
464 63
465 64
466 55
467 60
468 55
469 57
470 59
471 61
472 60
473 58
474 61
475 63
476 63
477 63
478 62
479 69
480 63
481 66
482 64
483 61
484 61
485 64
486 68
487 67
488 68
489 69
490 66
491 64
492 62
493 62
494 61
495 59
496 62
497 65
498 65
499 59
500 60
501 68
502 68
503 61
504 66
505 61
506 62
507 61
508 66
509 61
510 62
511 60
512 63
513 64
514 63
515 66
516 61
517 60
518 57
519 57
520 62
521 62
522 68
523 66
524 64
525 63
526 61
527 62
528 56
529 61
530 70
531 70
532 70
533 62
534 67
535 63
536 61
537 66
538 55
539 58
540 60
541 61
542 57
543 59
544 61
545 60
546 62
547 61
548 59
549 62
550 62
551 59
552 59
553 60
554 60
555 64
556 64
557 62
558 62
559 62
560 61
561 64
562 65
563 68
564 69
565 67
566 67
567 64
568 63
569 64
570 62
571 55
572 61
573 57
574 63
575 67
576 68
577 65
578 68
579 68
580 67
581 68
582 63
583 61
584 65
585 70
586 64
587 62
588 55
589 58
590 62
591 62
592 65
593 66
594 67
595 64
596 63
597 69
598 70
599 64
600 66
601 70
602 69
603 68
604 66
605 62
606 64
607 62
608 65
609 62
610 64
611 64
612 64
613 60
614 58
615 62
616 65
617 61
618 66
619 67
620 65
621 67
622 63
623 64
624 61
625 61
626 64
627 64
628 65
629 66
630 65
631 66
632 65
633 65
634 70
635 70
636 69
637 60
638 59
639 60
640 64
641 67
642 62
643 64
644 66
645 65
646 69
647 67
648 65
649 61
650 62
651 62
652 64
653 64
654 58
655 63
656 62
657 63
658 66
659 64
660 63
661 65
662 65
663 63
664 63
665 63
666 61
667 61
668 65
669 64
670 65
671 70
672 61
673 62
674 66
675 68
676 68
677 63
678 58
679 62
680 58
681 62
682 64
683 64
684 68
685 62
686 65
687 62
688 64
689 63
690 65
691 66
692 67
693 65
694 66
695 60
696 66
697 64
698 63
699 65
700 65
701 63
702 63
703 67
704 69
705 62
706 63
707 63
708 64
709 63
710 59
711 57
712 59
713 60
714 64
715 69
716 67
717 64
718 64
719 62
720 60
721 65
722 67
723 65
724 65
725 59
726 60
727 54
728 58
729 60
730 58
731 58
732 63
733 61
734 64
735 63
736 61
737 67
738 62
739 65
740 65
741 65
742 67
743 69
744 70
745 67
746 63
747 62
748 62
749 60
750 60
751 62
752 60
753 63
754 61
755 68
756 65
757 65
758 68
759 67
760 61
761 61
762 60
763 57
764 53
765 58
766 61
767 57
768 59
769 57
770 62
771 59
772 67
773 63
774 60
775 60
776 65
777 61
778 64
779 61
780 61
781 62
782 63
783 69
784 65
785 68
786 68
787 66
788 71
789 69
790 72
791 68
792 63
793 66
794 67
795 66
796 67
797 66
798 67
799 60
800 56
801 59
802 60
803 62
804 62
805 64
806 63
807 66
808 68
809 65
810 64
811 63
812 68
813 65
814 60
815 62
816 57
817 58
818 64
819 66
820 67
821 63
822 64
823 63
824 65
825 62
826 64
827 65
828 58
829 66
830 68
831 66
832 61
833 61
834 56
835 60
836 59
837 68
838 65
839 65
840 70
841 61
842 59
843 64
844 64
845 67
846 64
847 66
848 66
849 66
850 62
851 60
852 62
853 61
854 63
855 64
856 64
857 67
858 65
859 66
860 65
861 60
862 65
863 60
864 66
865 65
866 66
867 63
868 66
869 66
870 66
871 67
872 63
873 62
874 65
875 67
876 67
877 63
878 64
879 66
880 63
881 63
882 55
883 59
884 60
885 66
886 65
887 65
888 63
889 61
890 63
891 64
892 65
893 61
894 68
895 70
896 72
897 64
898 63
899 58
900 63
901 65
902 69
903 67
904 64
905 62
906 62
907 59
908 57
909 60
910 62
911 62
912 62
913 64
914 66
915 62
916 59
917 57
918 66
919 61
920 64
921 62
922 62
923 61
924 57
925 58
926 66
927 67
928 67
929 65
930 67
931 59
932 67
933 65
934 63
935 63
936 63
937 60
938 66
939 61
940 58
941 64
942 67
943 63
944 62
945 59
946 63
947 63
948 60
949 59
950 60
951 63
952 65
953 66
954 67
955 69
956 66
957 66
958 62
959 62
960 62
961 64
962 64
963 64
964 64
965 64
966 66
967 67
968 65
969 60
970 59
971 62
972 65
973 64
974 62
975 66
976 65
977 67
978 65
979 64
980 67
981 66
982 64
983 61
984 60
985 60
986 67
987 65
988 66
989 64
990 72
991 68
992 63
993 64
994 63
995 70
996 66
997 64
998 63
999 67
1000 66
