0 65
1 50
2 38
3 47
4 44
5 48
6 45
7 47
8 45
9 44
10 44
11 49
12 42
13 43
14 43
15 43
16 46
17 41
18 44
19 45
20 46
21 43
22 41
23 47
24 46
25 42
26 43
27 42
28 40
29 44
30 45
31 42
32 46
33 44
34 47
35 44
36 43
37 49
38 46
39 46
40 45
41 45
42 47
43 43
44 40
45 41
46 45
47 47
48 44
49 45
50 44
51 41
52 44
53 37
54 42
55 41
56 45
57 43
58 41
59 41
60 43
61 45
62 45
63 45
64 44
65 40
66 40
67 44
68 44
69 44
70 45
71 44
72 47
73 46
74 43
75 43
76 42
77 43
78 40
79 46
80 45
81 43
82 47
83 40
84 42
85 45
86 46
87 47
88 47
89 40
90 43
91 40
92 45
93 44
94 39
95 40
96 41
97 44
98 43
99 43
100 48
101 45
102 44
103 45
104 38
105 42
106 44
107 45
108 42
109 43
110 44
111 42
112 37
113 43
114 45
115 38
116 42
117 44
118 47
119 46
120 42
121 42
122 42
123 43
124 43
125 44
126 41
127 43
128 40
129 39
130 40
131 44
132 45
133 42
134 45
135 43
136 46
137 46
138 44
139 42
140 44
141 42
142 44
143 44
144 43
145 43
146 44
147 39
148 42
149 44
150 43
151 39
152 46
153 44
154 44
155 41
156 41
157 41
158 41
159 43
160 46
161 46
162 44
163 46
164 45
165 46
166 45
167 47
168 45
169 48
170 44
171 43
172 43
173 38
174 45
175 43
176 43
177 43
178 44
179 41
180 40
181 48
182 44
183 45
184 47
185 41
186 48
187 45
188 43
189 43
190 43
191 44
192 42
193 45
194 45
195 45
196 41
197 37
198 42
199 45
200 47
201 43
202 43
203 44
204 47
205 46
206 43
207 41
208 44
209 46
210 44
211 39
212 40
213 44
214 43
215 44
216 46
217 40
218 44
219 44
220 43
221 43
222 37
223 48
224 43
225 43
226 46
227 44
228 43
229 45
230 41
231 45
232 46
233 45
234 43
235 43
236 39
237 45
238 49
239 46
240 46
241 43
242 43
243 42
244 48
245 39
246 42
247 45
248 47
249 40
250 39
251 43
252 45
253 44
254 44
255 39
256 39
257 44
258 46
259 45
260 45
261 45
262 45
263 43
264 45
265 42
266 42
267 43
268 42
269 47
270 45
271 45
272 44
273 45
274 41
275 47
276 46
277 45
278 47
279 44
280 43
281 45
282 46
283 47
284 45
285 43
286 44
287 41
288 44
289 45
290 45
291 41
292 46
293 43
294 44
295 44
296 43
297 43
298 45
299 42
300 40
301 44
302 39
303 46
304 46
305 43
306 43
307 44
308 48
309 42
310 42
311 43
312 40
313 44
314 40
315 44
316 47
317 48
318 44
319 44
320 39
321 45
322 38
323 42
324 45
325 42
326 42
327 44
328 44
329 47
330 44
331 43
332 41
333 42
334 41
335 45
336 48
337 49
338 42
339 44
340 41
341 39
342 46
343 43
344 45
345 47
346 45
347 43
348 37
349 38
350 47
351 41
352 38
353 45
354 43
355 44
356 48
357 40
358 44
359 42
360 45
361 44
362 44
363 45
364 44
365 48
366 43
367 45
368 44
369 44
370 43
371 43
372 45
373 46
374 45
375 44
376 43
377 46
378 47
379 45
380 45
381 43
382 45
383 43
384 44
385 44
386 44
387 44
388 42
389 40
390 39
391 41
392 40
393 47
394 49
395 46
396 45
397 48
398 44
399 43
400 42
401 41
402 46
403 45
404 36
405 44
406 41
407 44
408 44
409 43
410 41
411 43
412 44
413 45
414 40
415 42
416 45
417 49
418 42
419 41
420 44
421 42
422 44
423 45
424 47
425 43
426 42
427 41
428 43
429 40
430 48
431 41
432 42
433 47
434 44
435 44
436 43
437 45
438 47
439 45
440 45
441 45
442 46
443 43
444 43
445 41
446 45
447 43
448 43
449 37
450 43
451 45
452 43
453 44
454 42
455 44
456 42
457 45
458 44
459 46
460 41
461 40
462 42
463 46
464 42
465 49
466 44
467 40
468 46
469 44
470 45
471 45
472 41
473 40
474 44
475 45
476 48
477 45
478 41
479 39
480 45
481 45
482 45
483 44
484 46
485 45
486 46
487 47
488 45
489 43
490 45
491 46
492 42
493 42
494 42
495 45
496 44
497 44
498 45
499 45
500 45
501 44
502 43
503 44
504 47
505 45
506 47
507 45
508 45
509 47
510 42
511 40
512 46
513 40
514 46
515 38
516 41
517 45
518 43
519 45
520 43
521 44
522 39
523 40
524 40
525 43
526 43
527 43
528 43
529 43
530 46
531 50
532 43
533 45
534 47
535 43
536 44
537 45
538 44
539 45
540 40
541 43
542 41
543 45
544 45
545 46
546 46
547 42
548 43
549 44
550 43
551 41
552 45
553 42
554 43
555 44
556 43
557 44
558 44
559 45
560 41
561 44
562 43
563 44
564 41
565 43
566 42
567 44
568 46
569 42
570 43
571 40
572 38
573 36
574 43
575 43
576 40
577 44
578 44
579 42
580 43
581 43
582 47
583 46
584 45
585 46
586 43
587 42
588 46
589 47
590 43
591 45
592 44
593 43
594 42
595 40
596 38
597 40
598 43
599 49
600 46
601 42
602 45
603 41
604 46
605 46
606 44
607 48
608 46
609 44
610 45
611 44
612 41
613 42
614 44
615 42
616 46
617 47
618 47
619 42
620 47
621 48
622 44
623 47
624 40
625 44
626 46
627 44
628 47
629 44
630 44
631 41
632 44
633 45
634 45
635 42
636 45
637 47
638 45
639 43
640 43
641 43
642 44
643 47
644 44
645 41
646 44
647 47
648 41
649 46
650 46
651 44
652 39
653 41
654 41
655 39
656 45
657 43
658 42
659 45
660 46
661 46
662 47
663 45
664 41
665 44
666 44
667 43
668 45
669 41
670 42
671 44
672 42
673 41
674 43
675 45
676 46
677 43
678 43
679 46
680 41
681 44
682 46
683 44
684 40
685 39
686 44
687 47
688 45
689 44
690 44
691 45
692 45
693 45
694 43
695 44
696 43
697 46
698 43
699 39
700 45
701 45
702 41
703 46
704 44
705 44
706 42
707 45
708 47
709 44
710 47
711 47
712 44
713 41
714 41
715 41
716 41
717 45
718 45
719 41
720 40
721 43
722 45
723 44
724 46
725 44
726 43
727 43
728 43
729 45
730 42
731 44
732 39
733 46
734 48
735 43
736 44
737 40
738 44
739 49
740 41
741 43
742 47
743 42
744 48
745 41
746 43
747 43
748 44
749 42
750 46
751 47
752 44
753 42
754 48
755 45
756 44
757 45
758 43
759 40
760 45
761 43
762 41
763 44
764 46
765 37
766 46
767 45
768 45
769 45
770 41
771 43
772 41
773 46
774 44
775 43
776 45
777 43
778 42
779 45
780 43
781 47
782 42
783 43
784 46
785 43
786 42
787 42
788 43
789 41
790 44
791 43
792 43
793 40
794 39
795 47
796 42
797 44
798 45
799 42
800 45
801 41
802 42
803 45
804 45
805 41
806 41
807 44
808 45
809 43
810 44
811 45
812 42
813 46
814 45
815 44
816 37
817 44
818 41
819 41
820 44
821 44
822 47
823 48
824 40
825 42
826 43
827 46
828 44
829 45
830 44
831 45
832 47
833 43
834 39
835 45
836 47
837 47
838 41
839 43
840 45
841 41
842 45
843 44
844 41
845 42
846 41
847 47
848 39
849 46
850 48
851 49
852 48
853 42
854 44
855 43
856 48
857 45
858 45
859 45
860 47
861 42
862 42
863 36
864 44
865 43
866 44
867 43
868 43
869 43
870 47
871 46
872 45
873 46
874 44
875 44
876 42
877 38
878 42
879 47
880 47
881 44
882 43
883 41
884 45
885 42
886 44
887 42
888 43
889 41
890 44
891 45
892 45
893 44
894 39
895 45
896 45
897 43
898 41
899 43
900 45
901 45
902 48
903 43
904 48
905 43
906 40
907 42
908 43
909 39
910 46
911 42
912 45
913 45
914 41
915 46
916 42
917 43
918 42
919 42
920 43
921 47
922 40
923 41
924 43
925 41
926 42
927 40
928 41
929 49
930 47
931 47
932 42
933 44
934 48
935 41
936 46
937 45
938 43
939 46
940 44
941 47
942 44
943 42
944 43
945 44
946 44
947 44
948 43
949 40
950 46
951 46
952 44
953 42
954 45
955 47
956 47
957 42
958 42
959 43
960 49
961 41
962 45
963 45
964 45
965 46
966 47
967 47
968 45
969 44
970 43
971 42
972 47
973 41
974 39
975 41
976 42
977 45
978 44
979 47
980 50
981 38
982 41
983 34
984 41
985 43
986 43
987 47
988 45
989 45
990 47
991 44
992 44
993 46
994 42
995 43
996 44
997 46
998 45
999 43
1000 45
