0 95
1 66
2 64
3 69
4 60
5 66
6 66
7 63
8 65
9 62
10 65
11 67
12 67
13 67
14 67
15 64
16 68
17 63
18 72
19 67
20 64
21 63
22 63
23 65
24 62
25 68
26 65
27 67
28 70
29 70
30 65
31 65
32 64
33 69
34 62
35 63
36 61
37 65
38 62
39 66
40 68
41 60
42 69
43 67
44 61
45 65
46 60
47 66
48 61
49 66
50 69
51 66
52 66
53 65
54 70
55 68
56 65
57 70
58 65
59 64
60 69
61 67
62 68
63 63
64 70
65 67
66 66
67 66
68 68
69 69
70 64
71 68
72 67
73 67
74 70
75 60
76 67
77 67
78 67
79 67
80 67
81 70
82 69
83 60
84 61
85 66
86 69
87 67
88 63
89 63
90 67
91 66
92 67
93 61
94 65
95 64
96 65
97 62
98 64
99 60
100 64
101 72
102 68
103 69
104 58
105 67
106 61
107 64
108 66
109 65
110 67
111 66
112 62
113 67
114 69
115 67
116 71
117 62
118 60
119 60
120 65
121 67
122 69
123 62
124 62
125 68
126 64
127 67
128 65
129 68
130 64
131 68
132 68
133 67
134 64
135 62
136 64
137 68
138 68
139 65
140 64
141 61
142 68
143 63
144 68
145 64
146 63
147 69
148 60
149 65
150 60
151 65
152 67
153 69
154 64
155 67
156 69
157 68
158 63
159 66
160 69
161 68
162 68
163 63
164 66
165 68
166 63
167 69
168 71
169 66
170 65
171 64
172 70
173 71
174 66
175 63
176 68
177 62
178 69
179 69
180 61
181 61
182 69
183 63
184 67
185 67
186 65
187 61
188 67
189 67
190 68
191 66
192 68
193 70
194 59
195 64
196 64
197 61
198 69
199 66
200 69
201 59
202 58
203 65
204 62
205 70
206 65
207 64
208 67
209 63
210 61
211 62
212 65
213 65
214 64
215 60
216 71
217 70
218 62
219 70
220 65
221 68
222 66
223 66
224 66
225 61
226 69
227 70
228 64
229 63
230 70
231 66
232 63
233 66
234 63
235 66
236 70
237 64
238 69
239 63
240 68
241 65
242 60
243 67
244 63
245 67
246 64
247 65
248 66
249 70
250 71
251 65
252 71
253 68
254 66
255 63
256 68
257 70
258 64
259 68
260 62
261 65
262 65
263 64
264 68
265 63
266 64
267 64
268 69
269 67
270 70
271 68
272 67
273 70
274 66
275 67
276 68
277 69
278 65
279 62
280 69
281 65
282 64
283 68
284 65
285 68
286 60
287 67
288 62
289 66
290 63
291 67
292 68
293 68
294 67
295 63
296 64
297 71
298 61
299 68
300 69
301 66
302 66
303 60
304 67
305 67
306 71
307 65
308 70
309 69
310 65
311 64
312 67
313 66
314 63
315 69
316 65
317 68
318 68
319 63
320 63
321 69
322 66
323 67
324 66
325 68
326 66
327 66
328 69
329 66
330 62
331 66
332 65
333 60
334 64
335 65
336 64
337 63
338 61
339 60
340 64
341 63
342 66
343 66
344 71
345 65
346 58
347 64
348 66
349 66
350 67
351 63
352 66
353 68
354 67
355 64
356 63
357 64
358 62
359 67
360 65
361 70
362 66
363 63
364 66
365 62
366 62
367 67
368 65
369 68
370 65
371 68
372 65
373 72
374 68
375 69
376 67
377 66
378 71
379 65
380 67
381 65
382 69
383 62
384 62
385 65
386 71
387 68
388 70
389 65
390 65
391 62
392 60
393 68
394 68
395 65
396 69
397 67
398 68
399 70
400 68
401 67
402 65
403 64
404 62
405 67
406 70
407 67
408 64
409 68
410 65
411 69
412 67
413 62
414 64
415 67
416 69
417 69
418 65
419 64
420 71
421 69
422 66
423 67
424 70
425 68
426 64
427 67
428 67
429 64
430 65
431 66
432 70
433 66
434 67
435 64
436 69
437 66
438 66
439 69
440 69
441 68
442 66
443 68
444 68
445 65
446 69
447 69
448 66
449 67
450 70
451 66
452 64
453 68
454 66
455 68
456 69
457 61
458 67
459 66
460 68
461 67
462 65
463 65
464 69
465 67
466 58
467 69
468 64
469 62
470 70
471 62
472 68
473 64
474 62
475 67
476 69
477 60
478 68
479 62
480 70
481 65
482 68
483 60
484 67
485 69
486 61
487 65
488 66
489 67
490 66
491 63
492 63
493 64
494 68
495 62
496 65
497 66
498 66
499 70
500 65
501 67
502 64
503 67
504 67
505 66
506 63
507 65
508 62
509 65
510 70
511 68
512 67
513 62
514 63
515 67
516 66
517 58
518 62
519 66
520 60
521 63
522 66
523 68
524 58
525 66
526 70
527 66
528 65
529 60
530 68
531 68
532 64
533 68
534 60
535 69
536 63
537 68
538 67
539 70
540 64
541 67
542 65
543 66
544 68
545 69
546 66
547 65
548 68
549 68
550 64
551 65
552 63
553 65
554 67
555 66
556 69
557 61
558 66
559 69
560 64
561 67
562 66
563 67
564 66
565 66
566 64
567 64
568 60
569 67
570 66
571 62
572 65
573 56
574 65
575 67
576 66
577 66
578 66
579 63
580 67
581 66
582 64
583 64
584 70
585 57
586 62
587 59
588 66
589 61
590 66
591 65
592 66
593 67
594 70
595 64
596 64
597 68
598 62
599 65
600 65
601 66
602 66
603 61
604 65
605 67
606 65
607 65
608 67
609 69
610 65
611 68
612 68
613 67
614 70
615 67
616 65
617 62
618 64
619 64
620 66
621 65
622 66
623 65
624 68
625 60
626 66
627 67
628 67
629 61
630 67
631 66
632 70
633 63
634 65
635 65
636 64
637 68
638 65
639 68
640 67
641 68
642 63
643 67
644 66
645 70
646 71
647 64
648 63
649 67
650 63
651 67
652 64
653 69
654 68
655 66
656 64
657 66
658 70
659 63
660 70
661 64
662 63
663 66
664 62
665 65
666 67
667 66
668 70
669 68
670 60
671 63
672 63
673 67
674 72
675 65
676 68
677 68
678 64
679 61
680 68
681 65
682 68
683 64
684 64
685 66
686 62
687 68
688 66
689 64
690 65
691 64
692 67
693 61
694 61
695 66
696 68
697 67
698 64
699 72
700 65
701 67
702 67
703 65
704 65
705 65
706 66
707 65
708 60
709 69
710 64
711 63
712 63
713 69
714 66
715 65
716 68
717 66
718 63
719 63
720 69
721 67
722 67
723 69
724 69
725 62
726 65
727 65
728 63
729 69
730 62
731 67
732 67
733 65
734 63
735 66
736 65
737 66
738 70
739 66
740 65
741 65
742 69
743 67
744 63
745 67
746 71
747 66
748 68
749 65
750 63
751 61
752 69
753 64
754 66
755 71
756 70
757 64
758 61
759 64
760 68
761 67
762 72
763 61
764 69
765 68
766 68
767 67
768 66
769 67
770 69
771 66
772 65
773 69
774 69
775 67
776 67
777 66
778 64
779 69
780 66
781 66
782 64
783 68
784 61
785 63
786 65
787 65
788 60
789 71
790 68
791 59
792 66
793 62
794 59
795 62
796 70
797 69
798 68
799 70
800 62
801 68
802 70
803 68
804 66
805 64
806 68
807 65
808 62
809 70
810 68
811 71
812 60
813 66
814 63
815 63
816 64
817 74
818 69
819 63
820 69
821 64
822 69
823 70
824 69
825 63
826 61
827 65
828 68
829 67
830 65
831 71
832 62
833 63
834 63
835 64
836 66
837 68
838 66
839 66
840 63
841 69
842 67
843 60
844 70
845 61
846 67
847 66
848 67
849 72
850 69
851 62
852 65
853 68
854 66
855 66
856 68
857 61
858 58
859 67
860 68
861 67
862 68
863 68
864 66
865 71
866 66
867 64
868 61
869 66
870 64
871 66
872 67
873 67
874 63
875 69
876 69
877 61
878 68
879 69
880 62
881 70
882 67
883 69
884 65
885 67
886 69
887 68
888 67
889 68
890 66
891 70
892 64
893 64
894 66
895 63
896 63
897 62
898 70
899 68
900 62
901 65
902 71
903 69
904 64
905 73
906 64
907 61
908 67
909 67
910 66
911 61
912 63
913 62
914 66
915 64
916 66
917 71
918 64
919 62
920 68
921 60
922 69
923 69
924 67
925 67
926 64
927 68
928 67
929 65
930 69
931 62
932 64
933 66
934 62
935 64
936 60
937 64
938 66
939 61
940 62
941 64
942 65
943 68
944 70
945 63
946 69
947 66
948 69
949 67
950 66
951 64
952 64
953 67
954 62
955 71
956 67
957 66
958 68
959 67
960 67
961 68
962 64
963 66
964 70
965 66
966 69
967 66
968 65
969 70
970 63
971 62
972 70
973 64
974 70
975 63
976 63
977 66
978 66
979 65
980 67
981 63
982 68
983 71
984 63
985 66
986 64
987 67
988 69
989 59
990 67
991 67
992 69
993 64
994 63
995 62
996 67
997 67
998 70
999 66
1000 68
