0 100
1 73
2 67
3 71
4 70
5 71
6 71
7 72
8 67
9 73
10 70
11 71
12 74
13 73
14 71
15 74
16 70
17 67
18 76
19 72
20 65
21 71
22 68
23 62
24 65
25 71
26 68
27 70
28 67
29 67
30 70
31 66
32 72
33 72
34 71
35 70
36 71
37 69
38 67
39 67
40 63
41 66
42 67
43 72
44 68
45 68
46 70
47 71
48 75
49 71
50 73
51 72
52 71
53 71
54 72
55 69
56 68
57 67
58 68
59 71
60 65
61 70
62 65
63 72
64 68
65 71
66 68
67 62
68 70
69 68
70 67
71 71
72 72
73 65
74 66
75 73
76 71
77 75
78 70
79 69
80 74
81 67
82 71
83 71
84 70
85 71
86 69
87 72
88 73
89 70
90 71
91 69
92 73
93 68
94 67
95 76
96 73
97 68
98 66
99 67
100 69
101 69
102 73
103 71
104 72
105 72
106 67
107 68
108 68
109 69
110 67
111 66
112 67
113 67
114 66
115 72
116 72
117 72
118 68
119 74
120 67
121 68
122 66
123 70
124 72
125 67
126 71
127 69
128 69
129 75
130 69
131 71
132 70
133 69
134 73
135 74
136 67
137 68
138 69
139 68
140 71
141 71
142 75
143 70
144 78
145 76
146 74
147 66
148 72
149 68
150 76
151 72
152 74
153 71
154 74
155 67
156 73
157 73
158 65
159 70
160 67
161 75
162 70
163 68
164 75
165 70
166 70
167 67
168 71
169 69
170 72
171 73
172 73
173 69
174 73
175 65
176 70
177 70
178 71
179 73
180 72
181 65
182 74
183 73
184 71
185 65
186 71
187 73
188 73
189 70
190 65
191 70
192 73
193 72
194 65
195 69
196 71
197 68
198 71
199 70
200 71
201 70
202 71
203 69
204 65
205 65
206 70
207 71
208 71
209 70
210 70
211 73
212 70
213 74
214 74
215 71
216 68
217 68
218 67
219 64
220 73
221 73
222 59
223 70
224 68
225 65
226 71
227 72
228 68
229 69
230 66
231 68
232 70
233 75
234 73
235 70
236 64
237 74
238 75
239 67
240 75
241 71
242 74
243 72
244 69
245 74
246 70
247 68
248 72
249 68
250 75
251 70
252 68
253 62
254 64
255 71
256 71
257 64
258 66
259 68
260 72
261 66
262 76
263 71
264 65
265 66
266 71
267 70
268 76
269 69
270 74
271 74
272 70
273 74
274 73
275 67
276 64
277 69
278 74
279 78
280 71
281 69
282 72
283 73
284 74
285 73
286 69
287 63
288 63
289 69
290 76
291 73
292 72
293 74
294 74
295 65
296 72
297 74
298 71
299 73
300 70
301 71
302 75
303 67
304 70
305 69
306 69
307 69
308 72
309 76
310 75
311 68
312 68
313 65
314 68
315 72
316 61
317 68
318 64
319 64
320 68
321 74
322 73
323 73
324 70
325 71
326 68
327 67
328 61
329 60
330 72
331 68
332 67
333 66
334 75
335 67
336 73
337 67
338 70
339 76
340 69
341 73
342 67
343 70
344 69
345 67
346 72
347 68
348 74
349 71
350 75
351 74
352 67
353 68
354 73
355 70
356 70
357 72
358 69
359 71
360 67
361 68
362 74
363 71
364 75
365 67
366 72
367 68
368 76
369 66
370 71
371 66
372 68
373 71
374 69
375 75
376 65
377 70
378 68
379 70
380 69
381 72
382 64
383 70
384 70
385 73
386 77
387 70
388 69
389 72
390 71
391 79
392 74
393 69
394 68
395 68
396 66
397 69
398 69
399 69
400 70
401 73
402 71
403 70
404 69
405 68
406 69
407 69
408 68
409 70
410 73
411 72
412 67
413 70
414 63
415 69
416 72
417 66
418 70
419 71
420 70
421 67
422 65
423 72
424 70
425 70
426 69
427 67
428 77
429 71
430 71
431 72
432 74
433 72
434 71
435 63
436 70
437 75
438 72
439 71
440 73
441 72
442 72
443 71
444 72
445 70
446 68
447 68
448 68
449 72
450 67
451 63
452 68
453 71
454 71
455 67
456 70
457 73
458 72
459 71
460 73
461 69
462 73
463 70
464 70
465 72
466 69
467 68
468 72
469 64
470 65
471 66
472 69
473 62
474 70
475 72
476 65
477 73
478 66
479 72
480 72
481 72
482 71
483 70
484 70
485 69
486 71
487 71
488 69
489 68
490 75
491 74
492 73
493 73
494 71
495 77
496 71
497 70
498 72
499 73
500 71
501 75
502 69
503 69
504 65
505 72
506 71
507 67
508 73
509 69
510 69
511 70
512 77
513 65
514 70
515 74
516 66
517 66
518 69
519 74
520 75
521 63
522 68
523 66
524 69
525 78
526 71
527 72
528 71
529 70
530 68
531 71
532 68
533 68
534 66
535 63
536 71
537 68
538 64
539 73
540 69
541 70
542 75
543 72
544 71
545 67
546 70
547 75
548 69
549 69
550 72
551 71
552 70
553 69
554 65
555 68
556 70
557 71
558 73
559 70
560 71
561 74
562 71
563 72
564 71
565 71
566 70
567 67
568 66
569 66
570 66
571 62
572 72
573 69
574 67
575 68
576 73
577 72
578 74
579 75
580 73
581 71
582 70
583 69
584 70
585 70
586 72
587 73
588 72
589 69
590 73
591 72
592 71
593 68
594 73
595 70
596 70
597 69
598 68
599 74
600 79
601 73
602 73
603 74
604 71
605 69
606 70
607 75
608 74
609 66
610 69
611 75
612 75
613 77
614 73
615 66
616 72
617 66
618 60
619 70
620 72
621 73
622 71
623 69
624 71
625 63
626 71
627 70
628 67
629 72
630 64
631 69
632 68
633 70
634 68
635 71
636 69
637 76
638 73
639 68
640 69
641 75
642 73
643 64
644 68
645 69
646 70
647 72
648 67
649 74
650 71
651 71
652 69
653 63
654 68
655 68
656 71
657 69
658 65
659 70
660 72
661 70
662 73
663 70
664 72
665 76
666 72
667 68
668 75
669 72
670 70
671 74
672 71
673 69
674 62
675 63
676 71
677 69
678 69
679 69
680 65
681 69
682 73
683 69
684 67
685 71
686 66
687 67
688 67
689 67
690 71
691 74
692 75
693 70
694 72
695 73
696 63
697 74
698 69
699 75
700 76
701 74
702 68
703 75
704 72
705 74
706 70
707 70
708 69
709 69
710 71
711 73
712 71
713 69
714 68
715 66
716 68
717 69
718 71
719 65
720 66
721 72
722 72
723 71
724 71
725 74
726 74
727 70
728 66
729 74
730 72
731 72
732 69
733 67
734 69
735 67
736 71
737 70
738 68
739 70
740 69
741 70
742 69
743 74
744 70
745 69
746 67
747 70
748 69
749 72
750 71
751 68
752 66
753 66
754 68
755 65
756 69
757 70
758 71
759 68
760 69
761 71
762 71
763 69
764 73
765 67
766 69
767 66
768 69
769 73
770 63
771 67
772 67
773 70
774 69
775 69
776 67
777 69
778 72
779 69
780 72
781 65
782 71
783 72
784 73
785 73
786 73
787 74
788 71
789 73
790 74
791 67
792 69
793 75
794 65
795 63
796 66
797 73
798 74
799 68
800 69
801 69
802 69
803 68
804 70
805 67
806 66
807 73
808 71
809 72
810 75
811 68
812 68
813 73
814 70
815 70
816 73
817 76
818 71
819 73
820 74
821 71
822 69
823 66
824 74
825 72
826 71
827 62
828 63
829 73
830 67
831 66
832 72
833 69
834 71
835 70
836 66
837 71
838 67
839 70
840 69
841 69
842 67
843 71
844 70
845 75
846 71
847 72
848 69
849 71
850 68
851 72
852 66
853 66
854 69
855 74
856 70
857 63
858 72
859 65
860 70
861 70
862 68
863 72
864 71
865 70
866 72
867 71
868 72
869 68
870 73
871 75
872 75
873 70
874 69
875 68
876 70
877 63
878 62
879 61
880 73
881 70
882 67
883 68
884 75
885 73
886 64
887 68
888 68
889 71
890 69
891 64
892 71
893 71
894 71
895 75
896 76
897 71
898 66
899 65
900 67
901 69
902 68
903 64
904 71
905 71
906 64
907 64
908 71
909 71
910 73
911 67
912 66
913 62
914 71
915 73
916 75
917 74
918 69
919 67
920 68
921 70
922 67
923 68
924 68
925 70
926 72
927 71
928 72
929 67
930 68
931 75
932 74
933 70
934 74
935 66
936 68
937 68
938 70
939 75
940 71
941 73
942 65
943 74
944 70
945 72
946 65
947 71
948 74
949 68
950 70
951 71
952 66
953 72
954 69
955 64
956 68
957 72
958 75
959 70
960 73
961 66
962 66
963 70
964 69
965 72
966 71
967 69
968 72
969 75
970 65
971 63
972 72
973 72
974 74
975 70
976 68
977 70
978 63
979 70
980 70
981 65
982 70
983 72
984 72
985 74
986 73
987 76
988 73
989 70
990 73
991 70
992 66
993 75
994 76
995 69
996 70
997 74
998 74
999 71
1000 70
