0 25
1 22
2 19
3 19
4 18
5 20
6 20
7 16
8 17
9 17
10 14
11 17
12 16
13 13
14 16
15 17
16 18
17 16
18 16
19 16
20 17
21 19
22 20
23 19
24 18
25 19
26 19
27 17
28 18
29 17
30 16
31 15
32 16
33 17
34 16
35 16
36 15
37 18
38 14
39 16
40 15
41 19
42 18
43 17
44 16
45 15
46 19
47 19
48 19
49 17
50 19
51 16
52 19
53 21
54 21
55 19
56 17
57 16
58 19
59 18
60 16
61 16
62 18
63 21
64 21
65 21
66 18
67 16
68 13
69 15
70 16
71 15
72 14
73 14
74 14
75 18
76 18
77 18
78 15
79 16
80 17
81 16
82 18
83 18
84 18
85 18
86 21
87 21
88 20
89 20
90 20
91 20
92 21
93 21
94 19
95 16
96 20
97 18
98 16
99 18
100 17
101 17
102 17
103 18
104 18
105 17
106 18
107 19
108 16
109 15
110 17
111 14
112 14
113 15
114 13
115 12
116 14
117 14
118 13
119 12
120 17
121 19
122 18
123 18
124 17
125 17
126 18
127 18
128 20
129 21
130 19
131 20
132 17
133 17
134 18
135 16
136 16
137 15
138 19
139 18
140 16
141 17
142 17
143 16
144 16
145 11
146 15
147 18
148 19
149 16
150 14
151 14
152 12
153 14
154 16
155 17
156 13
157 14
158 17
159 16
160 15
161 19
162 19
163 17
164 17
165 18
166 15
167 14
168 14
169 16
170 17
171 17
172 16
173 15
174 15
175 15
176 16
177 18
178 18
179 18
180 17
181 17
182 15
183 15
184 15
185 13
186 13
187 16
188 17
189 12
190 13
191 15
192 14
193 13
194 15
195 16
196 16
197 15
198 18
199 17
200 18
201 19
202 18
203 16
204 14
205 15
206 14
207 17
208 16
209 16
210 17
211 18
212 18
213 15
214 16
215 16
216 17
217 17
218 16
219 18
220 17
221 17
222 16
223 15
224 13
225 15
226 15
227 14
228 17
229 16
230 15
231 17
232 17
233 15
234 18
235 15
236 14
237 13
238 16
239 16
240 17
241 17
242 16
243 16
244 17
245 16
246 16
247 16
248 16
249 16
250 17
251 16
252 17
253 16
254 16
255 18
256 19
257 16
258 17
259 17
260 17
261 17
262 15
263 18
264 18
265 19
266 16
267 17
268 15
269 16
270 18
271 18
272 17
273 15
274 18
275 19
276 20
277 21
278 19
279 17
280 18
281 18
282 19
283 16
284 13
285 15
286 17
287 14
288 14
289 14
290 17
291 15
292 16
293 14
294 16
295 19
296 17
297 17
298 14
299 16
300 17
301 16
302 19
303 19
304 16
305 18
306 17
307 18
308 19
309 20
310 19
311 18
312 17
313 18
314 19
315 19
316 17
317 20
318 17
319 16
320 18
321 17
322 16
323 16
324 16
325 16
326 16
327 17
328 16
329 19
330 18
331 18
332 18
333 17
334 15
335 13
336 15
337 16
338 18
339 19
340 14
341 18
342 19
343 16
344 17
345 20
346 17
347 19
348 18
349 17
350 17
351 17
352 18
353 16
354 15
355 17
356 16
357 21
358 17
359 18
360 17
361 20
362 21
363 20
364 20
365 20
366 17
367 17
368 18
369 16
370 17
371 18
372 16
373 15
374 16
375 16
376 18
377 21
378 17
379 15
380 14
381 13
382 15
383 15
384 17
385 16
386 17
387 15
388 17
389 16
390 17
391 18
392 17
393 19
394 19
395 14
396 12
397 13
398 14
399 15
400 17
401 17
402 18
403 18
404 16
405 15
406 15
407 16
408 18
409 18
410 17
411 16
412 16
413 19
414 18
415 16
416 17
417 14
418 18
419 19
420 18
421 15
422 16
423 15
424 18
425 16
426 16
427 16
428 16
429 16
430 18
431 18
432 15
433 17
434 19
435 18
436 19
437 19
438 18
439 15
440 17
441 17
442 16
443 14
444 14
445 11
446 13
447 14
448 14
449 15
450 14
451 16
452 14
453 16
454 16
455 19
456 17
457 11
458 16
459 15
460 17
461 16
462 18
463 17
464 18
465 17
466 17
467 15
468 16
469 15
470 20
471 16
472 15
473 15
474 17
475 17
476 15
477 17
478 16
479 17
480 18
481 16
482 17
483 11
484 13
485 12
486 16
487 14
488 16
489 14
490 12
491 13
492 16
493 12
494 14
495 16
496 18
497 17
498 16
499 18
500 18
501 19
502 16
503 18
504 19
505 15
506 18
507 15
508 18
509 18
510 21
511 20
512 17
513 17
514 16
515 15
516 14
517 14
518 13
519 11
520 13
521 12
522 14
523 15
524 18
525 16
526 19
527 17
528 17
529 17
530 19
531 19
532 16
533 16
534 13
535 17
536 13
537 15
538 17
539 18
540 17
541 21
542 19
543 19
544 20
545 17
546 19
547 17
548 17
549 16
550 17
551 16
552 17
553 16
554 15
555 16
556 16
557 17
558 17
559 18
560 17
561 19
562 18
563 18
564 17
565 17
566 18
567 17
568 17
569 16
570 18
571 18
572 17
573 16
574 16
575 17
576 18
577 19
578 16
579 16
580 16
581 17
582 17
583 17
584 17
585 17
586 19
587 16
588 16
589 16
590 13
591 16
592 16
593 16
594 17
595 18
596 15
597 15
598 14
599 15
600 17
601 13
602 15
603 17
604 17
605 20
606 20
607 15
608 18
609 20
610 20
611 18
612 18
613 18
614 20
615 18
616 15
617 18
618 17
619 16
620 18
621 16
622 16
623 16
624 18
625 17
626 16
627 16
628 15
629 12
630 16
631 15
632 13
633 13
634 14
635 17
636 17
637 16
638 15
639 15
640 16
641 17
642 17
643 19
644 19
645 17
646 15
647 19
648 17
649 17
650 18
651 18
652 19
653 17
654 20
655 21
656 20
657 20
658 20
659 19
660 19
661 19
662 16
663 18
664 18
665 17
666 15
667 14
668 13
669 15
670 18
671 18
672 15
673 17
674 16
675 15
676 15
677 14
678 17
679 15
680 16
681 16
682 18
683 16
684 17
685 17
686 17
687 16
688 14
689 16
690 12
691 11
692 12
693 15
694 16
695 19
696 17
697 12
698 14
699 17
700 17
701 17
702 18
703 18
704 18
705 16
706 16
707 16
708 17
709 15
710 13
711 18
712 16
713 16
714 18
715 18
716 16
717 17
718 14
719 17
720 15
721 14
722 14
723 19
724 20
725 21
726 21
727 17
728 15
729 14
730 13
731 18
732 18
733 18
734 17
735 17
736 16
737 16
738 15
739 19
740 15
741 18
742 18
743 15
744 13
745 15
746 18
747 19
748 17
749 16
750 17
751 17
752 20
753 17
754 14
755 15
756 13
757 13
758 21
759 18
760 17
761 18
762 19
763 17
764 18
765 15
766 18
767 21
768 20
769 21
770 18
771 16
772 18
773 20
774 17
775 20
776 18
777 19
778 19
779 17
780 14
781 17
782 19
783 19
784 19
785 19
786 19
787 16
788 17
789 15
790 16
791 16
792 14
793 14
794 15
795 15
796 16
797 16
798 13
799 13
800 13
801 16
802 18
803 17
804 18
805 17
806 15
807 16
808 17
809 15
810 16
811 18
812 18
813 16
814 15
815 14
816 16
817 16
818 13
819 15
820 11
821 13
822 18
823 19
824 17
825 15
826 14
827 15
828 14
829 16
830 16
831 16
832 18
833 15
834 17
835 16
836 16
837 18
838 17
839 18
840 18
841 19
842 14
843 16
844 18
845 15
846 15
847 17
848 16
849 17
850 14
851 16
852 14
853 16
854 16
855 18
856 18
857 18
858 16
859 18
860 19
861 17
862 16
863 16
864 17
865 15
866 11
867 15
868 14
869 15
870 13
871 13
872 14
873 13
874 15
875 12
876 15
877 18
878 18
879 16
880 16
881 18
882 16
883 20
884 19
885 15
886 15
887 15
888 16
889 10
890 13
891 13
892 15
893 16
894 13
895 16
896 19
897 17
898 16
899 18
900 16
901 15
902 15
903 11
904 13
905 16
906 16
907 16
908 16
909 16
910 18
911 17
912 17
913 14
914 18
915 20
916 16
917 16
918 16
919 16
920 15
921 16
922 17
923 19
924 18
925 19
926 18
927 18
928 15
929 17
930 19
931 19
932 18
933 17
934 18
935 18
936 16
937 15
938 14
939 17
940 15
941 15
942 13
943 17
944 15
945 16
946 18
947 17
948 15
949 14
950 15
951 14
952 16
953 16
954 17
955 16
956 18
957 17
958 17
959 15
960 14
961 16
962 16
963 16
964 15
965 16
966 18
967 19
968 19
969 18
970 19
971 19
972 18
973 16
974 18
975 16
976 19
977 18
978 17
979 18
980 19
981 16
982 13
983 15
984 17
985 15
986 15
987 16
988 15
989 14
990 14
991 20
992 20
993 19
994 17
995 17
996 17
997 18
998 18
999 18
1000 16
