0 10
1 7
2 5
3 6
4 4
5 3
6 5
7 5
8 4
9 4
10 4
11 5
12 6
13 6
14 5
15 4
16 4
17 5
18 4
19 3
20 3
21 4
22 3
23 5
24 3
25 5
26 4
27 3
28 5
29 6
30 6
31 4
32 5
33 4
34 4
35 3
36 3
37 5
38 4
39 5
40 4
41 5
42 4
43 5
44 5
45 6
46 5
47 4
48 5
49 5
50 5
51 4
52 4
53 5
54 5
55 5
56 5
57 3
58 5
59 5
60 5
61 6
62 4
63 5
64 5
65 4
66 5
67 5
68 5
69 4
70 5
71 5
72 5
73 6
74 4
75 6
76 5
77 5
78 6
79 7
80 5
81 5
82 4
83 5
84 4
85 4
86 5
87 5
88 6
89 4
90 6
91 6
92 4
93 3
94 3
95 4
96 6
97 4
98 4
99 4
100 4
101 5
102 5
103 5
104 4
105 4
106 4
107 2
108 4
109 4
110 5
111 6
112 5
113 4
114 3
115 3
116 3
117 5
118 4
119 5
120 5
121 6
122 5
123 6
124 4
125 4
126 4
127 3
128 5
129 4
130 5
131 4
132 4
133 5
134 4
135 5
136 4
137 3
138 3
139 3
140 3
141 4
142 4
143 4
144 4
145 4
146 4
147 4
148 3
149 4
150 5
151 4
152 4
153 6
154 5
155 6
156 4
157 4
158 6
159 5
160 6
161 5
162 5
163 4
164 4
165 4
166 4
167 5
168 6
169 5
170 3
171 5
172 5
173 5
174 5
175 3
176 3
177 1
178 2
179 4
180 4
181 5
182 6
183 5
184 5
185 4
186 4
187 5
188 4
189 4
190 4
191 5
192 5
193 3
194 3
195 3
196 3
197 5
198 4
199 5
200 3
201 5
202 5
203 4
204 5
205 6
206 5
207 4
208 4
209 4
210 5
211 6
212 4
213 3
214 5
215 5
216 6
217 3
218 5
219 5
220 3
221 5
222 5
223 5
224 6
225 4
226 4
227 4
228 4
229 4
230 1
231 3
232 3
233 3
234 4
235 6
236 5
237 5
238 5
239 6
240 5
241 4
242 2
243 3
244 4
245 6
246 4
247 5
248 4
249 5
250 4
251 4
252 4
253 3
254 5
255 4
256 4
257 5
258 4
259 4
260 3
261 3
262 3
263 4
264 5
265 3
266 3
267 4
268 3
269 5
270 5
271 5
272 6
273 6
274 5
275 4
276 4
277 5
278 4
279 5
280 5
281 6
282 6
283 5
284 4
285 5
286 5
287 4
288 4
289 4
290 4
291 3
292 4
293 4
294 3
295 3
296 6
297 4
298 4
299 2
300 4
301 5
302 5
303 6
304 3
305 5
306 3
307 3
308 2
309 2
310 3
311 4
312 6
313 5
314 5
315 4
316 4
317 4
318 3
319 3
320 3
321 4
322 6
323 6
324 6
325 6
326 4
327 5
328 3
329 5
330 5
331 5
332 6
333 2
334 3
335 5
336 4
337 2
338 2
339 4
340 2
341 2
342 1
343 4
344 5
345 3
346 5
347 6
348 4
349 4
350 4
351 4
352 5
353 4
354 5
355 5
356 5
357 5
358 3
359 4
360 4
361 4
362 4
363 4
364 4
365 3
366 3
367 4
368 4
369 4
370 5
371 5
372 4
373 3
374 4
375 4
376 4
377 5
378 5
379 5
380 4
381 4
382 4
383 4
384 3
385 3
386 5
387 4
388 5
389 3
390 5
391 5
392 5
393 6
394 4
395 4
396 4
397 5
398 2
399 1
400 4
401 4
402 3
403 3
404 4
405 4
406 5
407 5
408 5
409 5
410 3
411 3
412 3
413 3
414 4
415 5
416 5
417 5
418 4
419 4
420 4
421 5
422 4
423 3
424 4
425 3
426 4
427 5
428 5
429 3
430 4
431 2
432 3
433 5
434 5
435 4
436 4
437 5
438 5
439 6
440 5
441 6
442 6
443 3
444 3
445 4
446 4
447 5
448 4
449 4
450 4
451 4
452 5
453 5
454 4
455 5
456 4
457 4
458 4
459 6
460 4
461 4
462 4
463 6
464 3
465 3
466 3
467 4
468 4
469 4
470 4
471 6
472 6
473 6
474 6
475 6
476 5
477 4
478 5
479 5
480 5
481 4
482 5
483 5
484 5
485 4
486 3
487 4
488 3
489 4
490 4
491 4
492 4
493 4
494 4
495 4
496 4
497 5
498 5
499 2
500 3
501 2
502 5
503 5
504 5
505 5
506 5
507 4
508 6
509 6
510 6
511 6
512 7
513 6
514 5
515 5
516 5
517 4
518 5
519 6
520 5
521 6
522 6
523 6
524 5
525 6
526 6
527 6
528 6
529 5
530 5
531 5
532 6
533 6
534 5
535 5
536 5
537 5
538 5
539 4
540 3
541 4
542 4
543 5
544 3
545 2
546 1
547 2
548 3
549 2
550 4
551 4
552 4
553 3
554 4
555 4
556 4
557 4
558 4
559 5
560 6
561 4
562 4
563 3
564 4
565 4
566 3
567 5
568 4
569 3
570 4
571 4
572 5
573 5
574 5
575 5
576 5
577 5
578 5
579 3
580 3
581 3
582 4
583 5
584 3
585 4
586 4
587 5
588 5
589 5
590 4
591 2
592 4
593 4
594 4
595 3
596 3
597 3
598 3
599 6
600 6
601 6
602 5
603 5
604 5
605 5
606 3
607 4
608 4
609 5
610 5
611 5
612 5
613 6
614 6
615 4
616 5
617 4
618 4
619 3
620 5
621 5
622 5
623 5
624 5
625 6
626 5
627 4
628 5
629 4
630 6
631 5
632 6
633 6
634 6
635 6
636 5
637 4
638 4
639 3
640 3
641 5
642 6
643 5
644 4
645 5
646 5
647 4
648 4
649 5
650 4
651 4
652 5
653 3
654 3
655 4
656 5
657 4
658 4
659 4
660 4
661 5
662 5
663 5
664 5
665 4
666 5
667 6
668 4
669 5
670 4
671 4
672 4
673 5
674 5
675 4
676 4
677 6
678 5
679 6
680 3
681 4
682 4
683 3
684 3
685 3
686 5
687 4
688 3
689 3
690 2
691 4
692 3
693 5
694 5
695 5
696 5
697 5
698 3
699 3
700 4
701 6
702 5
703 5
704 5
705 5
706 4
707 4
708 4
709 4
710 5
711 6
712 5
713 4
714 4
715 4
716 4
717 4
718 3
719 3
720 4
721 4
722 4
723 4
724 3
725 3
726 5
727 4
728 4
729 5
730 5
731 5
732 4
733 5
734 4
735 2
736 3
737 5
738 7
739 6
740 5
741 6
742 5
743 3
744 4
745 3
746 3
747 5
748 5
749 5
750 5
751 4
752 4
753 4
754 5
755 5
756 5
757 3
758 4
759 4
760 5
761 6
762 5
763 5
764 5
765 5
766 6
767 5
768 6
769 5
770 4
771 3
772 4
773 4
774 5
775 5
776 4
777 5
778 5
779 4
780 4
781 4
782 3
783 4
784 3
785 4
786 4
787 5
788 4
789 4
790 5
791 6
792 5
793 5
794 5
795 6
796 4
797 4
798 5
799 4
800 5
801 6
802 6
803 4
804 5
805 4
806 6
807 4
808 6
809 6
810 6
811 4
812 5
813 5
814 3
815 3
816 4
817 6
818 5
819 6
820 5
821 6
822 5
823 5
824 5
825 4
826 4
827 4
828 4
829 4
830 6
831 7
832 4
833 4
834 4
835 3
836 5
837 2
838 2
839 5
840 4
841 5
842 5
843 4
844 5
845 2
846 3
847 5
848 3
849 3
850 4
851 4
852 5
853 6
854 4
855 4
856 4
857 5
858 5
859 7
860 6
861 6
862 5
863 5
864 3
865 3
866 3
867 4
868 5
869 5
870 5
871 4
872 5
873 4
874 4
875 3
876 4
877 4
878 4
879 4
880 3
881 5
882 4
883 4
884 4
885 5
886 3
887 4
888 5
889 4
890 4
891 3
892 4
893 5
894 5
895 3
896 1
897 2
898 2
899 4
900 5
901 6
902 5
903 5
904 4
905 4
906 5
907 4
908 3
909 3
910 3
911 2
912 4
913 5
914 5
915 4
916 4
917 5
918 5
919 4
920 4
921 5
922 5
923 3
924 3
925 3
926 3
927 5
928 3
929 5
930 4
931 4
932 4
933 5
934 6
935 5
936 3
937 3
938 3
939 3
940 3
941 5
942 5
943 5
944 5
945 4
946 6
947 5
948 4
949 4
950 5
951 6
952 6
953 6
954 6
955 5
956 5
957 3
958 5
959 4
960 4
961 5
962 5
963 4
964 3
965 3
966 5
967 4
968 3
969 5
970 5
971 5
972 5
973 5
974 5
975 4
976 4
977 4
978 5
979 4
980 5
981 4
982 5
983 5
984 4
985 4
986 5
987 3
988 5
989 5
990 6
991 6
992 3
993 4
994 4
995 4
996 5
997 6
998 5
999 4
1000 4
