0 45
1 37
2 32
3 29
4 25
5 25
6 27
7 27
8 26
9 25
10 22
11 21
12 24
13 25
14 28
15 26
16 26
17 26
18 23
19 25
20 28
21 27
22 28
23 27
24 28
25 30
26 27
27 31
28 32
29 31
30 31
31 28
32 26
33 27
34 30
35 30
36 29
37 24
38 24
39 26
40 27
41 27
42 26
43 29
44 28
45 24
46 23
47 22
48 26
49 28
50 26
51 27
52 26
53 26
54 29
55 29
56 29
57 29
58 29
59 27
60 27
61 26
62 29
63 26
64 27
65 26
66 28
67 29
68 28
69 27
70 28
71 28
72 24
73 25
74 24
75 26
76 27
77 24
78 29
79 26
80 27
81 25
82 26
83 27
84 25
85 30
86 29
87 25
88 26
89 28
90 26
91 25
92 29
93 28
94 22
95 27
96 24
97 29
98 28
99 28
100 28
101 29
102 28
103 23
104 23
105 25
106 27
107 31
108 32
109 32
110 27
111 23
112 26
113 28
114 29
115 26
116 27
117 24
118 28
119 28
120 26
121 28
122 27
123 26
124 25
125 28
126 26
127 26
128 27
129 26
130 25
131 26
132 22
133 22
134 26
135 26
136 26
137 22
138 23
139 27
140 29
141 27
142 26
143 25
144 27
145 26
146 28
147 30
148 26
149 27
150 29
151 27
152 28
153 26
154 28
155 31
156 30
157 31
158 29
159 27
160 24
161 24
162 26
163 27
164 29
165 28
166 24
167 26
168 27
169 28
170 29
171 28
172 27
173 29
174 30
175 30
176 29
177 31
178 26
179 28
180 28
181 28
182 28
183 28
184 29
185 29
186 30
187 31
188 30
189 31
190 29
191 28
192 27
193 25
194 26
195 27
196 30
197 28
198 26
199 24
200 24
201 25
202 28
203 30
204 30
205 29
206 27
207 26
208 26
209 29
210 32
211 28
212 31
213 27
214 26
215 28
216 27
217 26
218 26
219 25
220 26
221 26
222 28
223 26
224 24
225 25
226 26
227 29
228 27
229 28
230 31
231 31
232 30
233 26
234 28
235 27
236 25
237 28
238 29
239 29
240 27
241 27
242 28
243 28
244 28
245 29
246 27
247 27
248 26
249 28
250 27
251 30
252 28
253 27
254 26
255 29
256 28
257 31
258 31
259 31
260 29
261 28
262 25
263 27
264 25
265 26
266 25
267 27
268 26
269 26
270 24
271 27
272 26
273 25
274 23
275 23
276 26
277 26
278 25
279 28
280 28
281 27
282 28
283 23
284 26
285 28
286 29
287 29
288 22
289 25
290 29
291 29
292 25
293 28
294 27
295 25
296 26
297 28
298 31
299 30
300 30
301 30
302 28
303 22
304 27
305 23
306 25
307 27
308 29
309 26
310 26
311 27
312 28
313 29
314 30
315 29
316 30
317 28
318 26
319 22
320 27
321 29
322 31
323 32
324 30
325 28
326 29
327 26
328 28
329 25
330 29
331 29
332 27
333 28
334 27
335 27
336 29
337 30
338 29
339 28
340 28
341 28
342 28
343 28
344 29
345 29
346 29
347 26
348 25
349 26
350 30
351 25
352 25
353 26
354 28
355 28
356 27
357 28
358 28
359 27
360 26
361 25
362 26
363 24
364 24
365 27
366 25
367 21
368 21
369 26
370 26
371 25
372 23
373 23
374 22
375 26
376 25
377 25
378 24
379 27
380 28
381 27
382 28
383 28
384 28
385 25
386 27
387 29
388 27
389 26
390 26
391 26
392 26
393 26
394 29
395 28
396 26
397 25
398 27
399 26
400 25
401 25
402 27
403 29
404 32
405 30
406 30
407 28
408 25
409 26
410 26
411 28
412 25
413 27
414 26
415 26
416 26
417 30
418 26
419 27
420 23
421 26
422 24
423 26
424 27
425 27
426 22
427 23
428 24
429 25
430 25
431 27
432 28
433 24
434 25
435 26
436 26
437 27
438 28
439 28
440 26
441 25
442 27
443 27
444 27
445 29
446 24
447 25
448 25
449 22
450 28
451 29
452 27
453 28
454 32
455 32
456 30
457 31
458 28
459 26
460 29
461 29
462 30
463 30
464 30
465 29
466 28
467 27
468 26
469 25
470 24
471 30
472 29
473 28
474 26
475 23
476 28
477 25
478 26
479 27
480 27
481 25
482 28
483 30
484 29
485 30
486 27
487 28
488 27
489 27
490 28
491 28
492 28
493 31
494 32
495 27
496 28
497 26
498 30
499 28
500 23
501 25
502 22
503 24
504 26
505 23
506 25
507 26
508 28
509 27
510 27
511 29
512 27
513 28
514 26
515 27
516 26
517 29
518 30
519 29
520 31
521 28
522 29
523 28
524 24
525 28
526 27
527 28
528 28
529 29
530 28
531 27
532 28
533 27
534 26
535 25
536 28
537 27
538 29
539 29
540 28
541 30
542 29
543 25
544 29
545 25
546 22
547 24
548 26
549 23
550 25
551 25
552 28
553 29
554 30
555 32
556 30
557 30
558 28
559 26
560 29
561 27
562 24
563 29
564 28
565 28
566 26
567 30
568 28
569 28
570 26
571 25
572 30
573 30
574 30
575 30
576 29
577 30
578 29
579 23
580 26
581 26
582 26
583 26
584 25
585 26
586 25
587 27
588 28
589 27
590 27
591 28
592 29
593 30
594 27
595 25
596 25
597 27
598 26
599 24
600 24
601 27
602 27
603 27
604 29
605 25
606 29
607 26
608 27
609 26
610 21
611 22
612 26
613 27
614 29
615 28
616 29
617 29
618 31
619 26
620 28
621 30
622 27
623 27
624 24
625 26
626 23
627 22
628 26
629 27
630 28
631 29
632 28
633 28
634 27
635 28
636 25
637 26
638 23
639 25
640 27
641 24
642 24
643 25
644 27
645 29
646 24
647 24
648 25
649 25
650 25
651 25
652 25
653 24
654 24
655 27
656 29
657 28
658 29
659 29
660 25
661 27
662 27
663 24
664 25
665 27
666 27
667 26
668 24
669 27
670 25
671 26
672 25
673 28
674 24
675 28
676 29
677 30
678 24
679 26
680 27
681 28
682 27
683 27
684 30
685 30
686 26
687 28
688 31
689 26
690 29
691 27
692 29
693 27
694 27
695 26
696 27
697 26
698 26
699 27
700 29
701 28
702 28
703 23
704 26
705 23
706 24
707 22
708 26
709 26
710 27
711 28
712 28
713 27
714 25
715 26
716 27
717 25
718 23
719 25
720 26
721 29
722 26
723 26
724 29
725 28
726 29
727 26
728 24
729 27
730 28
731 28
732 28
733 28
734 25
735 22
736 27
737 28
738 27
739 26
740 27
741 27
742 25
743 25
744 26
745 25
746 30
747 29
748 26
749 29
750 26
751 28
752 28
753 27
754 27
755 28
756 30
757 26
758 26
759 29
760 28
761 27
762 28
763 28
764 22
765 26
766 25
767 27
768 29
769 26
770 27
771 31
772 29
773 23
774 25
775 26
776 26
777 27
778 28
779 28
780 27
781 26
782 22
783 26
784 27
785 30
786 29
787 28
788 25
789 27
790 28
791 26
792 27
793 25
794 27
795 24
796 26
797 29
798 29
799 29
800 26
801 30
802 26
803 28
804 29
805 27
806 28
807 29
808 30
809 30
810 29
811 30
812 32
813 30
814 31
815 30
816 28
817 26
818 26
819 25
820 26
821 27
822 27
823 27
824 29
825 27
826 28
827 27
828 26
829 29
830 26
831 29
832 27
833 30
834 29
835 29
836 28
837 24
838 26
839 26
840 27
841 29
842 31
843 31
844 31
845 31
846 27
847 29
848 27
849 27
850 26
851 28
852 29
853 29
854 29
855 26
856 27
857 27
858 24
859 25
860 27
861 27
862 22
863 27
864 28
865 30
866 28
867 27
868 27
869 29
870 29
871 31
872 30
873 32
874 31
875 31
876 25
877 24
878 28
879 27
880 29
881 26
882 27
883 25
884 27
885 27
886 27
887 27
888 25
889 26
890 28
891 26
892 27
893 28
894 29
895 29
896 26
897 24
898 24
899 25
900 27
901 27
902 25
903 26
904 26
905 25
906 23
907 26
908 25
909 28
910 26
911 28
912 30
913 27
914 26
915 25
916 25
917 25
918 26
919 27
920 26
921 25
922 22
923 24
924 25
925 28
926 28
927 27
928 28
929 29
930 27
931 27
932 24
933 21
934 26
935 21
936 24
937 27
938 27
939 26
940 24
941 27
942 25
943 26
944 26
945 27
946 25
947 25
948 25
949 26
950 28
951 26
952 26
953 28
954 32
955 30
956 27
957 29
958 28
959 27
960 26
961 29
962 27
963 28
964 28
965 28
966 29
967 26
968 29
969 30
970 27
971 28
972 27
973 26
974 27
975 28
976 27
977 28
978 27
979 28
980 27
981 27
982 26
983 28
984 27
985 23
986 27
987 30
988 32
989 30
990 29
991 28
992 27
993 26
994 27
995 25
996 28
997 29
998 25
999 27
1000 28
