0 80
1 58
2 59
3 58
4 63
5 56
6 52
7 54
8 55
9 57
10 57
11 57
12 57
13 53
14 55
15 47
16 53
17 49
18 48
19 53
20 51
21 54
22 57
23 55
24 54
25 51
26 53
27 53
28 53
29 55
30 55
31 50
32 57
33 53
34 52
35 54
36 54
37 57
38 56
39 55
40 56
41 56
42 52
43 57
44 57
45 52
46 53
47 53
48 59
49 58
50 53
51 58
52 57
53 59
54 52
55 55
56 56
57 55
58 55
59 55
60 61
61 57
62 55
63 53
64 51
65 54
66 59
67 59
68 61
69 57
70 57
71 60
72 61
73 53
74 57
75 53
76 56
77 59
78 45
79 48
80 53
81 55
82 53
83 57
84 52
85 55
86 52
87 54
88 56
89 61
90 57
91 49
92 54
93 57
94 55
95 54
96 54
97 59
98 53
99 55
100 53
101 55
102 52
103 54
104 56
105 56
106 50
107 56
108 58
109 54
110 59
111 57
112 53
113 56
114 48
115 57
116 51
117 55
118 57
119 56
120 53
121 52
122 55
123 57
124 56
125 57
126 61
127 54
128 56
129 53
130 52
131 62
132 56
133 50
134 59
135 59
136 57
137 55
138 58
139 58
140 53
141 54
142 56
143 53
144 59
145 57
146 55
147 53
148 55
149 53
150 52
151 53
152 52
153 56
154 55
155 54
156 56
157 56
158 59
159 58
160 56
161 56
162 56
163 55
164 56
165 57
166 54
167 57
168 55
169 59
170 52
171 53
172 53
173 55
174 56
175 53
176 55
177 51
178 50
179 57
180 49
181 56
182 53
183 56
184 53
185 56
186 56
187 56
188 56
189 53
190 54
191 53
192 53
193 55
194 52
195 56
196 50
197 62
198 55
199 53
200 53
201 57
202 58
203 53
204 57
205 58
206 54
207 55
208 57
209 52
210 58
211 58
212 58
213 52
214 55
215 55
216 52
217 57
218 61
219 57
220 53
221 53
222 53
223 54
224 51
225 44
226 50
227 51
228 50
229 54
230 58
231 59
232 55
233 53
234 57
235 60
236 58
237 58
238 54
239 54
240 57
241 62
242 59
243 54
244 55
245 54
246 52
247 53
248 54
249 54
250 54
251 58
252 55
253 57
254 57
255 54
256 55
257 56
258 57
259 53
260 55
261 57
262 57
263 54
264 50
265 49
266 52
267 50
268 50
269 56
270 57
271 57
272 53
273 50
274 52
275 54
276 56
277 54
278 53
279 57
280 61
281 52
282 52
283 53
284 55
285 53
286 56
287 55
288 55
289 58
290 53
291 54
292 56
293 59
294 55
295 56
296 57
297 50
298 54
299 56
300 57
301 58
302 59
303 52
304 53
305 52
306 59
307 56
308 51
309 54
310 59
311 57
312 54
313 53
314 51
315 51
316 56
317 55
318 52
319 56
320 59
321 59
322 56
323 51
324 53
325 54
326 46
327 50
328 52
329 51
330 53
331 53
332 52
333 52
334 49
335 53
336 54
337 58
338 57
339 58
340 58
341 58
342 56
343 58
344 55
345 56
346 53
347 56
348 60
349 54
350 59
351 54
352 50
353 59
354 57
355 51
356 58
357 53
358 57
359 49
360 51
361 53
362 51
363 56
364 58
365 55
366 57
367 61
368 58
369 58
370 58
371 58
372 57
373 50
374 52
375 55
376 53
377 54
378 53
379 53
380 61
381 55
382 58
383 56
384 55
385 56
386 55
387 53
388 60
389 53
390 56
391 55
392 56
393 57
394 54
395 50
396 52
397 51
398 54
399 58
400 52
401 54
402 57
403 53
404 53
405 55
406 49
407 53
408 53
409 55
410 53
411 52
412 53
413 49
414 56
415 52
416 57
417 54
418 57
419 55
420 58
421 60
422 55
423 56
424 56
425 51
426 50
427 52
428 55
429 57
430 53
431 54
432 54
433 57
434 55
435 53
436 53
437 54
438 55
439 57
440 55
441 48
442 48
443 53
444 51
445 55
446 53
447 56
448 55
449 50
450 57
451 55
452 57
453 52
454 55
455 57
456 61
457 61
458 59
459 55
460 53
461 56
462 57
463 59
464 55
465 56
466 52
467 56
468 54
469 52
470 55
471 54
472 58
473 54
474 57
475 54
476 55
477 50
478 56
479 55
480 57
481 54
482 51
483 53
484 51
485 52
486 50
487 48
488 54
489 51
490 58
491 51
492 48
493 53
494 57
495 56
496 56
497 55
498 54
499 51
500 50
501 54
502 60
503 59
504 58
505 58
506 56
507 55
508 53
509 54
510 55
511 56
512 53
513 45
514 52
515 56
516 59
517 59
518 58
519 57
520 57
521 57
522 55
523 56
524 55
525 56
526 54
527 56
528 56
529 56
530 54
531 57
532 54
533 51
534 58
535 58
536 51
537 53
538 56
539 55
540 55
541 55
542 51
543 56
544 57
545 55
546 57
547 57
548 59
549 58
550 53
551 54
552 56
553 49
554 53
555 51
556 53
557 52
558 54
559 56
560 51
561 56
562 56
563 57
564 53
565 49
566 53
567 53
568 54
569 53
570 58
571 57
572 53
573 59
574 54
575 57
576 56
577 61
578 59
579 60
580 60
581 56
582 53
583 53
584 56
585 57
586 54
587 54
588 48
589 51
590 51
591 53
592 56
593 53
594 56
595 54
596 48
597 52
598 48
599 56
600 60
601 58
602 54
603 56
604 55
605 52
606 55
607 54
608 52
609 56
610 58
611 54
612 53
613 52
614 53
615 53
616 53
617 55
618 54
619 57
620 57
621 53
622 53
623 57
624 55
625 55
626 57
627 52
628 58
629 54
630 52
631 53
632 55
633 59
634 61
635 52
636 52
637 54
638 57
639 56
640 55
641 54
642 56
643 55
644 47
645 58
646 53
647 45
648 50
649 51
650 47
651 51
652 55
653 58
654 59
655 57
656 53
657 54
658 52
659 54
660 57
661 54
662 54
663 54
664 59
665 60
666 59
667 59
668 54
669 57
670 56
671 58
672 56
673 53
674 55
675 55
676 54
677 56
678 61
679 58
680 58
681 62
682 54
683 53
684 53
685 54
686 54
687 55
688 53
689 47
690 52
691 57
692 55
693 58
694 59
695 46
696 52
697 55
698 58
699 60
700 58
701 57
702 56
703 55
704 58
705 56
706 55
707 52
708 58
709 55
710 54
711 56
712 54
713 55
714 57
715 54
716 55
717 58
718 52
719 52
720 53
721 55
722 49
723 55
724 57
725 53
726 56
727 58
728 55
729 60
730 56
731 58
732 57
733 52
734 51
735 51
736 53
737 50
738 52
739 55
740 53
741 53
742 51
743 54
744 55
745 59
746 60
747 56
748 53
749 56
750 55
751 55
752 61
753 59
754 57
755 55
756 55
757 58
758 55
759 57
760 56
761 55
762 53
763 56
764 56
765 56
766 56
767 55
768 53
769 54
770 51
771 53
772 52
773 53
774 53
775 53
776 55
777 53
778 57
779 58
780 51
781 52
782 52
783 54
784 52
785 52
786 47
787 54
788 58
789 54
790 55
791 56
792 54
793 51
794 53
795 52
796 54
797 56
798 55
799 51
800 56
801 55
802 53
803 55
804 51
805 54
806 54
807 59
808 60
809 53
810 55
811 49
812 53
813 53
814 58
815 56
816 60
817 57
818 56
819 57
820 60
821 55
822 56
823 55
824 54
825 57
826 55
827 59
828 54
829 53
830 52
831 57
832 57
833 61
834 56
835 55
836 51
837 58
838 58
839 53
840 54
841 52
842 56
843 55
844 56
845 57
846 54
847 60
848 51
849 56
850 53
851 55
852 56
853 59
854 60
855 54
856 53
857 57
858 53
859 56
860 59
861 53
862 55
863 57
864 53
865 54
866 53
867 53
868 57
869 54
870 60
871 57
872 55
873 56
874 52
875 56
876 54
877 53
878 54
879 47
880 55
881 52
882 51
883 57
884 54
885 57
886 58
887 56
888 60
889 58
890 47
891 53
892 53
893 58
894 57
895 59
896 53
897 53
898 55
899 53
900 52
901 52
902 50
903 51
904 49
905 54
906 55
907 56
908 56
909 57
910 55
911 48
912 56
913 57
914 57
915 55
916 58
917 55
918 60
919 58
920 53
921 59
922 55
923 62
924 54
925 57
926 55
927 54
928 56
929 52
930 55
931 55
932 53
933 55
934 54
935 54
936 55
937 54
938 49
939 51
940 56
941 57
942 58
943 60
944 55
945 52
946 59
947 56
948 56
949 55
950 55
951 54
952 54
953 53
954 54
955 56
956 56
957 60
958 51
959 54
960 58
961 55
962 56
963 53
964 55
965 56
966 54
967 56
968 50
969 47
970 54
971 50
972 58
973 57
974 57
975 59
976 51
977 50
978 55
979 57
980 58
981 54
982 56
983 62
984 58
985 58
986 56
987 59
988 56
989 58
990 54
991 54
992 51
993 53
994 57
995 57
996 56
997 53
998 57
999 52
1000 52
