0 80
1 75
2 71
3 67
4 64
5 60
6 56
7 54
8 54
9 55
10 51
11 47
12 44
13 44
14 44
15 45
16 46
17 44
18 42
19 43
20 44
21 42
22 43
23 42
24 41
25 40
26 40
27 39
28 38
29 37
30 36
31 36
32 37
33 37
34 37
35 38
36 40
37 39
38 38
39 39
40 39
41 36
42 38
43 38
44 38
45 38
46 36
47 36
48 37
49 38
50 36
51 39
52 39
53 39
54 38
55 37
56 38
57 40
58 38
59 37
60 36
61 38
62 35
63 37
64 37
65 37
66 38
67 37
68 37
69 35
70 35
71 36
72 37
73 36
74 37
75 37
76 36
77 36
78 35
79 35
80 34
81 35
82 36
83 36
84 36
85 36
86 36
87 36
88 37
89 38
90 38
91 39
92 38
93 36
94 35
95 35
96 34
97 36
98 34
99 36
100 36
101 36
102 34
103 35
104 36
105 36
106 37
107 38
108 38
109 37
110 38
111 40
112 40
113 40
114 38
115 38
116 38
117 35
118 36
119 37
120 38
121 39
122 37
123 39
124 40
125 38
126 37
127 38
128 38
129 37
130 35
131 34
132 36
133 38
134 37
135 38
136 39
137 39
138 42
139 41
140 41
141 42
142 41
143 42
144 38
145 36
146 37
147 37
148 40
149 42
150 42
151 41
152 42
153 43
154 44
155 45
156 45
157 45
158 47
159 47
160 45
161 44
162 43
163 44
164 43
165 41
166 40
167 38
168 40
169 39
170 37
171 37
172 36
173 38
174 39
175 40
176 39
177 37
178 37
179 37
180 37
181 36
182 37
183 40
184 40
185 36
186 36
187 37
188 38
189 39
190 40
191 41
192 42
193 40
194 38
195 37
196 37
197 35
198 37
199 38
200 40
201 41
202 42
203 42
204 42
205 42
206 40
207 40
208 39
209 42
210 42
211 38
212 37
213 37
214 37
215 38
216 39
217 38
218 39
219 40
220 39
221 36
222 37
223 38
224 38
225 37
226 36
227 37
228 37
229 37
230 36
231 34
232 35
233 36
234 37
235 38
236 40
237 38
238 37
239 39
240 40
241 40
242 39
243 38
244 37
245 39
246 38
247 37
248 36
249 37
250 40
251 41
252 39
253 40
254 39
255 40
256 41
257 40
258 36
259 34
260 35
261 36
262 35
263 34
264 37
265 38
266 39
267 38
268 41
269 40
270 41
271 42
272 43
273 44
274 44
275 42
276 41
277 42
278 40
279 41
280 42
281 42
282 42
283 37
284 37
285 37
286 37
287 39
288 38
289 39
290 39
291 41
292 42
293 42
294 43
295 41
296 41
297 37
298 39
299 40
300 41
301 40
302 38
303 41
304 40
305 39
306 39
307 40
308 39
309 38
310 39
311 39
312 38
313 36
314 38
315 39
316 40
317 39
318 39
319 38
320 39
321 39
322 40
323 39
324 40
325 40
326 40
327 42
328 42
329 43
330 45
331 44
332 44
333 43
334 43
335 43
336 42
337 43
338 42
339 41
340 37
341 37
342 38
343 38
344 37
345 37
346 37
347 36
348 36
349 36
350 37
351 38
352 39
353 37
354 39
355 42
356 38
357 39
358 39
359 40
360 38
361 39
362 42
363 42
364 43
365 42
366 42
367 40
368 43
369 44
370 44
371 45
372 46
373 46
374 43
375 45
376 44
377 43
378 42
379 42
380 42
381 43
382 43
383 44
384 40
385 37
386 37
387 36
388 39
389 37
390 38
391 36
392 35
393 37
394 38
395 39
396 39
397 38
398 39
399 40
400 39
401 40
402 42
403 42
404 42
405 41
406 44
407 43
408 42
409 43
410 44
411 43
412 40
413 40
414 38
415 37
416 37
417 38
418 39
419 39
420 37
421 39
422 40
423 38
424 39
425 38
426 38
427 39
428 39
429 39
430 38
431 38
432 40
433 40
434 41
435 39
436 38
437 35
438 34
439 35
440 35
441 35
442 32
443 30
444 34
445 33
446 34
447 36
448 38
449 39
450 40
451 40
452 39
453 37
454 37
455 37
456 36
457 35
458 35
459 33
460 33
461 32
462 33
463 35
464 36
465 37
466 36
467 37
468 38
469 37
470 38
471 37
472 38
473 37
474 39
475 41
476 41
477 40
478 39
479 38
480 38
481 41
482 38
483 38
484 37
485 37
486 37
487 39
488 39
489 41
490 42
491 43
492 43
493 43
494 43
495 40
496 38
497 39
498 38
499 39
500 40
501 41
502 41
503 41
504 38
505 37
506 39
507 40
508 39
509 40
510 40
511 40
512 39
513 38
514 37
515 37
516 39
517 39
518 37
519 38
520 39
521 40
522 39
523 39
524 37
525 36
526 37
527 38
528 37
529 38
530 38
531 37
532 38
533 38
534 36
535 36
536 36
537 37
538 38
539 38
540 38
541 39
542 41
543 41
544 40
545 41
546 41
547 41
548 40
549 41
550 41
551 39
552 40
553 40
554 38
555 39
556 39
557 40
558 37
559 37
560 38
561 38
562 39
563 40
564 40
565 42
566 42
567 41
568 43
569 43
570 41
571 42
572 43
573 42
574 45
575 45
576 46
577 45
578 45
579 43
580 43
581 44
582 44
583 41
584 41
585 42
586 42
587 41
588 41
589 42
590 42
591 42
592 42
593 43
594 44
595 45
596 42
597 39
598 41
599 41
600 42
601 42
602 41
603 42
604 42
605 43
606 44
607 44
608 45
609 43
610 39
611 39
612 41
613 39
614 41
615 39
616 40
617 40
618 40
619 38
620 38
621 37
622 36
623 38
624 39
625 40
626 40
627 40
628 39
629 39
630 41
631 41
632 43
633 43
634 42
635 41
636 41
637 41
638 37
639 37
640 38
641 38
642 36
643 37
644 38
645 35
646 33
647 36
648 38
649 37
650 38
651 36
652 36
653 37
654 39
655 39
656 38
657 36
658 36
659 36
660 36
661 36
662 37
663 40
664 37
665 39
666 37
667 35
668 36
669 34
670 38
671 38
672 40
673 41
674 40
675 43
676 44
677 44
678 45
679 46
680 46
681 45
682 45
683 44
684 42
685 42
686 42
687 41
688 41
689 38
690 36
691 37
692 38
693 39
694 42
695 42
696 43
697 40
698 38
699 38
700 38
701 38
702 38
703 40
704 40
705 42
706 44
707 43
708 44
709 42
710 42
711 43
712 45
713 45
714 45
715 45
716 45
717 44
718 42
719 42
720 42
721 43
722 43
723 44
724 43
725 44
726 43
727 43
728 43
729 43
730 43
731 43
732 43
733 42
734 43
735 41
736 39
737 41
738 40
739 39
740 39
741 40
742 40
743 42
744 43
745 39
746 40
747 42
748 44
749 42
750 42
751 42
752 41
753 43
754 42
755 42
756 41
757 37
758 38
759 37
760 36
761 38
762 35
763 34
764 37
765 38
766 40
767 41
768 41
769 41
770 39
771 41
772 36
773 40
774 43
775 42
776 44
777 45
778 44
779 44
780 43
781 41
782 40
783 42
784 42
785 41
786 39
787 38
788 38
789 38
790 37
791 38
792 38
793 40
794 41
795 42
796 42
797 39
798 39
799 37
800 32
801 34
802 37
803 37
804 39
805 41
806 40
807 41
808 42
809 40
810 40
811 40
812 42
813 43
814 42
815 42
816 42
817 42
818 43
819 43
820 41
821 42
822 43
823 41
824 41
825 42
826 43
827 41
828 39
829 40
830 42
831 38
832 39
833 40
834 39
835 41
836 41
837 42
838 41
839 39
840 36
841 36
842 36
843 37
844 34
845 36
846 35
847 35
848 37
849 35
850 35
851 36
852 37
853 38
854 37
855 37
856 37
857 37
858 37
859 37
860 37
861 37
862 38
863 39
864 40
865 40
866 41
867 41
868 39
869 41
870 41
871 40
872 40
873 39
874 41
875 41
876 42
877 40
878 40
879 40
880 42
881 42
882 41
883 41
884 42
885 41
886 42
887 41
888 39
889 39
890 39
891 40
892 40
893 39
894 41
895 40
896 39
897 40
898 40
899 37
900 39
901 39
902 41
903 41
904 42
905 42
906 39
907 38
908 37
909 39
910 37
911 37
912 36
913 35
914 35
915 34
916 36
917 37
918 38
919 39
920 38
921 39
922 38
923 39
924 40
925 39
926 41
927 38
928 38
929 38
930 39
931 40
932 40
933 40
934 40
935 40
936 42
937 42
938 43
939 42
940 41
941 42
942 42
943 40
944 41
945 37
946 40
947 41
948 39
949 38
950 37
951 39
952 37
953 39
954 39
955 40
956 42
957 42
958 42
959 42
960 42
961 41
962 43
963 43
964 44
965 44
966 41
967 36
968 36
969 35
970 37
971 36
972 38
973 38
974 41
975 38
976 38
977 39
978 41
979 40
980 41
981 40
982 41
983 40
984 40
985 40
986 40
987 41
988 37
989 36
990 38
991 40
992 41
993 41
994 41
995 40
996 40
997 40
998 39
999 37
1000 37
