0 20
1 14
2 13
3 16
4 10
5 14
6 11
7 14
8 13
9 13
10 14
11 14
12 15
13 16
14 14
15 17
16 15
17 17
18 13
19 13
20 16
21 13
22 14
23 13
24 13
25 11
26 10
27 15
28 13
29 15
30 15
31 10
32 14
33 13
34 11
35 13
36 15
37 16
38 13
39 16
40 11
41 15
42 11
43 15
44 15
45 15
46 15
47 15
48 13
49 14
50 16
51 15
52 13
53 12
54 13
55 13
56 10
57 15
58 13
59 13
60 13
61 14
62 13
63 14
64 14
65 17
66 15
67 14
68 15
69 14
70 13
71 14
72 15
73 15
74 14
75 12
76 14
77 13
78 15
79 15
80 16
81 13
82 15
83 15
84 15
85 16
86 13
87 13
88 11
89 14
90 13
91 15
92 14
93 15
94 12
95 13
96 13
97 14
98 13
99 14
100 9
101 13
102 13
103 13
104 14
105 15
106 13
107 12
108 15
109 17
110 16
111 17
112 13
113 15
114 14
115 16
116 16
117 12
118 14
119 14
120 15
121 15
122 14
123 14
124 13
125 16
126 12
127 15
128 13
129 16
130 13
131 14
132 13
133 15
134 14
135 15
136 15
137 15
138 11
139 12
140 15
141 13
142 13
143 13
144 15
145 14
146 12
147 12
148 14
149 15
150 15
151 14
152 17
153 18
154 16
155 15
156 16
157 16
158 12
159 13
160 15
161 13
162 11
163 9
164 15
165 15
166 14
167 14
168 15
169 15
170 10
171 15
172 17
173 17
174 15
175 14
176 16
177 14
178 13
179 16
180 15
181 14
182 15
183 10
184 12
185 13
186 14
187 12
188 12
189 15
190 16
191 13
192 14
193 13
194 15
195 15
196 11
197 14
198 14
199 13
200 12
201 14
202 12
203 16
204 15
205 15
206 16
207 15
208 14
209 14
210 18
211 14
212 13
213 14
214 16
215 15
216 15
217 17
218 16
219 16
220 17
221 14
222 16
223 16
224 14
225 13
226 12
227 12
228 17
229 14
230 11
231 11
232 15
233 14
234 17
235 15
236 14
237 13
238 17
239 12
240 11
241 15
242 14
243 13
244 13
245 14
246 16
247 14
248 15
249 12
250 13
251 16
252 13
253 12
254 14
255 17
256 14
257 15
258 14
259 15
260 13
261 14
262 14
263 15
264 12
265 14
266 14
267 14
268 16
269 12
270 15
271 16
272 13
273 14
274 14
275 9
276 12
277 12
278 14
279 16
280 15
281 14
282 14
283 14
284 14
285 13
286 12
287 15
288 14
289 16
290 18
291 15
292 12
293 13
294 11
295 15
296 12
297 14
298 12
299 14
300 15
301 13
302 16
303 14
304 13
305 13
306 11
307 14
308 13
309 14
310 10
311 12
312 17
313 13
314 14
315 12
316 15
317 12
318 16
319 15
320 15
321 16
322 12
323 14
324 14
325 16
326 15
327 16
328 16
329 10
330 12
331 14
332 12
333 16
334 12
335 15
336 13
337 14
338 12
339 10
340 16
341 16
342 16
343 13
344 14
345 14
346 16
347 15
348 14
349 14
350 15
351 13
352 14
353 13
354 14
355 14
356 16
357 15
358 13
359 12
360 13
361 14
362 14
363 11
364 12
365 12
366 13
367 14
368 13
369 14
370 13
371 13
372 13
373 12
374 15
375 15
376 13
377 14
378 13
379 12
380 11
381 15
382 16
383 17
384 16
385 14
386 14
387 13
388 15
389 17
390 15
391 15
392 14
393 16
394 13
395 15
396 11
397 15
398 15
399 16
400 12
401 15
402 15
403 15
404 13
405 13
406 14
407 12
408 13
409 13
410 11
411 15
412 15
413 14
414 13
415 11
416 14
417 14
418 13
419 17
420 12
421 13
422 15
423 17
424 15
425 13
426 12
427 14
428 14
429 13
430 11
431 13
432 13
433 15
434 15
435 14
436 13
437 13
438 13
439 11
440 13
441 12
442 15
443 13
444 13
445 16
446 15
447 12
448 13
449 15
450 13
451 11
452 10
453 14
454 11
455 16
456 16
457 12
458 12
459 15
460 13
461 12
462 15
463 16
464 13
465 17
466 13
467 13
468 14
469 14
470 14
471 15
472 17
473 14
474 13
475 15
476 15
477 14
478 15
479 13
480 13
481 11
482 13
483 11
484 15
485 14
486 13
487 13
488 13
489 12
490 10
491 15
492 7
493 13
494 15
495 13
496 14
497 15
498 13
499 13
500 12
501 14
502 14
503 16
504 15
505 10
506 11
507 13
508 17
509 14
510 16
511 16
512 12
513 14
514 16
515 14
516 14
517 13
518 15
519 16
520 14
521 15
522 12
523 17
524 13
525 14
526 11
527 14
528 15
529 14
530 11
531 12
532 13
533 15
534 17
535 15
536 8
537 10
538 12
539 11
540 14
541 13
542 16
543 13
544 14
545 16
546 16
547 13
548 16
549 14
550 12
551 13
552 15
553 16
554 16
555 13
556 14
557 14
558 16
559 12
560 11
561 13
562 15
563 15
564 15
565 14
566 15
567 12
568 15
569 14
570 14
571 13
572 14
573 13
574 10
575 11
576 15
577 16
578 13
579 16
580 16
581 15
582 13
583 14
584 16
585 14
586 17
587 15
588 11
589 13
590 15
591 11
592 12
593 15
594 12
595 14
596 14
597 15
598 14
599 14
600 17
601 14
602 16
603 14
604 13
605 14
606 11
607 15
608 12
609 15
610 13
611 16
612 15
613 12
614 15
615 16
616 13
617 13
618 16
619 14
620 13
621 11
622 16
623 13
624 14
625 13
626 12
627 16
628 15
629 14
630 16
631 15
632 12
633 14
634 14
635 15
636 14
637 12
638 15
639 16
640 16
641 14
642 11
643 13
644 14
645 15
646 14
647 13
648 14
649 14
650 14
651 14
652 13
653 14
654 14
655 16
656 14
657 14
658 15
659 13
660 15
661 15
662 11
663 13
664 16
665 15
666 13
667 12
668 15
669 15
670 12
671 15
672 14
673 17
674 18
675 17
676 12
677 15
678 13
679 15
680 14
681 14
682 14
683 11
684 15
685 12
686 10
687 13
688 14
689 13
690 15
691 16
692 12
693 11
694 14
695 16
696 14
697 9
698 11
699 14
700 16
701 16
702 12
703 13
704 14
705 15
706 15
707 16
708 14
709 13
710 13
711 13
712 13
713 12
714 16
715 17
716 15
717 13
718 16
719 12
720 13
721 15
722 16
723 13
724 13
725 13
726 13
727 13
728 14
729 14
730 14
731 14
732 14
733 17
734 16
735 14
736 13
737 13
738 13
739 12
740 12
741 14
742 12
743 14
744 12
745 14
746 16
747 13
748 15
749 13
750 12
751 12
752 13
753 15
754 15
755 12
756 15
757 13
758 17
759 15
760 13
761 16
762 10
763 13
764 12
765 16
766 12
767 11
768 14
769 11
770 16
771 13
772 13
773 9
774 15
775 13
776 11
777 11
778 12
779 12
780 14
781 16
782 14
783 12
784 13
785 16
786 14
787 13
788 15
789 15
790 14
791 13
792 12
793 14
794 15
795 17
796 16
797 13
798 12
799 14
800 13
801 16
802 14
803 11
804 14
805 14
806 13
807 13
808 16
809 11
810 13
811 13
812 13
813 11
814 15
815 13
816 14
817 15
818 16
819 15
820 13
821 11
822 12
823 12
824 12
825 15
826 14
827 15
828 13
829 14
830 13
831 13
832 13
833 10
834 12
835 15
836 13
837 12
838 12
839 13
840 15
841 11
842 15
843 14
844 15
845 15
846 14
847 13
848 13
849 15
850 14
851 14
852 12
853 13
854 16
855 13
856 13
857 15
858 16
859 15
860 14
861 14
862 15
863 15
864 13
865 14
866 16
867 15
868 17
869 15
870 12
871 14
872 11
873 12
874 14
875 14
876 16
877 15
878 14
879 13
880 13
881 12
882 13
883 16
884 10
885 12
886 11
887 16
888 12
889 11
890 14
891 17
892 14
893 14
894 16
895 14
896 17
897 17
898 14
899 16
900 13
901 14
902 11
903 13
904 13
905 13
906 12
907 14
908 15
909 15
910 15
911 13
912 11
913 11
914 11
915 18
916 13
917 14
918 13
919 13
920 14
921 13
922 14
923 16
924 14
925 14
926 10
927 15
928 15
929 16
930 12
931 13
932 10
933 12
934 14
935 14
936 16
937 14
938 14
939 14
940 13
941 13
942 17
943 12
944 12
945 13
946 14
947 17
948 15
949 15
950 12
951 15
952 15
953 17
954 15
955 12
956 13
957 15
958 15
959 16
960 19
961 15
962 15
963 14
964 13
965 14
966 11
967 14
968 14
969 13
970 13
971 15
972 14
973 17
974 13
975 12
976 12
977 15
978 14
979 16
980 12
981 11
982 15
983 16
984 13
985 14
986 15
987 15
988 14
989 12
990 13
991 15
992 12
993 15
994 14
995 13
996 12
997 15
998 14
999 13
1000 16
