0 55
1 54
2 52
3 50
4 49
5 48
6 47
7 46
8 45
9 43
10 43
11 41
12 40
13 39
14 38
15 37
16 37
17 34
18 34
19 34
20 34
21 33
22 32
23 32
24 31
25 31
26 31
27 28
28 28
29 29
30 29
31 29
32 29
33 28
34 28
35 27
36 27
37 28
38 26
39 25
40 25
41 24
42 24
43 24
44 22
45 22
46 22
47 22
48 22
49 21
50 22
51 21
52 22
53 21
54 21
55 21
56 22
57 22
58 22
59 22
60 22
61 21
62 22
63 22
64 21
65 22
66 22
67 21
68 21
69 21
70 21
71 20
72 20
73 20
74 19
75 19
76 19
77 17
78 17
79 16
80 16
81 16
82 16
83 16
84 16
85 15
86 15
87 15
88 15
89 15
90 15
91 15
92 16
93 16
94 16
95 17
96 17
97 17
98 16
99 17
100 17
101 17
102 17
103 17
104 16
105 15
106 15
107 15
108 15
109 15
110 14
111 14
112 14
113 14
114 15
115 16
116 16
117 16
118 15
119 15
120 14
121 14
122 14
123 15
124 14
125 15
126 15
127 14
128 14
129 14
130 13
131 13
132 12
133 12
134 12
135 13
136 13
137 13
138 13
139 13
140 13
141 13
142 11
143 10
144 10
145 10
146 10
147 10
148 11
149 11
150 11
151 11
152 10
153 11
154 11
155 12
156 11
157 11
158 11
159 11
160 11
161 11
162 11
163 12
164 12
165 12
166 12
167 13
168 13
169 13
170 13
171 13
172 13
173 13
174 14
175 14
176 14
177 14
178 14
179 14
180 15
181 16
182 16
183 17
184 17
185 16
186 16
187 16
188 16
189 17
190 17
191 14
192 14
193 14
194 14
195 14
196 14
197 14
198 14
199 14
200 14
201 14
202 15
203 15
204 16
205 16
206 16
207 16
208 16
209 16
210 16
211 16
212 15
213 15
214 15
215 14
216 14
217 15
218 15
219 15
220 15
221 15
222 14
223 14
224 14
225 14
226 14
227 13
228 13
229 13
230 13
231 14
232 14
233 14
234 14
235 14
236 14
237 14
238 14
239 14
240 14
241 14
242 14
243 14
244 14
245 14
246 14
247 14
248 15
249 15
250 15
251 15
252 14
253 14
254 14
255 14
256 14
257 13
258 14
259 14
260 14
261 15
262 15
263 15
264 15
265 15
266 15
267 15
268 15
269 14
270 14
271 14
272 14
273 14
274 13
275 13
276 13
277 12
278 12
279 12
280 12
281 13
282 14
283 14
284 14
285 14
286 15
287 15
288 15
289 16
290 16
291 16
292 16
293 16
294 15
295 15
296 14
297 15
298 16
299 16
300 15
301 14
302 15
303 15
304 15
305 15
306 15
307 14
308 14
309 14
310 14
311 14
312 14
313 14
314 14
315 14
316 14
317 15
318 15
319 14
320 13
321 14
322 15
323 15
324 14
325 16
326 17
327 18
328 17
329 17
330 17
331 16
332 15
333 16
334 17
335 17
336 17
337 16
338 16
339 15
340 15
341 16
342 16
343 16
344 16
345 16
346 14
347 15
348 15
349 16
350 17
351 18
352 18
353 18
354 16
355 15
356 14
357 14
358 14
359 14
360 14
361 14
362 14
363 14
364 14
365 14
366 14
367 14
368 14
369 14
370 13
371 14
372 14
373 14
374 14
375 14
376 14
377 14
378 14
379 14
380 15
381 17
382 17
383 18
384 18
385 20
386 21
387 21
388 20
389 20
390 20
391 21
392 21
393 20
394 21
395 20
396 19
397 19
398 19
399 19
400 19
401 18
402 17
403 17
404 16
405 16
406 17
407 17
408 17
409 17
410 16
411 15
412 13
413 13
414 13
415 13
416 14
417 13
418 13
419 13
420 14
421 13
422 13
423 12
424 12
425 11
426 11
427 11
428 11
429 11
430 11
431 12
432 13
433 13
434 13
435 13
436 13
437 14
438 14
439 15
440 16
441 16
442 15
443 16
444 16
445 16
446 16
447 16
448 16
449 16
450 16
451 17
452 18
453 18
454 17
455 17
456 17
457 16
458 17
459 17
460 17
461 17
462 17
463 16
464 16
465 17
466 18
467 18
468 18
469 18
470 18
471 19
472 19
473 18
474 18
475 19
476 19
477 19
478 19
479 19
480 19
481 19
482 20
483 20
484 19
485 20
486 19
487 19
488 19
489 18
490 19
491 18
492 18
493 18
494 19
495 19
496 18
497 18
498 17
499 16
500 17
501 17
502 17
503 17
504 18
505 18
506 18
507 18
508 18
509 17
510 18
511 18
512 18
513 18
514 18
515 18
516 18
517 18
518 18
519 18
520 18
521 18
522 17
523 17
524 16
525 16
526 16
527 16
528 17
529 17
530 17
531 17
532 17
533 18
534 18
535 19
536 19
537 19
538 19
539 19
540 19
541 19
542 20
543 19
544 19
545 19
546 18
547 18
548 18
549 18
550 18
551 18
552 19
553 20
554 20
555 20
556 20
557 20
558 20
559 19
560 19
561 18
562 17
563 17
564 17
565 16
566 15
567 15
568 15
569 15
570 14
571 14
572 14
573 15
574 16
575 17
576 17
577 17
578 17
579 17
580 16
581 17
582 17
583 17
584 17
585 17
586 16
587 16
588 16
589 16
590 16
591 16
592 17
593 18
594 17
595 17
596 17
597 17
598 17
599 17
600 17
601 17
602 17
603 17
604 17
605 17
606 17
607 17
608 17
609 17
610 18
611 18
612 18
613 18
614 18
615 19
616 18
617 19
618 19
619 19
620 19
621 19
622 19
623 18
624 17
625 17
626 17
627 17
628 17
629 17
630 19
631 18
632 19
633 19
634 20
635 19
636 19
637 18
638 18
639 18
640 17
641 18
642 17
643 16
644 16
645 17
646 17
647 16
648 16
649 16
650 17
651 16
652 16
653 16
654 16
655 16
656 15
657 16
658 16
659 16
660 16
661 15
662 15
663 15
664 15
665 14
666 14
667 14
668 14
669 15
670 15
671 15
672 15
673 15
674 15
675 15
676 16
677 17
678 17
679 17
680 18
681 17
682 17
683 17
684 17
685 17
686 17
687 17
688 17
689 17
690 19
691 18
692 18
693 18
694 19
695 18
696 17
697 18
698 17
699 17
700 17
701 18
702 18
703 18
704 17
705 17
706 17
707 17
708 17
709 17
710 18
711 19
712 19
713 18
714 18
715 17
716 16
717 16
718 16
719 16
720 15
721 15
722 14
723 13
724 13
725 13
726 14
727 14
728 14
729 14
730 14
731 14
732 13
733 13
734 13
735 13
736 14
737 14
738 14
739 14
740 15
741 15
742 15
743 15
744 15
745 15
746 15
747 15
748 15
749 15
750 16
751 16
752 15
753 15
754 14
755 14
756 14
757 13
758 12
759 13
760 13
761 14
762 15
763 14
764 14
765 14
766 15
767 15
768 15
769 15
770 14
771 14
772 15
773 15
774 15
775 15
776 15
777 16
778 16
779 16
780 16
781 15
782 16
783 16
784 16
785 14
786 15
787 16
788 16
789 16
790 16
791 16
792 16
793 16
794 15
795 15
796 16
797 16
798 17
799 17
800 16
801 15
802 16
803 16
804 16
805 16
806 16
807 15
808 14
809 14
810 15
811 15
812 15
813 15
814 15
815 15
816 16
817 17
818 16
819 16
820 16
821 16
822 16
823 16
824 16
825 16
826 18
827 18
828 19
829 19
830 18
831 18
832 18
833 19
834 18
835 18
836 18
837 18
838 17
839 17
840 17
841 17
842 16
843 16
844 16
845 16
846 16
847 16
848 16
849 17
850 17
851 17
852 17
853 17
854 17
855 17
856 17
857 16
858 17
859 18
860 18
861 18
862 18
863 18
864 18
865 18
866 17
867 16
868 16
869 16
870 16
871 17
872 17
873 17
874 18
875 17
876 17
877 17
878 16
879 16
880 16
881 17
882 17
883 17
884 17
885 17
886 17
887 17
888 16
889 16
890 16
891 16
892 15
893 15
894 16
895 16
896 16
897 16
898 17
899 17
900 16
901 15
902 14
903 14
904 14
905 13
906 13
907 14
908 13
909 12
910 13
911 12
912 13
913 14
914 15
915 15
916 15
917 15
918 15
919 14
920 14
921 15
922 14
923 14
924 14
925 13
926 13
927 13
928 14
929 14
930 14
931 14
932 14
933 14
934 14
935 14
936 14
937 14
938 13
939 12
940 12
941 12
942 12
943 12
944 12
945 12
946 13
947 13
948 12
949 12
950 11
951 11
952 11
953 12
954 12
955 12
956 11
957 11
958 12
959 13
960 13
961 14
962 14
963 15
964 16
965 16
966 17
967 17
968 18
969 18
970 19
971 19
972 19
973 19
974 18
975 18
976 18
977 18
978 19
979 19
980 19
981 19
982 18
983 18
984 18
985 19
986 18
987 18
988 18
989 19
990 19
991 19
992 18
993 18
994 18
995 18
996 18
997 19
998 19
999 19
1000 18
