0 100
1 76
2 76
3 69
4 76
5 73
6 68
7 75
8 75
9 72
10 73
11 77
12 76
13 73
14 73
15 70
16 77
17 75
18 77
19 72
20 67
21 70
22 76
23 68
24 69
25 72
26 71
27 75
28 75
29 73
30 73
31 69
32 75
33 74
34 74
35 73
36 77
37 69
38 68
39 71
40 71
41 72
42 81
43 70
44 71
45 79
46 71
47 65
48 71
49 71
50 70
51 80
52 76
53 72
54 70
55 77
56 73
57 79
58 77
59 73
60 76
61 79
62 74
63 74
64 76
65 76
66 69
67 73
68 70
69 71
70 72
71 72
72 76
73 69
74 71
75 74
76 67
77 74
78 73
79 71
80 72
81 73
82 74
83 70
84 67
85 66
86 71
87 76
88 74
89 77
90 71
91 75
92 72
93 78
94 75
95 68
96 72
97 69
98 79
99 77
100 74
101 74
102 76
103 79
104 76
105 76
106 67
107 70
108 77
109 69
110 71
111 69
112 73
113 76
114 73
115 74
116 72
117 71
118 73
119 73
120 81
121 69
122 71
123 72
124 72
125 73
126 76
127 76
128 73
129 70
130 74
131 71
132 72
133 66
134 68
135 80
136 78
137 68
138 78
139 71
140 70
141 74
142 73
143 68
144 71
145 76
146 72
147 76
148 77
149 69
150 70
151 73
152 73
153 73
154 76
155 77
156 69
157 75
158 72
159 76
160 69
161 67
162 69
163 74
164 74
165 73
166 69
167 68
168 70
169 71
170 73
171 66
172 73
173 77
174 72
175 59
176 65
177 66
178 69
179 71
180 67
181 63
182 72
183 72
184 75
185 65
186 68
187 77
188 73
189 72
190 68
191 76
192 72
193 74
194 69
195 73
196 73
197 78
198 74
199 73
200 70
201 78
202 67
203 67
204 73
205 78
206 74
207 77
208 74
209 74
210 77
211 72
212 73
213 79
214 79
215 69
216 74
217 69
218 75
219 75
220 68
221 69
222 79
223 76
224 72
225 74
226 67
227 67
228 69
229 72
230 67
231 67
232 75
233 71
234 69
235 75
236 75
237 76
238 69
239 73
240 69
241 71
242 69
243 75
244 72
245 70
246 68
247 62
248 70
249 71
250 78
251 72
252 62
253 70
254 74
255 77
256 70
257 71
258 66
259 74
260 75
261 71
262 72
263 71
264 75
265 65
266 71
267 75
268 73
269 65
270 72
271 71
272 80
273 71
274 71
275 65
276 68
277 71
278 81
279 74
280 72
281 76
282 77
283 69
284 79
285 68
286 70
287 71
288 80
289 69
290 78
291 70
292 79
293 79
294 71
295 73
296 78
297 78
298 72
299 73
300 70
301 71
302 73
303 73
304 66
305 74
306 72
307 78
308 68
309 72
310 79
311 68
312 76
313 76
314 68
315 67
316 62
317 71
318 75
319 72
320 73
321 67
322 71
323 70
324 77
325 71
326 72
327 75
328 72
329 69
330 77
331 77
332 69
333 74
334 67
335 67
336 76
337 78
338 73
339 72
340 67
341 69
342 73
343 74
344 79
345 81
346 73
347 71
348 72
349 72
350 68
351 70
352 73
353 71
354 64
355 61
356 64
357 72
358 71
359 73
360 75
361 74
362 69
363 74
364 74
365 71
366 74
367 69
368 78
369 76
370 72
371 72
372 74
373 70
374 70
375 77
376 76
377 75
378 68
379 74
380 71
381 74
382 75
383 70
384 75
385 74
386 79
387 74
388 74
389 77
390 74
391 67
392 71
393 76
394 71
395 74
396 73
397 75
398 73
399 74
400 65
401 65
402 64
403 68
404 71
405 77
406 72
407 79
408 79
409 79
410 73
411 72
412 69
413 72
414 75
415 74
416 71
417 75
418 75
419 71
420 67
421 73
422 72
423 77
424 75
425 78
426 75
427 73
428 77
429 74
430 63
431 69
432 64
433 71
434 71
435 69
436 74
437 75
438 75
439 75
440 75
441 75
442 72
443 70
444 75
445 77
446 77
447 77
448 69
449 69
450 73
451 75
452 80
453 72
454 74
455 75
456 74
457 76
458 71
459 70
460 71
461 78
462 81
463 78
464 71
465 70
466 71
467 76
468 72
469 70
470 69
471 76
472 75
473 75
474 72
475 70
476 70
477 69
478 73
479 75
480 75
481 74
482 67
483 67
484 73
485 71
486 75
487 71
488 71
489 78
490 77
491 76
492 75
493 79
494 72
495 71
496 72
497 72
498 74
499 75
500 76
501 69
502 76
503 77
504 78
505 71
506 71
507 76
508 76
509 68
510 70
511 71
512 71
513 71
514 78
515 77
516 72
517 76
518 71
519 76
520 64
521 74
522 67
523 71
524 72
525 71
526 75
527 72
528 74
529 76
530 72
531 78
532 68
533 75
534 73
535 72
536 73
537 71
538 70
539 73
540 73
541 74
542 73
543 78
544 71
545 74
546 71
547 73
548 72
549 74
550 74
551 72
552 70
553 76
554 69
555 72
556 66
557 68
558 77
559 77
560 74
561 66
562 72
563 75
564 77
565 69
566 71
567 67
568 76
569 69
570 75
571 73
572 75
573 73
574 74
575 67
576 69
577 66
578 72
579 75
580 67
581 74
582 72
583 65
584 77
585 70
586 76
587 74
588 72
589 76
590 73
591 66
592 69
593 74
594 72
595 66
596 77
597 73
598 67
599 70
600 72
601 66
602 72
603 74
604 75
605 68
606 69
607 74
608 69
609 73
610 70
611 70
612 71
613 72
614 72
615 76
616 71
617 74
618 75
619 72
620 72
621 73
622 73
623 65
624 78
625 76
626 75
627 78
628 70
629 74
630 73
631 77
632 69
633 76
634 69
635 67
636 75
637 75
638 68
639 77
640 69
641 74
642 68
643 74
644 77
645 73
646 73
647 70
648 74
649 63
650 67
651 68
652 76
653 70
654 74
655 73
656 68
657 71
658 67
659 75
660 78
661 73
662 75
663 75
664 74
665 74
666 72
667 80
668 71
669 73
670 70
671 62
672 72
673 71
674 72
675 78
676 76
677 75
678 76
679 71
680 73
681 71
682 70
683 74
684 78
685 69
686 72
687 78
688 77
689 75
690 72
691 70
692 71
693 64
694 74
695 73
696 70
697 72
698 72
699 79
700 72
701 73
702 69
703 72
704 69
705 68
706 80
707 70
708 75
709 77
710 73
711 74
712 71
713 74
714 81
715 74
716 74
717 73
718 73
719 75
720 68
721 75
722 68
723 66
724 75
725 79
726 71
727 68
728 66
729 71
730 66
731 73
732 70
733 75
734 74
735 74
736 71
737 67
738 73
739 67
740 74
741 69
742 76
743 74
744 77
745 73
746 74
747 65
748 68
749 72
750 67
751 73
752 68
753 73
754 70
755 62
756 69
757 72
758 71
759 70
760 74
761 71
762 76
763 74
764 73
765 75
766 74
767 71
768 72
769 68
770 75
771 73
772 69
773 74
774 73
775 70
776 73
777 73
778 75
779 77
780 66
781 69
782 72
783 70
784 74
785 74
786 70
787 78
788 75
789 67
790 71
791 78
792 73
793 75
794 72
795 76
796 73
797 69
798 67
799 70
800 76
801 73
802 68
803 77
804 72
805 75
806 70
807 73
808 83
809 74
810 73
811 79
812 75
813 73
814 65
815 71
816 67
817 77
818 75
819 71
820 74
821 74
822 70
823 71
824 75
825 69
826 61
827 68
828 69
829 74
830 72
831 75
832 77
833 76
834 77
835 68
836 70
837 80
838 69
839 70
840 76
841 77
842 68
843 67
844 73
845 68
846 69
847 69
848 72
849 69
850 76
851 77
852 71
853 77
854 76
855 70
856 66
857 68
858 76
859 71
860 72
861 70
862 71
863 61
864 67
865 76
866 80
867 71
868 77
869 77
870 67
871 69
872 75
873 73
874 76
875 78
876 74
877 69
878 75
879 76
880 73
881 72
882 71
883 71
884 72
885 73
886 70
887 71
888 72
889 73
890 66
891 63
892 74
893 76
894 65
895 73
896 79
897 73
898 76
899 61
900 71
901 77
902 75
903 74
904 67
905 77
906 79
907 71
908 68
909 72
910 68
911 72
912 68
913 74
914 73
915 77
916 71
917 74
918 73
919 70
920 72
921 75
922 80
923 76
924 69
925 68
926 73
927 73
928 70
929 73
930 68
931 67
932 72
933 69
934 74
935 70
936 67
937 70
938 75
939 77
940 67
941 63
942 70
943 69
944 73
945 74
946 76
947 76
948 75
949 73
950 75
951 72
952 74
953 76
954 68
955 73
956 74
957 76
958 69
959 67
960 78
961 70
962 78
963 72
964 75
965 67
966 72
967 74
968 73
969 68
970 63
971 73
972 73
973 66
974 72
975 74
976 73
977 80
978 70
979 69
980 69
981 76
982 76
983 76
984 70
985 73
986 71
987 80
988 73
989 73
990 76
991 78
992 68
993 70
994 74
995 80
996 68
997 71
998 70
999 77
1000 75
