0 45
1 30
2 31
3 33
4 27
5 34
6 33
7 29
8 31
9 32
10 32
11 35
12 34
13 31
14 29
15 29
16 30
17 29
18 31
19 33
20 33
21 30
22 29
23 28
24 26
25 34
26 27
27 27
28 29
29 30
30 30
31 33
32 32
33 30
34 33
35 33
36 29
37 29
38 29
39 26
40 31
41 30
42 32
43 29
44 32
45 35
46 29
47 31
48 31
49 34
50 31
51 31
52 30
53 32
54 32
55 34
56 32
57 32
58 30
59 34
60 25
61 29
62 32
63 29
64 30
65 29
66 31
67 30
68 29
69 28
70 34
71 32
72 30
73 27
74 33
75 33
76 32
77 31
78 29
79 32
80 33
81 31
82 34
83 27
84 28
85 32
86 31
87 30
88 29
89 30
90 28
91 28
92 31
93 32
94 30
95 31
96 28
97 30
98 33
99 32
100 32
101 30
102 32
103 26
104 32
105 31
106 35
107 31
108 33
109 31
110 32
111 29
112 30
113 32
114 32
115 25
116 33
117 33
118 31
119 32
120 30
121 31
122 30
123 30
124 30
125 30
126 33
127 30
128 32
129 29
130 26
131 28
132 31
133 30
134 31
135 35
136 30
137 30
138 33
139 30
140 32
141 30
142 31
143 32
144 32
145 29
146 32
147 30
148 30
149 32
150 32
151 26
152 29
153 32
154 29
155 28
156 31
157 27
158 31
159 29
160 28
161 29
162 35
163 33
164 32
165 31
166 30
167 33
168 33
169 30
170 30
171 31
172 30
173 34
174 31
175 33
176 29
177 30
178 29
179 32
180 30
181 30
182 33
183 29
184 31
185 32
186 30
187 32
188 31
189 30
190 36
191 34
192 32
193 31
194 33
195 28
196 29
197 31
198 30
199 31
200 31
201 30
202 32
203 31
204 30
205 38
206 33
207 25
208 28
209 33
210 33
211 35
212 30
213 34
214 31
215 31
216 30
217 25
218 33
219 30
220 31
221 34
222 30
223 31
224 27
225 31
226 33
227 31
228 31
229 31
230 31
231 29
232 32
233 32
234 30
235 31
236 35
237 32
238 32
239 28
240 33
241 29
242 33
243 29
244 32
245 30
246 30
247 30
248 30
249 31
250 34
251 29
252 30
253 31
254 26
255 25
256 31
257 31
258 35
259 31
260 29
261 31
262 31
263 32
264 30
265 34
266 31
267 31
268 27
269 34
270 31
271 32
272 34
273 31
274 31
275 32
276 29
277 30
278 32
279 29
280 31
281 28
282 36
283 37
284 32
285 32
286 30
287 28
288 31
289 26
290 31
291 31
292 31
293 30
294 32
295 31
296 32
297 30
298 30
299 29
300 33
301 34
302 34
303 29
304 29
305 30
306 28
307 35
308 31
309 30
310 29
311 33
312 31
313 32
314 33
315 32
316 32
317 30
318 28
319 24
320 26
321 32
322 29
323 33
324 35
325 30
326 31
327 31
328 32
329 30
330 26
331 32
332 29
333 34
334 35
335 33
336 30
337 32
338 29
339 27
340 32
341 29
342 32
343 30
344 33
345 28
346 33
347 35
348 34
349 31
350 29
351 32
352 28
353 30
354 29
355 34
356 26
357 30
358 31
359 33
360 33
361 35
362 31
363 28
364 29
365 31
366 32
367 33
368 29
369 30
370 34
371 27
372 29
373 30
374 31
375 35
376 31
377 28
378 32
379 29
380 31
381 26
382 30
383 34
384 32
385 32
386 30
387 31
388 31
389 31
390 34
391 29
392 31
393 34
394 31
395 32
396 30
397 31
398 31
399 35
400 28
401 28
402 34
403 29
404 28
405 32
406 31
407 30
408 32
409 32
410 34
411 31
412 32
413 33
414 30
415 34
416 29
417 33
418 27
419 31
420 32
421 32
422 29
423 35
424 32
425 28
426 30
427 30
428 29
429 29
430 31
431 29
432 31
433 33
434 32
435 33
436 29
437 32
438 30
439 34
440 33
441 33
442 32
443 27
444 30
445 33
446 29
447 34
448 33
449 32
450 34
451 31
452 31
453 32
454 29
455 30
456 31
457 30
458 31
459 30
460 32
461 33
462 27
463 33
464 29
465 28
466 32
467 34
468 30
469 33
470 31
471 30
472 34
473 30
474 33
475 30
476 29
477 31
478 26
479 31
480 30
481 32
482 34
483 25
484 31
485 29
486 31
487 34
488 31
489 34
490 28
491 33
492 30
493 33
494 32
495 31
496 32
497 29
498 35
499 31
500 30
501 31
502 33
503 31
504 32
505 30
506 34
507 31
508 32
509 29
510 30
511 28
512 31
513 28
514 31
515 31
516 26
517 29
518 27
519 31
520 31
521 32
522 30
523 30
524 29
525 29
526 30
527 29
528 28
529 33
530 33
531 30
532 32
533 29
534 32
535 28
536 35
537 34
538 29
539 30
540 28
541 31
542 35
543 31
544 30
545 30
546 30
547 34
548 30
549 34
550 30
551 29
552 31
553 28
554 32
555 33
556 28
557 34
558 33
559 31
560 30
561 32
562 28
563 31
564 32
565 29
566 32
567 28
568 32
569 31
570 34
571 32
572 32
573 32
574 33
575 30
576 32
577 32
578 30
579 32
580 31
581 33
582 32
583 32
584 33
585 30
586 29
587 28
588 28
589 27
590 34
591 33
592 33
593 33
594 27
595 32
596 34
597 30
598 30
599 34
600 33
601 30
602 34
603 31
604 32
605 29
606 33
607 31
608 29
609 31
610 28
611 34
612 29
613 34
614 29
615 31
616 31
617 30
618 31
619 34
620 35
621 33
622 32
623 30
624 31
625 29
626 31
627 27
628 31
629 29
630 29
631 28
632 32
633 28
634 31
635 29
636 30
637 30
638 33
639 34
640 33
641 31
642 27
643 31
644 32
645 30
646 28
647 32
648 31
649 30
650 31
651 31
652 33
653 32
654 32
655 34
656 32
657 27
658 30
659 29
660 32
661 26
662 32
663 33
664 33
665 32
666 32
667 28
668 29
669 32
670 32
671 32
672 26
673 31
674 32
675 30
676 32
677 29
678 28
679 30
680 29
681 30
682 30
683 30
684 34
685 30
686 30
687 34
688 32
689 34
690 34
691 30
692 31
693 30
694 33
695 33
696 35
697 29
698 34
699 29
700 31
701 30
702 31
703 31
704 33
705 34
706 30
707 35
708 31
709 27
710 34
711 34
712 32
713 31
714 28
715 30
716 33
717 23
718 31
719 30
720 31
721 32
722 32
723 31
724 30
725 30
726 30
727 31
728 32
729 27
730 34
731 31
732 33
733 31
734 31
735 33
736 32
737 31
738 29
739 26
740 30
741 25
742 30
743 30
744 32
745 31
746 33
747 27
748 34
749 25
750 31
751 32
752 32
753 31
754 30
755 32
756 30
757 29
758 28
759 29
760 33
761 34
762 32
763 35
764 32
765 31
766 29
767 26
768 33
769 30
770 33
771 29
772 30
773 27
774 29
775 32
776 33
777 31
778 34
779 28
780 31
781 27
782 31
783 28
784 30
785 29
786 28
787 30
788 30
789 33
790 28
791 31
792 28
793 33
794 34
795 30
796 30
797 30
798 30
799 30
800 28
801 30
802 28
803 31
804 33
805 31
806 31
807 31
808 30
809 33
810 33
811 28
812 31
813 33
814 31
815 30
816 31
817 35
818 34
819 28
820 33
821 33
822 32
823 35
824 30
825 28
826 32
827 32
828 28
829 33
830 28
831 30
832 26
833 32
834 33
835 29
836 35
837 31
838 34
839 31
840 29
841 29
842 28
843 30
844 32
845 32
846 26
847 30
848 31
849 28
850 31
851 33
852 32
853 30
854 33
855 33
856 31
857 32
858 30
859 30
860 29
861 31
862 30
863 30
864 30
865 32
866 29
867 29
868 30
869 30
870 32
871 31
872 28
873 32
874 32
875 29
876 32
877 28
878 29
879 32
880 32
881 27
882 33
883 30
884 35
885 27
886 29
887 29
888 32
889 30
890 34
891 28
892 29
893 30
894 32
895 30
896 34
897 33
898 25
899 32
900 32
901 27
902 32
903 32
904 32
905 28
906 29
907 28
908 31
909 31
910 31
911 32
912 29
913 32
914 34
915 33
916 31
917 28
918 32
919 34
920 28
921 32
922 32
923 29
924 32
925 32
926 30
927 30
928 32
929 33
930 32
931 26
932 34
933 31
934 34
935 26
936 26
937 31
938 33
939 31
940 31
941 32
942 27
943 33
944 30
945 32
946 29
947 31
948 33
949 35
950 33
951 27
952 29
953 30
954 31
955 29
956 30
957 30
958 31
959 30
960 36
961 29
962 31
963 30
964 32
965 32
966 31
967 31
968 28
969 31
970 31
971 32
972 32
973 30
974 31
975 35
976 30
977 32
978 32
979 33
980 32
981 33
982 32
983 28
984 33
985 31
986 32
987 31
988 32
989 31
990 33
991 31
992 28
993 30
994 34
995 31
996 32
997 32
998 26
999 33
1000 31
