0 50
1 45
2 41
3 39
4 36
5 34
6 33
7 31
8 30
9 30
10 27
11 25
12 24
13 23
14 24
15 24
16 24
17 23
18 24
19 24
20 23
21 22
22 22
23 23
24 23
25 23
26 22
27 21
28 20
29 19
30 20
31 20
32 19
33 18
34 18
35 18
36 17
37 18
38 19
39 20
40 21
41 22
42 20
43 20
44 20
45 20
46 22
47 22
48 23
49 23
50 23
51 21
52 21
53 22
54 22
55 20
56 21
57 22
58 21
59 21
60 22
61 21
62 20
63 19
64 19
65 19
66 21
67 21
68 21
69 22
70 21
71 19
72 20
73 19
74 22
75 21
76 22
77 21
78 22
79 22
80 23
81 23
82 24
83 24
84 23
85 21
86 21
87 21
88 22
89 23
90 22
91 23
92 22
93 20
94 21
95 22
96 21
97 20
98 21
99 20
100 20
101 19
102 21
103 22
104 23
105 24
106 25
107 24
108 24
109 25
110 24
111 25
112 24
113 24
114 23
115 22
116 23
117 23
118 23
119 19
120 20
121 18
122 19
123 19
124 20
125 19
126 20
127 20
128 20
129 21
130 23
131 23
132 25
133 24
134 23
135 23
136 22
137 20
138 21
139 22
140 23
141 22
142 24
143 24
144 23
145 24
146 24
147 22
148 22
149 22
150 22
151 22
152 22
153 22
154 23
155 22
156 22
157 20
158 20
159 20
160 20
161 20
162 21
163 22
164 22
165 22
166 23
167 23
168 22
169 19
170 17
171 17
172 16
173 18
174 18
175 18
176 18
177 20
178 20
179 21
180 21
181 21
182 22
183 19
184 19
185 21
186 22
187 22
188 21
189 23
190 24
191 24
192 25
193 26
194 26
195 25
196 24
197 24
198 25
199 25
200 27
201 28
202 28
203 27
204 28
205 28
206 27
207 27
208 25
209 26
210 26
211 25
212 24
213 23
214 24
215 25
216 24
217 25
218 24
219 23
220 23
221 25
222 25
223 24
224 24
225 25
226 25
227 25
228 21
229 22
230 20
231 21
232 21
233 22
234 21
235 20
236 21
237 22
238 22
239 22
240 21
241 20
242 21
243 22
244 23
245 21
246 22
247 22
248 22
249 21
250 21
251 23
252 21
253 23
254 23
255 23
256 23
257 23
258 24
259 25
260 23
261 23
262 22
263 23
264 22
265 20
266 19
267 20
268 17
269 17
270 18
271 18
272 18
273 19
274 18
275 19
276 18
277 18
278 19
279 21
280 18
281 19
282 19
283 18
284 20
285 20
286 21
287 22
288 23
289 21
290 21
291 22
292 23
293 23
294 25
295 24
296 23
297 24
298 22
299 20
300 21
301 22
302 22
303 22
304 21
305 21
306 23
307 23
308 25
309 24
310 25
311 24
312 25
313 27
314 26
315 24
316 23
317 23
318 24
319 23
320 20
321 21
322 21
323 21
324 21
325 20
326 22
327 21
328 22
329 22
330 23
331 23
332 23
333 23
334 22
335 20
336 21
337 21
338 22
339 22
340 22
341 21
342 20
343 21
344 21
345 21
346 23
347 23
348 22
349 22
350 24
351 22
352 23
353 22
354 23
355 23
356 22
357 23
358 24
359 24
360 23
361 22
362 24
363 24
364 22
365 21
366 21
367 20
368 20
369 20
370 21
371 20
372 20
373 22
374 22
375 21
376 20
377 20
378 21
379 20
380 20
381 21
382 21
383 21
384 21
385 19
386 19
387 19
388 21
389 22
390 23
391 24
392 24
393 23
394 24
395 24
396 24
397 23
398 21
399 21
400 21
401 21
402 21
403 20
404 21
405 20
406 19
407 20
408 20
409 19
410 21
411 20
412 21
413 20
414 19
415 20
416 20
417 20
418 18
419 18
420 19
421 20
422 21
423 20
424 19
425 18
426 19
427 19
428 18
429 17
430 18
431 19
432 20
433 19
434 19
435 20
436 20
437 20
438 21
439 21
440 20
441 23
442 24
443 22
444 22
445 21
446 22
447 22
448 22
449 22
450 21
451 24
452 25
453 24
454 23
455 22
456 22
457 22
458 21
459 21
460 21
461 21
462 21
463 21
464 20
465 20
466 20
467 21
468 21
469 21
470 19
471 18
472 17
473 18
474 17
475 17
476 19
477 16
478 16
479 17
480 17
481 15
482 17
483 16
484 16
485 18
486 18
487 17
488 19
489 19
490 19
491 21
492 21
493 19
494 18
495 19
496 20
497 20
498 20
499 19
500 20
501 21
502 21
503 21
504 21
505 19
506 19
507 20
508 20
509 19
510 19
511 20
512 20
513 22
514 19
515 18
516 19
517 19
518 20
519 22
520 19
521 20
522 20
523 20
524 19
525 18
526 18
527 18
528 19
529 19
530 20
531 20
532 22
533 24
534 24
535 22
536 21
537 21
538 21
539 21
540 21
541 20
542 20
543 21
544 21
545 21
546 21
547 20
548 19
549 18
550 18
551 16
552 17
553 17
554 16
555 17
556 20
557 17
558 19
559 18
560 19
561 18
562 18
563 19
564 17
565 19
566 21
567 20
568 21
569 21
570 21
571 20
572 21
573 20
574 21
575 20
576 21
577 22
578 24
579 23
580 22
581 21
582 19
583 19
584 19
585 20
586 22
587 21
588 22
589 22
590 23
591 23
592 23
593 23
594 23
595 23
596 21
597 22
598 23
599 23
600 20
601 21
602 21
603 20
604 21
605 22
606 23
607 20
608 18
609 18
610 17
611 17
612 19
613 18
614 17
615 18
616 18
617 19
618 19
619 20
620 22
621 22
622 23
623 22
624 22
625 22
626 24
627 21
628 23
629 23
630 22
631 21
632 21
633 21
634 21
635 21
636 20
637 20
638 20
639 21
640 23
641 24
642 24
643 23
644 24
645 24
646 23
647 24
648 22
649 21
650 20
651 20
652 20
653 20
654 20
655 19
656 20
657 21
658 22
659 21
660 19
661 19
662 19
663 19
664 16
665 16
666 15
667 14
668 14
669 16
670 15
671 17
672 17
673 16
674 17
675 17
676 19
677 19
678 19
679 20
680 20
681 18
682 15
683 15
684 18
685 18
686 19
687 20
688 20
689 21
690 22
691 22
692 21
693 22
694 20
695 22
696 20
697 19
698 20
699 20
700 20
701 20
702 20
703 18
704 20
705 20
706 21
707 22
708 23
709 23
710 23
711 25
712 26
713 24
714 23
715 22
716 21
717 20
718 20
719 20
720 20
721 19
722 18
723 16
724 16
725 17
726 17
727 17
728 17
729 19
730 19
731 20
732 18
733 19
734 22
735 21
736 20
737 19
738 21
739 21
740 20
741 21
742 20
743 19
744 19
745 19
746 19
747 20
748 21
749 21
750 21
751 21
752 20
753 21
754 21
755 20
756 20
757 21
758 21
759 22
760 19
761 18
762 19
763 20
764 20
765 21
766 21
767 21
768 22
769 22
770 21
771 21
772 20
773 19
774 17
775 17
776 18
777 19
778 20
779 21
780 21
781 21
782 21
783 20
784 22
785 21
786 22
787 21
788 21
789 21
790 23
791 21
792 23
793 23
794 22
795 22
796 21
797 22
798 22
799 21
800 22
801 21
802 21
803 19
804 20
805 19
806 20
807 20
808 21
809 22
810 21
811 19
812 19
813 17
814 17
815 17
816 18
817 17
818 17
819 17
820 17
821 19
822 21
823 21
824 20
825 20
826 19
827 20
828 19
829 20
830 19
831 21
832 21
833 21
834 22
835 23
836 23
837 21
838 20
839 20
840 21
841 21
842 20
843 19
844 21
845 21
846 20
847 21
848 21
849 20
850 18
851 19
852 20
853 21
854 21
855 21
856 20
857 22
858 20
859 22
860 23
861 23
862 22
863 22
864 22
865 22
866 20
867 21
868 20
869 21
870 18
871 19
872 19
873 17
874 16
875 17
876 15
877 17
878 18
879 16
880 17
881 18
882 19
883 20
884 21
885 21
886 21
887 21
888 22
889 22
890 22
891 24
892 24
893 23
894 23
895 24
896 24
897 22
898 23
899 23
900 22
901 21
902 23
903 23
904 24
905 23
906 24
907 23
908 22
909 24
910 23
911 22
912 23
913 21
914 20
915 21
916 22
917 19
918 20
919 22
920 21
921 21
922 19
923 19
924 19
925 19
926 18
927 19
928 20
929 19
930 20
931 19
932 18
933 19
934 18
935 18
936 20
937 21
938 20
939 18
940 19
941 20
942 21
943 21
944 20
945 19
946 20
947 20
948 20
949 21
950 21
951 22
952 23
953 21
954 21
955 23
956 22
957 23
958 24
959 24
960 24
961 22
962 23
963 21
964 21
965 21
966 19
967 20
968 20
969 18
970 19
971 20
972 22
973 22
974 23
975 23
976 22
977 22
978 23
979 22
980 23
981 24
982 25
983 25
984 24
985 22
986 22
987 21
988 21
989 20
990 21
991 20
992 20
993 21
994 23
995 25
996 25
997 27
998 25
999 22
1000 22
