0 70
1 59
2 49
3 47
4 44
5 43
6 46
7 46
8 45
9 49
10 46
11 45
12 45
13 42
14 52
15 43
16 45
17 48
18 47
19 46
20 47
21 52
22 50
23 53
24 54
25 50
26 52
27 46
28 47
29 52
30 52
31 43
32 44
33 49
34 51
35 47
36 49
37 55
38 48
39 49
40 47
41 47
42 44
43 43
44 52
45 51
46 52
47 51
48 49
49 51
50 51
51 48
52 48
53 45
54 45
55 41
56 49
57 50
58 48
59 51
60 51
61 53
62 49
63 50
64 54
65 51
66 46
67 50
68 43
69 48
70 48
71 45
72 49
73 46
74 51
75 52
76 49
77 55
78 57
79 54
80 53
81 49
82 49
83 45
84 46
85 47
86 45
87 48
88 47
89 54
90 54
91 51
92 51
93 57
94 51
95 52
96 55
97 58
98 54
99 49
100 46
101 44
102 45
103 51
104 52
105 51
106 52
107 52
108 50
109 47
110 44
111 47
112 47
113 46
114 43
115 48
116 49
117 53
118 48
119 51
120 49
121 50
122 50
123 50
124 51
125 48
126 50
127 48
128 52
129 52
130 48
131 48
132 45
133 50
134 50
135 48
136 52
137 54
138 50
139 49
140 51
141 56
142 56
143 50
144 45
145 48
146 47
147 49
148 49
149 52
150 51
151 49
152 50
153 45
154 49
155 50
156 46
157 42
158 50
159 41
160 45
161 46
162 54
163 46
164 52
165 54
166 52
167 56
168 58
169 56
170 55
171 54
172 49
173 49
174 52
175 51
176 49
177 51
178 53
179 53
180 47
181 44
182 48
183 54
184 44
185 47
186 52
187 50
188 47
189 47
190 49
191 47
192 48
193 47
194 44
195 51
196 52
197 48
198 46
199 48
200 50
201 46
202 51
203 52
204 53
205 52
206 51
207 48
208 50
209 53
210 47
211 48
212 47
213 53
214 47
215 54
216 55
217 51
218 49
219 48
220 43
221 46
222 43
223 43
224 51
225 47
226 50
227 54
228 47
229 47
230 48
231 49
232 49
233 52
234 52
235 52
236 54
237 46
238 45
239 43
240 46
241 49
242 52
243 54
244 49
245 45
246 45
247 47
248 47
249 50
250 50
251 51
252 50
253 49
254 51
255 53
256 52
257 48
258 48
259 52
260 51
261 48
262 51
263 47
264 48
265 49
266 51
267 51
268 51
269 45
270 47
271 48
272 49
273 56
274 50
275 50
276 50
277 50
278 49
279 46
280 44
281 47
282 47
283 50
284 46
285 45
286 46
287 50
288 51
289 49
290 50
291 51
292 58
293 51
294 52
295 51
296 49
297 51
298 47
299 53
300 51
301 53
302 50
303 47
304 45
305 45
306 43
307 45
308 49
309 47
310 49
311 47
312 49
313 46
314 52
315 51
316 46
317 49
318 45
319 40
320 43
321 44
322 49
323 49
324 50
325 55
326 55
327 55
328 54
329 50
330 45
331 40
332 44
333 48
334 45
335 48
336 48
337 47
338 48
339 48
340 52
341 50
342 47
343 48
344 46
345 47
346 45
347 49
348 49
349 48
350 46
351 45
352 47
353 55
354 46
355 51
356 47
357 44
358 44
359 41
360 38
361 44
362 50
363 51
364 49
365 50
366 52
367 47
368 49
369 49
370 49
371 41
372 42
373 47
374 45
375 46
376 47
377 49
378 51
379 48
380 43
381 42
382 47
383 52
384 49
385 50
386 48
387 50
388 54
389 49
390 44
391 44
392 47
393 47
394 46
395 44
396 47
397 49
398 52
399 49
400 53
401 48
402 52
403 52
404 50
405 54
406 54
407 53
408 49
409 47
410 50
411 51
412 50
413 53
414 49
415 47
416 47
417 51
418 45
419 48
420 53
421 55
422 53
423 53
424 51
425 51
426 51
427 50
428 47
429 47
430 53
431 46
432 51
433 52
434 54
435 52
436 52
437 55
438 49
439 53
440 52
441 49
442 50
443 49
444 47
445 44
446 40
447 45
448 49
449 49
450 51
451 55
452 51
453 50
454 50
455 52
456 46
457 41
458 43
459 46
460 47
461 50
462 53
463 50
464 45
465 49
466 49
467 49
468 52
469 52
470 51
471 53
472 50
473 49
474 44
475 45
476 47
477 52
478 52
479 47
480 42
481 42
482 45
483 49
484 50
485 50
486 47
487 49
488 50
489 50
490 54
491 56
492 54
493 54
494 53
495 49
496 49
497 51
498 55
499 51
500 49
501 49
502 49
503 47
504 41
505 40
506 42
507 44
508 51
509 47
510 46
511 45
512 47
513 49
514 50
515 48
516 50
517 50
518 56
519 55
520 55
521 54
522 55
523 55
524 52
525 51
526 53
527 53
528 52
529 49
530 48
531 53
532 50
533 45
534 47
535 47
536 46
537 48
538 48
539 49
540 52
541 48
542 45
543 45
544 47
545 54
546 49
547 49
548 52
549 54
550 48
551 49
552 48
553 48
554 51
555 50
556 53
557 54
558 51
559 50
560 49
561 49
562 44
563 48
564 45
565 44
566 46
567 48
568 50
569 54
570 55
571 53
572 48
573 53
574 54
575 52
576 51
577 51
578 51
579 56
580 48
581 52
582 49
583 54
584 54
585 46
586 45
587 48
588 50
589 52
590 53
591 57
592 47
593 47
594 49
595 48
596 45
597 46
598 52
599 49
600 48
601 49
602 49
603 50
604 46
605 47
606 49
607 54
608 49
609 44
610 44
611 48
612 50
613 52
614 51
615 55
616 53
617 51
618 49
619 47
620 47
621 47
622 45
623 48
624 52
625 50
626 48
627 52
628 45
629 45
630 45
631 46
632 45
633 50
634 51
635 47
636 46
637 49
638 49
639 50
640 48
641 47
642 49
643 50
644 49
645 47
646 48
647 48
648 50
649 52
650 51
651 45
652 50
653 50
654 46
655 48
656 46
657 48
658 49
659 53
660 48
661 51
662 55
663 53
664 52
665 58
666 51
667 53
668 55
669 49
670 46
671 46
672 49
673 55
674 53
675 49
676 49
677 46
678 46
679 52
680 54
681 47
682 51
683 51
684 54
685 55
686 53
687 52
688 53
689 55
690 52
691 52
692 41
693 48
694 45
695 45
696 47
697 50
698 48
699 51
700 48
701 47
702 44
703 51
704 52
705 50
706 48
707 45
708 44
709 45
710 51
711 49
712 48
713 51
714 46
715 49
716 53
717 52
718 50
719 51
720 51
721 44
722 46
723 47
724 46
725 47
726 47
727 49
728 44
729 46
730 44
731 51
732 50
733 51
734 51
735 55
736 54
737 52
738 53
739 48
740 45
741 48
742 52
743 49
744 53
745 52
746 52
747 47
748 50
749 53
750 48
751 51
752 50
753 51
754 52
755 48
756 46
757 46
758 43
759 49
760 51
761 43
762 45
763 44
764 43
765 50
766 50
767 48
768 47
769 46
770 48
771 51
772 50
773 47
774 50
775 46
776 49
777 42
778 47
779 43
780 42
781 47
782 51
783 49
784 52
785 52
786 48
787 51
788 47
789 47
790 52
791 53
792 54
793 52
794 52
795 51
796 50
797 50
798 51
799 50
800 49
801 44
802 51
803 51
804 53
805 48
806 51
807 50
808 47
809 51
810 49
811 52
812 51
813 51
814 51
815 52
816 52
817 44
818 48
819 50
820 49
821 51
822 51
823 52
824 48
825 43
826 47
827 45
828 45
829 47
830 52
831 51
832 43
833 51
834 48
835 44
836 44
837 47
838 45
839 46
840 43
841 48
842 47
843 51
844 55
845 54
846 50
847 54
848 51
849 50
850 50
851 51
852 47
853 52
854 47
855 42
856 47
857 44
858 50
859 48
860 44
861 48
862 45
863 49
864 49
865 51
866 53
867 52
868 49
869 51
870 51
871 54
872 51
873 53
874 52
875 47
876 47
877 44
878 44
879 48
880 44
881 48
882 48
883 50
884 42
885 44
886 44
887 48
888 50
889 50
890 53
891 51
892 52
893 52
894 51
895 49
896 50
897 55
898 51
899 51
900 45
901 43
902 45
903 48
904 45
905 50
906 48
907 48
908 54
909 52
910 49
911 52
912 49
913 45
914 45
915 45
916 48
917 50
918 50
919 47
920 41
921 45
922 53
923 48
924 51
925 51
926 50
927 51
928 52
929 48
930 49
931 50
932 47
933 48
934 50
935 50
936 51
937 51
938 53
939 53
940 53
941 55
942 51
943 55
944 53
945 53
946 42
947 46
948 50
949 45
950 46
951 41
952 41
953 44
954 45
955 48
956 53
957 53
958 54
959 54
960 49
961 46
962 43
963 44
964 48
965 53
966 46
967 49
968 50
969 43
970 45
971 51
972 47
973 50
974 52
975 55
976 49
977 46
978 45
979 47
980 44
981 45
982 47
983 48
984 49
985 49
986 49
987 48
988 49
989 46
990 51
991 51
992 55
993 53
994 52
995 51
996 51
997 52
998 55
999 49
1000 47
