0 100
1 96
2 95
3 94
4 93
5 91
6 89
7 86
8 85
9 83
10 82
11 81
12 81
13 80
14 79
15 78
16 77
17 76
18 76
19 75
20 74
21 73
22 73
23 73
24 72
25 72
26 71
27 70
28 69
29 68
30 68
31 68
32 67
33 68
34 67
35 67
36 68
37 68
38 68
39 69
40 69
41 69
42 69
43 69
44 69
45 68
46 68
47 66
48 66
49 66
50 67
51 67
52 66
53 66
54 66
55 67
56 66
57 65
58 63
59 62
60 59
61 59
62 59
63 59
64 57
65 57
66 57
67 59
68 59
69 57
70 55
71 57
72 56
73 56
74 56
75 55
76 54
77 54
78 55
79 55
80 54
81 54
82 54
83 54
84 55
85 54
86 53
87 53
88 52
89 53
90 54
91 54
92 54
93 53
94 53
95 52
96 54
97 54
98 53
99 53
100 52
101 52
102 51
103 51
104 52
105 52
106 52
107 52
108 50
109 50
110 51
111 51
112 50
113 49
114 49
115 50
116 50
117 49
118 50
119 49
120 48
121 48
122 48
123 48
124 49
125 49
126 48
127 48
128 51
129 51
130 52
131 51
132 51
133 51
134 51
135 51
136 51
137 51
138 51
139 51
140 52
141 53
142 53
143 53
144 55
145 53
146 53
147 52
148 52
149 52
150 51
151 52
152 51
153 51
154 52
155 53
156 53
157 55
158 55
159 55
160 55
161 55
162 55
163 57
164 58
165 59
166 59
167 59
168 58
169 58
170 57
171 59
172 59
173 60
174 59
175 59
176 59
177 59
178 61
179 60
180 61
181 61
182 62
183 62
184 61
185 61
186 62
187 61
188 62
189 63
190 62
191 61
192 61
193 62
194 61
195 61
196 61
197 62
198 64
199 65
200 64
201 64
202 65
203 64
204 63
205 62
206 61
207 62
208 61
209 61
210 62
211 62
212 62
213 62
214 62
215 61
216 61
217 61
218 62
219 63
220 62
221 62
222 63
223 60
224 59
225 60
226 60
227 60
228 61
229 61
230 61
231 59
232 59
233 59
234 56
235 58
236 58
237 60
238 57
239 55
240 54
241 54
242 54
243 53
244 54
245 55
246 55
247 55
248 55
249 56
250 56
251 56
252 57
253 56
254 56
255 56
256 56
257 58
258 58
259 56
260 57
261 58
262 55
263 56
264 56
265 55
266 56
267 56
268 56
269 56
270 57
271 58
272 57
273 57
274 60
275 60
276 59
277 57
278 56
279 54
280 54
281 54
282 54
283 55
284 56
285 55
286 54
287 56
288 57
289 55
290 55
291 53
292 52
293 52
294 52
295 51
296 51
297 52
298 53
299 55
300 56
301 56
302 54
303 54
304 54
305 54
306 55
307 54
308 53
309 53
310 53
311 53
312 53
313 53
314 53
315 52
316 52
317 51
318 53
319 53
320 52
321 52
322 51
323 51
324 51
325 53
326 53
327 53
328 53
329 55
330 58
331 57
332 58
333 59
334 58
335 57
336 55
337 55
338 56
339 55
340 54
341 53
342 52
343 52
344 52
345 52
346 49
347 49
348 49
349 48
350 49
351 49
352 49
353 49
354 49
355 49
356 49
357 48
358 50
359 50
360 50
361 50
362 47
363 48
364 49
365 49
366 51
367 49
368 48
369 48
370 46
371 47
372 49
373 48
374 47
375 47
376 46
377 46
378 46
379 46
380 46
381 49
382 48
383 48
384 47
385 49
386 50
387 52
388 54
389 53
390 53
391 51
392 52
393 53
394 54
395 54
396 54
397 54
398 52
399 52
400 53
401 54
402 52
403 51
404 51
405 51
406 51
407 53
408 53
409 55
410 52
411 53
412 53
413 53
414 52
415 51
416 51
417 50
418 50
419 50
420 50
421 49
422 50
423 52
424 53
425 54
426 55
427 55
428 56
429 57
430 60
431 61
432 62
433 61
434 61
435 59
436 58
437 58
438 58
439 58
440 58
441 56
442 56
443 55
444 54
445 54
446 55
447 55
448 55
449 56
450 55
451 54
452 55
453 54
454 55
455 55
456 54
457 54
458 55
459 56
460 56
461 56
462 57
463 57
464 57
465 58
466 58
467 58
468 58
469 60
470 61
471 62
472 62
473 61
474 61
475 62
476 61
477 61
478 60
479 60
480 60
481 60
482 61
483 61
484 61
485 62
486 60
487 59
488 60
489 61
490 60
491 58
492 57
493 56
494 56
495 58
496 59
497 59
498 60
499 61
500 61
501 61
502 61
503 61
504 60
505 61
506 60
507 60
508 61
509 62
510 60
511 58
512 60
513 59
514 58
515 57
516 58
517 59
518 60
519 59
520 60
521 59
522 61
523 60
524 59
525 58
526 60
527 61
528 61
529 59
530 59
531 57
532 58
533 59
534 58
535 58
536 59
537 59
538 59
539 58
540 58
541 57
542 57
543 57
544 58
545 57
546 57
547 57
548 57
549 57
550 54
551 54
552 53
553 53
554 52
555 51
556 51
557 50
558 50
559 52
560 52
561 51
562 52
563 50
564 50
565 50
566 51
567 51
568 50
569 49
570 50
571 50
572 51
573 51
574 51
575 51
576 50
577 50
578 49
579 49
580 48
581 47
582 47
583 47
584 46
585 47
586 47
587 46
588 47
589 48
590 49
591 49
592 50
593 50
594 50
595 51
596 51
597 50
598 50
599 48
600 49
601 50
602 50
603 52
604 52
605 53
606 51
607 54
608 54
609 54
610 55
611 56
612 56
613 57
614 58
615 58
616 59
617 59
618 59
619 58
620 58
621 58
622 59
623 60
624 58
625 59
626 60
627 59
628 59
629 58
630 57
631 56
632 57
633 57
634 57
635 56
636 58
637 58
638 59
639 59
640 60
641 60
642 60
643 58
644 55
645 54
646 55
647 54
648 55
649 53
650 52
651 53
652 53
653 54
654 54
655 55
656 53
657 54
658 56
659 56
660 55
661 53
662 53
663 53
664 53
665 53
666 53
667 52
668 51
669 51
670 51
671 53
672 55
673 56
674 57
675 58
676 60
677 58
678 58
679 59
680 59
681 59
682 59
683 59
684 61
685 60
686 61
687 61
688 62
689 62
690 60
691 61
692 61
693 61
694 63
695 64
696 63
697 61
698 63
699 64
700 64
701 64
702 63
703 62
704 61
705 61
706 60
707 61
708 62
709 63
710 63
711 63
712 62
713 62
714 62
715 62
716 61
717 61
718 61
719 61
720 62
721 61
722 60
723 62
724 61
725 59
726 58
727 59
728 60
729 60
730 62
731 61
732 60
733 60
734 62
735 58
736 59
737 59
738 59
739 61
740 61
741 61
742 61
743 60
744 61
745 62
746 62
747 62
748 59
749 60
750 59
751 60
752 58
753 57
754 56
755 55
756 55
757 54
758 53
759 55
760 54
761 54
762 55
763 56
764 56
765 55
766 54
767 54
768 56
769 58
770 57
771 57
772 57
773 57
774 55
775 55
776 55
777 54
778 53
779 53
780 53
781 52
782 52
783 55
784 56
785 56
786 55
787 56
788 57
789 59
790 59
791 59
792 58
793 59
794 59
795 60
796 60
797 60
798 58
799 58
800 58
801 57
802 56
803 59
804 59
805 60
806 60
807 59
808 58
809 57
810 57
811 56
812 56
813 56
814 56
815 56
816 55
817 56
818 56
819 56
820 56
821 56
822 56
823 55
824 54
825 53
826 52
827 52
828 52
829 54
830 56
831 56
832 57
833 58
834 58
835 59
836 59
837 58
838 57
839 58
840 59
841 59
842 59
843 58
844 57
845 57
846 57
847 57
848 57
849 57
850 56
851 56
852 56
853 55
854 56
855 56
856 54
857 53
858 54
859 54
860 56
861 56
862 55
863 55
864 55
865 56
866 54
867 55
868 55
869 54
870 54
871 55
872 54
873 55
874 54
875 54
876 53
877 53
878 54
879 56
880 57
881 59
882 59
883 58
884 59
885 60
886 60
887 58
888 58
889 58
890 57
891 59
892 59
893 59
894 59
895 56
896 55
897 55
898 54
899 54
900 54
901 55
902 56
903 54
904 54
905 54
906 51
907 51
908 54
909 54
910 54
911 55
912 55
913 53
914 54
915 54
916 53
917 53
918 54
919 55
920 57
921 57
922 57
923 54
924 54
925 56
926 57
927 57
928 56
929 57
930 57
931 57
932 56
933 55
934 54
935 55
936 55
937 55
938 55
939 56
940 55
941 55
942 55
943 54
944 54
945 52
946 54
947 54
948 56
949 57
950 57
951 59
952 59
953 59
954 60
955 61
956 61
957 60
958 60
959 61
960 61
961 62
962 62
963 62
964 62
965 62
966 60
967 58
968 58
969 57
970 58
971 59
972 59
973 59
974 58
975 57
976 56
977 57
978 55
979 57
980 57
981 57
982 58
983 59
984 58
985 59
986 60
987 61
988 62
989 62
990 62
991 63
992 63
993 62
994 62
995 62
996 62
997 60
998 60
999 61
1000 61
