0 100
1 80
2 72
3 73
4 74
5 72
6 68
7 65
8 66
9 65
10 68
11 65
12 65
13 65
14 69
15 70
16 70
17 65
18 67
19 67
20 67
21 68
22 69
23 65
24 58
25 57
26 63
27 65
28 61
29 69
30 65
31 72
32 62
33 60
34 66
35 66
36 69
37 67
38 68
39 67
40 70
41 64
42 70
43 70
44 71
45 68
46 66
47 60
48 61
49 62
50 65
51 63
52 66
53 71
54 69
55 69
56 67
57 63
58 68
59 71
60 63
61 68
62 68
63 67
64 69
65 70
66 65
67 68
68 68
69 67
70 63
71 67
72 68
73 65
74 67
75 68
76 69
77 69
78 65
79 65
80 67
81 69
82 63
83 66
84 68
85 67
86 71
87 69
88 71
89 65
90 65
91 65
92 67
93 65
94 68
95 67
96 66
97 63
98 70
99 64
100 69
101 70
102 72
103 67
104 67
105 63
106 65
107 66
108 63
109 62
110 69
111 68
112 67
113 67
114 64
115 65
116 63
117 65
118 69
119 70
120 65
121 69
122 64
123 65
124 64
125 67
126 67
127 65
128 61
129 58
130 69
131 70
132 70
133 68
134 67
135 71
136 71
137 64
138 64
139 60
140 67
141 65
142 69
143 66
144 67
145 66
146 68
147 69
148 70
149 70
150 68
151 70
152 65
153 67
154 67
155 66
156 65
157 64
158 61
159 66
160 62
161 65
162 66
163 64
164 65
165 67
166 69
167 64
168 62
169 72
170 71
171 68
172 69
173 71
174 70
175 70
176 67
177 68
178 65
179 68
180 65
181 71
182 71
183 71
184 71
185 69
186 63
187 64
188 67
189 66
190 67
191 66
192 62
193 63
194 66
195 67
196 61
197 71
198 71
199 71
200 72
201 66
202 68
203 68
204 70
205 70
206 71
207 68
208 72
209 70
210 73
211 69
212 71
213 68
214 70
215 69
216 69
217 73
218 68
219 68
220 70
221 66
222 63
223 62
224 67
225 66
226 66
227 68
228 68
229 66
230 66
231 65
232 67
233 73
234 68
235 71
236 69
237 66
238 67
239 67
240 71
241 65
242 64
243 66
244 69
245 64
246 68
247 66
248 65
249 70
250 70
251 67
252 66
253 65
254 64
255 67
256 69
257 64
258 64
259 67
260 64
261 63
262 63
263 66
264 62
265 66
266 67
267 62
268 66
269 68
270 68
271 68
272 68
273 68
274 72
275 66
276 68
277 62
278 61
279 64
280 69
281 68
282 67
283 69
284 68
285 69
286 66
287 69
288 64
289 64
290 66
291 70
292 69
293 67
294 59
295 60
296 67
297 66
298 68
299 73
300 72
301 67
302 66
303 64
304 68
305 67
306 68
307 64
308 63
309 65
310 68
311 65
312 63
313 61
314 65
315 69
316 66
317 60
318 63
319 60
320 61
321 61
322 64
323 62
324 64
325 66
326 66
327 69
328 68
329 66
330 71
331 73
332 71
333 66
334 69
335 65
336 67
337 64
338 67
339 74
340 69
341 66
342 66
343 65
344 65
345 68
346 63
347 66
348 70
349 67
350 67
351 71
352 69
353 65
354 65
355 69
356 62
357 62
358 62
359 67
360 65
361 67
362 68
363 68
364 65
365 66
366 69
367 68
368 70
369 66
370 70
371 70
372 65
373 67
374 68
375 64
376 64
377 67
378 67
379 64
380 66
381 71
382 66
383 57
384 61
385 60
386 67
387 62
388 68
389 67
390 65
391 64
392 63
393 61
394 64
395 69
396 66
397 63
398 62
399 64
400 67
401 69
402 69
403 68
404 65
405 67
406 66
407 66
408 71
409 72
410 67
411 70
412 69
413 66
414 64
415 66
416 70
417 67
418 66
419 67
420 61
421 62
422 61
423 62
424 69
425 67
426 68
427 67
428 68
429 69
430 69
431 72
432 72
433 73
434 67
435 67
436 66
437 67
438 68
439 67
440 64
441 66
442 61
443 63
444 65
445 67
446 70
447 69
448 70
449 70
450 70
451 63
452 68
453 68
454 66
455 65
456 66
457 66
458 64
459 67
460 65
461 68
462 67
463 64
464 65
465 64
466 68
467 67
468 67
469 64
470 68
471 64
472 69
473 67
474 70
475 70
476 58
477 61
478 59
479 67
480 66
481 68
482 70
483 62
484 67
485 64
486 62
487 67
488 68
489 67
490 66
491 64
492 67
493 66
494 65
495 67
496 69
497 69
498 69
499 67
500 66
501 65
502 70
503 71
504 66
505 69
506 66
507 65
508 64
509 63
510 67
511 67
512 66
513 63
514 65
515 66
516 68
517 68
518 71
519 71
520 71
521 67
522 71
523 71
524 71
525 66
526 69
527 68
528 72
529 69
530 72
531 70
532 65
533 68
534 70
535 68
536 68
537 68
538 68
539 66
540 71
541 68
542 66
543 64
544 70
545 62
546 67
547 71
548 65
549 65
550 65
551 66
552 70
553 71
554 65
555 70
556 68
557 68
558 69
559 70
560 67
561 68
562 66
563 65
564 69
565 63
566 65
567 72
568 69
569 67
570 69
571 69
572 67
573 67
574 66
575 66
576 70
577 68
578 66
579 63
580 64
581 61
582 63
583 65
584 64
585 63
586 66
587 67
588 62
589 67
590 67
591 66
592 65
593 66
594 65
595 68
596 61
597 61
598 68
599 68
600 66
601 72
602 66
603 70
604 64
605 57
606 62
607 63
608 66
609 66
610 69
611 67
612 69
613 69
614 69
615 72
616 67
617 64
618 69
619 69
620 67
621 63
622 63
623 67
624 67
625 72
626 72
627 69
628 64
629 69
630 71
631 68
632 62
633 66
634 71
635 66
636 69
637 65
638 67
639 65
640 63
641 68
642 59
643 63
644 68
645 68
646 69
647 70
648 73
649 65
650 65
651 65
652 64
653 70
654 66
655 70
656 65
657 67
658 63
659 63
660 65
661 69
662 63
663 65
664 64
665 67
666 68
667 69
668 69
669 69
670 65
671 69
672 66
673 68
674 73
675 73
676 69
677 66
678 71
679 64
680 67
681 67
682 69
683 67
684 67
685 68
686 66
687 67
688 72
689 65
690 61
691 65
692 67
693 70
694 67
695 65
696 68
697 68
698 66
699 63
700 68
701 64
702 61
703 63
704 63
705 67
706 71
707 69
708 59
709 61
710 66
711 67
712 67
713 67
714 67
715 69
716 69
717 70
718 66
719 68
720 61
721 63
722 64
723 65
724 68
725 70
726 68
727 70
728 66
729 68
730 64
731 61
732 65
733 67
734 69
735 66
736 67
737 68
738 67
739 71
740 67
741 68
742 63
743 69
744 67
745 65
746 64
747 68
748 67
749 69
750 62
751 66
752 60
753 65
754 67
755 68
756 68
757 64
758 62
759 63
760 62
761 63
762 64
763 67
764 66
765 64
766 66
767 69
768 72
769 73
770 62
771 66
772 68
773 62
774 68
775 69
776 68
777 71
778 72
779 70
780 69
781 64
782 66
783 70
784 66
785 67
786 69
787 71
788 68
789 67
790 67
791 71
792 70
793 70
794 65
795 68
796 71
797 72
798 71
799 64
800 65
801 66
802 67
803 67
804 75
805 74
806 72
807 67
808 61
809 65
810 66
811 64
812 63
813 66
814 65
815 62
816 66
817 68
818 64
819 63
820 70
821 63
822 62
823 60
824 64
825 65
826 64
827 67
828 62
829 67
830 70
831 63
832 67
833 68
834 66
835 64
836 64
837 71
838 67
839 69
840 63
841 61
842 61
843 62
844 63
845 68
846 69
847 65
848 69
849 70
850 63
851 64
852 65
853 66
854 63
855 65
856 68
857 69
858 69
859 71
860 68
861 71
862 70
863 70
864 70
865 67
866 63
867 68
868 65
869 67
870 69
871 67
872 65
873 63
874 65
875 63
876 68
877 72
878 65
879 63
880 64
881 66
882 71
883 69
884 66
885 67
886 66
887 67
888 62
889 68
890 65
891 62
892 67
893 65
894 69
895 68
896 68
897 67
898 65
899 66
900 66
901 70
902 71
903 64
904 65
905 72
906 74
907 67
908 72
909 70
910 69
911 71
912 65
913 67
914 66
915 68
916 68
917 66
918 70
919 67
920 68
921 64
922 61
923 69
924 65
925 67
926 70
927 68
928 64
929 67
930 66
931 69
932 67
933 70
934 68
935 66
936 66
937 59
938 60
939 65
940 62
941 61
942 60
943 67
944 65
945 66
946 67
947 69
948 68
949 69
950 70
951 68
952 68
953 68
954 67
955 63
956 63
957 68
958 64
959 67
960 64
961 66
962 65
963 64
964 69
965 69
966 65
967 68
968 68
969 70
970 65
971 68
972 66
973 62
974 62
975 61
976 71
977 66
978 66
979 63
980 67
981 68
982 67
983 67
984 68
985 66
986 67
987 64
988 65
989 67
990 62
991 70
992 67
993 65
994 64
995 69
996 70
997 70
998 71
999 71
1000 69
