0 85
1 60
2 54
3 57
4 62
5 60
6 58
7 63
8 59
9 57
10 56
11 62
12 58
13 55
14 60
15 59
16 64
17 59
18 60
19 55
20 62
21 61
22 61
23 59
24 57
25 62
26 56
27 63
28 62
29 62
30 60
31 56
32 55
33 60
34 60
35 58
36 64
37 62
38 58
39 54
40 62
41 62
42 59
43 62
44 60
45 63
46 63
47 61
48 57
49 63
50 60
51 56
52 58
53 60
54 64
55 58
56 57
57 64
58 56
59 61
60 66
61 61
62 62
63 57
64 59
65 63
66 61
67 55
68 62
69 60
70 58
71 62
72 52
73 58
74 62
75 58
76 58
77 59
78 57
79 58
80 58
81 63
82 60
83 59
84 59
85 60
86 57
87 61
88 60
89 57
90 57
91 66
92 61
93 55
94 56
95 61
96 62
97 57
98 55
99 56
100 59
101 59
102 57
103 60
104 59
105 65
106 63
107 60
108 61
109 61
110 63
111 57
112 60
113 58
114 58
115 52
116 61
117 53
118 59
119 59
120 60
121 60
122 63
123 55
124 63
125 62
126 62
127 62
128 60
129 59
130 59
131 61
132 55
133 60
134 61
135 55
136 63
137 60
138 62
139 60
140 58
141 59
142 58
143 57
144 53
145 60
146 61
147 62
148 56
149 55
150 57
151 57
152 60
153 59
154 61
155 60
156 57
157 61
158 61
159 60
160 51
161 52
162 60
163 64
164 62
165 59
166 62
167 62
168 61
169 57
170 57
171 58
172 63
173 59
174 54
175 65
176 60
177 54
178 59
179 55
180 57
181 63
182 58
183 58
184 53
185 59
186 63
187 58
188 55
189 60
190 58
191 58
192 64
193 54
194 58
195 60
196 61
197 55
198 59
199 60
200 60
201 51
202 56
203 59
204 61
205 59
206 63
207 66
208 57
209 57
210 61
211 59
212 56
213 58
214 57
215 61
216 61
217 61
218 56
219 58
220 54
221 61
222 64
223 57
224 59
225 59
226 59
227 57
228 57
229 63
230 61
231 59
232 56
233 57
234 54
235 60
236 61
237 61
238 61
239 58
240 61
241 62
242 59
243 57
244 59
245 58
246 60
247 56
248 63
249 51
250 63
251 57
252 60
253 62
254 58
255 61
256 57
257 57
258 58
259 62
260 57
261 58
262 58
263 62
264 60
265 61
266 55
267 60
268 63
269 59
270 57
271 62
272 62
273 60
274 58
275 61
276 61
277 58
278 55
279 61
280 59
281 60
282 64
283 58
284 53
285 60
286 58
287 56
288 60
289 57
290 60
291 66
292 58
293 63
294 57
295 58
296 63
297 59
298 58
299 60
300 58
301 62
302 60
303 57
304 55
305 60
306 55
307 61
308 66
309 57
310 61
311 60
312 61
313 63
314 61
315 64
316 62
317 65
318 60
319 57
320 62
321 63
322 53
323 59
324 63
325 59
326 60
327 58
328 59
329 63
330 58
331 57
332 61
333 62
334 59
335 62
336 62
337 58
338 60
339 61
340 58
341 62
342 59
343 59
344 61
345 59
346 61
347 60
348 58
349 60
350 59
351 64
352 63
353 54
354 55
355 60
356 62
357 60
358 57
359 58
360 59
361 58
362 57
363 59
364 60
365 63
366 59
367 62
368 58
369 61
370 57
371 59
372 58
373 61
374 58
375 61
376 56
377 64
378 63
379 58
380 62
381 54
382 63
383 58
384 57
385 60
386 55
387 62
388 67
389 60
390 58
391 56
392 60
393 61
394 55
395 60
396 65
397 58
398 58
399 58
400 55
401 58
402 58
403 55
404 56
405 56
406 60
407 61
408 59
409 56
410 63
411 56
412 61
413 57
414 61
415 61
416 61
417 62
418 56
419 52
420 59
421 59
422 62
423 60
424 62
425 57
426 58
427 63
428 62
429 54
430 62
431 60
432 52
433 60
434 61
435 61
436 62
437 66
438 57
439 55
440 58
441 62
442 59
443 59
444 58
445 62
446 59
447 62
448 56
449 59
450 54
451 62
452 64
453 60
454 56
455 61
456 58
457 55
458 60
459 64
460 55
461 58
462 62
463 61
464 59
465 57
466 63
467 59
468 56
469 58
470 62
471 58
472 53
473 55
474 66
475 64
476 63
477 54
478 60
479 61
480 55
481 60
482 55
483 61
484 59
485 62
486 57
487 59
488 60
489 60
490 60
491 60
492 55
493 56
494 62
495 61
496 60
497 55
498 58
499 58
500 62
501 64
502 60
503 56
504 58
505 56
506 67
507 64
508 58
509 55
510 63
511 60
512 65
513 60
514 62
515 59
516 63
517 55
518 57
519 59
520 61
521 56
522 58
523 64
524 56
525 60
526 61
527 64
528 61
529 65
530 56
531 62
532 66
533 59
534 63
535 64
536 64
537 64
538 62
539 57
540 61
541 59
542 57
543 57
544 55
545 59
546 62
547 62
548 60
549 59
550 59
551 62
552 58
553 59
554 57
555 62
556 55
557 62
558 58
559 59
560 59
561 60
562 57
563 59
564 57
565 53
566 63
567 66
568 63
569 57
570 60
571 57
572 59
573 58
574 57
575 56
576 56
577 64
578 56
579 63
580 63
581 60
582 60
583 64
584 58
585 53
586 51
587 57
588 62
589 56
590 65
591 61
592 60
593 54
594 59
595 54
596 56
597 55
598 61
599 57
600 57
601 64
602 57
603 59
604 55
605 58
606 63
607 61
608 60
609 58
610 60
611 59
612 62
613 58
614 59
615 59
616 61
617 62
618 61
619 65
620 60
621 61
622 61
623 62
624 60
625 56
626 61
627 52
628 59
629 55
630 60
631 61
632 57
633 62
634 58
635 56
636 64
637 58
638 64
639 60
640 58
641 60
642 59
643 56
644 60
645 62
646 56
647 60
648 59
649 59
650 61
651 54
652 61
653 63
654 57
655 63
656 55
657 59
658 65
659 59
660 58
661 59
662 56
663 60
664 52
665 59
666 60
667 58
668 59
669 65
670 64
671 58
672 62
673 61
674 65
675 61
676 54
677 63
678 61
679 62
680 61
681 59
682 61
683 63
684 59
685 56
686 61
687 61
688 66
689 64
690 56
691 63
692 65
693 57
694 58
695 64
696 58
697 58
698 59
699 62
700 60
701 60
702 59
703 65
704 59
705 58
706 61
707 62
708 60
709 62
710 57
711 60
712 57
713 67
714 61
715 61
716 63
717 63
718 54
719 60
720 61
721 60
722 63
723 64
724 60
725 60
726 58
727 57
728 58
729 57
730 59
731 55
732 58
733 61
734 58
735 56
736 62
737 53
738 60
739 59
740 59
741 57
742 61
743 59
744 61
745 59
746 59
747 59
748 64
749 57
750 56
751 62
752 59
753 60
754 62
755 58
756 62
757 61
758 59
759 59
760 60
761 60
762 58
763 57
764 59
765 53
766 54
767 58
768 60
769 61
770 58
771 60
772 59
773 60
774 61
775 58
776 61
777 61
778 59
779 59
780 58
781 59
782 62
783 59
784 60
785 61
786 62
787 58
788 57
789 62
790 54
791 58
792 62
793 59
794 58
795 57
796 60
797 54
798 60
799 59
800 58
801 60
802 60
803 60
804 60
805 53
806 62
807 59
808 60
809 60
810 58
811 61
812 62
813 62
814 59
815 62
816 62
817 63
818 56
819 63
820 57
821 57
822 59
823 59
824 60
825 59
826 61
827 52
828 63
829 61
830 58
831 61
832 62
833 61
834 59
835 61
836 59
837 60
838 64
839 61
840 61
841 61
842 60
843 66
844 56
845 58
846 55
847 53
848 58
849 56
850 63
851 57
852 63
853 63
854 57
855 61
856 61
857 61
858 61
859 62
860 60
861 61
862 62
863 60
864 59
865 63
866 63
867 61
868 58
869 51
870 59
871 63
872 57
873 58
874 62
875 59
876 60
877 58
878 60
879 59
880 53
881 61
882 60
883 56
884 56
885 59
886 65
887 60
888 60
889 54
890 57
891 59
892 64
893 53
894 61
895 61
896 60
897 57
898 64
899 57
900 56
901 65
902 58
903 61
904 58
905 60
906 56
907 62
908 54
909 54
910 63
911 58
912 62
913 56
914 63
915 61
916 60
917 60
918 63
919 63
920 59
921 63
922 60
923 62
924 60
925 55
926 64
927 62
928 55
929 65
930 59
931 60
932 65
933 59
934 54
935 63
936 58
937 60
938 61
939 61
940 63
941 58
942 63
943 62
944 61
945 62
946 52
947 59
948 60
949 56
950 61
951 56
952 59
953 58
954 61
955 58
956 64
957 61
958 57
959 61
960 60
961 55
962 61
963 60
964 60
965 62
966 59
967 58
968 57
969 59
970 61
971 61
972 64
973 58
974 61
975 66
976 59
977 56
978 59
979 61
980 60
981 60
982 58
983 61
984 62
985 56
986 54
987 59
988 61
989 56
990 61
991 56
992 60
993 63
994 57
995 62
996 55
997 59
998 63
999 58
1000 58
