0 50
1 36
2 32
3 30
4 31
5 29
6 32
7 33
8 29
9 32
10 32
11 32
12 32
13 30
14 34
15 33
16 34
17 31
18 29
19 32
20 35
21 33
22 35
23 32
24 32
25 31
26 30
27 32
28 31
29 30
30 34
31 28
32 30
33 28
34 34
35 34
36 32
37 34
38 28
39 35
40 33
41 30
42 31
43 33
44 35
45 33
46 30
47 33
48 33
49 34
50 32
51 34
52 34
53 33
54 29
55 30
56 31
57 35
58 36
59 31
60 31
61 34
62 35
63 32
64 33
65 33
66 34
67 34
68 37
69 27
70 31
71 33
72 30
73 34
74 25
75 33
76 34
77 34
78 32
79 33
80 33
81 34
82 34
83 36
84 32
85 34
86 32
87 35
88 33
89 34
90 34
91 32
92 33
93 34
94 32
95 32
96 32
97 33
98 32
99 33
100 33
101 33
102 31
103 30
104 32
105 32
106 35
107 35
108 33
109 31
110 36
111 33
112 29
113 32
114 34
115 33
116 35
117 31
118 32
119 34
120 37
121 35
122 30
123 32
124 30
125 33
126 33
127 37
128 35
129 32
130 34
131 30
132 33
133 33
134 33
135 32
136 33
137 30
138 36
139 34
140 28
141 32
142 30
143 32
144 34
145 33
146 31
147 31
148 35
149 33
150 33
151 33
152 28
153 31
154 33
155 36
156 33
157 35
158 32
159 36
160 29
161 35
162 28
163 33
164 33
165 29
166 30
167 30
168 34
169 33
170 34
171 33
172 28
173 32
174 32
175 33
176 33
177 33
178 29
179 34
180 32
181 33
182 33
183 33
184 35
185 32
186 31
187 34
188 32
189 33
190 31
191 31
192 31
193 33
194 34
195 30
196 33
197 36
198 31
199 32
200 35
201 36
202 32
203 31
204 33
205 31
206 33
207 30
208 31
209 36
210 32
211 33
212 31
213 35
214 33
215 33
216 32
217 34
218 32
219 33
220 33
221 31
222 30
223 36
224 32
225 32
226 30
227 30
228 32
229 32
230 34
231 31
232 28
233 31
234 34
235 31
236 36
237 33
238 34
239 31
240 30
241 31
242 33
243 34
244 33
245 33
246 33
247 36
248 32
249 32
250 30
251 29
252 33
253 32
254 31
255 31
256 34
257 31
258 33
259 33
260 34
261 30
262 31
263 32
264 35
265 35
266 33
267 35
268 34
269 33
270 33
271 35
272 36
273 34
274 33
275 31
276 31
277 31
278 31
279 34
280 31
281 33
282 33
283 34
284 32
285 32
286 37
287 31
288 30
289 34
290 36
291 31
292 31
293 33
294 33
295 34
296 29
297 34
298 33
299 32
300 30
301 36
302 31
303 31
304 34
305 34
306 33
307 34
308 30
309 31
310 32
311 33
312 30
313 36
314 36
315 32
316 30
317 31
318 32
319 31
320 32
321 32
322 31
323 31
324 33
325 34
326 34
327 31
328 35
329 34
330 32
331 34
332 34
333 31
334 32
335 34
336 33
337 33
338 36
339 34
340 28
341 33
342 32
343 34
344 34
345 30
346 34
347 34
348 30
349 32
350 33
351 32
352 32
353 34
354 31
355 32
356 33
357 31
358 31
359 31
360 35
361 34
362 33
363 34
364 34
365 29
366 30
367 29
368 31
369 30
370 30
371 33
372 37
373 32
374 34
375 34
376 30
377 29
378 29
379 29
380 32
381 33
382 32
383 32
384 30
385 31
386 35
387 29
388 34
389 31
390 37
391 33
392 32
393 35
394 34
395 31
396 34
397 29
398 31
399 31
400 35
401 35
402 32
403 33
404 30
405 34
406 34
407 30
408 34
409 29
410 30
411 32
412 35
413 32
414 34
415 31
416 34
417 37
418 35
419 27
420 31
421 33
422 32
423 32
424 31
425 32
426 33
427 35
428 34
429 32
430 30
431 28
432 30
433 34
434 32
435 29
436 31
437 32
438 33
439 35
440 30
441 29
442 27
443 28
444 32
445 34
446 36
447 32
448 33
449 31
450 34
451 36
452 36
453 32
454 34
455 32
456 31
457 34
458 33
459 34
460 34
461 36
462 33
463 32
464 33
465 35
466 32
467 31
468 34
469 29
470 29
471 35
472 32
473 31
474 34
475 29
476 33
477 30
478 33
479 34
480 32
481 33
482 28
483 32
484 34
485 34
486 35
487 29
488 27
489 33
490 33
491 35
492 32
493 35
494 34
495 34
496 33
497 30
498 29
499 32
500 29
501 34
502 30
503 31
504 34
505 31
506 33
507 36
508 33
509 34
510 31
511 30
512 33
513 33
514 34
515 32
516 32
517 34
518 34
519 33
520 32
521 30
522 31
523 33
524 33
525 33
526 33
527 33
528 33
529 33
530 34
531 36
532 32
533 32
534 37
535 33
536 32
537 32
538 33
539 33
540 33
541 28
542 29
543 32
544 31
545 30
546 33
547 30
548 33
549 33
550 33
551 34
552 33
553 31
554 33
555 33
556 31
557 34
558 33
559 32
560 32
561 29
562 34
563 34
564 31
565 32
566 33
567 31
568 36
569 32
570 35
571 33
572 35
573 34
574 33
575 29
576 31
577 33
578 32
579 36
580 31
581 32
582 33
583 32
584 34
585 34
586 35
587 29
588 29
589 33
590 33
591 31
592 33
593 36
594 35
595 32
596 32
597 35
598 38
599 33
600 35
601 35
602 31
603 35
604 35
605 34
606 28
607 33
608 34
609 32
610 33
611 31
612 32
613 34
614 32
615 32
616 35
617 34
618 32
619 33
620 31
621 32
622 30
623 30
624 32
625 33
626 34
627 32
628 30
629 30
630 32
631 33
632 34
633 31
634 35
635 35
636 29
637 32
638 32
639 33
640 28
641 35
642 35
643 29
644 31
645 32
646 33
647 34
648 35
649 33
650 33
651 35
652 36
653 34
654 34
655 30
656 34
657 36
658 34
659 31
660 32
661 25
662 34
663 33
664 34
665 34
666 33
667 36
668 28
669 31
670 29
671 32
672 34
673 32
674 33
675 32
676 35
677 32
678 31
679 33
680 31
681 34
682 32
683 36
684 32
685 27
686 31
687 32
688 29
689 35
690 35
691 34
692 36
693 33
694 33
695 33
696 35
697 30
698 35
699 30
700 34
701 32
702 34
703 35
704 33
705 34
706 33
707 32
708 32
709 34
710 35
711 31
712 33
713 33
714 30
715 33
716 32
717 30
718 32
719 35
720 35
721 34
722 33
723 34
724 31
725 32
726 33
727 31
728 32
729 34
730 35
731 33
732 35
733 34
734 34
735 33
736 35
737 30
738 35
739 34
740 33
741 35
742 34
743 34
744 33
745 31
746 30
747 33
748 34
749 34
750 33
751 33
752 35
753 29
754 35
755 33
756 32
757 32
758 31
759 30
760 35
761 33
762 33
763 36
764 34
765 35
766 35
767 36
768 34
769 35
770 33
771 30
772 32
773 34
774 32
775 27
776 33
777 33
778 34
779 28
780 28
781 32
782 34
783 29
784 30
785 27
786 35
787 31
788 34
789 28
790 30
791 32
792 33
793 33
794 33
795 33
796 33
797 34
798 34
799 36
800 31
801 32
802 34
803 35
804 35
805 31
806 31
807 36
808 31
809 29
810 33
811 37
812 34
813 32
814 33
815 28
816 32
817 30
818 35
819 35
820 36
821 30
822 33
823 33
824 33
825 31
826 31
827 29
828 29
829 36
830 33
831 33
832 31
833 32
834 32
835 36
836 30
837 33
838 32
839 29
840 32
841 33
842 32
843 37
844 34
845 33
846 34
847 36
848 34
849 35
850 34
851 31
852 32
853 32
854 37
855 26
856 30
857 31
858 31
859 33
860 31
861 33
862 32
863 33
864 32
865 35
866 33
867 33
868 33
869 34
870 29
871 34
872 34
873 33
874 35
875 32
876 31
877 33
878 32
879 33
880 31
881 33
882 35
883 32
884 32
885 33
886 35
887 33
888 30
889 33
890 30
891 35
892 31
893 32
894 32
895 30
896 33
897 33
898 33
899 29
900 27
901 29
902 32
903 33
904 34
905 31
906 30
907 36
908 32
909 33
910 35
911 35
912 34
913 34
914 30
915 34
916 31
917 31
918 34
919 31
920 32
921 36
922 33
923 34
924 32
925 30
926 35
927 33
928 34
929 30
930 33
931 32
932 31
933 31
934 34
935 32
936 36
937 33
938 31
939 30
940 33
941 30
942 31
943 31
944 34
945 30
946 32
947 32
948 32
949 33
950 31
951 32
952 34
953 34
954 34
955 30
956 31
957 31
958 33
959 28
960 30
961 33
962 35
963 29
964 33
965 33
966 32
967 31
968 33
969 32
970 33
971 34
972 32
973 28
974 32
975 32
976 33
977 30
978 33
979 32
980 35
981 34
982 29
983 32
984 32
985 27
986 34
987 32
988 32
989 33
990 30
991 32
992 31
993 33
994 33
995 34
996 34
997 33
998 33
999 35
1000 34
