0 95
1 94
2 93
3 91
4 89
5 88
6 84
7 83
8 82
9 81
10 80
11 79
12 78
13 77
14 75
15 74
16 73
17 71
18 69
19 68
20 67
21 65
22 65
23 62
24 62
25 59
26 58
27 58
28 56
29 54
30 53
31 52
32 52
33 52
34 52
35 50
36 50
37 49
38 49
39 47
40 46
41 45
42 45
43 45
44 44
45 44
46 44
47 43
48 42
49 42
50 44
51 45
52 45
53 45
54 44
55 43
56 42
57 42
58 43
59 43
60 42
61 44
62 43
63 43
64 43
65 42
66 41
67 41
68 40
69 41
70 42
71 42
72 43
73 43
74 43
75 42
76 42
77 42
78 40
79 41
80 40
81 41
82 41
83 42
84 41
85 40
86 40
87 41
88 40
89 41
90 40
91 41
92 38
93 37
94 37
95 38
96 36
97 36
98 35
99 35
100 35
101 36
102 36
103 36
104 36
105 37
106 38
107 38
108 35
109 36
110 36
111 37
112 36
113 37
114 37
115 38
116 38
117 38
118 38
119 38
120 39
121 41
122 41
123 41
124 40
125 40
126 38
127 37
128 37
129 37
130 37
131 37
132 37
133 37
134 37
135 37
136 37
137 36
138 35
139 35
140 35
141 35
142 35
143 35
144 35
145 35
146 34
147 34
148 33
149 34
150 35
151 34
152 36
153 36
154 37
155 36
156 36
157 35
158 35
159 35
160 35
161 34
162 36
163 37
164 35
165 35
166 35
167 34
168 34
169 35
170 35
171 35
172 34
173 34
174 34
175 33
176 32
177 32
178 32
179 32
180 31
181 31
182 30
183 31
184 31
185 31
186 32
187 31
188 33
189 31
190 32
191 33
192 32
193 32
194 32
195 32
196 33
197 33
198 34
199 33
200 34
201 34
202 34
203 34
204 34
205 33
206 33
207 34
208 35
209 36
210 36
211 35
212 34
213 33
214 34
215 35
216 35
217 35
218 36
219 36
220 36
221 36
222 37
223 38
224 38
225 38
226 38
227 38
228 38
229 38
230 38
231 38
232 37
233 37
234 36
235 36
236 35
237 34
238 34
239 34
240 34
241 34
242 34
243 34
244 34
245 34
246 34
247 35
248 36
249 35
250 36
251 35
252 35
253 36
254 36
255 36
256 35
257 36
258 36
259 37
260 36
261 37
262 37
263 37
264 38
265 38
266 39
267 40
268 40
269 40
270 38
271 38
272 38
273 38
274 39
275 39
276 40
277 39
278 40
279 40
280 40
281 40
282 41
283 42
284 43
285 45
286 44
287 43
288 44
289 44
290 45
291 46
292 46
293 47
294 47
295 46
296 44
297 44
298 42
299 40
300 39
301 40
302 40
303 39
304 38
305 39
306 38
307 38
308 38
309 36
310 35
311 35
312 36
313 33
314 33
315 34
316 35
317 34
318 34
319 35
320 36
321 36
322 36
323 35
324 35
325 36
326 36
327 36
328 37
329 36
330 36
331 37
332 37
333 38
334 38
335 39
336 40
337 41
338 42
339 40
340 39
341 38
342 37
343 36
344 36
345 36
346 36
347 36
348 36
349 36
350 36
351 35
352 35
353 35
354 35
355 36
356 36
357 36
358 36
359 36
360 35
361 34
362 33
363 34
364 34
365 34
366 35
367 34
368 35
369 34
370 34
371 34
372 34
373 33
374 34
375 33
376 33
377 33
378 33
379 33
380 34
381 34
382 34
383 34
384 34
385 35
386 35
387 34
388 34
389 34
390 34
391 35
392 36
393 36
394 36
395 36
396 36
397 36
398 35
399 34
400 34
401 34
402 34
403 35
404 35
405 36
406 37
407 36
408 36
409 36
410 35
411 34
412 35
413 36
414 36
415 37
416 36
417 36
418 34
419 34
420 35
421 34
422 33
423 34
424 35
425 35
426 33
427 33
428 33
429 34
430 33
431 34
432 35
433 32
434 32
435 31
436 32
437 33
438 32
439 32
440 32
441 32
442 32
443 32
444 32
445 32
446 32
447 32
448 32
449 33
450 34
451 36
452 36
453 36
454 37
455 38
456 38
457 37
458 36
459 36
460 36
461 34
462 33
463 34
464 35
465 36
466 36
467 36
468 37
469 38
470 38
471 38
472 38
473 38
474 39
475 39
476 40
477 40
478 40
479 39
480 39
481 39
482 38
483 37
484 39
485 38
486 38
487 38
488 37
489 38
490 38
491 38
492 37
493 37
494 37
495 38
496 36
497 35
498 34
499 34
500 35
501 36
502 36
503 36
504 36
505 36
506 34
507 33
508 34
509 34
510 33
511 33
512 33
513 33
514 33
515 33
516 33
517 32
518 32
519 33
520 33
521 33
522 33
523 33
524 34
525 35
526 36
527 35
528 35
529 34
530 33
531 32
532 33
533 33
534 32
535 33
536 31
537 30
538 31
539 32
540 33
541 34
542 33
543 35
544 36
545 36
546 37
547 38
548 38
549 38
550 39
551 38
552 39
553 39
554 38
555 38
556 37
557 35
558 33
559 33
560 34
561 35
562 35
563 34
564 34
565 34
566 34
567 34
568 34
569 34
570 35
571 34
572 35
573 35
574 34
575 33
576 34
577 35
578 35
579 35
580 36
581 36
582 37
583 37
584 37
585 38
586 38
587 38
588 39
589 38
590 38
591 39
592 38
593 39
594 38
595 38
596 39
597 38
598 37
599 37
600 38
601 39
602 39
603 40
604 40
605 38
606 38
607 36
608 35
609 35
610 36
611 38
612 38
613 38
614 38
615 38
616 38
617 37
618 38
619 38
620 38
621 34
622 35
623 36
624 35
625 36
626 37
627 37
628 37
629 35
630 36
631 36
632 36
633 36
634 35
635 35
636 35
637 35
638 35
639 34
640 34
641 35
642 35
643 36
644 37
645 37
646 36
647 36
648 36
649 36
650 37
651 38
652 38
653 37
654 38
655 38
656 38
657 38
658 38
659 39
660 39
661 38
662 38
663 37
664 38
665 39
666 38
667 38
668 37
669 37
670 36
671 36
672 36
673 36
674 37
675 35
676 34
677 33
678 33
679 33
680 34
681 34
682 35
683 35
684 35
685 35
686 36
687 34
688 34
689 36
690 37
691 38
692 37
693 35
694 35
695 34
696 34
697 34
698 35
699 35
700 36
701 35
702 34
703 34
704 33
705 33
706 34
707 35
708 34
709 35
710 37
711 36
712 35
713 35
714 35
715 35
716 35
717 34
718 35
719 36
720 35
721 34
722 34
723 34
724 34
725 33
726 31
727 31
728 31
729 31
730 29
731 30
732 29
733 29
734 30
735 31
736 31
737 31
738 32
739 32
740 32
741 32
742 33
743 33
744 33
745 33
746 33
747 33
748 33
749 33
750 32
751 33
752 36
753 36
754 34
755 34
756 34
757 35
758 36
759 36
760 35
761 34
762 33
763 33
764 32
765 33
766 33
767 34
768 33
769 34
770 33
771 34
772 35
773 34
774 34
775 35
776 36
777 36
778 35
779 35
780 35
781 35
782 36
783 37
784 37
785 35
786 36
787 36
788 36
789 35
790 36
791 37
792 36
793 35
794 36
795 36
796 35
797 35
798 35
799 35
800 35
801 35
802 34
803 33
804 32
805 32
806 32
807 33
808 32
809 33
810 34
811 34
812 34
813 34
814 33
815 34
816 34
817 36
818 36
819 36
820 38
821 37
822 37
823 36
824 37
825 37
826 38
827 40
828 38
829 38
830 39
831 39
832 39
833 39
834 39
835 39
836 39
837 39
838 39
839 39
840 38
841 37
842 37
843 36
844 36
845 37
846 37
847 37
848 37
849 37
850 38
851 38
852 38
853 38
854 39
855 40
856 39
857 38
858 37
859 38
860 38
861 39
862 40
863 40
864 41
865 41
866 41
867 41
868 42
869 43
870 43
871 43
872 42
873 42
874 40
875 40
876 40
877 39
878 38
879 39
880 37
881 37
882 37
883 36
884 37
885 37
886 37
887 38
888 37
889 36
890 35
891 36
892 36
893 36
894 37
895 37
896 35
897 35
898 34
899 34
900 35
901 35
902 35
903 34
904 35
905 35
906 36
907 36
908 37
909 35
910 35
911 35
912 36
913 36
914 35
915 35
916 35
917 36
918 37
919 39
920 39
921 39
922 38
923 39
924 40
925 39
926 38
927 38
928 38
929 39
930 40
931 39
932 39
933 39
934 40
935 40
936 39
937 40
938 41
939 42
940 40
941 40
942 38
943 37
944 38
945 38
946 37
947 37
948 37
949 37
950 37
951 36
952 35
953 35
954 33
955 32
956 32
957 33
958 33
959 34
960 35
961 35
962 35
963 35
964 36
965 36
966 34
967 34
968 34
969 33
970 34
971 34
972 34
973 35
974 34
975 33
976 34
977 35
978 35
979 36
980 35
981 34
982 34
983 33
984 33
985 31
986 31
987 31
988 30
989 30
990 31
991 29
992 31
993 31
994 33
995 34
996 32
997 33
998 33
999 32
1000 32
