0 65
1 54
2 51
3 51
4 52
5 52
6 48
7 47
8 49
9 49
10 45
11 40
12 44
13 44
14 43
15 46
16 48
17 45
18 47
19 42
20 41
21 41
22 40
23 40
24 42
25 43
26 40
27 44
28 44
29 50
30 47
31 40
32 44
33 44
34 45
35 44
36 45
37 46
38 45
39 44
40 46
41 45
42 43
43 45
44 45
45 45
46 44
47 49
48 50
49 46
50 48
51 46
52 48
53 47
54 43
55 43
56 44
57 43
58 43
59 45
60 44
61 44
62 48
63 46
64 44
65 41
66 45
67 47
68 49
69 51
70 49
71 48
72 50
73 49
74 52
75 45
76 46
77 45
78 47
79 43
80 42
81 43
82 38
83 40
84 40
85 41
86 40
87 39
88 41
89 42
90 48
91 46
92 48
93 48
94 46
95 48
96 45
97 45
98 44
99 44
100 45
101 44
102 47
103 48
104 47
105 48
106 46
107 45
108 49
109 46
110 49
111 51
112 52
113 50
114 48
115 48
116 51
117 45
118 51
119 53
120 53
121 52
122 51
123 47
124 48
125 47
126 43
127 45
128 43
129 41
130 46
131 45
132 42
133 45
134 48
135 48
136 44
137 46
138 48
139 48
140 44
141 44
142 47
143 49
144 50
145 51
146 49
147 47
148 44
149 41
150 46
151 48
152 45
153 45
154 43
155 43
156 49
157 50
158 47
159 49
160 49
161 47
162 49
163 46
164 44
165 45
166 44
167 41
168 42
169 45
170 45
171 44
172 47
173 44
174 46
175 48
176 44
177 45
178 47
179 49
180 44
181 45
182 47
183 46
184 46
185 42
186 43
187 40
188 43
189 39
190 41
191 44
192 45
193 46
194 43
195 44
196 49
197 49
198 46
199 48
200 46
201 48
202 42
203 38
204 39
205 43
206 45
207 38
208 39
209 40
210 39
211 40
212 40
213 37
214 38
215 39
216 40
217 45
218 45
219 44
220 44
221 48
222 48
223 45
224 43
225 44
226 47
227 50
228 47
229 46
230 45
231 47
232 46
233 46
234 46
235 45
236 43
237 46
238 46
239 45
240 43
241 42
242 43
243 42
244 41
245 42
246 43
247 41
248 44
249 48
250 47
251 48
252 43
253 46
254 45
255 46
256 45
257 41
258 46
259 45
260 47
261 46
262 48
263 40
264 41
265 43
266 44
267 46
268 47
269 44
270 43
271 48
272 48
273 46
274 42
275 40
276 36
277 42
278 43
279 40
280 41
281 44
282 44
283 44
284 47
285 42
286 42
287 47
288 47
289 48
290 46
291 47
292 46
293 42
294 46
295 42
296 42
297 41
298 43
299 46
300 45
301 47
302 47
303 44
304 40
305 40
306 37
307 39
308 43
309 39
310 39
311 44
312 43
313 41
314 43
315 39
316 42
317 43
318 42
319 45
320 44
321 41
322 40
323 43
324 44
325 48
326 49
327 53
328 44
329 47
330 48
331 48
332 45
333 46
334 42
335 42
336 43
337 46
338 46
339 46
340 45
341 46
342 44
343 43
344 45
345 46
346 41
347 43
348 46
349 48
350 46
351 48
352 49
353 51
354 52
355 54
356 48
357 50
358 51
359 52
360 49
361 41
362 41
363 41
364 42
365 43
366 46
367 45
368 49
369 46
370 43
371 43
372 47
373 48
374 41
375 42
376 48
377 41
378 46
379 43
380 45
381 44
382 44
383 44
384 46
385 43
386 44
387 46
388 43
389 45
390 45
391 43
392 44
393 45
394 46
395 48
396 47
397 46
398 47
399 45
400 47
401 50
402 49
403 47
404 43
405 46
406 46
407 49
408 46
409 47
410 44
411 45
412 45
413 46
414 48
415 41
416 35
417 37
418 42
419 46
420 43
421 43
422 48
423 50
424 51
425 44
426 48
427 47
428 44
429 47
430 45
431 40
432 43
433 41
434 42
435 43
436 43
437 47
438 49
439 52
440 50
441 47
442 46
443 51
444 52
445 47
446 45
447 45
448 44
449 46
450 44
451 42
452 44
453 46
454 48
455 44
456 44
457 44
458 44
459 43
460 43
461 46
462 45
463 45
464 46
465 47
466 50
467 48
468 46
469 47
470 48
471 47
472 48
473 46
474 47
475 46
476 45
477 45
478 44
479 44
480 51
481 48
482 44
483 44
484 47
485 43
486 43
487 45
488 37
489 44
490 46
491 43
492 46
493 47
494 47
495 46
496 44
497 46
498 43
499 43
500 42
501 42
502 46
503 48
504 53
505 50
506 45
507 45
508 49
509 45
510 43
511 40
512 43
513 42
514 42
515 39
516 44
517 46
518 44
519 40
520 44
521 45
522 47
523 48
524 46
525 45
526 46
527 48
528 48
529 49
530 48
531 44
532 43
533 44
534 38
535 42
536 44
537 46
538 44
539 43
540 42
541 48
542 44
543 46
544 42
545 45
546 46
547 45
548 46
549 47
550 44
551 45
552 43
553 46
554 49
555 47
556 49
557 50
558 46
559 48
560 50
561 44
562 41
563 45
564 46
565 43
566 45
567 45
568 50
569 49
570 44
571 43
572 44
573 44
574 49
575 45
576 43
577 42
578 39
579 39
580 42
581 41
582 45
583 46
584 46
585 45
586 46
587 48
588 47
589 47
590 46
591 47
592 43
593 39
594 37
595 40
596 42
597 38
598 41
599 42
600 42
601 37
602 41
603 40
604 39
605 44
606 44
607 41
608 42
609 41
610 39
611 39
612 37
613 39
614 43
615 42
616 42
617 44
618 46
619 48
620 44
621 38
622 37
623 38
624 43
625 47
626 42
627 37
628 37
629 37
630 41
631 43
632 42
633 41
634 47
635 44
636 47
637 50
638 51
639 50
640 49
641 48
642 48
643 49
644 46
645 46
646 44
647 46
648 37
649 43
650 46
651 42
652 48
653 47
654 44
655 43
656 42
657 43
658 46
659 46
660 50
661 49
662 47
663 46
664 47
665 45
666 42
667 43
668 48
669 46
670 52
671 51
672 48
673 47
674 41
675 39
676 43
677 37
678 46
679 48
680 49
681 48
682 50
683 51
684 47
685 47
686 48
687 47
688 45
689 42
690 49
691 45
692 43
693 40
694 43
695 41
696 45
697 43
698 42
699 45
700 46
701 47
702 45
703 48
704 47
705 44
706 50
707 51
708 51
709 47
710 48
711 51
712 47
713 46
714 45
715 42
716 45
717 44
718 48
719 47
720 48
721 46
722 41
723 40
724 42
725 43
726 46
727 46
728 45
729 45
730 47
731 45
732 42
733 43
734 43
735 47
736 45
737 46
738 45
739 40
740 43
741 40
742 40
743 45
744 45
745 46
746 48
747 45
748 41
749 42
750 43
751 47
752 43
753 44
754 48
755 51
756 46
757 47
758 45
759 49
760 44
761 47
762 48
763 41
764 43
765 43
766 44
767 47
768 42
769 46
770 42
771 43
772 45
773 48
774 43
775 45
776 40
777 40
778 43
779 41
780 41
781 42
782 41
783 39
784 38
785 40
786 45
787 43
788 42
789 41
790 41
791 42
792 42
793 46
794 46
795 41
796 43
797 42
798 45
799 44
800 46
801 45
802 43
803 45
804 46
805 42
806 46
807 45
808 46
809 50
810 44
811 45
812 47
813 48
814 46
815 45
816 45
817 45
818 45
819 45
820 44
821 46
822 49
823 48
824 46
825 46
826 44
827 43
828 46
829 46
830 47
831 44
832 47
833 48
834 45
835 42
836 38
837 44
838 43
839 44
840 45
841 47
842 45
843 47
844 45
845 48
846 47
847 46
848 40
849 42
850 44
851 49
852 47
853 47
854 47
855 51
856 45
857 45
858 44
859 46
860 44
861 44
862 45
863 45
864 43
865 47
866 45
867 45
868 44
869 46
870 45
871 48
872 40
873 40
874 41
875 45
876 46
877 41
878 39
879 40
880 39
881 41
882 41
883 42
884 37
885 36
886 44
887 42
888 45
889 45
890 43
891 45
892 43
893 44
894 45
895 45
896 42
897 48
898 43
899 43
900 47
901 49
902 48
903 48
904 45
905 43
906 40
907 42
908 40
909 41
910 43
911 44
912 38
913 46
914 45
915 46
916 45
917 48
918 48
919 47
920 43
921 44
922 43
923 42
924 39
925 36
926 36
927 39
928 39
929 44
930 44
931 46
932 43
933 44
934 46
935 46
936 48
937 47
938 47
939 43
940 45
941 47
942 44
943 41
944 41
945 42
946 45
947 45
948 46
949 49
950 45
951 41
952 42
953 46
954 46
955 44
956 43
957 38
958 43
959 44
960 46
961 45
962 47
963 46
964 47
965 48
966 49
967 47
968 47
969 48
970 46
971 44
972 45
973 46
974 44
975 43
976 47
977 47
978 46
979 47
980 44
981 45
982 43
983 41
984 37
985 42
986 46
987 42
988 44
989 44
990 45
991 46
992 46
993 44
994 47
995 46
996 49
997 45
998 49
999 52
1000 49
