0 100
1 77
2 72
3 67
4 68
5 63
6 63
7 68
8 64
9 68
10 67
11 66
12 66
13 58
14 64
15 66
16 64
17 65
18 68
19 68
20 63
21 62
22 57
23 64
24 66
25 68
26 66
27 68
28 61
29 69
30 64
31 64
32 65
33 69
34 67
35 69
36 68
37 67
38 66
39 68
40 66
41 67
42 69
43 67
44 62
45 62
46 67
47 64
48 69
49 63
50 69
51 65
52 64
53 69
54 69
55 66
56 67
57 62
58 66
59 64
60 64
61 65
62 64
63 63
64 66
65 69
66 68
67 67
68 68
69 68
70 69
71 68
72 66
73 69
74 64
75 69
76 63
77 68
78 62
79 63
80 64
81 61
82 58
83 63
84 59
85 65
86 67
87 65
88 67
89 68
90 69
91 69
92 63
93 67
94 64
95 58
96 60
97 63
98 61
99 63
100 65
101 64
102 65
103 67
104 65
105 65
106 62
107 64
108 63
109 68
110 63
111 65
112 63
113 63
114 70
115 71
116 67
117 66
118 67
119 65
120 66
121 66
122 70
123 67
124 71
125 69
126 69
127 64
128 66
129 65
130 64
131 66
132 67
133 59
134 60
135 58
136 64
137 63
138 65
139 64
140 63
141 62
142 66
143 63
144 64
145 63
146 63
147 70
148 70
149 71
150 66
151 70
152 67
153 68
154 71
155 69
156 69
157 67
158 67
159 64
160 66
161 65
162 65
163 68
164 61
165 63
166 64
167 67
168 66
169 64
170 69
171 65
172 67
173 72
174 66
175 65
176 64
177 61
178 68
179 64
180 68
181 62
182 68
183 65
184 64
185 68
186 68
187 67
188 63
189 64
190 66
191 64
192 64
193 66
194 66
195 69
196 66
197 70
198 71
199 65
200 63
201 63
202 64
203 64
204 67
205 65
206 68
207 67
208 66
209 67
210 69
211 62
212 61
213 63
214 67
215 67
216 69
217 66
218 69
219 70
220 68
221 67
222 64
223 62
224 63
225 65
226 66
227 67
228 65
229 65
230 65
231 65
232 66
233 64
234 67
235 68
236 68
237 70
238 68
239 65
240 63
241 64
242 64
243 68
244 67
245 66
246 65
247 66
248 65
249 69
250 71
251 64
252 66
253 68
254 65
255 71
256 68
257 62
258 67
259 67
260 65
261 65
262 67
263 65
264 64
265 64
266 67
267 66
268 61
269 63
270 64
271 65
272 68
273 68
274 68
275 66
276 68
277 66
278 68
279 67
280 71
281 65
282 71
283 66
284 71
285 67
286 60
287 66
288 64
289 65
290 65
291 56
292 68
293 73
294 70
295 68
296 67
297 70
298 67
299 66
300 70
301 70
302 70
303 66
304 64
305 65
306 65
307 68
308 68
309 65
310 67
311 67
312 69
313 66
314 64
315 64
316 64
317 59
318 62
319 62
320 62
321 64
322 67
323 68
324 64
325 62
326 64
327 65
328 66
329 67
330 69
331 66
332 71
333 69
334 65
335 65
336 67
337 70
338 67
339 68
340 69
341 69
342 70
343 66
344 67
345 67
346 66
347 63
348 64
349 60
350 66
351 69
352 70
353 71
354 67
355 64
356 66
357 71
358 64
359 61
360 68
361 64
362 60
363 68
364 68
365 63
366 59
367 61
368 60
369 64
370 67
371 65
372 66
373 65
374 69
375 65
376 69
377 62
378 66
379 64
380 67
381 68
382 66
383 68
384 62
385 64
386 64
387 65
388 64
389 68
390 68
391 66
392 62
393 63
394 67
395 63
396 67
397 68
398 66
399 69
400 70
401 69
402 68
403 60
404 64
405 66
406 67
407 64
408 64
409 63
410 71
411 69
412 67
413 64
414 63
415 64
416 64
417 70
418 67
419 66
420 67
421 65
422 63
423 65
424 61
425 69
426 67
427 64
428 66
429 66
430 65
431 69
432 63
433 69
434 71
435 65
436 63
437 67
438 65
439 65
440 66
441 65
442 62
443 64
444 62
445 66
446 63
447 64
448 64
449 65
450 68
451 67
452 65
453 67
454 67
455 66
456 69
457 65
458 71
459 69
460 67
461 64
462 60
463 65
464 64
465 64
466 62
467 61
468 68
469 68
470 65
471 63
472 62
473 67
474 67
475 64
476 66
477 61
478 61
479 62
480 67
481 63
482 62
483 65
484 70
485 65
486 67
487 63
488 64
489 66
490 72
491 69
492 68
493 66
494 65
495 62
496 62
497 68
498 64
499 68
500 63
501 64
502 65
503 67
504 64
505 66
506 67
507 67
508 70
509 67
510 68
511 65
512 62
513 60
514 68
515 66
516 66
517 68
518 68
519 66
520 62
521 65
522 63
523 65
524 65
525 67
526 63
527 69
528 69
529 63
530 61
531 64
532 64
533 63
534 59
535 65
536 63
537 66
538 69
539 65
540 67
541 68
542 61
543 67
544 66
545 65
546 61
547 67
548 68
549 65
550 67
551 68
552 68
553 69
554 62
555 67
556 68
557 71
558 69
559 69
560 68
561 70
562 71
563 69
564 66
565 63
566 62
567 65
568 56
569 64
570 63
571 70
572 69
573 63
574 64
575 69
576 59
577 63
578 64
579 70
580 65
581 63
582 66
583 64
584 60
585 64
586 66
587 69
588 71
589 70
590 68
591 66
592 65
593 65
594 63
595 67
596 69
597 64
598 65
599 68
600 67
601 65
602 64
603 67
604 62
605 62
606 61
607 56
608 59
609 60
610 67
611 57
612 58
613 66
614 67
615 64
616 68
617 65
618 66
619 66
620 64
621 65
622 68
623 71
624 68
625 63
626 66
627 66
628 68
629 63
630 60
631 64
632 66
633 64
634 70
635 71
636 65
637 66
638 65
639 65
640 65
641 67
642 66
643 70
644 67
645 67
646 67
647 64
648 68
649 61
650 65
651 65
652 64
653 66
654 72
655 66
656 65
657 66
658 68
659 69
660 71
661 70
662 64
663 60
664 61
665 64
666 66
667 66
668 61
669 67
670 70
671 66
672 64
673 70
674 64
675 64
676 59
677 67
678 66
679 64
680 68
681 65
682 70
683 66
684 68
685 70
686 65
687 61
688 64
689 66
690 66
691 64
692 64
693 64
694 70
695 65
696 63
697 61
698 68
699 65
700 68
701 67
702 69
703 67
704 68
705 73
706 66
707 59
708 65
709 71
710 68
711 69
712 67
713 63
714 59
715 62
716 58
717 61
718 64
719 67
720 66
721 69
722 69
723 67
724 65
725 66
726 65
727 64
728 69
729 64
730 67
731 64
732 64
733 63
734 69
735 64
736 66
737 65
738 68
739 67
740 70
741 69
742 67
743 66
744 62
745 63
746 66
747 65
748 63
749 64
750 67
751 63
752 66
753 65
754 64
755 66
756 66
757 68
758 69
759 63
760 63
761 62
762 56
763 65
764 65
765 64
766 66
767 66
768 66
769 66
770 63
771 63
772 62
773 64
774 61
775 64
776 63
777 64
778 60
779 61
780 64
781 63
782 63
783 67
784 60
785 63
786 67
787 69
788 65
789 68
790 66
791 71
792 70
793 69
794 64
795 66
796 65
797 63
798 58
799 61
800 64
801 64
802 69
803 65
804 65
805 63
806 63
807 66
808 69
809 66
810 67
811 68
812 69
813 67
814 67
815 64
816 63
817 67
818 73
819 70
820 68
821 68
822 64
823 68
824 70
825 72
826 71
827 63
828 68
829 66
830 62
831 64
832 66
833 69
834 62
835 66
836 66
837 68
838 68
839 67
840 66
841 65
842 67
843 66
844 67
845 66
846 69
847 66
848 68
849 66
850 65
851 64
852 68
853 65
854 65
855 67
856 67
857 70
858 60
859 70
860 70
861 68
862 66
863 65
864 67
865 67
866 66
867 60
868 62
869 66
870 65
871 66
872 67
873 64
874 66
875 70
876 65
877 64
878 61
879 64
880 62
881 63
882 64
883 64
884 63
885 63
886 65
887 68
888 65
889 61
890 63
891 67
892 68
893 70
894 67
895 66
896 65
897 64
898 64
899 61
900 65
901 68
902 70
903 71
904 65
905 58
906 65
907 69
908 66
909 70
910 65
911 64
912 65
913 69
914 67
915 68
916 65
917 68
918 65
919 69
920 69
921 69
922 65
923 68
924 68
925 66
926 65
927 62
928 68
929 66
930 70
931 67
932 65
933 61
934 69
935 73
936 73
937 71
938 71
939 67
940 66
941 70
942 69
943 66
944 64
945 64
946 66
947 62
948 63
949 65
950 68
951 69
952 67
953 67
954 66
955 66
956 67
957 65
958 65
959 71
960 70
961 71
962 69
963 69
964 69
965 65
966 67
967 69
968 70
969 66
970 62
971 65
972 63
973 63
974 63
975 64
976 66
977 63
978 66
979 68
980 70
981 69
982 63
983 63
984 67
985 66
986 65
987 70
988 72
989 70
990 71
991 72
992 68
993 66
994 65
995 65
996 64
997 64
998 64
999 68
1000 63
