0 75
1 59
2 58
3 52
4 48
5 52
6 54
7 55
8 50
9 53
10 46
11 46
12 49
13 46
14 45
15 44
16 49
17 52
18 54
19 53
20 48
21 49
22 51
23 45
24 49
25 51
26 48
27 49
28 49
29 49
30 51
31 52
32 50
33 48
34 52
35 49
36 49
37 49
38 48
39 48
40 48
41 51
42 52
43 50
44 50
45 51
46 51
47 51
48 51
49 50
50 51
51 51
52 52
53 47
54 49
55 45
56 47
57 51
58 50
59 48
60 44
61 47
62 45
63 47
64 45
65 49
66 48
67 52
68 51
69 50
70 48
71 44
72 46
73 46
74 49
75 51
76 49
77 48
78 49
79 49
80 46
81 49
82 48
83 45
84 42
85 47
86 45
87 48
88 48
89 49
90 45
91 45
92 43
93 48
94 54
95 52
96 51
97 51
98 50
99 47
100 44
101 47
102 49
103 46
104 46
105 49
106 52
107 50
108 50
109 49
110 44
111 45
112 45
113 50
114 49
115 49
116 48
117 47
118 42
119 43
120 47
121 46
122 47
123 53
124 51
125 52
126 53
127 54
128 51
129 51
130 51
131 50
132 48
133 45
134 45
135 44
136 46
137 47
138 46
139 49
140 44
141 48
142 48
143 50
144 45
145 46
146 48
147 45
148 47
149 44
150 47
151 51
152 46
153 45
154 49
155 49
156 46
157 45
158 47
159 42
160 48
161 50
162 47
163 48
164 50
165 53
166 51
167 52
168 49
169 50
170 51
171 44
172 44
173 46
174 44
175 46
176 50
177 47
178 46
179 46
180 48
181 46
182 45
183 46
184 45
185 43
186 48
187 51
188 51
189 50
190 49
191 51
192 52
193 52
194 48
195 49
196 49
197 47
198 48
199 50
200 51
201 47
202 48
203 47
204 44
205 44
206 46
207 48
208 46
209 49
210 45
211 44
212 49
213 50
214 47
215 50
216 49
217 49
218 47
219 44
220 46
221 45
222 44
223 48
224 50
225 51
226 50
227 51
228 49
229 47
230 50
231 50
232 48
233 47
234 50
235 49
236 51
237 50
238 49
239 45
240 45
241 45
242 46
243 43
244 41
245 47
246 47
247 46
248 45
249 44
250 41
251 45
252 47
253 48
254 46
255 48
256 48
257 45
258 45
259 45
260 44
261 42
262 49
263 46
264 46
265 52
266 53
267 44
268 51
269 48
270 43
271 46
272 46
273 51
274 47
275 44
276 46
277 46
278 51
279 51
280 50
281 48
282 46
283 46
284 48
285 48
286 48
287 50
288 47
289 48
290 47
291 51
292 50
293 51
294 50
295 46
296 42
297 49
298 52
299 51
300 49
301 49
302 47
303 50
304 48
305 43
306 43
307 46
308 48
309 49
310 54
311 51
312 45
313 41
314 45
315 46
316 48
317 41
318 46
319 47
320 47
321 43
322 43
323 44
324 40
325 46
326 45
327 47
328 47
329 42
330 48
331 47
332 50
333 44
334 46
335 44
336 43
337 50
338 45
339 47
340 50
341 46
342 44
343 41
344 46
345 48
346 52
347 52
348 54
349 50
350 52
351 51
352 48
353 52
354 48
355 46
356 50
357 49
358 45
359 45
360 50
361 49
362 45
363 47
364 49
365 52
366 46
367 48
368 48
369 50
370 49
371 46
372 48
373 49
374 50
375 51
376 47
377 49
378 48
379 47
380 49
381 50
382 48
383 46
384 49
385 51
386 51
387 48
388 49
389 49
390 47
391 47
392 50
393 53
394 49
395 45
396 47
397 47
398 47
399 45
400 44
401 41
402 46
403 47
404 47
405 41
406 46
407 45
408 47
409 47
410 51
411 53
412 49
413 50
414 49
415 49
416 48
417 53
418 52
419 49
420 52
421 52
422 48
423 43
424 48
425 48
426 47
427 47
428 49
429 45
430 46
431 47
432 49
433 46
434 45
435 42
436 44
437 48
438 39
439 46
440 44
441 43
442 46
443 46
444 47
445 48
446 50
447 52
448 49
449 49
450 49
451 47
452 45
453 49
454 50
455 48
456 51
457 51
458 50
459 47
460 46
461 47
462 47
463 48
464 47
465 49
466 48
467 51
468 49
469 49
470 52
471 51
472 46
473 47
474 47
475 46
476 47
477 46
478 47
479 47
480 48
481 47
482 43
483 49
484 47
485 45
486 46
487 49
488 46
489 45
490 46
491 49
492 49
493 53
494 49
495 46
496 46
497 47
498 46
499 49
500 47
501 45
502 47
503 46
504 47
505 49
506 49
507 49
508 47
509 48
510 47
511 45
512 43
513 45
514 44
515 43
516 44
517 46
518 49
519 49
520 52
521 49
522 48
523 49
524 48
525 44
526 45
527 50
528 51
529 50
530 44
531 42
532 47
533 47
534 52
535 51
536 51
537 48
538 47
539 48
540 47
541 46
542 49
543 45
544 43
545 44
546 45
547 48
548 52
549 50
550 46
551 47
552 50
553 53
554 51
555 49
556 49
557 46
558 48
559 46
560 47
561 46
562 50
563 49
564 44
565 44
566 47
567 47
568 50
569 48
570 52
571 48
572 50
573 53
574 49
575 48
576 47
577 47
578 52
579 49
580 48
581 47
582 47
583 49
584 47
585 50
586 46
587 50
588 53
589 51
590 46
591 49
592 48
593 46
594 46
595 44
596 46
597 47
598 46
599 46
600 46
601 52
602 49
603 48
604 46
605 48
606 49
607 52
608 51
609 45
610 48
611 45
612 46
613 47
614 51
615 48
616 49
617 50
618 51
619 47
620 45
621 46
622 48
623 48
624 48
625 48
626 50
627 50
628 49
629 47
630 47
631 51
632 49
633 50
634 49
635 47
636 51
637 52
638 53
639 46
640 47
641 48
642 51
643 52
644 47
645 49
646 48
647 43
648 47
649 49
650 44
651 49
652 50
653 49
654 47
655 46
656 49
657 47
658 46
659 44
660 47
661 49
662 49
663 49
664 48
665 49
666 49
667 50
668 49
669 46
670 50
671 48
672 49
673 49
674 53
675 53
676 47
677 46
678 48
679 46
680 50
681 51
682 49
683 47
684 45
685 48
686 51
687 50
688 50
689 52
690 52
691 49
692 50
693 49
694 43
695 45
696 44
697 48
698 50
699 53
700 46
701 52
702 51
703 51
704 51
705 52
706 47
707 47
708 47
709 44
710 45
711 43
712 48
713 49
714 48
715 49
716 45
717 46
718 48
719 50
720 46
721 50
722 51
723 50
724 47
725 45
726 46
727 46
728 46
729 45
730 50
731 49
732 48
733 48
734 46
735 49
736 46
737 50
738 47
739 46
740 48
741 47
742 47
743 46
744 41
745 46
746 48
747 45
748 46
749 44
750 48
751 48
752 47
753 47
754 51
755 51
756 51
757 49
758 48
759 49
760 49
761 52
762 50
763 47
764 45
765 48
766 47
767 51
768 50
769 52
770 49
771 52
772 49
773 49
774 51
775 45
776 49
777 48
778 52
779 51
780 52
781 50
782 50
783 49
784 52
785 48
786 48
787 50
788 45
789 43
790 45
791 46
792 49
793 49
794 50
795 50
796 49
797 49
798 52
799 51
800 50
801 50
802 50
803 52
804 50
805 48
806 47
807 49
808 46
809 42
810 48
811 50
812 47
813 51
814 48
815 47
816 49
817 45
818 48
819 43
820 47
821 50
822 49
823 49
824 50
825 48
826 48
827 49
828 50
829 47
830 47
831 49
832 50
833 52
834 52
835 48
836 45
837 46
838 43
839 41
840 47
841 51
842 50
843 48
844 47
845 50
846 48
847 50
848 49
849 47
850 44
851 46
852 48
853 45
854 46
855 49
856 47
857 52
858 50
859 45
860 46
861 47
862 46
863 44
864 47
865 43
866 49
867 53
868 51
869 50
870 45
871 45
872 47
873 47
874 47
875 51
876 50
877 51
878 48
879 44
880 45
881 43
882 49
883 51
884 50
885 52
886 46
887 49
888 45
889 45
890 45
891 47
892 48
893 45
894 46
895 46
896 45
897 42
898 43
899 41
900 41
901 43
902 51
903 53
904 53
905 47
906 48
907 49
908 49
909 48
910 53
911 51
912 50
913 44
914 46
915 49
916 47
917 50
918 47
919 54
920 56
921 52
922 50
923 44
924 45
925 51
926 50
927 51
928 49
929 44
930 46
931 49
932 42
933 44
934 48
935 47
936 42
937 42
938 48
939 48
940 48
941 48
942 49
943 50
944 49
945 52
946 52
947 49
948 48
949 49
950 49
951 51
952 49
953 53
954 52
955 50
956 49
957 49
958 50
959 50
960 51
961 48
962 44
963 44
964 46
965 46
966 47
967 45
968 46
969 46
970 47
971 50
972 45
973 43
974 42
975 47
976 49
977 47
978 50
979 48
980 42
981 41
982 41
983 44
984 49
985 48
986 46
987 45
988 45
989 46
990 47
991 50
992 52
993 47
994 47
995 48
996 48
997 47
998 44
999 48
1000 50
