0 65
1 52
2 48
3 45
4 48
5 44
6 42
7 43
8 43
9 45
10 43
11 44
12 48
13 43
14 40
15 45
16 42
17 43
18 44
19 44
20 46
21 46
22 46
23 46
24 47
25 46
26 45
27 45
28 45
29 40
30 38
31 43
32 44
33 45
34 45
35 43
36 45
37 43
38 43
39 45
40 43
41 47
42 46
43 47
44 41
45 44
46 40
47 41
48 40
49 39
50 42
51 40
52 41
53 43
54 41
55 42
56 46
57 45
58 43
59 43
60 39
61 43
62 42
63 42
64 43
65 42
66 41
67 43
68 41
69 40
70 37
71 39
72 41
73 39
74 41
75 43
76 42
77 42
78 40
79 41
80 41
81 40
82 44
83 44
84 48
85 46
86 42
87 37
88 38
89 39
90 44
91 43
92 44
93 42
94 42
95 41
96 44
97 45
98 41
99 44
100 40
101 41
102 41
103 43
104 45
105 41
106 46
107 43
108 41
109 44
110 45
111 45
112 39
113 38
114 46
115 43
116 41
117 36
118 43
119 43
120 43
121 40
122 38
123 43
124 45
125 40
126 43
127 43
128 43
129 41
130 45
131 41
132 47
133 42
134 42
135 42
136 44
137 45
138 45
139 46
140 45
141 45
142 46
143 46
144 45
145 48
146 46
147 48
148 44
149 42
150 40
151 42
152 41
153 40
154 43
155 43
156 41
157 43
158 45
159 42
160 42
161 41
162 40
163 43
164 43
165 43
166 41
167 42
168 42
169 39
170 37
171 39
172 42
173 40
174 42
175 42
176 42
177 45
178 42
179 43
180 46
181 45
182 48
183 43
184 40
185 39
186 40
187 41
188 42
189 39
190 41
191 43
192 43
193 43
194 43
195 44
196 43
197 43
198 45
199 43
200 44
201 46
202 47
203 45
204 42
205 43
206 44
207 40
208 43
209 43
210 43
211 45
212 42
213 45
214 45
215 43
216 39
217 40
218 41
219 41
220 43
221 46
222 42
223 44
224 45
225 36
226 38
227 42
228 41
229 39
230 38
231 43
232 41
233 42
234 40
235 41
236 39
237 36
238 39
239 40
240 37
241 42
242 42
243 44
244 46
245 46
246 42
247 41
248 42
249 42
250 38
251 40
252 39
253 42
254 41
255 45
256 39
257 46
258 45
259 43
260 43
261 45
262 45
263 44
264 45
265 47
266 40
267 36
268 41
269 45
270 41
271 40
272 42
273 39
274 42
275 38
276 42
277 42
278 41
279 41
280 44
281 42
282 44
283 43
284 43
285 37
286 43
287 41
288 39
289 43
290 44
291 44
292 42
293 40
294 45
295 41
296 41
297 37
298 37
299 38
300 40
301 40
302 41
303 41
304 42
305 41
306 43
307 42
308 42
309 39
310 39
311 39
312 39
313 39
314 42
315 42
316 39
317 40
318 42
319 43
320 43
321 39
322 43
323 46
324 45
325 43
326 46
327 48
328 45
329 42
330 42
331 43
332 45
333 41
334 42
335 42
336 40
337 40
338 42
339 43
340 39
341 41
342 42
343 42
344 36
345 34
346 38
347 41
348 46
349 44
350 42
351 41
352 41
353 42
354 42
355 42
356 42
357 43
358 43
359 43
360 45
361 44
362 45
363 43
364 45
365 46
366 43
367 40
368 45
369 44
370 44
371 44
372 45
373 46
374 43
375 39
376 41
377 42
378 46
379 42
380 40
381 41
382 39
383 42
384 44
385 42
386 43
387 41
388 41
389 43
390 40
391 44
392 39
393 39
394 39
395 44
396 41
397 40
398 41
399 40
400 45
401 44
402 40
403 42
404 41
405 44
406 45
407 45
408 46
409 43
410 45
411 43
412 42
413 42
414 45
415 45
416 45
417 46
418 45
419 48
420 49
421 50
422 44
423 43
424 41
425 42
426 38
427 40
428 42
429 45
430 40
431 38
432 42
433 42
434 44
435 41
436 39
437 39
438 40
439 35
440 41
441 40
442 41
443 45
444 44
445 43
446 44
447 46
448 44
449 42
450 39
451 40
452 39
453 40
454 43
455 41
456 44
457 45
458 43
459 43
460 44
461 45
462 45
463 42
464 43
465 45
466 44
467 41
468 41
469 43
470 41
471 38
472 41
473 47
474 41
475 42
476 42
477 39
478 38
479 43
480 47
481 46
482 43
483 37
484 40
485 42
486 42
487 44
488 45
489 46
490 44
491 45
492 46
493 43
494 41
495 43
496 41
497 44
498 44
499 45
500 39
501 39
502 41
503 46
504 46
505 44
506 46
507 47
508 46
509 46
510 44
511 45
512 44
513 43
514 40
515 39
516 42
517 44
518 41
519 41
520 40
521 43
522 41
523 46
524 45
525 41
526 44
527 41
528 39
529 41
530 43
531 44
532 47
533 44
534 45
535 45
536 46
537 45
538 41
539 41
540 41
541 42
542 43
543 42
544 44
545 44
546 44
547 45
548 43
549 41
550 46
551 46
552 42
553 42
554 44
555 41
556 43
557 42
558 41
559 41
560 38
561 45
562 40
563 41
564 44
565 43
566 48
567 46
568 45
569 44
570 43
571 41
572 40
573 40
574 40
575 38
576 38
577 42
578 42
579 45
580 46
581 42
582 41
583 42
584 41
585 42
586 43
587 44
588 46
589 45
590 42
591 43
592 42
593 43
594 44
595 42
596 45
597 43
598 41
599 37
600 44
601 43
602 38
603 34
604 35
605 38
606 39
607 37
608 39
609 46
610 41
611 46
612 43
613 41
614 41
615 41
616 41
617 43
618 41
619 41
620 42
621 34
622 39
623 39
624 39
625 40
626 42
627 43
628 39
629 41
630 44
631 44
632 45
633 47
634 45
635 43
636 42
637 44
638 44
639 45
640 45
641 44
642 41
643 38
644 43
645 47
646 44
647 43
648 44
649 43
650 45
651 47
652 47
653 49
654 42
655 39
656 42
657 41
658 44
659 46
660 43
661 41
662 41
663 40
664 42
665 42
666 42
667 39
668 40
669 35
670 41
671 43
672 46
673 42
674 44
675 40
676 42
677 41
678 41
679 43
680 42
681 39
682 43
683 45
684 44
685 40
686 37
687 39
688 41
689 38
690 38
691 38
692 36
693 41
694 43
695 45
696 45
697 44
698 43
699 44
700 44
701 40
702 46
703 44
704 43
705 42
706 42
707 37
708 43
709 42
710 44
711 42
712 45
713 44
714 40
715 42
716 43
717 43
718 42
719 40
720 38
721 42
722 45
723 38
724 38
725 41
726 40
727 42
728 41
729 43
730 38
731 41
732 44
733 44
734 42
735 41
736 41
737 42
738 39
739 43
740 45
741 45
742 43
743 44
744 42
745 41
746 42
747 44
748 46
749 47
750 40
751 38
752 39
753 40
754 41
755 45
756 47
757 44
758 41
759 44
760 43
761 45
762 40
763 43
764 42
765 42
766 44
767 44
768 44
769 43
770 46
771 44
772 46
773 43
774 46
775 41
776 39
777 43
778 41
779 43
780 45
781 41
782 44
783 42
784 40
785 41
786 45
787 46
788 45
789 47
790 47
791 45
792 44
793 42
794 43
795 41
796 40
797 43
798 38
799 42
800 43
801 46
802 41
803 41
804 37
805 33
806 36
807 41
808 40
809 37
810 37
811 38
812 41
813 40
814 36
815 36
816 33
817 36
818 36
819 37
820 39
821 40
822 43
823 49
824 48
825 45
826 40
827 39
828 42
829 44
830 45
831 41
832 42
833 44
834 44
835 41
836 42
837 43
838 44
839 44
840 47
841 44
842 43
843 42
844 46
845 45
846 40
847 44
848 44
849 45
850 45
851 43
852 44
853 44
854 41
855 42
856 41
857 41
858 38
859 32
860 38
861 38
862 37
863 43
864 42
865 42
866 40
867 40
868 41
869 41
870 39
871 40
872 42
873 45
874 44
875 42
876 40
877 42
878 40
879 40
880 39
881 43
882 43
883 42
884 44
885 43
886 42
887 45
888 43
889 44
890 46
891 44
892 41
893 41
894 41
895 40
896 42
897 44
898 45
899 47
900 46
901 44
902 43
903 47
904 46
905 48
906 43
907 42
908 37
909 39
910 42
911 41
912 47
913 47
914 45
915 39
916 42
917 43
918 45
919 43
920 44
921 41
922 46
923 44
924 45
925 40
926 41
927 41
928 44
929 44
930 44
931 42
932 42
933 45
934 41
935 39
936 37
937 38
938 41
939 39
940 43
941 44
942 46
943 47
944 48
945 43
946 43
947 45
948 43
949 40
950 42
951 46
952 47
953 43
954 44
955 41
956 42
957 36
958 40
959 42
960 41
961 41
962 40
963 44
964 39
965 43
966 42
967 42
968 43
969 44
970 44
971 44
972 45
973 45
974 44
975 47
976 43
977 41
978 40
979 43
980 45
981 41
982 46
983 44
984 45
985 44
986 42
987 46
988 46
989 41
990 36
991 37
992 39
993 40
994 41
995 40
996 38
997 39
998 40
999 44
1000 46
