0 55
1 47
2 48
3 45
4 42
5 36
6 35
7 40
8 38
9 36
10 34
11 35
12 36
13 35
14 34
15 32
16 34
17 36
18 35
19 37
20 34
21 37
22 36
23 39
24 37
25 40
26 39
27 44
28 42
29 41
30 40
31 33
32 32
33 39
34 36
35 39
36 39
37 37
38 35
39 35
40 36
41 38
42 38
43 42
44 40
45 38
46 38
47 40
48 39
49 36
50 34
51 35
52 35
53 36
54 38
55 39
56 39
57 40
58 43
59 42
60 40
61 40
62 38
63 39
64 32
65 37
66 40
67 44
68 43
69 36
70 40
71 39
72 36
73 36
74 39
75 42
76 41
77 41
78 39
79 38
80 40
81 39
82 40
83 42
84 41
85 41
86 39
87 42
88 40
89 41
90 34
91 40
92 41
93 42
94 38
95 39
96 42
97 40
98 41
99 40
100 38
101 38
102 39
103 37
104 35
105 40
106 41
107 39
108 40
109 36
110 37
111 39
112 43
113 43
114 42
115 43
116 45
117 39
118 37
119 36
120 38
121 39
122 40
123 40
124 42
125 42
126 41
127 38
128 38
129 37
130 37
131 38
132 38
133 39
134 43
135 40
136 40
137 43
138 41
139 42
140 39
141 39
142 39
143 38
144 35
145 33
146 41
147 38
148 39
149 36
150 41
151 40
152 42
153 42
154 38
155 39
156 41
157 39
158 40
159 36
160 42
161 43
162 39
163 38
164 37
165 36
166 36
167 38
168 40
169 39
170 39
171 39
172 38
173 39
174 38
175 38
176 35
177 37
178 38
179 40
180 42
181 41
182 41
183 39
184 41
185 41
186 44
187 42
188 40
189 41
190 45
191 41
192 41
193 42
194 40
195 42
196 40
197 39
198 37
199 35
200 35
201 35
202 37
203 41
204 41
205 36
206 37
207 37
208 42
209 35
210 36
211 35
212 39
213 37
214 41
215 36
216 34
217 30
218 35
219 38
220 33
221 37
222 37
223 37
224 40
225 41
226 37
227 39
228 41
229 44
230 41
231 41
232 38
233 36
234 36
235 34
236 37
237 39
238 41
239 42
240 43
241 40
242 44
243 39
244 38
245 41
246 38
247 39
248 39
249 38
250 34
251 36
252 40
253 42
254 44
255 40
256 39
257 32
258 38
259 44
260 45
261 39
262 39
263 40
264 40
265 38
266 35
267 40
268 41
269 42
270 41
271 39
272 36
273 38
274 39
275 38
276 38
277 37
278 38
279 37
280 36
281 35
282 32
283 37
284 40
285 37
286 40
287 38
288 40
289 39
290 39
291 41
292 41
293 40
294 42
295 42
296 43
297 43
298 41
299 41
300 38
301 39
302 40
303 38
304 34
305 36
306 34
307 39
308 37
309 36
310 37
311 39
312 36
313 37
314 39
315 42
316 38
317 37
318 37
319 38
320 38
321 38
322 40
323 39
324 38
325 41
326 33
327 32
328 36
329 36
330 36
331 38
332 39
333 34
334 38
335 37
336 35
337 37
338 36
339 30
340 37
341 38
342 39
343 38
344 38
345 41
346 42
347 36
348 35
349 37
350 40
351 41
352 43
353 42
354 42
355 39
356 39
357 31
358 36
359 41
360 36
361 36
362 37
363 37
364 31
365 36
366 35
367 34
368 36
369 35
370 40
371 36
372 33
373 36
374 35
375 37
376 36
377 38
378 34
379 37
380 42
381 37
382 36
383 40
384 40
385 40
386 39
387 37
388 37
389 40
390 40
391 41
392 39
393 36
394 36
395 41
396 34
397 37
398 34
399 35
400 36
401 41
402 40
403 41
404 34
405 36
406 38
407 38
408 37
409 36
410 35
411 37
412 36
413 37
414 36
415 39
416 41
417 36
418 36
419 34
420 39
421 36
422 34
423 38
424 36
425 38
426 40
427 41
428 38
429 39
430 38
431 40
432 42
433 39
434 40
435 41
436 41
437 36
438 38
439 41
440 43
441 37
442 44
443 40
444 42
445 38
446 41
447 39
448 34
449 40
450 41
451 37
452 33
453 39
454 32
455 35
456 41
457 40
458 40
459 40
460 43
461 39
462 39
463 35
464 35
465 36
466 36
467 34
468 35
469 31
470 34
471 38
472 38
473 40
474 42
475 39
476 34
477 34
478 32
479 38
480 33
481 34
482 38
483 40
484 34
485 35
486 40
487 41
488 37
489 38
490 39
491 38
492 37
493 38
494 39
495 42
496 44
497 43
498 42
499 36
500 39
501 42
502 36
503 36
504 38
505 39
506 38
507 33
508 37
509 37
510 34
511 33
512 33
513 34
514 37
515 38
516 39
517 38
518 36
519 40
520 43
521 42
522 37
523 39
524 42
525 40
526 39
527 41
528 41
529 39
530 34
531 34
532 39
533 40
534 39
535 40
536 41
537 41
538 42
539 40
540 39
541 38
542 36
543 39
544 37
545 38
546 37
547 34
548 36
549 38
550 37
551 38
552 41
553 38
554 41
555 36
556 40
557 37
558 36
559 40
560 41
561 38
562 40
563 40
564 44
565 43
566 38
567 37
568 43
569 40
570 37
571 36
572 38
573 38
574 40
575 38
576 41
577 43
578 41
579 36
580 35
581 39
582 40
583 43
584 40
585 37
586 35
587 35
588 38
589 41
590 37
591 39
592 38
593 38
594 40
595 40
596 39
597 38
598 41
599 40
600 34
601 40
602 39
603 39
604 43
605 37
606 37
607 36
608 44
609 40
610 44
611 42
612 43
613 42
614 44
615 42
616 41
617 41
618 41
619 39
620 35
621 38
622 39
623 37
624 38
625 35
626 39
627 37
628 40
629 40
630 41
631 40
632 38
633 35
634 41
635 40
636 40
637 39
638 40
639 41
640 44
641 37
642 41
643 40
644 37
645 40
646 39
647 40
648 38
649 40
650 37
651 34
652 34
653 39
654 38
655 40
656 43
657 38
658 37
659 37
660 38
661 38
662 36
663 36
664 39
665 37
666 37
667 44
668 41
669 36
670 40
671 39
672 41
673 38
674 39
675 37
676 37
677 36
678 41
679 40
680 33
681 39
682 39
683 41
684 39
685 35
686 38
687 36
688 36
689 36
690 39
691 39
692 39
693 42
694 38
695 34
696 31
697 31
698 34
699 36
700 39
701 37
702 39
703 36
704 35
705 35
706 38
707 39
708 37
709 36
710 34
711 38
712 34
713 35
714 41
715 39
716 39
717 38
718 38
719 35
720 36
721 37
722 29
723 35
724 38
725 35
726 38
727 36
728 34
729 33
730 36
731 42
732 42
733 42
734 46
735 43
736 41
737 41
738 41
739 33
740 37
741 35
742 33
743 38
744 42
745 39
746 39
747 37
748 39
749 41
750 43
751 35
752 35
753 38
754 33
755 34
756 35
757 37
758 38
759 40
760 36
761 38
762 41
763 41
764 43
765 41
766 44
767 44
768 43
769 40
770 37
771 37
772 37
773 35
774 37
775 30
776 38
777 34
778 34
779 34
780 36
781 40
782 37
783 38
784 34
785 36
786 36
787 42
788 40
789 42
790 37
791 38
792 39
793 42
794 39
795 40
796 38
797 39
798 39
799 33
800 38
801 38
802 38
803 39
804 40
805 39
806 38
807 38
808 39
809 38
810 40
811 42
812 40
813 42
814 36
815 36
816 38
817 37
818 40
819 40
820 35
821 39
822 35
823 38
824 42
825 41
826 40
827 40
828 42
829 42
830 36
831 36
832 33
833 38
834 38
835 43
836 40
837 41
838 41
839 38
840 37
841 34
842 36
843 35
844 38
845 38
846 36
847 34
848 34
849 35
850 37
851 39
852 37
853 41
854 42
855 40
856 36
857 34
858 36
859 37
860 36
861 35
862 35
863 37
864 41
865 39
866 36
867 36
868 41
869 40
870 42
871 33
872 30
873 32
874 36
875 38
876 35
877 37
878 38
879 36
880 37
881 35
882 34
883 38
884 37
885 37
886 39
887 39
888 40
889 36
890 35
891 34
892 37
893 40
894 42
895 38
896 39
897 38
898 36
899 36
900 38
901 40
902 40
903 41
904 38
905 39
906 39
907 36
908 39
909 39
910 38
911 35
912 34
913 37
914 39
915 43
916 35
917 37
918 37
919 37
920 39
921 38
922 40
923 38
924 36
925 34
926 33
927 36
928 33
929 37
930 37
931 41
932 43
933 40
934 41
935 40
936 38
937 36
938 43
939 37
940 35
941 39
942 39
943 38
944 36
945 32
946 30
947 34
948 34
949 34
950 37
951 35
952 41
953 40
954 39
955 38
956 39
957 40
958 40
959 38
960 39
961 40
962 35
963 39
964 39
965 41
966 38
967 37
968 38
969 42
970 41
971 40
972 41
973 37
974 37
975 37
976 37
977 39
978 38
979 40
980 39
981 36
982 34
983 33
984 39
985 40
986 41
987 41
988 40
989 36
990 39
991 37
992 38
993 37
994 37
995 38
996 43
997 43
998 37
999 40
1000 42
