0 35
1 22
2 20
3 20
4 24
5 18
6 21
7 23
8 23
9 21
10 22
11 23
12 20
13 22
14 22
15 21
16 21
17 21
18 22
19 19
20 22
21 23
22 22
23 24
24 22
25 22
26 24
27 21
28 24
29 24
30 22
31 24
32 25
33 21
34 23
35 23
36 18
37 16
38 23
39 21
40 22
41 21
42 21
43 22
44 19
45 24
46 22
47 25
48 19
49 22
50 22
51 19
52 21
53 21
54 22
55 20
56 25
57 24
58 21
59 22
60 21
61 19
62 20
63 22
64 22
65 23
66 24
67 22
68 21
69 23
70 24
71 21
72 22
73 22
74 22
75 21
76 24
77 20
78 22
79 21
80 22
81 20
82 23
83 18
84 20
85 24
86 23
87 21
88 22
89 21
90 25
91 23
92 22
93 24
94 22
95 22
96 24
97 23
98 26
99 22
100 23
101 24
102 24
103 23
104 15
105 21
106 23
107 21
108 22
109 19
110 21
111 20
112 22
113 20
114 21
115 23
116 25
117 21
118 16
119 22
120 22
121 24
122 23
123 22
124 24
125 20
126 19
127 21
128 22
129 23
130 25
131 22
132 23
133 25
134 22
135 21
136 24
137 23
138 23
139 22
140 20
141 19
142 24
143 22
144 23
145 22
146 21
147 23
148 24
149 25
150 22
151 25
152 24
153 22
154 24
155 19
156 19
157 22
158 22
159 20
160 22
161 22
162 21
163 23
164 24
165 22
166 20
167 21
168 19
169 25
170 20
171 22
172 21
173 23
174 23
175 20
176 21
177 23
178 24
179 23
180 23
181 22
182 22
183 20
184 24
185 23
186 22
187 23
188 23
189 22
190 22
191 21
192 21
193 21
194 21
195 21
196 21
197 21
198 19
199 22
200 24
201 25
202 23
203 23
204 23
205 20
206 21
207 19
208 19
209 24
210 23
211 23
212 23
213 22
214 25
215 21
216 24
217 22
218 23
219 20
220 18
221 21
222 22
223 19
224 20
225 19
226 20
227 20
228 20
229 21
230 20
231 22
232 20
233 23
234 23
235 24
236 20
237 25
238 23
239 21
240 25
241 23
242 23
243 21
244 20
245 23
246 19
247 23
248 21
249 22
250 22
251 23
252 24
253 23
254 23
255 24
256 23
257 22
258 22
259 23
260 24
261 23
262 23
263 20
264 18
265 23
266 25
267 24
268 26
269 22
270 22
271 23
272 22
273 22
274 25
275 18
276 21
277 23
278 21
279 23
280 23
281 21
282 24
283 24
284 24
285 22
286 21
287 22
288 20
289 20
290 22
291 21
292 21
293 22
294 24
295 24
296 25
297 25
298 23
299 23
300 25
301 23
302 23
303 23
304 20
305 21
306 22
307 20
308 22
309 21
310 22
311 20
312 23
313 24
314 23
315 20
316 22
317 22
318 22
319 20
320 21
321 25
322 23
323 22
324 22
325 25
326 23
327 25
328 24
329 21
330 24
331 24
332 19
333 24
334 22
335 22
336 24
337 25
338 20
339 22
340 23
341 19
342 22
343 23
344 22
345 26
346 23
347 23
348 25
349 25
350 23
351 23
352 23
353 21
354 23
355 21
356 18
357 21
358 20
359 23
360 22
361 22
362 23
363 19
364 21
365 22
366 20
367 23
368 19
369 22
370 23
371 21
372 21
373 24
374 20
375 20
376 19
377 22
378 19
379 24
380 23
381 22
382 21
383 21
384 22
385 22
386 23
387 21
388 22
389 23
390 24
391 19
392 22
393 21
394 21
395 25
396 24
397 20
398 22
399 22
400 24
401 25
402 23
403 25
404 25
405 24
406 23
407 25
408 25
409 22
410 24
411 24
412 20
413 22
414 21
415 25
416 21
417 17
418 20
419 22
420 24
421 22
422 21
423 25
424 20
425 22
426 23
427 22
428 22
429 22
430 21
431 24
432 21
433 22
434 22
435 22
436 18
437 22
438 22
439 16
440 20
441 21
442 21
443 23
444 23
445 25
446 24
447 24
448 24
449 22
450 21
451 24
452 23
453 24
454 25
455 27
456 21
457 16
458 20
459 21
460 23
461 20
462 24
463 22
464 19
465 20
466 21
467 21
468 25
469 23
470 21
471 19
472 20
473 23
474 21
475 19
476 24
477 25
478 23
479 24
480 24
481 22
482 23
483 23
484 19
485 20
486 20
487 21
488 20
489 23
490 23
491 24
492 24
493 20
494 21
495 20
496 21
497 21
498 23
499 22
500 25
501 23
502 24
503 22
504 22
505 22
506 21
507 22
508 23
509 23
510 23
511 22
512 23
513 22
514 23
515 22
516 22
517 22
518 20
519 23
520 22
521 18
522 22
523 23
524 23
525 20
526 21
527 23
528 24
529 22
530 20
531 21
532 18
533 22
534 22
535 25
536 25
537 22
538 23
539 21
540 21
541 18
542 19
543 22
544 22
545 22
546 23
547 24
548 23
549 24
550 25
551 24
552 23
553 23
554 22
555 20
556 20
557 21
558 24
559 18
560 22
561 25
562 24
563 21
564 24
565 23
566 22
567 22
568 23
569 23
570 20
571 24
572 22
573 24
574 23
575 22
576 22
577 23
578 20
579 19
580 22
581 21
582 23
583 20
584 20
585 23
586 21
587 21
588 22
589 22
590 21
591 21
592 19
593 23
594 26
595 23
596 21
597 22
598 23
599 23
600 24
601 23
602 23
603 21
604 24
605 24
606 23
607 22
608 23
609 20
610 20
611 21
612 23
613 25
614 24
615 23
616 24
617 20
618 21
619 20
620 20
621 20
622 17
623 23
624 24
625 20
626 23
627 22
628 22
629 20
630 18
631 22
632 24
633 23
634 23
635 21
636 19
637 22
638 22
639 19
640 19
641 21
642 21
643 20
644 23
645 24
646 22
647 23
648 22
649 24
650 23
651 22
652 18
653 21
654 22
655 22
656 24
657 22
658 25
659 21
660 23
661 20
662 20
663 22
664 21
665 19
666 18
667 21
668 22
669 24
670 21
671 21
672 21
673 24
674 20
675 20
676 22
677 22
678 23
679 24
680 26
681 24
682 20
683 21
684 18
685 23
686 20
687 21
688 22
689 22
690 23
691 22
692 23
693 24
694 22
695 23
696 23
697 23
698 23
699 24
700 24
701 23
702 21
703 22
704 24
705 21
706 25
707 24
708 23
709 23
710 21
711 22
712 23
713 22
714 21
715 20
716 22
717 21
718 24
719 23
720 20
721 21
722 25
723 21
724 20
725 22
726 25
727 23
728 22
729 24
730 22
731 22
732 25
733 20
734 23
735 19
736 23
737 23
738 25
739 19
740 22
741 22
742 22
743 16
744 22
745 24
746 21
747 22
748 24
749 22
750 21
751 23
752 23
753 26
754 24
755 22
756 20
757 24
758 21
759 22
760 23
761 21
762 22
763 25
764 25
765 21
766 18
767 21
768 24
769 23
770 20
771 24
772 22
773 23
774 24
775 23
776 22
777 22
778 25
779 24
780 21
781 20
782 21
783 17
784 24
785 25
786 22
787 21
788 22
789 22
790 21
791 24
792 20
793 22
794 21
795 22
796 22
797 22
798 21
799 23
800 21
801 24
802 20
803 24
804 22
805 22
806 20
807 24
808 22
809 24
810 25
811 25
812 20
813 24
814 21
815 21
816 23
817 21
818 21
819 24
820 23
821 23
822 22
823 19
824 24
825 21
826 23
827 22
828 23
829 21
830 21
831 16
832 19
833 21
834 20
835 24
836 22
837 21
838 23
839 23
840 23
841 21
842 24
843 23
844 23
845 22
846 22
847 24
848 20
849 22
850 22
851 19
852 22
853 24
854 24
855 21
856 22
857 23
858 23
859 26
860 22
861 21
862 20
863 22
864 22
865 24
866 22
867 20
868 23
869 21
870 21
871 20
872 23
873 23
874 24
875 24
876 22
877 21
878 21
879 22
880 22
881 24
882 22
883 23
884 19
885 20
886 22
887 26
888 20
889 23
890 20
891 23
892 23
893 23
894 22
895 25
896 22
897 18
898 18
899 23
900 21
901 21
902 24
903 22
904 20
905 19
906 23
907 24
908 24
909 24
910 19
911 23
912 20
913 21
914 21
915 23
916 26
917 24
918 22
919 23
920 24
921 20
922 20
923 21
924 24
925 22
926 25
927 25
928 20
929 19
930 22
931 24
932 19
933 22
934 20
935 23
936 24
937 19
938 23
939 23
940 21
941 21
942 22
943 23
944 24
945 23
946 21
947 21
948 24
949 23
950 23
951 23
952 24
953 24
954 23
955 23
956 22
957 22
958 21
959 20
960 22
961 22
962 20
963 19
964 24
965 23
966 23
967 22
968 22
969 23
970 23
971 24
972 20
973 24
974 25
975 23
976 21
977 22
978 23
979 22
980 19
981 21
982 23
983 23
984 21
985 22
986 21
987 24
988 23
989 25
990 21
991 22
992 21
993 24
994 22
995 21
996 23
997 21
998 22
999 24
1000 22
