0 90
1 72
2 74
3 65
4 62
5 66
6 65
7 56
8 63
9 63
10 62
11 67
12 67
13 63
14 62
15 64
16 65
17 69
18 68
19 69
20 69
21 68
22 61
23 62
24 69
25 64
26 71
27 69
28 63
29 68
30 66
31 59
32 65
33 62
34 65
35 65
36 63
37 63
38 65
39 62
40 66
41 67
42 65
43 73
44 67
45 69
46 69
47 62
48 64
49 64
50 68
51 63
52 60
53 66
54 65
55 64
56 57
57 68
58 67
59 68
60 68
61 68
62 59
63 60
64 61
65 63
66 65
67 64
68 67
69 63
70 66
71 61
72 59
73 59
74 65
75 61
76 62
77 60
78 68
79 68
80 68
81 64
82 66
83 66
84 65
85 69
86 66
87 62
88 64
89 65
90 62
91 61
92 61
93 68
94 63
95 64
96 69
97 68
98 61
99 61
100 65
101 65
102 69
103 57
104 65
105 62
106 58
107 64
108 65
109 66
110 64
111 59
112 69
113 65
114 66
115 69
116 65
117 62
118 61
119 66
120 65
121 61
122 66
123 60
124 62
125 67
126 65
127 59
128 61
129 61
130 64
131 59
132 67
133 66
134 63
135 59
136 63
137 61
138 66
139 65
140 65
141 63
142 65
143 62
144 63
145 62
146 61
147 66
148 67
149 70
150 71
151 66
152 67
153 60
154 67
155 65
156 62
157 67
158 67
159 64
160 60
161 62
162 61
163 66
164 59
165 65
166 67
167 69
168 60
169 66
170 61
171 62
172 62
173 67
174 71
175 61
176 62
177 67
178 58
179 65
180 62
181 65
182 65
183 61
184 67
185 62
186 59
187 65
188 69
189 73
190 68
191 61
192 68
193 62
194 63
195 66
196 70
197 64
198 62
199 66
200 62
201 68
202 62
203 66
204 70
205 65
206 59
207 64
208 61
209 59
210 58
211 57
212 57
213 63
214 65
215 67
216 63
217 63
218 65
219 64
220 70
221 62
222 61
223 64
224 66
225 65
226 65
227 60
228 67
229 66
230 72
231 67
232 64
233 67
234 71
235 68
236 67
237 71
238 61
239 52
240 62
241 64
242 59
243 61
244 63
245 62
246 61
247 59
248 61
249 59
250 59
251 61
252 65
253 67
254 71
255 63
256 68
257 59
258 63
259 64
260 66
261 67
262 64
263 68
264 64
265 59
266 67
267 66
268 67
269 67
270 63
271 64
272 63
273 67
274 64
275 54
276 61
277 62
278 66
279 64
280 66
281 64
282 62
283 56
284 65
285 55
286 55
287 61
288 66
289 59
290 67
291 65
292 66
293 66
294 63
295 66
296 64
297 65
298 64
299 62
300 57
301 58
302 61
303 65
304 67
305 57
306 61
307 66
308 70
309 65
310 68
311 69
312 69
313 64
314 63
315 62
316 64
317 66
318 64
319 64
320 66
321 67
322 68
323 70
324 55
325 64
326 62
327 65
328 66
329 65
330 58
331 57
332 61
333 58
334 57
335 63
336 64
337 63
338 61
339 65
340 62
341 65
342 65
343 67
344 64
345 67
346 59
347 61
348 61
349 65
350 61
351 58
352 60
353 66
354 66
355 61
356 61
357 60
358 62
359 68
360 69
361 63
362 62
363 67
364 66
365 62
366 65
367 67
368 65
369 66
370 56
371 61
372 66
373 67
374 66
375 66
376 64
377 59
378 60
379 62
380 61
381 62
382 66
383 62
384 64
385 65
386 66
387 59
388 65
389 64
390 61
391 62
392 62
393 67
394 68
395 68
396 66
397 68
398 70
399 66
400 62
401 62
402 62
403 62
404 64
405 64
406 68
407 65
408 62
409 70
410 68
411 63
412 61
413 61
414 67
415 58
416 64
417 61
418 59
419 60
420 63
421 64
422 66
423 65
424 64
425 63
426 69
427 62
428 59
429 61
430 67
431 68
432 70
433 62
434 65
435 64
436 64
437 66
438 64
439 66
440 70
441 69
442 65
443 63
444 63
445 61
446 60
447 57
448 60
449 63
450 60
451 58
452 58
453 67
454 66
455 67
456 64
457 63
458 64
459 62
460 62
461 71
462 64
463 61
464 60
465 63
466 70
467 66
468 65
469 62
470 65
471 65
472 61
473 62
474 63
475 63
476 59
477 61
478 61
479 67
480 64
481 66
482 66
483 67
484 65
485 65
486 69
487 66
488 67
489 72
490 65
491 59
492 62
493 67
494 72
495 67
496 70
497 68
498 62
499 59
500 60
501 58
502 65
503 69
504 66
505 64
506 63
507 62
508 56
509 59
510 62
511 67
512 65
513 68
514 72
515 71
516 70
517 69
518 63
519 61
520 68
521 69
522 68
523 62
524 63
525 67
526 62
527 65
528 66
529 64
530 65
531 64
532 61
533 66
534 64
535 64
536 63
537 60
538 61
539 67
540 64
541 58
542 67
543 59
544 64
545 60
546 68
547 68
548 73
549 66
550 66
551 56
552 59
553 62
554 61
555 67
556 59
557 67
558 63
559 65
560 63
561 65
562 67
563 66
564 66
565 67
566 64
567 64
568 63
569 70
570 62
571 67
572 61
573 61
574 61
575 66
576 63
577 66
578 63
579 66
580 65
581 67
582 66
583 65
584 66
585 60
586 62
587 56
588 63
589 62
590 61
591 64
592 65
593 68
594 64
595 61
596 65
597 68
598 73
599 71
600 70
601 67
602 66
603 62
604 62
605 67
606 68
607 65
608 65
609 56
610 60
611 61
612 59
613 68
614 65
615 62
616 58
617 61
618 62
619 65
620 64
621 60
622 58
623 60
624 68
625 65
626 62
627 66
628 67
629 64
630 65
631 62
632 63
633 65
634 65
635 72
636 66
637 64
638 63
639 61
640 66
641 69
642 60
643 58
644 63
645 67
646 67
647 73
648 68
649 67
650 70
651 65
652 66
653 64
654 66
655 62
656 62
657 66
658 66
659 65
660 59
661 57
662 61
663 66
664 62
665 61
666 59
667 56
668 55
669 57
670 58
671 60
672 60
673 63
674 58
675 62
676 65
677 61
678 60
679 63
680 64
681 63
682 70
683 67
684 66
685 65
686 64
687 68
688 66
689 64
690 69
691 68
692 68
693 65
694 66
695 63
696 65
697 64
698 59
699 67
700 62
701 66
702 63
703 70
704 64
705 60
706 66
707 62
708 59
709 63
710 69
711 67
712 68
713 68
714 64
715 62
716 65
717 62
718 59
719 66
720 66
721 65
722 64
723 63
724 63
725 62
726 67
727 65
728 63
729 64
730 65
731 68
732 65
733 68
734 68
735 71
736 60
737 60
738 58
739 62
740 56
741 63
742 63
743 62
744 59
745 68
746 69
747 65
748 65
749 62
750 67
751 70
752 63
753 63
754 69
755 68
756 71
757 68
758 65
759 63
760 63
761 65
762 65
763 63
764 63
765 65
766 62
767 66
768 66
769 70
770 67
771 68
772 71
773 68
774 60
775 59
776 60
777 65
778 66
779 71
780 66
781 68
782 68
783 67
784 63
785 63
786 66
787 61
788 67
789 68
790 68
791 66
792 70
793 65
794 66
795 72
796 67
797 64
798 67
799 68
800 63
801 62
802 62
803 63
804 75
805 64
806 66
807 65
808 64
809 63
810 66
811 67
812 60
813 64
814 62
815 57
816 66
817 67
818 70
819 68
820 66
821 64
822 62
823 59
824 61
825 61
826 63
827 59
828 62
829 63
830 59
831 63
832 67
833 64
834 63
835 66
836 66
837 64
838 59
839 62
840 65
841 63
842 64
843 68
844 65
845 64
846 57
847 63
848 70
849 70
850 66
851 63
852 60
853 64
854 65
855 67
856 65
857 60
858 64
859 62
860 68
861 63
862 64
863 64
864 64
865 63
866 63
867 64
868 56
869 63
870 65
871 65
872 60
873 62
874 63
875 68
876 66
877 63
878 67
879 62
880 66
881 65
882 65
883 69
884 68
885 63
886 68
887 63
888 66
889 69
890 62
891 62
892 64
893 66
894 61
895 60
896 55
897 61
898 66
899 65
900 63
901 65
902 65
903 66
904 58
905 66
906 69
907 63
908 65
909 62
910 62
911 61
912 64
913 67
914 66
915 69
916 67
917 65
918 62
919 61
920 63
921 67
922 63
923 69
924 59
925 62
926 69
927 65
928 59
929 57
930 64
931 70
932 65
933 63
934 67
935 68
936 65
937 58
938 66
939 62
940 65
941 63
942 64
943 67
944 67
945 68
946 59
947 62
948 66
949 69
950 63
951 66
952 67
953 66
954 66
955 62
956 64
957 62
958 63
959 65
960 69
961 66
962 63
963 62
964 61
965 55
966 61
967 63
968 66
969 65
970 64
971 68
972 64
973 65
974 64
975 68
976 67
977 63
978 61
979 60
980 71
981 65
982 64
983 64
984 60
985 61
986 63
987 68
988 67
989 67
990 67
991 59
992 58
993 60
994 62
995 62
996 66
997 67
998 63
999 66
1000 65
