0 65
1 52
2 45
3 42
4 40
5 42
6 41
7 43
8 42
9 44
10 43
11 42
12 44
13 42
14 43
15 40
16 38
17 38
18 43
19 40
20 43
21 46
22 41
23 41
24 41
25 43
26 43
27 45
28 44
29 42
30 44
31 43
32 41
33 43
34 40
35 41
36 41
37 44
38 38
39 35
40 38
41 39
42 41
43 38
44 41
45 41
46 39
47 41
48 43
49 44
50 43
51 41
52 43
53 44
54 41
55 41
56 43
57 42
58 43
59 42
60 43
61 41
62 40
63 39
64 40
65 41
66 35
67 38
68 43
69 44
70 41
71 41
72 41
73 41
74 42
75 44
76 41
77 42
78 42
79 43
80 42
81 41
82 44
83 40
84 42
85 44
86 45
87 45
88 38
89 39
90 42
91 42
92 41
93 43
94 39
95 40
96 37
97 42
98 43
99 44
100 43
101 44
102 45
103 46
104 44
105 41
106 41
107 44
108 45
109 44
110 43
111 43
112 43
113 46
114 44
115 43
116 42
117 42
118 43
119 40
120 38
121 38
122 43
123 39
124 42
125 44
126 48
127 43
128 42
129 43
130 44
131 45
132 45
133 38
134 39
135 39
136 42
137 45
138 44
139 46
140 42
141 36
142 38
143 43
144 43
145 43
146 42
147 41
148 44
149 46
150 45
151 42
152 43
153 43
154 39
155 41
156 44
157 43
158 42
159 42
160 41
161 42
162 45
163 40
164 41
165 43
166 42
167 44
168 42
169 43
170 41
171 36
172 40
173 39
174 46
175 43
176 42
177 42
178 44
179 41
180 44
181 40
182 40
183 40
184 41
185 44
186 46
187 44
188 44
189 42
190 46
191 45
192 44
193 46
194 46
195 38
196 40
197 40
198 38
199 43
200 42
201 40
202 42
203 41
204 44
205 43
206 43
207 46
208 41
209 37
210 39
211 40
212 42
213 40
214 40
215 37
216 44
217 42
218 44
219 43
220 45
221 44
222 44
223 38
224 43
225 45
226 45
227 46
228 47
229 44
230 44
231 44
232 42
233 36
234 42
235 38
236 38
237 42
238 42
239 40
240 41
241 40
242 41
243 42
244 43
245 40
246 45
247 42
248 44
249 42
250 41
251 42
252 41
253 43
254 44
255 40
256 38
257 44
258 42
259 42
260 44
261 46
262 42
263 40
264 41
265 42
266 40
267 37
268 36
269 42
270 42
271 41
272 43
273 39
274 41
275 40
276 43
277 34
278 40
279 38
280 38
281 42
282 45
283 42
284 44
285 44
286 44
287 46
288 42
289 39
290 39
291 41
292 42
293 42
294 43
295 45
296 44
297 42
298 44
299 44
300 47
301 46
302 37
303 38
304 39
305 42
306 43
307 44
308 42
309 40
310 41
311 41
312 42
313 41
314 42
315 43
316 44
317 42
318 42
319 44
320 44
321 42
322 43
323 41
324 43
325 44
326 44
327 43
328 43
329 41
330 40
331 39
332 43
333 40
334 39
335 40
336 39
337 39
338 42
339 42
340 43
341 39
342 41
343 40
344 40
345 39
346 43
347 42
348 41
349 41
350 41
351 43
352 43
353 44
354 43
355 40
356 43
357 44
358 42
359 40
360 43
361 42
362 40
363 39
364 38
365 41
366 40
367 41
368 43
369 43
370 43
371 40
372 43
373 40
374 43
375 40
376 43
377 46
378 46
379 43
380 43
381 43
382 42
383 45
384 44
385 41
386 43
387 43
388 43
389 43
390 41
391 39
392 40
393 42
394 44
395 42
396 46
397 46
398 44
399 45
400 43
401 44
402 41
403 43
404 43
405 44
406 43
407 40
408 44
409 41
410 41
411 41
412 42
413 43
414 47
415 44
416 41
417 42
418 46
419 44
420 44
421 41
422 38
423 43
424 42
425 46
426 42
427 39
428 37
429 37
430 41
431 44
432 39
433 42
434 41
435 43
436 41
437 40
438 43
439 43
440 41
441 42
442 44
443 43
444 44
445 44
446 42
447 39
448 46
449 47
450 46
451 39
452 39
453 43
454 44
455 38
456 37
457 41
458 42
459 42
460 44
461 45
462 45
463 41
464 39
465 34
466 38
467 43
468 41
469 44
470 41
471 40
472 38
473 42
474 43
475 40
476 45
477 46
478 43
479 41
480 37
481 37
482 43
483 39
484 38
485 40
486 45
487 43
488 36
489 36
490 37
491 42
492 42
493 40
494 40
495 40
496 41
497 44
498 39
499 42
500 39
501 42
502 46
503 45
504 42
505 45
506 44
507 44
508 47
509 45
510 44
511 43
512 38
513 40
514 41
515 44
516 40
517 41
518 43
519 42
520 43
521 43
522 46
523 47
524 43
525 41
526 43
527 42
528 46
529 41
530 42
531 41
532 40
533 40
534 39
535 42
536 39
537 43
538 41
539 40
540 38
541 41
542 40
543 37
544 43
545 41
546 42
547 44
548 43
549 38
550 38
551 42
552 45
553 43
554 44
555 41
556 40
557 40
558 41
559 41
560 42
561 44
562 43
563 42
564 41
565 41
566 43
567 42
568 40
569 41
570 41
571 38
572 43
573 41
574 42
575 40
576 41
577 40
578 39
579 38
580 41
581 40
582 42
583 42
584 47
585 44
586 41
587 41
588 41
589 41
590 45
591 43
592 44
593 42
594 42
595 43
596 45
597 47
598 43
599 42
600 40
601 41
602 44
603 41
604 44
605 43
606 45
607 43
608 43
609 45
610 44
611 42
612 39
613 36
614 42
615 41
616 45
617 45
618 41
619 43
620 44
621 44
622 41
623 39
624 41
625 41
626 43
627 40
628 39
629 43
630 42
631 42
632 37
633 39
634 41
635 35
636 40
637 44
638 42
639 42
640 43
641 42
642 41
643 37
644 38
645 40
646 43
647 40
648 42
649 43
650 41
651 46
652 43
653 42
654 44
655 44
656 47
657 44
658 42
659 41
660 41
661 42
662 41
663 38
664 42
665 45
666 46
667 43
668 41
669 46
670 42
671 41
672 42
673 45
674 43
675 42
676 35
677 36
678 40
679 39
680 43
681 42
682 33
683 44
684 44
685 43
686 45
687 41
688 44
689 39
690 42
691 38
692 44
693 45
694 37
695 38
696 44
697 41
698 38
699 40
700 39
701 43
702 46
703 44
704 42
705 41
706 41
707 45
708 41
709 41
710 39
711 41
712 44
713 47
714 43
715 43
716 42
717 44
718 43
719 45
720 45
721 41
722 41
723 44
724 40
725 41
726 41
727 41
728 44
729 39
730 39
731 41
732 36
733 40
734 42
735 42
736 45
737 44
738 42
739 45
740 43
741 43
742 43
743 45
744 45
745 43
746 39
747 39
748 38
749 41
750 40
751 44
752 43
753 44
754 39
755 40
756 41
757 34
758 40
759 43
760 46
761 45
762 42
763 46
764 46
765 42
766 41
767 43
768 44
769 45
770 41
771 43
772 43
773 38
774 35
775 40
776 42
777 41
778 40
779 38
780 39
781 41
782 41
783 36
784 40
785 43
786 45
787 46
788 43
789 44
790 42
791 40
792 42
793 40
794 41
795 42
796 45
797 41
798 43
799 45
800 45
801 44
802 42
803 42
804 45
805 41
806 39
807 43
808 45
809 42
810 41
811 42
812 40
813 42
814 42
815 44
816 48
817 46
818 42
819 44
820 46
821 45
822 36
823 39
824 45
825 42
826 43
827 39
828 43
829 39
830 40
831 39
832 41
833 40
834 40
835 41
836 41
837 44
838 42
839 42
840 42
841 41
842 43
843 43
844 40
845 43
846 43
847 41
848 45
849 45
850 46
851 43
852 41
853 40
854 36
855 41
856 46
857 41
858 43
859 42
860 42
861 45
862 43
863 38
864 43
865 44
866 40
867 39
868 42
869 43
870 38
871 38
872 43
873 44
874 44
875 39
876 41
877 34
878 36
879 36
880 40
881 43
882 43
883 45
884 43
885 42
886 44
887 45
888 45
889 46
890 44
891 44
892 46
893 41
894 44
895 45
896 43
897 43
898 45
899 46
900 43
901 40
902 43
903 44
904 42
905 38
906 40
907 43
908 43
909 45
910 43
911 42
912 41
913 43
914 43
915 42
916 44
917 44
918 45
919 43
920 41
921 37
922 42
923 42
924 41
925 43
926 44
927 47
928 42
929 37
930 42
931 44
932 40
933 39
934 44
935 46
936 47
937 47
938 43
939 37
940 42
941 42
942 44
943 43
944 44
945 42
946 45
947 44
948 42
949 39
950 44
951 44
952 41
953 40
954 42
955 42
956 43
957 42
958 44
959 41
960 44
961 43
962 44
963 45
964 43
965 42
966 45
967 42
968 42
969 43
970 45
971 43
972 40
973 43
974 40
975 43
976 37
977 39
978 40
979 39
980 39
981 40
982 42
983 42
984 40
985 45
986 41
987 43
988 42
989 43
990 43
991 43
992 42
993 41
994 41
995 42
996 42
997 41
998 45
999 40
1000 41
