0 40
1 31
2 29
3 24
4 26
5 24
6 26
7 28
8 25
9 24
10 27
11 23
12 25
13 26
14 28
15 24
16 29
17 25
18 26
19 27
20 28
21 25
22 27
23 23
24 26
25 28
26 26
27 27
28 27
29 28
30 25
31 27
32 26
33 26
34 27
35 26
36 27
37 26
38 29
39 28
40 28
41 25
42 26
43 26
44 26
45 24
46 25
47 26
48 25
49 28
50 26
51 27
52 24
53 27
54 24
55 27
56 28
57 26
58 26
59 26
60 24
61 26
62 26
63 27
64 28
65 27
66 25
67 26
68 27
69 26
70 24
71 24
72 23
73 25
74 22
75 21
76 25
77 24
78 25
79 26
80 25
81 23
82 26
83 25
84 25
85 25
86 25
87 22
88 20
89 27
90 27
91 27
92 26
93 25
94 27
95 26
96 27
97 27
98 26
99 28
100 26
101 28
102 25
103 25
104 25
105 26
106 24
107 25
108 22
109 27
110 25
111 23
112 28
113 28
114 27
115 26
116 27
117 26
118 25
119 25
120 27
121 26
122 24
123 25
124 27
125 29
126 28
127 28
128 25
129 23
130 27
131 25
132 25
133 24
134 24
135 23
136 28
137 26
138 25
139 26
140 25
141 23
142 25
143 20
144 25
145 24
146 26
147 25
148 22
149 24
150 23
151 23
152 25
153 22
154 26
155 26
156 27
157 26
158 25
159 24
160 22
161 28
162 27
163 23
164 26
165 26
166 25
167 28
168 25
169 27
170 23
171 25
172 25
173 27
174 26
175 27
176 27
177 22
178 22
179 23
180 23
181 23
182 25
183 28
184 25
185 23
186 26
187 23
188 24
189 27
190 26
191 22
192 23
193 25
194 27
195 28
196 28
197 28
198 26
199 25
200 22
201 24
202 25
203 27
204 26
205 27
206 24
207 22
208 23
209 24
210 27
211 24
212 24
213 23
214 25
215 26
216 24
217 26
218 28
219 25
220 26
221 25
222 27
223 27
224 27
225 25
226 27
227 27
228 23
229 21
230 20
231 25
232 27
233 23
234 24
235 27
236 28
237 27
238 25
239 29
240 27
241 24
242 24
243 26
244 27
245 27
246 24
247 28
248 26
249 27
250 26
251 27
252 29
253 23
254 26
255 24
256 25
257 26
258 25
259 22
260 28
261 27
262 26
263 26
264 25
265 26
266 24
267 26
268 23
269 21
270 24
271 25
272 25
273 26
274 27
275 25
276 25
277 26
278 23
279 24
280 26
281 25
282 25
283 28
284 26
285 24
286 26
287 27
288 24
289 27
290 24
291 23
292 26
293 25
294 26
295 25
296 25
297 23
298 27
299 25
300 28
301 24
302 24
303 26
304 24
305 25
306 27
307 29
308 28
309 27
310 26
311 25
312 26
313 24
314 23
315 22
316 23
317 25
318 25
319 24
320 22
321 27
322 26
323 24
324 26
325 26
326 24
327 26
328 26
329 27
330 26
331 26
332 23
333 25
334 19
335 26
336 25
337 25
338 25
339 26
340 27
341 27
342 24
343 25
344 26
345 25
346 25
347 25
348 26
349 25
350 28
351 25
352 24
353 25
354 29
355 29
356 25
357 24
358 26
359 27
360 23
361 22
362 24
363 27
364 26
365 29
366 25
367 23
368 24
369 28
370 25
371 26
372 26
373 26
374 25
375 27
376 26
377 27
378 27
379 22
380 25
381 27
382 28
383 27
384 29
385 23
386 26
387 20
388 24
389 27
390 26
391 26
392 26
393 26
394 25
395 25
396 27
397 27
398 24
399 23
400 23
401 26
402 24
403 27
404 24
405 28
406 26
407 22
408 24
409 24
410 25
411 31
412 29
413 28
414 25
415 28
416 24
417 24
418 24
419 24
420 27
421 26
422 25
423 22
424 19
425 23
426 27
427 27
428 28
429 30
430 29
431 25
432 25
433 24
434 25
435 25
436 25
437 24
438 27
439 25
440 26
441 26
442 21
443 22
444 24
445 23
446 26
447 24
448 24
449 27
450 29
451 26
452 26
453 19
454 22
455 24
456 26
457 23
458 25
459 21
460 23
461 23
462 26
463 27
464 28
465 25
466 27
467 26
468 27
469 23
470 22
471 26
472 24
473 23
474 23
475 23
476 22
477 28
478 27
479 25
480 24
481 27
482 25
483 27
484 21
485 23
486 20
487 24
488 25
489 25
490 23
491 26
492 24
493 25
494 27
495 27
496 27
497 21
498 19
499 23
500 23
501 23
502 23
503 27
504 26
505 26
506 26
507 27
508 25
509 25
510 23
511 24
512 25
513 23
514 23
515 27
516 28
517 23
518 23
519 25
520 23
521 24
522 23
523 24
524 23
525 28
526 24
527 24
528 25
529 25
530 27
531 25
532 27
533 21
534 25
535 24
536 26
537 25
538 26
539 26
540 28
541 26
542 28
543 29
544 25
545 27
546 22
547 22
548 25
549 23
550 25
551 24
552 24
553 26
554 23
555 23
556 28
557 26
558 26
559 29
560 29
561 26
562 26
563 25
564 27
565 26
566 24
567 27
568 29
569 25
570 27
571 27
572 25
573 25
574 28
575 25
576 27
577 24
578 27
579 25
580 23
581 27
582 28
583 26
584 28
585 20
586 26
587 26
588 25
589 28
590 25
591 24
592 23
593 25
594 24
595 27
596 24
597 24
598 23
599 24
600 25
601 26
602 27
603 26
604 29
605 25
606 26
607 26
608 29
609 29
610 25
611 24
612 22
613 25
614 27
615 22
616 27
617 24
618 22
619 25
620 27
621 27
622 27
623 26
624 23
625 27
626 25
627 26
628 28
629 26
630 27
631 24
632 26
633 23
634 26
635 25
636 25
637 25
638 26
639 25
640 26
641 24
642 27
643 25
644 26
645 27
646 23
647 27
648 23
649 27
650 28
651 24
652 28
653 28
654 24
655 24
656 23
657 22
658 25
659 26
660 26
661 24
662 26
663 24
664 27
665 27
666 26
667 26
668 26
669 25
670 27
671 25
672 22
673 27
674 26
675 28
676 28
677 29
678 21
679 23
680 23
681 29
682 28
683 28
684 25
685 28
686 27
687 21
688 24
689 23
690 24
691 26
692 27
693 25
694 23
695 25
696 26
697 27
698 26
699 26
700 28
701 26
702 20
703 26
704 25
705 23
706 26
707 27
708 26
709 27
710 24
711 26
712 24
713 27
714 24
715 23
716 24
717 22
718 25
719 25
720 25
721 26
722 27
723 27
724 27
725 23
726 26
727 27
728 23
729 23
730 26
731 25
732 28
733 27
734 27
735 27
736 25
737 25
738 23
739 26
740 28
741 27
742 25
743 26
744 25
745 26
746 27
747 27
748 25
749 27
750 25
751 27
752 25
753 24
754 25
755 24
756 26
757 26
758 26
759 27
760 27
761 23
762 23
763 26
764 24
765 26
766 24
767 27
768 27
769 27
770 25
771 21
772 24
773 25
774 28
775 25
776 25
777 24
778 28
779 28
780 26
781 26
782 26
783 24
784 27
785 26
786 27
787 27
788 27
789 24
790 23
791 23
792 23
793 23
794 24
795 23
796 28
797 27
798 28
799 23
800 25
801 21
802 25
803 23
804 25
805 23
806 25
807 27
808 26
809 26
810 23
811 27
812 25
813 26
814 26
815 26
816 28
817 24
818 24
819 25
820 28
821 28
822 26
823 24
824 22
825 24
826 24
827 27
828 26
829 27
830 25
831 26
832 23
833 26
834 28
835 29
836 26
837 25
838 25
839 25
840 26
841 27
842 27
843 23
844 23
845 24
846 28
847 24
848 26
849 20
850 22
851 24
852 27
853 27
854 26
855 25
856 23
857 27
858 21
859 27
860 28
861 27
862 28
863 26
864 26
865 26
866 27
867 26
868 24
869 25
870 24
871 23
872 21
873 26
874 25
875 24
876 26
877 28
878 26
879 26
880 28
881 26
882 24
883 26
884 28
885 25
886 26
887 25
888 23
889 25
890 27
891 22
892 27
893 28
894 25
895 28
896 24
897 23
898 24
899 26
900 24
901 27
902 25
903 27
904 26
905 27
906 27
907 27
908 25
909 28
910 27
911 24
912 26
913 24
914 25
915 25
916 25
917 26
918 24
919 24
920 22
921 26
922 27
923 27
924 24
925 26
926 27
927 27
928 28
929 29
930 27
931 23
932 25
933 25
934 27
935 20
936 23
937 26
938 26
939 23
940 24
941 24
942 23
943 25
944 25
945 26
946 27
947 24
948 24
949 28
950 23
951 24
952 23
953 27
954 26
955 29
956 25
957 27
958 25
959 25
960 24
961 26
962 24
963 24
964 22
965 27
966 27
967 29
968 26
969 24
970 24
971 20
972 25
973 25
974 24
975 24
976 24
977 21
978 24
979 24
980 26
981 25
982 23
983 20
984 25
985 28
986 24
987 23
988 27
989 23
990 25
991 25
992 24
993 24
994 30
995 23
996 26
997 25
998 21
999 24
1000 25
