0 50
1 47
2 42
3 39
4 36
5 32
6 32
7 34
8 35
9 34
10 35
11 32
12 31
13 28
14 30
15 29
16 29
17 29
18 28
19 28
20 29
21 29
22 29
23 30
24 31
25 31
26 29
27 29
28 30
29 28
30 30
31 29
32 31
33 31
34 31
35 31
36 33
37 33
38 33
39 31
40 31
41 29
42 29
43 30
44 26
45 26
46 27
47 27
48 26
49 27
50 28
51 29
52 29
53 28
54 30
55 29
56 31
57 29
58 25
59 25
60 28
61 28
62 29
63 30
64 29
65 30
66 32
67 30
68 30
69 30
70 30
71 29
72 30
73 26
74 28
75 30
76 32
77 32
78 31
79 30
80 33
81 30
82 31
83 32
84 32
85 32
86 32
87 31
88 30
89 31
90 30
91 30
92 30
93 28
94 30
95 31
96 32
97 30
98 29
99 29
100 26
101 27
102 26
103 26
104 24
105 26
106 27
107 28
108 28
109 27
110 27
111 31
112 31
113 30
114 33
115 32
116 34
117 34
118 34
119 30
120 29
121 30
122 30
123 30
124 27
125 28
126 29
127 28
128 28
129 29
130 28
131 26
132 28
133 27
134 28
135 29
136 30
137 29
138 28
139 28
140 29
141 33
142 33
143 31
144 30
145 26
146 27
147 26
148 25
149 26
150 26
151 26
152 27
153 29
154 30
155 28
156 28
157 28
158 29
159 29
160 29
161 31
162 29
163 31
164 31
165 30
166 29
167 30
168 30
169 28
170 28
171 28
172 25
173 23
174 24
175 25
176 26
177 27
178 26
179 27
180 29
181 29
182 27
183 27
184 26
185 27
186 26
187 26
188 29
189 28
190 30
191 30
192 31
193 30
194 28
195 28
196 29
197 29
198 29
199 28
200 30
201 30
202 30
203 30
204 30
205 30
206 29
207 28
208 31
209 31
210 31
211 29
212 30
213 30
214 28
215 29
216 29
217 29
218 31
219 30
220 28
221 28
222 30
223 29
224 30
225 32
226 28
227 29
228 30
229 29
230 29
231 27
232 27
233 28
234 30
235 29
236 28
237 29
238 28
239 30
240 31
241 32
242 33
243 32
244 33
245 34
246 32
247 34
248 34
249 35
250 33
251 33
252 29
253 28
254 27
255 32
256 31
257 29
258 29
259 28
260 30
261 32
262 29
263 31
264 31
265 30
266 30
267 30
268 31
269 32
270 32
271 33
272 33
273 30
274 33
275 35
276 35
277 35
278 35
279 35
280 31
281 28
282 30
283 32
284 35
285 34
286 35
287 32
288 31
289 31
290 31
291 32
292 31
293 27
294 30
295 28
296 29
297 26
298 27
299 26
300 25
301 25
302 26
303 28
304 28
305 28
306 29
307 27
308 28
309 29
310 28
311 29
312 31
313 30
314 29
315 26
316 26
317 28
318 30
319 29
320 32
321 31
322 31
323 25
324 27
325 29
326 32
327 31
328 30
329 28
330 30
331 28
332 27
333 26
334 29
335 29
336 30
337 31
338 32
339 28
340 31
341 29
342 31
343 30
344 31
345 31
346 32
347 32
348 31
349 31
350 30
351 33
352 34
353 34
354 34
355 34
356 35
357 30
358 31
359 29
360 30
361 25
362 24
363 30
364 29
365 31
366 30
367 31
368 30
369 33
370 32
371 33
372 33
373 32
374 28
375 28
376 27
377 27
378 29
379 29
380 31
381 30
382 31
383 29
384 26
385 24
386 25
387 29
388 28
389 27
390 29
391 30
392 31
393 31
394 32
395 32
396 32
397 33
398 29
399 31
400 31
401 27
402 27
403 28
404 28
405 29
406 30
407 30
408 31
409 28
410 30
411 30
412 30
413 29
414 29
415 28
416 26
417 25
418 27
419 28
420 28
421 28
422 28
423 28
424 29
425 29
426 28
427 29
428 31
429 32
430 31
431 33
432 33
433 34
434 31
435 31
436 28
437 28
438 31
439 30
440 34
441 31
442 31
443 30
444 31
445 31
446 31
447 29
448 29
449 29
450 26
451 26
452 29
453 32
454 34
455 33
456 30
457 30
458 27
459 31
460 31
461 32
462 30
463 32
464 31
465 32
466 29
467 30
468 29
469 30
470 30
471 30
472 29
473 29
474 31
475 31
476 30
477 26
478 28
479 29
480 29
481 31
482 28
483 28
484 25
485 24
486 23
487 27
488 25
489 24
490 24
491 25
492 28
493 29
494 27
495 30
496 30
497 29
498 27
499 28
500 28
501 30
502 31
503 29
504 30
505 31
506 33
507 31
508 33
509 32
510 30
511 33
512 30
513 31
514 32
515 32
516 31
517 30
518 30
519 31
520 30
521 29
522 31
523 30
524 29
525 28
526 29
527 30
528 28
529 27
530 26
531 31
532 31
533 31
534 32
535 33
536 32
537 28
538 28
539 28
540 29
541 30
542 30
543 28
544 28
545 27
546 23
547 23
548 26
549 25
550 28
551 29
552 28
553 26
554 26
555 26
556 27
557 26
558 28
559 28
560 30
561 28
562 32
563 30
564 33
565 32
566 32
567 30
568 29
569 31
570 30
571 30
572 31
573 32
574 30
575 31
576 33
577 33
578 30
579 31
580 33
581 31
582 32
583 30
584 29
585 26
586 27
587 27
588 28
589 27
590 28
591 28
592 28
593 25
594 25
595 27
596 30
597 31
598 30
599 31
600 29
601 29
602 25
603 27
604 28
605 30
606 28
607 27
608 28
609 29
610 28
611 29
612 27
613 29
614 28
615 27
616 26
617 28
618 26
619 29
620 30
621 29
622 26
623 28
624 28
625 27
626 28
627 28
628 29
629 29
630 29
631 28
632 29
633 28
634 28
635 33
636 32
637 34
638 32
639 34
640 33
641 33
642 34
643 33
644 35
645 34
646 35
647 34
648 31
649 28
650 27
651 29
652 29
653 26
654 25
655 26
656 27
657 27
658 26
659 27
660 29
661 29
662 28
663 26
664 26
665 28
666 30
667 31
668 34
669 36
670 34
671 35
672 35
673 34
674 32
675 31
676 31
677 30
678 30
679 29
680 30
681 30
682 30
683 28
684 30
685 28
686 29
687 29
688 29
689 29
690 31
691 32
692 33
693 33
694 30
695 32
696 32
697 33
698 33
699 32
700 31
701 33
702 32
703 30
704 32
705 33
706 33
707 35
708 35
709 35
710 36
711 35
712 35
713 32
714 29
715 30
716 31
717 32
718 34
719 31
720 31
721 31
722 28
723 28
724 30
725 32
726 35
727 33
728 34
729 26
730 25
731 27
732 30
733 31
734 31
735 29
736 30
737 28
738 30
739 29
740 28
741 29
742 30
743 29
744 29
745 29
746 27
747 30
748 28
749 29
750 28
751 28
752 27
753 28
754 29
755 30
756 30
757 30
758 33
759 29
760 28
761 31
762 31
763 33
764 34
765 34
766 33
767 33
768 35
769 31
770 31
771 31
772 30
773 30
774 31
775 31
776 31
777 32
778 34
779 34
780 32
781 31
782 31
783 29
784 28
785 27
786 29
787 27
788 27
789 25
790 24
791 26
792 25
793 26
794 26
795 29
796 27
797 28
798 26
799 28
800 29
801 28
802 28
803 28
804 30
805 29
806 29
807 30
808 29
809 31
810 31
811 29
812 28
813 28
814 29
815 30
816 30
817 29
818 32
819 33
820 32
821 30
822 31
823 31
824 32
825 33
826 30
827 32
828 32
829 30
830 29
831 29
832 30
833 29
834 27
835 28
836 28
837 27
838 29
839 30
840 28
841 29
842 29
843 28
844 30
845 33
846 29
847 29
848 29
849 28
850 29
851 29
852 27
853 28
854 30
855 29
856 31
857 26
858 27
859 30
860 31
861 30
862 30
863 31
864 30
865 28
866 30
867 31
868 29
869 26
870 26
871 26
872 28
873 27
874 28
875 30
876 31
877 30
878 32
879 31
880 29
881 29
882 29
883 30
884 29
885 28
886 28
887 28
888 28
889 28
890 29
891 28
892 30
893 32
894 33
895 33
896 34
897 33
898 33
899 32
900 32
901 31
902 31
903 33
904 33
905 33
906 33
907 31
908 33
909 31
910 30
911 32
912 34
913 34
914 33
915 33
916 33
917 32
918 29
919 28
920 30
921 31
922 29
923 30
924 33
925 28
926 26
927 26
928 28
929 29
930 28
931 29
932 32
933 30
934 33
935 33
936 34
937 36
938 35
939 35
940 38
941 34
942 31
943 30
944 27
945 28
946 26
947 28
948 27
949 28
950 29
951 28
952 27
953 26
954 26
955 28
956 26
957 25
958 26
959 27
960 29
961 31
962 31
963 32
964 32
965 31
966 33
967 32
968 32
969 32
970 33
971 30
972 30
973 26
974 28
975 25
976 26
977 27
978 25
979 25
980 29
981 29
982 30
983 31
984 30
985 31
986 30
987 31
988 31
989 30
990 29
991 29
992 26
993 27
994 28
995 29
996 25
997 26
998 29
999 28
1000 27
