0 15
1 11
2 10
3 9
4 6
5 6
6 7
7 10
8 8
9 7
10 7
11 6
12 8
13 9
14 9
15 10
16 8
17 9
18 8
19 6
20 7
21 7
22 8
23 9
24 8
25 6
26 7
27 8
28 8
29 8
30 10
31 9
32 8
33 7
34 8
35 7
36 7
37 8
38 9
39 7
40 7
41 6
42 8
43 7
44 7
45 8
46 8
47 7
48 7
49 8
50 8
51 7
52 9
53 6
54 8
55 10
56 9
57 8
58 7
59 5
60 5
61 7
62 9
63 9
64 9
65 8
66 6
67 6
68 8
69 9
70 9
71 7
72 7
73 8
74 8
75 8
76 9
77 10
78 8
79 11
80 10
81 9
82 9
83 8
84 9
85 9
86 9
87 7
88 9
89 9
90 8
91 8
92 9
93 8
94 7
95 6
96 6
97 7
98 9
99 6
100 9
101 9
102 9
103 7
104 7
105 8
106 8
107 8
108 7
109 8
110 7
111 6
112 6
113 8
114 7
115 7
116 4
117 7
118 6
119 7
120 9
121 9
122 7
123 7
124 7
125 7
126 8
127 9
128 9
129 10
130 10
131 10
132 8
133 8
134 8
135 9
136 7
137 6
138 8
139 7
140 10
141 8
142 6
143 7
144 8
145 8
146 8
147 8
148 10
149 9
150 9
151 10
152 8
153 10
154 8
155 8
156 9
157 7
158 7
159 9
160 8
161 9
162 9
163 8
164 9
165 7
166 9
167 7
168 8
169 8
170 6
171 8
172 9
173 8
174 6
175 7
176 6
177 6
178 5
179 7
180 8
181 6
182 5
183 7
184 9
185 11
186 11
187 7
188 8
189 5
190 7
191 8
192 7
193 6
194 8
195 7
196 7
197 7
198 8
199 8
200 6
201 8
202 8
203 8
204 9
205 9
206 8
207 10
208 7
209 7
210 8
211 9
212 8
213 9
214 7
215 8
216 6
217 6
218 8
219 8
220 7
221 8
222 8
223 10
224 10
225 10
226 7
227 10
228 8
229 8
230 8
231 7
232 8
233 8
234 9
235 9
236 7
237 7
238 7
239 8
240 6
241 7
242 9
243 10
244 10
245 10
246 7
247 7
248 7
249 6
250 5
251 7
252 7
253 6
254 6
255 8
256 8
257 9
258 8
259 8
260 9
261 9
262 8
263 8
264 8
265 9
266 9
267 7
268 9
269 5
270 7
271 9
272 7
273 9
274 8
275 6
276 7
277 9
278 8
279 8
280 9
281 9
282 8
283 8
284 8
285 6
286 6
287 9
288 9
289 5
290 7
291 8
292 6
293 7
294 7
295 7
296 9
297 9
298 9
299 8
300 9
301 8
302 9
303 7
304 6
305 6
306 7
307 8
308 10
309 9
310 7
311 7
312 7
313 8
314 6
315 7
316 9
317 8
318 7
319 8
320 8
321 9
322 8
323 9
324 10
325 9
326 9
327 9
328 7
329 5
330 8
331 9
332 7
333 6
334 8
335 6
336 8
337 9
338 9
339 8
340 7
341 9
342 10
343 6
344 6
345 7
346 8
347 6
348 8
349 7
350 9
351 8
352 8
353 8
354 8
355 8
356 8
357 8
358 8
359 9
360 8
361 7
362 9
363 10
364 10
365 8
366 9
367 8
368 8
369 9
370 9
371 8
372 8
373 9
374 8
375 8
376 7
377 5
378 7
379 6
380 9
381 9
382 8
383 9
384 8
385 8
386 9
387 7
388 8
389 9
390 8
391 6
392 6
393 5
394 4
395 7
396 7
397 9
398 9
399 9
400 8
401 8
402 6
403 7
404 9
405 8
406 9
407 6
408 8
409 6
410 5
411 5
412 6
413 7
414 10
415 8
416 8
417 7
418 5
419 7
420 8
421 8
422 8
423 7
424 7
425 7
426 8
427 8
428 7
429 7
430 9
431 9
432 7
433 7
434 7
435 7
436 7
437 9
438 7
439 7
440 7
441 8
442 8
443 6
444 7
445 7
446 8
447 9
448 10
449 8
450 7
451 8
452 6
453 7
454 8
455 6
456 7
457 7
458 9
459 9
460 10
461 10
462 11
463 9
464 9
465 8
466 8
467 8
468 6
469 6
470 8
471 9
472 8
473 7
474 8
475 9
476 9
477 9
478 10
479 7
480 9
481 7
482 9
483 10
484 9
485 9
486 8
487 10
488 9
489 7
490 7
491 7
492 8
493 5
494 8
495 10
496 8
497 7
498 7
499 8
500 9
501 8
502 10
503 9
504 7
505 9
506 8
507 7
508 7
509 7
510 9
511 6
512 8
513 7
514 7
515 9
516 9
517 8
518 8
519 7
520 7
521 5
522 9
523 7
524 8
525 8
526 9
527 9
528 6
529 7
530 7
531 7
532 8
533 9
534 8
535 7
536 9
537 8
538 7
539 6
540 8
541 8
542 9
543 7
544 7
545 6
546 4
547 7
548 6
549 8
550 9
551 9
552 6
553 9
554 10
555 10
556 8
557 9
558 10
559 9
560 9
561 9
562 9
563 8
564 7
565 8
566 9
567 8
568 8
569 9
570 9
571 9
572 10
573 8
574 7
575 9
576 9
577 9
578 8
579 8
580 7
581 7
582 6
583 8
584 8
585 9
586 7
587 7
588 9
589 7
590 6
591 8
592 10
593 10
594 7
595 8
596 7
597 7
598 6
599 8
600 9
601 7
602 7
603 7
604 8
605 9
606 7
607 9
608 9
609 8
610 9
611 10
612 9
613 8
614 8
615 9
616 9
617 8
618 8
619 8
620 7
621 9
622 8
623 10
624 8
625 7
626 7
627 5
628 9
629 9
630 8
631 7
632 10
633 9
634 9
635 8
636 7
637 7
638 8
639 7
640 10
641 8
642 9
643 9
644 8
645 8
646 7
647 9
648 8
649 7
650 8
651 9
652 9
653 9
654 7
655 8
656 8
657 7
658 9
659 7
660 6
661 8
662 8
663 9
664 5
665 7
666 7
667 6
668 6
669 7
670 8
671 7
672 8
673 7
674 9
675 8
676 9
677 7
678 6
679 7
680 6
681 7
682 7
683 7
684 7
685 7
686 6
687 8
688 7
689 7
690 6
691 8
692 8
693 7
694 8
695 8
696 9
697 11
698 11
699 10
700 8
701 8
702 8
703 9
704 9
705 9
706 9
707 9
708 10
709 8
710 8
711 8
712 6
713 7
714 7
715 8
716 5
717 7
718 9
719 11
720 9
721 7
722 9
723 10
724 8
725 9
726 9
727 7
728 7
729 9
730 8
731 9
732 10
733 10
734 9
735 7
736 7
737 7
738 8
739 10
740 10
741 9
742 7
743 8
744 7
745 7
746 7
747 6
748 8
749 5
750 8
751 6
752 9
753 9
754 9
755 10
756 9
757 9
758 9
759 9
760 8
761 9
762 8
763 9
764 8
765 7
766 7
767 8
768 8
769 7
770 7
771 8
772 7
773 8
774 8
775 8
776 7
777 7
778 7
779 8
780 9
781 8
782 9
783 7
784 7
785 8
786 8
787 10
788 10
789 9
790 9
791 7
792 6
793 6
794 8
795 7
796 8
797 8
798 8
799 9
800 9
801 10
802 9
803 8
804 6
805 7
806 8
807 8
808 11
809 10
810 9
811 9
812 5
813 6
814 8
815 8
816 6
817 7
818 8
819 8
820 8
821 8
822 10
823 10
824 7
825 9
826 8
827 7
828 9
829 6
830 8
831 8
832 7
833 5
834 6
835 7
836 8
837 6
838 7
839 8
840 7
841 8
842 8
843 9
844 5
845 8
846 5
847 7
848 5
849 7
850 8
851 8
852 7
853 7
854 9
855 8
856 6
857 9
858 8
859 6
860 7
861 8
862 10
863 9
864 9
865 8
866 8
867 7
868 9
869 9
870 9
871 10
872 10
873 8
874 7
875 7
876 9
877 8
878 7
879 7
880 7
881 6
882 7
883 6
884 6
885 8
886 8
887 8
888 8
889 9
890 10
891 9
892 9
893 7
894 8
895 7
896 4
897 7
898 8
899 6
900 8
901 9
902 9
903 8
904 8
905 10
906 9
907 6
908 5
909 6
910 7
911 8
912 8
913 6
914 5
915 6
916 7
917 7
918 9
919 9
920 9
921 9
922 9
923 8
924 9
925 8
926 6
927 6
928 8
929 7
930 6
931 8
932 8
933 8
934 9
935 7
936 8
937 8
938 9
939 7
940 7
941 8
942 10
943 9
944 7
945 8
946 7
947 6
948 8
949 5
950 7
951 9
952 10
953 10
954 9
955 9
956 6
957 7
958 4
959 7
960 9
961 8
962 10
963 9
964 8
965 7
966 8
967 7
968 7
969 9
970 7
971 9
972 8
973 7
974 8
975 9
976 10
977 9
978 6
979 9
980 9
981 7
982 7
983 8
984 4
985 6
986 9
987 8
988 9
989 9
990 10
991 11
992 9
993 10
994 9
995 7
996 8
997 10
998 9
999 9
1000 10
