0 15
1 9
2 8
3 9
4 9
5 10
6 10
7 8
8 9
9 7
10 7
11 10
12 10
13 10
14 9
15 6
16 8
17 8
18 8
19 9
20 7
21 9
22 9
23 6
24 7
25 5
26 7
27 10
28 6
29 7
30 7
31 9
32 9
33 10
34 10
35 7
36 7
37 9
38 10
39 11
40 10
41 8
42 9
43 8
44 9
45 8
46 6
47 9
48 10
49 9
50 9
51 8
52 9
53 10
54 8
55 7
56 8
57 10
58 9
59 10
60 5
61 8
62 8
63 8
64 9
65 9
66 9
67 9
68 10
69 10
70 8
71 8
72 10
73 10
74 9
75 10
76 9
77 8
78 5
79 10
80 9
81 6
82 10
83 9
84 10
85 10
86 10
87 9
88 11
89 8
90 9
91 5
92 9
93 9
94 9
95 10
96 10
97 10
98 10
99 8
100 8
101 8
102 7
103 9
104 8
105 8
106 8
107 10
108 8
109 8
110 10
111 11
112 10
113 10
114 9
115 9
116 8
117 9
118 9
119 10
120 7
121 10
122 9
123 9
124 9
125 6
126 9
127 9
128 7
129 8
130 8
131 8
132 8
133 10
134 9
135 8
136 9
137 9
138 8
139 10
140 9
141 10
142 11
143 11
144 10
145 8
146 9
147 7
148 8
149 8
150 7
151 6
152 8
153 8
154 8
155 6
156 9
157 11
158 8
159 9
160 9
161 6
162 8
163 9
164 10
165 9
166 7
167 5
168 8
169 7
170 9
171 8
172 9
173 6
174 9
175 8
176 9
177 9
178 10
179 8
180 8
181 9
182 9
183 9
184 10
185 9
186 6
187 5
188 11
189 10
190 6
191 8
192 10
193 6
194 10
195 9
196 10
197 9
198 10
199 9
200 10
201 9
202 9
203 10
204 10
205 8
206 8
207 8
208 8
209 9
210 9
211 9
212 9
213 9
214 8
215 9
216 10
217 11
218 8
219 9
220 7
221 7
222 9
223 7
224 8
225 9
226 9
227 9
228 10
229 10
230 7
231 10
232 9
233 9
234 11
235 9
236 8
237 6
238 8
239 9
240 7
241 9
242 8
243 9
244 11
245 9
246 9
247 7
248 9
249 8
250 6
251 9
252 9
253 9
254 8
255 8
256 9
257 9
258 8
259 7
260 10
261 9
262 10
263 8
264 9
265 8
266 8
267 7
268 9
269 9
270 9
271 10
272 7
273 9
274 7
275 9
276 9
277 8
278 9
279 9
280 9
281 7
282 8
283 9
284 9
285 8
286 8
287 7
288 8
289 7
290 10
291 9
292 11
293 10
294 10
295 10
296 9
297 9
298 8
299 11
300 9
301 9
302 9
303 7
304 9
305 10
306 9
307 7
308 9
309 8
310 9
311 10
312 9
313 8
314 7
315 6
316 7
317 10
318 10
319 9
320 9
321 9
322 8
323 8
324 10
325 9
326 9
327 9
328 9
329 8
330 9
331 10
332 8
333 8
334 10
335 8
336 9
337 10
338 9
339 10
340 10
341 8
342 7
343 9
344 10
345 8
346 9
347 9
348 9
349 9
350 10
351 9
352 9
353 9
354 9
355 9
356 7
357 9
358 8
359 9
360 9
361 10
362 9
363 11
364 10
365 9
366 9
367 9
368 9
369 6
370 7
371 8
372 9
373 9
374 8
375 10
376 10
377 9
378 10
379 10
380 7
381 8
382 9
383 9
384 10
385 11
386 8
387 10
388 8
389 9
390 9
391 8
392 10
393 10
394 10
395 9
396 9
397 8
398 8
399 6
400 8
401 10
402 8
403 9
404 9
405 9
406 9
407 8
408 7
409 8
410 7
411 7
412 10
413 8
414 9
415 8
416 10
417 8
418 9
419 9
420 8
421 10
422 7
423 8
424 10
425 8
426 9
427 9
428 9
429 9
430 8
431 9
432 10
433 9
434 11
435 9
436 9
437 9
438 8
439 9
440 10
441 9
442 9
443 9
444 9
445 8
446 9
447 8
448 9
449 9
450 9
451 8
452 6
453 9
454 9
455 9
456 8
457 9
458 10
459 8
460 6
461 9
462 8
463 10
464 10
465 9
466 9
467 8
468 9
469 7
470 7
471 8
472 10
473 8
474 9
475 7
476 8
477 7
478 9
479 10
480 5
481 7
482 10
483 11
484 8
485 10
486 6
487 9
488 9
489 8
490 8
491 10
492 11
493 9
494 9
495 10
496 8
497 8
498 9
499 11
500 10
501 10
502 11
503 7
504 7
505 7
506 7
507 7
508 9
509 9
510 9
511 6
512 7
513 9
514 6
515 8
516 9
517 9
518 7
519 8
520 9
521 9
522 9
523 8
524 10
525 8
526 9
527 8
528 10
529 9
530 10
531 9
532 9
533 8
534 9
535 7
536 9
537 9
538 9
539 8
540 11
541 7
542 11
543 10
544 10
545 9
546 11
547 9
548 9
549 8
550 7
551 6
552 8
553 7
554 9
555 7
556 8
557 9
558 8
559 9
560 9
561 11
562 9
563 10
564 9
565 10
566 8
567 8
568 10
569 8
570 9
571 9
572 9
573 8
574 9
575 9
576 11
577 10
578 11
579 10
580 8
581 10
582 8
583 7
584 10
585 10
586 9
587 8
588 11
589 11
590 10
591 10
592 8
593 9
594 9
595 7
596 5
597 8
598 10
599 9
600 10
601 10
602 8
603 8
604 9
605 10
606 10
607 10
608 8
609 9
610 11
611 9
612 6
613 10
614 9
615 6
616 9
617 7
618 10
619 8
620 8
621 7
622 9
623 9
624 6
625 9
626 7
627 8
628 11
629 8
630 8
631 10
632 9
633 6
634 8
635 9
636 8
637 7
638 10
639 8
640 9
641 7
642 9
643 10
644 9
645 10
646 8
647 8
648 8
649 9
650 9
651 8
652 10
653 6
654 9
655 11
656 7
657 10
658 9
659 8
660 9
661 10
662 9
663 7
664 8
665 8
666 8
667 9
668 8
669 8
670 7
671 9
672 9
673 9
674 11
675 11
676 10
677 9
678 9
679 9
680 9
681 9
682 10
683 6
684 9
685 9
686 10
687 9
688 8
689 10
690 10
691 9
692 8
693 8
694 7
695 10
696 7
697 8
698 9
699 7
700 8
701 10
702 9
703 8
704 9
705 10
706 6
707 10
708 10
709 10
710 10
711 9
712 9
713 8
714 10
715 8
716 7
717 9
718 9
719 8
720 6
721 10
722 10
723 8
724 8
725 8
726 9
727 9
728 10
729 10
730 10
731 8
732 8
733 10
734 9
735 9
736 11
737 12
738 8
739 7
740 9
741 11
742 8
743 7
744 10
745 10
746 8
747 8
748 8
749 9
750 8
751 10
752 10
753 10
754 12
755 11
756 9
757 9
758 9
759 10
760 9
761 9
762 9
763 9
764 6
765 8
766 10
767 8
768 10
769 10
770 9
771 9
772 11
773 9
774 9
775 10
776 8
777 8
778 9
779 8
780 9
781 10
782 11
783 11
784 9
785 9
786 9
787 7
788 9
789 9
790 8
791 8
792 9
793 8
794 8
795 9
796 8
797 9
798 10
799 9
800 10
801 8
802 10
803 10
804 8
805 6
806 8
807 9
808 9
809 7
810 8
811 10
812 9
813 10
814 7
815 9
816 10
817 10
818 10
819 8
820 9
821 8
822 8
823 8
824 5
825 9
826 10
827 10
828 10
829 9
830 10
831 9
832 10
833 9
834 9
835 9
836 8
837 9
838 9
839 10
840 7
841 9
842 9
843 7
844 7
845 6
846 8
847 8
848 7
849 10
850 9
851 9
852 9
853 8
854 9
855 11
856 11
857 10
858 10
859 8
860 6
861 9
862 10
863 7
864 10
865 9
866 7
867 10
868 8
869 7
870 8
871 9
872 9
873 9
874 8
875 10
876 11
877 10
878 8
879 7
880 11
881 9
882 8
883 7
884 9
885 8
886 10
887 7
888 8
889 9
890 10
891 10
892 9
893 10
894 9
895 8
896 10
897 9
898 7
899 10
900 9
901 7
902 9
903 9
904 9
905 7
906 10
907 9
908 9
909 9
910 5
911 8
912 9
913 9
914 8
915 6
916 9
917 7
918 9
919 10
920 10
921 9
922 10
923 8
924 9
925 6
926 9
927 9
928 11
929 10
930 8
931 7
932 10
933 8
934 9
935 7
936 9
937 9
938 10
939 9
940 7
941 9
942 9
943 10
944 11
945 11
946 9
947 7
948 7
949 9
950 9
951 8
952 9
953 9
954 8
955 7
956 9
957 6
958 10
959 9
960 10
961 10
962 9
963 10
964 10
965 11
966 9
967 9
968 9
969 8
970 6
971 9
972 8
973 9
974 8
975 8
976 8
977 8
978 10
979 9
980 8
981 8
982 6
983 9
984 10
985 9
986 9
987 10
988 10
989 9
990 10
991 7
992 9
993 7
994 7
995 8
996 8
997 10
998 10
999 8
1000 10
