0 30
1 25
2 22
3 18
4 18
5 17
6 15
7 14
8 16
9 15
10 18
11 17
12 16
13 18
14 19
15 18
16 16
17 16
18 17
19 19
20 19
21 19
22 19
23 21
24 22
25 17
26 18
27 18
28 18
29 18
30 18
31 14
32 17
33 17
34 17
35 18
36 21
37 17
38 13
39 14
40 15
41 14
42 15
43 16
44 16
45 19
46 22
47 18
48 19
49 20
50 18
51 16
52 20
53 21
54 20
55 20
56 17
57 15
58 19
59 15
60 18
61 19
62 18
63 17
64 20
65 18
66 16
67 16
68 15
69 16
70 15
71 15
72 17
73 19
74 17
75 16
76 17
77 18
78 20
79 17
80 17
81 17
82 18
83 18
84 17
85 19
86 20
87 19
88 19
89 19
90 17
91 19
92 20
93 19
94 18
95 18
96 19
97 20
98 20
99 18
100 18
101 15
102 14
103 14
104 16
105 13
106 13
107 14
108 13
109 16
110 18
111 19
112 19
113 17
114 17
115 16
116 15
117 14
118 16
119 16
120 15
121 15
122 16
123 17
124 17
125 18
126 15
127 15
128 18
129 16
130 16
131 15
132 17
133 17
134 19
135 18
136 17
137 15
138 16
139 17
140 18
141 22
142 22
143 20
144 17
145 13
146 14
147 16
148 17
149 17
150 17
151 17
152 16
153 16
154 17
155 19
156 19
157 18
158 17
159 13
160 15
161 15
162 18
163 18
164 17
165 16
166 17
167 14
168 16
169 17
170 19
171 17
172 18
173 19
174 18
175 19
176 17
177 17
178 18
179 17
180 18
181 18
182 17
183 17
184 20
185 18
186 18
187 19
188 19
189 19
190 20
191 19
192 20
193 19
194 20
195 22
196 20
197 18
198 16
199 16
200 14
201 13
202 16
203 17
204 16
205 16
206 15
207 13
208 15
209 14
210 16
211 17
212 19
213 19
214 17
215 16
216 14
217 13
218 13
219 13
220 11
221 12
222 14
223 16
224 14
225 13
226 16
227 15
228 16
229 14
230 16
231 17
232 17
233 16
234 17
235 19
236 17
237 19
238 16
239 15
240 15
241 14
242 16
243 16
244 16
245 16
246 16
247 13
248 13
249 13
250 14
251 13
252 14
253 18
254 19
255 19
256 18
257 21
258 19
259 19
260 19
261 17
262 17
263 17
264 19
265 19
266 17
267 16
268 16
269 17
270 22
271 20
272 20
273 20
274 19
275 17
276 16
277 16
278 16
279 16
280 16
281 16
282 20
283 22
284 24
285 23
286 23
287 18
288 19
289 21
290 20
291 18
292 22
293 21
294 21
295 22
296 22
297 21
298 20
299 18
300 16
301 18
302 20
303 14
304 18
305 19
306 19
307 18
308 20
309 19
310 18
311 19
312 19
313 18
314 17
315 15
316 15
317 16
318 14
319 16
320 15
321 18
322 17
323 16
324 17
325 18
326 19
327 18
328 19
329 18
330 16
331 16
332 16
333 18
334 21
335 18
336 18
337 19
338 20
339 18
340 16
341 15
342 13
343 13
344 15
345 14
346 13
347 14
348 14
349 13
350 16
351 18
352 18
353 19
354 17
355 18
356 18
357 18
358 17
359 14
360 15
361 16
362 14
363 14
364 13
365 14
366 16
367 15
368 16
369 17
370 19
371 16
372 16
373 17
374 17
375 19
376 18
377 17
378 12
379 15
380 17
381 19
382 15
383 17
384 18
385 17
386 19
387 19
388 19
389 16
390 17
391 17
392 17
393 17
394 19
395 17
396 14
397 15
398 15
399 17
400 16
401 16
402 15
403 15
404 15
405 19
406 18
407 19
408 22
409 20
410 20
411 18
412 18
413 20
414 18
415 17
416 19
417 20
418 21
419 21
420 21
421 18
422 16
423 14
424 16
425 18
426 16
427 16
428 15
429 17
430 17
431 15
432 15
433 16
434 16
435 16
436 18
437 14
438 17
439 15
440 15
441 17
442 18
443 17
444 16
445 18
446 17
447 17
448 21
449 20
450 19
451 21
452 20
453 19
454 18
455 18
456 18
457 19
458 17
459 19
460 18
461 19
462 20
463 21
464 18
465 19
466 18
467 14
468 13
469 17
470 16
471 18
472 19
473 18
474 18
475 17
476 20
477 18
478 18
479 19
480 16
481 13
482 15
483 16
484 17
485 19
486 20
487 19
488 16
489 14
490 15
491 16
492 18
493 19
494 18
495 16
496 17
497 15
498 15
499 15
500 17
501 17
502 17
503 19
504 19
505 19
506 18
507 19
508 19
509 20
510 19
511 18
512 15
513 16
514 19
515 18
516 18
517 19
518 18
519 18
520 18
521 17
522 15
523 16
524 15
525 14
526 16
527 17
528 13
529 16
530 16
531 15
532 15
533 14
534 16
535 17
536 18
537 17
538 18
539 18
540 16
541 18
542 19
543 18
544 16
545 16
546 17
547 20
548 17
549 15
550 14
551 16
552 15
553 15
554 14
555 16
556 13
557 14
558 15
559 17
560 17
561 18
562 20
563 20
564 19
565 20
566 19
567 18
568 18
569 16
570 16
571 20
572 19
573 20
574 18
575 21
576 21
577 22
578 21
579 21
580 17
581 17
582 18
583 18
584 18
585 19
586 19
587 19
588 18
589 18
590 19
591 21
592 18
593 18
594 19
595 20
596 20
597 18
598 19
599 17
600 17
601 18
602 20
603 20
604 18
605 20
606 19
607 19
608 20
609 16
610 12
611 13
612 12
613 14
614 17
615 15
616 16
617 17
618 16
619 15
620 17
621 17
622 19
623 18
624 16
625 15
626 18
627 17
628 15
629 15
630 17
631 19
632 21
633 19
634 19
635 15
636 18
637 17
638 18
639 15
640 14
641 16
642 14
643 11
644 11
645 15
646 14
647 17
648 17
649 18
650 18
651 17
652 18
653 16
654 16
655 18
656 19
657 16
658 13
659 14
660 16
661 16
662 16
663 17
664 17
665 18
666 19
667 19
668 17
669 17
670 16
671 16
672 17
673 18
674 15
675 12
676 14
677 15
678 15
679 13
680 15
681 17
682 17
683 19
684 16
685 15
686 14
687 14
688 16
689 19
690 18
691 17
692 17
693 16
694 16
695 18
696 17
697 14
698 17
699 16
700 16
701 17
702 19
703 19
704 19
705 17
706 17
707 15
708 17
709 15
710 16
711 16
712 17
713 18
714 19
715 17
716 17
717 19
718 21
719 19
720 16
721 17
722 16
723 17
724 17
725 16
726 17
727 16
728 15
729 13
730 14
731 14
732 14
733 14
734 14
735 16
736 17
737 17
738 16
739 17
740 18
741 19
742 18
743 15
744 17
745 19
746 20
747 21
748 19
749 19
750 18
751 19
752 17
753 18
754 19
755 18
756 17
757 20
758 19
759 17
760 17
761 17
762 18
763 19
764 18
765 19
766 17
767 16
768 16
769 16
770 15
771 14
772 15
773 14
774 17
775 16
776 16
777 17
778 18
779 18
780 16
781 16
782 15
783 14
784 15
785 15
786 15
787 16
788 14
789 15
790 18
791 19
792 18
793 19
794 18
795 14
796 17
797 16
798 14
799 15
800 16
801 15
802 17
803 14
804 16
805 15
806 19
807 20
808 19
809 18
810 17
811 18
812 17
813 20
814 18
815 16
816 16
817 18
818 18
819 16
820 15
821 15
822 16
823 14
824 17
825 20
826 19
827 18
828 18
829 19
830 19
831 19
832 19
833 15
834 13
835 13
836 14
837 16
838 17
839 17
840 17
841 20
842 18
843 18
844 15
845 17
846 19
847 18
848 16
849 15
850 15
851 14
852 15
853 16
854 19
855 18
856 18
857 17
858 18
859 17
860 16
861 17
862 14
863 15
864 16
865 19
866 19
867 18
868 19
869 16
870 16
871 16
872 19
873 19
874 18
875 19
876 17
877 18
878 16
879 16
880 16
881 16
882 17
883 16
884 17
885 18
886 16
887 18
888 17
889 17
890 18
891 15
892 16
893 17
894 17
895 14
896 13
897 13
898 13
899 14
900 16
901 19
902 17
903 19
904 20
905 17
906 17
907 15
908 13
909 16
910 17
911 15
912 18
913 16
914 16
915 14
916 13
917 17
918 13
919 14
920 15
921 19
922 17
923 16
924 16
925 18
926 20
927 18
928 20
929 17
930 18
931 17
932 19
933 20
934 18
935 19
936 18
937 17
938 15
939 15
940 12
941 14
942 17
943 19
944 19
945 18
946 18
947 21
948 21
949 20
950 18
951 18
952 16
953 16
954 17
955 16
956 14
957 18
958 17
959 17
960 17
961 19
962 17
963 18
964 16
965 15
966 16
967 17
968 14
969 13
970 16
971 18
972 19
973 21
974 21
975 20
976 18
977 18
978 18
979 14
980 14
981 13
982 14
983 14
984 15
985 16
986 15
987 16
988 18
989 19
990 19
991 18
992 16
993 18
994 19
995 17
996 13
997 15
998 15
999 19
1000 17
