0 65
1 54
2 43
3 40
4 44
5 46
6 40
7 45
8 44
9 45
10 45
11 43
12 46
13 48
14 47
15 41
16 43
17 39
18 44
19 42
20 39
21 40
22 44
23 43
24 42
25 40
26 42
27 37
28 40
29 40
30 45
31 47
32 45
33 47
34 43
35 43
36 41
37 41
38 44
39 47
40 45
41 43
42 44
43 46
44 46
45 44
46 46
47 42
48 42
49 46
50 43
51 41
52 42
53 42
54 45
55 43
56 41
57 44
58 47
59 47
60 45
61 47
62 42
63 43
64 46
65 46
66 45
67 45
68 41
69 43
70 41
71 43
72 44
73 47
74 47
75 45
76 47
77 44
78 41
79 41
80 38
81 43
82 42
83 43
84 42
85 44
86 38
87 35
88 41
89 46
90 48
91 49
92 45
93 46
94 44
95 41
96 44
97 46
98 45
99 42
100 44
101 42
102 42
103 41
104 43
105 48
106 50
107 47
108 48
109 45
110 43
111 44
112 41
113 43
114 41
115 41
116 41
117 43
118 45
119 48
120 45
121 41
122 42
123 37
124 43
125 40
126 42
127 42
128 45
129 36
130 39
131 41
132 43
133 42
134 46
135 44
136 43
137 46
138 41
139 45
140 45
141 44
142 45
143 42
144 46
145 46
146 42
147 43
148 47
149 41
150 42
151 42
152 43
153 45
154 38
155 40
156 45
157 43
158 43
159 44
160 49
161 49
162 45
163 45
164 41
165 41
166 45
167 45
168 45
169 46
170 47
171 49
172 49
173 46
174 43
175 45
176 43
177 39
178 43
179 41
180 43
181 40
182 42
183 43
184 44
185 44
186 41
187 43
188 40
189 42
190 43
191 42
192 41
193 45
194 47
195 47
196 45
197 42
198 44
199 41
200 39
201 38
202 41
203 46
204 46
205 43
206 42
207 42
208 45
209 45
210 47
211 46
212 41
213 44
214 43
215 46
216 46
217 46
218 41
219 45
220 48
221 51
222 46
223 47
224 36
225 38
226 36
227 43
228 44
229 48
230 46
231 48
232 47
233 43
234 45
235 46
236 49
237 44
238 43
239 39
240 42
241 43
242 40
243 43
244 37
245 37
246 40
247 42
248 44
249 43
250 46
251 45
252 46
253 49
254 46
255 47
256 44
257 42
258 44
259 46
260 44
261 46
262 42
263 40
264 43
265 42
266 43
267 43
268 45
269 46
270 44
271 43
272 42
273 42
274 42
275 43
276 43
277 42
278 42
279 41
280 38
281 43
282 44
283 42
284 37
285 42
286 36
287 37
288 41
289 42
290 39
291 46
292 46
293 41
294 36
295 41
296 43
297 37
298 36
299 41
300 42
301 42
302 49
303 48
304 45
305 45
306 45
307 47
308 46
309 46
310 45
311 44
312 43
313 43
314 47
315 49
316 46
317 45
318 35
319 40
320 45
321 44
322 45
323 46
324 44
325 40
326 43
327 42
328 43
329 44
330 43
331 38
332 46
333 44
334 45
335 41
336 42
337 43
338 41
339 41
340 44
341 47
342 44
343 49
344 50
345 47
346 48
347 47
348 46
349 47
350 40
351 38
352 40
353 42
354 43
355 40
356 42
357 44
358 38
359 44
360 43
361 43
362 44
363 43
364 46
365 48
366 44
367 41
368 41
369 40
370 44
371 42
372 46
373 46
374 46
375 47
376 46
377 48
378 43
379 41
380 38
381 41
382 45
383 44
384 45
385 49
386 50
387 43
388 43
389 39
390 42
391 40
392 42
393 45
394 44
395 44
396 44
397 45
398 44
399 42
400 44
401 35
402 39
403 44
404 43
405 48
406 43
407 45
408 41
409 42
410 45
411 47
412 43
413 44
414 40
415 43
416 44
417 38
418 41
419 47
420 48
421 44
422 44
423 43
424 44
425 45
426 48
427 45
428 42
429 44
430 42
431 44
432 46
433 46
434 47
435 47
436 45
437 42
438 40
439 40
440 44
441 44
442 39
443 43
444 43
445 42
446 41
447 44
448 46
449 39
450 42
451 48
452 46
453 44
454 42
455 44
456 47
457 42
458 44
459 46
460 46
461 43
462 39
463 43
464 43
465 44
466 41
467 44
468 43
469 36
470 40
471 41
472 42
473 43
474 44
475 44
476 44
477 44
478 39
479 38
480 45
481 45
482 42
483 41
484 43
485 41
486 44
487 41
488 45
489 41
490 42
491 39
492 43
493 46
494 49
495 52
496 43
497 46
498 44
499 43
500 46
501 40
502 42
503 44
504 46
505 46
506 48
507 47
508 45
509 46
510 45
511 45
512 45
513 44
514 42
515 42
516 44
517 43
518 44
519 45
520 45
521 44
522 43
523 41
524 42
525 41
526 42
527 40
528 43
529 45
530 48
531 48
532 45
533 44
534 37
535 40
536 40
537 46
538 46
539 45
540 41
541 45
542 40
543 41
544 43
545 40
546 42
547 41
548 42
549 43
550 43
551 42
552 44
553 44
554 43
555 44
556 42
557 42
558 45
559 48
560 46
561 44
562 45
563 46
564 48
565 46
566 48
567 44
568 49
569 45
570 44
571 46
572 44
573 46
574 46
575 45
576 46
577 42
578 42
579 45
580 47
581 44
582 45
583 43
584 40
585 39
586 43
587 41
588 40
589 40
590 40
591 42
592 42
593 40
594 44
595 43
596 43
597 44
598 49
599 48
600 47
601 43
602 47
603 44
604 43
605 44
606 43
607 43
608 45
609 44
610 45
611 46
612 43
613 48
614 44
615 44
616 41
617 39
618 37
619 42
620 44
621 42
622 39
623 44
624 40
625 44
626 43
627 45
628 45
629 40
630 40
631 45
632 41
633 46
634 43
635 42
636 38
637 43
638 42
639 43
640 38
641 37
642 42
643 49
644 46
645 47
646 44
647 44
648 43
649 38
650 37
651 44
652 43
653 42
654 43
655 45
656 46
657 43
658 44
659 43
660 45
661 47
662 46
663 38
664 43
665 45
666 46
667 42
668 42
669 44
670 45
671 44
672 46
673 45
674 45
675 44
676 43
677 46
678 44
679 42
680 41
681 47
682 44
683 40
684 47
685 45
686 41
687 43
688 44
689 44
690 38
691 41
692 38
693 45
694 45
695 43
696 41
697 42
698 45
699 41
700 46
701 46
702 40
703 42
704 47
705 42
706 46
707 45
708 48
709 45
710 46
711 43
712 37
713 40
714 42
715 43
716 43
717 40
718 44
719 43
720 43
721 42
722 45
723 46
724 48
725 43
726 43
727 43
728 44
729 43
730 46
731 44
732 49
733 46
734 45
735 43
736 44
737 44
738 43
739 43
740 37
741 42
742 44
743 39
744 44
745 45
746 45
747 44
748 44
749 45
750 46
751 44
752 38
753 44
754 46
755 43
756 42
757 40
758 40
759 44
760 41
761 43
762 43
763 46
764 46
765 39
766 46
767 41
768 36
769 40
770 42
771 43
772 45
773 48
774 45
775 44
776 45
777 48
778 43
779 41
780 42
781 44
782 38
783 43
784 45
785 45
786 44
787 46
788 43
789 46
790 46
791 42
792 45
793 44
794 43
795 47
796 47
797 43
798 46
799 47
800 43
801 45
802 40
803 39
804 39
805 45
806 45
807 47
808 46
809 46
810 46
811 44
812 46
813 42
814 44
815 47
816 45
817 44
818 46
819 47
820 44
821 39
822 40
823 41
824 41
825 38
826 42
827 45
828 46
829 43
830 43
831 48
832 46
833 42
834 37
835 40
836 42
837 43
838 44
839 44
840 45
841 45
842 41
843 42
844 43
845 45
846 39
847 45
848 41
849 43
850 42
851 46
852 45
853 44
854 39
855 41
856 47
857 44
858 43
859 43
860 43
861 46
862 46
863 45
864 43
865 44
866 43
867 42
868 43
869 46
870 43
871 44
872 43
873 47
874 39
875 45
876 40
877 43
878 40
879 40
880 45
881 48
882 49
883 46
884 45
885 43
886 42
887 48
888 43
889 45
890 43
891 44
892 48
893 41
894 42
895 46
896 47
897 46
898 47
899 47
900 46
901 47
902 47
903 45
904 43
905 41
906 45
907 46
908 46
909 42
910 44
911 43
912 46
913 46
914 49
915 48
916 43
917 47
918 43
919 46
920 49
921 46
922 41
923 45
924 42
925 40
926 46
927 39
928 41
929 42
930 42
931 41
932 45
933 43
934 43
935 49
936 38
937 39
938 43
939 44
940 46
941 48
942 45
943 45
944 43
945 43
946 41
947 40
948 45
949 45
950 44
951 44
952 41
953 42
954 41
955 45
956 47
957 48
958 46
959 44
960 45
961 46
962 42
963 49
964 46
965 44
966 42
967 39
968 38
969 40
970 40
971 41
972 43
973 46
974 41
975 43
976 41
977 44
978 44
979 40
980 46
981 46
982 46
983 42
984 47
985 43
986 40
987 45
988 43
989 42
990 43
991 41
992 41
993 41
994 41
995 40
996 44
997 43
998 45
999 42
1000 48
