0 15
1 8
2 8
3 10
4 10
5 8
6 8
7 8
8 10
9 10
10 8
11 9
12 11
13 9
14 9
15 7
16 11
17 7
18 11
19 7
20 10
21 10
22 8
23 11
24 8
25 10
26 10
27 10
28 10
29 6
30 8
31 10
32 10
33 8
34 7
35 11
36 8
37 9
38 10
39 9
40 9
41 8
42 10
43 7
44 10
45 8
46 9
47 10
48 10
49 11
50 9
51 8
52 5
53 7
54 10
55 8
56 8
57 10
58 11
59 8
60 9
61 8
62 7
63 8
64 8
65 9
66 8
67 8
68 9
69 9
70 9
71 10
72 9
73 9
74 10
75 8
76 10
77 9
78 10
79 9
80 7
81 10
82 8
83 11
84 9
85 8
86 9
87 8
88 10
89 9
90 9
91 7
92 9
93 10
94 8
95 8
96 9
97 10
98 8
99 9
100 7
101 10
102 10
103 10
104 11
105 8
106 9
107 8
108 10
109 9
110 11
111 10
112 11
113 8
114 10
115 9
116 8
117 9
118 7
119 9
120 10
121 6
122 8
123 10
124 8
125 8
126 8
127 10
128 10
129 10
130 9
131 9
132 11
133 9
134 10
135 7
136 9
137 9
138 9
139 7
140 10
141 11
142 9
143 8
144 10
145 8
146 10
147 9
148 9
149 9
150 9
151 11
152 6
153 9
154 9
155 7
156 6
157 9
158 9
159 8
160 8
161 8
162 9
163 9
164 6
165 10
166 12
167 10
168 10
169 7
170 9
171 11
172 10
173 10
174 10
175 9
176 9
177 8
178 10
179 10
180 8
181 9
182 7
183 8
184 10
185 10
186 7
187 8
188 10
189 8
190 9
191 8
192 10
193 9
194 7
195 9
196 10
197 9
198 10
199 10
200 10
201 8
202 9
203 11
204 9
205 10
206 10
207 9
208 10
209 5
210 9
211 10
212 10
213 10
214 11
215 9
216 8
217 10
218 10
219 9
220 10
221 11
222 9
223 9
224 10
225 10
226 9
227 9
228 11
229 11
230 10
231 10
232 11
233 9
234 11
235 9
236 10
237 9
238 10
239 9
240 11
241 6
242 11
243 10
244 10
245 10
246 8
247 7
248 7
249 8
250 9
251 8
252 10
253 7
254 8
255 10
256 9
257 7
258 11
259 8
260 9
261 9
262 9
263 10
264 9
265 11
266 7
267 7
268 9
269 9
270 9
271 10
272 10
273 9
274 10
275 8
276 8
277 9
278 8
279 9
280 11
281 9
282 6
283 9
284 9
285 9
286 11
287 7
288 9
289 10
290 9
291 10
292 9
293 9
294 8
295 8
296 8
297 7
298 7
299 10
300 9
301 8
302 9
303 9
304 10
305 10
306 9
307 9
308 7
309 9
310 8
311 6
312 10
313 9
314 9
315 11
316 9
317 10
318 8
319 10
320 10
321 10
322 8
323 7
324 7
325 10
326 9
327 9
328 6
329 8
330 10
331 9
332 9
333 10
334 10
335 10
336 8
337 10
338 11
339 10
340 10
341 9
342 10
343 10
344 9
345 11
346 8
347 9
348 11
349 10
350 8
351 8
352 10
353 10
354 10
355 9
356 10
357 9
358 7
359 10
360 9
361 9
362 8
363 9
364 8
365 8
366 7
367 8
368 8
369 9
370 9
371 11
372 11
373 9
374 8
375 10
376 10
377 9
378 9
379 11
380 11
381 6
382 7
383 8
384 10
385 10
386 11
387 8
388 11
389 10
390 8
391 12
392 9
393 10
394 10
395 7
396 9
397 8
398 8
399 10
400 9
401 10
402 11
403 10
404 7
405 6
406 10
407 10
408 8
409 10
410 10
411 12
412 11
413 9
414 11
415 9
416 11
417 8
418 10
419 6
420 9
421 9
422 8
423 10
424 9
425 10
426 10
427 9
428 7
429 4
430 5
431 8
432 8
433 8
434 9
435 10
436 12
437 10
438 8
439 8
440 8
441 11
442 9
443 10
444 10
445 8
446 10
447 8
448 8
449 9
450 9
451 11
452 9
453 9
454 11
455 10
456 9
457 6
458 10
459 7
460 9
461 8
462 7
463 9
464 9
465 8
466 11
467 10
468 11
469 7
470 9
471 8
472 8
473 10
474 11
475 10
476 8
477 9
478 10
479 10
480 10
481 9
482 9
483 7
484 8
485 10
486 6
487 9
488 10
489 9
490 9
491 10
492 7
493 9
494 11
495 9
496 9
497 8
498 9
499 7
500 11
501 9
502 7
503 9
504 9
505 9
506 8
507 9
508 9
509 10
510 7
511 10
512 10
513 8
514 9
515 10
516 11
517 9
518 8
519 8
520 10
521 9
522 9
523 9
524 9
525 9
526 10
527 12
528 8
529 10
530 8
531 8
532 9
533 9
534 10
535 10
536 11
537 10
538 8
539 7
540 8
541 7
542 12
543 10
544 9
545 10
546 8
547 10
548 9
549 8
550 10
551 10
552 9
553 8
554 8
555 9
556 10
557 10
558 8
559 11
560 10
561 10
562 7
563 9
564 11
565 9
566 7
567 7
568 8
569 11
570 9
571 8
572 8
573 9
574 8
575 10
576 9
577 7
578 6
579 9
580 7
581 9
582 9
583 10
584 10
585 8
586 11
587 9
588 9
589 10
590 10
591 9
592 11
593 9
594 9
595 8
596 11
597 8
598 11
599 10
600 11
601 7
602 10
603 8
604 10
605 8
606 9
607 9
608 10
609 12
610 10
611 7
612 11
613 6
614 10
615 9
616 9
617 9
618 9
619 11
620 9
621 10
622 7
623 9
624 10
625 9
626 6
627 9
628 6
629 10
630 8
631 6
632 10
633 9
634 9
635 11
636 10
637 8
638 8
639 11
640 10
641 9
642 8
643 9
644 9
645 11
646 9
647 9
648 10
649 9
650 9
651 13
652 10
653 8
654 8
655 9
656 7
657 8
658 9
659 9
660 6
661 10
662 10
663 10
664 9
665 8
666 11
667 10
668 9
669 12
670 10
671 9
672 9
673 8
674 9
675 10
676 9
677 8
678 9
679 10
680 7
681 6
682 10
683 11
684 9
685 9
686 10
687 10
688 10
689 6
690 10
691 11
692 9
693 8
694 10
695 9
696 10
697 10
698 8
699 7
700 8
701 9
702 6
703 8
704 10
705 7
706 11
707 8
708 10
709 7
710 8
711 7
712 11
713 8
714 9
715 9
716 8
717 9
718 10
719 10
720 9
721 7
722 9
723 9
724 10
725 8
726 8
727 8
728 9
729 9
730 9
731 10
732 8
733 11
734 7
735 10
736 9
737 8
738 10
739 8
740 8
741 8
742 9
743 9
744 10
745 10
746 10
747 7
748 10
749 8
750 8
751 10
752 10
753 9
754 9
755 9
756 9
757 9
758 10
759 9
760 10
761 8
762 8
763 10
764 10
765 11
766 9
767 9
768 8
769 9
770 9
771 10
772 11
773 6
774 9
775 8
776 10
777 9
778 10
779 8
780 9
781 11
782 8
783 9
784 10
785 7
786 11
787 9
788 9
789 10
790 12
791 10
792 10
793 8
794 10
795 11
796 9
797 8
798 9
799 10
800 9
801 9
802 7
803 8
804 10
805 10
806 10
807 8
808 9
809 8
810 11
811 9
812 8
813 9
814 7
815 9
816 9
817 11
818 11
819 9
820 9
821 9
822 8
823 8
824 9
825 8
826 10
827 8
828 10
829 10
830 8
831 8
832 10
833 7
834 11
835 8
836 9
837 11
838 11
839 8
840 9
841 10
842 8
843 8
844 9
845 9
846 9
847 8
848 9
849 8
850 9
851 8
852 6
853 8
854 7
855 9
856 11
857 8
858 10
859 9
860 9
861 8
862 8
863 9
864 9
865 9
866 10
867 9
868 9
869 7
870 9
871 10
872 10
873 8
874 11
875 8
876 11
877 9
878 9
879 7
880 10
881 8
882 10
883 8
884 10
885 10
886 9
887 9
888 7
889 5
890 9
891 10
892 7
893 12
894 7
895 11
896 10
897 10
898 11
899 11
900 10
901 11
902 10
903 12
904 8
905 9
906 9
907 11
908 10
909 9
910 9
911 10
912 10
913 9
914 8
915 9
916 10
917 9
918 9
919 9
920 10
921 9
922 9
923 9
924 9
925 10
926 7
927 10
928 10
929 9
930 10
931 10
932 11
933 10
934 11
935 8
936 8
937 11
938 10
939 9
940 9
941 10
942 8
943 8
944 8
945 10
946 9
947 8
948 9
949 9
950 6
951 8
952 7
953 8
954 9
955 10
956 11
957 10
958 8
959 10
960 9
961 7
962 9
963 9
964 10
965 9
966 10
967 10
968 10
969 10
970 9
971 7
972 9
973 10
974 10
975 9
976 8
977 10
978 9
979 9
980 8
981 10
982 9
983 9
984 8
985 10
986 10
987 9
988 8
989 9
990 9
991 9
992 9
993 11
994 10
995 10
996 9
997 7
998 8
999 9
1000 8
