0 60
1 54
2 49
3 42
4 37
5 35
6 34
7 33
8 31
9 33
10 32
11 32
12 34
13 34
14 32
15 30
16 29
17 29
18 31
19 33
20 33
21 32
22 31
23 32
24 33
25 33
26 34
27 34
28 34
29 33
30 33
31 32
32 32
33 28
34 31
35 32
36 33
37 34
38 34
39 34
40 33
41 31
42 33
43 32
44 32
45 31
46 30
47 27
48 29
49 29
50 29
51 32
52 33
53 32
54 34
55 35
56 34
57 34
58 31
59 32
60 31
61 28
62 29
63 30
64 31
65 33
66 31
67 29
68 29
69 32
70 32
71 32
72 30
73 32
74 29
75 32
76 30
77 30
78 28
79 30
80 32
81 32
82 31
83 33
84 32
85 30
86 32
87 33
88 32
89 33
90 34
91 35
92 34
93 35
94 33
95 33
96 32
97 29
98 29
99 30
100 32
101 29
102 29
103 29
104 32
105 32
106 32
107 30
108 31
109 30
110 29
111 29
112 30
113 31
114 32
115 31
116 32
117 33
118 32
119 30
120 30
121 30
122 32
123 32
124 30
125 30
126 32
127 32
128 31
129 31
130 30
131 31
132 33
133 32
134 30
135 28
136 29
137 30
138 32
139 34
140 34
141 35
142 34
143 33
144 32
145 30
146 30
147 32
148 31
149 33
150 34
151 36
152 33
153 33
154 31
155 29
156 30
157 31
158 30
159 29
160 32
161 32
162 30
163 31
164 29
165 30
166 31
167 29
168 33
169 35
170 33
171 33
172 32
173 30
174 33
175 34
176 34
177 31
178 32
179 34
180 35
181 35
182 32
183 32
184 32
185 33
186 32
187 29
188 30
189 30
190 32
191 29
192 31
193 32
194 32
195 32
196 30
197 31
198 32
199 32
200 33
201 31
202 28
203 28
204 31
205 33
206 35
207 32
208 31
209 29
210 28
211 30
212 31
213 32
214 32
215 31
216 32
217 31
218 31
219 32
220 32
221 31
222 30
223 31
224 28
225 31
226 31
227 31
228 34
229 33
230 32
231 32
232 33
233 34
234 33
235 33
236 34
237 33
238 30
239 30
240 32
241 31
242 30
243 29
244 30
245 30
246 31
247 32
248 33
249 33
250 32
251 34
252 33
253 32
254 35
255 34
256 29
257 31
258 31
259 33
260 30
261 30
262 29
263 29
264 30
265 30
266 32
267 32
268 33
269 31
270 30
271 33
272 32
273 33
274 31
275 30
276 32
277 33
278 30
279 31
280 27
281 29
282 28
283 30
284 30
285 33
286 32
287 32
288 32
289 32
290 33
291 32
292 31
293 32
294 31
295 28
296 28
297 29
298 30
299 32
300 31
301 31
302 32
303 30
304 32
305 32
306 30
307 30
308 28
309 28
310 32
311 31
312 30
313 30
314 31
315 34
316 36
317 33
318 35
319 33
320 32
321 33
322 33
323 32
324 26
325 29
326 31
327 32
328 32
329 33
330 34
331 34
332 33
333 34
334 35
335 36
336 34
337 36
338 36
339 35
340 36
341 36
342 33
343 33
344 33
345 30
346 33
347 34
348 32
349 30
350 31
351 32
352 32
353 30
354 27
355 29
356 31
357 34
358 35
359 34
360 32
361 32
362 30
363 32
364 32
365 32
366 33
367 33
368 34
369 35
370 33
371 34
372 32
373 31
374 33
375 33
376 34
377 31
378 31
379 30
380 28
381 29
382 30
383 29
384 30
385 25
386 24
387 23
388 24
389 27
390 29
391 29
392 29
393 28
394 29
395 29
396 29
397 27
398 28
399 27
400 28
401 29
402 29
403 30
404 34
405 36
406 35
407 35
408 34
409 30
410 31
411 33
412 33
413 34
414 34
415 34
416 29
417 29
418 28
419 27
420 30
421 31
422 31
423 32
424 31
425 33
426 34
427 34
428 33
429 32
430 30
431 31
432 31
433 33
434 35
435 38
436 34
437 32
438 34
439 36
440 35
441 34
442 34
443 34
444 33
445 35
446 31
447 31
448 32
449 30
450 28
451 29
452 27
453 29
454 29
455 30
456 28
457 30
458 32
459 30
460 30
461 30
462 30
463 32
464 34
465 31
466 30
467 30
468 31
469 31
470 30
471 30
472 29
473 30
474 28
475 28
476 30
477 30
478 31
479 30
480 30
481 31
482 29
483 32
484 33
485 31
486 32
487 33
488 31
489 33
490 31
491 29
492 28
493 31
494 29
495 30
496 31
497 30
498 31
499 34
500 34
501 33
502 34
503 35
504 34
505 33
506 34
507 35
508 35
509 35
510 32
511 31
512 33
513 30
514 33
515 30
516 31
517 33
518 33
519 35
520 31
521 33
522 36
523 34
524 35
525 33
526 32
527 30
528 27
529 29
530 29
531 31
532 34
533 31
534 32
535 30
536 29
537 31
538 29
539 30
540 28
541 27
542 29
543 29
544 29
545 32
546 33
547 34
548 33
549 31
550 31
551 27
552 29
553 28
554 28
555 28
556 29
557 29
558 30
559 30
560 31
561 32
562 33
563 31
564 31
565 33
566 32
567 32
568 29
569 28
570 30
571 29
572 30
573 28
574 27
575 28
576 29
577 28
578 28
579 30
580 30
581 32
582 30
583 30
584 30
585 31
586 31
587 33
588 34
589 35
590 36
591 33
592 31
593 28
594 31
595 32
596 29
597 30
598 30
599 31
600 31
601 31
602 33
603 34
604 33
605 33
606 33
607 34
608 33
609 33
610 32
611 33
612 34
613 34
614 33
615 32
616 34
617 35
618 30
619 29
620 29
621 27
622 29
623 31
624 33
625 31
626 31
627 31
628 34
629 34
630 31
631 31
632 32
633 30
634 30
635 31
636 31
637 33
638 33
639 33
640 33
641 34
642 34
643 33
644 32
645 31
646 33
647 32
648 35
649 33
650 32
651 34
652 31
653 30
654 32
655 32
656 34
657 33
658 34
659 35
660 36
661 31
662 29
663 31
664 31
665 30
666 29
667 29
668 31
669 31
670 33
671 32
672 33
673 32
674 29
675 32
676 32
677 30
678 31
679 30
680 28
681 26
682 31
683 31
684 32
685 32
686 32
687 31
688 33
689 34
690 37
691 36
692 37
693 38
694 36
695 33
696 34
697 34
698 34
699 34
700 32
701 33
702 32
703 33
704 34
705 34
706 34
707 33
708 33
709 34
710 34
711 34
712 35
713 37
714 34
715 33
716 33
717 35
718 36
719 36
720 37
721 34
722 34
723 35
724 34
725 33
726 33
727 34
728 34
729 34
730 32
731 33
732 32
733 33
734 32
735 32
736 33
737 33
738 31
739 28
740 29
741 29
742 30
743 32
744 32
745 31
746 31
747 30
748 29
749 31
750 31
751 32
752 32
753 32
754 34
755 33
756 31
757 31
758 31
759 33
760 34
761 32
762 32
763 31
764 31
765 33
766 34
767 35
768 34
769 32
770 31
771 31
772 34
773 33
774 32
775 31
776 33
777 31
778 31
779 33
780 32
781 33
782 29
783 28
784 28
785 30
786 32
787 30
788 32
789 33
790 32
791 33
792 34
793 33
794 34
795 35
796 32
797 31
798 33
799 35
800 35
801 37
802 36
803 36
804 35
805 34
806 33
807 36
808 36
809 34
810 34
811 29
812 30
813 33
814 31
815 31
816 34
817 36
818 32
819 29
820 31
821 27
822 29
823 31
824 30
825 29
826 32
827 31
828 29
829 30
830 30
831 25
832 28
833 30
834 30
835 29
836 30
837 27
838 27
839 30
840 31
841 32
842 33
843 30
844 30
845 32
846 33
847 33
848 33
849 33
850 32
851 31
852 33
853 33
854 33
855 34
856 33
857 30
858 30
859 29
860 30
861 33
862 36
863 33
864 34
865 35
866 35
867 35
868 36
869 34
870 34
871 33
872 33
873 30
874 31
875 30
876 32
877 29
878 27
879 29
880 31
881 32
882 32
883 30
884 28
885 25
886 27
887 29
888 29
889 30
890 34
891 32
892 33
893 32
894 35
895 34
896 35
897 37
898 35
899 34
900 30
901 32
902 34
903 35
904 31
905 30
906 30
907 33
908 35
909 31
910 31
911 32
912 31
913 31
914 34
915 34
916 36
917 38
918 37
919 31
920 34
921 35
922 34
923 30
924 33
925 31
926 31
927 33
928 34
929 35
930 31
931 28
932 29
933 26
934 28
935 31
936 30
937 31
938 32
939 30
940 30
941 29
942 29
943 27
944 29
945 31
946 32
947 32
948 32
949 32
950 35
951 36
952 36
953 37
954 37
955 34
956 34
957 36
958 36
959 34
960 35
961 36
962 35
963 34
964 33
965 32
966 32
967 34
968 33
969 30
970 28
971 30
972 32
973 33
974 35
975 31
976 29
977 31
978 33
979 31
980 30
981 30
982 28
983 29
984 30
985 31
986 30
987 31
988 33
989 34
990 31
991 34
992 32
993 30
994 30
995 33
996 30
997 30
998 29
999 30
1000 32
