0 85
1 70
2 65
3 63
4 58
5 54
6 48
7 54
8 46
9 51
10 53
11 56
12 56
13 56
14 55
15 53
16 52
17 55
18 51
19 54
20 48
21 52
22 53
23 48
24 50
25 51
26 53
27 53
28 58
29 58
30 58
31 56
32 51
33 48
34 54
35 49
36 54
37 52
38 53
39 55
40 52
41 50
42 48
43 54
44 52
45 58
46 54
47 55
48 58
49 59
50 56
51 57
52 52
53 55
54 54
55 54
56 56
57 56
58 52
59 53
60 55
61 53
62 49
63 49
64 53
65 48
66 48
67 50
68 50
69 51
70 50
71 52
72 52
73 52
74 57
75 53
76 57
77 54
78 51
79 54
80 57
81 54
82 52
83 54
84 57
85 55
86 51
87 51
88 53
89 52
90 50
91 53
92 52
93 53
94 53
95 52
96 53
97 55
98 56
99 57
100 56
101 55
102 57
103 57
104 53
105 54
106 51
107 49
108 51
109 55
110 54
111 53
112 54
113 53
114 57
115 53
116 53
117 55
118 53
119 55
120 52
121 51
122 51
123 55
124 54
125 54
126 54
127 55
128 52
129 55
130 55
131 58
132 54
133 53
134 56
135 54
136 50
137 52
138 51
139 51
140 48
141 51
142 51
143 52
144 54
145 52
146 50
147 53
148 54
149 50
150 50
151 52
152 48
153 51
154 57
155 52
156 52
157 53
158 52
159 52
160 52
161 53
162 54
163 54
164 55
165 55
166 52
167 54
168 56
169 51
170 50
171 51
172 51
173 50
174 48
175 49
176 53
177 57
178 59
179 56
180 57
181 55
182 55
183 53
184 54
185 51
186 50
187 53
188 53
189 51
190 51
191 56
192 58
193 51
194 56
195 53
196 54
197 52
198 53
199 55
200 57
201 56
202 46
203 49
204 54
205 53
206 51
207 51
208 52
209 53
210 54
211 52
212 55
213 58
214 56
215 51
216 54
217 54
218 55
219 56
220 59
221 56
222 57
223 50
224 53
225 53
226 50
227 49
228 52
229 49
230 52
231 54
232 54
233 51
234 50
235 53
236 53
237 58
238 55
239 53
240 54
241 53
242 52
243 54
244 54
245 55
246 57
247 53
248 46
249 52
250 50
251 56
252 58
253 59
254 57
255 52
256 52
257 51
258 49
259 47
260 48
261 54
262 53
263 53
264 49
265 51
266 53
267 47
268 43
269 50
270 55
271 56
272 52
273 54
274 55
275 56
276 58
277 57
278 56
279 55
280 56
281 56
282 54
283 52
284 54
285 53
286 54
287 53
288 48
289 51
290 53
291 50
292 51
293 53
294 54
295 55
296 53
297 49
298 51
299 51
300 48
301 51
302 52
303 52
304 55
305 56
306 51
307 52
308 54
309 55
310 55
311 49
312 50
313 53
314 55
315 53
316 54
317 53
318 54
319 52
320 55
321 55
322 55
323 53
324 50
325 52
326 55
327 56
328 57
329 52
330 53
331 54
332 56
333 55
334 54
335 54
336 47
337 54
338 55
339 59
340 55
341 50
342 51
343 51
344 50
345 53
346 58
347 55
348 47
349 47
350 50
351 51
352 54
353 53
354 53
355 52
356 52
357 49
358 53
359 51
360 52
361 54
362 51
363 56
364 56
365 50
366 55
367 54
368 53
369 51
370 51
371 51
372 53
373 53
374 49
375 52
376 57
377 53
378 57
379 58
380 56
381 56
382 57
383 58
384 58
385 57
386 56
387 56
388 52
389 56
390 56
391 51
392 52
393 49
394 51
395 55
396 56
397 52
398 53
399 52
400 52
401 56
402 53
403 52
404 47
405 53
406 56
407 52
408 48
409 52
410 53
411 55
412 53
413 56
414 57
415 56
416 54
417 54
418 47
419 47
420 52
421 52
422 55
423 58
424 53
425 50
426 50
427 49
428 55
429 54
430 53
431 55
432 58
433 58
434 57
435 62
436 58
437 55
438 56
439 56
440 52
441 52
442 55
443 52
444 51
445 55
446 53
447 56
448 53
449 55
450 57
451 55
452 54
453 57
454 56
455 53
456 54
457 56
458 57
459 53
460 53
461 51
462 56
463 56
464 57
465 55
466 55
467 59
468 57
469 56
470 54
471 57
472 58
473 60
474 55
475 56
476 52
477 52
478 55
479 56
480 57
481 56
482 58
483 54
484 53
485 53
486 55
487 56
488 53
489 57
490 46
491 47
492 52
493 54
494 51
495 49
496 51
497 50
498 53
499 53
500 57
501 55
502 54
503 57
504 57
505 58
506 58
507 56
508 56
509 52
510 54
511 55
512 55
513 49
514 49
515 56
516 59
517 59
518 55
519 53
520 50
521 49
522 54
523 53
524 50
525 51
526 49
527 51
528 52
529 52
530 55
531 55
532 54
533 53
534 55
535 58
536 55
537 53
538 55
539 53
540 54
541 53
542 56
543 51
544 54
545 52
546 53
547 53
548 51
549 51
550 55
551 55
552 52
553 54
554 55
555 55
556 57
557 53
558 55
559 54
560 51
561 52
562 54
563 55
564 53
565 56
566 57
567 56
568 56
569 53
570 55
571 59
572 56
573 53
574 56
575 56
576 53
577 53
578 51
579 51
580 50
581 53
582 52
583 54
584 54
585 53
586 55
587 54
588 58
589 51
590 51
591 55
592 53
593 55
594 51
595 55
596 57
597 55
598 53
599 54
600 56
601 51
602 56
603 58
604 60
605 52
606 51
607 50
608 50
609 49
610 48
611 51
612 51
613 53
614 56
615 56
616 53
617 52
618 55
619 56
620 56
621 56
622 52
623 53
624 54
625 55
626 54
627 57
628 57
629 54
630 53
631 54
632 55
633 53
634 49
635 44
636 49
637 51
638 49
639 49
640 52
641 51
642 51
643 55
644 56
645 53
646 51
647 50
648 51
649 54
650 56
651 53
652 50
653 56
654 58
655 54
656 53
657 52
658 51
659 56
660 54
661 54
662 48
663 53
664 55
665 57
666 58
667 56
668 53
669 56
670 57
671 54
672 54
673 54
674 57
675 52
676 53
677 56
678 56
679 52
680 53
681 50
682 54
683 53
684 56
685 52
686 53
687 55
688 57
689 56
690 50
691 51
692 49
693 54
694 54
695 52
696 53
697 55
698 56
699 51
700 53
701 56
702 51
703 53
704 51
705 49
706 54
707 53
708 53
709 54
710 55
711 49
712 54
713 51
714 50
715 52
716 54
717 53
718 54
719 58
720 55
721 52
722 53
723 52
724 50
725 51
726 53
727 52
728 55
729 61
730 57
731 55
732 54
733 55
734 56
735 55
736 55
737 55
738 54
739 54
740 52
741 50
742 52
743 53
744 55
745 55
746 57
747 56
748 53
749 53
750 52
751 52
752 52
753 52
754 50
755 53
756 53
757 51
758 50
759 56
760 56
761 56
762 52
763 55
764 56
765 54
766 52
767 50
768 52
769 53
770 48
771 53
772 52
773 51
774 54
775 52
776 54
777 57
778 58
779 57
780 54
781 55
782 55
783 56
784 58
785 55
786 57
787 57
788 57
789 55
790 51
791 55
792 52
793 51
794 53
795 55
796 54
797 54
798 54
799 54
800 55
801 59
802 60
803 54
804 55
805 50
806 55
807 54
808 52
809 56
810 56
811 57
812 56
813 56
814 52
815 51
816 52
817 55
818 51
819 54
820 55
821 56
822 55
823 54
824 54
825 54
826 57
827 59
828 52
829 53
830 52
831 52
832 50
833 56
834 56
835 57
836 50
837 49
838 52
839 51
840 54
841 50
842 54
843 51
844 51
845 52
846 52
847 56
848 55
849 55
850 52
851 56
852 54
853 52
854 50
855 51
856 51
857 51
858 50
859 50
860 56
861 52
862 53
863 51
864 52
865 52
866 53
867 54
868 52
869 52
870 50
871 54
872 53
873 54
874 57
875 56
876 50
877 53
878 55
879 53
880 52
881 51
882 54
883 55
884 53
885 50
886 47
887 52
888 48
889 44
890 48
891 47
892 52
893 53
894 55
895 52
896 52
897 52
898 52
899 49
900 49
901 52
902 52
903 52
904 51
905 53
906 50
907 57
908 58
909 57
910 55
911 52
912 50
913 51
914 52
915 54
916 53
917 54
918 55
919 57
920 54
921 51
922 55
923 56
924 57
925 56
926 58
927 53
928 52
929 50
930 52
931 56
932 55
933 47
934 46
935 51
936 53
937 56
938 54
939 52
940 51
941 55
942 53
943 48
944 51
945 53
946 54
947 50
948 55
949 57
950 56
951 55
952 54
953 56
954 55
955 53
956 49
957 52
958 51
959 48
960 52
961 52
962 50
963 49
964 51
965 51
966 53
967 58
968 58
969 55
970 51
971 49
972 50
973 53
974 53
975 53
976 57
977 54
978 57
979 54
980 59
981 58
982 54
983 55
984 54
985 51
986 53
987 55
988 54
989 54
990 57
991 57
992 55
993 53
994 54
995 51
996 56
997 58
998 55
999 54
1000 52
