0 75
1 62
2 55
3 60
4 58
5 57
6 56
7 54
8 53
9 48
10 55
11 55
12 52
13 54
14 53
15 55
16 53
17 55
18 55
19 53
20 49
21 58
22 59
23 57
24 58
25 58
26 55
27 62
28 57
29 58
30 54
31 53
32 52
33 55
34 53
35 41
36 49
37 53
38 53
39 62
40 56
41 53
42 60
43 49
44 47
45 50
46 49
47 57
48 56
49 46
50 57
51 46
52 51
53 53
54 53
55 61
56 58
57 59
58 55
59 53
60 50
61 54
62 53
63 50
64 51
65 52
66 54
67 62
68 56
69 51
70 56
71 51
72 55
73 53
74 52
75 50
76 53
77 55
78 51
79 54
80 59
81 58
82 55
83 57
84 51
85 48
86 52
87 55
88 51
89 53
90 47
91 52
92 49
93 49
94 53
95 54
96 55
97 51
98 58
99 59
100 51
101 49
102 52
103 54
104 49
105 44
106 56
107 53
108 53
109 55
110 59
111 54
112 59
113 58
114 59
115 53
116 54
117 56
118 56
119 53
120 50
121 56
122 56
123 48
124 53
125 53
126 58
127 53
128 53
129 50
130 57
131 52
132 56
133 51
134 49
135 54
136 61
137 58
138 51
139 54
140 56
141 49
142 52
143 47
144 59
145 56
146 56
147 53
148 57
149 52
150 57
151 53
152 57
153 53
154 57
155 54
156 52
157 55
158 54
159 50
160 49
161 53
162 57
163 50
164 56
165 54
166 57
167 58
168 52
169 54
170 53
171 52
172 59
173 60
174 62
175 57
176 50
177 54
178 60
179 56
180 54
181 57
182 52
183 52
184 52
185 51
186 53
187 55
188 55
189 52
190 49
191 45
192 53
193 47
194 48
195 55
196 54
197 54
198 57
199 55
200 52
201 53
202 57
203 58
204 53
205 58
206 59
207 53
208 54
209 52
210 53
211 54
212 55
213 56
214 50
215 50
216 56
217 63
218 54
219 54
220 53
221 58
222 53
223 57
224 54
225 52
226 57
227 57
228 57
229 57
230 55
231 54
232 56
233 55
234 53
235 55
236 56
237 50
238 50
239 58
240 57
241 53
242 54
243 54
244 54
245 58
246 59
247 57
248 51
249 50
250 56
251 53
252 58
253 51
254 45
255 49
256 57
257 55
258 52
259 52
260 50
261 55
262 49
263 49
264 49
265 50
266 55
267 52
268 55
269 51
270 59
271 52
272 54
273 56
274 54
275 50
276 52
277 57
278 53
279 54
280 48
281 54
282 54
283 57
284 52
285 53
286 56
287 51
288 58
289 53
290 55
291 47
292 54
293 53
294 53
295 53
296 53
297 54
298 51
299 58
300 53
301 56
302 57
303 51
304 54
305 57
306 54
307 55
308 54
309 56
310 56
311 53
312 53
313 48
314 55
315 53
316 54
317 55
318 50
319 48
320 50
321 52
322 56
323 51
324 51
325 56
326 53
327 53
328 52
329 52
330 59
331 53
332 59
333 51
334 52
335 59
336 54
337 53
338 53
339 60
340 51
341 51
342 53
343 49
344 50
345 53
346 53
347 54
348 58
349 54
350 56
351 54
352 54
353 55
354 51
355 52
356 52
357 49
358 52
359 49
360 53
361 51
362 55
363 48
364 51
365 53
366 55
367 58
368 53
369 60
370 48
371 59
372 51
373 53
374 54
375 53
376 51
377 59
378 51
379 53
380 53
381 53
382 47
383 50
384 51
385 55
386 61
387 52
388 53
389 51
390 56
391 55
392 58
393 51
394 54
395 57
396 53
397 51
398 57
399 50
400 51
401 56
402 52
403 57
404 52
405 53
406 57
407 54
408 52
409 50
410 52
411 48
412 51
413 53
414 55
415 55
416 59
417 51
418 49
419 54
420 56
421 57
422 57
423 54
424 55
425 54
426 54
427 54
428 49
429 51
430 50
431 53
432 57
433 56
434 63
435 54
436 52
437 51
438 59
439 55
440 48
441 51
442 52
443 52
444 48
445 55
446 58
447 54
448 53
449 55
450 57
451 46
452 49
453 50
454 55
455 51
456 57
457 56
458 56
459 50
460 56
461 53
462 54
463 57
464 51
465 54
466 53
467 49
468 48
469 53
470 60
471 49
472 41
473 48
474 52
475 49
476 56
477 53
478 49
479 47
480 54
481 60
482 51
483 56
484 52
485 53
486 55
487 55
488 54
489 59
490 60
491 46
492 56
493 59
494 52
495 56
496 59
497 56
498 50
499 52
500 56
501 52
502 59
503 57
504 55
505 51
506 53
507 51
508 49
509 56
510 56
511 56
512 53
513 57
514 58
515 49
516 58
517 54
518 54
519 54
520 56
521 59
522 57
523 53
524 53
525 52
526 54
527 52
528 57
529 61
530 53
531 58
532 56
533 56
534 54
535 53
536 52
537 55
538 57
539 55
540 57
541 53
542 60
543 54
544 52
545 49
546 57
547 56
548 55
549 55
550 50
551 55
552 60
553 63
554 52
555 49
556 46
557 48
558 51
559 51
560 57
561 54
562 51
563 53
564 49
565 52
566 52
567 59
568 55
569 56
570 52
571 50
572 52
573 52
574 57
575 52
576 56
577 60
578 55
579 51
580 49
581 48
582 57
583 52
584 58
585 60
586 55
587 55
588 47
589 55
590 60
591 60
592 57
593 56
594 52
595 52
596 54
597 54
598 52
599 55
600 55
601 61
602 55
603 50
604 57
605 55
606 59
607 60
608 56
609 56
610 52
611 55
612 55
613 56
614 54
615 55
616 57
617 57
618 55
619 54
620 59
621 54
622 49
623 51
624 51
625 55
626 58
627 54
628 56
629 53
630 54
631 56
632 52
633 46
634 58
635 59
636 54
637 54
638 53
639 51
640 52
641 52
642 50
643 51
644 58
645 50
646 55
647 49
648 50
649 53
650 52
651 49
652 51
653 56
654 56
655 54
656 53
657 55
658 53
659 52
660 59
661 56
662 52
663 51
664 54
665 58
666 57
667 57
668 51
669 55
670 51
671 51
672 50
673 50
674 55
675 53
676 50
677 58
678 52
679 50
680 52
681 51
682 54
683 53
684 53
685 53
686 54
687 54
688 57
689 59
690 53
691 60
692 53
693 54
694 56
695 51
696 49
697 48
698 49
699 55
700 51
701 53
702 53
703 55
704 54
705 54
706 54
707 52
708 53
709 43
710 54
711 51
712 49
713 56
714 57
715 53
716 52
717 53
718 54
719 57
720 55
721 51
722 54
723 56
724 56
725 53
726 54
727 60
728 51
729 54
730 52
731 54
732 58
733 50
734 54
735 60
736 55
737 52
738 49
739 55
740 56
741 57
742 53
743 53
744 53
745 61
746 55
747 59
748 55
749 52
750 52
751 50
752 59
753 59
754 56
755 57
756 52
757 55
758 58
759 53
760 51
761 54
762 52
763 48
764 54
765 58
766 60
767 57
768 52
769 48
770 56
771 54
772 57
773 53
774 50
775 59
776 53
777 44
778 47
779 54
780 56
781 56
782 56
783 51
784 58
785 56
786 58
787 49
788 54
789 58
790 56
791 56
792 57
793 50
794 56
795 60
796 55
797 55
798 54
799 53
800 53
801 53
802 54
803 49
804 55
805 52
806 51
807 55
808 57
809 59
810 59
811 56
812 57
813 53
814 60
815 59
816 54
817 49
818 56
819 57
820 52
821 52
822 56
823 56
824 54
825 60
826 55
827 57
828 53
829 56
830 58
831 57
832 57
833 50
834 56
835 52
836 53
837 56
838 56
839 52
840 54
841 44
842 52
843 52
844 54
845 57
846 51
847 54
848 57
849 57
850 51
851 55
852 51
853 47
854 52
855 50
856 49
857 49
858 58
859 57
860 51
861 48
862 54
863 51
864 50
865 50
866 54
867 52
868 53
869 53
870 52
871 53
872 56
873 46
874 45
875 50
876 53
877 49
878 50
879 55
880 54
881 53
882 53
883 63
884 55
885 61
886 54
887 53
888 57
889 58
890 58
891 48
892 51
893 46
894 52
895 47
896 52
897 53
898 50
899 56
900 52
901 51
902 56
903 55
904 50
905 49
906 56
907 54
908 50
909 54
910 55
911 53
912 53
913 54
914 52
915 47
916 57
917 51
918 47
919 54
920 51
921 56
922 50
923 48
924 52
925 54
926 50
927 52
928 52
929 52
930 53
931 45
932 55
933 57
934 54
935 52
936 52
937 51
938 52
939 52
940 52
941 55
942 58
943 57
944 58
945 54
946 52
947 54
948 56
949 53
950 57
951 55
952 56
953 57
954 56
955 57
956 54
957 51
958 54
959 51
960 53
961 52
962 53
963 48
964 55
965 56
966 54
967 51
968 50
969 50
970 53
971 57
972 55
973 56
974 55
975 52
976 47
977 48
978 49
979 42
980 48
981 52
982 52
983 57
984 56
985 49
986 50
987 57
988 55
989 51
990 61
991 59
992 55
993 52
994 49
995 54
996 58
997 49
998 53
999 53
1000 51
