0 90
1 64
2 66
3 68
4 66
5 66
6 69
7 60
8 65
9 68
10 64
11 66
12 65
13 62
14 58
15 65
16 64
17 63
18 63
19 66
20 66
21 71
22 63
23 66
24 66
25 66
26 60
27 64
28 71
29 68
30 69
31 59
32 70
33 69
34 66
35 69
36 65
37 63
38 63
39 64
40 61
41 63
42 66
43 73
44 60
45 69
46 67
47 71
48 65
49 65
50 64
51 65
52 69
53 58
54 64
55 59
56 63
57 59
58 62
59 61
60 65
61 64
62 71
63 61
64 63
65 65
66 62
67 61
68 61
69 63
70 69
71 62
72 61
73 70
74 68
75 63
76 66
77 70
78 66
79 70
80 67
81 66
82 69
83 58
84 65
85 67
86 70
87 68
88 67
89 70
90 66
91 66
92 67
93 65
94 60
95 67
96 63
97 61
98 62
99 63
100 65
101 68
102 66
103 70
104 69
105 71
106 64
107 65
108 69
109 68
110 60
111 66
112 64
113 67
114 59
115 65
116 66
117 61
118 64
119 70
120 66
121 64
122 62
123 67
124 63
125 71
126 67
127 65
128 61
129 66
130 69
131 62
132 61
133 69
134 66
135 68
136 72
137 67
138 67
139 68
140 74
141 69
142 62
143 63
144 63
145 64
146 63
147 65
148 66
149 56
150 66
151 58
152 66
153 64
154 63
155 64
156 65
157 58
158 66
159 70
160 64
161 74
162 64
163 61
164 62
165 65
166 71
167 60
168 70
169 67
170 72
171 64
172 67
173 67
174 68
175 60
176 63
177 68
178 62
179 63
180 67
181 68
182 61
183 72
184 71
185 64
186 62
187 57
188 63
189 68
190 64
191 68
192 66
193 65
194 66
195 63
196 63
197 65
198 65
199 61
200 64
201 67
202 60
203 67
204 67
205 67
206 68
207 67
208 61
209 65
210 63
211 67
212 59
213 64
214 58
215 62
216 64
217 61
218 59
219 65
220 61
221 61
222 68
223 65
224 66
225 67
226 69
227 63
228 59
229 60
230 65
231 68
232 60
233 68
234 60
235 59
236 66
237 66
238 70
239 65
240 65
241 70
242 65
243 65
244 59
245 63
246 70
247 69
248 68
249 65
250 70
251 67
252 64
253 68
254 68
255 70
256 68
257 73
258 63
259 63
260 69
261 72
262 60
263 67
264 68
265 64
266 69
267 71
268 64
269 68
270 71
271 67
272 66
273 65
274 66
275 60
276 68
277 65
278 62
279 71
280 64
281 64
282 66
283 58
284 63
285 63
286 70
287 58
288 70
289 61
290 66
291 68
292 67
293 65
294 64
295 59
296 66
297 64
298 63
299 63
300 69
301 65
302 67
303 64
304 65
305 68
306 63
307 66
308 61
309 69
310 66
311 67
312 62
313 70
314 67
315 65
316 61
317 65
318 70
319 62
320 67
321 68
322 67
323 70
324 61
325 56
326 58
327 65
328 67
329 63
330 66
331 68
332 67
333 68
334 69
335 64
336 63
337 62
338 64
339 62
340 68
341 60
342 66
343 73
344 70
345 60
346 67
347 64
348 62
349 60
350 68
351 70
352 66
353 64
354 68
355 66
356 63
357 70
358 63
359 65
360 71
361 69
362 66
363 68
364 61
365 67
366 68
367 69
368 65
369 64
370 68
371 64
372 68
373 66
374 67
375 73
376 63
377 66
378 63
379 65
380 65
381 66
382 68
383 67
384 64
385 58
386 64
387 53
388 73
389 62
390 62
391 68
392 64
393 70
394 62
395 60
396 70
397 66
398 66
399 65
400 62
401 67
402 68
403 60
404 65
405 69
406 55
407 63
408 68
409 72
410 66
411 72
412 69
413 60
414 67
415 65
416 66
417 66
418 73
419 65
420 64
421 60
422 63
423 64
424 61
425 66
426 66
427 69
428 65
429 68
430 69
431 58
432 69
433 59
434 67
435 70
436 67
437 66
438 67
439 65
440 68
441 65
442 69
443 60
444 65
445 64
446 65
447 66
448 64
449 69
450 67
451 65
452 62
453 67
454 65
455 66
456 64
457 68
458 68
459 64
460 64
461 68
462 63
463 66
464 68
465 60
466 64
467 66
468 66
469 68
470 59
471 69
472 66
473 65
474 70
475 73
476 66
477 69
478 71
479 64
480 68
481 64
482 66
483 71
484 68
485 64
486 67
487 59
488 63
489 63
490 67
491 66
492 65
493 64
494 67
495 63
496 70
497 70
498 72
499 68
500 67
501 66
502 60
503 69
504 68
505 62
506 72
507 66
508 59
509 66
510 62
511 73
512 65
513 64
514 61
515 60
516 71
517 63
518 59
519 61
520 58
521 64
522 68
523 64
524 66
525 61
526 68
527 67
528 61
529 67
530 67
531 64
532 72
533 71
534 63
535 73
536 61
537 61
538 62
539 64
540 60
541 64
542 68
543 65
544 59
545 66
546 67
547 64
548 66
549 63
550 68
551 67
552 69
553 69
554 70
555 60
556 66
557 66
558 61
559 68
560 70
561 69
562 66
563 69
564 67
565 62
566 57
567 60
568 63
569 70
570 62
571 62
572 61
573 71
574 65
575 63
576 64
577 66
578 71
579 68
580 68
581 63
582 75
583 64
584 64
585 63
586 66
587 64
588 68
589 70
590 69
591 69
592 62
593 65
594 68
595 67
596 64
597 67
598 57
599 61
600 62
601 63
602 68
603 68
604 68
605 68
606 62
607 62
608 61
609 66
610 63
611 65
612 66
613 61
614 64
615 66
616 61
617 70
618 67
619 69
620 72
621 70
622 62
623 69
624 71
625 66
626 66
627 64
628 56
629 62
630 63
631 59
632 64
633 62
634 69
635 64
636 75
637 68
638 66
639 64
640 67
641 63
642 64
643 69
644 64
645 67
646 66
647 65
648 59
649 61
650 67
651 67
652 66
653 66
654 66
655 59
656 72
657 67
658 66
659 65
660 65
661 62
662 72
663 66
664 67
665 62
666 70
667 59
668 72
669 59
670 67
671 68
672 62
673 66
674 73
675 70
676 65
677 64
678 69
679 68
680 56
681 66
682 72
683 66
684 66
685 63
686 65
687 64
688 70
689 65
690 62
691 66
692 69
693 58
694 68
695 64
696 68
697 62
698 69
699 66
700 64
701 66
702 66
703 54
704 62
705 68
706 69
707 66
708 64
709 67
710 63
711 58
712 63
713 68
714 56
715 68
716 65
717 66
718 61
719 65
720 66
721 67
722 65
723 65
724 60
725 70
726 67
727 64
728 67
729 56
730 62
731 69
732 65
733 69
734 63
735 63
736 69
737 68
738 57
739 67
740 64
741 66
742 61
743 71
744 60
745 59
746 63
747 63
748 68
749 67
750 62
751 68
752 59
753 68
754 70
755 65
756 65
757 65
758 67
759 65
760 68
761 71
762 64
763 69
764 66
765 66
766 67
767 67
768 70
769 67
770 67
771 70
772 66
773 65
774 67
775 71
776 68
777 66
778 68
779 62
780 65
781 63
782 64
783 61
784 62
785 64
786 67
787 64
788 63
789 59
790 64
791 67
792 64
793 64
794 71
795 68
796 66
797 66
798 63
799 66
800 68
801 70
802 69
803 71
804 64
805 67
806 69
807 67
808 59
809 68
810 68
811 65
812 67
813 62
814 63
815 63
816 65
817 66
818 68
819 63
820 62
821 65
822 65
823 64
824 64
825 64
826 64
827 69
828 67
829 69
830 64
831 60
832 67
833 72
834 65
835 69
836 71
837 65
838 65
839 71
840 63
841 62
842 72
843 65
844 66
845 67
846 70
847 63
848 72
849 67
850 64
851 64
852 67
853 61
854 64
855 61
856 65
857 69
858 60
859 65
860 66
861 65
862 61
863 62
864 60
865 63
866 69
867 61
868 66
869 68
870 68
871 60
872 55
873 62
874 60
875 65
876 64
877 71
878 62
879 59
880 59
881 73
882 64
883 57
884 63
885 69
886 67
887 65
888 61
889 64
890 72
891 67
892 63
893 66
894 64
895 68
896 66
897 63
898 65
899 69
900 63
901 63
902 64
903 69
904 66
905 64
906 66
907 63
908 62
909 58
910 61
911 61
912 66
913 68
914 70
915 64
916 58
917 68
918 57
919 69
920 69
921 65
922 65
923 61
924 72
925 62
926 65
927 69
928 68
929 62
930 61
931 59
932 64
933 68
934 65
935 62
936 60
937 70
938 65
939 65
940 70
941 65
942 66
943 66
944 63
945 68
946 74
947 69
948 57
949 67
950 59
951 65
952 62
953 64
954 66
955 65
956 71
957 64
958 66
959 70
960 59
961 64
962 65
963 60
964 67
965 59
966 62
967 66
968 62
969 62
970 68
971 60
972 64
973 69
974 56
975 73
976 67
977 62
978 63
979 64
980 67
981 65
982 66
983 72
984 67
985 62
986 69
987 68
988 66
989 54
990 66
991 65
992 71
993 64
994 69
995 68
996 65
997 68
998 61
999 64
1000 66
