0 80
1 78
2 74
3 72
4 71
5 70
6 69
7 67
8 65
9 64
10 63
11 62
12 61
13 60
14 59
15 56
16 54
17 54
18 53
19 52
20 52
21 51
22 51
23 50
24 50
25 48
26 46
27 46
28 46
29 45
30 45
31 44
32 43
33 43
34 43
35 42
36 41
37 41
38 41
39 40
40 39
41 38
42 38
43 37
44 35
45 34
46 33
47 32
48 32
49 32
50 32
51 32
52 32
53 32
54 33
55 32
56 33
57 32
58 32
59 31
60 30
61 28
62 28
63 27
64 27
65 27
66 27
67 27
68 28
69 27
70 26
71 25
72 25
73 25
74 25
75 25
76 26
77 26
78 26
79 25
80 25
81 25
82 25
83 26
84 26
85 26
86 27
87 27
88 28
89 27
90 26
91 25
92 25
93 25
94 26
95 25
96 25
97 23
98 24
99 24
100 24
101 24
102 23
103 23
104 23
105 22
106 22
107 23
108 23
109 23
110 22
111 20
112 20
113 19
114 19
115 19
116 18
117 18
118 18
119 18
120 19
121 20
122 20
123 20
124 20
125 20
126 19
127 20
128 19
129 19
130 19
131 19
132 19
133 20
134 21
135 22
136 22
137 22
138 22
139 22
140 22
141 22
142 22
143 21
144 21
145 21
146 19
147 19
148 19
149 19
150 19
151 19
152 19
153 18
154 17
155 16
156 16
157 16
158 18
159 19
160 19
161 20
162 19
163 19
164 19
165 19
166 21
167 21
168 20
169 19
170 18
171 18
172 17
173 18
174 18
175 18
176 17
177 15
178 16
179 17
180 16
181 16
182 16
183 16
184 16
185 15
186 15
187 15
188 16
189 17
190 17
191 18
192 18
193 18
194 18
195 18
196 18
197 18
198 17
199 16
200 17
201 17
202 18
203 18
204 18
205 19
206 19
207 20
208 20
209 20
210 21
211 21
212 19
213 20
214 20
215 20
216 20
217 19
218 19
219 18
220 19
221 18
222 18
223 18
224 17
225 17
226 16
227 16
228 18
229 17
230 17
231 18
232 17
233 17
234 16
235 17
236 19
237 20
238 20
239 21
240 22
241 22
242 23
243 24
244 24
245 23
246 23
247 24
248 24
249 23
250 22
251 23
252 23
253 24
254 24
255 23
256 22
257 22
258 21
259 22
260 22
261 22
262 22
263 22
264 22
265 24
266 24
267 24
268 24
269 24
270 24
271 25
272 24
273 24
274 24
275 24
276 24
277 24
278 25
279 24
280 23
281 23
282 24
283 24
284 24
285 23
286 23
287 23
288 22
289 22
290 23
291 23
292 23
293 23
294 23
295 23
296 23
297 23
298 22
299 22
300 22
301 23
302 23
303 24
304 25
305 25
306 24
307 24
308 23
309 21
310 20
311 20
312 20
313 20
314 20
315 19
316 18
317 18
318 18
319 17
320 17
321 18
322 19
323 20
324 20
325 19
326 19
327 20
328 20
329 21
330 21
331 20
332 20
333 21
334 22
335 23
336 22
337 22
338 21
339 22
340 22
341 22
342 23
343 24
344 23
345 23
346 23
347 23
348 22
349 22
350 22
351 24
352 24
353 25
354 25
355 26
356 26
357 25
358 25
359 25
360 24
361 24
362 25
363 25
364 24
365 25
366 26
367 27
368 27
369 29
370 30
371 30
372 29
373 28
374 27
375 26
376 25
377 25
378 25
379 25
380 25
381 26
382 26
383 26
384 26
385 27
386 27
387 26
388 26
389 26
390 26
391 26
392 26
393 26
394 24
395 23
396 23
397 24
398 24
399 26
400 26
401 26
402 27
403 28
404 28
405 29
406 27
407 27
408 28
409 28
410 28
411 29
412 28
413 28
414 27
415 28
416 27
417 27
418 27
419 27
420 27
421 27
422 26
423 26
424 26
425 26
426 25
427 26
428 25
429 25
430 26
431 26
432 25
433 24
434 25
435 26
436 26
437 26
438 26
439 26
440 25
441 25
442 25
443 24
444 23
445 23
446 22
447 22
448 21
449 21
450 21
451 20
452 20
453 21
454 21
455 22
456 22
457 23
458 24
459 24
460 24
461 24
462 24
463 23
464 23
465 22
466 20
467 21
468 20
469 21
470 22
471 22
472 22
473 22
474 22
475 21
476 22
477 22
478 22
479 21
480 21
481 20
482 20
483 19
484 18
485 18
486 19
487 20
488 20
489 20
490 19
491 19
492 19
493 18
494 18
495 19
496 19
497 18
498 19
499 19
500 19
501 20
502 20
503 19
504 19
505 19
506 19
507 19
508 18
509 19
510 19
511 19
512 19
513 19
514 19
515 17
516 18
517 16
518 16
519 17
520 17
521 17
522 18
523 18
524 20
525 20
526 20
527 21
528 21
529 22
530 20
531 20
532 19
533 19
534 20
535 21
536 21
537 21
538 21
539 20
540 21
541 21
542 21
543 21
544 21
545 20
546 19
547 20
548 19
549 19
550 18
551 18
552 18
553 19
554 18
555 18
556 18
557 17
558 17
559 17
560 17
561 18
562 18
563 18
564 18
565 18
566 17
567 17
568 18
569 18
570 17
571 17
572 17
573 17
574 17
575 18
576 18
577 19
578 18
579 19
580 19
581 19
582 19
583 19
584 19
585 18
586 19
587 19
588 18
589 19
590 19
591 18
592 18
593 18
594 18
595 18
596 18
597 19
598 19
599 19
600 19
601 19
602 20
603 20
604 20
605 20
606 20
607 21
608 21
609 21
610 22
611 22
612 22
613 22
614 20
615 20
616 20
617 21
618 22
619 22
620 23
621 24
622 24
623 24
624 23
625 23
626 23
627 23
628 22
629 23
630 23
631 23
632 23
633 22
634 22
635 23
636 24
637 25
638 24
639 24
640 24
641 23
642 23
643 23
644 23
645 23
646 24
647 24
648 24
649 25
650 23
651 24
652 24
653 24
654 24
655 24
656 24
657 24
658 24
659 24
660 24
661 24
662 24
663 24
664 25
665 25
666 26
667 25
668 24
669 24
670 25
671 25
672 25
673 25
674 25
675 26
676 28
677 28
678 27
679 26
680 26
681 27
682 26
683 26
684 25
685 25
686 25
687 25
688 25
689 26
690 26
691 27
692 26
693 26
694 26
695 28
696 28
697 28
698 28
699 28
700 29
701 28
702 28
703 28
704 28
705 28
706 28
707 27
708 27
709 27
710 27
711 27
712 27
713 27
714 26
715 26
716 26
717 26
718 27
719 27
720 26
721 26
722 25
723 25
724 25
725 24
726 24
727 24
728 23
729 23
730 23
731 22
732 22
733 22
734 22
735 23
736 23
737 21
738 21
739 21
740 21
741 21
742 20
743 20
744 20
745 21
746 21
747 21
748 22
749 22
750 23
751 22
752 22
753 22
754 22
755 22
756 23
757 24
758 24
759 24
760 24
761 24
762 24
763 24
764 24
765 25
766 24
767 24
768 24
769 22
770 22
771 22
772 22
773 21
774 20
775 20
776 21
777 20
778 21
779 21
780 21
781 20
782 20
783 20
784 22
785 22
786 22
787 22
788 22
789 22
790 22
791 22
792 20
793 21
794 21
795 21
796 21
797 21
798 21
799 21
800 22
801 22
802 21
803 20
804 20
805 20
806 19
807 19
808 19
809 19
810 20
811 20
812 20
813 20
814 21
815 21
816 21
817 20
818 20
819 21
820 21
821 20
822 19
823 20
824 19
825 17
826 17
827 18
828 18
829 18
830 18
831 19
832 19
833 19
834 19
835 19
836 19
837 19
838 19
839 20
840 19
841 19
842 18
843 18
844 17
845 17
846 17
847 17
848 17
849 18
850 19
851 19
852 19
853 18
854 18
855 17
856 16
857 16
858 17
859 17
860 18
861 18
862 18
863 17
864 18
865 19
866 19
867 20
868 20
869 20
870 20
871 19
872 21
873 21
874 20
875 21
876 22
877 22
878 22
879 22
880 21
881 21
882 22
883 22
884 22
885 22
886 22
887 22
888 22
889 22
890 21
891 21
892 22
893 22
894 22
895 23
896 23
897 24
898 24
899 24
900 23
901 23
902 23
903 23
904 24
905 25
906 25
907 25
908 25
909 24
910 24
911 25
912 24
913 23
914 24
915 23
916 23
917 23
918 22
919 22
920 23
921 23
922 23
923 23
924 23
925 23
926 23
927 21
928 21
929 21
930 22
931 22
932 22
933 22
934 21
935 21
936 21
937 22
938 21
939 20
940 21
941 21
942 22
943 21
944 22
945 22
946 22
947 22
948 21
949 22
950 21
951 22
952 23
953 23
954 22
955 22
956 22
957 22
958 21
959 21
960 21
961 20
962 19
963 19
964 19
965 17
966 17
967 16
968 17
969 17
970 16
971 16
972 16
973 15
974 16
975 15
976 15
977 14
978 14
979 14
980 14
981 14
982 15
983 15
984 15
985 14
986 15
987 15
988 15
989 14
990 15
991 15
992 16
993 16
994 16
995 15
996 15
997 15
998 16
999 16
1000 17
