0 35
1 29
2 23
3 21
4 21
5 21
6 19
7 17
8 22
9 24
10 21
11 20
12 19
13 22
14 23
15 23
16 18
17 18
18 23
19 25
20 21
21 22
22 23
23 23
24 25
25 25
26 25
27 26
28 24
29 20
30 24
31 21
32 21
33 21
34 24
35 22
36 23
37 24
38 23
39 23
40 22
41 24
42 24
43 21
44 23
45 23
46 21
47 22
48 23
49 22
50 21
51 19
52 20
53 20
54 22
55 23
56 22
57 22
58 24
59 24
60 24
61 23
62 22
63 22
64 25
65 25
66 26
67 22
68 22
69 19
70 19
71 23
72 19
73 23
74 21
75 21
76 22
77 20
78 22
79 22
80 24
81 22
82 23
83 23
84 23
85 22
86 23
87 21
88 19
89 22
90 25
91 24
92 24
93 25
94 22
95 23
96 22
97 22
98 21
99 18
100 17
101 21
102 22
103 23
104 20
105 25
106 27
107 25
108 23
109 22
110 21
111 24
112 21
113 21
114 24
115 25
116 26
117 22
118 27
119 22
120 22
121 22
122 21
123 22
124 21
125 21
126 23
127 23
128 24
129 26
130 24
131 20
132 22
133 23
134 20
135 20
136 21
137 19
138 19
139 22
140 20
141 25
142 26
143 23
144 23
145 22
146 25
147 23
148 22
149 23
150 22
151 22
152 20
153 22
154 19
155 21
156 24
157 23
158 20
159 22
160 23
161 25
162 26
163 27
164 24
165 21
166 24
167 22
168 22
169 24
170 25
171 24
172 23
173 20
174 22
175 21
176 21
177 20
178 21
179 19
180 22
181 22
182 22
183 23
184 22
185 18
186 19
187 20
188 20
189 23
190 20
191 22
192 22
193 26
194 23
195 22
196 21
197 16
198 18
199 25
200 25
201 24
202 25
203 24
204 26
205 23
206 23
207 22
208 24
209 23
210 22
211 19
212 21
213 20
214 20
215 22
216 22
217 23
218 21
219 22
220 22
221 27
222 25
223 22
224 23
225 23
226 22
227 22
228 25
229 24
230 24
231 21
232 18
233 21
234 22
235 23
236 24
237 24
238 25
239 21
240 17
241 19
242 23
243 22
244 23
245 22
246 24
247 23
248 21
249 21
250 22
251 14
252 18
253 19
254 25
255 24
256 24
257 25
258 22
259 18
260 19
261 17
262 22
263 23
264 21
265 20
266 23
267 23
268 22
269 20
270 23
271 23
272 20
273 21
274 23
275 24
276 19
277 23
278 26
279 24
280 23
281 24
282 22
283 20
284 20
285 23
286 23
287 24
288 20
289 24
290 23
291 25
292 24
293 24
294 24
295 22
296 22
297 23
298 25
299 26
300 23
301 22
302 23
303 22
304 22
305 21
306 22
307 22
308 24
309 24
310 21
311 25
312 25
313 21
314 21
315 24
316 22
317 25
318 24
319 23
320 22
321 23
322 22
323 19
324 21
325 20
326 22
327 23
328 22
329 23
330 24
331 24
332 23
333 23
334 23
335 22
336 26
337 25
338 21
339 19
340 20
341 26
342 22
343 25
344 25
345 24
346 26
347 23
348 23
349 21
350 21
351 20
352 24
353 21
354 23
355 25
356 22
357 23
358 27
359 24
360 23
361 26
362 23
363 23
364 22
365 25
366 22
367 20
368 20
369 22
370 25
371 22
372 23
373 22
374 23
375 25
376 22
377 23
378 24
379 22
380 23
381 23
382 23
383 23
384 24
385 23
386 24
387 24
388 20
389 24
390 23
391 21
392 23
393 22
394 23
395 22
396 23
397 21
398 23
399 22
400 20
401 23
402 21
403 22
404 24
405 24
406 26
407 24
408 23
409 22
410 24
411 22
412 24
413 25
414 23
415 23
416 20
417 22
418 24
419 24
420 20
421 18
422 17
423 20
424 21
425 21
426 21
427 23
428 23
429 23
430 23
431 25
432 23
433 24
434 25
435 24
436 22
437 21
438 22
439 23
440 23
441 24
442 25
443 25
444 24
445 22
446 26
447 24
448 24
449 22
450 24
451 22
452 22
453 23
454 18
455 20
456 21
457 24
458 20
459 22
460 21
461 21
462 20
463 23
464 18
465 19
466 19
467 23
468 22
469 25
470 25
471 20
472 21
473 24
474 24
475 24
476 21
477 19
478 20
479 22
480 22
481 22
482 22
483 22
484 23
485 21
486 18
487 20
488 21
489 23
490 23
491 21
492 22
493 25
494 22
495 20
496 24
497 22
498 21
499 23
500 23
501 24
502 25
503 24
504 25
505 25
506 22
507 22
508 24
509 21
510 18
511 18
512 20
513 22
514 20
515 22
516 22
517 22
518 20
519 23
520 23
521 22
522 24
523 24
524 24
525 21
526 23
527 21
528 20
529 22
530 23
531 21
532 20
533 21
534 22
535 21
536 19
537 18
538 21
539 20
540 21
541 20
542 22
543 21
544 18
545 20
546 22
547 25
548 21
549 21
550 18
551 19
552 20
553 21
554 24
555 26
556 25
557 22
558 24
559 20
560 23
561 21
562 20
563 16
564 19
565 18
566 19
567 24
568 20
569 23
570 24
571 25
572 25
573 23
574 23
575 22
576 24
577 21
578 23
579 20
580 22
581 24
582 22
583 22
584 24
585 23
586 23
587 24
588 24
589 21
590 23
591 23
592 23
593 21
594 20
595 19
596 20
597 21
598 24
599 23
600 17
601 23
602 24
603 22
604 24
605 23
606 21
607 24
608 23
609 22
610 23
611 25
612 23
613 20
614 21
615 21
616 22
617 22
618 23
619 24
620 22
621 22
622 24
623 23
624 25
625 26
626 22
627 23
628 22
629 22
630 20
631 18
632 22
633 22
634 27
635 26
636 21
637 21
638 23
639 22
640 23
641 22
642 22
643 21
644 24
645 24
646 24
647 21
648 24
649 25
650 22
651 23
652 21
653 23
654 23
655 20
656 24
657 25
658 22
659 23
660 26
661 26
662 20
663 22
664 24
665 21
666 21
667 22
668 21
669 21
670 21
671 26
672 24
673 27
674 26
675 24
676 22
677 22
678 24
679 23
680 21
681 22
682 23
683 25
684 25
685 22
686 20
687 18
688 18
689 24
690 19
691 22
692 25
693 26
694 25
695 25
696 23
697 21
698 22
699 18
700 22
701 25
702 19
703 20
704 26
705 24
706 23
707 21
708 23
709 21
710 22
711 24
712 25
713 23
714 23
715 22
716 19
717 16
718 19
719 22
720 19
721 19
722 22
723 23
724 23
725 20
726 23
727 24
728 21
729 23
730 20
731 24
732 25
733 23
734 22
735 21
736 20
737 23
738 24
739 22
740 21
741 24
742 23
743 23
744 22
745 21
746 21
747 22
748 23
749 21
750 20
751 24
752 23
753 24
754 24
755 21
756 23
757 21
758 19
759 23
760 23
761 24
762 24
763 20
764 21
765 25
766 23
767 21
768 21
769 22
770 22
771 23
772 24
773 23
774 23
775 22
776 25
777 22
778 23
779 23
780 22
781 24
782 23
783 19
784 23
785 20
786 24
787 23
788 22
789 24
790 23
791 24
792 22
793 19
794 23
795 24
796 23
797 23
798 22
799 23
800 20
801 23
802 20
803 25
804 24
805 25
806 22
807 23
808 23
809 24
810 22
811 20
812 22
813 23
814 20
815 20
816 22
817 25
818 25
819 26
820 23
821 22
822 24
823 22
824 20
825 20
826 22
827 22
828 22
829 22
830 22
831 23
832 21
833 21
834 21
835 22
836 22
837 22
838 22
839 23
840 24
841 24
842 24
843 24
844 23
845 22
846 22
847 23
848 26
849 20
850 21
851 18
852 25
853 24
854 26
855 21
856 22
857 22
858 24
859 23
860 22
861 23
862 22
863 20
864 19
865 22
866 24
867 23
868 24
869 24
870 21
871 21
872 18
873 22
874 23
875 22
876 18
877 23
878 26
879 23
880 19
881 23
882 22
883 20
884 22
885 23
886 23
887 23
888 15
889 20
890 22
891 22
892 23
893 21
894 23
895 18
896 21
897 22
898 18
899 21
900 23
901 19
902 22
903 21
904 23
905 24
906 19
907 21
908 21
909 22
910 22
911 21
912 23
913 24
914 24
915 23
916 20
917 20
918 20
919 19
920 22
921 24
922 22
923 22
924 23
925 20
926 26
927 25
928 24
929 24
930 24
931 22
932 24
933 24
934 20
935 18
936 21
937 22
938 20
939 20
940 21
941 23
942 21
943 17
944 19
945 20
946 21
947 25
948 25
949 22
950 21
951 23
952 22
953 24
954 24
955 22
956 23
957 22
958 21
959 22
960 24
961 22
962 23
963 24
964 24
965 23
966 24
967 25
968 24
969 23
970 23
971 20
972 18
973 20
974 23
975 25
976 22
977 21
978 24
979 24
980 21
981 22
982 22
983 23
984 22
985 24
986 23
987 23
988 23
989 25
990 24
991 23
992 22
993 24
994 24
995 19
996 19
997 20
998 19
999 23
1000 24
