0 100
1 93
2 87
3 83
4 80
5 77
6 75
7 71
8 69
9 64
10 66
11 67
12 65
13 61
14 59
15 58
16 59
17 62
18 58
19 56
20 58
21 56
22 58
23 58
24 57
25 57
26 55
27 54
28 55
29 57
30 56
31 56
32 54
33 55
34 53
35 55
36 52
37 50
38 52
39 55
40 53
41 50
42 53
43 51
44 51
45 49
46 50
47 53
48 53
49 54
50 54
51 54
52 55
53 55
54 57
55 57
56 58
57 57
58 55
59 52
60 53
61 53
62 54
63 55
64 56
65 56
66 54
67 55
68 56
69 56
70 55
71 56
72 57
73 52
74 52
75 52
76 55
77 53
78 52
79 49
80 50
81 49
82 52
83 50
84 52
85 52
86 51
87 52
88 53
89 54
90 57
91 56
92 54
93 52
94 55
95 54
96 55
97 53
98 52
99 54
100 57
101 55
102 55
103 53
104 54
105 53
106 52
107 53
108 53
109 52
110 55
111 52
112 53
113 56
114 56
115 54
116 55
117 57
118 57
119 57
120 56
121 57
122 58
123 55
124 58
125 58
126 58
127 59
128 56
129 57
130 59
131 58
132 54
133 52
134 52
135 52
136 51
137 49
138 51
139 49
140 47
141 45
142 46
143 50
144 47
145 49
146 51
147 50
148 50
149 48
150 48
151 48
152 50
153 51
154 50
155 47
156 49
157 52
158 54
159 50
160 50
161 53
162 53
163 52
164 53
165 53
166 50
167 52
168 53
169 51
170 48
171 47
172 49
173 47
174 49
175 50
176 52
177 50
178 51
179 52
180 52
181 51
182 53
183 53
184 53
185 53
186 53
187 53
188 52
189 54
190 53
191 55
192 54
193 53
194 53
195 54
196 55
197 57
198 59
199 59
200 60
201 59
202 60
203 58
204 58
205 59
206 58
207 58
208 56
209 54
210 55
211 57
212 57
213 53
214 55
215 56
216 57
217 55
218 55
219 53
220 56
221 58
222 57
223 53
224 52
225 55
226 54
227 56
228 55
229 54
230 54
231 58
232 60
233 60
234 61
235 60
236 58
237 57
238 57
239 59
240 59
241 58
242 59
243 59
244 57
245 58
246 58
247 59
248 61
249 62
250 61
251 61
252 61
253 62
254 60
255 60
256 58
257 59
258 56
259 54
260 53
261 51
262 48
263 51
264 50
265 49
266 47
267 49
268 48
269 48
270 45
271 47
272 44
273 41
274 45
275 44
276 47
277 47
278 47
279 48
280 50
281 49
282 50
283 51
284 54
285 54
286 54
287 57
288 58
289 56
290 57
291 54
292 56
293 57
294 58
295 58
296 56
297 54
298 57
299 54
300 55
301 55
302 56
303 56
304 55
305 57
306 56
307 54
308 54
309 53
310 55
311 54
312 54
313 54
314 53
315 53
316 54
317 55
318 51
319 52
320 54
321 55
322 56
323 56
324 57
325 55
326 55
327 54
328 56
329 56
330 58
331 60
332 60
333 58
334 59
335 57
336 59
337 58
338 57
339 56
340 56
341 55
342 55
343 56
344 55
345 54
346 51
347 52
348 55
349 56
350 53
351 54
352 59
353 58
354 54
355 54
356 52
357 52
358 55
359 57
360 56
361 56
362 57
363 58
364 59
365 57
366 55
367 54
368 51
369 49
370 51
371 53
372 53
373 54
374 55
375 49
376 50
377 50
378 49
379 49
380 48
381 46
382 46
383 51
384 51
385 51
386 50
387 49
388 50
389 51
390 53
391 54
392 56
393 56
394 56
395 56
396 56
397 53
398 50
399 48
400 47
401 48
402 52
403 53
404 53
405 51
406 52
407 54
408 53
409 51
410 55
411 56
412 55
413 54
414 55
415 54
416 53
417 56
418 57
419 55
420 57
421 56
422 58
423 58
424 58
425 61
426 61
427 61
428 60
429 58
430 59
431 53
432 52
433 55
434 55
435 55
436 57
437 59
438 60
439 59
440 58
441 60
442 61
443 57
444 57
445 56
446 56
447 56
448 57
449 54
450 54
451 54
452 52
453 53
454 52
455 51
456 54
457 52
458 51
459 49
460 50
461 53
462 54
463 52
464 55
465 54
466 55
467 56
468 54
469 54
470 53
471 53
472 54
473 55
474 54
475 55
476 56
477 53
478 51
479 52
480 52
481 52
482 54
483 50
484 53
485 53
486 52
487 55
488 56
489 55
490 57
491 56
492 54
493 52
494 54
495 56
496 55
497 56
498 58
499 58
500 58
501 57
502 58
503 56
504 56
505 54
506 51
507 53
508 54
509 54
510 54
511 54
512 55
513 53
514 55
515 53
516 53
517 54
518 53
519 52
520 52
521 54
522 54
523 52
524 53
525 53
526 54
527 54
528 56
529 53
530 50
531 52
532 53
533 54
534 58
535 58
536 56
537 55
538 54
539 56
540 57
541 53
542 52
543 54
544 54
545 55
546 57
547 56
548 58
549 57
550 56
551 57
552 57
553 54
554 54
555 53
556 54
557 53
558 53
559 52
560 53
561 50
562 52
563 50
564 50
565 48
566 48
567 50
568 51
569 52
570 53
571 51
572 50
573 49
574 50
575 52
576 53
577 49
578 51
579 51
580 50
581 56
582 52
583 54
584 53
585 53
586 56
587 58
588 56
589 61
590 61
591 59
592 57
593 58
594 56
595 56
596 56
597 56
598 56
599 55
600 58
601 55
602 57
603 54
604 51
605 50
606 50
607 50
608 50
609 49
610 50
611 50
612 48
613 53
614 51
615 51
616 53
617 49
618 51
619 52
620 49
621 51
622 51
623 51
624 52
625 55
626 55
627 56
628 54
629 51
630 52
631 49
632 50
633 51
634 53
635 53
636 56
637 56
638 56
639 53
640 53
641 54
642 55
643 56
644 56
645 55
646 54
647 57
648 59
649 57
650 56
651 54
652 56
653 56
654 57
655 58
656 54
657 53
658 54
659 54
660 52
661 50
662 50
663 51
664 51
665 51
666 50
667 48
668 50
669 52
670 51
671 52
672 54
673 53
674 53
675 51
676 52
677 51
678 55
679 56
680 57
681 56
682 54
683 57
684 57
685 55
686 55
687 57
688 57
689 57
690 57
691 58
692 55
693 54
694 54
695 55
696 55
697 57
698 55
699 55
700 54
701 52
702 51
703 53
704 52
705 53
706 55
707 54
708 52
709 50
710 52
711 54
712 53
713 53
714 51
715 52
716 49
717 50
718 53
719 52
720 53
721 52
722 54
723 57
724 56
725 57
726 57
727 56
728 54
729 55
730 53
731 53
732 55
733 56
734 57
735 59
736 60
737 57
738 57
739 57
740 58
741 56
742 55
743 53
744 52
745 56
746 58
747 57
748 56
749 58
750 60
751 58
752 58
753 63
754 63
755 60
756 60
757 61
758 61
759 62
760 59
761 58
762 60
763 57
764 56
765 54
766 54
767 54
768 56
769 58
770 59
771 59
772 57
773 57
774 57
775 57
776 56
777 57
778 56
779 56
780 55
781 56
782 56
783 57
784 56
785 54
786 55
787 57
788 58
789 58
790 58
791 60
792 60
793 61
794 61
795 59
796 56
797 58
798 58
799 58
800 58
801 58
802 57
803 57
804 57
805 57
806 56
807 53
808 49
809 49
810 52
811 51
812 51
813 50
814 51
815 52
816 54
817 56
818 54
819 52
820 52
821 51
822 51
823 50
824 53
825 53
826 52
827 55
828 55
829 50
830 54
831 56
832 57
833 54
834 55
835 54
836 54
837 51
838 54
839 52
840 53
841 56
842 56
843 57
844 60
845 60
846 58
847 59
848 58
849 59
850 59
851 55
852 51
853 52
854 54
855 52
856 53
857 54
858 49
859 50
860 50
861 49
862 52
863 54
864 53
865 52
866 52
867 53
868 54
869 52
870 54
871 56
872 56
873 57
874 54
875 54
876 53
877 51
878 52
879 53
880 53
881 50
882 50
883 48
884 49
885 47
886 50
887 48
888 47
889 48
890 49
891 51
892 55
893 55
894 56
895 58
896 58
897 57
898 58
899 58
900 59
901 59
902 58
903 53
904 54
905 56
906 55
907 57
908 57
909 56
910 55
911 51
912 56
913 57
914 56
915 55
916 55
917 54
918 54
919 54
920 54
921 52
922 53
923 55
924 56
925 57
926 58
927 59
928 60
929 60
930 59
931 57
932 58
933 57
934 57
935 58
936 59
937 54
938 56
939 57
940 54
941 54
942 56
943 55
944 57
945 56
946 57
947 58
948 54
949 56
950 57
951 57
952 56
953 55
954 56
955 58
956 56
957 57
958 58
959 57
960 57
961 57
962 58
963 60
964 57
965 59
966 60
967 60
968 58
969 58
970 56
971 57
972 57
973 58
974 57
975 56
976 58
977 56
978 55
979 55
980 55
981 54
982 56
983 56
984 57
985 57
986 56
987 55
988 53
989 50
990 49
991 50
992 52
993 52
994 52
995 51
996 53
997 52
998 52
999 52
1000 53
