0 45
1 43
2 40
3 35
4 34
5 34
6 33
7 33
8 31
9 32
10 32
11 33
12 32
13 30
14 30
15 30
16 31
17 30
18 32
19 32
20 32
21 31
22 31
23 33
24 33
25 33
26 31
27 31
28 34
29 34
30 33
31 32
32 30
33 30
34 30
35 33
36 32
37 27
38 28
39 31
40 30
41 28
42 27
43 27
44 27
45 26
46 26
47 30
48 29
49 27
50 27
51 27
52 28
53 27
54 25
55 24
56 25
57 27
58 26
59 29
60 29
61 30
62 28
63 29
64 27
65 27
66 28
67 29
68 26
69 26
70 29
71 30
72 31
73 29
74 29
75 30
76 30
77 29
78 29
79 27
80 29
81 29
82 28
83 29
84 28
85 30
86 29
87 30
88 28
89 28
90 29
91 25
92 26
93 24
94 24
95 26
96 27
97 27
98 27
99 27
100 25
101 24
102 26
103 24
104 26
105 29
106 29
107 28
108 26
109 27
110 28
111 29
112 27
113 26
114 25
115 24
116 25
117 27
118 27
119 27
120 25
121 24
122 21
123 24
124 25
125 26
126 26
127 26
128 26
129 23
130 22
131 22
132 25
133 27
134 26
135 26
136 25
137 27
138 25
139 23
140 24
141 25
142 25
143 26
144 26
145 26
146 26
147 26
148 28
149 32
150 32
151 32
152 31
153 32
154 32
155 31
156 29
157 30
158 30
159 28
160 28
161 28
162 29
163 28
164 28
165 27
166 29
167 29
168 30
169 31
170 35
171 33
172 32
173 30
174 28
175 28
176 27
177 25
178 26
179 27
180 28
181 28
182 28
183 28
184 31
185 31
186 31
187 32
188 32
189 31
190 33
191 31
192 30
193 29
194 31
195 30
196 30
197 30
198 30
199 31
200 31
201 30
202 30
203 32
204 34
205 33
206 32
207 31
208 31
209 31
210 31
211 31
212 31
213 28
214 27
215 27
216 27
217 26
218 26
219 27
220 26
221 26
222 26
223 26
224 26
225 27
226 26
227 28
228 28
229 27
230 27
231 27
232 26
233 27
234 26
235 27
236 28
237 29
238 28
239 28
240 28
241 31
242 32
243 32
244 31
245 32
246 31
247 30
248 29
249 30
250 29
251 27
252 28
253 28
254 27
255 28
256 27
257 28
258 30
259 31
260 29
261 28
262 29
263 28
264 28
265 26
266 27
267 26
268 27
269 29
270 29
271 30
272 31
273 30
274 31
275 30
276 26
277 27
278 28
279 28
280 28
281 29
282 30
283 32
284 32
285 29
286 27
287 26
288 27
289 28
290 30
291 31
292 33
293 34
294 32
295 33
296 33
297 30
298 30
299 31
300 32
301 32
302 31
303 30
304 29
305 28
306 27
307 28
308 27
309 25
310 26
311 25
312 27
313 28
314 29
315 29
316 28
317 26
318 22
319 26
320 25
321 28
322 28
323 28
324 28
325 28
326 28
327 28
328 29
329 30
330 29
331 29
332 29
333 28
334 28
335 29
336 28
337 27
338 29
339 28
340 29
341 30
342 29
343 28
344 30
345 30
346 30
347 30
348 27
349 26
350 25
351 24
352 23
353 25
354 25
355 25
356 24
357 24
358 25
359 26
360 25
361 26
362 26
363 25
364 26
365 25
366 23
367 22
368 22
369 20
370 19
371 21
372 22
373 22
374 23
375 25
376 27
377 30
378 29
379 30
380 26
381 26
382 26
383 27
384 28
385 26
386 27
387 27
388 26
389 26
390 26
391 26
392 27
393 28
394 29
395 28
396 27
397 27
398 26
399 28
400 28
401 29
402 29
403 27
404 28
405 27
406 27
407 24
408 25
409 27
410 27
411 27
412 26
413 26
414 27
415 26
416 29
417 29
418 28
419 23
420 24
421 28
422 27
423 26
424 30
425 32
426 31
427 30
428 31
429 31
430 29
431 29
432 30
433 30
434 29
435 30
436 28
437 25
438 28
439 28
440 29
441 30
442 31
443 30
444 31
445 30
446 28
447 29
448 28
449 24
450 24
451 25
452 26
453 26
454 26
455 27
456 27
457 28
458 26
459 27
460 29
461 30
462 29
463 28
464 27
465 26
466 25
467 23
468 23
469 22
470 22
471 22
472 22
473 24
474 24
475 24
476 23
477 24
478 25
479 25
480 25
481 23
482 21
483 21
484 21
485 22
486 22
487 25
488 26
489 25
490 26
491 26
492 25
493 25
494 23
495 21
496 22
497 25
498 25
499 24
500 23
501 25
502 28
503 27
504 27
505 27
506 27
507 28
508 29
509 28
510 28
511 25
512 25
513 26
514 25
515 23
516 22
517 22
518 25
519 27
520 27
521 27
522 27
523 29
524 28
525 27
526 28
527 30
528 30
529 31
530 31
531 31
532 30
533 31
534 31
535 32
536 32
537 30
538 32
539 33
540 34
541 35
542 34
543 34
544 32
545 33
546 31
547 30
548 30
549 28
550 27
551 26
552 27
553 22
554 22
555 24
556 26
557 25
558 26
559 24
560 25
561 26
562 26
563 25
564 25
565 22
566 24
567 23
568 24
569 24
570 24
571 23
572 22
573 25
574 22
575 23
576 23
577 21
578 21
579 23
580 24
581 25
582 27
583 27
584 27
585 27
586 24
587 24
588 23
589 23
590 25
591 25
592 28
593 26
594 26
595 26
596 28
597 30
598 28
599 28
600 28
601 27
602 28
603 26
604 26
605 26
606 24
607 25
608 25
609 26
610 28
611 28
612 29
613 26
614 26
615 26
616 29
617 29
618 30
619 29
620 29
621 27
622 28
623 27
624 27
625 28
626 27
627 28
628 26
629 27
630 28
631 29
632 30
633 31
634 28
635 27
636 27
637 28
638 28
639 28
640 29
641 28
642 26
643 26
644 28
645 29
646 29
647 32
648 33
649 30
650 28
651 28
652 28
653 25
654 26
655 26
656 27
657 25
658 26
659 27
660 27
661 26
662 26
663 25
664 26
665 25
666 26
667 25
668 26
669 26
670 28
671 29
672 26
673 26
674 24
675 26
676 27
677 29
678 29
679 30
680 30
681 31
682 31
683 30
684 30
685 30
686 30
687 28
688 28
689 29
690 29
691 29
692 29
693 27
694 27
695 27
696 27
697 26
698 26
699 26
700 25
701 27
702 29
703 29
704 29
705 29
706 30
707 32
708 31
709 29
710 32
711 31
712 29
713 29
714 28
715 26
716 29
717 31
718 28
719 25
720 24
721 24
722 25
723 24
724 26
725 27
726 28
727 30
728 30
729 30
730 30
731 30
732 31
733 34
734 32
735 33
736 30
737 31
738 31
739 31
740 30
741 27
742 24
743 27
744 31
745 30
746 29
747 29
748 28
749 27
750 27
751 28
752 28
753 28
754 28
755 29
756 26
757 25
758 25
759 25
760 26
761 24
762 25
763 26
764 28
765 29
766 30
767 27
768 28
769 28
770 29
771 25
772 25
773 24
774 25
775 25
776 27
777 26
778 28
779 29
780 27
781 25
782 24
783 26
784 29
785 29
786 29
787 27
788 29
789 28
790 29
791 26
792 27
793 26
794 28
795 27
796 24
797 23
798 23
799 23
800 25
801 26
802 25
803 24
804 26
805 26
806 27
807 26
808 30
809 29
810 29
811 29
812 29
813 32
814 32
815 33
816 32
817 33
818 33
819 33
820 34
821 33
822 32
823 28
824 26
825 27
826 28
827 31
828 31
829 31
830 30
831 30
832 30
833 29
834 30
835 28
836 29
837 29
838 28
839 28
840 31
841 31
842 33
843 32
844 32
845 31
846 31
847 32
848 33
849 34
850 32
851 33
852 33
853 34
854 32
855 31
856 30
857 29
858 27
859 28
860 28
861 30
862 27
863 28
864 28
865 28
866 27
867 27
868 27
869 26
870 26
871 25
872 27
873 27
874 27
875 27
876 27
877 28
878 28
879 27
880 26
881 26
882 25
883 24
884 25
885 25
886 23
887 24
888 24
889 21
890 22
891 26
892 30
893 30
894 29
895 31
896 30
897 31
898 30
899 28
900 26
901 26
902 26
903 26
904 27
905 30
906 30
907 30
908 31
909 30
910 30
911 31
912 30
913 30
914 30
915 30
916 31
917 30
918 31
919 30
920 31
921 30
922 30
923 28
924 28
925 25
926 27
927 27
928 24
929 22
930 24
931 23
932 26
933 24
934 24
935 24
936 24
937 27
938 28
939 27
940 26
941 27
942 26
943 29
944 29
945 28
946 27
947 28
948 30
949 29
950 30
951 29
952 29
953 28
954 27
955 28
956 25
957 24
958 25
959 26
960 24
961 23
962 25
963 23
964 22
965 24
966 24
967 24
968 23
969 26
970 26
971 27
972 26
973 27
974 26
975 26
976 27
977 27
978 25
979 24
980 23
981 23
982 24
983 23
984 23
985 25
986 23
987 24
988 27
989 28
990 27
991 28
992 29
993 29
994 30
995 30
996 31
997 31
998 29
999 30
1000 30
