0 25
1 21
2 20
3 18
4 19
5 19
6 19
7 17
8 19
9 20
10 20
11 17
12 17
13 18
14 18
15 17
16 13
17 14
18 14
19 10
20 15
21 12
22 12
23 13
24 14
25 13
26 14
27 17
28 15
29 16
30 19
31 16
32 15
33 14
34 16
35 17
36 16
37 13
38 13
39 15
40 15
41 13
42 16
43 19
44 17
45 17
46 14
47 15
48 14
49 14
50 17
51 17
52 17
53 16
54 16
55 16
56 18
57 19
58 17
59 17
60 18
61 20
62 17
63 17
64 19
65 19
66 18
67 19
68 18
69 16
70 16
71 17
72 18
73 17
74 16
75 18
76 20
77 19
78 16
79 17
80 18
81 16
82 17
83 15
84 15
85 18
86 18
87 16
88 16
89 17
90 19
91 18
92 20
93 20
94 18
95 20
96 19
97 18
98 15
99 16
100 16
101 19
102 17
103 16
104 17
105 16
106 14
107 16
108 18
109 15
110 14
111 16
112 15
113 14
114 14
115 13
116 14
117 14
118 13
119 15
120 15
121 12
122 16
123 17
124 15
125 15
126 15
127 16
128 17
129 15
130 17
131 18
132 16
133 14
134 15
135 19
136 20
137 18
138 17
139 17
140 18
141 20
142 19
143 18
144 20
145 20
146 18
147 17
148 18
149 19
150 16
151 18
152 18
153 17
154 19
155 16
156 17
157 15
158 14
159 16
160 16
161 18
162 18
163 19
164 14
165 14
166 14
167 14
168 15
169 15
170 15
171 15
172 14
173 15
174 14
175 13
176 16
177 13
178 14
179 16
180 16
181 14
182 16
183 15
184 14
185 14
186 13
187 14
188 16
189 17
190 18
191 17
192 18
193 18
194 17
195 19
196 19
197 16
198 14
199 14
200 17
201 15
202 18
203 16
204 18
205 14
206 16
207 17
208 16
209 17
210 17
211 16
212 16
213 17
214 16
215 15
216 14
217 17
218 17
219 18
220 18
221 20
222 17
223 18
224 20
225 19
226 21
227 20
228 20
229 19
230 18
231 16
232 18
233 16
234 17
235 17
236 16
237 17
238 16
239 17
240 17
241 18
242 19
243 19
244 20
245 20
246 19
247 17
248 18
249 17
250 16
251 16
252 17
253 19
254 18
255 17
256 15
257 16
258 19
259 19
260 17
261 16
262 14
263 15
264 17
265 18
266 18
267 18
268 16
269 16
270 15
271 14
272 14
273 14
274 16
275 16
276 18
277 16
278 15
279 14
280 17
281 18
282 17
283 16
284 17
285 17
286 18
287 17
288 18
289 18
290 16
291 18
292 18
293 17
294 16
295 15
296 17
297 16
298 15
299 16
300 17
301 17
302 13
303 15
304 14
305 17
306 17
307 16
308 15
309 14
310 16
311 15
312 17
313 15
314 14
315 17
316 18
317 18
318 18
319 17
320 20
321 18
322 18
323 14
324 16
325 16
326 17
327 18
328 18
329 19
330 17
331 17
332 19
333 16
334 17
335 17
336 18
337 18
338 17
339 18
340 20
341 19
342 18
343 15
344 13
345 15
346 13
347 15
348 16
349 16
350 15
351 15
352 15
353 16
354 17
355 19
356 15
357 18
358 19
359 19
360 17
361 18
362 16
363 18
364 15
365 16
366 17
367 18
368 16
369 17
370 17
371 19
372 16
373 16
374 18
375 18
376 17
377 15
378 13
379 15
380 17
381 16
382 18
383 18
384 16
385 17
386 15
387 16
388 17
389 16
390 16
391 17
392 19
393 19
394 17
395 15
396 18
397 17
398 16
399 16
400 14
401 15
402 19
403 20
404 20
405 19
406 18
407 21
408 19
409 20
410 19
411 16
412 14
413 16
414 16
415 17
416 17
417 14
418 15
419 13
420 15
421 15
422 17
423 17
424 17
425 17
426 18
427 17
428 17
429 17
430 16
431 18
432 18
433 17
434 17
435 18
436 17
437 18
438 19
439 17
440 17
441 16
442 15
443 18
444 18
445 19
446 18
447 18
448 17
449 17
450 18
451 19
452 20
453 18
454 15
455 15
456 18
457 16
458 15
459 18
460 17
461 15
462 16
463 16
464 17
465 18
466 18
467 18
468 17
469 15
470 16
471 17
472 16
473 14
474 17
475 18
476 17
477 14
478 16
479 16
480 14
481 15
482 17
483 15
484 16
485 16
486 15
487 15
488 14
489 14
490 13
491 14
492 16
493 19
494 19
495 16
496 15
497 15
498 16
499 17
500 17
501 16
502 19
503 16
504 18
505 18
506 18
507 20
508 19
509 16
510 14
511 15
512 16
513 15
514 16
515 17
516 16
517 17
518 15
519 15
520 16
521 19
522 16
523 17
524 16
525 17
526 16
527 14
528 12
529 15
530 14
531 16
532 18
533 16
534 17
535 18
536 18
537 18
538 16
539 18
540 15
541 18
542 16
543 16
544 17
545 17
546 17
547 18
548 17
549 18
550 17
551 18
552 18
553 19
554 18
555 17
556 17
557 16
558 16
559 15
560 15
561 16
562 16
563 17
564 15
565 17
566 18
567 18
568 18
569 17
570 16
571 17
572 16
573 17
574 16
575 17
576 17
577 19
578 18
579 21
580 20
581 20
582 18
583 14
584 17
585 17
586 18
587 19
588 18
589 18
590 18
591 17
592 19
593 16
594 17
595 16
596 17
597 15
598 15
599 16
600 15
601 15
602 14
603 14
604 16
605 17
606 17
607 18
608 15
609 15
610 15
611 16
612 18
613 18
614 17
615 16
616 16
617 17
618 17
619 15
620 16
621 15
622 16
623 15
624 16
625 17
626 17
627 19
628 21
629 20
630 20
631 19
632 19
633 19
634 18
635 17
636 17
637 17
638 17
639 17
640 15
641 14
642 14
643 14
644 14
645 16
646 19
647 18
648 16
649 18
650 19
651 17
652 17
653 17
654 17
655 18
656 19
657 20
658 18
659 16
660 17
661 19
662 18
663 19
664 18
665 17
666 16
667 15
668 16
669 15
670 13
671 16
672 15
673 16
674 18
675 20
676 18
677 17
678 18
679 18
680 18
681 16
682 16
683 19
684 19
685 17
686 16
687 15
688 17
689 17
690 15
691 13
692 14
693 12
694 18
695 15
696 15
697 16
698 15
699 13
700 15
701 17
702 16
703 20
704 21
705 21
706 19
707 20
708 20
709 19
710 18
711 17
712 16
713 17
714 15
715 17
716 15
717 16
718 17
719 17
720 14
721 16
722 16
723 17
724 16
725 16
726 17
727 18
728 18
729 16
730 15
731 18
732 19
733 19
734 18
735 15
736 15
737 16
738 15
739 14
740 16
741 15
742 15
743 15
744 16
745 15
746 17
747 15
748 14
749 16
750 17
751 16
752 14
753 18
754 20
755 20
756 16
757 15
758 14
759 17
760 16
761 12
762 14
763 18
764 16
765 15
766 15
767 14
768 15
769 14
770 15
771 15
772 15
773 18
774 16
775 16
776 20
777 17
778 18
779 17
780 15
781 17
782 17
783 16
784 15
785 16
786 18
787 19
788 19
789 20
790 19
791 18
792 20
793 21
794 20
795 21
796 20
797 20
798 17
799 14
800 14
801 16
802 16
803 17
804 17
805 17
806 15
807 15
808 17
809 16
810 16
811 19
812 17
813 16
814 15
815 15
816 16
817 18
818 15
819 17
820 17
821 16
822 15
823 17
824 18
825 19
826 19
827 21
828 20
829 19
830 16
831 14
832 13
833 16
834 17
835 17
836 16
837 19
838 18
839 18
840 18
841 17
842 17
843 16
844 17
845 16
846 18
847 17
848 17
849 17
850 18
851 16
852 17
853 18
854 19
855 15
856 17
857 17
858 18
859 18
860 18
861 21
862 17
863 16
864 15
865 14
866 16
867 16
868 17
869 16
870 16
871 18
872 15
873 14
874 14
875 13
876 14
877 16
878 15
879 16
880 17
881 16
882 14
883 16
884 15
885 14
886 13
887 12
888 13
889 15
890 16
891 17
892 19
893 20
894 18
895 16
896 17
897 15
898 13
899 13
900 15
901 16
902 17
903 17
904 18
905 19
906 19
907 15
908 16
909 18
910 18
911 18
912 19
913 17
914 18
915 18
916 17
917 17
918 15
919 17
920 16
921 15
922 14
923 16
924 15
925 16
926 15
927 14
928 13
929 16
930 15
931 17
932 17
933 14
934 11
935 11
936 13
937 12
938 10
939 14
940 15
941 17
942 17
943 17
944 17
945 17
946 16
947 19
948 18
949 18
950 15
951 16
952 13
953 14
954 16
955 17
956 18
957 19
958 18
959 19
960 18
961 15
962 15
963 15
964 14
965 15
966 15
967 14
968 13
969 14
970 16
971 14
972 16
973 15
974 18
975 18
976 16
977 16
978 17
979 17
980 15
981 13
982 15
983 19
984 20
985 18
986 18
987 19
988 18
989 16
990 16
991 14
992 14
993 16
994 17
995 16
996 18
997 18
998 19
999 18
1000 17
