0 35
1 30
2 27
3 27
4 24
5 22
6 20
7 18
8 18
9 19
10 17
11 16
12 17
13 16
14 17
15 18
16 17
17 18
18 19
19 19
20 18
21 19
22 20
23 18
24 18
25 16
26 18
27 17
28 18
29 18
30 20
31 18
32 18
33 18
34 18
35 18
36 19
37 18
38 20
39 19
40 18
41 17
42 18
43 20
44 19
45 18
46 18
47 17
48 15
49 16
50 15
51 15
52 16
53 15
54 17
55 19
56 17
57 18
58 17
59 19
60 20
61 21
62 21
63 20
64 20
65 21
66 18
67 17
68 15
69 15
70 15
71 17
72 18
73 19
74 19
75 18
76 18
77 19
78 21
79 19
80 20
81 18
82 17
83 17
84 17
85 16
86 18
87 18
88 20
89 21
90 19
91 19
92 20
93 20
94 18
95 17
96 18
97 18
98 17
99 16
100 17
101 16
102 14
103 16
104 17
105 18
106 18
107 19
108 17
109 15
110 13
111 12
112 15
113 16
114 16
115 17
116 19
117 20
118 20
119 19
120 19
121 20
122 20
123 22
124 21
125 20
126 21
127 22
128 20
129 20
130 19
131 18
132 18
133 19
134 19
135 17
136 16
137 17
138 17
139 17
140 17
141 16
142 16
143 17
144 17
145 18
146 16
147 17
148 16
149 19
150 18
151 18
152 17
153 16
154 17
155 17
156 19
157 18
158 17
159 18
160 18
161 18
162 18
163 17
164 16
165 14
166 17
167 18
168 17
169 14
170 16
171 15
172 16
173 17
174 16
175 15
176 17
177 14
178 16
179 14
180 13
181 16
182 16
183 18
184 18
185 17
186 17
187 19
188 18
189 19
190 17
191 18
192 20
193 17
194 18
195 17
196 17
197 18
198 19
199 17
200 15
201 14
202 14
203 14
204 12
205 14
206 17
207 19
208 19
209 18
210 17
211 17
212 16
213 16
214 16
215 17
216 18
217 17
218 15
219 15
220 16
221 17
222 17
223 15
224 15
225 16
226 16
227 16
228 16
229 15
230 14
231 14
232 14
233 14
234 15
235 15
236 16
237 15
238 17
239 17
240 18
241 17
242 17
243 17
244 14
245 15
246 16
247 15
248 14
249 15
250 16
251 18
252 15
253 17
254 15
255 14
256 14
257 14
258 16
259 15
260 15
261 16
262 18
263 18
264 18
265 18
266 19
267 21
268 21
269 21
270 21
271 20
272 18
273 18
274 18
275 19
276 19
277 19
278 18
279 18
280 19
281 19
282 17
283 18
284 20
285 21
286 20
287 18
288 17
289 17
290 17
291 17
292 19
293 18
294 17
295 18
296 17
297 16
298 17
299 17
300 20
301 19
302 19
303 19
304 18
305 19
306 17
307 17
308 18
309 18
310 16
311 19
312 19
313 20
314 18
315 16
316 16
317 17
318 16
319 17
320 17
321 20
322 17
323 16
324 18
325 16
326 16
327 18
328 18
329 16
330 16
331 17
332 18
333 18
334 19
335 21
336 22
337 20
338 22
339 22
340 22
341 22
342 20
343 21
344 16
345 18
346 18
347 18
348 18
349 18
350 18
351 19
352 19
353 20
354 18
355 18
356 19
357 19
358 19
359 18
360 18
361 18
362 17
363 14
364 15
365 17
366 19
367 18
368 18
369 17
370 15
371 15
372 14
373 15
374 15
375 16
376 17
377 17
378 17
379 17
380 16
381 16
382 17
383 18
384 18
385 18
386 17
387 16
388 15
389 16
390 17
391 15
392 15
393 16
394 17
395 15
396 17
397 17
398 17
399 18
400 17
401 15
402 17
403 18
404 17
405 19
406 18
407 19
408 19
409 20
410 19
411 21
412 20
413 17
414 17
415 13
416 13
417 11
418 12
419 17
420 17
421 18
422 19
423 19
424 17
425 17
426 16
427 16
428 16
429 15
430 15
431 17
432 16
433 17
434 17
435 17
436 15
437 18
438 19
439 18
440 16
441 15
442 16
443 19
444 18
445 17
446 18
447 18
448 19
449 19
450 18
451 19
452 20
453 21
454 21
455 21
456 20
457 21
458 20
459 20
460 22
461 22
462 21
463 18
464 18
465 18
466 19
467 18
468 19
469 19
470 20
471 20
472 19
473 16
474 16
475 15
476 16
477 15
478 15
479 16
480 16
481 17
482 16
483 16
484 15
485 16
486 16
487 14
488 14
489 15
490 16
491 17
492 15
493 16
494 17
495 17
496 17
497 17
498 18
499 18
500 18
501 18
502 17
503 19
504 16
505 14
506 16
507 17
508 18
509 18
510 15
511 14
512 13
513 17
514 12
515 15
516 16
517 16
518 16
519 19
520 17
521 20
522 21
523 19
524 18
525 16
526 15
527 17
528 19
529 19
530 19
531 16
532 16
533 17
534 17
535 16
536 17
537 18
538 18
539 17
540 18
541 18
542 18
543 20
544 20
545 19
546 20
547 20
548 22
549 21
550 21
551 21
552 19
553 18
554 15
555 15
556 16
557 14
558 13
559 15
560 16
561 16
562 18
563 20
564 19
565 19
566 18
567 12
568 13
569 12
570 13
571 16
572 18
573 19
574 20
575 19
576 18
577 17
578 18
579 19
580 18
581 19
582 19
583 17
584 15
585 15
586 12
587 12
588 14
589 15
590 14
591 14
592 16
593 16
594 16
595 17
596 18
597 17
598 20
599 20
600 21
601 17
602 20
603 19
604 20
605 20
606 19
607 20
608 19
609 19
610 19
611 18
612 18
613 16
614 17
615 17
616 16
617 16
618 17
619 17
620 18
621 19
622 19
623 20
624 20
625 19
626 17
627 19
628 20
629 19
630 17
631 17
632 15
633 16
634 18
635 17
636 15
637 14
638 13
639 11
640 13
641 14
642 16
643 13
644 15
645 16
646 15
647 15
648 13
649 15
650 16
651 17
652 15
653 17
654 18
655 17
656 16
657 17
658 17
659 18
660 17
661 15
662 17
663 16
664 16
665 18
666 17
667 17
668 17
669 17
670 17
671 18
672 18
673 19
674 20
675 17
676 19
677 17
678 17
679 18
680 15
681 17
682 17
683 17
684 17
685 18
686 15
687 15
688 16
689 17
690 18
691 18
692 20
693 18
694 18
695 17
696 17
697 15
698 17
699 17
700 18
701 17
702 17
703 17
704 18
705 17
706 16
707 16
708 17
709 18
710 19
711 16
712 17
713 18
714 17
715 17
716 18
717 17
718 15
719 17
720 15
721 15
722 16
723 17
724 18
725 16
726 16
727 16
728 18
729 18
730 18
731 17
732 18
733 19
734 20
735 20
736 20
737 19
738 17
739 18
740 20
741 17
742 18
743 19
744 17
745 19
746 19
747 18
748 17
749 17
750 18
751 18
752 19
753 20
754 20
755 20
756 17
757 18
758 19
759 18
760 14
761 11
762 13
763 16
764 14
765 15
766 16
767 18
768 17
769 14
770 15
771 14
772 13
773 15
774 17
775 18
776 17
777 18
778 18
779 19
780 19
781 19
782 17
783 18
784 18
785 17
786 16
787 15
788 16
789 18
790 17
791 16
792 15
793 16
794 16
795 16
796 15
797 17
798 17
799 19
800 18
801 18
802 16
803 17
804 19
805 20
806 19
807 18
808 17
809 18
810 19
811 20
812 20
813 18
814 19
815 19
816 19
817 17
818 16
819 15
820 15
821 16
822 17
823 16
824 16
825 18
826 19
827 19
828 19
829 17
830 18
831 18
832 16
833 16
834 15
835 15
836 16
837 15
838 15
839 17
840 17
841 15
842 15
843 14
844 16
845 18
846 21
847 20
848 19
849 19
850 19
851 19
852 16
853 14
854 16
855 17
856 16
857 16
858 18
859 18
860 16
861 16
862 17
863 17
864 18
865 16
866 17
867 18
868 17
869 16
870 16
871 17
872 19
873 19
874 19
875 19
876 20
877 18
878 18
879 18
880 17
881 18
882 19
883 19
884 17
885 18
886 20
887 22
888 19
889 21
890 19
891 18
892 17
893 17
894 18
895 16
896 18
897 18
898 17
899 17
900 19
901 18
902 18
903 14
904 14
905 16
906 17
907 16
908 17
909 17
910 19
911 18
912 17
913 16
914 17
915 18
916 18
917 17
918 15
919 15
920 15
921 16
922 16
923 17
924 18
925 19
926 19
927 19
928 18
929 17
930 18
931 18
932 15
933 15
934 16
935 18
936 18
937 20
938 19
939 15
940 16
941 14
942 14
943 15
944 17
945 18
946 18
947 18
948 17
949 18
950 18
951 18
952 18
953 16
954 16
955 16
956 15
957 17
958 19
959 18
960 17
961 17
962 18
963 18
964 17
965 18
966 20
967 21
968 22
969 20
970 19
971 18
972 18
973 21
974 20
975 20
976 21
977 19
978 17
979 18
980 17
981 17
982 19
983 18
984 18
985 19
986 18
987 16
988 17
989 16
990 15
991 13
992 13
993 11
994 14
995 15
996 17
997 16
998 15
999 17
1000 17
