0 15
1 11
2 11
3 7
4 6
5 8
6 8
7 10
8 10
9 11
10 10
11 8
12 8
13 8
14 8
15 11
16 10
17 9
18 9
19 11
20 12
21 11
22 10
23 7
24 8
25 12
26 12
27 13
28 11
29 12
30 10
31 10
32 8
33 10
34 11
35 10
36 9
37 11
38 8
39 12
40 11
41 11
42 10
43 11
44 13
45 11
46 8
47 7
48 10
49 12
50 11
51 13
52 9
53 12
54 11
55 11
56 11
57 9
58 10
59 10
60 9
61 8
62 8
63 7
64 9
65 8
66 11
67 11
68 11
69 10
70 8
71 11
72 10
73 11
74 9
75 11
76 10
77 9
78 8
79 8
80 8
81 6
82 10
83 10
84 8
85 8
86 8
87 9
88 11
89 12
90 9
91 9
92 10
93 10
94 10
95 11
96 8
97 10
98 9
99 8
100 13
101 9
102 11
103 12
104 10
105 11
106 11
107 10
108 8
109 8
110 9
111 11
112 10
113 9
114 10
115 8
116 11
117 11
118 12
119 12
120 10
121 11
122 10
123 10
124 10
125 10
126 6
127 9
128 10
129 9
130 9
131 10
132 10
133 8
134 10
135 12
136 8
137 10
138 10
139 11
140 9
141 10
142 10
143 9
144 10
145 10
146 8
147 10
148 10
149 11
150 12
151 11
152 8
153 9
154 12
155 11
156 10
157 9
158 11
159 11
160 9
161 9
162 8
163 10
164 9
165 10
166 11
167 11
168 10
169 10
170 11
171 11
172 8
173 9
174 9
175 11
176 10
177 9
178 13
179 11
180 8
181 10
182 11
183 11
184 8
185 9
186 9
187 11
188 12
189 11
190 11
191 6
192 9
193 8
194 11
195 10
196 6
197 10
198 9
199 8
200 10
201 10
202 9
203 9
204 10
205 9
206 10
207 8
208 10
209 9
210 7
211 7
212 10
213 12
214 12
215 9
216 10
217 12
218 8
219 8
220 9
221 9
222 9
223 11
224 11
225 11
226 11
227 13
228 11
229 9
230 12
231 10
232 10
233 9
234 8
235 9
236 10
237 9
238 10
239 12
240 10
241 8
242 10
243 10
244 11
245 8
246 10
247 12
248 10
249 12
250 9
251 11
252 14
253 11
254 8
255 10
256 11
257 9
258 9
259 9
260 8
261 8
262 10
263 10
264 9
265 10
266 9
267 11
268 10
269 10
270 11
271 10
272 11
273 10
274 11
275 8
276 9
277 8
278 9
279 12
280 12
281 12
282 12
283 11
284 11
285 9
286 11
287 12
288 12
289 12
290 12
291 11
292 9
293 10
294 9
295 9
296 11
297 10
298 11
299 11
300 10
301 9
302 10
303 12
304 12
305 11
306 10
307 12
308 10
309 12
310 11
311 11
312 8
313 11
314 8
315 8
316 10
317 10
318 11
319 11
320 11
321 12
322 10
323 10
324 11
325 11
326 14
327 9
328 8
329 7
330 8
331 9
332 10
333 10
334 11
335 8
336 11
337 10
338 11
339 12
340 11
341 12
342 10
343 11
344 11
345 10
346 10
347 10
348 8
349 10
350 9
351 12
352 11
353 9
354 11
355 11
356 9
357 10
358 10
359 12
360 10
361 11
362 12
363 12
364 11
365 11
366 9
367 10
368 11
369 9
370 10
371 8
372 9
373 9
374 10
375 12
376 12
377 9
378 6
379 7
380 9
381 10
382 11
383 11
384 10
385 11
386 8
387 9
388 9
389 10
390 7
391 11
392 10
393 10
394 11
395 11
396 10
397 11
398 12
399 10
400 10
401 10
402 12
403 11
404 9
405 9
406 11
407 13
408 9
409 11
410 12
411 9
412 11
413 12
414 11
415 11
416 12
417 8
418 9
419 10
420 10
421 10
422 12
423 12
424 11
425 10
426 10
427 10
428 10
429 8
430 10
431 11
432 12
433 11
434 8
435 11
436 11
437 9
438 10
439 9
440 10
441 10
442 7
443 8
444 9
445 8
446 8
447 10
448 9
449 9
450 9
451 13
452 9
453 9
454 11
455 12
456 8
457 9
458 9
459 11
460 12
461 11
462 9
463 7
464 8
465 9
466 10
467 11
468 11
469 9
470 13
471 11
472 10
473 10
474 10
475 9
476 10
477 12
478 11
479 12
480 9
481 8
482 9
483 8
484 12
485 12
486 11
487 12
488 8
489 8
490 6
491 10
492 8
493 9
494 10
495 10
496 10
497 11
498 9
499 10
500 11
501 12
502 10
503 11
504 12
505 13
506 10
507 11
508 11
509 9
510 8
511 11
512 11
513 9
514 8
515 11
516 11
517 10
518 8
519 8
520 9
521 10
522 11
523 10
524 10
525 10
526 7
527 7
528 12
529 11
530 11
531 13
532 12
533 10
534 9
535 13
536 10
537 9
538 9
539 12
540 13
541 11
542 11
543 11
544 9
545 11
546 11
547 7
548 11
549 10
550 11
551 8
552 11
553 10
554 8
555 10
556 12
557 12
558 11
559 12
560 8
561 10
562 11
563 12
564 11
565 10
566 11
567 12
568 9
569 10
570 12
571 10
572 9
573 7
574 10
575 10
576 10
577 11
578 10
579 9
580 9
581 11
582 7
583 8
584 11
585 11
586 12
587 8
588 9
589 11
590 9
591 9
592 9
593 8
594 8
595 10
596 11
597 8
598 8
599 9
600 12
601 9
602 12
603 12
604 12
605 11
606 9
607 10
608 10
609 9
610 12
611 11
612 12
613 12
614 12
615 10
616 8
617 10
618 9
619 8
620 9
621 12
622 12
623 7
624 10
625 11
626 12
627 9
628 8
629 9
630 13
631 9
632 11
633 8
634 10
635 12
636 10
637 10
638 9
639 11
640 10
641 10
642 13
643 10
644 9
645 9
646 9
647 10
648 11
649 11
650 11
651 10
652 12
653 11
654 12
655 11
656 8
657 11
658 11
659 10
660 9
661 7
662 9
663 9
664 8
665 7
666 10
667 8
668 10
669 13
670 7
671 11
672 12
673 10
674 12
675 9
676 8
677 9
678 10
679 10
680 10
681 9
682 8
683 9
684 13
685 11
686 11
687 11
688 9
689 9
690 11
691 12
692 10
693 11
694 11
695 11
696 8
697 11
698 10
699 11
700 10
701 9
702 11
703 11
704 10
705 9
706 10
707 9
708 11
709 9
710 10
711 9
712 10
713 6
714 10
715 9
716 13
717 10
718 12
719 10
720 6
721 8
722 11
723 10
724 9
725 12
726 9
727 8
728 8
729 12
730 8
731 10
732 10
733 7
734 12
735 11
736 10
737 14
738 12
739 11
740 11
741 12
742 10
743 9
744 11
745 11
746 11
747 10
748 6
749 10
750 10
751 9
752 11
753 12
754 10
755 10
756 10
757 10
758 11
759 11
760 11
761 11
762 11
763 14
764 11
765 10
766 12
767 11
768 8
769 12
770 8
771 8
772 10
773 10
774 8
775 9
776 8
777 11
778 12
779 12
780 9
781 10
782 9
783 11
784 11
785 10
786 9
787 10
788 11
789 10
790 9
791 9
792 9
793 9
794 6
795 10
796 11
797 11
798 10
799 12
800 9
801 8
802 10
803 10
804 9
805 8
806 11
807 10
808 8
809 11
810 8
811 11
812 11
813 11
814 11
815 13
816 11
817 11
818 12
819 10
820 9
821 9
822 10
823 11
824 10
825 11
826 12
827 8
828 11
829 9
830 10
831 8
832 9
833 12
834 11
835 11
836 13
837 12
838 11
839 10
840 11
841 12
842 9
843 12
844 12
845 10
846 9
847 9
848 8
849 9
850 9
851 9
852 12
853 9
854 12
855 8
856 12
857 11
858 10
859 9
860 10
861 9
862 11
863 11
864 10
865 12
866 12
867 10
868 11
869 8
870 12
871 11
872 10
873 10
874 8
875 9
876 13
877 12
878 9
879 13
880 12
881 10
882 10
883 12
884 9
885 12
886 11
887 10
888 9
889 8
890 9
891 10
892 13
893 13
894 10
895 11
896 11
897 12
898 9
899 9
900 10
901 9
902 7
903 7
904 8
905 9
906 10
907 10
908 12
909 10
910 10
911 8
912 9
913 9
914 12
915 11
916 9
917 10
918 10
919 12
920 11
921 12
922 11
923 11
924 11
925 9
926 9
927 10
928 10
929 11
930 11
931 9
932 11
933 9
934 12
935 10
936 10
937 13
938 11
939 11
940 11
941 9
942 12
943 12
944 11
945 10
946 11
947 9
948 12
949 11
950 10
951 9
952 10
953 10
954 8
955 9
956 12
957 12
958 8
959 10
960 10
961 9
962 10
963 9
964 11
965 11
966 10
967 9
968 10
969 10
970 10
971 10
972 9
973 9
974 8
975 8
976 7
977 9
978 8
979 9
980 10
981 9
982 10
983 12
984 8
985 10
986 11
987 12
988 11
989 9
990 8
991 9
992 9
993 11
994 9
995 11
996 10
997 9
998 13
999 11
1000 11
