0 30
1 21
2 17
3 22
4 23
5 22
6 18
7 18
8 21
9 19
10 19
11 20
12 18
13 21
14 23
15 24
16 19
17 22
18 21
19 23
20 19
21 21
22 22
23 20
24 22
25 21
26 23
27 21
28 18
29 19
30 19
31 20
32 17
33 22
34 21
35 21
36 20
37 22
38 19
39 24
40 24
41 23
42 20
43 21
44 21
45 20
46 20
47 18
48 20
49 23
50 22
51 23
52 22
53 21
54 22
55 23
56 18
57 24
58 25
59 22
60 21
61 20
62 18
63 21
64 23
65 24
66 19
67 19
68 22
69 19
70 19
71 21
72 21
73 20
74 23
75 21
76 23
77 19
78 20
79 23
80 21
81 22
82 22
83 18
84 25
85 24
86 22
87 18
88 16
89 18
90 16
91 18
92 20
93 23
94 19
95 23
96 23
97 23
98 23
99 23
100 21
101 23
102 25
103 21
104 22
105 21
106 22
107 22
108 24
109 21
110 24
111 20
112 20
113 20
114 21
115 20
116 19
117 23
118 20
119 21
120 23
121 22
122 20
123 20
124 20
125 22
126 22
127 23
128 18
129 21
130 21
131 18
132 21
133 24
134 21
135 21
136 22
137 24
138 22
139 19
140 18
141 19
142 20
143 20
144 20
145 20
146 21
147 20
148 23
149 20
150 19
151 21
152 24
153 20
154 20
155 22
156 17
157 23
158 24
159 19
160 21
161 22
162 22
163 21
164 24
165 22
166 20
167 21
168 25
169 24
170 20
171 21
172 22
173 23
174 22
175 18
176 19
177 19
178 19
179 20
180 25
181 21
182 22
183 22
184 22
185 22
186 25
187 21
188 24
189 21
190 20
191 21
192 21
193 21
194 20
195 23
196 22
197 19
198 21
199 20
200 22
201 22
202 18
203 21
204 24
205 20
206 19
207 20
208 20
209 21
210 18
211 23
212 23
213 21
214 24
215 21
216 23
217 23
218 22
219 20
220 22
221 24
222 25
223 21
224 22
225 23
226 22
227 20
228 20
229 22
230 21
231 21
232 18
233 21
234 21
235 21
236 20
237 18
238 17
239 22
240 24
241 20
242 19
243 18
244 21
245 17
246 22
247 21
248 20
249 20
250 21
251 22
252 23
253 24
254 20
255 19
256 22
257 22
258 23
259 21
260 20
261 21
262 19
263 20
264 20
265 20
266 20
267 22
268 20
269 21
270 21
271 18
272 19
273 20
274 19
275 20
276 20
277 19
278 23
279 20
280 19
281 25
282 23
283 19
284 18
285 19
286 25
287 23
288 24
289 22
290 20
291 24
292 20
293 21
294 22
295 20
296 21
297 22
298 23
299 18
300 23
301 22
302 17
303 20
304 21
305 23
306 23
307 18
308 20
309 22
310 20
311 23
312 26
313 26
314 24
315 22
316 19
317 23
318 21
319 21
320 23
321 22
322 22
323 18
324 17
325 21
326 21
327 21
328 20
329 16
330 16
331 18
332 22
333 18
334 21
335 23
336 18
337 22
338 22
339 18
340 21
341 23
342 25
343 21
344 22
345 19
346 24
347 21
348 21
349 21
350 24
351 21
352 19
353 23
354 15
355 16
356 20
357 23
358 24
359 25
360 24
361 21
362 20
363 18
364 18
365 20
366 17
367 22
368 19
369 21
370 17
371 21
372 21
373 19
374 17
375 16
376 21
377 20
378 23
379 22
380 20
381 18
382 23
383 22
384 21
385 22
386 20
387 19
388 19
389 16
390 17
391 17
392 20
393 21
394 23
395 17
396 20
397 20
398 20
399 20
400 19
401 22
402 20
403 22
404 23
405 22
406 21
407 19
408 22
409 17
410 21
411 21
412 20
413 23
414 25
415 24
416 20
417 24
418 25
419 21
420 20
421 20
422 21
423 22
424 22
425 18
426 21
427 21
428 21
429 21
430 23
431 20
432 20
433 20
434 20
435 23
436 23
437 21
438 23
439 21
440 20
441 21
442 20
443 24
444 24
445 20
446 19
447 18
448 21
449 22
450 24
451 19
452 21
453 20
454 20
455 19
456 22
457 21
458 19
459 19
460 19
461 18
462 21
463 24
464 23
465 24
466 22
467 22
468 21
469 22
470 22
471 24
472 20
473 19
474 21
475 22
476 23
477 20
478 19
479 20
480 19
481 21
482 23
483 20
484 23
485 23
486 22
487 19
488 22
489 20
490 22
491 24
492 24
493 23
494 24
495 23
496 22
497 25
498 21
499 22
500 23
501 23
502 25
503 22
504 21
505 20
506 21
507 20
508 21
509 20
510 22
511 20
512 23
513 23
514 22
515 20
516 16
517 20
518 17
519 19
520 18
521 22
522 22
523 22
524 22
525 23
526 21
527 19
528 17
529 18
530 22
531 24
532 22
533 22
534 23
535 26
536 20
537 21
538 20
539 18
540 18
541 20
542 22
543 24
544 17
545 20
546 21
547 24
548 24
549 20
550 24
551 23
552 25
553 21
554 19
555 24
556 22
557 23
558 20
559 21
560 20
561 22
562 24
563 21
564 20
565 19
566 20
567 22
568 21
569 21
570 21
571 24
572 25
573 20
574 22
575 22
576 22
577 21
578 19
579 21
580 23
581 21
582 21
583 25
584 23
585 20
586 21
587 21
588 22
589 22
590 18
591 23
592 19
593 23
594 20
595 20
596 20
597 20
598 21
599 21
600 20
601 18
602 17
603 19
604 20
605 21
606 16
607 17
608 17
609 19
610 22
611 21
612 21
613 21
614 24
615 21
616 19
617 23
618 24
619 21
620 23
621 20
622 16
623 19
624 20
625 23
626 22
627 20
628 20
629 24
630 22
631 24
632 22
633 23
634 23
635 18
636 19
637 17
638 18
639 18
640 22
641 22
642 21
643 21
644 22
645 25
646 23
647 23
648 22
649 23
650 26
651 22
652 21
653 20
654 24
655 22
656 22
657 17
658 18
659 21
660 21
661 20
662 23
663 19
664 19
665 16
666 18
667 21
668 23
669 24
670 21
671 23
672 20
673 22
674 22
675 21
676 22
677 19
678 15
679 19
680 18
681 17
682 19
683 21
684 19
685 23
686 25
687 21
688 22
689 20
690 23
691 23
692 23
693 23
694 18
695 18
696 21
697 20
698 22
699 17
700 18
701 20
702 20
703 23
704 23
705 19
706 18
707 18
708 19
709 20
710 18
711 21
712 17
713 21
714 18
715 21
716 19
717 23
718 24
719 23
720 22
721 24
722 20
723 18
724 21
725 22
726 22
727 20
728 23
729 21
730 24
731 19
732 23
733 23
734 22
735 23
736 25
737 25
738 19
739 20
740 20
741 19
742 19
743 20
744 22
745 25
746 21
747 20
748 23
749 21
750 19
751 22
752 22
753 23
754 16
755 18
756 20
757 21
758 20
759 17
760 21
761 22
762 23
763 22
764 22
765 22
766 21
767 20
768 22
769 20
770 19
771 24
772 20
773 21
774 23
775 22
776 25
777 22
778 20
779 19
780 16
781 20
782 24
783 24
784 19
785 20
786 24
787 24
788 21
789 20
790 21
791 23
792 18
793 20
794 22
795 25
796 23
797 19
798 20
799 21
800 22
801 21
802 13
803 18
804 20
805 20
806 21
807 20
808 18
809 18
810 22
811 24
812 24
813 24
814 20
815 21
816 22
817 18
818 20
819 21
820 18
821 21
822 20
823 22
824 22
825 24
826 23
827 23
828 19
829 23
830 22
831 19
832 21
833 18
834 22
835 22
836 20
837 18
838 22
839 16
840 19
841 22
842 19
843 20
844 21
845 21
846 20
847 20
848 20
849 23
850 23
851 23
852 24
853 21
854 18
855 21
856 22
857 20
858 20
859 19
860 22
861 23
862 20
863 23
864 23
865 23
866 22
867 22
868 21
869 24
870 22
871 18
872 21
873 20
874 19
875 22
876 20
877 20
878 20
879 22
880 22
881 23
882 20
883 19
884 23
885 24
886 20
887 23
888 24
889 22
890 20
891 21
892 19
893 20
894 20
895 19
896 22
897 25
898 21
899 20
900 20
901 21
902 22
903 24
904 23
905 24
906 17
907 19
908 19
909 20
910 23
911 21
912 22
913 24
914 22
915 18
916 24
917 25
918 22
919 21
920 20
921 22
922 21
923 23
924 23
925 24
926 18
927 22
928 24
929 20
930 18
931 19
932 21
933 23
934 22
935 17
936 23
937 20
938 21
939 23
940 24
941 23
942 22
943 21
944 21
945 21
946 22
947 17
948 17
949 23
950 21
951 24
952 22
953 21
954 21
955 22
956 21
957 21
958 18
959 22
960 20
961 21
962 24
963 21
964 22
965 20
966 20
967 21
968 21
969 22
970 23
971 22
972 17
973 16
974 21
975 21
976 21
977 20
978 20
979 23
980 18
981 20
982 20
983 20
984 18
985 16
986 22
987 22
988 22
989 21
990 24
991 20
992 23
993 21
994 15
995 20
996 19
997 22
998 22
999 25
1000 20
