0 60
1 51
2 46
3 41
4 38
5 34
6 35
7 35
8 32
9 35
10 35
11 34
12 37
13 38
14 38
15 37
16 36
17 34
18 37
19 39
20 34
21 36
22 39
23 38
24 38
25 36
26 37
27 34
28 33
29 36
30 37
31 35
32 37
33 38
34 36
35 36
36 35
37 34
38 34
39 36
40 36
41 37
42 36
43 36
44 35
45 33
46 34
47 34
48 35
49 39
50 37
51 36
52 37
53 36
54 36
55 35
56 31
57 33
58 35
59 37
60 36
61 39
62 39
63 36
64 33
65 32
66 31
67 34
68 35
69 36
70 36
71 37
72 37
73 35
74 37
75 37
76 38
77 37
78 34
79 33
80 33
81 34
82 34
83 33
84 33
85 36
86 37
87 36
88 35
89 34
90 34
91 35
92 32
93 31
94 26
95 29
96 31
97 29
98 33
99 32
100 31
101 31
102 33
103 32
104 33
105 34
106 34
107 37
108 38
109 38
110 34
111 36
112 36
113 35
114 34
115 33
116 34
117 35
118 36
119 35
120 34
121 32
122 33
123 32
124 32
125 36
126 35
127 37
128 37
129 34
130 38
131 36
132 36
133 37
134 37
135 36
136 34
137 35
138 34
139 33
140 32
141 32
142 36
143 36
144 37
145 38
146 38
147 36
148 37
149 37
150 37
151 34
152 34
153 31
154 33
155 33
156 34
157 32
158 35
159 37
160 34
161 31
162 33
163 35
164 37
165 35
166 36
167 35
168 36
169 34
170 35
171 35
172 29
173 34
174 36
175 34
176 35
177 36
178 37
179 35
180 31
181 33
182 35
183 34
184 38
185 38
186 39
187 37
188 34
189 34
190 33
191 37
192 34
193 35
194 35
195 34
196 35
197 33
198 36
199 34
200 36
201 34
202 33
203 32
204 32
205 32
206 29
207 32
208 34
209 30
210 33
211 33
212 34
213 36
214 34
215 35
216 35
217 33
218 33
219 31
220 31
221 36
222 36
223 39
224 37
225 33
226 34
227 33
228 32
229 33
230 34
231 33
232 37
233 38
234 37
235 35
236 34
237 35
238 38
239 33
240 34
241 35
242 37
243 34
244 34
245 36
246 36
247 38
248 37
249 39
250 37
251 35
252 33
253 30
254 32
255 32
256 33
257 34
258 30
259 28
260 32
261 31
262 33
263 34
264 34
265 34
266 33
267 34
268 34
269 34
270 34
271 37
272 40
273 39
274 37
275 37
276 39
277 37
278 37
279 36
280 39
281 36
282 36
283 36
284 36
285 33
286 31
287 34
288 37
289 34
290 37
291 36
292 33
293 33
294 34
295 35
296 37
297 37
298 37
299 37
300 35
301 34
302 35
303 33
304 34
305 33
306 33
307 36
308 37
309 37
310 36
311 33
312 35
313 35
314 30
315 30
316 33
317 34
318 34
319 34
320 30
321 30
322 34
323 38
324 40
325 38
326 35
327 36
328 35
329 38
330 34
331 36
332 35
333 36
334 37
335 38
336 35
337 35
338 36
339 37
340 36
341 36
342 36
343 36
344 36
345 35
346 33
347 35
348 36
349 34
350 33
351 33
352 33
353 35
354 35
355 36
356 37
357 38
358 35
359 36
360 33
361 31
362 36
363 34
364 35
365 38
366 37
367 36
368 37
369 35
370 35
371 36
372 30
373 32
374 31
375 33
376 34
377 34
378 35
379 37
380 36
381 34
382 34
383 37
384 37
385 33
386 34
387 32
388 32
389 34
390 37
391 37
392 37
393 38
394 39
395 38
396 35
397 33
398 33
399 29
400 35
401 34
402 35
403 34
404 38
405 39
406 39
407 35
408 35
409 37
410 33
411 36
412 35
413 33
414 35
415 33
416 30
417 31
418 32
419 36
420 37
421 38
422 37
423 36
424 37
425 35
426 34
427 36
428 33
429 35
430 35
431 37
432 37
433 34
434 36
435 37
436 35
437 33
438 34
439 36
440 35
441 34
442 33
443 33
444 36
445 38
446 36
447 35
448 34
449 33
450 35
451 35
452 33
453 35
454 36
455 36
456 36
457 38
458 37
459 37
460 36
461 35
462 31
463 33
464 36
465 40
466 38
467 37
468 40
469 39
470 38
471 36
472 36
473 35
474 37
475 33
476 33
477 35
478 35
479 36
480 36
481 35
482 35
483 35
484 32
485 34
486 34
487 34
488 33
489 33
490 36
491 37
492 37
493 36
494 37
495 37
496 35
497 37
498 35
499 37
500 35
501 34
502 34
503 35
504 38
505 37
506 37
507 36
508 36
509 36
510 36
511 37
512 35
513 33
514 33
515 28
516 32
517 35
518 33
519 34
520 35
521 36
522 34
523 35
524 34
525 36
526 32
527 33
528 35
529 33
530 35
531 37
532 32
533 31
534 32
535 35
536 34
537 32
538 34
539 34
540 35
541 34
542 38
543 38
544 38
545 37
546 36
547 37
548 39
549 39
550 35
551 35
552 34
553 34
554 37
555 38
556 37
557 36
558 34
559 34
560 33
561 31
562 33
563 32
564 31
565 29
566 31
567 31
568 31
569 33
570 33
571 34
572 34
573 36
574 32
575 34
576 32
577 30
578 30
579 32
580 32
581 33
582 33
583 32
584 34
585 30
586 33
587 35
588 35
589 33
590 34
591 36
592 37
593 37
594 38
595 39
596 37
597 35
598 34
599 35
600 38
601 35
602 35
603 34
604 35
605 35
606 34
607 37
608 35
609 33
610 35
611 33
612 33
613 35
614 37
615 35
616 37
617 36
618 33
619 28
620 31
621 32
622 36
623 35
624 35
625 36
626 36
627 32
628 33
629 30
630 34
631 36
632 35
633 34
634 33
635 37
636 35
637 37
638 36
639 33
640 33
641 34
642 37
643 36
644 35
645 36
646 36
647 36
648 33
649 32
650 33
651 34
652 37
653 37
654 35
655 38
656 37
657 36
658 34
659 36
660 30
661 34
662 36
663 35
664 36
665 35
666 33
667 31
668 30
669 30
670 33
671 35
672 34
673 34
674 34
675 32
676 34
677 31
678 32
679 32
680 33
681 35
682 33
683 34
684 32
685 31
686 32
687 32
688 35
689 35
690 35
691 35
692 36
693 37
694 36
695 37
696 37
697 34
698 35
699 36
700 37
701 36
702 36
703 37
704 35
705 37
706 37
707 36
708 40
709 35
710 38
711 37
712 39
713 40
714 38
715 38
716 39
717 36
718 39
719 35
720 37
721 39
722 38
723 36
724 32
725 34
726 30
727 34
728 35
729 36
730 37
731 39
732 39
733 36
734 34
735 31
736 35
737 32
738 35
739 37
740 38
741 33
742 32
743 27
744 29
745 31
746 35
747 33
748 35
749 37
750 35
751 33
752 27
753 31
754 34
755 34
756 35
757 32
758 35
759 36
760 33
761 33
762 33
763 34
764 35
765 33
766 33
767 33
768 32
769 32
770 32
771 33
772 35
773 36
774 37
775 36
776 37
777 33
778 32
779 33
780 33
781 32
782 32
783 34
784 34
785 34
786 33
787 36
788 36
789 36
790 37
791 37
792 35
793 34
794 33
795 34
796 34
797 38
798 35
799 35
800 33
801 32
802 33
803 33
804 35
805 32
806 34
807 34
808 33
809 32
810 36
811 34
812 33
813 34
814 32
815 34
816 37
817 37
818 36
819 37
820 39
821 39
822 40
823 39
824 35
825 34
826 35
827 36
828 36
829 36
830 35
831 34
832 32
833 30
834 30
835 33
836 30
837 30
838 33
839 34
840 34
841 36
842 38
843 36
844 35
845 34
846 36
847 37
848 39
849 37
850 34
851 35
852 36
853 37
854 38
855 39
856 38
857 37
858 34
859 34
860 37
861 38
862 36
863 35
864 33
865 30
866 31
867 32
868 30
869 33
870 33
871 35
872 35
873 35
874 36
875 38
876 31
877 32
878 34
879 31
880 31
881 33
882 35
883 35
884 35
885 35
886 36
887 38
888 38
889 37
890 37
891 32
892 36
893 34
894 34
895 37
896 36
897 37
898 37
899 40
900 37
901 38
902 37
903 37
904 38
905 38
906 37
907 37
908 34
909 31
910 35
911 32
912 34
913 31
914 34
915 34
916 35
917 36
918 36
919 37
920 36
921 33
922 34
923 34
924 35
925 37
926 37
927 36
928 35
929 36
930 34
931 32
932 33
933 35
934 34
935 34
936 35
937 37
938 38
939 36
940 34
941 35
942 34
943 34
944 33
945 31
946 31
947 32
948 32
949 33
950 32
951 29
952 31
953 33
954 32
955 31
956 32
957 32
958 34
959 36
960 34
961 36
962 33
963 36
964 35
965 35
966 31
967 33
968 32
969 33
970 30
971 33
972 34
973 34
974 37
975 38
976 36
977 35
978 33
979 34
980 33
981 34
982 35
983 34
984 34
985 36
986 34
987 36
988 31
989 31
990 29
991 30
992 33
993 35
994 38
995 38
996 36
997 34
998 33
999 34
1000 35
