0 35
1 33
2 32
3 31
4 30
5 29
6 28
7 27
8 26
9 26
10 25
11 24
12 23
13 23
14 22
15 21
16 21
17 21
18 20
19 19
20 19
21 18
22 16
23 16
24 15
25 14
26 14
27 14
28 14
29 13
30 13
31 13
32 13
33 13
34 14
35 14
36 13
37 12
38 12
39 12
40 12
41 12
42 11
43 11
44 10
45 10
46 10
47 10
48 10
49 10
50 9
51 9
52 9
53 9
54 10
55 10
56 10
57 9
58 9
59 9
60 9
61 8
62 8
63 8
64 7
65 7
66 7
67 7
68 7
69 7
70 7
71 8
72 8
73 8
74 7
75 7
76 6
77 6
78 6
79 5
80 5
81 6
82 6
83 6
84 5
85 5
86 4
87 4
88 4
89 5
90 5
91 5
92 4
93 4
94 4
95 4
96 5
97 5
98 5
99 5
100 5
101 5
102 5
103 4
104 4
105 4
106 3
107 3
108 3
109 3
110 3
111 2
112 2
113 2
114 2
115 2
116 2
117 3
118 3
119 3
120 3
121 3
122 3
123 2
124 3
125 3
126 3
127 3
128 4
129 2
130 3
131 3
132 4
133 4
134 4
135 4
136 4
137 4
138 4
139 4
140 5
141 5
142 5
143 5
144 5
145 5
146 5
147 6
148 6
149 6
150 6
151 6
152 6
153 6
154 6
155 6
156 6
157 6
158 6
159 6
160 6
161 6
162 6
163 6
164 6
165 6
166 6
167 6
168 5
169 5
170 5
171 5
172 5
173 6
174 5
175 5
176 6
177 6
178 6
179 7
180 6
181 5
182 5
183 5
184 5
185 5
186 5
187 5
188 5
189 5
190 6
191 6
192 6
193 6
194 6
195 6
196 6
197 6
198 6
199 6
200 6
201 6
202 6
203 7
204 6
205 6
206 6
207 6
208 6
209 6
210 6
211 5
212 5
213 5
214 4
215 4
216 5
217 5
218 5
219 5
220 5
221 5
222 5
223 5
224 4
225 4
226 4
227 4
228 5
229 5
230 5
231 5
232 5
233 5
234 4
235 5
236 5
237 5
238 5
239 5
240 5
241 5
242 5
243 5
244 5
245 6
246 6
247 5
248 5
249 6
250 6
251 6
252 7
253 7
254 7
255 7
256 7
257 7
258 7
259 7
260 6
261 6
262 7
263 7
264 7
265 7
266 7
267 7
268 7
269 7
270 7
271 6
272 5
273 5
274 5
275 4
276 4
277 4
278 4
279 4
280 4
281 4
282 4
283 4
284 4
285 3
286 2
287 3
288 3
289 4
290 3
291 3
292 3
293 3
294 3
295 3
296 3
297 3
298 3
299 3
300 3
301 4
302 4
303 4
304 4
305 4
306 4
307 4
308 4
309 4
310 4
311 4
312 5
313 5
314 5
315 5
316 6
317 6
318 6
319 6
320 6
321 6
322 7
323 7
324 7
325 7
326 7
327 7
328 7
329 7
330 6
331 6
332 6
333 6
334 6
335 6
336 6
337 6
338 6
339 6
340 6
341 6
342 6
343 6
344 6
345 6
346 6
347 6
348 6
349 6
350 6
351 6
352 6
353 6
354 6
355 6
356 6
357 6
358 6
359 7
360 7
361 7
362 7
363 7
364 8
365 8
366 8
367 8
368 8
369 9
370 8
371 9
372 9
373 9
374 9
375 10
376 10
377 10
378 10
379 9
380 9
381 8
382 8
383 9
384 9
385 9
386 10
387 10
388 10
389 10
390 10
391 10
392 10
393 10
394 9
395 9
396 8
397 8
398 8
399 8
400 8
401 8
402 8
403 8
404 8
405 8
406 8
407 8
408 7
409 6
410 5
411 5
412 5
413 5
414 5
415 5
416 5
417 6
418 6
419 7
420 7
421 7
422 7
423 7
424 7
425 7
426 7
427 7
428 7
429 7
430 7
431 7
432 7
433 5
434 5
435 5
436 6
437 6
438 6
439 6
440 6
441 6
442 6
443 6
444 6
445 6
446 7
447 7
448 7
449 7
450 7
451 7
452 7
453 7
454 7
455 7
456 7
457 7
458 7
459 8
460 8
461 8
462 8
463 7
464 7
465 7
466 7
467 7
468 7
469 7
470 7
471 7
472 7
473 7
474 7
475 7
476 7
477 7
478 7
479 7
480 7
481 7
482 7
483 7
484 6
485 5
486 6
487 6
488 6
489 5
490 6
491 6
492 6
493 6
494 6
495 6
496 6
497 6
498 5
499 5
500 6
501 6
502 6
503 6
504 6
505 6
506 6
507 6
508 6
509 7
510 7
511 6
512 6
513 6
514 6
515 6
516 6
517 6
518 7
519 7
520 7
521 8
522 9
523 9
524 8
525 8
526 8
527 7
528 7
529 7
530 7
531 7
532 7
533 7
534 6
535 6
536 6
537 6
538 6
539 6
540 6
541 6
542 6
543 6
544 6
545 6
546 5
547 5
548 5
549 4
550 5
551 6
552 6
553 6
554 6
555 7
556 7
557 8
558 8
559 8
560 8
561 7
562 7
563 7
564 7
565 7
566 7
567 7
568 7
569 7
570 7
571 7
572 7
573 7
574 7
575 7
576 7
577 6
578 5
579 5
580 5
581 5
582 5
583 5
584 4
585 4
586 4
587 4
588 4
589 4
590 5
591 5
592 5
593 4
594 4
595 4
596 4
597 4
598 4
599 4
600 5
601 5
602 4
603 4
604 4
605 4
606 4
607 4
608 5
609 5
610 5
611 4
612 3
613 3
614 3
615 3
616 4
617 5
618 5
619 4
620 4
621 4
622 4
623 4
624 4
625 3
626 3
627 3
628 3
629 3
630 4
631 4
632 5
633 5
634 5
635 5
636 5
637 5
638 5
639 5
640 5
641 5
642 5
643 5
644 5
645 5
646 5
647 4
648 4
649 4
650 5
651 5
652 5
653 5
654 5
655 5
656 5
657 4
658 5
659 5
660 5
661 5
662 5
663 5
664 5
665 5
666 5
667 6
668 6
669 5
670 5
671 5
672 5
673 6
674 6
675 6
676 6
677 6
678 6
679 6
680 6
681 5
682 5
683 4
684 4
685 4
686 4
687 4
688 4
689 5
690 5
691 5
692 5
693 4
694 4
695 4
696 3
697 3
698 3
699 3
700 3
701 3
702 4
703 4
704 4
705 4
706 4
707 4
708 4
709 4
710 4
711 4
712 4
713 4
714 5
715 5
716 5
717 5
718 4
719 4
720 4
721 4
722 4
723 4
724 4
725 4
726 3
727 3
728 3
729 3
730 3
731 3
732 3
733 3
734 3
735 3
736 3
737 3
738 4
739 4
740 4
741 4
742 4
743 4
744 4
745 4
746 4
747 4
748 4
749 4
750 4
751 4
752 4
753 4
754 5
755 5
756 5
757 5
758 5
759 5
760 6
761 6
762 7
763 7
764 7
765 7
766 7
767 8
768 8
769 7
770 6
771 6
772 6
773 6
774 6
775 6
776 6
777 6
778 6
779 6
780 6
781 6
782 6
783 6
784 6
785 6
786 6
787 5
788 5
789 5
790 5
791 5
792 5
793 5
794 5
795 6
796 6
797 6
798 6
799 6
800 6
801 6
802 6
803 6
804 6
805 6
806 6
807 6
808 6
809 6
810 6
811 6
812 6
813 6
814 6
815 6
816 5
817 5
818 5
819 5
820 5
821 5
822 5
823 5
824 5
825 5
826 5
827 5
828 4
829 3
830 3
831 3
832 4
833 4
834 4
835 5
836 5
837 5
838 5
839 6
840 6
841 6
842 6
843 6
844 6
845 5
846 5
847 5
848 5
849 6
850 6
851 6
852 7
853 7
854 7
855 7
856 7
857 6
858 6
859 6
860 5
861 5
862 6
863 6
864 6
865 6
866 6
867 6
868 6
869 6
870 6
871 6
872 7
873 6
874 5
875 5
876 5
877 5
878 5
879 5
880 5
881 5
882 5
883 5
884 5
885 4
886 4
887 4
888 4
889 4
890 4
891 4
892 4
893 4
894 4
895 4
896 5
897 5
898 5
899 5
900 5
901 6
902 6
903 6
904 6
905 6
906 6
907 6
908 6
909 7
910 7
911 7
912 7
913 6
914 6
915 6
916 6
917 6
918 7
919 7
920 6
921 7
922 8
923 8
924 8
925 8
926 8
927 7
928 7
929 7
930 7
931 7
932 7
933 6
934 7
935 7
936 7
937 7
938 7
939 7
940 6
941 6
942 6
943 6
944 5
945 5
946 5
947 5
948 5
949 5
950 5
951 5
952 5
953 5
954 5
955 5
956 5
957 5
958 5
959 5
960 4
961 4
962 5
963 6
964 6
965 6
966 5
967 6
968 6
969 6
970 6
971 6
972 6
973 6
974 7
975 8
976 8
977 8
978 7
979 7
980 7
981 7
982 7
983 7
984 7
985 6
986 6
987 6
988 6
989 5
990 5
991 5
992 5
993 5
994 6
995 6
996 5
997 5
998 5
999 5
1000 5
