0 30
1 19
2 23
3 21
4 22
5 22
6 21
7 21
8 18
9 25
10 25
11 22
12 20
13 20
14 20
15 22
16 21
17 25
18 21
19 20
20 25
21 24
22 21
23 23
24 21
25 21
26 16
27 21
28 19
29 24
30 22
31 21
32 18
33 20
34 20
35 22
36 21
37 23
38 21
39 25
40 23
41 21
42 22
43 19
44 22
45 22
46 22
47 19
48 23
49 20
50 20
51 24
52 22
53 21
54 22
55 21
56 22
57 24
58 25
59 21
60 19
61 18
62 24
63 19
64 19
65 24
66 22
67 20
68 20
69 21
70 22
71 19
72 23
73 20
74 22
75 24
76 24
77 19
78 21
79 19
80 21
81 23
82 23
83 24
84 22
85 25
86 22
87 19
88 23
89 19
90 16
91 21
92 21
93 24
94 21
95 22
96 19
97 22
98 18
99 21
100 21
101 22
102 21
103 21
104 19
105 22
106 19
107 21
108 23
109 17
110 21
111 20
112 22
113 19
114 19
115 21
116 23
117 19
118 18
119 19
120 21
121 22
122 26
123 22
124 15
125 16
126 17
127 20
128 23
129 22
130 22
131 20
132 22
133 21
134 20
135 22
136 20
137 17
138 22
139 17
140 20
141 24
142 21
143 20
144 20
145 18
146 22
147 23
148 21
149 22
150 22
151 22
152 21
153 16
154 16
155 16
156 21
157 21
158 18
159 19
160 22
161 21
162 21
163 27
164 20
165 20
166 17
167 24
168 20
169 24
170 22
171 19
172 22
173 21
174 19
175 18
176 21
177 17
178 17
179 19
180 20
181 23
182 20
183 22
184 17
185 21
186 22
187 18
188 22
189 23
190 19
191 21
192 25
193 23
194 19
195 18
196 22
197 22
198 20
199 22
200 23
201 23
202 19
203 20
204 18
205 21
206 22
207 20
208 19
209 22
210 20
211 22
212 17
213 16
214 24
215 17
216 16
217 19
218 21
219 22
220 21
221 26
222 19
223 21
224 20
225 20
226 24
227 22
228 21
229 20
230 21
231 22
232 21
233 23
234 21
235 23
236 18
237 21
238 18
239 18
240 18
241 20
242 21
243 20
244 22
245 24
246 23
247 16
248 21
249 22
250 24
251 21
252 23
253 26
254 23
255 22
256 21
257 24
258 20
259 21
260 22
261 19
262 22
263 21
264 22
265 19
266 20
267 23
268 21
269 23
270 20
271 24
272 21
273 22
274 24
275 22
276 20
277 21
278 23
279 22
280 26
281 21
282 24
283 24
284 21
285 25
286 20
287 20
288 21
289 20
290 21
291 24
292 22
293 17
294 21
295 24
296 19
297 20
298 21
299 18
300 21
301 23
302 21
303 17
304 22
305 21
306 21
307 24
308 21
309 19
310 21
311 22
312 20
313 22
314 22
315 18
316 17
317 22
318 22
319 22
320 20
321 24
322 23
323 23
324 21
325 22
326 20
327 19
328 24
329 19
330 20
331 26
332 24
333 23
334 19
335 17
336 16
337 23
338 24
339 22
340 20
341 22
342 21
343 18
344 18
345 22
346 18
347 22
348 22
349 23
350 20
351 22
352 25
353 23
354 22
355 20
356 21
357 18
358 22
359 17
360 18
361 22
362 21
363 23
364 21
365 20
366 22
367 23
368 25
369 17
370 20
371 22
372 21
373 22
374 20
375 16
376 21
377 23
378 19
379 19
380 20
381 16
382 17
383 18
384 21
385 20
386 22
387 22
388 21
389 16
390 18
391 23
392 22
393 16
394 17
395 21
396 21
397 22
398 21
399 22
400 23
401 19
402 21
403 22
404 22
405 23
406 23
407 20
408 20
409 23
410 22
411 20
412 21
413 20
414 24
415 18
416 21
417 22
418 22
419 17
420 23
421 20
422 21
423 22
424 24
425 21
426 20
427 23
428 22
429 21
430 19
431 20
432 16
433 21
434 23
435 21
436 25
437 23
438 23
439 24
440 22
441 18
442 24
443 26
444 20
445 21
446 18
447 23
448 21
449 20
450 18
451 21
452 24
453 22
454 24
455 19
456 22
457 21
458 21
459 17
460 24
461 20
462 24
463 21
464 19
465 23
466 22
467 18
468 21
469 21
470 22
471 24
472 25
473 25
474 22
475 24
476 19
477 23
478 21
479 24
480 24
481 21
482 24
483 21
484 17
485 21
486 21
487 22
488 19
489 24
490 21
491 23
492 23
493 19
494 23
495 19
496 21
497 20
498 25
499 21
500 22
501 22
502 19
503 23
504 20
505 23
506 21
507 20
508 21
509 25
510 22
511 25
512 25
513 21
514 19
515 19
516 20
517 23
518 18
519 19
520 20
521 20
522 20
523 21
524 21
525 24
526 25
527 23
528 19
529 21
530 20
531 22
532 22
533 22
534 18
535 20
536 22
537 20
538 20
539 21
540 21
541 21
542 19
543 17
544 21
545 19
546 21
547 24
548 19
549 19
550 23
551 19
552 21
553 22
554 15
555 23
556 21
557 22
558 18
559 20
560 22
561 20
562 19
563 20
564 20
565 23
566 23
567 19
568 22
569 18
570 23
571 25
572 24
573 21
574 21
575 22
576 18
577 21
578 21
579 19
580 22
581 22
582 20
583 20
584 22
585 23
586 21
587 21
588 22
589 23
590 21
591 20
592 19
593 22
594 18
595 24
596 19
597 21
598 19
599 24
600 18
601 21
602 20
603 22
604 19
605 16
606 21
607 18
608 23
609 22
610 19
611 20
612 22
613 18
614 21
615 23
616 19
617 25
618 21
619 22
620 22
621 18
622 22
623 21
624 19
625 20
626 22
627 21
628 20
629 16
630 21
631 21
632 23
633 22
634 21
635 17
636 23
637 22
638 24
639 22
640 20
641 19
642 21
643 17
644 21
645 23
646 19
647 22
648 23
649 20
650 19
651 19
652 18
653 22
654 21
655 21
656 23
657 21
658 22
659 18
660 22
661 21
662 16
663 21
664 24
665 19
666 22
667 20
668 20
669 23
670 22
671 22
672 17
673 18
674 15
675 18
676 20
677 25
678 19
679 24
680 24
681 25
682 20
683 22
684 25
685 20
686 19
687 22
688 24
689 18
690 21
691 19
692 24
693 21
694 22
695 24
696 20
697 18
698 21
699 15
700 16
701 20
702 22
703 22
704 21
705 20
706 23
707 21
708 23
709 20
710 20
711 21
712 21
713 20
714 21
715 19
716 25
717 20
718 20
719 20
720 20
721 22
722 22
723 23
724 23
725 22
726 22
727 21
728 24
729 20
730 19
731 19
732 22
733 19
734 22
735 19
736 22
737 18
738 24
739 19
740 22
741 24
742 18
743 17
744 23
745 21
746 23
747 17
748 26
749 23
750 20
751 21
752 24
753 21
754 20
755 21
756 21
757 18
758 23
759 22
760 18
761 24
762 23
763 17
764 21
765 21
766 21
767 22
768 22
769 23
770 22
771 25
772 21
773 18
774 22
775 20
776 20
777 21
778 23
779 20
780 21
781 19
782 19
783 19
784 21
785 21
786 18
787 23
788 22
789 19
790 26
791 20
792 20
793 19
794 20
795 20
796 19
797 19
798 22
799 24
800 17
801 23
802 22
803 21
804 19
805 21
806 18
807 18
808 17
809 20
810 17
811 20
812 19
813 17
814 16
815 23
816 23
817 25
818 20
819 20
820 24
821 18
822 20
823 19
824 19
825 19
826 19
827 20
828 22
829 19
830 21
831 24
832 21
833 20
834 23
835 22
836 20
837 22
838 20
839 18
840 23
841 20
842 20
843 22
844 19
845 20
846 18
847 20
848 21
849 21
850 20
851 19
852 19
853 19
854 21
855 21
856 15
857 19
858 19
859 22
860 21
861 21
862 25
863 23
864 21
865 25
866 24
867 18
868 16
869 19
870 18
871 19
872 24
873 20
874 18
875 19
876 25
877 22
878 23
879 19
880 21
881 20
882 22
883 22
884 17
885 21
886 21
887 23
888 18
889 16
890 23
891 22
892 21
893 15
894 22
895 20
896 21
897 21
898 20
899 21
900 19
901 20
902 22
903 21
904 19
905 20
906 21
907 23
908 16
909 19
910 23
911 19
912 21
913 20
914 21
915 21
916 20
917 16
918 19
919 20
920 24
921 20
922 18
923 20
924 20
925 20
926 21
927 18
928 17
929 20
930 23
931 24
932 23
933 25
934 23
935 22
936 20
937 22
938 21
939 22
940 24
941 23
942 22
943 25
944 23
945 22
946 19
947 21
948 24
949 22
950 22
951 20
952 20
953 22
954 23
955 22
956 18
957 17
958 19
959 23
960 22
961 24
962 23
963 23
964 20
965 23
966 24
967 19
968 22
969 20
970 20
971 21
972 21
973 22
974 21
975 22
976 21
977 25
978 19
979 22
980 21
981 21
982 23
983 21
984 22
985 20
986 21
987 19
988 22
989 21
990 21
991 21
992 22
993 22
994 24
995 23
996 20
997 22
998 22
999 21
1000 20
