0 60
1 58
2 58
3 58
4 57
5 57
6 56
7 56
8 55
9 55
10 53
11 53
12 53
13 52
14 52
15 52
16 51
17 51
18 51
19 51
20 51
21 49
22 47
23 47
24 45
25 45
26 43
27 43
28 43
29 43
30 43
31 41
32 40
33 39
34 39
35 37
36 38
37 38
38 38
39 38
40 37
41 37
42 37
43 36
44 36
45 36
46 36
47 37
48 38
49 37
50 37
51 38
52 38
53 38
54 38
55 39
56 40
57 40
58 39
59 39
60 38
61 38
62 38
63 37
64 38
65 38
66 38
67 38
68 37
69 36
70 35
71 35
72 34
73 33
74 33
75 33
76 34
77 34
78 34
79 34
80 34
81 34
82 34
83 33
84 33
85 32
86 32
87 32
88 31
89 31
90 32
91 32
92 32
93 33
94 33
95 34
96 36
97 37
98 37
99 35
100 36
101 36
102 35
103 35
104 33
105 33
106 33
107 34
108 34
109 34
110 32
111 33
112 33
113 32
114 34
115 35
116 35
117 36
118 36
119 36
120 36
121 37
122 37
123 37
124 38
125 38
126 37
127 37
128 35
129 35
130 35
131 36
132 37
133 37
134 37
135 36
136 34
137 34
138 34
139 32
140 33
141 32
142 32
143 33
144 31
145 31
146 31
147 31
148 31
149 31
150 33
151 33
152 32
153 31
154 31
155 30
156 31
157 31
158 31
159 31
160 31
161 30
162 30
163 30
164 30
165 30
166 30
167 30
168 30
169 30
170 30
171 30
172 30
173 30
174 30
175 30
176 29
177 29
178 31
179 31
180 31
181 32
182 32
183 33
184 33
185 34
186 34
187 35
188 35
189 35
190 36
191 36
192 36
193 36
194 37
195 37
196 37
197 37
198 37
199 37
200 36
201 37
202 37
203 36
204 37
205 36
206 36
207 36
208 36
209 36
210 37
211 37
212 36
213 36
214 35
215 34
216 33
217 34
218 34
219 33
220 33
221 34
222 34
223 35
224 35
225 35
226 35
227 35
228 34
229 34
230 35
231 34
232 34
233 34
234 34
235 34
236 34
237 34
238 33
239 32
240 32
241 32
242 31
243 30
244 31
245 31
246 32
247 32
248 31
249 31
250 31
251 31
252 31
253 32
254 31
255 30
256 29
257 29
258 30
259 29
260 30
261 29
262 29
263 28
264 28
265 28
266 28
267 29
268 31
269 32
270 32
271 33
272 31
273 32
274 33
275 31
276 30
277 31
278 32
279 33
280 33
281 33
282 32
283 31
284 30
285 29
286 29
287 29
288 29
289 28
290 29
291 29
292 27
293 25
294 26
295 25
296 25
297 25
298 26
299 26
300 26
301 26
302 27
303 27
304 26
305 28
306 29
307 28
308 29
309 29
310 30
311 31
312 33
313 33
314 33
315 34
316 34
317 34
318 35
319 35
320 35
321 34
322 34
323 34
324 33
325 33
326 34
327 33
328 32
329 32
330 31
331 28
332 27
333 26
334 26
335 26
336 26
337 27
338 27
339 28
340 27
341 28
342 28
343 27
344 27
345 29
346 29
347 28
348 27
349 27
350 27
351 27
352 27
353 28
354 28
355 29
356 29
357 29
358 30
359 30
360 30
361 30
362 30
363 30
364 29
365 30
366 31
367 31
368 30
369 30
370 30
371 31
372 31
373 31
374 31
375 31
376 31
377 30
378 30
379 31
380 30
381 30
382 30
383 30
384 31
385 31
386 31
387 31
388 31
389 31
390 32
391 31
392 31
393 30
394 28
395 29
396 30
397 30
398 31
399 31
400 33
401 33
402 34
403 34
404 35
405 35
406 36
407 34
408 33
409 33
410 32
411 31
412 32
413 33
414 32
415 32
416 33
417 33
418 33
419 32
420 31
421 30
422 29
423 30
424 31
425 31
426 31
427 31
428 30
429 31
430 32
431 31
432 31
433 32
434 31
435 31
436 30
437 29
438 29
439 29
440 30
441 31
442 30
443 30
444 31
445 30
446 30
447 30
448 31
449 30
450 29
451 29
452 29
453 29
454 30
455 30
456 29
457 29
458 29
459 28
460 28
461 28
462 29
463 29
464 30
465 30
466 31
467 31
468 31
469 31
470 31
471 32
472 33
473 33
474 34
475 33
476 31
477 31
478 31
479 31
480 31
481 30
482 28
483 28
484 28
485 28
486 29
487 29
488 29
489 30
490 30
491 30
492 30
493 30
494 32
495 31
496 31
497 31
498 31
499 31
500 31
501 32
502 30
503 29
504 29
505 28
506 29
507 27
508 27
509 27
510 27
511 27
512 26
513 27
514 28
515 28
516 28
517 28
518 29
519 31
520 31
521 31
522 32
523 32
524 33
525 33
526 33
527 32
528 32
529 32
530 30
531 29
532 29
533 28
534 27
535 27
536 26
537 27
538 26
539 26
540 26
541 26
542 27
543 28
544 28
545 28
546 28
547 28
548 28
549 30
550 30
551 30
552 31
553 30
554 31
555 31
556 31
557 31
558 30
559 30
560 29
561 28
562 27
563 27
564 27
565 27
566 28
567 27
568 26
569 27
570 27
571 27
572 28
573 28
574 28
575 30
576 30
577 30
578 30
579 30
580 30
581 30
582 30
583 30
584 31
585 31
586 31
587 32
588 32
589 33
590 31
591 30
592 30
593 31
594 33
595 33
596 31
597 31
598 31
599 32
600 33
601 33
602 34
603 34
604 33
605 33
606 33
607 33
608 32
609 32
610 33
611 33
612 33
613 33
614 32
615 34
616 34
617 35
618 35
619 34
620 33
621 33
622 34
623 34
624 33
625 34
626 34
627 36
628 37
629 38
630 38
631 37
632 38
633 37
634 37
635 37
636 37
637 36
638 36
639 34
640 34
641 33
642 33
643 33
644 33
645 33
646 33
647 32
648 32
649 32
650 32
651 32
652 32
653 32
654 32
655 32
656 32
657 33
658 32
659 33
660 34
661 34
662 34
663 34
664 34
665 34
666 34
667 35
668 36
669 35
670 33
671 33
672 34
673 35
674 36
675 36
676 36
677 35
678 34
679 33
680 34
681 34
682 34
683 34
684 33
685 34
686 34
687 34
688 34
689 32
690 33
691 33
692 32
693 32
694 32
695 34
696 35
697 35
698 34
699 33
700 33
701 32
702 32
703 31
704 31
705 31
706 31
707 31
708 31
709 32
710 30
711 30
712 30
713 30
714 31
715 31
716 31
717 31
718 31
719 30
720 30
721 29
722 29
723 28
724 29
725 29
726 29
727 28
728 29
729 29
730 28
731 28
732 28
733 30
734 31
735 32
736 33
737 32
738 32
739 33
740 32
741 32
742 32
743 32
744 33
745 33
746 32
747 33
748 33
749 34
750 35
751 35
752 35
753 33
754 32
755 31
756 31
757 31
758 31
759 32
760 32
761 32
762 32
763 32
764 33
765 33
766 33
767 34
768 32
769 32
770 32
771 32
772 32
773 32
774 33
775 33
776 33
777 34
778 35
779 35
780 34
781 34
782 34
783 35
784 34
785 34
786 33
787 33
788 32
789 32
790 31
791 30
792 29
793 29
794 29
795 29
796 30
797 30
798 30
799 31
800 31
801 31
802 31
803 32
804 31
805 31
806 31
807 31
808 31
809 32
810 33
811 33
812 33
813 33
814 32
815 32
816 32
817 32
818 32
819 31
820 30
821 31
822 31
823 30
824 29
825 28
826 27
827 29
828 29
829 28
830 28
831 27
832 29
833 29
834 28
835 29
836 29
837 29
838 30
839 30
840 30
841 30
842 30
843 29
844 29
845 30
846 30
847 28
848 27
849 27
850 28
851 28
852 28
853 28
854 28
855 27
856 28
857 27
858 26
859 27
860 29
861 30
862 30
863 31
864 32
865 32
866 32
867 32
868 33
869 33
870 32
871 32
872 31
873 32
874 32
875 32
876 32
877 31
878 31
879 31
880 31
881 30
882 30
883 30
884 30
885 30
886 31
887 32
888 32
889 32
890 32
891 32
892 32
893 32
894 32
895 32
896 32
897 31
898 31
899 28
900 28
901 28
902 27
903 28
904 26
905 26
906 26
907 27
908 27
909 27
910 29
911 28
912 28
913 28
914 29
915 30
916 31
917 30
918 29
919 30
920 29
921 29
922 29
923 29
924 29
925 28
926 28
927 28
928 28
929 29
930 29
931 29
932 30
933 29
934 30
935 30
936 29
937 29
938 29
939 29
940 29
941 29
942 29
943 29
944 29
945 28
946 29
947 29
948 29
949 29
950 31
951 33
952 33
953 34
954 34
955 34
956 33
957 33
958 34
959 33
960 32
961 32
962 30
963 31
964 31
965 30
966 29
967 29
968 27
969 26
970 25
971 25
972 24
973 24
974 24
975 25
976 25
977 25
978 25
979 26
980 27
981 26
982 25
983 24
984 24
985 24
986 23
987 22
988 23
989 23
990 22
991 23
992 23
993 23
994 23
995 22
996 21
997 23
998 22
999 23
1000 23
