0 40
1 39
2 38
3 36
4 36
5 35
6 33
7 31
8 29
9 28
10 27
11 27
12 27
13 25
14 25
15 24
16 23
17 22
18 21
19 20
20 20
21 19
22 18
23 17
24 17
25 17
26 17
27 17
28 17
29 16
30 16
31 15
32 15
33 15
34 14
35 14
36 13
37 13
38 13
39 13
40 13
41 13
42 13
43 12
44 12
45 12
46 12
47 12
48 12
49 13
50 12
51 11
52 11
53 12
54 12
55 12
56 12
57 12
58 12
59 12
60 11
61 10
62 10
63 10
64 10
65 10
66 10
67 10
68 9
69 9
70 9
71 9
72 9
73 8
74 8
75 8
76 8
77 7
78 7
79 7
80 7
81 7
82 7
83 7
84 7
85 8
86 8
87 8
88 6
89 6
90 6
91 6
92 7
93 6
94 6
95 6
96 6
97 6
98 6
99 6
100 6
101 6
102 6
103 7
104 7
105 8
106 8
107 8
108 8
109 8
110 8
111 8
112 8
113 8
114 7
115 7
116 6
117 6
118 6
119 5
120 5
121 4
122 4
123 5
124 6
125 6
126 7
127 7
128 6
129 5
130 5
131 4
132 3
133 3
134 4
135 4
136 4
137 4
138 4
139 4
140 4
141 4
142 3
143 3
144 4
145 5
146 5
147 5
148 6
149 6
150 7
151 7
152 7
153 7
154 8
155 8
156 8
157 8
158 8
159 7
160 7
161 7
162 7
163 7
164 6
165 6
166 6
167 6
168 6
169 5
170 5
171 5
172 5
173 5
174 5
175 5
176 5
177 5
178 5
179 6
180 6
181 6
182 6
183 6
184 6
185 7
186 7
187 7
188 7
189 7
190 7
191 7
192 7
193 7
194 7
195 7
196 7
197 7
198 7
199 7
200 7
201 7
202 7
203 7
204 6
205 6
206 4
207 3
208 3
209 3
210 3
211 4
212 4
213 4
214 5
215 4
216 4
217 4
218 4
219 4
220 4
221 4
222 4
223 3
224 4
225 4
226 4
227 4
228 4
229 4
230 5
231 5
232 5
233 5
234 4
235 4
236 4
237 4
238 4
239 4
240 4
241 3
242 3
243 2
244 2
245 2
246 3
247 3
248 3
249 3
250 3
251 4
252 4
253 4
254 4
255 4
256 4
257 4
258 4
259 4
260 4
261 4
262 4
263 4
264 4
265 4
266 4
267 5
268 5
269 5
270 5
271 5
272 4
273 4
274 4
275 4
276 4
277 4
278 4
279 4
280 4
281 4
282 4
283 4
284 4
285 3
286 3
287 3
288 4
289 3
290 3
291 3
292 3
293 3
294 3
295 2
296 2
297 2
298 2
299 2
300 2
301 2
302 2
303 2
304 2
305 3
306 3
307 3
308 3
309 3
310 3
311 3
312 3
313 3
314 4
315 4
316 4
317 5
318 5
319 5
320 5
321 5
322 5
323 5
324 5
325 5
326 5
327 5
328 5
329 5
330 5
331 5
332 5
333 5
334 5
335 5
336 5
337 5
338 5
339 5
340 5
341 5
342 5
343 6
344 6
345 6
346 6
347 6
348 5
349 5
350 5
351 5
352 5
353 5
354 5
355 5
356 5
357 5
358 5
359 4
360 4
361 4
362 4
363 4
364 4
365 4
366 4
367 4
368 4
369 3
370 3
371 4
372 4
373 3
374 3
375 2
376 2
377 2
378 2
379 2
380 2
381 3
382 3
383 3
384 3
385 3
386 3
387 3
388 2
389 2
390 2
391 2
392 2
393 2
394 4
395 5
396 5
397 5
398 5
399 5
400 5
401 5
402 5
403 5
404 5
405 5
406 5
407 5
408 5
409 5
410 5
411 5
412 5
413 5
414 5
415 5
416 5
417 5
418 5
419 5
420 5
421 5
422 4
423 4
424 4
425 4
426 4
427 4
428 4
429 4
430 4
431 3
432 3
433 4
434 4
435 4
436 4
437 4
438 4
439 5
440 5
441 5
442 5
443 5
444 5
445 5
446 5
447 5
448 6
449 6
450 6
451 6
452 6
453 6
454 6
455 6
456 6
457 6
458 6
459 6
460 6
461 6
462 6
463 6
464 5
465 5
466 5
467 5
468 5
469 5
470 5
471 5
472 5
473 5
474 5
475 5
476 5
477 5
478 4
479 3
480 4
481 4
482 4
483 4
484 4
485 4
486 4
487 3
488 2
489 2
490 2
491 3
492 3
493 3
494 3
495 3
496 3
497 3
498 4
499 4
500 5
501 5
502 6
503 6
504 6
505 6
506 6
507 6
508 6
509 6
510 5
511 4
512 3
513 3
514 3
515 3
516 3
517 3
518 2
519 2
520 2
521 2
522 2
523 2
524 2
525 2
526 2
527 2
528 2
529 2
530 2
531 2
532 2
533 3
534 2
535 2
536 2
537 2
538 2
539 2
540 2
541 2
542 1
543 2
544 2
545 2
546 2
547 2
548 2
549 2
550 2
551 2
552 2
553 2
554 2
555 3
556 3
557 3
558 3
559 3
560 3
561 3
562 3
563 3
564 3
565 3
566 3
567 4
568 4
569 4
570 5
571 5
572 5
573 5
574 5
575 5
576 4
577 4
578 4
579 4
580 4
581 4
582 4
583 4
584 4
585 3
586 3
587 4
588 4
589 4
590 4
591 5
592 5
593 5
594 5
595 5
596 5
597 5
598 5
599 5
600 5
601 5
602 5
603 5
604 5
605 5
606 4
607 4
608 4
609 4
610 4
611 3
612 3
613 3
614 3
615 3
616 3
617 3
618 3
619 3
620 3
621 3
622 4
623 4
624 4
625 4
626 4
627 4
628 4
629 4
630 4
631 4
632 4
633 4
634 4
635 4
636 4
637 4
638 5
639 5
640 5
641 5
642 5
643 5
644 5
645 5
646 5
647 6
648 6
649 6
650 6
651 6
652 6
653 5
654 5
655 5
656 5
657 5
658 5
659 5
660 5
661 5
662 6
663 7
664 7
665 7
666 7
667 6
668 6
669 6
670 6
671 6
672 5
673 5
674 5
675 5
676 5
677 5
678 5
679 5
680 5
681 5
682 5
683 5
684 5
685 5
686 5
687 5
688 5
689 5
690 5
691 5
692 6
693 6
694 6
695 6
696 6
697 6
698 7
699 7
700 7
701 7
702 7
703 7
704 6
705 6
706 5
707 5
708 5
709 6
710 6
711 6
712 6
713 6
714 6
715 6
716 5
717 5
718 6
719 6
720 6
721 6
722 5
723 5
724 5
725 5
726 5
727 5
728 6
729 6
730 6
731 6
732 6
733 6
734 6
735 6
736 6
737 6
738 6
739 6
740 6
741 6
742 6
743 6
744 6
745 6
746 6
747 7
748 7
749 7
750 7
751 7
752 7
753 7
754 7
755 7
756 7
757 7
758 6
759 6
760 5
761 5
762 5
763 4
764 4
765 3
766 3
767 3
768 3
769 3
770 3
771 3
772 3
773 3
774 3
775 3
776 2
777 2
778 2
779 2
780 2
781 2
782 2
783 2
784 3
785 3
786 3
787 3
788 3
789 3
790 4
791 4
792 5
793 5
794 5
795 5
796 5
797 4
798 5
799 5
800 5
801 4
802 4
803 4
804 4
805 4
806 4
807 4
808 4
809 4
810 4
811 4
812 4
813 4
814 4
815 4
816 3
817 3
818 3
819 3
820 3
821 3
822 3
823 3
824 3
825 2
826 2
827 2
828 2
829 2
830 2
831 2
832 3
833 4
834 4
835 4
836 4
837 4
838 4
839 3
840 3
841 2
842 2
843 2
844 2
845 1
846 1
847 1
848 2
849 2
850 2
851 2
852 1
853 1
854 1
855 1
856 1
857 1
858 1
859 0
860 0
861 0
862 0
863 0
864 1
865 1
866 1
867 1
868 1
869 1
870 1
871 1
872 1
873 2
874 2
875 3
876 3
877 3
878 3
879 3
880 3
881 3
882 2
883 2
884 2
885 2
886 3
887 3
888 3
889 3
890 3
891 3
892 3
893 3
894 3
895 3
896 3
897 3
898 4
899 4
900 4
901 4
902 5
903 5
904 5
905 5
906 5
907 6
908 6
909 6
910 6
911 6
912 6
913 6
914 6
915 6
916 5
917 5
918 5
919 5
920 5
921 5
922 5
923 4
924 4
925 4
926 4
927 4
928 4
929 4
930 3
931 3
932 2
933 3
934 3
935 3
936 3
937 3
938 3
939 3
940 3
941 3
942 3
943 3
944 3
945 3
946 3
947 3
948 3
949 3
950 3
951 3
952 3
953 3
954 2
955 2
956 2
957 2
958 2
959 2
960 2
961 2
962 2
963 2
964 2
965 2
966 3
967 3
968 3
969 3
970 3
971 3
972 3
973 4
974 4
975 4
976 4
977 4
978 4
979 4
980 3
981 3
982 3
983 4
984 4
985 4
986 4
987 4
988 4
989 5
990 5
991 5
992 5
993 5
994 5
995 4
996 3
997 4
998 4
999 4
1000 4
