0 45
1 30
2 32
3 28
4 31
5 30
6 29
7 28
8 30
9 30
10 30
11 32
12 28
13 28
14 28
15 32
16 28
17 29
18 28
19 30
20 30
21 29
22 26
23 29
24 31
25 30
26 29
27 31
28 25
29 28
30 31
31 27
32 28
33 27
34 29
35 30
36 26
37 28
38 30
39 29
40 31
41 30
42 28
43 29
44 33
45 33
46 32
47 28
48 28
49 26
50 28
51 30
52 30
53 26
54 25
55 30
56 27
57 32
58 25
59 30
60 28
61 28
62 29
63 26
64 31
65 32
66 30
67 30
68 30
69 30
70 28
71 30
72 26
73 30
74 26
75 28
76 28
77 31
78 32
79 30
80 26
81 27
82 31
83 30
84 29
85 27
86 28
87 31
88 25
89 28
90 31
91 29
92 30
93 28
94 29
95 28
96 31
97 32
98 27
99 26
100 30
101 29
102 29
103 32
104 32
105 31
106 30
107 28
108 29
109 28
110 27
111 31
112 32
113 29
114 31
115 30
116 29
117 27
118 29
119 27
120 29
121 32
122 29
123 28
124 26
125 28
126 28
127 31
128 29
129 29
130 26
131 28
132 30
133 30
134 31
135 28
136 28
137 30
138 26
139 25
140 28
141 30
142 28
143 30
144 31
145 31
146 31
147 29
148 31
149 28
150 33
151 30
152 26
153 30
154 31
155 27
156 28
157 29
158 29
159 29
160 24
161 30
162 30
163 32
164 31
165 30
166 25
167 31
168 30
169 30
170 29
171 30
172 30
173 30
174 28
175 28
176 30
177 26
178 32
179 32
180 29
181 29
182 31
183 29
184 27
185 27
186 27
187 29
188 29
189 30
190 29
191 31
192 28
193 27
194 29
195 28
196 33
197 30
198 33
199 28
200 28
201 29
202 30
203 31
204 28
205 30
206 30
207 31
208 29
209 30
210 27
211 28
212 30
213 27
214 29
215 29
216 30
217 29
218 28
219 28
220 27
221 30
222 28
223 25
224 27
225 31
226 25
227 28
228 31
229 28
230 28
231 25
232 25
233 29
234 29
235 22
236 29
237 30
238 28
239 29
240 29
241 34
242 29
243 29
244 31
245 27
246 28
247 30
248 26
249 28
250 26
251 32
252 27
253 28
254 28
255 27
256 29
257 28
258 32
259 29
260 27
261 25
262 30
263 29
264 32
265 29
266 30
267 31
268 31
269 29
270 26
271 25
272 28
273 28
274 31
275 33
276 29
277 29
278 27
279 29
280 26
281 30
282 28
283 28
284 26
285 28
286 33
287 32
288 30
289 30
290 25
291 30
292 29
293 31
294 28
295 29
296 27
297 30
298 31
299 31
300 29
301 26
302 30
303 29
304 30
305 27
306 30
307 31
308 30
309 29
310 30
311 30
312 32
313 31
314 30
315 28
316 29
317 29
318 25
319 28
320 29
321 31
322 28
323 27
324 31
325 25
326 29
327 30
328 29
329 27
330 25
331 26
332 25
333 29
334 27
335 29
336 29
337 32
338 28
339 32
340 31
341 27
342 28
343 29
344 33
345 30
346 29
347 30
348 25
349 28
350 29
351 29
352 29
353 31
354 31
355 26
356 30
357 28
358 32
359 30
360 32
361 29
362 27
363 28
364 30
365 29
366 29
367 32
368 32
369 25
370 30
371 32
372 30
373 26
374 28
375 28
376 28
377 31
378 28
379 30
380 30
381 30
382 32
383 27
384 32
385 32
386 28
387 29
388 29
389 28
390 29
391 31
392 28
393 30
394 31
395 32
396 26
397 27
398 26
399 29
400 30
401 25
402 27
403 27
404 30
405 30
406 28
407 30
408 32
409 28
410 33
411 31
412 29
413 32
414 29
415 30
416 31
417 24
418 29
419 30
420 32
421 30
422 33
423 25
424 32
425 28
426 31
427 29
428 31
429 26
430 29
431 28
432 30
433 26
434 30
435 30
436 27
437 30
438 28
439 28
440 26
441 30
442 30
443 31
444 31
445 32
446 29
447 30
448 28
449 30
450 31
451 30
452 30
453 28
454 26
455 25
456 31
457 31
458 26
459 31
460 29
461 29
462 29
463 30
464 28
465 29
466 31
467 32
468 30
469 29
470 29
471 32
472 30
473 28
474 23
475 28
476 28
477 27
478 27
479 28
480 27
481 27
482 31
483 29
484 29
485 30
486 31
487 29
488 28
489 30
490 30
491 26
492 31
493 27
494 28
495 27
496 26
497 30
498 28
499 31
500 27
501 30
502 23
503 28
504 28
505 30
506 30
507 30
508 31
509 27
510 26
511 29
512 29
513 27
514 27
515 28
516 32
517 29
518 31
519 26
520 32
521 25
522 29
523 29
524 27
525 29
526 26
527 30
528 24
529 30
530 29
531 29
532 28
533 26
534 29
535 26
536 31
537 27
538 28
539 30
540 27
541 30
542 29
543 31
544 31
545 27
546 28
547 27
548 30
549 27
550 28
551 28
552 30
553 29
554 29
555 29
556 28
557 30
558 31
559 29
560 26
561 30
562 31
563 28
564 28
565 29
566 30
567 29
568 30
569 29
570 28
571 31
572 29
573 29
574 33
575 31
576 29
577 24
578 24
579 27
580 29
581 28
582 33
583 30
584 31
585 28
586 30
587 30
588 27
589 28
590 30
591 26
592 29
593 28
594 25
595 29
596 29
597 30
598 26
599 29
600 31
601 29
602 29
603 32
604 27
605 31
606 31
607 30
608 28
609 28
610 30
611 29
612 30
613 27
614 32
615 28
616 28
617 30
618 28
619 29
620 31
621 29
622 30
623 31
624 30
625 27
626 29
627 28
628 24
629 29
630 29
631 29
632 27
633 28
634 31
635 26
636 28
637 32
638 29
639 31
640 27
641 30
642 32
643 25
644 29
645 31
646 28
647 30
648 28
649 30
650 26
651 32
652 31
653 29
654 27
655 25
656 27
657 30
658 28
659 29
660 28
661 24
662 28
663 29
664 25
665 29
666 31
667 31
668 30
669 27
670 32
671 25
672 31
673 27
674 24
675 27
676 30
677 28
678 30
679 30
680 27
681 28
682 28
683 26
684 29
685 31
686 33
687 31
688 30
689 30
690 27
691 29
692 29
693 29
694 29
695 29
696 29
697 27
698 29
699 25
700 28
701 32
702 30
703 29
704 26
705 31
706 27
707 32
708 31
709 28
710 30
711 31
712 32
713 28
714 27
715 27
716 30
717 31
718 28
719 29
720 29
721 28
722 27
723 30
724 29
725 27
726 32
727 27
728 28
729 28
730 30
731 27
732 28
733 30
734 30
735 27
736 31
737 27
738 26
739 29
740 26
741 29
742 29
743 32
744 31
745 30
746 31
747 24
748 31
749 30
750 26
751 30
752 31
753 29
754 30
755 24
756 28
757 30
758 30
759 29
760 29
761 30
762 27
763 31
764 28
765 25
766 31
767 31
768 27
769 27
770 30
771 32
772 27
773 31
774 29
775 29
776 31
777 28
778 28
779 28
780 29
781 28
782 29
783 25
784 31
785 29
786 32
787 30
788 27
789 29
790 31
791 29
792 30
793 30
794 31
795 31
796 29
797 29
798 28
799 32
800 29
801 31
802 30
803 31
804 26
805 27
806 29
807 30
808 25
809 26
810 30
811 26
812 26
813 23
814 31
815 30
816 29
817 28
818 30
819 32
820 32
821 29
822 28
823 27
824 28
825 29
826 29
827 27
828 30
829 28
830 26
831 29
832 31
833 24
834 31
835 31
836 30
837 29
838 30
839 27
840 27
841 30
842 31
843 31
844 30
845 31
846 29
847 30
848 26
849 27
850 27
851 28
852 30
853 30
854 28
855 27
856 30
857 31
858 29
859 32
860 31
861 29
862 29
863 28
864 32
865 28
866 31
867 31
868 31
869 30
870 26
871 29
872 28
873 30
874 30
875 27
876 27
877 32
878 24
879 27
880 30
881 27
882 28
883 28
884 28
885 28
886 27
887 28
888 29
889 30
890 30
891 28
892 32
893 31
894 28
895 29
896 27
897 30
898 28
899 23
900 27
901 29
902 29
903 27
904 28
905 28
906 26
907 28
908 26
909 25
910 27
911 28
912 28
913 27
914 28
915 33
916 28
917 29
918 28
919 26
920 27
921 28
922 28
923 30
924 29
925 28
926 28
927 30
928 28
929 30
930 29
931 32
932 29
933 31
934 29
935 28
936 28
937 27
938 29
939 27
940 28
941 27
942 31
943 32
944 28
945 32
946 30
947 31
948 30
949 33
950 34
951 27
952 26
953 31
954 27
955 29
956 31
957 32
958 31
959 27
960 23
961 28
962 28
963 31
964 31
965 29
966 26
967 27
968 26
969 33
970 27
971 28
972 29
973 30
974 30
975 31
976 28
977 25
978 29
979 27
980 27
981 27
982 29
983 28
984 28
985 30
986 30
987 30
988 29
989 28
990 30
991 31
992 25
993 29
994 26
995 26
996 28
997 32
998 30
999 32
1000 29
