0 60
1 49
2 40
3 37
4 38
5 40
6 38
7 38
8 36
9 35
10 35
11 33
12 37
13 36
14 38
15 36
16 39
17 38
18 33
19 36
20 38
21 38
22 37
23 36
24 32
25 34
26 35
27 33
28 36
29 38
30 39
31 40
32 40
33 40
34 35
35 35
36 33
37 35
38 38
39 38
40 37
41 35
42 36
43 39
44 39
45 39
46 38
47 36
48 36
49 34
50 36
51 39
52 40
53 37
54 37
55 41
56 41
57 41
58 39
59 36
60 37
61 37
62 35
63 35
64 33
65 33
66 35
67 36
68 38
69 39
70 37
71 40
72 39
73 41
74 41
75 37
76 37
77 38
78 32
79 35
80 38
81 36
82 36
83 37
84 35
85 35
86 35
87 35
88 38
89 39
90 37
91 37
92 38
93 34
94 35
95 38
96 40
97 36
98 34
99 33
100 34
101 37
102 37
103 36
104 37
105 40
106 38
107 41
108 39
109 38
110 38
111 36
112 37
113 38
114 40
115 40
116 39
117 37
118 38
119 37
120 37
121 34
122 33
123 35
124 37
125 40
126 38
127 37
128 34
129 34
130 34
131 38
132 39
133 38
134 37
135 32
136 35
137 38
138 36
139 34
140 34
141 34
142 36
143 35
144 37
145 37
146 39
147 34
148 36
149 36
150 37
151 37
152 36
153 36
154 36
155 36
156 37
157 40
158 40
159 39
160 39
161 39
162 40
163 39
164 36
165 36
166 35
167 33
168 32
169 36
170 33
171 37
172 39
173 37
174 40
175 38
176 38
177 35
178 32
179 33
180 36
181 33
182 34
183 33
184 35
185 36
186 37
187 36
188 32
189 34
190 36
191 35
192 37
193 41
194 37
195 38
196 38
197 37
198 38
199 38
200 40
201 38
202 37
203 39
204 39
205 41
206 39
207 38
208 38
209 39
210 39
211 38
212 37
213 38
214 38
215 37
216 34
217 36
218 37
219 38
220 34
221 33
222 37
223 37
224 38
225 35
226 36
227 37
228 39
229 41
230 40
231 35
232 32
233 34
234 31
235 32
236 31
237 32
238 35
239 36
240 39
241 38
242 40
243 36
244 36
245 34
246 34
247 35
248 35
249 36
250 34
251 38
252 38
253 35
254 38
255 37
256 39
257 36
258 36
259 36
260 33
261 33
262 34
263 34
264 35
265 36
266 33
267 38
268 36
269 35
270 34
271 33
272 34
273 37
274 38
275 39
276 41
277 40
278 38
279 35
280 36
281 33
282 34
283 33
284 36
285 35
286 36
287 36
288 36
289 34
290 34
291 38
292 38
293 36
294 36
295 38
296 36
297 35
298 36
299 34
300 35
301 37
302 37
303 34
304 38
305 36
306 37
307 38
308 37
309 35
310 35
311 31
312 35
313 33
314 35
315 34
316 31
317 33
318 34
319 34
320 37
321 35
322 36
323 36
324 35
325 38
326 39
327 37
328 37
329 36
330 38
331 36
332 37
333 37
334 40
335 39
336 38
337 39
338 40
339 33
340 36
341 39
342 36
343 33
344 35
345 34
346 34
347 36
348 39
349 39
350 39
351 37
352 36
353 37
354 38
355 39
356 37
357 36
358 37
359 34
360 38
361 38
362 40
363 41
364 39
365 39
366 39
367 36
368 34
369 33
370 35
371 37
372 35
373 37
374 34
375 35
376 35
377 37
378 37
379 39
380 36
381 38
382 40
383 39
384 36
385 35
386 35
387 36
388 37
389 37
390 33
391 32
392 33
393 38
394 39
395 38
396 35
397 37
398 39
399 40
400 37
401 33
402 36
403 40
404 35
405 37
406 38
407 36
408 36
409 37
410 35
411 36
412 37
413 34
414 35
415 38
416 37
417 37
418 36
419 37
420 36
421 35
422 34
423 32
424 25
425 31
426 33
427 38
428 35
429 36
430 36
431 34
432 36
433 37
434 35
435 35
436 31
437 34
438 32
439 36
440 35
441 35
442 37
443 38
444 37
445 37
446 37
447 35
448 38
449 39
450 36
451 36
452 37
453 38
454 36
455 36
456 39
457 39
458 41
459 36
460 39
461 34
462 34
463 36
464 37
465 38
466 37
467 35
468 33
469 32
470 34
471 32
472 37
473 36
474 37
475 39
476 38
477 39
478 37
479 37
480 37
481 37
482 37
483 38
484 39
485 37
486 36
487 36
488 34
489 36
490 33
491 35
492 35
493 35
494 32
495 36
496 39
497 39
498 38
499 38
500 38
501 39
502 40
503 40
504 41
505 39
506 38
507 38
508 36
509 32
510 38
511 35
512 31
513 35
514 35
515 36
516 37
517 38
518 38
519 38
520 38
521 39
522 40
523 38
524 38
525 36
526 36
527 37
528 34
529 38
530 37
531 41
532 39
533 37
534 40
535 36
536 32
537 36
538 35
539 35
540 34
541 36
542 36
543 34
544 32
545 32
546 32
547 33
548 37
549 36
550 38
551 39
552 36
553 36
554 34
555 38
556 38
557 39
558 36
559 35
560 35
561 37
562 38
563 39
564 38
565 37
566 36
567 39
568 39
569 37
570 36
571 38
572 37
573 35
574 36
575 34
576 40
577 38
578 39
579 37
580 40
581 40
582 36
583 37
584 38
585 40
586 39
587 42
588 41
589 38
590 37
591 36
592 38
593 37
594 38
595 38
596 35
597 37
598 36
599 32
600 33
601 30
602 32
603 35
604 35
605 34
606 33
607 33
608 35
609 37
610 40
611 36
612 40
613 40
614 39
615 36
616 38
617 36
618 32
619 34
620 33
621 32
622 35
623 37
624 33
625 34
626 38
627 36
628 36
629 34
630 38
631 36
632 36
633 32
634 30
635 35
636 38
637 37
638 39
639 40
640 37
641 39
642 38
643 39
644 38
645 37
646 38
647 37
648 33
649 35
650 34
651 33
652 35
653 30
654 33
655 35
656 33
657 35
658 35
659 37
660 38
661 36
662 34
663 35
664 36
665 37
666 37
667 38
668 37
669 37
670 32
671 33
672 36
673 35
674 36
675 35
676 38
677 40
678 36
679 32
680 33
681 36
682 38
683 39
684 36
685 34
686 34
687 37
688 39
689 36
690 38
691 31
692 34
693 34
694 37
695 38
696 39
697 42
698 42
699 40
700 39
701 38
702 33
703 35
704 38
705 35
706 37
707 40
708 38
709 36
710 37
711 38
712 36
713 35
714 36
715 36
716 36
717 36
718 39
719 40
720 37
721 35
722 34
723 36
724 36
725 37
726 36
727 38
728 39
729 39
730 37
731 39
732 39
733 37
734 36
735 39
736 37
737 37
738 39
739 36
740 37
741 38
742 38
743 35
744 37
745 37
746 39
747 39
748 39
749 37
750 33
751 30
752 35
753 38
754 39
755 38
756 38
757 40
758 36
759 37
760 36
761 37
762 34
763 33
764 35
765 36
766 38
767 40
768 41
769 39
770 37
771 36
772 36
773 40
774 39
775 39
776 40
777 37
778 38
779 36
780 36
781 36
782 39
783 39
784 37
785 38
786 34
787 36
788 37
789 36
790 38
791 35
792 33
793 36
794 39
795 35
796 36
797 37
798 37
799 38
800 34
801 33
802 35
803 36
804 37
805 36
806 40
807 37
808 35
809 34
810 35
811 36
812 35
813 37
814 34
815 36
816 35
817 35
818 37
819 40
820 39
821 38
822 33
823 35
824 38
825 38
826 36
827 38
828 37
829 35
830 36
831 38
832 39
833 41
834 41
835 38
836 36
837 39
838 39
839 36
840 34
841 33
842 34
843 34
844 38
845 37
846 37
847 37
848 35
849 35
850 36
851 37
852 34
853 36
854 36
855 39
856 38
857 39
858 38
859 38
860 35
861 32
862 36
863 35
864 35
865 35
866 28
867 34
868 37
869 36
870 36
871 39
872 36
873 36
874 34
875 34
876 38
877 35
878 37
879 35
880 36
881 37
882 37
883 37
884 36
885 36
886 38
887 36
888 37
889 33
890 35
891 36
892 36
893 36
894 38
895 36
896 35
897 36
898 37
899 35
900 37
901 37
902 37
903 42
904 40
905 39
906 40
907 37
908 35
909 34
910 33
911 33
912 34
913 37
914 38
915 38
916 39
917 39
918 36
919 34
920 33
921 39
922 38
923 40
924 37
925 35
926 34
927 37
928 36
929 36
930 36
931 37
932 39
933 39
934 36
935 37
936 37
937 38
938 37
939 39
940 35
941 37
942 36
943 36
944 38
945 37
946 38
947 39
948 36
949 37
950 35
951 35
952 37
953 35
954 35
955 37
956 38
957 39
958 37
959 39
960 40
961 38
962 40
963 36
964 35
965 36
966 37
967 34
968 37
969 38
970 36
971 36
972 33
973 32
974 31
975 34
976 36
977 38
978 41
979 39
980 39
981 40
982 39
983 36
984 38
985 38
986 41
987 39
988 41
989 39
990 40
991 40
992 38
993 35
994 37
995 36
996 36
997 37
998 38
999 38
1000 36
