0 70
1 64
2 56
3 58
4 58
5 59
6 58
7 53
8 52
9 49
10 50
11 48
12 47
13 47
14 46
15 48
16 48
17 48
18 48
19 48
20 48
21 49
22 48
23 49
24 50
25 53
26 52
27 51
28 50
29 50
30 47
31 52
32 54
33 50
34 49
35 47
36 48
37 50
38 52
39 49
40 52
41 50
42 50
43 47
44 44
45 44
46 41
47 40
48 43
49 45
50 47
51 49
52 50
53 49
54 51
55 45
56 43
57 44
58 46
59 48
60 47
61 51
62 51
63 52
64 51
65 50
66 45
67 49
68 51
69 52
70 52
71 49
72 47
73 49
74 50
75 49
76 51
77 49
78 47
79 47
80 46
81 49
82 49
83 46
84 43
85 45
86 44
87 46
88 44
89 44
90 46
91 48
92 45
93 50
94 49
95 47
96 46
97 46
98 45
99 43
100 47
101 45
102 41
103 43
104 45
105 48
106 48
107 47
108 47
109 48
110 49
111 49
112 49
113 48
114 50
115 49
116 49
117 46
118 42
119 43
120 45
121 47
122 47
123 52
124 52
125 52
126 52
127 54
128 51
129 49
130 48
131 47
132 49
133 42
134 43
135 46
136 47
137 51
138 50
139 51
140 50
141 52
142 53
143 55
144 56
145 54
146 48
147 50
148 48
149 48
150 49
151 50
152 44
153 44
154 43
155 42
156 42
157 44
158 40
159 41
160 44
161 44
162 45
163 45
164 45
165 49
166 47
167 47
168 48
169 43
170 44
171 47
172 51
173 53
174 53
175 49
176 51
177 50
178 52
179 49
180 50
181 53
182 51
183 47
184 47
185 45
186 46
187 41
188 48
189 49
190 50
191 50
192 45
193 46
194 46
195 49
196 52
197 52
198 48
199 49
200 51
201 54
202 52
203 51
204 50
205 50
206 47
207 44
208 45
209 47
210 50
211 52
212 49
213 49
214 48
215 48
216 47
217 46
218 44
219 44
220 47
221 47
222 48
223 50
224 52
225 53
226 51
227 54
228 53
229 53
230 53
231 50
232 49
233 49
234 49
235 48
236 49
237 45
238 47
239 48
240 50
241 51
242 52
243 53
244 48
245 51
246 49
247 49
248 48
249 47
250 47
251 50
252 48
253 46
254 46
255 46
256 51
257 48
258 46
259 48
260 49
261 53
262 53
263 51
264 47
265 50
266 52
267 51
268 52
269 50
270 50
271 48
272 45
273 43
274 43
275 48
276 48
277 50
278 51
279 51
280 52
281 51
282 49
283 47
284 48
285 45
286 45
287 43
288 46
289 50
290 48
291 50
292 51
293 48
294 45
295 46
296 44
297 48
298 50
299 51
300 48
301 49
302 49
303 48
304 49
305 48
306 48
307 49
308 48
309 50
310 47
311 48
312 51
313 48
314 48
315 50
316 46
317 51
318 51
319 50
320 52
321 54
322 51
323 51
324 48
325 47
326 43
327 45
328 46
329 46
330 46
331 45
332 45
333 45
334 46
335 43
336 46
337 45
338 45
339 46
340 48
341 46
342 47
343 46
344 45
345 44
346 44
347 40
348 42
349 42
350 43
351 44
352 49
353 49
354 49
355 45
356 46
357 48
358 48
359 50
360 51
361 49
362 49
363 48
364 48
365 51
366 48
367 47
368 47
369 48
370 50
371 50
372 51
373 47
374 44
375 41
376 42
377 47
378 50
379 49
380 47
381 46
382 45
383 47
384 49
385 45
386 47
387 45
388 46
389 47
390 50
391 51
392 47
393 45
394 46
395 50
396 50
397 48
398 47
399 49
400 48
401 50
402 48
403 46
404 47
405 45
406 46
407 47
408 46
409 45
410 43
411 46
412 43
413 45
414 45
415 45
416 45
417 48
418 48
419 47
420 47
421 48
422 46
423 47
424 49
425 48
426 52
427 49
428 49
429 48
430 48
431 50
432 50
433 46
434 45
435 47
436 44
437 43
438 45
439 44
440 47
441 47
442 48
443 46
444 47
445 48
446 45
447 49
448 48
449 45
450 51
451 53
452 52
453 48
454 45
455 44
456 42
457 40
458 43
459 46
460 47
461 45
462 46
463 47
464 49
465 47
466 46
467 44
468 45
469 48
470 50
471 47
472 46
473 48
474 45
475 47
476 48
477 48
478 45
479 49
480 51
481 51
482 51
483 50
484 50
485 47
486 45
487 46
488 48
489 46
490 48
491 44
492 42
493 45
494 43
495 46
496 42
497 41
498 42
499 47
500 48
501 46
502 45
503 43
504 44
505 47
506 49
507 50
508 49
509 43
510 45
511 42
512 41
513 40
514 39
515 43
516 41
517 40
518 48
519 49
520 53
521 51
522 46
523 49
524 49
525 49
526 45
527 45
528 45
529 45
530 42
531 41
532 45
533 43
534 46
535 43
536 43
537 43
538 43
539 44
540 40
541 40
542 39
543 41
544 44
545 43
546 46
547 44
548 41
549 44
550 49
551 46
552 45
553 45
554 47
555 50
556 47
557 48
558 47
559 46
560 47
561 51
562 55
563 53
564 49
565 49
566 48
567 49
568 51
569 46
570 47
571 47
572 46
573 39
574 42
575 45
576 47
577 48
578 47
579 51
580 52
581 52
582 51
583 48
584 49
585 46
586 45
587 48
588 48
589 45
590 47
591 49
592 49
593 50
594 47
595 48
596 46
597 50
598 48
599 49
600 45
601 45
602 45
603 43
604 45
605 48
606 50
607 52
608 52
609 48
610 48
611 47
612 46
613 45
614 44
615 41
616 42
617 42
618 44
619 48
620 51
621 50
622 47
623 47
624 49
625 44
626 44
627 46
628 50
629 48
630 51
631 49
632 48
633 44
634 44
635 45
636 46
637 46
638 44
639 45
640 46
641 48
642 47
643 50
644 51
645 50
646 46
647 47
648 43
649 45
650 47
651 46
652 48
653 49
654 50
655 49
656 45
657 46
658 51
659 52
660 51
661 50
662 47
663 46
664 49
665 48
666 46
667 45
668 45
669 45
670 43
671 41
672 42
673 41
674 41
675 42
676 38
677 40
678 43
679 41
680 39
681 40
682 43
683 45
684 46
685 50
686 51
687 52
688 53
689 54
690 52
691 51
692 47
693 47
694 49
695 45
696 48
697 44
698 47
699 45
700 46
701 46
702 48
703 48
704 46
705 49
706 48
707 48
708 47
709 48
710 48
711 45
712 43
713 42
714 44
715 46
716 48
717 41
718 44
719 47
720 47
721 48
722 46
723 44
724 47
725 51
726 49
727 46
728 45
729 44
730 43
731 46
732 48
733 46
734 47
735 47
736 45
737 47
738 49
739 50
740 47
741 52
742 49
743 47
744 48
745 50
746 50
747 50
748 45
749 48
750 46
751 49
752 51
753 50
754 51
755 48
756 48
757 47
758 52
759 48
760 48
761 49
762 51
763 54
764 54
765 51
766 50
767 48
768 44
769 48
770 48
771 48
772 50
773 48
774 48
775 48
776 47
777 45
778 47
779 46
780 46
781 44
782 48
783 46
784 50
785 49
786 48
787 44
788 47
789 48
790 45
791 47
792 46
793 48
794 47
795 46
796 47
797 46
798 45
799 42
800 45
801 50
802 50
803 50
804 50
805 46
806 46
807 45
808 47
809 47
810 49
811 47
812 52
813 49
814 51
815 51
816 48
817 44
818 49
819 49
820 49
821 49
822 49
823 46
824 46
825 45
826 42
827 49
828 49
829 48
830 47
831 47
832 49
833 45
834 43
835 39
836 40
837 43
838 45
839 46
840 46
841 48
842 48
843 44
844 43
845 42
846 42
847 43
848 44
849 46
850 47
851 48
852 45
853 46
854 48
855 49
856 51
857 51
858 47
859 46
860 46
861 46
862 44
863 44
864 45
865 47
866 45
867 47
868 45
869 45
870 48
871 50
872 48
873 48
874 45
875 43
876 50
877 49
878 43
879 45
880 48
881 49
882 45
883 42
884 42
885 45
886 40
887 43
888 43
889 44
890 44
891 48
892 48
893 47
894 43
895 48
896 46
897 47
898 47
899 50
900 50
901 50
902 50
903 49
904 50
905 48
906 49
907 48
908 49
909 49
910 51
911 46
912 47
913 45
914 49
915 49
916 50
917 52
918 51
919 50
920 51
921 48
922 49
923 52
924 49
925 48
926 48
927 46
928 46
929 47
930 51
931 50
932 48
933 46
934 43
935 46
936 48
937 48
938 51
939 43
940 44
941 41
942 42
943 42
944 39
945 43
946 45
947 43
948 44
949 46
950 44
951 47
952 43
953 43
954 46
955 47
956 50
957 50
958 49
959 47
960 46
961 48
962 45
963 46
964 50
965 50
966 55
967 57
968 54
969 52
970 49
971 47
972 48
973 51
974 46
975 50
976 49
977 47
978 51
979 47
980 47
981 45
982 48
983 47
984 47
985 45
986 46
987 45
988 46
989 48
990 46
991 46
992 46
993 45
994 44
995 45
996 45
997 46
998 50
999 46
1000 48
