0 100
1 84
2 76
3 70
4 68
5 67
6 69
7 65
8 64
9 65
10 60
11 62
12 59
13 64
14 64
15 61
16 61
17 64
18 62
19 60
20 61
21 60
22 60
23 59
24 57
25 55
26 59
27 61
28 62
29 63
30 64
31 64
32 62
33 62
34 60
35 60
36 61
37 63
38 62
39 58
40 59
41 58
42 63
43 58
44 61
45 61
46 58
47 61
48 63
49 64
50 63
51 64
52 65
53 65
54 62
55 60
56 62
57 61
58 64
59 65
60 66
61 62
62 59
63 62
64 62
65 63
66 64
67 61
68 60
69 59
70 62
71 62
72 64
73 60
74 62
75 63
76 62
77 65
78 66
79 63
80 65
81 69
82 66
83 63
84 61
85 58
86 62
87 60
88 60
89 63
90 63
91 67
92 69
93 66
94 64
95 64
96 66
97 62
98 63
99 64
100 62
101 63
102 60
103 63
104 64
105 64
106 62
107 63
108 66
109 66
110 64
111 64
112 64
113 61
114 63
115 66
116 67
117 61
118 62
119 61
120 60
121 60
122 59
123 61
124 60
125 66
126 63
127 64
128 64
129 62
130 65
131 64
132 62
133 63
134 62
135 63
136 60
137 61
138 63
139 65
140 66
141 62
142 62
143 63
144 64
145 61
146 61
147 60
148 59
149 57
150 62
151 63
152 67
153 67
154 62
155 62
156 63
157 65
158 60
159 62
160 64
161 63
162 61
163 60
164 61
165 63
166 58
167 56
168 55
169 55
170 61
171 62
172 59
173 60
174 62
175 67
176 66
177 67
178 62
179 59
180 62
181 62
182 63
183 63
184 65
185 63
186 63
187 57
188 61
189 60
190 62
191 59
192 60
193 61
194 61
195 63
196 61
197 60
198 59
199 62
200 58
201 58
202 59
203 58
204 59
205 58
206 60
207 55
208 59
209 59
210 61
211 60
212 66
213 67
214 62
215 61
216 62
217 59
218 59
219 62
220 63
221 59
222 56
223 54
224 57
225 61
226 59
227 58
228 58
229 58
230 59
231 62
232 62
233 64
234 58
235 59
236 61
237 64
238 64
239 64
240 60
241 61
242 62
243 57
244 60
245 62
246 63
247 63
248 60
249 63
250 65
251 62
252 58
253 59
254 59
255 66
256 64
257 65
258 67
259 61
260 61
261 57
262 62
263 64
264 66
265 67
266 64
267 64
268 65
269 66
270 66
271 69
272 64
273 64
274 62
275 62
276 58
277 57
278 54
279 56
280 61
281 58
282 60
283 56
284 56
285 61
286 62
287 63
288 65
289 62
290 62
291 64
292 67
293 66
294 62
295 61
296 62
297 59
298 60
299 60
300 64
301 63
302 64
303 60
304 60
305 62
306 64
307 65
308 64
309 64
310 67
311 66
312 60
313 59
314 58
315 63
316 61
317 58
318 64
319 64
320 66
321 64
322 65
323 64
324 66
325 62
326 64
327 60
328 61
329 64
330 62
331 62
332 62
333 62
334 60
335 63
336 61
337 61
338 63
339 60
340 53
341 59
342 60
343 59
344 59
345 63
346 63
347 61
348 61
349 60
350 58
351 60
352 58
353 61
354 61
355 63
356 64
357 65
358 61
359 61
360 63
361 60
362 58
363 56
364 58
365 57
366 61
367 61
368 62
369 61
370 63
371 65
372 60
373 60
374 60
375 62
376 64
377 62
378 63
379 64
380 62
381 60
382 60
383 60
384 61
385 61
386 59
387 60
388 61
389 61
390 64
391 61
392 58
393 63
394 64
395 64
396 63
397 61
398 63
399 65
400 63
401 64
402 64
403 64
404 62
405 63
406 64
407 65
408 65
409 63
410 65
411 65
412 64
413 60
414 64
415 61
416 63
417 59
418 64
419 64
420 64
421 66
422 64
423 62
424 62
425 63
426 58
427 56
428 59
429 61
430 63
431 59
432 61
433 60
434 65
435 64
436 66
437 62
438 59
439 61
440 64
441 62
442 62
443 60
444 61
445 66
446 64
447 64
448 65
449 65
450 66
451 63
452 57
453 61
454 63
455 62
456 61
457 62
458 58
459 58
460 59
461 56
462 59
463 60
464 61
465 60
466 58
467 59
468 62
469 61
470 59
471 58
472 61
473 62
474 62
475 59
476 56
477 53
478 60
479 61
480 62
481 65
482 63
483 67
484 68
485 68
486 64
487 61
488 65
489 65
490 64
491 62
492 59
493 61
494 61
495 62
496 62
497 61
498 60
499 63
500 64
501 63
502 64
503 62
504 62
505 60
506 63
507 66
508 69
509 63
510 61
511 65
512 61
513 60
514 61
515 61
516 64
517 65
518 66
519 61
520 59
521 56
522 56
523 63
524 63
525 64
526 63
527 61
528 63
529 63
530 64
531 61
532 61
533 63
534 63
535 60
536 59
537 60
538 57
539 58
540 60
541 60
542 65
543 65
544 68
545 67
546 66
547 65
548 64
549 66
550 64
551 66
552 63
553 62
554 61
555 55
556 57
557 56
558 58
559 59
560 64
561 64
562 68
563 68
564 69
565 66
566 62
567 61
568 60
569 63
570 61
571 61
572 57
573 63
574 64
575 65
576 65
577 63
578 65
579 65
580 63
581 64
582 61
583 59
584 62
585 58
586 60
587 62
588 61
589 61
590 61
591 64
592 65
593 65
594 65
595 65
596 63
597 62
598 64
599 65
600 58
601 61
602 63
603 66
604 68
605 64
606 59
607 64
608 63
609 63
610 61
611 61
612 64
613 57
614 60
615 63
616 65
617 66
618 66
619 67
620 63
621 64
622 63
623 62
624 61
625 58
626 62
627 57
628 61
629 61
630 64
631 66
632 64
633 61
634 63
635 61
636 62
637 60
638 63
639 63
640 60
641 64
642 63
643 65
644 66
645 60
646 58
647 59
648 58
649 61
650 60
651 61
652 57
653 58
654 62
655 57
656 57
657 58
658 61
659 61
660 60
661 58
662 59
663 63
664 66
665 64
666 62
667 62
668 65
669 65
670 60
671 59
672 61
673 58
674 58
675 60
676 63
677 62
678 61
679 60
680 59
681 60
682 62
683 61
684 62
685 60
686 64
687 63
688 64
689 61
690 63
691 65
692 65
693 66
694 61
695 60
696 64
697 64
698 65
699 64
700 60
701 52
702 58
703 59
704 60
705 62
706 61
707 62
708 63
709 68
710 65
711 65
712 63
713 64
714 65
715 66
716 63
717 65
718 63
719 64
720 65
721 63
722 63
723 61
724 64
725 62
726 55
727 55
728 58
729 60
730 62
731 60
732 59
733 59
734 62
735 63
736 63
737 62
738 63
739 61
740 61
741 59
742 57
743 61
744 60
745 61
746 61
747 64
748 63
749 60
750 62
751 63
752 65
753 65
754 65
755 65
756 67
757 65
758 64
759 63
760 66
761 69
762 70
763 70
764 66
765 66
766 66
767 68
768 65
769 62
770 62
771 62
772 65
773 62
774 62
775 63
776 63
777 57
778 58
779 56
780 62
781 61
782 57
783 60
784 60
785 58
786 60
787 59
788 64
789 59
790 63
791 62
792 64
793 64
794 65
795 62
796 62
797 64
798 65
799 65
800 62
801 59
802 59
803 60
804 58
805 62
806 64
807 63
808 64
809 64
810 63
811 61
812 61
813 61
814 61
815 61
816 62
817 66
818 64
819 62
820 63
821 58
822 54
823 57
824 58
825 56
826 58
827 61
828 59
829 64
830 60
831 59
832 60
833 61
834 60
835 63
836 61
837 61
838 64
839 63
840 58
841 57
842 59
843 60
844 63
845 62
846 65
847 66
848 60
849 64
850 65
851 65
852 62
853 59
854 64
855 66
856 62
857 57
858 58
859 60
860 62
861 61
862 59
863 59
864 59
865 61
866 60
867 61
868 63
869 64
870 62
871 65
872 66
873 66
874 64
875 66
876 62
877 63
878 65
879 62
880 57
881 56
882 57
883 56
884 57
885 57
886 59
887 60
888 59
889 58
890 60
891 59
892 59
893 60
894 66
895 63
896 64
897 62
898 62
899 61
900 64
901 60
902 59
903 54
904 54
905 59
906 61
907 59
908 63
909 63
910 64
911 67
912 64
913 62
914 59
915 64
916 63
917 65
918 66
919 68
920 67
921 67
922 69
923 67
924 69
925 66
926 65
927 62
928 58
929 56
930 58
931 57
932 60
933 61
934 62
935 62
936 58
937 62
938 62
939 64
940 65
941 59
942 60
943 57
944 63
945 64
946 64
947 61
948 63
949 61
950 60
951 61
952 61
953 60
954 60
955 60
956 63
957 63
958 64
959 64
960 60
961 62
962 62
963 59
964 58
965 61
966 66
967 63
968 63
969 64
970 64
971 63
972 57
973 53
974 58
975 57
976 60
977 61
978 59
979 60
980 60
981 60
982 57
983 64
984 67
985 65
986 64
987 62
988 63
989 62
990 58
991 61
992 64
993 61
994 63
995 64
996 60
997 62
998 61
999 62
1000 59
