0 10
1 9
2 9
3 7
4 6
5 6
6 5
7 3
8 3
9 3
10 3
11 3
12 3
13 4
14 4
15 3
16 3
17 4
18 4
19 5
20 5
21 4
22 4
23 4
24 4
25 4
26 3
27 3
28 3
29 5
30 5
31 5
32 6
33 6
34 5
35 5
36 5
37 4
38 3
39 3
40 3
41 3
42 3
43 4
44 4
45 4
46 3
47 3
48 3
49 5
50 4
51 4
52 4
53 4
54 4
55 4
56 5
57 5
58 3
59 2
60 4
61 4
62 3
63 3
64 2
65 1
66 0
67 0
68 1
69 2
70 1
71 2
72 2
73 3
74 2
75 2
76 2
77 3
78 2
79 2
80 2
81 2
82 3
83 4
84 3
85 3
86 3
87 4
88 4
89 4
90 5
91 5
92 5
93 5
94 3
95 5
96 4
97 6
98 6
99 5
100 4
101 4
102 3
103 3
104 3
105 3
106 4
107 5
108 4
109 4
110 4
111 4
112 4
113 4
114 4
115 4
116 5
117 5
118 3
119 3
120 4
121 3
122 3
123 3
124 4
125 3
126 3
127 1
128 2
129 3
130 2
131 3
132 3
133 3
134 3
135 3
136 4
137 3
138 4
139 3
140 3
141 3
142 4
143 5
144 4
145 4
146 4
147 4
148 3
149 3
150 3
151 2
152 2
153 2
154 3
155 2
156 2
157 4
158 4
159 5
160 4
161 3
162 3
163 4
164 4
165 3
166 3
167 4
168 4
169 5
170 5
171 4
172 5
173 4
174 5
175 4
176 4
177 4
178 3
179 3
180 4
181 3
182 4
183 4
184 4
185 4
186 4
187 4
188 3
189 4
190 3
191 3
192 3
193 3
194 4
195 6
196 5
197 4
198 4
199 4
200 3
201 3
202 3
203 3
204 3
205 3
206 2
207 2
208 2
209 3
210 3
211 3
212 3
213 2
214 2
215 3
216 4
217 4
218 5
219 4
220 2
221 3
222 4
223 4
224 4
225 4
226 3
227 3
228 3
229 3
230 3
231 3
232 3
233 2
234 3
235 4
236 4
237 4
238 4
239 5
240 3
241 4
242 4
243 4
244 5
245 5
246 5
247 5
248 5
249 3
250 3
251 3
252 3
253 4
254 3
255 4
256 5
257 4
258 4
259 3
260 2
261 2
262 2
263 3
264 3
265 3
266 3
267 3
268 3
269 3
270 4
271 5
272 3
273 3
274 4
275 4
276 4
277 5
278 4
279 4
280 5
281 5
282 5
283 3
284 3
285 4
286 4
287 3
288 3
289 2
290 2
291 3
292 4
293 4
294 4
295 4
296 5
297 5
298 5
299 4
300 4
301 4
302 4
303 4
304 4
305 4
306 5
307 5
308 4
309 4
310 4
311 4
312 4
313 4
314 4
315 4
316 4
317 4
318 2
319 2
320 2
321 2
322 2
323 2
324 2
325 3
326 4
327 4
328 2
329 3
330 3
331 3
332 3
333 5
334 3
335 4
336 4
337 3
338 4
339 4
340 2
341 2
342 1
343 3
344 2
345 3
346 4
347 4
348 4
349 5
350 4
351 4
352 4
353 5
354 5
355 4
356 4
357 5
358 5
359 5
360 4
361 4
362 3
363 2
364 1
365 1
366 2
367 3
368 4
369 4
370 4
371 3
372 3
373 3
374 2
375 3
376 3
377 3
378 3
379 3
380 2
381 2
382 3
383 3
384 3
385 4
386 5
387 5
388 5
389 5
390 4
391 4
392 4
393 5
394 3
395 2
396 3
397 3
398 3
399 3
400 3
401 3
402 3
403 4
404 4
405 3
406 4
407 4
408 4
409 4
410 4
411 4
412 5
413 3
414 3
415 3
416 3
417 4
418 5
419 4
420 4
421 4
422 4
423 3
424 2
425 3
426 3
427 3
428 3
429 4
430 3
431 3
432 2
433 2
434 2
435 2
436 2
437 2
438 3
439 3
440 3
441 3
442 3
443 2
444 3
445 3
446 2
447 2
448 2
449 3
450 3
451 5
452 5
453 4
454 4
455 4
456 3
457 2
458 2
459 3
460 3
461 3
462 3
463 3
464 4
465 4
466 4
467 4
468 4
469 4
470 4
471 4
472 5
473 6
474 5
475 6
476 4
477 4
478 5
479 5
480 5
481 5
482 6
483 6
484 5
485 5
486 4
487 4
488 4
489 4
490 4
491 3
492 3
493 2
494 3
495 3
496 3
497 4
498 3
499 4
500 4
501 4
502 4
503 4
504 4
505 3
506 4
507 4
508 4
509 3
510 3
511 4
512 4
513 4
514 4
515 4
516 4
517 5
518 6
519 6
520 6
521 4
522 4
523 3
524 3
525 3
526 3
527 4
528 3
529 3
530 4
531 4
532 4
533 4
534 3
535 3
536 2
537 2
538 3
539 2
540 1
541 2
542 2
543 3
544 3
545 4
546 4
547 4
548 5
549 5
550 4
551 4
552 4
553 4
554 4
555 4
556 4
557 2
558 3
559 4
560 3
561 4
562 4
563 4
564 5
565 5
566 5
567 4
568 5
569 6
570 5
571 5
572 4
573 3
574 4
575 4
576 3
577 3
578 2
579 3
580 4
581 4
582 4
583 3
584 3
585 3
586 2
587 2
588 1
589 2
590 3
591 3
592 3
593 3
594 2
595 3
596 2
597 2
598 3
599 3
600 3
601 4
602 3
603 3
604 4
605 5
606 4
607 3
608 3
609 4
610 4
611 3
612 4
613 4
614 3
615 4
616 2
617 2
618 3
619 4
620 4
621 2
622 2
623 2
624 2
625 3
626 3
627 3
628 3
629 4
630 2
631 3
632 4
633 4
634 4
635 2
636 2
637 3
638 4
639 3
640 2
641 3
642 3
643 2
644 3
645 3
646 4
647 3
648 2
649 3
650 4
651 3
652 3
653 2
654 2
655 3
656 2
657 3
658 3
659 3
660 3
661 3
662 4
663 4
664 4
665 4
666 3
667 4
668 3
669 3
670 4
671 4
672 5
673 4
674 4
675 4
676 5
677 6
678 6
679 5
680 4
681 4
682 5
683 5
684 6
685 5
686 5
687 4
688 4
689 3
690 3
691 4
692 5
693 4
694 5
695 5
696 5
697 4
698 6
699 4
700 5
701 4
702 4
703 3
704 3
705 3
706 4
707 4
708 3
709 3
710 3
711 4
712 4
713 4
714 4
715 4
716 3
717 3
718 3
719 4
720 4
721 4
722 4
723 4
724 5
725 4
726 4
727 4
728 3
729 4
730 4
731 5
732 3
733 4
734 4
735 3
736 3
737 4
738 3
739 3
740 4
741 4
742 3
743 3
744 2
745 2
746 2
747 3
748 3
749 3
750 3
751 3
752 4
753 4
754 5
755 4
756 4
757 4
758 3
759 5
760 4
761 3
762 3
763 4
764 3
765 3
766 2
767 4
768 4
769 4
770 3
771 3
772 2
773 3
774 3
775 1
776 1
777 2
778 3
779 4
780 4
781 4
782 5
783 4
784 3
785 3
786 3
787 3
788 3
789 3
790 3
791 3
792 3
793 2
794 2
795 2
796 4
797 4
798 4
799 4
800 4
801 3
802 2
803 2
804 3
805 2
806 3
807 4
808 4
809 5
810 4
811 4
812 4
813 3
814 4
815 5
816 4
817 5
818 3
819 2
820 2
821 2
822 2
823 2
824 4
825 2
826 2
827 2
828 3
829 2
830 1
831 2
832 2
833 2
834 3
835 4
836 4
837 4
838 3
839 4
840 3
841 3
842 3
843 2
844 2
845 1
846 1
847 3
848 3
849 3
850 4
851 3
852 4
853 4
854 3
855 2
856 3
857 4
858 4
859 3
860 2
861 3
862 3
863 4
864 4
865 5
866 4
867 5
868 4
869 3
870 3
871 3
872 2
873 2
874 2
875 2
876 2
877 1
878 2
879 1
880 1
881 2
882 3
883 3
884 4
885 3
886 3
887 2
888 2
889 2
890 3
891 3
892 2
893 3
894 2
895 0
896 0
897 2
898 2
899 2
900 1
901 2
902 3
903 3
904 3
905 3
906 3
907 3
908 4
909 4
910 3
911 3
912 2
913 3
914 3
915 3
916 2
917 2
918 3
919 3
920 4
921 4
922 3
923 2
924 3
925 4
926 4
927 5
928 4
929 4
930 3
931 4
932 4
933 5
934 5
935 5
936 3
937 3
938 3
939 3
940 4
941 2
942 3
943 2
944 3
945 3
946 4
947 3
948 3
949 3
950 4
951 4
952 4
953 5
954 4
955 4
956 4
957 4
958 4
959 3
960 3
961 3
962 3
963 2
964 2
965 2
966 2
967 2
968 1
969 2
970 2
971 2
972 2
973 2
974 3
975 3
976 2
977 3
978 4
979 5
980 5
981 6
982 6
983 5
984 4
985 5
986 5
987 5
988 5
989 3
990 3
991 3
992 3
993 4
994 4
995 5
996 4
997 4
998 4
999 3
1000 4
