0 100
1 80
2 76
3 64
4 73
5 72
6 68
7 70
8 69
9 67
10 67
11 79
12 68
13 80
14 73
15 78
16 71
17 69
18 75
19 79
20 71
21 71
22 74
23 70
24 71
25 68
26 77
27 72
28 76
29 75
30 68
31 77
32 72
33 76
34 72
35 72
36 73
37 69
38 75
39 70
40 80
41 71
42 68
43 73
44 72
45 74
46 79
47 77
48 76
49 74
50 80
51 71
52 70
53 70
54 72
55 72
56 75
57 75
58 76
59 74
60 74
61 76
62 76
63 69
64 77
65 76
66 77
67 65
68 68
69 72
70 72
71 72
72 80
73 59
74 73
75 74
76 74
77 75
78 69
79 72
80 70
81 75
82 62
83 75
84 71
85 69
86 76
87 73
88 74
89 76
90 69
91 63
92 78
93 71
94 74
95 69
96 69
97 70
98 70
99 78
100 71
101 71
102 71
103 72
104 67
105 74
106 70
107 76
108 73
109 77
110 65
111 76
112 68
113 71
114 77
115 69
116 78
117 73
118 79
119 74
120 79
121 72
122 71
123 73
124 76
125 73
126 72
127 72
128 63
129 70
130 81
131 74
132 76
133 70
134 76
135 73
136 72
137 77
138 72
139 78
140 81
141 68
142 68
143 75
144 74
145 76
146 71
147 73
148 69
149 75
150 72
151 69
152 66
153 77
154 67
155 70
156 75
157 74
158 67
159 75
160 72
161 76
162 77
163 72
164 79
165 77
166 76
167 79
168 75
169 76
170 73
171 74
172 75
173 70
174 73
175 77
176 70
177 76
178 75
179 73
180 70
181 74
182 76
183 64
184 68
185 72
186 78
187 70
188 73
189 78
190 66
191 71
192 72
193 73
194 65
195 71
196 71
197 67
198 72
199 70
200 71
201 71
202 74
203 78
204 76
205 77
206 76
207 71
208 72
209 73
210 71
211 73
212 74
213 72
214 66
215 72
216 74
217 70
218 78
219 71
220 78
221 70
222 75
223 68
224 72
225 73
226 72
227 75
228 71
229 75
230 72
231 73
232 70
233 72
234 74
235 61
236 68
237 71
238 72
239 73
240 75
241 76
242 79
243 71
244 66
245 72
246 67
247 77
248 66
249 71
250 68
251 81
252 73
253 68
254 66
255 72
256 73
257 73
258 71
259 75
260 74
261 73
262 81
263 77
264 74
265 73
266 73
267 71
268 74
269 72
270 74
271 73
272 76
273 69
274 80
275 65
276 72
277 77
278 73
279 76
280 72
281 76
282 74
283 75
284 74
285 72
286 74
287 75
288 69
289 74
290 73
291 70
292 72
293 77
294 72
295 72
296 69
297 73
298 73
299 79
300 74
301 75
302 68
303 73
304 70
305 70
306 72
307 79
308 74
309 68
310 75
311 68
312 73
313 65
314 71
315 63
316 73
317 74
318 77
319 77
320 78
321 75
322 74
323 72
324 76
325 69
326 72
327 65
328 78
329 70
330 71
331 72
332 72
333 76
334 66
335 73
336 71
337 70
338 68
339 76
340 70
341 71
342 71
343 62
344 78
345 70
346 72
347 68
348 74
349 70
350 69
351 71
352 72
353 71
354 81
355 68
356 73
357 65
358 68
359 74
360 73
361 70
362 74
363 71
364 72
365 67
366 74
367 75
368 72
369 72
370 75
371 72
372 67
373 69
374 72
375 75
376 71
377 76
378 69
379 78
380 82
381 77
382 68
383 66
384 78
385 73
386 73
387 75
388 70
389 72
390 74
391 77
392 71
393 77
394 72
395 72
396 74
397 72
398 77
399 72
400 81
401 68
402 66
403 71
404 72
405 81
406 71
407 71
408 74
409 69
410 74
411 82
412 76
413 76
414 74
415 70
416 72
417 69
418 70
419 71
420 68
421 74
422 69
423 72
424 69
425 79
426 66
427 73
428 67
429 73
430 72
431 69
432 76
433 70
434 76
435 75
436 73
437 72
438 79
439 74
440 77
441 76
442 78
443 78
444 72
445 74
446 74
447 70
448 68
449 68
450 71
451 70
452 71
453 76
454 76
455 69
456 77
457 77
458 69
459 75
460 78
461 69
462 75
463 72
464 73
465 63
466 79
467 75
468 69
469 73
470 73
471 79
472 70
473 76
474 69
475 80
476 77
477 73
478 79
479 73
480 76
481 68
482 75
483 70
484 72
485 81
486 70
487 75
488 75
489 66
490 74
491 73
492 75
493 65
494 72
495 64
496 70
497 73
498 68
499 71
500 67
501 71
502 67
503 75
504 67
505 68
506 75
507 67
508 75
509 75
510 67
511 73
512 66
513 71
514 75
515 71
516 69
517 70
518 68
519 65
520 66
521 72
522 75
523 73
524 71
525 75
526 73
527 75
528 69
529 70
530 80
531 74
532 72
533 74
534 71
535 71
536 79
537 71
538 77
539 67
540 73
541 73
542 76
543 66
544 79
545 77
546 77
547 73
548 64
549 71
550 71
551 69
552 72
553 75
554 67
555 64
556 69
557 72
558 72
559 75
560 72
561 70
562 72
563 69
564 71
565 73
566 69
567 74
568 72
569 74
570 71
571 78
572 74
573 71
574 69
575 71
576 75
577 72
578 72
579 68
580 77
581 73
582 71
583 74
584 66
585 79
586 75
587 72
588 75
589 73
590 76
591 67
592 73
593 69
594 73
595 70
596 63
597 76
598 71
599 68
600 75
601 75
602 74
603 75
604 72
605 74
606 73
607 75
608 74
609 63
610 70
611 78
612 77
613 70
614 75
615 71
616 75
617 76
618 67
619 69
620 71
621 74
622 70
623 73
624 75
625 73
626 70
627 70
628 70
629 70
630 75
631 68
632 72
633 71
634 68
635 74
636 75
637 77
638 75
639 71
640 76
641 71
642 74
643 70
644 74
645 69
646 79
647 68
648 72
649 76
650 71
651 66
652 73
653 72
654 78
655 76
656 72
657 75
658 70
659 70
660 62
661 68
662 73
663 78
664 70
665 78
666 74
667 72
668 81
669 74
670 75
671 67
672 75
673 68
674 72
675 75
676 74
677 73
678 72
679 69
680 73
681 66
682 70
683 67
684 78
685 71
686 69
687 77
688 76
689 71
690 71
691 73
692 72
693 73
694 73
695 73
696 70
697 71
698 79
699 75
700 68
701 78
702 75
703 72
704 73
705 78
706 69
707 77
708 72
709 72
710 73
711 77
712 66
713 70
714 76
715 73
716 72
717 75
718 67
719 75
720 71
721 79
722 76
723 68
724 70
725 73
726 71
727 75
728 76
729 77
730 68
731 70
732 73
733 71
734 78
735 72
736 72
737 71
738 75
739 72
740 73
741 71
742 78
743 74
744 67
745 72
746 74
747 69
748 68
749 75
750 64
751 74
752 73
753 74
754 70
755 69
756 69
757 79
758 73
759 77
760 79
761 64
762 77
763 70
764 70
765 75
766 77
767 77
768 73
769 68
770 75
771 73
772 77
773 73
774 71
775 73
776 72
777 77
778 69
779 70
780 73
781 62
782 73
783 74
784 71
785 76
786 78
787 70
788 78
789 69
790 72
791 67
792 76
793 74
794 68
795 71
796 70
797 74
798 74
799 72
800 74
801 71
802 74
803 76
804 72
805 76
806 73
807 76
808 72
809 75
810 70
811 75
812 75
813 72
814 73
815 75
816 71
817 74
818 82
819 69
820 74
821 75
822 69
823 65
824 74
825 78
826 73
827 75
828 76
829 79
830 69
831 80
832 70
833 75
834 75
835 78
836 69
837 73
838 73
839 75
840 69
841 73
842 72
843 72
844 76
845 75
846 74
847 70
848 71
849 74
850 70
851 70
852 67
853 72
854 76
855 67
856 68
857 76
858 68
859 79
860 73
861 70
862 74
863 75
864 64
865 74
866 68
867 72
868 70
869 80
870 70
871 80
872 75
873 76
874 71
875 72
876 71
877 69
878 67
879 74
880 69
881 76
882 75
883 71
884 66
885 67
886 71
887 68
888 73
889 72
890 65
891 78
892 73
893 77
894 82
895 76
896 77
897 71
898 72
899 79
900 75
901 75
902 77
903 78
904 71
905 68
906 76
907 76
908 68
909 72
910 74
911 75
912 64
913 74
914 73
915 70
916 77
917 75
918 71
919 65
920 74
921 73
922 73
923 67
924 71
925 68
926 74
927 72
928 72
929 70
930 69
931 74
932 73
933 75
934 74
935 73
936 70
937 71
938 74
939 80
940 71
941 74
942 76
943 72
944 73
945 67
946 72
947 68
948 72
949 73
950 72
951 72
952 73
953 65
954 72
955 72
956 71
957 83
958 74
959 78
960 72
961 75
962 63
963 77
964 72
965 76
966 67
967 73
968 75
969 70
970 74
971 79
972 72
973 74
974 75
975 63
976 77
977 72
978 70
979 76
980 64
981 66
982 67
983 66
984 75
985 76
986 73
987 69
988 73
989 69
990 79
991 73
992 72
993 77
994 72
995 68
996 66
997 74
998 74
999 72
1000 68
