0 25
1 21
2 18
3 16
4 14
5 12
6 11
7 11
8 10
9 9
10 8
11 9
12 11
13 12
14 13
15 14
16 12
17 13
18 12
19 12
20 10
21 12
22 13
23 14
24 10
25 11
26 11
27 13
28 13
29 14
30 14
31 15
32 14
33 10
34 9
35 10
36 10
37 11
38 11
39 12
40 12
41 12
42 12
43 14
44 13
45 12
46 14
47 13
48 13
49 13
50 13
51 14
52 14
53 13
54 15
55 14
56 14
57 12
58 10
59 10
60 11
61 10
62 10
63 10
64 10
65 10
66 11
67 11
68 9
69 9
70 10
71 10
72 10
73 12
74 12
75 12
76 9
77 11
78 12
79 11
80 11
81 10
82 11
83 11
84 11
85 11
86 12
87 12
88 13
89 13
90 12
91 11
92 11
93 12
94 13
95 12
96 12
97 14
98 12
99 12
100 11
101 12
102 11
103 13
104 12
105 12
106 12
107 13
108 13
109 12
110 12
111 11
112 12
113 11
114 10
115 10
116 10
117 11
118 10
119 11
120 11
121 12
122 14
123 12
124 13
125 11
126 12
127 10
128 11
129 12
130 12
131 12
132 11
133 13
134 11
135 13
136 12
137 12
138 12
139 12
140 11
141 10
142 11
143 11
144 13
145 13
146 11
147 13
148 12
149 12
150 12
151 11
152 12
153 13
154 15
155 14
156 15
157 12
158 14
159 13
160 13
161 13
162 12
163 11
164 10
165 12
166 14
167 14
168 13
169 13
170 14
171 13
172 11
173 12
174 12
175 11
176 10
177 10
178 11
179 11
180 10
181 9
182 9
183 9
184 11
185 10
186 10
187 10
188 10
189 11
190 11
191 12
192 11
193 11
194 10
195 10
196 10
197 11
198 11
199 10
200 11
201 12
202 12
203 12
204 9
205 10
206 10
207 9
208 11
209 12
210 11
211 12
212 12
213 10
214 9
215 11
216 11
217 11
218 11
219 11
220 12
221 10
222 11
223 12
224 12
225 9
226 10
227 10
228 9
229 8
230 9
231 11
232 13
233 11
234 10
235 12
236 12
237 11
238 12
239 11
240 12
241 13
242 13
243 13
244 13
245 12
246 11
247 11
248 10
249 11
250 11
251 10
252 7
253 8
254 8
255 10
256 12
257 12
258 10
259 10
260 9
261 10
262 11
263 10
264 11
265 10
266 11
267 12
268 14
269 12
270 13
271 14
272 13
273 12
274 13
275 12
276 12
277 13
278 13
279 11
280 11
281 12
282 11
283 12
284 11
285 11
286 10
287 11
288 10
289 10
290 11
291 10
292 9
293 8
294 8
295 10
296 11
297 13
298 13
299 13
300 12
301 10
302 10
303 9
304 8
305 9
306 9
307 8
308 9
309 11
310 10
311 10
312 11
313 10
314 10
315 9
316 9
317 11
318 11
319 13
320 11
321 11
322 12
323 14
324 14
325 15
326 14
327 14
328 13
329 13
330 13
331 12
332 11
333 11
334 12
335 11
336 12
337 12
338 11
339 11
340 12
341 11
342 10
343 11
344 11
345 11
346 11
347 10
348 9
349 11
350 12
351 10
352 11
353 9
354 11
355 11
356 11
357 12
358 11
359 13
360 13
361 13
362 12
363 13
364 14
365 12
366 11
367 12
368 12
369 11
370 12
371 12
372 12
373 12
374 11
375 10
376 10
377 10
378 11
379 12
380 12
381 12
382 14
383 11
384 12
385 11
386 12
387 12
388 13
389 12
390 12
391 14
392 14
393 13
394 12
395 12
396 12
397 11
398 10
399 9
400 10
401 10
402 8
403 7
404 9
405 10
406 10
407 11
408 11
409 12
410 13
411 13
412 13
413 13
414 13
415 13
416 11
417 10
418 13
419 13
420 14
421 12
422 11
423 10
424 8
425 9
426 8
427 7
428 7
429 6
430 9
431 7
432 9
433 9
434 9
435 9
436 9
437 7
438 8
439 10
440 9
441 10
442 9
443 10
444 11
445 10
446 9
447 9
448 11
449 12
450 12
451 12
452 13
453 11
454 11
455 12
456 13
457 12
458 12
459 11
460 12
461 12
462 11
463 10
464 9
465 9
466 10
467 9
468 8
469 6
470 7
471 10
472 11
473 12
474 11
475 12
476 11
477 10
478 10
479 10
480 10
481 10
482 10
483 11
484 10
485 11
486 11
487 11
488 11
489 9
490 9
491 9
492 10
493 10
494 10
495 12
496 13
497 13
498 13
499 13
500 13
501 11
502 12
503 13
504 12
505 12
506 13
507 12
508 13
509 15
510 15
511 14
512 14
513 16
514 16
515 15
516 15
517 15
518 14
519 13
520 15
521 14
522 13
523 11
524 12
525 12
526 11
527 11
528 12
529 11
530 10
531 9
532 10
533 11
534 12
535 11
536 12
537 11
538 11
539 12
540 11
541 13
542 11
543 10
544 12
545 12
546 13
547 11
548 10
549 10
550 10
551 10
552 11
553 10
554 11
555 11
556 10
557 10
558 9
559 9
560 11
561 12
562 11
563 12
564 12
565 14
566 14
567 11
568 10
569 10
570 8
571 7
572 8
573 8
574 10
575 9
576 11
577 13
578 13
579 12
580 11
581 11
582 12
583 11
584 10
585 9
586 8
587 8
588 8
589 9
590 11
591 12
592 11
593 12
594 14
595 15
596 14
597 10
598 10
599 11
600 13
601 15
602 13
603 12
604 11
605 12
606 11
607 12
608 9
609 10
610 9
611 9
612 10
613 11
614 10
615 8
616 8
617 8
618 9
619 10
620 10
621 10
622 10
623 12
624 10
625 10
626 9
627 9
628 11
629 10
630 10
631 10
632 10
633 12
634 11
635 12
636 13
637 12
638 11
639 12
640 13
641 11
642 9
643 10
644 9
645 8
646 8
647 8
648 9
649 10
650 11
651 11
652 10
653 11
654 12
655 11
656 9
657 11
658 12
659 13
660 13
661 12
662 11
663 11
664 11
665 12
666 12
667 13
668 11
669 10
670 10
671 10
672 11
673 12
674 11
675 10
676 11
677 10
678 8
679 8
680 8
681 8
682 7
683 9
684 7
685 8
686 9
687 12
688 11
689 12
690 12
691 13
692 12
693 12
694 12
695 12
696 13
697 12
698 13
699 11
700 12
701 13
702 10
703 11
704 11
705 11
706 10
707 10
708 10
709 9
710 8
711 9
712 10
713 11
714 10
715 10
716 10
717 9
718 10
719 10
720 11
721 9
722 9
723 9
724 11
725 11
726 12
727 10
728 11
729 11
730 11
731 12
732 12
733 10
734 11
735 12
736 9
737 9
738 11
739 11
740 11
741 11
742 11
743 11
744 12
745 13
746 12
747 12
748 13
749 14
750 14
751 15
752 14
753 14
754 13
755 12
756 12
757 12
758 11
759 12
760 13
761 13
762 11
763 11
764 11
765 12
766 13
767 13
768 11
769 11
770 11
771 9
772 10
773 10
774 11
775 11
776 12
777 12
778 11
779 10
780 12
781 12
782 11
783 11
784 8
785 10
786 10
787 10
788 11
789 11
790 12
791 9
792 11
793 11
794 9
795 10
796 11
797 11
798 10
799 10
800 11
801 11
802 12
803 12
804 11
805 11
806 13
807 12
808 12
809 11
810 11
811 13
812 14
813 15
814 13
815 13
816 12
817 11
818 11
819 13
820 13
821 12
822 11
823 11
824 11
825 13
826 12
827 11
828 11
829 12
830 12
831 12
832 13
833 13
834 12
835 12
836 12
837 11
838 11
839 11
840 10
841 11
842 11
843 10
844 12
845 12
846 12
847 12
848 13
849 13
850 13
851 14
852 13
853 12
854 12
855 12
856 13
857 13
858 11
859 11
860 11
861 11
862 13
863 14
864 14
865 13
866 14
867 15
868 17
869 16
870 14
871 13
872 14
873 13
874 12
875 12
876 12
877 12
878 13
879 13
880 13
881 11
882 11
883 10
884 10
885 11
886 11
887 12
888 12
889 12
890 12
891 11
892 11
893 12
894 11
895 12
896 12
897 13
898 13
899 12
900 12
901 14
902 13
903 13
904 13
905 14
906 13
907 12
908 12
909 14
910 15
911 16
912 15
913 14
914 15
915 14
916 14
917 13
918 12
919 12
920 14
921 15
922 12
923 12
924 11
925 11
926 10
927 11
928 12
929 12
930 11
931 13
932 13
933 12
934 13
935 13
936 14
937 13
938 12
939 10
940 10
941 11
942 11
943 11
944 11
945 10
946 11
947 9
948 9
949 11
950 12
951 9
952 10
953 12
954 11
955 12
956 12
957 13
958 12
959 12
960 12
961 12
962 12
963 10
964 11
965 10
966 11
967 11
968 9
969 7
970 9
971 9
972 10
973 10
974 11
975 13
976 13
977 14
978 11
979 11
980 12
981 12
982 11
983 12
984 11
985 10
986 10
987 12
988 13
989 13
990 12
991 11
992 12
993 12
994 14
995 13
996 13
997 12
998 12
999 12
1000 13
