0 20
1 17
2 12
3 13
4 14
5 14
6 12
7 13
8 11
9 12
10 12
11 13
12 13
13 14
14 11
15 12
16 12
17 13
18 14
19 11
20 11
21 12
22 11
23 12
24 12
25 11
26 13
27 13
28 13
29 13
30 12
31 12
32 14
33 13
34 11
35 11
36 10
37 8
38 10
39 14
40 14
41 14
42 12
43 12
44 12
45 12
46 13
47 14
48 11
49 12
50 12
51 14
52 15
53 13
54 12
55 11
56 9
57 13
58 13
59 14
60 12
61 14
62 13
63 11
64 12
65 9
66 12
67 10
68 13
69 13
70 12
71 12
72 11
73 10
74 12
75 11
76 10
77 12
78 12
79 12
80 11
81 12
82 13
83 11
84 12
85 11
86 12
87 12
88 11
89 8
90 10
91 11
92 12
93 11
94 10
95 12
96 12
97 12
98 9
99 12
100 12
101 10
102 12
103 11
104 12
105 12
106 14
107 13
108 11
109 12
110 13
111 12
112 14
113 13
114 13
115 11
116 14
117 14
118 12
119 10
120 13
121 11
122 11
123 11
124 9
125 11
126 12
127 13
128 11
129 12
130 9
131 12
132 10
133 11
134 13
135 14
136 14
137 10
138 13
139 13
140 13
141 9
142 10
143 12
144 12
145 11
146 12
147 12
148 13
149 15
150 14
151 12
152 11
153 12
154 11
155 12
156 13
157 12
158 8
159 10
160 11
161 10
162 10
163 8
164 10
165 10
166 12
167 12
168 10
169 11
170 11
171 14
172 10
173 13
174 10
175 7
176 10
177 11
178 12
179 11
180 14
181 13
182 13
183 13
184 10
185 13
186 13
187 14
188 13
189 15
190 14
191 12
192 12
193 11
194 12
195 11
196 12
197 10
198 10
199 14
200 12
201 12
202 12
203 13
204 13
205 12
206 13
207 13
208 12
209 13
210 12
211 15
212 13
213 14
214 13
215 12
216 15
217 15
218 13
219 13
220 12
221 13
222 13
223 11
224 10
225 10
226 10
227 8
228 12
229 11
230 9
231 11
232 11
233 12
234 12
235 13
236 11
237 13
238 13
239 12
240 9
241 9
242 12
243 9
244 11
245 10
246 12
247 11
248 11
249 11
250 12
251 9
252 12
253 13
254 12
255 13
256 14
257 14
258 13
259 14
260 12
261 12
262 13
263 13
264 12
265 14
266 15
267 15
268 9
269 10
270 11
271 11
272 13
273 11
274 11
275 12
276 12
277 9
278 11
279 12
280 13
281 14
282 15
283 12
284 12
285 10
286 10
287 10
288 10
289 10
290 12
291 9
292 13
293 12
294 10
295 12
296 13
297 12
298 9
299 10
300 12
301 12
302 13
303 8
304 10
305 13
306 14
307 14
308 12
309 14
310 12
311 11
312 10
313 9
314 13
315 10
316 11
317 11
318 11
319 11
320 9
321 10
322 10
323 10
324 12
325 11
326 11
327 10
328 11
329 10
330 11
331 12
332 15
333 13
334 14
335 13
336 12
337 10
338 11
339 9
340 11
341 13
342 11
343 11
344 12
345 12
346 13
347 12
348 14
349 15
350 14
351 12
352 15
353 14
354 14
355 14
356 12
357 13
358 14
359 14
360 12
361 10
362 13
363 9
364 11
365 13
366 13
367 13
368 11
369 9
370 9
371 12
372 13
373 12
374 14
375 11
376 11
377 11
378 13
379 12
380 13
381 12
382 12
383 9
384 8
385 9
386 10
387 8
388 11
389 11
390 12
391 14
392 14
393 11
394 13
395 12
396 12
397 11
398 12
399 13
400 12
401 11
402 11
403 13
404 10
405 11
406 11
407 12
408 13
409 13
410 14
411 15
412 14
413 12
414 11
415 14
416 14
417 12
418 11
419 11
420 12
421 12
422 10
423 13
424 14
425 13
426 14
427 12
428 12
429 13
430 13
431 13
432 13
433 13
434 12
435 12
436 9
437 12
438 11
439 13
440 14
441 13
442 12
443 14
444 14
445 14
446 13
447 13
448 12
449 12
450 13
451 12
452 14
453 14
454 11
455 12
456 13
457 11
458 11
459 12
460 12
461 11
462 13
463 12
464 13
465 12
466 12
467 11
468 14
469 13
470 12
471 11
472 12
473 13
474 13
475 13
476 10
477 11
478 12
479 14
480 12
481 12
482 11
483 12
484 12
485 11
486 13
487 13
488 13
489 11
490 13
491 11
492 11
493 10
494 11
495 12
496 13
497 12
498 11
499 12
500 9
501 11
502 13
503 11
504 11
505 10
506 13
507 11
508 13
509 12
510 12
511 14
512 13
513 12
514 12
515 10
516 10
517 13
518 10
519 10
520 13
521 13
522 14
523 11
524 10
525 13
526 11
527 14
528 12
529 11
530 10
531 12
532 10
533 9
534 9
535 8
536 11
537 10
538 12
539 12
540 10
541 11
542 12
543 13
544 13
545 14
546 12
547 11
548 12
549 13
550 13
551 12
552 10
553 10
554 14
555 14
556 12
557 13
558 11
559 12
560 12
561 13
562 12
563 11
564 10
565 10
566 11
567 11
568 11
569 14
570 13
571 13
572 14
573 12
574 11
575 12
576 9
577 10
578 12
579 12
580 12
581 12
582 12
583 11
584 11
585 13
586 13
587 12
588 13
589 12
590 11
591 12
592 10
593 11
594 11
595 12
596 14
597 14
598 12
599 11
600 9
601 12
602 11
603 12
604 13
605 12
606 12
607 10
608 13
609 14
610 14
611 12
612 10
613 11
614 12
615 15
616 10
617 11
618 12
619 11
620 11
621 11
622 11
623 11
624 10
625 13
626 13
627 13
628 15
629 13
630 13
631 12
632 12
633 13
634 14
635 13
636 11
637 14
638 14
639 12
640 11
641 12
642 12
643 11
644 12
645 12
646 13
647 14
648 15
649 16
650 11
651 13
652 13
653 13
654 14
655 14
656 12
657 12
658 10
659 12
660 12
661 12
662 13
663 14
664 14
665 13
666 13
667 13
668 11
669 12
670 11
671 13
672 15
673 14
674 12
675 13
676 13
677 14
678 13
679 12
680 10
681 11
682 9
683 13
684 13
685 13
686 13
687 13
688 14
689 13
690 13
691 11
692 12
693 14
694 12
695 14
696 13
697 12
698 13
699 14
700 14
701 12
702 9
703 9
704 10
705 11
706 12
707 13
708 16
709 13
710 13
711 13
712 12
713 13
714 13
715 12
716 12
717 11
718 12
719 13
720 12
721 11
722 11
723 10
724 13
725 12
726 12
727 12
728 13
729 11
730 12
731 13
732 14
733 14
734 13
735 14
736 12
737 12
738 12
739 12
740 14
741 12
742 14
743 12
744 10
745 14
746 14
747 14
748 10
749 9
750 8
751 12
752 10
753 10
754 12
755 13
756 14
757 11
758 11
759 9
760 11
761 11
762 10
763 12
764 10
765 12
766 12
767 12
768 10
769 12
770 12
771 13
772 12
773 13
774 13
775 12
776 10
777 10
778 10
779 9
780 11
781 13
782 16
783 15
784 13
785 11
786 12
787 11
788 12
789 12
790 12
791 14
792 12
793 11
794 11
795 12
796 13
797 13
798 12
799 9
800 14
801 13
802 10
803 12
804 12
805 10
806 12
807 11
808 12
809 13
810 12
811 11
812 12
813 12
814 10
815 11
816 13
817 13
818 13
819 14
820 13
821 13
822 11
823 11
824 11
825 14
826 13
827 14
828 15
829 12
830 13
831 13
832 12
833 12
834 12
835 8
836 13
837 14
838 13
839 13
840 8
841 11
842 13
843 12
844 14
845 14
846 14
847 11
848 12
849 12
850 14
851 11
852 14
853 10
854 10
855 13
856 12
857 13
858 13
859 12
860 11
861 12
862 11
863 12
864 11
865 10
866 13
867 13
868 11
869 11
870 12
871 12
872 11
873 13
874 12
875 13
876 14
877 13
878 12
879 11
880 9
881 10
882 10
883 10
884 10
885 12
886 11
887 11
888 12
889 11
890 11
891 13
892 11
893 12
894 12
895 13
896 13
897 14
898 11
899 11
900 11
901 12
902 13
903 13
904 12
905 12
906 11
907 13
908 12
909 13
910 14
911 15
912 15
913 13
914 16
915 14
916 14
917 12
918 12
919 12
920 12
921 13
922 13
923 11
924 13
925 12
926 12
927 12
928 12
929 13
930 12
931 13
932 12
933 11
934 11
935 12
936 13
937 13
938 12
939 11
940 12
941 10
942 11
943 10
944 12
945 13
946 15
947 13
948 15
949 13
950 13
951 14
952 11
953 12
954 13
955 10
956 12
957 13
958 13
959 12
960 12
961 11
962 12
963 11
964 12
965 14
966 12
967 12
968 10
969 7
970 11
971 14
972 13
973 10
974 12
975 11
976 12
977 11
978 13
979 12
980 12
981 12
982 12
983 11
984 9
985 13
986 11
987 11
988 12
989 13
990 13
991 13
992 14
993 11
994 12
995 13
996 13
997 12
998 9
999 12
1000 11
