0 55
1 52
2 48
3 46
4 44
5 41
6 38
7 38
8 37
9 35
10 34
11 33
12 32
13 31
14 31
15 30
16 29
17 28
18 30
19 28
20 28
21 28
22 27
23 27
24 26
25 25
26 23
27 20
28 20
29 21
30 22
31 24
32 24
33 23
34 23
35 24
36 25
37 25
38 23
39 19
40 21
41 20
42 22
43 22
44 22
45 23
46 24
47 24
48 26
49 25
50 24
51 23
52 24
53 23
54 25
55 23
56 23
57 24
58 24
59 24
60 23
61 23
62 23
63 22
64 24
65 25
66 22
67 23
68 25
69 24
70 23
71 24
72 26
73 26
74 27
75 26
76 26
77 25
78 24
79 24
80 24
81 24
82 24
83 22
84 22
85 20
86 21
87 22
88 23
89 24
90 26
91 27
92 25
93 25
94 24
95 25
96 24
97 25
98 25
99 27
100 27
101 26
102 26
103 26
104 25
105 26
106 26
107 27
108 27
109 28
110 27
111 27
112 28
113 29
114 26
115 27
116 26
117 27
118 23
119 22
120 23
121 25
122 26
123 25
124 24
125 23
126 22
127 22
128 23
129 25
130 27
131 27
132 28
133 28
134 28
135 26
136 26
137 25
138 25
139 26
140 26
141 26
142 25
143 24
144 23
145 24
146 21
147 20
148 20
149 21
150 21
151 22
152 20
153 22
154 22
155 22
156 24
157 25
158 26
159 25
160 24
161 24
162 22
163 23
164 23
165 23
166 23
167 23
168 23
169 23
170 23
171 23
172 21
173 21
174 19
175 20
176 19
177 20
178 21
179 20
180 20
181 21
182 19
183 19
184 20
185 20
186 21
187 20
188 21
189 21
190 20
191 21
192 21
193 21
194 22
195 22
196 21
197 21
198 22
199 19
200 20
201 18
202 17
203 19
204 19
205 20
206 21
207 21
208 21
209 23
210 22
211 23
212 25
213 23
214 23
215 23
216 24
217 24
218 23
219 24
220 24
221 22
222 21
223 22
224 23
225 22
226 23
227 22
228 24
229 23
230 24
231 21
232 22
233 23
234 23
235 23
236 23
237 22
238 21
239 20
240 21
241 21
242 23
243 21
244 22
245 21
246 21
247 21
248 20
249 21
250 20
251 21
252 21
253 20
254 20
255 20
256 20
257 21
258 21
259 23
260 24
261 23
262 25
263 25
264 24
265 24
266 26
267 25
268 24
269 26
270 26
271 24
272 23
273 23
274 24
275 26
276 25
277 24
278 23
279 22
280 21
281 23
282 23
283 21
284 23
285 22
286 22
287 21
288 21
289 22
290 24
291 23
292 23
293 23
294 24
295 23
296 23
297 24
298 25
299 26
300 27
301 27
302 26
303 26
304 25
305 23
306 22
307 24
308 25
309 25
310 23
311 24
312 24
313 26
314 25
315 23
316 23
317 22
318 22
319 23
320 22
321 23
322 23
323 26
324 26
325 23
326 23
327 24
328 24
329 25
330 24
331 23
332 24
333 24
334 25
335 26
336 26
337 24
338 24
339 22
340 22
341 23
342 23
343 22
344 23
345 25
346 24
347 25
348 27
349 28
350 29
351 26
352 26
353 26
354 25
355 24
356 23
357 23
358 25
359 23
360 24
361 23
362 24
363 22
364 22
365 24
366 24
367 23
368 23
369 23
370 24
371 24
372 24
373 23
374 23
375 22
376 22
377 24
378 24
379 24
380 25
381 26
382 25
383 26
384 26
385 24
386 22
387 23
388 21
389 22
390 20
391 24
392 21
393 22
394 22
395 25
396 25
397 24
398 22
399 23
400 23
401 24
402 24
403 26
404 28
405 27
406 27
407 26
408 25
409 24
410 21
411 21
412 21
413 24
414 25
415 24
416 24
417 23
418 23
419 21
420 21
421 21
422 22
423 21
424 22
425 22
426 22
427 23
428 23
429 22
430 21
431 22
432 22
433 24
434 25
435 24
436 23
437 24
438 23
439 24
440 24
441 25
442 24
443 22
444 18
445 18
446 19
447 20
448 20
449 22
450 23
451 22
452 23
453 22
454 24
455 24
456 24
457 25
458 25
459 25
460 25
461 25
462 23
463 24
464 25
465 25
466 24
467 24
468 23
469 24
470 26
471 25
472 25
473 26
474 26
475 24
476 24
477 23
478 24
479 23
480 25
481 24
482 23
483 22
484 22
485 22
486 21
487 21
488 21
489 20
490 20
491 20
492 21
493 21
494 20
495 20
496 21
497 20
498 22
499 23
500 23
501 24
502 24
503 23
504 24
505 24
506 24
507 24
508 24
509 24
510 24
511 26
512 26
513 27
514 27
515 25
516 25
517 25
518 25
519 26
520 27
521 25
522 27
523 26
524 24
525 25
526 25
527 26
528 27
529 27
530 26
531 26
532 24
533 25
534 26
535 24
536 24
537 23
538 23
539 24
540 22
541 22
542 21
543 21
544 23
545 23
546 22
547 22
548 22
549 24
550 21
551 20
552 22
553 22
554 23
555 21
556 20
557 20
558 21
559 21
560 20
561 21
562 21
563 20
564 20
565 22
566 22
567 23
568 23
569 24
570 26
571 25
572 24
573 24
574 22
575 21
576 21
577 22
578 22
579 21
580 20
581 24
582 22
583 23
584 25
585 25
586 26
587 25
588 25
589 26
590 26
591 24
592 22
593 22
594 23
595 23
596 22
597 23
598 26
599 28
600 29
601 29
602 28
603 30
604 28
605 26
606 27
607 27
608 25
609 23
610 23
611 23
612 23
613 23
614 24
615 26
616 27
617 28
618 26
619 24
620 24
621 24
622 23
623 22
624 19
625 20
626 21
627 22
628 23
629 22
630 23
631 22
632 23
633 22
634 22
635 23
636 24
637 22
638 22
639 23
640 22
641 23
642 23
643 21
644 23
645 24
646 23
647 23
648 23
649 23
650 21
651 23
652 23
653 24
654 26
655 25
656 25
657 26
658 26
659 27
660 27
661 26
662 26
663 25
664 22
665 20
666 20
667 18
668 20
669 21
670 22
671 22
672 20
673 21
674 21
675 22
676 21
677 21
678 24
679 25
680 23
681 23
682 23
683 23
684 22
685 21
686 21
687 20
688 22
689 22
690 21
691 19
692 20
693 22
694 23
695 24
696 22
697 23
698 21
699 21
700 20
701 21
702 21
703 21
704 22
705 24
706 23
707 23
708 23
709 23
710 23
711 24
712 23
713 22
714 23
715 25
716 25
717 25
718 26
719 25
720 25
721 24
722 23
723 24
724 24
725 23
726 21
727 22
728 21
729 23
730 24
731 26
732 26
733 25
734 24
735 25
736 26
737 27
738 27
739 25
740 26
741 27
742 28
743 25
744 24
745 24
746 24
747 25
748 23
749 24
750 24
751 25
752 25
753 27
754 26
755 26
756 27
757 28
758 26
759 27
760 27
761 28
762 27
763 27
764 26
765 25
766 26
767 27
768 25
769 25
770 24
771 25
772 25
773 25
774 24
775 23
776 23
777 24
778 25
779 23
780 23
781 25
782 24
783 24
784 23
785 22
786 21
787 21
788 21
789 19
790 20
791 21
792 20
793 20
794 23
795 25
796 26
797 25
798 25
799 25
800 24
801 24
802 25
803 23
804 23
805 23
806 24
807 25
808 24
809 23
810 24
811 24
812 24
813 24
814 25
815 25
816 25
817 25
818 26
819 28
820 26
821 28
822 26
823 25
824 23
825 22
826 21
827 21
828 22
829 24
830 23
831 24
832 21
833 21
834 22
835 22
836 22
837 22
838 23
839 24
840 23
841 24
842 25
843 23
844 22
845 23
846 23
847 24
848 25
849 24
850 23
851 25
852 26
853 26
854 26
855 25
856 26
857 27
858 28
859 28
860 29
861 27
862 26
863 27
864 27
865 27
866 25
867 26
868 26
869 27
870 28
871 26
872 25
873 26
874 27
875 24
876 25
877 26
878 26
879 27
880 27
881 26
882 26
883 24
884 23
885 24
886 23
887 24
888 22
889 22
890 22
891 23
892 24
893 22
894 23
895 24
896 24
897 25
898 25
899 26
900 25
901 26
902 25
903 25
904 26
905 26
906 23
907 20
908 19
909 20
910 18
911 19
912 20
913 21
914 22
915 23
916 21
917 22
918 22
919 23
920 24
921 25
922 25
923 26
924 26
925 26
926 23
927 24
928 24
929 24
930 22
931 23
932 20
933 21
934 23
935 23
936 24
937 24
938 24
939 22
940 21
941 22
942 21
943 21
944 20
945 21
946 22
947 23
948 23
949 22
950 20
951 20
952 20
953 19
954 20
955 21
956 21
957 23
958 24
959 24
960 24
961 25
962 24
963 24
964 25
965 24
966 25
967 23
968 23
969 25
970 25
971 23
972 22
973 24
974 25
975 25
976 26
977 27
978 27
979 25
980 23
981 23
982 23
983 22
984 23
985 23
986 23
987 23
988 19
989 22
990 22
991 21
992 22
993 24
994 25
995 24
996 27
997 25
998 25
999 26
1000 26
