0 85
1 66
2 59
3 62
4 57
5 58
6 58
7 59
8 60
9 52
10 57
11 59
12 59
13 59
14 60
15 60
16 56
17 59
18 56
19 56
20 55
21 53
22 57
23 57
24 59
25 56
26 60
27 60
28 59
29 60
30 61
31 59
32 59
33 59
34 60
35 60
36 59
37 59
38 62
39 57
40 58
41 58
42 57
43 61
44 58
45 59
46 57
47 59
48 59
49 57
50 60
51 62
52 56
53 57
54 57
55 60
56 61
57 55
58 57
59 58
60 61
61 56
62 60
63 58
64 59
65 58
66 57
67 61
68 58
69 61
70 55
71 60
72 59
73 56
74 57
75 58
76 57
77 62
78 57
79 52
80 56
81 61
82 59
83 51
84 58
85 57
86 58
87 52
88 57
89 56
90 59
91 62
92 61
93 57
94 63
95 57
96 59
97 53
98 56
99 60
100 53
101 56
102 59
103 61
104 54
105 56
106 60
107 60
108 56
109 55
110 59
111 55
112 61
113 58
114 59
115 63
116 54
117 60
118 56
119 57
120 59
121 54
122 55
123 61
124 58
125 59
126 60
127 55
128 59
129 58
130 58
131 61
132 61
133 59
134 55
135 56
136 58
137 61
138 56
139 60
140 59
141 58
142 61
143 55
144 58
145 59
146 57
147 51
148 54
149 61
150 58
151 61
152 63
153 54
154 55
155 56
156 59
157 63
158 58
159 56
160 60
161 56
162 51
163 57
164 51
165 60
166 57
167 60
168 61
169 56
170 63
171 61
172 58
173 59
174 60
175 54
176 59
177 59
178 58
179 55
180 58
181 61
182 61
183 60
184 58
185 58
186 60
187 59
188 61
189 49
190 58
191 57
192 58
193 58
194 54
195 59
196 53
197 59
198 57
199 58
200 58
201 56
202 59
203 57
204 59
205 57
206 58
207 62
208 59
209 58
210 60
211 58
212 56
213 57
214 58
215 60
216 57
217 59
218 57
219 60
220 53
221 59
222 61
223 59
224 59
225 60
226 58
227 55
228 55
229 60
230 58
231 59
232 58
233 56
234 60
235 56
236 60
237 62
238 56
239 54
240 60
241 59
242 63
243 60
244 57
245 57
246 57
247 61
248 58
249 59
250 54
251 60
252 52
253 58
254 54
255 57
256 61
257 57
258 56
259 60
260 59
261 58
262 61
263 50
264 53
265 60
266 47
267 54
268 54
269 57
270 58
271 60
272 60
273 58
274 54
275 56
276 56
277 53
278 54
279 58
280 56
281 55
282 64
283 60
284 52
285 56
286 50
287 57
288 60
289 60
290 54
291 63
292 60
293 59
294 61
295 60
296 58
297 62
298 60
299 57
300 60
301 59
302 56
303 55
304 57
305 60
306 62
307 55
308 52
309 52
310 55
311 60
312 57
313 56
314 61
315 59
316 55
317 60
318 61
319 57
320 54
321 62
322 59
323 52
324 59
325 57
326 58
327 62
328 57
329 54
330 54
331 57
332 57
333 58
334 60
335 53
336 59
337 56
338 59
339 60
340 55
341 60
342 57
343 59
344 55
345 56
346 59
347 61
348 55
349 54
350 53
351 53
352 61
353 60
354 60
355 60
356 61
357 59
358 56
359 64
360 50
361 57
362 57
363 61
364 58
365 62
366 56
367 60
368 61
369 60
370 59
371 59
372 60
373 61
374 61
375 60
376 55
377 58
378 60
379 58
380 60
381 55
382 57
383 57
384 58
385 54
386 56
387 61
388 59
389 56
390 58
391 56
392 62
393 59
394 56
395 58
396 59
397 58
398 59
399 56
400 61
401 60
402 56
403 59
404 54
405 58
406 53
407 59
408 52
409 58
410 54
411 55
412 61
413 58
414 63
415 60
416 58
417 55
418 64
419 61
420 54
421 59
422 60
423 61
424 59
425 57
426 57
427 60
428 55
429 60
430 58
431 61
432 62
433 61
434 54
435 57
436 54
437 55
438 55
439 56
440 53
441 59
442 58
443 61
444 59
445 61
446 58
447 60
448 58
449 63
450 56
451 58
452 58
453 56
454 56
455 56
456 54
457 56
458 59
459 59
460 59
461 59
462 55
463 54
464 56
465 57
466 59
467 56
468 59
469 52
470 61
471 60
472 59
473 61
474 62
475 61
476 57
477 61
478 59
479 59
480 59
481 59
482 58
483 59
484 60
485 58
486 58
487 59
488 57
489 62
490 60
491 57
492 57
493 60
494 55
495 57
496 57
497 59
498 58
499 59
500 56
501 59
502 58
503 58
504 60
505 58
506 59
507 61
508 59
509 61
510 57
511 58
512 58
513 58
514 53
515 61
516 59
517 55
518 57
519 56
520 56
521 62
522 59
523 60
524 58
525 61
526 57
527 60
528 60
529 57
530 59
531 61
532 59
533 59
534 61
535 59
536 58
537 59
538 56
539 58
540 57
541 53
542 57
543 58
544 56
545 54
546 58
547 57
548 54
549 54
550 58
551 61
552 60
553 56
554 59
555 63
556 63
557 62
558 56
559 55
560 51
561 60
562 58
563 54
564 56
565 55
566 58
567 61
568 61
569 61
570 60
571 59
572 59
573 57
574 57
575 61
576 58
577 61
578 54
579 55
580 56
581 56
582 60
583 57
584 56
585 58
586 50
587 57
588 56
589 58
590 53
591 55
592 56
593 57
594 57
595 58
596 63
597 58
598 57
599 57
600 58
601 58
602 60
603 53
604 58
605 61
606 60
607 58
608 58
609 55
610 58
611 56
612 57
613 52
614 58
615 55
616 52
617 57
618 59
619 55
620 57
621 61
622 58
623 58
624 60
625 54
626 59
627 50
628 59
629 60
630 58
631 55
632 58
633 61
634 61
635 60
636 56
637 57
638 58
639 62
640 57
641 57
642 58
643 63
644 57
645 61
646 59
647 58
648 56
649 60
650 56
651 57
652 57
653 58
654 61
655 61
656 59
657 59
658 59
659 57
660 61
661 57
662 57
663 57
664 61
665 59
666 60
667 51
668 57
669 57
670 51
671 60
672 60
673 57
674 57
675 57
676 54
677 59
678 56
679 56
680 60
681 57
682 59
683 58
684 55
685 58
686 55
687 55
688 55
689 55
690 60
691 61
692 55
693 58
694 57
695 60
696 59
697 56
698 59
699 52
700 63
701 55
702 59
703 54
704 60
705 60
706 53
707 57
708 57
709 62
710 56
711 61
712 55
713 56
714 60
715 64
716 54
717 52
718 58
719 58
720 58
721 58
722 56
723 61
724 54
725 52
726 61
727 58
728 58
729 57
730 58
731 53
732 58
733 54
734 58
735 60
736 62
737 62
738 56
739 60
740 59
741 57
742 59
743 57
744 57
745 58
746 58
747 61
748 60
749 60
750 59
751 60
752 59
753 60
754 56
755 57
756 56
757 59
758 56
759 56
760 56
761 56
762 56
763 57
764 56
765 56
766 59
767 57
768 60
769 62
770 56
771 57
772 55
773 55
774 57
775 59
776 58
777 62
778 54
779 61
780 58
781 58
782 57
783 57
784 58
785 49
786 55
787 55
788 56
789 55
790 57
791 60
792 58
793 63
794 54
795 58
796 60
797 53
798 57
799 56
800 61
801 58
802 61
803 59
804 57
805 56
806 59
807 57
808 59
809 55
810 56
811 59
812 61
813 54
814 55
815 59
816 58
817 55
818 57
819 61
820 62
821 56
822 54
823 58
824 61
825 56
826 58
827 62
828 61
829 64
830 58
831 61
832 55
833 58
834 57
835 59
836 58
837 59
838 58
839 57
840 56
841 63
842 57
843 59
844 59
845 62
846 55
847 55
848 58
849 55
850 57
851 57
852 58
853 59
854 60
855 60
856 60
857 57
858 57
859 57
860 57
861 60
862 56
863 58
864 58
865 57
866 63
867 60
868 60
869 60
870 57
871 61
872 59
873 61
874 61
875 58
876 58
877 61
878 56
879 61
880 59
881 60
882 57
883 58
884 56
885 59
886 58
887 57
888 56
889 59
890 58
891 57
892 56
893 57
894 59
895 57
896 53
897 60
898 59
899 58
900 56
901 57
902 60
903 57
904 58
905 59
906 60
907 58
908 55
909 56
910 58
911 58
912 57
913 59
914 58
915 57
916 62
917 56
918 53
919 56
920 59
921 53
922 58
923 58
924 58
925 58
926 54
927 55
928 60
929 56
930 54
931 54
932 55
933 54
934 60
935 58
936 55
937 55
938 53
939 58
940 55
941 62
942 61
943 54
944 53
945 58
946 57
947 55
948 58
949 57
950 63
951 55
952 58
953 57
954 58
955 61
956 60
957 60
958 59
959 60
960 58
961 60
962 63
963 55
964 59
965 56
966 53
967 59
968 56
969 55
970 57
971 59
972 57
973 60
974 58
975 56
976 58
977 61
978 59
979 59
980 57
981 55
982 60
983 60
984 60
985 60
986 56
987 60
988 57
989 57
990 61
991 61
992 58
993 57
994 56
995 62
996 59
997 57
998 55
999 54
1000 62
