0 25
1 22
2 19
3 15
4 14
5 15
6 13
7 11
8 13
9 12
10 11
11 11
12 11
13 12
14 10
15 12
16 12
17 13
18 13
19 12
20 12
21 10
22 11
23 11
24 10
25 10
26 10
27 11
28 12
29 12
30 12
31 12
32 12
33 11
34 9
35 10
36 8
37 8
38 7
39 7
40 8
41 9
42 11
43 12
44 10
45 10
46 9
47 11
48 12
49 13
50 13
51 12
52 13
53 12
54 13
55 14
56 13
57 14
58 12
59 11
60 10
61 10
62 10
63 10
64 10
65 11
66 13
67 14
68 13
69 13
70 13
71 12
72 11
73 12
74 13
75 11
76 11
77 9
78 9
79 8
80 9
81 10
82 11
83 11
84 10
85 11
86 11
87 11
88 10
89 10
90 11
91 11
92 11
93 11
94 11
95 13
96 12
97 12
98 12
99 12
100 11
101 11
102 10
103 11
104 11
105 10
106 11
107 12
108 11
109 11
110 11
111 9
112 9
113 10
114 11
115 10
116 11
117 10
118 9
119 10
120 9
121 11
122 12
123 9
124 11
125 10
126 9
127 9
128 10
129 10
130 10
131 10
132 10
133 9
134 9
135 11
136 12
137 12
138 11
139 11
140 9
141 6
142 6
143 7
144 8
145 9
146 10
147 9
148 11
149 11
150 11
151 12
152 13
153 13
154 11
155 12
156 11
157 11
158 11
159 11
160 10
161 10
162 10
163 10
164 8
165 9
166 9
167 10
168 8
169 9
170 8
171 9
172 9
173 10
174 9
175 12
176 13
177 13
178 12
179 12
180 13
181 12
182 11
183 11
184 12
185 12
186 11
187 10
188 10
189 9
190 10
191 9
192 10
193 10
194 11
195 10
196 9
197 10
198 11
199 12
200 11
201 12
202 13
203 14
204 14
205 14
206 12
207 12
208 11
209 9
210 10
211 10
212 10
213 10
214 10
215 8
216 9
217 9
218 10
219 9
220 9
221 10
222 10
223 10
224 10
225 10
226 11
227 11
228 11
229 10
230 9
231 9
232 9
233 9
234 9
235 10
236 11
237 11
238 12
239 13
240 11
241 11
242 10
243 10
244 12
245 10
246 9
247 9
248 11
249 13
250 13
251 11
252 11
253 11
254 9
255 8
256 9
257 9
258 12
259 10
260 10
261 9
262 9
263 8
264 9
265 11
266 11
267 11
268 12
269 13
270 12
271 10
272 12
273 11
274 11
275 12
276 12
277 13
278 13
279 12
280 11
281 11
282 11
283 12
284 11
285 11
286 12
287 11
288 10
289 11
290 10
291 11
292 10
293 10
294 8
295 8
296 8
297 7
298 10
299 11
300 11
301 11
302 10
303 11
304 12
305 13
306 13
307 12
308 11
309 12
310 14
311 12
312 10
313 9
314 8
315 9
316 9
317 10
318 11
319 10
320 9
321 10
322 10
323 10
324 10
325 8
326 7
327 9
328 9
329 9
330 10
331 8
332 8
333 7
334 9
335 10
336 10
337 11
338 12
339 12
340 12
341 12
342 12
343 12
344 13
345 12
346 10
347 9
348 9
349 11
350 11
351 9
352 9
353 9
354 10
355 10
356 9
357 9
358 9
359 7
360 9
361 11
362 10
363 10
364 11
365 11
366 11
367 11
368 11
369 11
370 11
371 10
372 10
373 12
374 10
375 9
376 10
377 10
378 12
379 12
380 11
381 9
382 9
383 9
384 8
385 7
386 6
387 7
388 7
389 7
390 7
391 6
392 6
393 9
394 10
395 11
396 10
397 8
398 8
399 8
400 8
401 9
402 10
403 11
404 11
405 12
406 10
407 9
408 10
409 9
410 9
411 8
412 8
413 8
414 8
415 8
416 8
417 7
418 7
419 8
420 9
421 10
422 8
423 8
424 9
425 10
426 10
427 9
428 11
429 11
430 9
431 10
432 10
433 11
434 11
435 11
436 11
437 12
438 12
439 12
440 13
441 13
442 11
443 11
444 10
445 11
446 12
447 12
448 11
449 11
450 11
451 10
452 10
453 11
454 11
455 10
456 8
457 9
458 8
459 9
460 8
461 10
462 11
463 8
464 9
465 9
466 11
467 9
468 8
469 9
470 11
471 13
472 13
473 10
474 10
475 9
476 8
477 10
478 11
479 11
480 11
481 12
482 11
483 11
484 10
485 11
486 10
487 11
488 10
489 9
490 9
491 9
492 8
493 8
494 8
495 9
496 11
497 12
498 12
499 13
500 10
501 10
502 10
503 10
504 11
505 11
506 9
507 7
508 8
509 8
510 8
511 8
512 9
513 9
514 9
515 7
516 6
517 6
518 7
519 6
520 7
521 8
522 10
523 8
524 7
525 8
526 8
527 8
528 9
529 8
530 10
531 9
532 9
533 9
534 9
535 9
536 10
537 12
538 12
539 12
540 12
541 9
542 8
543 9
544 7
545 9
546 11
547 11
548 12
549 11
550 12
551 11
552 12
553 12
554 12
555 12
556 11
557 11
558 10
559 12
560 10
561 10
562 11
563 11
564 11
565 11
566 10
567 11
568 10
569 11
570 12
571 13
572 13
573 13
574 12
575 11
576 11
577 11
578 11
579 11
580 9
581 9
582 10
583 11
584 10
585 10
586 10
587 8
588 9
589 9
590 9
591 8
592 7
593 8
594 9
595 12
596 12
597 10
598 11
599 11
600 10
601 9
602 10
603 10
604 10
605 11
606 11
607 10
608 10
609 9
610 11
611 12
612 12
613 11
614 11
615 11
616 11
617 12
618 11
619 11
620 12
621 10
622 10
623 10
624 10
625 8
626 9
627 8
628 9
629 9
630 8
631 6
632 6
633 8
634 8
635 9
636 10
637 12
638 12
639 12
640 11
641 12
642 12
643 12
644 12
645 11
646 9
647 10
648 9
649 9
650 10
651 10
652 9
653 9
654 9
655 9
656 10
657 9
658 9
659 9
660 10
661 9
662 10
663 10
664 10
665 10
666 10
667 11
668 11
669 11
670 11
671 11
672 10
673 7
674 9
675 7
676 7
677 9
678 9
679 8
680 8
681 9
682 10
683 10
684 9
685 10
686 10
687 9
688 9
689 11
690 12
691 12
692 11
693 11
694 11
695 9
696 10
697 11
698 10
699 10
700 9
701 10
702 10
703 9
704 11
705 9
706 10
707 10
708 10
709 11
710 10
711 8
712 7
713 9
714 8
715 9
716 9
717 8
718 9
719 10
720 11
721 10
722 9
723 10
724 9
725 8
726 8
727 9
728 10
729 11
730 12
731 12
732 13
733 13
734 12
735 12
736 12
737 12
738 10
739 11
740 11
741 11
742 11
743 12
744 10
745 11
746 11
747 12
748 11
749 12
750 11
751 10
752 10
753 10
754 10
755 10
756 9
757 10
758 11
759 11
760 12
761 10
762 10
763 10
764 10
765 11
766 11
767 11
768 11
769 11
770 11
771 12
772 12
773 12
774 13
775 13
776 13
777 13
778 15
779 14
780 12
781 12
782 11
783 11
784 11
785 10
786 11
787 11
788 11
789 11
790 11
791 11
792 10
793 11
794 11
795 10
796 12
797 13
798 12
799 10
800 10
801 10
802 11
803 10
804 9
805 10
806 9
807 10
808 8
809 9
810 9
811 9
812 8
813 9
814 8
815 9
816 9
817 8
818 8
819 9
820 8
821 9
822 9
823 9
824 9
825 10
826 10
827 11
828 12
829 11
830 11
831 11
832 11
833 11
834 10
835 11
836 11
837 11
838 12
839 12
840 11
841 12
842 11
843 11
844 11
845 11
846 12
847 12
848 11
849 9
850 9
851 10
852 11
853 10
854 10
855 10
856 9
857 9
858 8
859 9
860 8
861 8
862 7
863 9
864 10
865 11
866 13
867 11
868 11
869 12
870 12
871 12
872 11
873 11
874 11
875 12
876 12
877 11
878 12
879 12
880 13
881 11
882 13
883 13
884 11
885 11
886 11
887 9
888 10
889 10
890 10
891 9
892 7
893 8
894 8
895 7
896 7
897 8
898 10
899 9
900 10
901 11
902 11
903 12
904 13
905 12
906 13
907 11
908 11
909 12
910 12
911 10
912 11
913 12
914 12
915 12
916 11
917 10
918 11
919 9
920 8
921 8
922 8
923 9
924 11
925 11
926 11
927 10
928 11
929 10
930 9
931 10
932 11
933 12
934 14
935 13
936 11
937 11
938 12
939 13
940 13
941 12
942 13
943 11
944 10
945 9
946 9
947 8
948 9
949 7
950 8
951 7
952 7
953 7
954 8
955 9
956 10
957 9
958 9
959 10
960 5
961 7
962 6
963 7
964 6
965 8
966 8
967 7
968 7
969 7
970 9
971 10
972 12
973 12
974 12
975 10
976 9
977 8
978 9
979 9
980 9
981 9
982 9
983 12
984 12
985 13
986 12
987 11
988 9
989 10
990 11
991 11
992 13
993 13
994 14
995 15
996 14
997 15
998 13
999 11
1000 12
