0 90
1 81
2 72
3 67
4 62
5 62
6 62
7 65
8 64
9 63
10 62
11 60
12 57
13 60
14 64
15 62
16 57
17 55
18 58
19 63
20 60
21 62
22 59
23 56
24 60
25 56
26 58
27 61
28 66
29 66
30 64
31 66
32 61
33 60
34 55
35 61
36 62
37 61
38 64
39 60
40 61
41 61
42 61
43 64
44 62
45 62
46 64
47 64
48 65
49 66
50 67
51 64
52 62
53 60
54 67
55 70
56 65
57 66
58 64
59 69
60 68
61 68
62 68
63 64
64 62
65 65
66 62
67 65
68 69
69 65
70 62
71 59
72 61
73 66
74 67
75 65
76 65
77 61
78 64
79 65
80 68
81 63
82 63
83 65
84 61
85 61
86 65
87 63
88 64
89 60
90 60
91 62
92 64
93 64
94 66
95 64
96 69
97 68
98 65
99 66
100 64
101 60
102 64
103 66
104 64
105 66
106 69
107 64
108 67
109 63
110 65
111 67
112 64
113 62
114 69
115 67
116 59
117 64
118 62
119 61
120 63
121 61
122 60
123 61
124 61
125 64
126 63
127 65
128 68
129 66
130 66
131 66
132 67
133 64
134 66
135 64
136 64
137 62
138 59
139 61
140 65
141 66
142 67
143 62
144 66
145 66
146 60
147 60
148 59
149 55
150 59
151 55
152 52
153 61
154 62
155 61
156 65
157 59
158 60
159 59
160 58
161 63
162 58
163 57
164 59
165 59
166 57
167 56
168 59
169 62
170 62
171 59
172 61
173 69
174 69
175 71
176 67
177 68
178 69
179 68
180 62
181 62
182 60
183 59
184 65
185 63
186 59
187 62
188 67
189 66
190 61
191 62
192 60
193 59
194 62
195 61
196 56
197 64
198 61
199 63
200 64
201 60
202 57
203 63
204 61
205 60
206 65
207 65
208 65
209 66
210 62
211 60
212 59
213 62
214 64
215 63
216 60
217 62
218 64
219 66
220 67
221 66
222 65
223 67
224 65
225 64
226 64
227 67
228 62
229 61
230 66
231 67
232 66
233 64
234 61
235 62
236 69
237 63
238 61
239 60
240 58
241 61
242 57
243 64
244 64
245 62
246 62
247 63
248 67
249 61
250 58
251 59
252 60
253 56
254 60
255 60
256 63
257 62
258 63
259 60
260 60
261 60
262 58
263 57
264 57
265 63
266 62
267 58
268 59
269 62
270 66
271 64
272 62
273 66
274 64
275 66
276 65
277 63
278 63
279 63
280 65
281 62
282 59
283 64
284 66
285 67
286 63
287 60
288 60
289 60
290 65
291 66
292 65
293 68
294 69
295 72
296 72
297 68
298 65
299 61
300 57
301 63
302 60
303 61
304 65
305 64
306 60
307 58
308 64
309 63
310 63
311 61
312 65
313 66
314 64
315 64
316 63
317 66
318 65
319 64
320 64
321 62
322 61
323 58
324 61
325 65
326 62
327 63
328 62
329 60
330 57
331 55
332 59
333 63
334 65
335 66
336 64
337 59
338 62
339 56
340 56
341 59
342 68
343 67
344 67
345 59
346 66
347 62
348 59
349 60
350 61
351 60
352 60
353 62
354 58
355 56
356 60
357 58
358 58
359 66
360 68
361 70
362 69
363 67
364 57
365 62
366 63
367 62
368 64
369 61
370 54
371 56
372 55
373 55
374 57
375 58
376 66
377 65
378 67
379 66
380 59
381 62
382 64
383 64
384 66
385 61
386 57
387 58
388 58
389 60
390 61
391 61
392 61
393 62
394 66
395 62
396 63
397 62
398 59
399 58
400 63
401 67
402 65
403 62
404 65
405 67
406 62
407 64
408 63
409 63
410 64
411 62
412 63
413 63
414 61
415 62
416 59
417 59
418 58
419 60
420 58
421 60
422 64
423 63
424 62
425 63
426 64
427 60
428 61
429 60
430 59
431 58
432 62
433 58
434 63
435 64
436 66
437 62
438 64
439 64
440 63
441 65
442 66
443 68
444 68
445 65
446 65
447 65
448 61
449 58
450 58
451 58
452 64
453 63
454 66
455 61
456 58
457 60
458 65
459 68
460 63
461 66
462 63
463 67
464 65
465 67
466 67
467 65
468 63
469 67
470 65
471 69
472 65
473 64
474 64
475 65
476 63
477 62
478 64
479 65
480 68
481 69
482 67
483 65
484 56
485 58
486 59
487 60
488 63
489 60
490 61
491 69
492 70
493 62
494 61
495 62
496 66
497 69
498 70
499 71
500 65
501 65
502 63
503 58
504 61
505 61
506 63
507 65
508 69
509 67
510 68
511 65
512 61
513 58
514 55
515 61
516 61
517 62
518 68
519 68
520 71
521 64
522 58
523 60
524 61
525 61
526 62
527 61
528 66
529 61
530 64
531 65
532 62
533 60
534 64
535 62
536 62
537 67
538 66
539 66
540 69
541 65
542 66
543 64
544 58
545 57
546 59
547 60
548 63
549 63
550 64
551 64
552 69
553 70
554 63
555 66
556 65
557 61
558 62
559 63
560 59
561 58
562 63
563 61
564 61
565 60
566 63
567 59
568 61
569 66
570 62
571 63
572 62
573 61
574 61
575 57
576 61
577 59
578 59
579 59
580 61
581 57
582 60
583 59
584 63
585 64
586 62
587 60
588 60
589 56
590 62
591 61
592 58
593 61
594 64
595 62
596 61
597 57
598 58
599 61
600 65
601 65
602 68
603 71
604 63
605 66
606 67
607 60
608 65
609 67
610 64
611 61
612 63
613 59
614 57
615 56
616 60
617 59
618 59
619 59
620 62
621 65
622 60
623 66
624 64
625 60
626 60
627 58
628 60
629 63
630 64
631 64
632 61
633 62
634 66
635 63
636 63
637 60
638 58
639 63
640 64
641 67
642 62
643 64
644 64
645 66
646 62
647 58
648 60
649 63
650 58
651 59
652 65
653 67
654 67
655 72
656 68
657 67
658 67
659 70
660 72
661 74
662 70
663 65
664 71
665 69
666 66
667 66
668 68
669 64
670 61
671 66
672 68
673 67
674 60
675 64
676 62
677 62
678 63
679 65
680 69
681 68
682 69
683 68
684 66
685 60
686 65
687 64
688 64
689 67
690 62
691 66
692 66
693 67
694 67
695 67
696 65
697 60
698 61
699 62
700 65
701 68
702 67
703 66
704 59
705 55
706 58
707 61
708 58
709 53
710 54
711 59
712 62
713 66
714 64
715 63
716 64
717 67
718 69
719 66
720 66
721 67
722 67
723 62
724 67
725 64
726 62
727 66
728 63
729 62
730 62
731 58
732 62
733 60
734 62
735 58
736 64
737 63
738 67
739 67
740 67
741 65
742 67
743 64
744 59
745 61
746 66
747 65
748 67
749 68
750 68
751 64
752 67
753 67
754 67
755 69
756 69
757 70
758 66
759 69
760 66
761 66
762 61
763 63
764 69
765 68
766 60
767 61
768 57
769 63
770 63
771 68
772 65
773 65
774 61
775 59
776 64
777 65
778 66
779 65
780 65
781 66
782 69
783 67
784 70
785 69
786 60
787 58
788 60
789 54
790 61
791 64
792 64
793 63
794 65
795 61
796 61
797 65
798 66
799 62
800 65
801 68
802 67
803 61
804 61
805 61
806 62
807 61
808 57
809 60
810 60
811 61
812 60
813 65
814 64
815 61
816 64
817 63
818 66
819 62
820 56
821 55
822 53
823 57
824 56
825 60
826 60
827 63
828 69
829 63
830 67
831 70
832 66
833 64
834 63
835 60
836 59
837 65
838 63
839 63
840 59
841 59
842 60
843 63
844 68
845 61
846 63
847 66
848 69
849 69
850 64
851 64
852 62
853 59
854 60
855 61
856 62
857 64
858 63
859 66
860 70
861 64
862 61
863 55
864 63
865 63
866 63
867 68
868 61
869 63
870 63
871 61
872 62
873 60
874 63
875 67
876 65
877 65
878 66
879 60
880 62
881 63
882 65
883 60
884 62
885 69
886 67
887 64
888 64
889 68
890 57
891 56
892 60
893 61
894 60
895 61
896 62
897 63
898 60
899 59
900 58
901 59
902 62
903 60
904 60
905 60
906 59
907 62
908 62
909 61
910 62
911 61
912 61
913 57
914 56
915 60
916 60
917 60
918 59
919 64
920 60
921 58
922 54
923 57
924 58
925 54
926 56
927 55
928 59
929 61
930 61
931 62
932 57
933 61
934 63
935 58
936 62
937 61
938 66
939 68
940 68
941 69
942 63
943 63
944 65
945 59
946 63
947 60
948 61
949 65
950 60
951 59
952 61
953 63
954 67
955 61
956 64
957 68
958 64
959 65
960 68
961 67
962 64
963 70
964 68
965 62
966 64
967 67
968 61
969 64
970 61
971 58
972 60
973 58
974 62
975 68
976 68
977 67
978 68
979 68
980 66
981 65
982 61
983 63
984 66
985 67
986 67
987 67
988 64
989 62
990 64
991 65
992 65
993 64
994 62
995 64
996 62
997 64
998 61
999 57
1000 58
