0 95
1 73
2 63
3 65
4 72
5 63
6 60
7 64
8 62
9 63
10 62
11 66
12 63
13 69
14 64
15 66
16 62
17 63
18 61
19 66
20 67
21 69
22 69
23 60
24 65
25 68
26 61
27 62
28 66
29 67
30 68
31 67
32 61
33 62
34 56
35 65
36 66
37 65
38 63
39 67
40 60
41 67
42 63
43 65
44 63
45 66
46 59
47 65
48 59
49 62
50 65
51 59
52 63
53 62
54 67
55 67
56 67
57 68
58 68
59 67
60 70
61 55
62 61
63 67
64 66
65 66
66 63
67 67
68 64
69 58
70 64
71 65
72 65
73 66
74 68
75 60
76 61
77 66
78 68
79 63
80 62
81 62
82 66
83 67
84 67
85 63
86 65
87 64
88 63
89 61
90 64
91 64
92 62
93 63
94 57
95 67
96 65
97 61
98 65
99 67
100 65
101 65
102 65
103 64
104 69
105 68
106 67
107 60
108 62
109 66
110 64
111 64
112 66
113 66
114 66
115 64
116 66
117 64
118 62
119 67
120 65
121 67
122 67
123 65
124 65
125 67
126 66
127 61
128 65
129 68
130 65
131 63
132 66
133 67
134 63
135 65
136 60
137 61
138 66
139 67
140 67
141 68
142 67
143 65
144 68
145 66
146 67
147 63
148 62
149 64
150 64
151 67
152 63
153 61
154 66
155 65
156 68
157 65
158 64
159 63
160 59
161 63
162 62
163 66
164 60
165 64
166 65
167 59
168 56
169 65
170 69
171 65
172 68
173 62
174 67
175 64
176 64
177 66
178 67
179 67
180 59
181 62
182 64
183 62
184 66
185 63
186 62
187 63
188 63
189 67
190 67
191 66
192 66
193 67
194 66
195 65
196 69
197 61
198 63
199 63
200 65
201 63
202 65
203 62
204 64
205 60
206 61
207 67
208 64
209 66
210 58
211 66
212 65
213 66
214 70
215 68
216 65
217 65
218 65
219 61
220 65
221 67
222 64
223 62
224 57
225 68
226 68
227 67
228 61
229 56
230 54
231 64
232 59
233 61
234 66
235 62
236 62
237 63
238 63
239 65
240 68
241 66
242 67
243 63
244 67
245 68
246 70
247 64
248 64
249 60
250 65
251 65
252 66
253 62
254 61
255 62
256 61
257 65
258 61
259 59
260 60
261 68
262 64
263 65
264 61
265 67
266 67
267 66
268 60
269 67
270 70
271 64
272 63
273 66
274 68
275 71
276 69
277 68
278 65
279 67
280 65
281 58
282 64
283 62
284 68
285 65
286 63
287 69
288 64
289 68
290 66
291 66
292 67
293 62
294 65
295 69
296 65
297 68
298 66
299 64
300 58
301 63
302 66
303 67
304 63
305 61
306 61
307 59
308 65
309 65
310 64
311 69
312 64
313 61
314 66
315 66
316 58
317 67
318 62
319 64
320 59
321 65
322 65
323 65
324 64
325 62
326 61
327 62
328 62
329 60
330 66
331 62
332 58
333 61
334 65
335 62
336 62
337 64
338 65
339 64
340 63
341 61
342 66
343 60
344 64
345 64
346 59
347 64
348 61
349 57
350 60
351 58
352 64
353 67
354 64
355 61
356 64
357 61
358 57
359 67
360 67
361 67
362 59
363 61
364 63
365 64
366 67
367 65
368 63
369 66
370 67
371 61
372 64
373 62
374 57
375 63
376 66
377 61
378 65
379 58
380 63
381 64
382 65
383 60
384 60
385 64
386 65
387 65
388 60
389 61
390 63
391 60
392 68
393 67
394 64
395 64
396 61
397 62
398 61
399 62
400 64
401 63
402 60
403 68
404 70
405 69
406 69
407 63
408 65
409 63
410 66
411 66
412 67
413 68
414 64
415 60
416 57
417 65
418 57
419 65
420 68
421 60
422 62
423 65
424 65
425 66
426 61
427 66
428 69
429 67
430 67
431 64
432 63
433 65
434 63
435 66
436 61
437 62
438 63
439 64
440 64
441 63
442 64
443 63
444 64
445 62
446 63
447 65
448 65
449 70
450 60
451 68
452 65
453 68
454 64
455 62
456 62
457 62
458 66
459 63
460 61
461 63
462 64
463 63
464 68
465 68
466 68
467 62
468 64
469 66
470 64
471 62
472 69
473 69
474 65
475 63
476 65
477 60
478 65
479 64
480 63
481 64
482 65
483 68
484 65
485 65
486 61
487 65
488 66
489 66
490 60
491 65
492 67
493 67
494 68
495 64
496 63
497 66
498 67
499 69
500 70
501 66
502 63
503 66
504 64
505 64
506 67
507 65
508 63
509 66
510 65
511 66
512 64
513 63
514 67
515 67
516 66
517 65
518 66
519 67
520 69
521 65
522 65
523 61
524 59
525 64
526 61
527 63
528 66
529 62
530 63
531 69
532 64
533 65
534 66
535 61
536 68
537 65
538 67
539 66
540 67
541 67
542 63
543 63
544 63
545 62
546 61
547 58
548 64
549 65
550 64
551 65
552 60
553 67
554 68
555 67
556 64
557 64
558 66
559 65
560 65
561 68
562 60
563 66
564 63
565 60
566 64
567 65
568 62
569 61
570 66
571 70
572 63
573 65
574 61
575 65
576 65
577 67
578 67
579 68
580 68
581 64
582 68
583 72
584 64
585 64
586 70
587 70
588 71
589 63
590 65
591 70
592 71
593 72
594 66
595 63
596 64
597 70
598 66
599 63
600 66
601 67
602 67
603 64
604 68
605 66
606 67
607 68
608 62
609 67
610 63
611 67
612 63
613 69
614 66
615 64
616 70
617 67
618 66
619 66
620 61
621 66
622 61
623 70
624 68
625 68
626 66
627 65
628 63
629 68
630 62
631 66
632 63
633 64
634 61
635 65
636 64
637 65
638 62
639 65
640 63
641 66
642 65
643 64
644 67
645 63
646 65
647 65
648 66
649 58
650 60
651 67
652 71
653 64
654 67
655 69
656 68
657 63
658 65
659 63
660 65
661 65
662 61
663 62
664 59
665 67
666 66
667 59
668 66
669 63
670 62
671 66
672 66
673 60
674 61
675 62
676 64
677 63
678 59
679 67
680 64
681 65
682 68
683 67
684 65
685 65
686 61
687 64
688 66
689 70
690 70
691 66
692 64
693 65
694 65
695 68
696 59
697 61
698 66
699 64
700 65
701 67
702 67
703 63
704 64
705 62
706 59
707 64
708 63
709 64
710 63
711 65
712 66
713 66
714 63
715 64
716 66
717 64
718 63
719 61
720 64
721 73
722 68
723 71
724 68
725 68
726 65
727 65
728 64
729 66
730 66
731 64
732 63
733 66
734 58
735 63
736 64
737 63
738 65
739 68
740 62
741 68
742 71
743 59
744 62
745 66
746 63
747 61
748 67
749 65
750 62
751 65
752 66
753 68
754 66
755 62
756 60
757 62
758 67
759 71
760 69
761 62
762 66
763 64
764 60
765 63
766 67
767 63
768 63
769 63
770 63
771 63
772 62
773 59
774 65
775 66
776 67
777 63
778 65
779 68
780 61
781 59
782 67
783 66
784 68
785 67
786 64
787 65
788 64
789 66
790 65
791 65
792 62
793 60
794 64
795 61
796 64
797 65
798 62
799 60
800 66
801 63
802 65
803 65
804 67
805 68
806 66
807 65
808 65
809 65
810 67
811 59
812 63
813 65
814 57
815 63
816 67
817 70
818 71
819 64
820 59
821 66
822 65
823 64
824 66
825 67
826 67
827 67
828 64
829 58
830 66
831 66
832 61
833 59
834 61
835 64
836 64
837 62
838 69
839 63
840 67
841 60
842 63
843 64
844 62
845 63
846 64
847 63
848 68
849 69
850 64
851 64
852 64
853 63
854 62
855 66
856 64
857 65
858 62
859 65
860 68
861 65
862 69
863 66
864 63
865 65
866 61
867 63
868 65
869 66
870 61
871 63
872 67
873 69
874 65
875 64
876 63
877 58
878 60
879 62
880 62
881 62
882 57
883 66
884 63
885 62
886 66
887 65
888 66
889 65
890 64
891 62
892 68
893 64
894 67
895 67
896 68
897 59
898 65
899 64
900 66
901 67
902 65
903 63
904 68
905 65
906 65
907 66
908 62
909 65
910 64
911 65
912 61
913 66
914 64
915 64
916 60
917 65
918 66
919 67
920 64
921 61
922 68
923 65
924 61
925 63
926 66
927 66
928 72
929 69
930 65
931 69
932 64
933 64
934 63
935 63
936 64
937 63
938 64
939 69
940 65
941 67
942 66
943 64
944 62
945 66
946 70
947 57
948 67
949 69
950 67
951 63
952 69
953 65
954 67
955 66
956 66
957 68
958 63
959 66
960 62
961 64
962 65
963 71
964 64
965 63
966 67
967 65
968 65
969 61
970 64
971 62
972 61
973 63
974 70
975 64
976 61
977 64
978 62
979 64
980 67
981 63
982 66
983 63
984 69
985 65
986 66
987 59
988 66
989 63
990 63
991 63
992 64
993 65
994 64
995 63
996 66
997 65
998 67
999 61
1000 63
