0 50
1 46
2 41
3 37
4 34
5 34
6 30
7 31
8 31
9 30
10 29
11 31
12 31
13 31
14 27
15 28
16 24
17 25
18 24
19 27
20 29
21 30
22 29
23 29
24 29
25 30
26 29
27 30
28 26
29 26
30 29
31 29
32 30
33 29
34 31
35 28
36 30
37 32
38 33
39 30
40 30
41 30
42 31
43 31
44 29
45 29
46 30
47 31
48 30
49 30
50 26
51 23
52 23
53 23
54 21
55 21
56 22
57 25
58 22
59 21
60 24
61 24
62 28
63 27
64 26
65 29
66 29
67 28
68 26
69 27
70 27
71 27
72 26
73 27
74 27
75 29
76 27
77 27
78 26
79 24
80 27
81 24
82 24
83 24
84 25
85 26
86 27
87 26
88 27
89 24
90 25
91 24
92 26
93 26
94 27
95 25
96 24
97 24
98 25
99 27
100 25
101 24
102 25
103 26
104 25
105 28
106 26
107 26
108 27
109 26
110 27
111 26
112 26
113 27
114 30
115 27
116 25
117 24
118 27
119 29
120 29
121 28
122 26
123 28
124 30
125 28
126 29
127 29
128 27
129 29
130 32
131 32
132 31
133 30
134 29
135 30
136 32
137 31
138 31
139 31
140 31
141 29
142 29
143 28
144 28
145 28
146 27
147 27
148 26
149 26
150 28
151 29
152 29
153 27
154 26
155 27
156 25
157 27
158 28
159 29
160 26
161 25
162 27
163 28
164 26
165 26
166 28
167 27
168 29
169 28
170 28
171 26
172 27
173 29
174 26
175 28
176 28
177 28
178 30
179 27
180 28
181 26
182 26
183 27
184 30
185 30
186 31
187 30
188 33
189 31
190 30
191 32
192 31
193 29
194 30
195 29
196 30
197 29
198 30
199 30
200 31
201 30
202 26
203 25
204 25
205 25
206 27
207 27
208 28
209 27
210 27
211 27
212 24
213 24
214 26
215 26
216 26
217 28
218 27
219 25
220 26
221 29
222 28
223 28
224 29
225 29
226 29
227 27
228 26
229 23
230 23
231 25
232 26
233 28
234 27
235 27
236 28
237 29
238 29
239 30
240 31
241 32
242 32
243 31
244 33
245 32
246 30
247 29
248 26
249 26
250 24
251 23
252 26
253 27
254 25
255 24
256 24
257 25
258 26
259 25
260 24
261 24
262 23
263 25
264 25
265 27
266 25
267 27
268 27
269 26
270 26
271 28
272 29
273 28
274 29
275 30
276 29
277 30
278 31
279 30
280 28
281 28
282 30
283 28
284 24
285 24
286 24
287 24
288 26
289 26
290 27
291 29
292 28
293 30
294 27
295 24
296 25
297 27
298 27
299 28
300 29
301 30
302 29
303 28
304 23
305 26
306 24
307 24
308 28
309 29
310 27
311 27
312 29
313 27
314 23
315 27
316 27
317 27
318 28
319 28
320 28
321 29
322 26
323 24
324 21
325 21
326 23
327 24
328 24
329 25
330 26
331 26
332 25
333 24
334 25
335 27
336 27
337 26
338 29
339 26
340 27
341 28
342 30
343 29
344 30
345 29
346 27
347 29
348 26
349 24
350 25
351 26
352 27
353 26
354 27
355 28
356 28
357 29
358 28
359 28
360 29
361 28
362 29
363 30
364 31
365 29
366 27
367 27
368 26
369 28
370 27
371 25
372 25
373 26
374 28
375 27
376 26
377 25
378 26
379 26
380 28
381 27
382 24
383 25
384 25
385 27
386 29
387 31
388 32
389 31
390 30
391 32
392 30
393 28
394 27
395 26
396 27
397 28
398 26
399 26
400 27
401 28
402 27
403 27
404 29
405 29
406 26
407 27
408 28
409 27
410 28
411 28
412 27
413 26
414 27
415 27
416 28
417 28
418 29
419 31
420 32
421 30
422 29
423 27
424 28
425 27
426 28
427 27
428 27
429 27
430 26
431 27
432 25
433 25
434 26
435 27
436 28
437 28
438 29
439 29
440 29
441 30
442 29
443 29
444 29
445 29
446 28
447 25
448 25
449 26
450 23
451 22
452 25
453 27
454 31
455 31
456 30
457 27
458 28
459 28
460 29
461 31
462 28
463 30
464 25
465 24
466 26
467 25
468 22
469 23
470 24
471 26
472 28
473 29
474 28
475 29
476 29
477 29
478 29
479 30
480 29
481 30
482 29
483 31
484 31
485 31
486 27
487 26
488 27
489 29
490 28
491 28
492 28
493 27
494 26
495 23
496 22
497 22
498 26
499 26
500 27
501 26
502 27
503 27
504 28
505 28
506 28
507 29
508 29
509 28
510 30
511 27
512 27
513 23
514 25
515 25
516 26
517 24
518 26
519 23
520 22
521 25
522 27
523 26
524 28
525 27
526 25
527 25
528 25
529 24
530 24
531 22
532 24
533 24
534 26
535 26
536 27
537 28
538 28
539 26
540 27
541 28
542 28
543 27
544 28
545 27
546 26
547 28
548 25
549 25
550 27
551 27
552 29
553 31
554 31
555 30
556 28
557 27
558 26
559 29
560 31
561 29
562 29
563 29
564 29
565 29
566 29
567 29
568 26
569 26
570 26
571 25
572 26
573 26
574 28
575 26
576 23
577 24
578 23
579 23
580 26
581 29
582 30
583 30
584 28
585 31
586 28
587 26
588 27
589 24
590 23
591 24
592 25
593 26
594 28
595 28
596 28
597 30
598 27
599 25
600 25
601 25
602 26
603 24
604 26
605 26
606 25
607 22
608 25
609 24
610 26
611 26
612 28
613 29
614 29
615 26
616 27
617 24
618 23
619 26
620 27
621 27
622 29
623 31
624 31
625 32
626 32
627 31
628 30
629 30
630 28
631 26
632 25
633 27
634 26
635 25
636 24
637 26
638 27
639 27
640 26
641 25
642 26
643 27
644 30
645 30
646 29
647 28
648 26
649 25
650 25
651 23
652 23
653 25
654 26
655 29
656 30
657 28
658 29
659 29
660 30
661 31
662 29
663 27
664 28
665 28
666 29
667 29
668 29
669 28
670 30
671 28
672 27
673 26
674 27
675 28
676 29
677 29
678 31
679 29
680 28
681 29
682 28
683 30
684 29
685 29
686 30
687 32
688 34
689 32
690 31
691 31
692 29
693 29
694 27
695 27
696 26
697 27
698 26
699 26
700 27
701 29
702 27
703 26
704 26
705 27
706 28
707 29
708 27
709 28
710 28
711 31
712 31
713 28
714 30
715 31
716 29
717 31
718 30
719 29
720 27
721 30
722 30
723 29
724 26
725 25
726 27
727 27
728 26
729 26
730 28
731 29
732 30
733 28
734 27
735 25
736 26
737 22
738 25
739 23
740 24
741 25
742 25
743 25
744 24
745 27
746 27
747 28
748 28
749 28
750 27
751 25
752 27
753 28
754 30
755 28
756 26
757 29
758 27
759 26
760 28
761 27
762 31
763 29
764 30
765 27
766 30
767 32
768 31
769 30
770 30
771 27
772 25
773 28
774 30
775 31
776 31
777 31
778 28
779 28
780 28
781 29
782 28
783 28
784 28
785 28
786 25
787 28
788 29
789 31
790 29
791 27
792 25
793 25
794 26
795 28
796 30
797 29
798 28
799 27
800 27
801 28
802 25
803 24
804 26
805 28
806 28
807 29
808 29
809 32
810 32
811 33
812 32
813 34
814 31
815 29
816 30
817 32
818 33
819 29
820 30
821 30
822 29
823 30
824 31
825 30
826 27
827 25
828 27
829 29
830 30
831 29
832 26
833 21
834 22
835 25
836 26
837 27
838 28
839 28
840 28
841 28
842 30
843 29
844 29
845 31
846 31
847 32
848 29
849 29
850 29
851 31
852 30
853 30
854 31
855 31
856 31
857 33
858 32
859 33
860 32
861 32
862 30
863 30
864 30
865 28
866 29
867 27
868 28
869 30
870 32
871 30
872 30
873 30
874 30
875 30
876 29
877 28
878 26
879 25
880 27
881 28
882 28
883 27
884 26
885 27
886 29
887 30
888 30
889 27
890 26
891 25
892 27
893 30
894 29
895 29
896 30
897 29
898 30
899 29
900 27
901 25
902 25
903 26
904 26
905 25
906 28
907 25
908 27
909 26
910 24
911 26
912 29
913 27
914 24
915 24
916 26
917 28
918 27
919 26
920 27
921 26
922 27
923 28
924 28
925 25
926 23
927 24
928 26
929 24
930 26
931 27
932 25
933 24
934 26
935 27
936 28
937 26
938 25
939 25
940 28
941 28
942 26
943 27
944 24
945 25
946 25
947 26
948 25
949 26
950 27
951 26
952 25
953 26
954 25
955 26
956 27
957 27
958 30
959 32
960 32
961 30
962 30
963 28
964 27
965 25
966 26
967 25
968 25
969 24
970 23
971 22
972 23
973 23
974 24
975 23
976 21
977 21
978 22
979 24
980 27
981 26
982 23
983 21
984 23
985 26
986 28
987 28
988 28
989 30
990 28
991 28
992 28
993 26
994 27
995 28
996 27
997 28
998 25
999 26
1000 24
