0 85
1 58
2 59
3 54
4 59
5 58
6 59
7 60
8 56
9 55
10 59
11 57
12 56
13 56
14 52
15 60
16 62
17 56
18 58
19 62
20 58
21 59
22 57
23 58
24 62
25 55
26 55
27 61
28 57
29 55
30 59
31 61
32 55
33 58
34 57
35 58
36 56
37 58
38 53
39 56
40 58
41 62
42 55
43 60
44 61
45 60
46 65
47 57
48 57
49 59
50 57
51 58
52 57
53 58
54 63
55 60
56 58
57 55
58 54
59 59
60 58
61 58
62 58
63 61
64 58
65 59
66 61
67 60
68 57
69 59
70 56
71 54
72 60
73 56
74 58
75 58
76 55
77 59
78 49
79 61
80 61
81 56
82 53
83 55
84 57
85 57
86 58
87 63
88 53
89 61
90 60
91 60
92 57
93 59
94 55
95 53
96 54
97 59
98 55
99 55
100 49
101 59
102 60
103 58
104 59
105 52
106 52
107 59
108 53
109 59
110 53
111 56
112 60
113 60
114 53
115 57
116 56
117 60
118 60
119 54
120 57
121 58
122 60
123 60
124 61
125 54
126 59
127 58
128 60
129 60
130 56
131 61
132 61
133 60
134 58
135 56
136 61
137 57
138 59
139 57
140 56
141 57
142 55
143 60
144 60
145 55
146 58
147 60
148 55
149 57
150 54
151 53
152 58
153 59
154 57
155 55
156 58
157 57
158 58
159 54
160 54
161 59
162 61
163 61
164 62
165 58
166 54
167 57
168 60
169 61
170 62
171 54
172 59
173 59
174 59
175 56
176 56
177 61
178 57
179 57
180 57
181 57
182 59
183 54
184 58
185 58
186 61
187 62
188 59
189 63
190 56
191 58
192 60
193 59
194 60
195 57
196 61
197 56
198 53
199 60
200 61
201 60
202 58
203 61
204 59
205 61
206 59
207 57
208 58
209 58
210 58
211 60
212 63
213 57
214 58
215 62
216 58
217 59
218 55
219 58
220 57
221 55
222 55
223 58
224 60
225 57
226 60
227 62
228 59
229 55
230 59
231 60
232 60
233 56
234 52
235 55
236 54
237 59
238 63
239 53
240 58
241 60
242 60
243 60
244 60
245 57
246 61
247 60
248 57
249 58
250 56
251 57
252 57
253 59
254 53
255 60
256 58
257 55
258 56
259 62
260 55
261 59
262 58
263 60
264 58
265 55
266 57
267 58
268 58
269 55
270 58
271 58
272 56
273 61
274 61
275 56
276 60
277 57
278 56
279 57
280 61
281 60
282 55
283 58
284 55
285 57
286 59
287 57
288 54
289 59
290 65
291 62
292 57
293 56
294 59
295 57
296 55
297 58
298 58
299 56
300 53
301 58
302 62
303 56
304 59
305 59
306 62
307 60
308 59
309 59
310 60
311 58
312 59
313 59
314 63
315 56
316 56
317 59
318 58
319 60
320 60
321 53
322 56
323 57
324 62
325 57
326 57
327 61
328 56
329 59
330 52
331 56
332 59
333 58
334 60
335 58
336 56
337 60
338 62
339 59
340 59
341 62
342 58
343 61
344 56
345 60
346 57
347 54
348 56
349 60
350 57
351 60
352 60
353 59
354 57
355 53
356 56
357 61
358 58
359 58
360 55
361 59
362 49
363 59
364 61
365 56
366 61
367 57
368 59
369 57
370 59
371 58
372 55
373 56
374 59
375 57
376 61
377 56
378 61
379 56
380 61
381 60
382 61
383 57
384 63
385 61
386 58
387 58
388 55
389 62
390 56
391 63
392 63
393 60
394 61
395 55
396 58
397 60
398 58
399 58
400 60
401 57
402 60
403 53
404 56
405 55
406 59
407 59
408 58
409 55
410 55
411 53
412 62
413 56
414 61
415 55
416 54
417 59
418 59
419 60
420 54
421 58
422 56
423 54
424 54
425 62
426 57
427 63
428 60
429 52
430 55
431 57
432 57
433 51
434 58
435 59
436 60
437 59
438 57
439 57
440 59
441 61
442 56
443 59
444 60
445 60
446 54
447 58
448 58
449 57
450 60
451 58
452 62
453 62
454 57
455 55
456 56
457 54
458 59
459 61
460 62
461 60
462 52
463 53
464 59
465 59
466 59
467 60
468 57
469 57
470 58
471 57
472 62
473 60
474 58
475 57
476 60
477 61
478 61
479 60
480 56
481 61
482 60
483 57
484 61
485 58
486 61
487 58
488 60
489 58
490 59
491 50
492 61
493 58
494 56
495 62
496 61
497 59
498 56
499 53
500 57
501 63
502 59
503 61
504 61
505 55
506 59
507 63
508 58
509 54
510 60
511 59
512 54
513 61
514 58
515 57
516 61
517 59
518 59
519 56
520 61
521 57
522 55
523 59
524 58
525 59
526 54
527 61
528 56
529 62
530 58
531 58
532 59
533 63
534 61
535 60
536 58
537 54
538 58
539 59
540 53
541 58
542 56
543 58
544 60
545 57
546 55
547 62
548 59
549 60
550 61
551 59
552 58
553 54
554 57
555 58
556 60
557 58
558 60
559 59
560 60
561 57
562 62
563 59
564 58
565 60
566 58
567 57
568 56
569 57
570 59
571 59
572 58
573 61
574 50
575 60
576 56
577 57
578 60
579 60
580 57
581 55
582 52
583 58
584 59
585 57
586 60
587 59
588 56
589 57
590 59
591 55
592 57
593 57
594 57
595 62
596 57
597 56
598 57
599 62
600 55
601 59
602 53
603 61
604 54
605 58
606 59
607 58
608 58
609 57
610 57
611 57
612 59
613 55
614 62
615 55
616 59
617 59
618 59
619 56
620 56
621 60
622 55
623 61
624 56
625 61
626 58
627 54
628 60
629 56
630 58
631 54
632 54
633 60
634 59
635 60
636 60
637 60
638 57
639 56
640 57
641 58
642 55
643 60
644 59
645 58
646 58
647 55
648 58
649 56
650 57
651 61
652 56
653 57
654 57
655 57
656 58
657 56
658 57
659 59
660 57
661 54
662 60
663 58
664 60
665 60
666 57
667 59
668 58
669 57
670 58
671 58
672 55
673 61
674 57
675 59
676 59
677 60
678 61
679 54
680 55
681 61
682 59
683 58
684 61
685 58
686 59
687 56
688 59
689 59
690 59
691 61
692 60
693 58
694 57
695 58
696 57
697 57
698 56
699 62
700 59
701 55
702 60
703 56
704 58
705 57
706 58
707 61
708 57
709 58
710 56
711 54
712 54
713 59
714 60
715 55
716 61
717 57
718 60
719 58
720 55
721 63
722 56
723 60
724 54
725 60
726 61
727 59
728 61
729 57
730 60
731 63
732 58
733 57
734 53
735 54
736 54
737 60
738 60
739 62
740 52
741 59
742 59
743 62
744 54
745 58
746 59
747 61
748 59
749 58
750 59
751 55
752 55
753 60
754 58
755 58
756 58
757 56
758 57
759 57
760 62
761 59
762 55
763 60
764 59
765 58
766 56
767 59
768 55
769 57
770 62
771 52
772 63
773 55
774 55
775 62
776 53
777 54
778 57
779 56
780 56
781 61
782 55
783 57
784 62
785 58
786 58
787 46
788 54
789 56
790 59
791 60
792 59
793 60
794 57
795 56
796 59
797 56
798 57
799 59
800 59
801 57
802 59
803 55
804 57
805 59
806 59
807 57
808 60
809 62
810 58
811 59
812 60
813 56
814 58
815 61
816 55
817 54
818 58
819 58
820 60
821 59
822 60
823 56
824 57
825 59
826 60
827 59
828 56
829 58
830 55
831 59
832 57
833 64
834 61
835 54
836 54
837 60
838 57
839 61
840 60
841 59
842 55
843 57
844 59
845 58
846 60
847 57
848 59
849 60
850 61
851 59
852 59
853 61
854 60
855 59
856 57
857 57
858 57
859 55
860 58
861 57
862 59
863 59
864 58
865 58
866 56
867 57
868 53
869 58
870 57
871 63
872 58
873 58
874 61
875 55
876 54
877 55
878 62
879 59
880 57
881 60
882 58
883 54
884 56
885 61
886 54
887 56
888 57
889 58
890 53
891 62
892 60
893 56
894 60
895 63
896 58
897 60
898 60
899 61
900 56
901 56
902 61
903 59
904 61
905 61
906 56
907 56
908 55
909 57
910 58
911 60
912 55
913 61
914 53
915 58
916 58
917 58
918 61
919 57
920 62
921 57
922 61
923 61
924 62
925 55
926 60
927 61
928 58
929 56
930 51
931 58
932 62
933 60
934 55
935 59
936 57
937 58
938 57
939 60
940 57
941 59
942 61
943 59
944 63
945 55
946 59
947 62
948 59
949 62
950 62
951 59
952 59
953 61
954 61
955 58
956 59
957 59
958 55
959 54
960 59
961 54
962 54
963 57
964 57
965 60
966 59
967 57
968 63
969 59
970 63
971 59
972 61
973 57
974 59
975 58
976 58
977 58
978 58
979 54
980 61
981 62
982 58
983 59
984 58
985 61
986 60
987 61
988 61
989 60
990 62
991 58
992 54
993 58
994 55
995 59
996 59
997 58
998 54
999 58
1000 59
