0 70
1 54
2 52
3 51
4 50
5 47
6 47
7 51
8 53
9 51
10 45
11 50
12 48
13 48
14 49
15 48
16 46
17 50
18 52
19 51
20 51
21 48
22 51
23 52
24 48
25 45
26 46
27 47
28 50
29 47
30 49
31 54
32 49
33 53
34 46
35 53
36 52
37 48
38 47
39 49
40 52
41 55
42 50
43 46
44 44
45 51
46 55
47 54
48 54
49 55
50 48
51 46
52 44
53 50
54 50
55 56
56 49
57 50
58 46
59 47
60 46
61 50
62 53
63 48
64 46
65 53
66 52
67 52
68 53
69 49
70 51
71 50
72 50
73 48
74 50
75 50
76 48
77 52
78 53
79 46
80 47
81 50
82 49
83 48
84 51
85 50
86 48
87 50
88 48
89 46
90 47
91 48
92 55
93 48
94 54
95 54
96 46
97 49
98 50
99 50
100 51
101 49
102 47
103 51
104 50
105 52
106 48
107 48
108 48
109 50
110 47
111 48
112 49
113 48
114 54
115 53
116 48
117 50
118 50
119 48
120 49
121 49
122 48
123 52
124 48
125 47
126 46
127 47
128 47
129 50
130 52
131 56
132 56
133 54
134 52
135 48
136 51
137 53
138 53
139 51
140 53
141 50
142 53
143 49
144 46
145 50
146 55
147 56
148 47
149 46
150 49
151 52
152 51
153 40
154 41
155 48
156 45
157 51
158 53
159 56
160 56
161 54
162 52
163 50
164 48
165 49
166 52
167 54
168 50
169 47
170 51
171 50
172 54
173 50
174 48
175 50
176 47
177 46
178 51
179 47
180 49
181 44
182 44
183 47
184 47
185 50
186 51
187 52
188 53
189 52
190 52
191 51
192 48
193 45
194 43
195 45
196 39
197 45
198 47
199 47
200 52
201 51
202 49
203 51
204 48
205 53
206 49
207 49
208 53
209 54
210 54
211 51
212 46
213 45
214 49
215 50
216 52
217 47
218 48
219 55
220 50
221 50
222 49
223 54
224 51
225 48
226 50
227 52
228 51
229 52
230 50
231 54
232 52
233 50
234 49
235 42
236 50
237 48
238 45
239 50
240 47
241 50
242 56
243 53
244 50
245 51
246 49
247 53
248 52
249 52
250 56
251 52
252 52
253 50
254 54
255 50
256 48
257 49
258 50
259 50
260 50
261 46
262 44
263 49
264 49
265 49
266 47
267 45
268 48
269 49
270 46
271 48
272 48
273 50
274 48
275 51
276 53
277 54
278 53
279 45
280 50
281 52
282 53
283 51
284 52
285 50
286 49
287 47
288 50
289 51
290 47
291 49
292 47
293 53
294 53
295 54
296 50
297 51
298 51
299 45
300 42
301 45
302 50
303 55
304 56
305 51
306 46
307 41
308 46
309 48
310 48
311 44
312 47
313 54
314 48
315 46
316 47
317 50
318 55
319 52
320 49
321 45
322 42
323 47
324 50
325 49
326 50
327 41
328 46
329 47
330 48
331 50
332 46
333 48
334 50
335 50
336 48
337 44
338 49
339 48
340 47
341 45
342 47
343 49
344 52
345 45
346 47
347 52
348 46
349 52
350 55
351 51
352 50
353 52
354 45
355 51
356 56
357 52
358 51
359 51
360 54
361 55
362 56
363 53
364 50
365 50
366 49
367 49
368 51
369 48
370 52
371 55
372 57
373 52
374 53
375 45
376 45
377 53
378 50
379 46
380 48
381 47
382 47
383 39
384 47
385 48
386 49
387 53
388 51
389 47
390 49
391 51
392 51
393 52
394 54
395 52
396 49
397 53
398 51
399 46
400 49
401 48
402 53
403 52
404 49
405 47
406 51
407 54
408 54
409 55
410 54
411 50
412 51
413 52
414 53
415 47
416 50
417 51
418 50
419 45
420 45
421 48
422 52
423 52
424 50
425 46
426 43
427 45
428 42
429 49
430 46
431 48
432 47
433 48
434 47
435 49
436 51
437 47
438 52
439 50
440 48
441 44
442 46
443 48
444 47
445 51
446 47
447 53
448 50
449 50
450 55
451 52
452 44
453 47
454 48
455 52
456 51
457 48
458 50
459 47
460 46
461 51
462 43
463 45
464 50
465 50
466 42
467 49
468 43
469 49
470 46
471 52
472 49
473 49
474 50
475 46
476 51
477 51
478 50
479 50
480 50
481 46
482 50
483 47
484 49
485 49
486 47
487 45
488 49
489 52
490 48
491 50
492 46
493 50
494 48
495 48
496 50
497 52
498 55
499 54
500 52
501 51
502 53
503 51
504 52
505 53
506 53
507 54
508 50
509 47
510 49
511 51
512 51
513 49
514 44
515 54
516 50
517 49
518 51
519 47
520 52
521 54
522 46
523 45
524 49
525 45
526 48
527 47
528 45
529 53
530 51
531 54
532 50
533 48
534 43
535 52
536 55
537 45
538 51
539 48
540 46
541 49
542 47
543 49
544 49
545 51
546 51
547 50
548 52
549 47
550 48
551 54
552 52
553 51
554 49
555 46
556 50
557 44
558 46
559 47
560 42
561 47
562 48
563 44
564 48
565 44
566 51
567 47
568 46
569 45
570 52
571 52
572 54
573 52
574 53
575 52
576 52
577 53
578 49
579 48
580 48
581 50
582 51
583 53
584 50
585 49
586 45
587 43
588 43
589 43
590 45
591 55
592 53
593 48
594 45
595 47
596 50
597 51
598 48
599 54
600 51
601 54
602 52
603 49
604 45
605 49
606 52
607 52
608 51
609 51
610 52
611 51
612 50
613 56
614 48
615 42
616 47
617 47
618 50
619 49
620 52
621 49
622 48
623 45
624 53
625 54
626 53
627 49
628 50
629 52
630 53
631 53
632 50
633 45
634 50
635 50
636 48
637 51
638 46
639 47
640 46
641 47
642 48
643 47
644 45
645 55
646 51
647 51
648 50
649 49
650 54
651 56
652 53
653 54
654 48
655 49
656 48
657 51
658 48
659 52
660 51
661 51
662 52
663 51
664 46
665 47
666 51
667 49
668 50
669 53
670 56
671 53
672 53
673 49
674 54
675 48
676 48
677 49
678 45
679 50
680 47
681 51
682 51
683 50
684 52
685 51
686 44
687 42
688 46
689 48
690 47
691 55
692 49
693 53
694 48
695 50
696 41
697 51
698 50
699 51
700 52
701 48
702 52
703 45
704 42
705 43
706 47
707 48
708 51
709 51
710 49
711 47
712 47
713 49
714 48
715 50
716 45
717 47
718 49
719 52
720 53
721 49
722 46
723 52
724 46
725 45
726 46
727 47
728 52
729 55
730 52
731 50
732 50
733 48
734 50
735 47
736 47
737 49
738 47
739 48
740 51
741 45
742 40
743 40
744 40
745 42
746 40
747 44
748 46
749 46
750 47
751 52
752 53
753 48
754 50
755 45
756 41
757 42
758 44
759 50
760 48
761 47
762 49
763 48
764 49
765 49
766 49
767 45
768 45
769 49
770 52
771 47
772 47
773 49
774 50
775 54
776 47
777 49
778 50
779 49
780 49
781 51
782 53
783 48
784 53
785 49
786 53
787 54
788 52
789 50
790 49
791 48
792 51
793 45
794 50
795 50
796 44
797 53
798 52
799 50
800 50
801 49
802 48
803 48
804 42
805 52
806 56
807 52
808 54
809 52
810 49
811 50
812 52
813 51
814 52
815 46
816 49
817 48
818 53
819 50
820 49
821 51
822 51
823 53
824 54
825 56
826 56
827 57
828 55
829 54
830 50
831 46
832 50
833 50
834 52
835 45
836 50
837 47
838 51
839 45
840 51
841 49
842 48
843 47
844 45
845 47
846 50
847 49
848 51
849 55
850 53
851 54
852 54
853 58
854 52
855 54
856 53
857 48
858 42
859 46
860 49
861 52
862 51
863 47
864 49
865 48
866 47
867 52
868 49
869 51
870 49
871 50
872 51
873 53
874 55
875 45
876 43
877 42
878 45
879 45
880 51
881 49
882 50
883 49
884 49
885 52
886 55
887 49
888 54
889 56
890 55
891 50
892 43
893 51
894 48
895 49
896 49
897 47
898 49
899 49
900 48
901 42
902 49
903 55
904 51
905 53
906 48
907 53
908 50
909 54
910 48
911 49
912 53
913 42
914 48
915 48
916 50
917 45
918 50
919 43
920 42
921 47
922 52
923 52
924 47
925 46
926 48
927 49
928 49
929 48
930 51
931 42
932 50
933 51
934 50
935 49
936 50
937 47
938 49
939 47
940 51
941 51
942 49
943 52
944 52
945 53
946 52
947 54
948 53
949 47
950 53
951 51
952 45
953 48
954 49
955 50
956 49
957 49
958 50
959 46
960 53
961 50
962 52
963 48
964 51
965 47
966 48
967 48
968 50
969 51
970 45
971 47
972 54
973 52
974 53
975 49
976 51
977 50
978 50
979 52
980 54
981 53
982 47
983 52
984 46
985 42
986 44
987 49
988 50
989 53
990 49
991 49
992 53
993 45
994 46
995 51
996 47
997 51
998 51
999 53
1000 50
