0 100
1 88
2 77
3 72
4 72
5 71
6 69
7 60
8 60
9 60
10 63
11 62
12 65
13 67
14 70
15 63
16 65
17 67
18 66
19 65
20 65
21 63
22 66
23 64
24 67
25 67
26 62
27 62
28 68
29 67
30 68
31 71
32 69
33 64
34 70
35 66
36 63
37 62
38 67
39 62
40 66
41 59
42 65
43 67
44 61
45 62
46 67
47 67
48 62
49 63
50 68
51 64
52 67
53 66
54 66
55 70
56 70
57 66
58 67
59 72
60 74
61 72
62 64
63 66
64 65
65 67
66 67
67 65
68 62
69 64
70 63
71 68
72 66
73 67
74 69
75 67
76 67
77 69
78 69
79 67
80 68
81 65
82 65
83 68
84 63
85 60
86 64
87 66
88 65
89 66
90 69
91 68
92 66
93 67
94 64
95 67
96 68
97 67
98 67
99 63
100 64
101 62
102 66
103 65
104 67
105 65
106 65
107 67
108 69
109 68
110 69
111 67
112 67
113 65
114 66
115 70
116 69
117 69
118 69
119 70
120 68
121 67
122 68
123 68
124 69
125 69
126 64
127 62
128 66
129 58
130 62
131 61
132 65
133 66
134 66
135 65
136 67
137 69
138 68
139 69
140 69
141 70
142 69
143 68
144 66
145 69
146 64
147 66
148 67
149 65
150 61
151 65
152 65
153 62
154 63
155 65
156 66
157 67
158 67
159 65
160 64
161 62
162 62
163 67
164 70
165 71
166 72
167 71
168 69
169 69
170 66
171 70
172 68
173 69
174 67
175 66
176 66
177 71
178 72
179 75
180 71
181 62
182 66
183 65
184 67
185 70
186 67
187 66
188 66
189 63
190 61
191 65
192 62
193 64
194 67
195 68
196 69
197 67
198 66
199 66
200 65
201 64
202 62
203 63
204 64
205 60
206 63
207 60
208 58
209 62
210 60
211 64
212 68
213 70
214 73
215 73
216 71
217 71
218 67
219 70
220 64
221 62
222 60
223 67
224 69
225 68
226 62
227 63
228 66
229 64
230 62
231 64
232 62
233 63
234 68
235 67
236 66
237 66
238 63
239 66
240 67
241 68
242 66
243 67
244 67
245 67
246 66
247 68
248 67
249 64
250 66
251 63
252 63
253 66
254 67
255 66
256 68
257 67
258 68
259 65
260 70
261 67
262 67
263 67
264 65
265 68
266 70
267 68
268 70
269 66
270 67
271 64
272 64
273 63
274 64
275 64
276 64
277 68
278 68
279 65
280 64
281 66
282 68
283 62
284 60
285 63
286 66
287 68
288 68
289 69
290 66
291 68
292 69
293 72
294 66
295 69
296 65
297 68
298 67
299 68
300 61
301 66
302 72
303 68
304 66
305 63
306 65
307 65
308 65
309 62
310 62
311 67
312 70
313 67
314 67
315 68
316 71
317 72
318 73
319 70
320 72
321 68
322 69
323 67
324 68
325 64
326 65
327 67
328 67
329 64
330 59
331 61
332 62
333 63
334 61
335 63
336 65
337 71
338 67
339 64
340 65
341 65
342 67
343 69
344 72
345 72
346 66
347 61
348 61
349 61
350 60
351 58
352 64
353 64
354 65
355 63
356 63
357 56
358 59
359 62
360 62
361 66
362 69
363 66
364 66
365 66
366 69
367 68
368 66
369 66
370 63
371 68
372 69
373 68
374 69
375 69
376 66
377 66
378 67
379 70
380 68
381 66
382 66
383 66
384 67
385 70
386 73
387 68
388 68
389 66
390 65
391 67
392 65
393 68
394 66
395 72
396 71
397 70
398 71
399 69
400 67
401 68
402 69
403 68
404 62
405 64
406 70
407 66
408 65
409 62
410 66
411 65
412 65
413 63
414 61
415 65
416 66
417 67
418 69
419 67
420 65
421 63
422 61
423 64
424 68
425 64
426 66
427 68
428 66
429 65
430 64
431 63
432 65
433 59
434 62
435 64
436 64
437 63
438 61
439 66
440 68
441 64
442 69
443 64
444 62
445 60
446 62
447 62
448 66
449 63
450 62
451 59
452 62
453 63
454 66
455 63
456 65
457 67
458 69
459 71
460 70
461 69
462 67
463 63
464 61
465 59
466 65
467 63
468 68
469 68
470 63
471 65
472 62
473 65
474 68
475 65
476 61
477 59
478 63
479 64
480 65
481 69
482 64
483 62
484 63
485 63
486 66
487 62
488 58
489 62
490 60
491 57
492 64
493 61
494 59
495 61
496 65
497 67
498 62
499 59
500 62
501 65
502 68
503 67
504 65
505 67
506 66
507 67
508 68
509 68
510 65
511 67
512 67
513 65
514 65
515 64
516 69
517 70
518 68
519 64
520 64
521 69
522 62
523 54
524 61
525 55
526 62
527 65
528 67
529 65
530 67
531 63
532 64
533 65
534 66
535 65
536 64
537 64
538 63
539 64
540 65
541 68
542 62
543 65
544 65
545 62
546 65
547 65
548 68
549 66
550 68
551 68
552 63
553 63
554 65
555 66
556 66
557 65
558 67
559 63
560 63
561 65
562 64
563 59
564 59
565 60
566 58
567 61
568 56
569 59
570 61
571 67
572 69
573 69
574 67
575 68
576 63
577 60
578 61
579 67
580 68
581 66
582 66
583 61
584 66
585 69
586 68
587 69
588 73
589 74
590 71
591 67
592 68
593 66
594 69
595 65
596 62
597 59
598 63
599 66
600 66
601 68
602 69
603 70
604 70
605 66
606 67
607 68
608 67
609 67
610 66
611 61
612 59
613 59
614 59
615 63
616 64
617 65
618 69
619 70
620 67
621 68
622 70
623 65
624 65
625 62
626 63
627 66
628 64
629 65
630 66
631 70
632 66
633 66
634 61
635 63
636 65
637 66
638 66
639 65
640 66
641 64
642 64
643 60
644 61
645 67
646 69
647 71
648 76
649 73
650 67
651 66
652 65
653 66
654 70
655 65
656 66
657 68
658 69
659 73
660 71
661 72
662 70
663 71
664 70
665 72
666 68
667 64
668 65
669 63
670 64
671 60
672 62
673 65
674 66
675 64
676 66
677 68
678 64
679 64
680 64
681 68
682 71
683 68
684 70
685 67
686 68
687 66
688 70
689 71
690 70
691 70
692 66
693 67
694 64
695 62
696 69
697 69
698 68
699 62
700 62
701 67
702 68
703 70
704 69
705 68
706 68
707 66
708 66
709 66
710 66
711 71
712 71
713 66
714 66
715 69
716 70
717 65
718 66
719 67
720 68
721 67
722 70
723 68
724 70
725 68
726 68
727 68
728 65
729 66
730 70
731 71
732 68
733 66
734 63
735 66
736 66
737 63
738 66
739 65
740 65
741 63
742 63
743 65
744 67
745 70
746 66
747 63
748 63
749 65
750 64
751 64
752 63
753 67
754 65
755 65
756 64
757 68
758 66
759 68
760 64
761 64
762 67
763 66
764 68
765 69
766 67
767 62
768 61
769 65
770 63
771 64
772 56
773 60
774 67
775 68
776 66
777 62
778 65
779 63
780 64
781 64
782 63
783 61
784 64
785 66
786 67
787 64
788 63
789 65
790 63
791 65
792 68
793 69
794 67
795 62
796 62
797 62
798 67
799 65
800 63
801 69
802 71
803 72
804 72
805 68
806 64
807 66
808 66
809 65
810 60
811 67
812 64
813 59
814 65
815 59
816 61
817 62
818 67
819 62
820 62
821 60
822 60
823 65
824 70
825 70
826 68
827 69
828 72
829 74
830 71
831 69
832 68
833 70
834 69
835 69
836 67
837 68
838 65
839 67
840 70
841 68
842 63
843 59
844 60
845 64
846 61
847 63
848 65
849 65
850 69
851 66
852 66
853 66
854 69
855 70
856 70
857 70
858 68
859 66
860 62
861 60
862 67
863 67
864 72
865 67
866 65
867 62
868 64
869 67
870 66
871 67
872 66
873 67
874 68
875 65
876 68
877 67
878 59
879 58
880 63
881 65
882 67
883 68
884 68
885 66
886 68
887 67
888 67
889 71
890 75
891 73
892 75
893 69
894 69
895 64
896 64
897 64
898 63
899 65
900 66
901 65
902 66
903 65
904 69
905 66
906 64
907 64
908 65
909 65
910 69
911 71
912 71
913 69
914 68
915 62
916 65
917 65
918 63
919 62
920 63
921 65
922 67
923 67
924 66
925 64
926 63
927 64
928 61
929 66
930 69
931 67
932 66
933 70
934 70
935 71
936 67
937 69
938 66
939 68
940 66
941 65
942 67
943 66
944 67
945 68
946 66
947 69
948 68
949 68
950 70
951 69
952 72
953 69
954 67
955 64
956 65
957 65
958 61
959 56
960 58
961 63
962 64
963 67
964 63
965 59
966 66
967 64
968 67
969 65
970 63
971 65
972 64
973 69
974 69
975 70
976 71
977 67
978 65
979 65
980 65
981 65
982 69
983 71
984 68
985 65
986 63
987 62
988 63
989 65
990 67
991 67
992 66
993 68
994 69
995 65
996 64
997 66
998 60
999 63
1000 63
