0 95
1 72
2 69
3 64
4 65
5 65
6 63
7 62
8 61
9 63
10 63
11 66
12 67
13 64
14 64
15 61
16 60
17 56
18 63
19 66
20 67
21 64
22 62
23 62
24 63
25 62
26 62
27 62
28 62
29 60
30 62
31 67
32 67
33 65
34 66
35 62
36 59
37 62
38 60
39 55
40 62
41 64
42 64
43 65
44 64
45 65
46 64
47 62
48 64
49 63
50 64
51 65
52 67
53 64
54 66
55 69
56 58
57 59
58 59
59 65
60 62
61 64
62 62
63 63
64 56
65 63
66 66
67 61
68 61
69 59
70 67
71 66
72 63
73 60
74 66
75 60
76 64
77 62
78 62
79 66
80 67
81 64
82 65
83 65
84 63
85 65
86 63
87 62
88 65
89 69
90 66
91 68
92 62
93 63
94 64
95 67
96 67
97 65
98 67
99 61
100 62
101 63
102 65
103 62
104 67
105 64
106 63
107 66
108 65
109 69
110 64
111 61
112 60
113 65
114 59
115 65
116 63
117 64
118 62
119 64
120 61
121 66
122 62
123 65
124 64
125 64
126 63
127 64
128 69
129 67
130 66
131 68
132 68
133 61
134 59
135 66
136 66
137 67
138 60
139 61
140 66
141 65
142 65
143 63
144 63
145 65
146 64
147 65
148 65
149 61
150 61
151 63
152 63
153 69
154 65
155 62
156 61
157 60
158 64
159 64
160 65
161 66
162 65
163 67
164 64
165 60
166 55
167 58
168 62
169 60
170 63
171 61
172 65
173 62
174 65
175 66
176 65
177 57
178 61
179 63
180 64
181 61
182 64
183 67
184 64
185 64
186 58
187 66
188 67
189 64
190 66
191 67
192 65
193 67
194 65
195 66
196 63
197 58
198 63
199 70
200 63
201 59
202 61
203 61
204 57
205 63
206 68
207 65
208 65
209 61
210 62
211 63
212 64
213 68
214 63
215 61
216 60
217 66
218 61
219 59
220 63
221 61
222 66
223 66
224 64
225 67
226 58
227 61
228 65
229 65
230 63
231 65
232 65
233 67
234 65
235 59
236 66
237 60
238 64
239 67
240 67
241 64
242 65
243 60
244 63
245 63
246 66
247 66
248 60
249 66
250 64
251 66
252 64
253 63
254 62
255 66
256 64
257 65
258 63
259 64
260 62
261 67
262 66
263 58
264 60
265 59
266 64
267 63
268 60
269 63
270 68
271 68
272 61
273 61
274 63
275 66
276 66
277 63
278 66
279 58
280 62
281 59
282 65
283 67
284 66
285 64
286 64
287 63
288 64
289 62
290 68
291 67
292 64
293 62
294 62
295 64
296 66
297 62
298 61
299 65
300 67
301 66
302 65
303 60
304 59
305 62
306 66
307 66
308 61
309 60
310 65
311 65
312 65
313 60
314 64
315 61
316 63
317 58
318 59
319 62
320 62
321 62
322 62
323 60
324 63
325 62
326 67
327 68
328 62
329 67
330 67
331 64
332 63
333 62
334 65
335 64
336 63
337 66
338 65
339 64
340 59
341 63
342 59
343 63
344 66
345 65
346 63
347 62
348 61
349 67
350 64
351 62
352 66
353 63
354 67
355 66
356 65
357 65
358 67
359 64
360 61
361 63
362 65
363 64
364 63
365 61
366 62
367 65
368 62
369 61
370 65
371 61
372 60
373 63
374 67
375 66
376 61
377 66
378 63
379 70
380 68
381 66
382 61
383 62
384 61
385 63
386 63
387 62
388 62
389 66
390 64
391 65
392 65
393 66
394 58
395 62
396 65
397 63
398 60
399 64
400 62
401 63
402 65
403 62
404 67
405 69
406 67
407 67
408 66
409 65
410 63
411 64
412 64
413 60
414 63
415 60
416 62
417 63
418 65
419 64
420 63
421 63
422 62
423 63
424 63
425 67
426 57
427 62
428 63
429 56
430 61
431 66
432 65
433 62
434 68
435 61
436 66
437 65
438 63
439 64
440 62
441 62
442 63
443 63
444 62
445 64
446 65
447 67
448 65
449 67
450 68
451 67
452 67
453 64
454 63
455 64
456 63
457 61
458 62
459 62
460 58
461 66
462 67
463 65
464 62
465 65
466 67
467 67
468 66
469 61
470 60
471 65
472 61
473 60
474 65
475 66
476 65
477 66
478 61
479 61
480 63
481 61
482 58
483 64
484 67
485 64
486 69
487 67
488 67
489 66
490 65
491 63
492 56
493 56
494 64
495 63
496 63
497 64
498 63
499 67
500 68
501 65
502 65
503 57
504 62
505 65
506 63
507 67
508 63
509 62
510 68
511 66
512 68
513 68
514 67
515 63
516 62
517 61
518 64
519 65
520 59
521 61
522 64
523 66
524 68
525 68
526 64
527 62
528 65
529 59
530 62
531 65
532 61
533 61
534 66
535 61
536 66
537 66
538 66
539 59
540 59
541 63
542 63
543 61
544 67
545 62
546 67
547 64
548 67
549 68
550 64
551 65
552 67
553 69
554 68
555 67
556 63
557 60
558 65
559 67
560 66
561 62
562 63
563 65
564 63
565 66
566 63
567 61
568 62
569 64
570 65
571 63
572 63
573 61
574 65
575 62
576 64
577 64
578 59
579 61
580 59
581 61
582 66
583 65
584 66
585 62
586 62
587 66
588 62
589 68
590 62
591 65
592 65
593 64
594 67
595 61
596 63
597 62
598 58
599 64
600 64
601 64
602 66
603 64
604 67
605 62
606 63
607 63
608 64
609 60
610 62
611 63
612 63
613 66
614 64
615 66
616 69
617 65
618 67
619 64
620 67
621 66
622 63
623 60
624 61
625 66
626 61
627 63
628 67
629 63
630 61
631 63
632 61
633 61
634 57
635 65
636 63
637 63
638 65
639 66
640 67
641 68
642 67
643 62
644 64
645 64
646 65
647 67
648 68
649 65
650 64
651 64
652 64
653 65
654 64
655 65
656 65
657 67
658 68
659 58
660 61
661 64
662 67
663 60
664 58
665 63
666 64
667 65
668 65
669 63
670 65
671 63
672 64
673 64
674 66
675 65
676 61
677 65
678 63
679 64
680 62
681 64
682 68
683 67
684 67
685 68
686 66
687 62
688 63
689 66
690 66
691 62
692 59
693 60
694 59
695 66
696 63
697 63
698 64
699 66
700 62
701 59
702 66
703 60
704 62
705 64
706 64
707 62
708 63
709 63
710 62
711 60
712 62
713 61
714 61
715 61
716 65
717 67
718 67
719 62
720 63
721 60
722 65
723 65
724 66
725 60
726 62
727 62
728 59
729 62
730 65
731 59
732 60
733 62
734 59
735 66
736 64
737 60
738 65
739 63
740 69
741 62
742 61
743 60
744 65
745 65
746 66
747 61
748 64
749 66
750 68
751 67
752 65
753 65
754 63
755 63
756 61
757 63
758 61
759 65
760 65
761 65
762 63
763 65
764 66
765 67
766 65
767 67
768 61
769 67
770 68
771 62
772 67
773 64
774 66
775 61
776 62
777 64
778 60
779 63
780 66
781 68
782 67
783 59
784 62
785 61
786 63
787 64
788 60
789 63
790 64
791 62
792 61
793 58
794 63
795 67
796 62
797 68
798 66
799 66
800 65
801 63
802 65
803 66
804 66
805 67
806 69
807 64
808 63
809 65
810 59
811 63
812 64
813 59
814 65
815 65
816 63
817 58
818 61
819 61
820 62
821 61
822 59
823 63
824 60
825 69
826 68
827 63
828 63
829 59
830 57
831 62
832 65
833 64
834 65
835 60
836 54
837 62
838 67
839 61
840 64
841 62
842 68
843 67
844 62
845 64
846 60
847 65
848 65
849 67
850 67
851 58
852 63
853 64
854 64
855 65
856 64
857 65
858 63
859 66
860 60
861 63
862 61
863 66
864 63
865 65
866 65
867 63
868 63
869 63
870 60
871 62
872 65
873 65
874 65
875 65
876 64
877 64
878 67
879 64
880 62
881 60
882 63
883 64
884 65
885 56
886 63
887 67
888 64
889 59
890 62
891 60
892 62
893 55
894 60
895 60
896 62
897 65
898 68
899 64
900 64
901 65
902 62
903 58
904 64
905 64
906 63
907 65
908 65
909 64
910 66
911 68
912 66
913 65
914 58
915 62
916 63
917 65
918 57
919 63
920 64
921 67
922 66
923 64
924 62
925 64
926 65
927 65
928 69
929 66
930 61
931 63
932 61
933 64
934 62
935 62
936 59
937 64
938 63
939 61
940 63
941 64
942 55
943 64
944 68
945 65
946 66
947 63
948 63
949 67
950 60
951 66
952 66
953 59
954 70
955 68
956 68
957 67
958 65
959 64
960 66
961 69
962 65
963 62
964 70
965 68
966 64
967 62
968 59
969 58
970 59
971 64
972 66
973 67
974 65
975 61
976 61
977 65
978 62
979 66
980 61
981 54
982 57
983 63
984 66
985 65
986 63
987 62
988 66
989 61
990 59
991 62
992 66
993 68
994 67
995 65
996 62
997 65
998 65
999 64
1000 63
