0 40
1 27
2 25
3 25
4 24
5 19
6 26
7 28
8 26
9 25
10 27
11 24
12 28
13 26
14 26
15 25
16 28
17 26
18 25
19 26
20 26
21 28
22 26
23 24
24 27
25 25
26 25
27 25
28 29
29 27
30 27
31 25
32 27
33 27
34 27
35 29
36 28
37 24
38 27
39 26
40 20
41 29
42 28
43 26
44 26
45 27
46 28
47 27
48 28
49 26
50 25
51 21
52 25
53 25
54 26
55 26
56 30
57 27
58 25
59 24
60 26
61 23
62 25
63 28
64 25
65 28
66 25
67 28
68 27
69 27
70 28
71 27
72 25
73 29
74 28
75 28
76 27
77 23
78 17
79 24
80 25
81 23
82 29
83 28
84 26
85 26
86 29
87 29
88 26
89 27
90 25
91 26
92 23
93 24
94 28
95 21
96 27
97 25
98 25
99 27
100 27
101 26
102 23
103 27
104 23
105 29
106 25
107 27
108 25
109 30
110 27
111 28
112 23
113 27
114 23
115 28
116 28
117 28
118 25
119 24
120 24
121 26
122 28
123 28
124 27
125 27
126 26
127 27
128 26
129 24
130 21
131 27
132 28
133 25
134 28
135 27
136 26
137 26
138 27
139 27
140 28
141 26
142 26
143 25
144 27
145 25
146 26
147 29
148 26
149 27
150 22
151 28
152 27
153 28
154 26
155 25
156 25
157 28
158 25
159 28
160 26
161 27
162 29
163 27
164 27
165 25
166 28
167 24
168 25
169 28
170 24
171 24
172 23
173 25
174 27
175 28
176 28
177 25
178 26
179 26
180 26
181 26
182 27
183 29
184 26
185 22
186 25
187 28
188 26
189 27
190 28
191 27
192 25
193 26
194 22
195 28
196 25
197 28
198 26
199 25
200 27
201 26
202 25
203 24
204 28
205 23
206 25
207 28
208 24
209 26
210 25
211 27
212 25
213 27
214 28
215 26
216 26
217 26
218 27
219 23
220 23
221 24
222 26
223 21
224 26
225 28
226 27
227 23
228 28
229 28
230 27
231 25
232 28
233 27
234 24
235 27
236 25
237 24
238 29
239 25
240 21
241 27
242 26
243 26
244 26
245 28
246 25
247 26
248 24
249 25
250 27
251 25
252 26
253 24
254 27
255 23
256 24
257 24
258 25
259 23
260 26
261 24
262 28
263 27
264 26
265 28
266 28
267 28
268 28
269 25
270 27
271 27
272 25
273 26
274 25
275 28
276 25
277 25
278 23
279 28
280 28
281 26
282 26
283 24
284 27
285 26
286 27
287 26
288 28
289 23
290 24
291 27
292 23
293 26
294 28
295 26
296 28
297 22
298 27
299 25
300 23
301 28
302 25
303 24
304 26
305 29
306 27
307 26
308 27
309 28
310 28
311 26
312 30
313 23
314 26
315 27
316 29
317 25
318 24
319 27
320 27
321 24
322 27
323 27
324 25
325 26
326 27
327 24
328 22
329 21
330 28
331 28
332 24
333 24
334 27
335 28
336 28
337 25
338 25
339 24
340 27
341 26
342 26
343 28
344 25
345 25
346 27
347 26
348 27
349 26
350 27
351 24
352 30
353 26
354 27
355 27
356 25
357 28
358 27
359 24
360 25
361 24
362 28
363 27
364 28
365 28
366 32
367 25
368 27
369 25
370 23
371 26
372 25
373 22
374 24
375 25
376 25
377 24
378 25
379 28
380 26
381 24
382 26
383 25
384 24
385 26
386 23
387 26
388 25
389 25
390 25
391 23
392 20
393 26
394 24
395 26
396 28
397 26
398 24
399 29
400 25
401 27
402 25
403 27
404 25
405 28
406 28
407 25
408 25
409 25
410 24
411 26
412 28
413 25
414 27
415 28
416 26
417 25
418 23
419 27
420 29
421 28
422 26
423 26
424 22
425 27
426 27
427 26
428 27
429 26
430 27
431 29
432 26
433 28
434 22
435 28
436 22
437 28
438 27
439 26
440 26
441 27
442 27
443 25
444 26
445 25
446 27
447 27
448 26
449 30
450 25
451 27
452 26
453 25
454 27
455 26
456 30
457 29
458 30
459 28
460 23
461 23
462 26
463 26
464 23
465 25
466 24
467 25
468 23
469 25
470 24
471 24
472 26
473 25
474 26
475 24
476 31
477 26
478 27
479 28
480 28
481 25
482 27
483 26
484 25
485 22
486 22
487 27
488 26
489 27
490 27
491 25
492 27
493 25
494 25
495 29
496 30
497 26
498 26
499 30
500 27
501 26
502 26
503 25
504 27
505 27
506 26
507 23
508 28
509 27
510 25
511 26
512 25
513 28
514 24
515 26
516 30
517 27
518 25
519 23
520 27
521 26
522 25
523 24
524 29
525 26
526 27
527 26
528 23
529 26
530 25
531 26
532 24
533 25
534 27
535 26
536 27
537 28
538 26
539 24
540 27
541 27
542 28
543 27
544 26
545 29
546 26
547 29
548 22
549 25
550 25
551 24
552 23
553 28
554 24
555 27
556 27
557 26
558 26
559 25
560 27
561 28
562 26
563 28
564 27
565 27
566 26
567 23
568 27
569 27
570 28
571 25
572 26
573 26
574 27
575 23
576 25
577 25
578 21
579 23
580 27
581 24
582 24
583 26
584 29
585 28
586 27
587 24
588 26
589 26
590 25
591 23
592 26
593 28
594 27
595 24
596 27
597 28
598 27
599 23
600 23
601 27
602 26
603 27
604 24
605 25
606 28
607 24
608 23
609 27
610 27
611 25
612 21
613 27
614 27
615 25
616 28
617 25
618 25
619 26
620 27
621 27
622 27
623 24
624 23
625 26
626 26
627 28
628 25
629 26
630 25
631 27
632 26
633 26
634 24
635 28
636 26
637 24
638 23
639 27
640 26
641 27
642 25
643 27
644 27
645 25
646 24
647 25
648 29
649 27
650 24
651 28
652 28
653 28
654 28
655 25
656 29
657 27
658 25
659 28
660 24
661 26
662 24
663 26
664 30
665 28
666 28
667 28
668 25
669 27
670 25
671 25
672 27
673 27
674 28
675 28
676 29
677 24
678 25
679 24
680 27
681 25
682 25
683 26
684 28
685 29
686 28
687 27
688 26
689 27
690 27
691 28
692 19
693 23
694 25
695 28
696 26
697 28
698 22
699 24
700 27
701 26
702 24
703 21
704 26
705 26
706 27
707 24
708 28
709 28
710 25
711 27
712 28
713 28
714 26
715 26
716 26
717 24
718 27
719 25
720 26
721 25
722 26
723 27
724 27
725 24
726 26
727 26
728 25
729 27
730 25
731 26
732 23
733 25
734 27
735 26
736 30
737 25
738 29
739 28
740 25
741 23
742 25
743 28
744 24
745 27
746 27
747 27
748 27
749 28
750 28
751 26
752 25
753 23
754 28
755 25
756 26
757 23
758 27
759 26
760 27
761 27
762 26
763 27
764 27
765 29
766 26
767 27
768 26
769 25
770 28
771 25
772 27
773 24
774 27
775 23
776 26
777 25
778 27
779 27
780 25
781 26
782 26
783 25
784 26
785 27
786 26
787 25
788 24
789 25
790 24
791 28
792 28
793 25
794 26
795 26
796 28
797 28
798 27
799 23
800 26
801 25
802 27
803 26
804 26
805 28
806 23
807 26
808 26
809 25
810 26
811 26
812 25
813 27
814 28
815 25
816 28
817 25
818 28
819 27
820 24
821 26
822 26
823 24
824 27
825 28
826 25
827 28
828 22
829 25
830 26
831 24
832 28
833 30
834 26
835 26
836 27
837 24
838 30
839 28
840 27
841 28
842 28
843 28
844 27
845 29
846 27
847 28
848 29
849 29
850 22
851 26
852 25
853 26
854 28
855 24
856 28
857 28
858 25
859 26
860 28
861 28
862 26
863 27
864 26
865 28
866 28
867 25
868 29
869 28
870 25
871 27
872 23
873 23
874 25
875 26
876 26
877 27
878 26
879 26
880 27
881 24
882 25
883 25
884 30
885 26
886 23
887 24
888 27
889 28
890 26
891 27
892 28
893 26
894 25
895 27
896 29
897 25
898 27
899 26
900 24
901 24
902 26
903 19
904 29
905 26
906 26
907 27
908 25
909 26
910 27
911 28
912 28
913 27
914 26
915 28
916 27
917 27
918 26
919 27
920 26
921 26
922 25
923 27
924 25
925 25
926 22
927 29
928 27
929 28
930 27
931 25
932 28
933 26
934 26
935 24
936 28
937 28
938 26
939 26
940 27
941 26
942 27
943 25
944 23
945 27
946 26
947 27
948 26
949 25
950 25
951 26
952 25
953 26
954 28
955 24
956 27
957 27
958 26
959 29
960 24
961 24
962 27
963 28
964 24
965 26
966 26
967 29
968 24
969 27
970 24
971 28
972 30
973 24
974 27
975 29
976 28
977 22
978 27
979 25
980 27
981 24
982 24
983 30
984 23
985 28
986 26
987 28
988 26
989 29
990 27
991 27
992 23
993 26
994 25
995 26
996 27
997 23
998 27
999 25
1000 25
