0 90
1 83
2 77
3 72
4 70
5 65
6 63
7 61
8 59
9 55
10 53
11 52
12 50
13 50
14 45
15 43
16 42
17 38
18 39
19 39
20 40
21 40
22 40
23 40
24 41
25 42
26 42
27 42
28 44
29 47
30 47
31 46
32 46
33 45
34 47
35 48
36 51
37 52
38 53
39 51
40 50
41 48
42 48
43 46
44 47
45 47
46 48
47 48
48 48
49 48
50 49
51 49
52 49
53 47
54 44
55 46
56 47
57 45
58 46
59 46
60 45
61 46
62 48
63 49
64 48
65 45
66 43
67 41
68 39
69 40
70 40
71 43
72 42
73 40
74 40
75 43
76 43
77 42
78 41
79 40
80 40
81 39
82 37
83 35
84 36
85 39
86 39
87 40
88 42
89 45
90 47
91 47
92 47
93 45
94 45
95 45
96 46
97 46
98 47
99 48
100 48
101 48
102 48
103 47
104 49
105 49
106 48
107 47
108 47
109 47
110 47
111 45
112 44
113 44
114 42
115 41
116 45
117 42
118 43
119 40
120 39
121 39
122 41
123 40
124 41
125 41
126 42
127 40
128 43
129 43
130 43
131 39
132 38
133 38
134 41
135 43
136 42
137 38
138 36
139 41
140 39
141 43
142 43
143 43
144 43
145 42
146 42
147 42
148 43
149 44
150 44
151 42
152 45
153 45
154 45
155 46
156 45
157 43
158 41
159 41
160 42
161 43
162 45
163 44
164 44
165 46
166 46
167 46
168 46
169 46
170 46
171 43
172 43
173 46
174 48
175 46
176 46
177 43
178 42
179 42
180 40
181 39
182 40
183 38
184 39
185 37
186 38
187 40
188 43
189 44
190 44
191 43
192 43
193 42
194 42
195 42
196 42
197 44
198 44
199 44
200 47
201 46
202 46
203 46
204 45
205 47
206 47
207 44
208 45
209 44
210 46
211 46
212 47
213 46
214 44
215 47
216 48
217 46
218 46
219 45
220 47
221 46
222 44
223 43
224 45
225 44
226 43
227 45
228 44
229 44
230 43
231 44
232 45
233 47
234 46
235 46
236 46
237 44
238 44
239 47
240 48
241 48
242 46
243 45
244 44
245 45
246 43
247 44
248 43
249 44
250 45
251 46
252 45
253 45
254 46
255 45
256 45
257 45
258 46
259 45
260 44
261 46
262 46
263 48
264 46
265 45
266 42
267 45
268 42
269 42
270 43
271 44
272 47
273 46
274 46
275 44
276 41
277 42
278 43
279 42
280 42
281 41
282 42
283 46
284 45
285 46
286 44
287 41
288 43
289 43
290 43
291 44
292 45
293 46
294 45
295 43
296 44
297 44
298 41
299 44
300 44
301 43
302 43
303 45
304 46
305 49
306 48
307 46
308 44
309 46
310 48
311 46
312 47
313 46
314 42
315 41
316 41
317 44
318 44
319 46
320 48
321 48
322 50
323 48
324 45
325 46
326 46
327 45
328 47
329 47
330 48
331 46
332 47
333 49
334 48
335 48
336 47
337 48
338 49
339 48
340 50
341 51
342 51
343 48
344 48
345 48
346 50
347 48
348 47
349 45
350 46
351 45
352 45
353 43
354 44
355 44
356 46
357 45
358 45
359 46
360 46
361 46
362 46
363 47
364 48
365 48
366 48
367 49
368 46
369 45
370 46
371 46
372 47
373 47
374 48
375 50
376 53
377 52
378 53
379 53
380 53
381 54
382 50
383 51
384 51
385 50
386 48
387 44
388 44
389 46
390 47
391 46
392 47
393 46
394 46
395 47
396 48
397 46
398 46
399 45
400 46
401 47
402 45
403 45
404 47
405 48
406 48
407 47
408 48
409 48
410 47
411 49
412 47
413 46
414 45
415 44
416 45
417 48
418 49
419 49
420 49
421 49
422 49
423 50
424 51
425 50
426 48
427 48
428 48
429 47
430 47
431 48
432 48
433 49
434 48
435 48
436 48
437 47
438 47
439 47
440 46
441 44
442 46
443 47
444 46
445 46
446 46
447 48
448 49
449 48
450 49
451 49
452 49
453 50
454 50
455 46
456 47
457 46
458 44
459 45
460 45
461 45
462 44
463 40
464 37
465 38
466 39
467 38
468 36
469 41
470 41
471 41
472 43
473 43
474 44
475 46
476 45
477 46
478 50
479 49
480 49
481 48
482 50
483 51
484 49
485 47
486 48
487 46
488 45
489 45
490 45
491 45
492 47
493 45
494 46
495 46
496 44
497 46
498 47
499 47
500 48
501 48
502 47
503 47
504 45
505 44
506 45
507 46
508 44
509 45
510 45
511 47
512 48
513 46
514 47
515 44
516 44
517 43
518 40
519 42
520 43
521 43
522 44
523 44
524 45
525 43
526 45
527 48
528 47
529 46
530 47
531 46
532 46
533 48
534 49
535 49
536 49
537 49
538 49
539 48
540 48
541 46
542 46
543 46
544 44
545 43
546 44
547 45
548 45
549 45
550 43
551 42
552 42
553 44
554 45
555 46
556 43
557 44
558 46
559 45
560 46
561 47
562 47
563 46
564 46
565 48
566 46
567 46
568 43
569 44
570 39
571 40
572 42
573 44
574 46
575 48
576 47
577 48
578 48
579 47
580 47
581 47
582 50
583 50
584 50
585 51
586 51
587 49
588 50
589 48
590 46
591 46
592 48
593 47
594 48
595 47
596 47
597 47
598 48
599 47
600 45
601 40
602 41
603 43
604 44
605 43
606 42
607 39
608 39
609 40
610 42
611 43
612 44
613 44
614 43
615 42
616 43
617 42
618 41
619 42
620 42
621 42
622 42
623 42
624 42
625 44
626 44
627 44
628 44
629 45
630 46
631 45
632 44
633 46
634 48
635 49
636 50
637 49
638 46
639 47
640 44
641 43
642 43
643 45
644 43
645 43
646 43
647 45
648 44
649 45
650 46
651 46
652 45
653 42
654 42
655 41
656 42
657 40
658 39
659 39
660 40
661 43
662 44
663 47
664 46
665 47
666 45
667 43
668 45
669 44
670 44
671 47
672 46
673 47
674 48
675 47
676 48
677 46
678 47
679 46
680 46
681 45
682 47
683 48
684 46
685 47
686 46
687 43
688 44
689 43
690 45
691 44
692 45
693 44
694 44
695 46
696 47
697 49
698 50
699 49
700 46
701 46
702 48
703 49
704 51
705 50
706 51
707 51
708 51
709 49
710 48
711 49
712 49
713 48
714 47
715 47
716 47
717 45
718 45
719 44
720 44
721 43
722 43
723 41
724 42
725 39
726 41
727 39
728 40
729 43
730 43
731 41
732 44
733 43
734 42
735 44
736 45
737 47
738 44
739 44
740 46
741 47
742 47
743 46
744 41
745 41
746 41
747 45
748 46
749 48
750 50
751 49
752 49
753 49
754 48
755 49
756 47
757 46
758 47
759 46
760 44
761 47
762 48
763 49
764 47
765 48
766 49
767 49
768 48
769 46
770 47
771 46
772 46
773 45
774 43
775 42
776 40
777 42
778 42
779 44
780 45
781 45
782 42
783 41
784 43
785 41
786 41
787 41
788 42
789 42
790 43
791 42
792 43
793 42
794 42
795 42
796 41
797 39
798 39
799 44
800 44
801 45
802 45
803 43
804 42
805 42
806 42
807 41
808 40
809 41
810 42
811 44
812 43
813 46
814 47
815 48
816 48
817 50
818 51
819 50
820 49
821 49
822 47
823 49
824 46
825 45
826 43
827 47
828 46
829 45
830 45
831 45
832 43
833 44
834 42
835 43
836 42
837 44
838 44
839 45
840 43
841 41
842 43
843 41
844 40
845 40
846 39
847 42
848 41
849 41
850 42
851 42
852 46
853 48
854 47
855 47
856 46
857 46
858 47
859 46
860 44
861 44
862 44
863 46
864 43
865 44
866 46
867 46
868 44
869 42
870 43
871 46
872 46
873 47
874 46
875 48
876 46
877 47
878 46
879 47
880 45
881 44
882 45
883 45
884 46
885 48
886 48
887 49
888 46
889 46
890 47
891 49
892 48
893 49
894 50
895 50
896 48
897 47
898 46
899 46
900 43
901 42
902 40
903 38
904 38
905 39
906 39
907 40
908 39
909 36
910 38
911 39
912 40
913 42
914 41
915 42
916 42
917 43
918 44
919 44
920 44
921 43
922 46
923 46
924 48
925 47
926 50
927 52
928 51
929 50
930 48
931 50
932 51
933 51
934 49
935 49
936 46
937 46
938 47
939 47
940 48
941 47
942 47
943 48
944 49
945 46
946 46
947 46
948 45
949 45
950 46
951 44
952 44
953 47
954 48
955 50
956 47
957 49
958 49
959 48
960 48
961 46
962 44
963 45
964 47
965 47
966 46
967 48
968 49
969 49
970 49
971 47
972 49
973 48
974 51
975 49
976 51
977 50
978 49
979 51
980 48
981 47
982 46
983 46
984 46
985 45
986 47
987 49
988 49
989 48
990 50
991 49
992 49
993 47
994 47
995 48
996 46
997 46
998 41
999 41
1000 43
