0 50
1 39
2 34
3 33
4 32
5 30
6 29
7 30
8 32
9 32
10 28
11 34
12 34
13 30
14 28
15 30
16 30
17 31
18 31
19 33
20 33
21 31
22 34
23 32
24 30
25 31
26 30
27 31
28 32
29 34
30 31
31 32
32 31
33 29
34 31
35 29
36 29
37 28
38 33
39 33
40 32
41 32
42 33
43 33
44 34
45 32
46 31
47 32
48 30
49 33
50 32
51 32
52 28
53 28
54 31
55 32
56 31
57 31
58 33
59 31
60 28
61 28
62 26
63 29
64 29
65 30
66 28
67 28
68 29
69 32
70 29
71 33
72 28
73 30
74 32
75 31
76 31
77 30
78 31
79 32
80 30
81 33
82 30
83 32
84 31
85 27
86 30
87 31
88 30
89 33
90 32
91 29
92 28
93 30
94 31
95 30
96 29
97 26
98 26
99 31
100 31
101 31
102 34
103 32
104 31
105 30
106 31
107 27
108 31
109 35
110 34
111 33
112 30
113 34
114 31
115 30
116 31
117 31
118 28
119 32
120 32
121 31
122 31
123 33
124 32
125 32
126 27
127 30
128 30
129 31
130 31
131 29
132 29
133 27
134 28
135 30
136 32
137 31
138 31
139 31
140 32
141 31
142 31
143 29
144 28
145 24
146 27
147 30
148 30
149 32
150 31
151 32
152 33
153 33
154 27
155 31
156 31
157 30
158 32
159 30
160 33
161 32
162 34
163 32
164 29
165 26
166 30
167 31
168 27
169 30
170 32
171 31
172 29
173 31
174 32
175 31
176 30
177 32
178 28
179 32
180 30
181 29
182 32
183 31
184 29
185 27
186 30
187 32
188 32
189 29
190 29
191 29
192 30
193 32
194 32
195 31
196 32
197 30
198 30
199 34
200 28
201 26
202 32
203 32
204 32
205 35
206 33
207 31
208 27
209 33
210 33
211 29
212 29
213 26
214 29
215 27
216 33
217 34
218 34
219 32
220 32
221 34
222 33
223 32
224 29
225 33
226 33
227 30
228 31
229 33
230 32
231 29
232 32
233 31
234 32
235 32
236 29
237 31
238 33
239 31
240 31
241 31
242 27
243 32
244 30
245 32
246 31
247 28
248 28
249 30
250 34
251 33
252 31
253 31
254 28
255 30
256 30
257 33
258 32
259 29
260 28
261 34
262 34
263 32
264 34
265 33
266 32
267 32
268 27
269 29
270 30
271 31
272 29
273 31
274 28
275 31
276 29
277 29
278 32
279 28
280 31
281 27
282 30
283 33
284 34
285 31
286 31
287 28
288 32
289 31
290 31
291 34
292 36
293 30
294 31
295 31
296 31
297 30
298 31
299 31
300 33
301 31
302 31
303 29
304 26
305 32
306 31
307 33
308 34
309 34
310 34
311 31
312 29
313 31
314 26
315 30
316 29
317 30
318 31
319 32
320 35
321 30
322 30
323 33
324 31
325 30
326 32
327 32
328 30
329 30
330 34
331 33
332 31
333 33
334 32
335 29
336 30
337 33
338 32
339 32
340 31
341 29
342 28
343 32
344 32
345 32
346 32
347 33
348 33
349 34
350 33
351 28
352 32
353 32
354 34
355 34
356 32
357 29
358 29
359 33
360 32
361 31
362 31
363 29
364 30
365 32
366 30
367 28
368 29
369 30
370 31
371 33
372 31
373 30
374 31
375 30
376 35
377 34
378 34
379 30
380 33
381 31
382 31
383 30
384 31
385 32
386 32
387 29
388 31
389 30
390 34
391 32
392 32
393 33
394 33
395 31
396 34
397 28
398 31
399 29
400 32
401 32
402 33
403 32
404 32
405 31
406 33
407 34
408 31
409 30
410 33
411 31
412 30
413 32
414 32
415 31
416 28
417 30
418 31
419 32
420 30
421 29
422 26
423 32
424 32
425 28
426 30
427 33
428 35
429 33
430 34
431 30
432 34
433 30
434 29
435 31
436 28
437 31
438 32
439 30
440 32
441 33
442 30
443 31
444 34
445 34
446 28
447 30
448 31
449 28
450 29
451 30
452 31
453 27
454 31
455 32
456 34
457 31
458 30
459 29
460 30
461 31
462 29
463 32
464 32
465 29
466 33
467 29
468 30
469 30
470 32
471 30
472 33
473 28
474 31
475 34
476 35
477 33
478 30
479 32
480 32
481 32
482 29
483 28
484 32
485 29
486 28
487 28
488 28
489 32
490 33
491 32
492 29
493 26
494 27
495 30
496 31
497 34
498 33
499 30
500 29
501 28
502 28
503 30
504 28
505 26
506 23
507 28
508 27
509 29
510 32
511 31
512 33
513 30
514 30
515 34
516 35
517 33
518 31
519 29
520 28
521 28
522 29
523 33
524 29
525 33
526 31
527 30
528 30
529 28
530 31
531 30
532 31
533 30
534 31
535 30
536 29
537 31
538 30
539 31
540 31
541 33
542 31
543 31
544 33
545 35
546 31
547 29
548 29
549 32
550 31
551 29
552 30
553 33
554 34
555 32
556 30
557 29
558 32
559 28
560 28
561 30
562 28
563 29
564 30
565 26
566 31
567 31
568 26
569 26
570 30
571 28
572 28
573 32
574 32
575 34
576 32
577 33
578 33
579 30
580 29
581 27
582 30
583 30
584 31
585 32
586 30
587 31
588 33
589 33
590 32
591 34
592 31
593 30
594 30
595 33
596 33
597 32
598 30
599 30
600 31
601 30
602 30
603 32
604 34
605 35
606 31
607 32
608 31
609 32
610 34
611 35
612 35
613 27
614 25
615 26
616 27
617 27
618 29
619 30
620 32
621 33
622 29
623 31
624 30
625 31
626 28
627 30
628 32
629 29
630 29
631 31
632 31
633 29
634 33
635 30
636 32
637 31
638 30
639 26
640 30
641 31
642 34
643 34
644 29
645 32
646 29
647 31
648 30
649 33
650 31
651 30
652 30
653 34
654 33
655 31
656 31
657 30
658 31
659 26
660 29
661 31
662 27
663 25
664 29
665 33
666 32
667 31
668 34
669 33
670 31
671 30
672 30
673 32
674 30
675 26
676 28
677 32
678 31
679 29
680 28
681 24
682 30
683 31
684 31
685 31
686 32
687 32
688 33
689 33
690 34
691 33
692 29
693 29
694 33
695 31
696 32
697 30
698 29
699 25
700 29
701 29
702 30
703 35
704 36
705 35
706 31
707 32
708 34
709 33
710 32
711 30
712 32
713 29
714 29
715 29
716 33
717 33
718 34
719 33
720 31
721 34
722 30
723 31
724 33
725 32
726 30
727 31
728 30
729 32
730 35
731 31
732 32
733 26
734 27
735 30
736 31
737 29
738 31
739 32
740 31
741 31
742 33
743 31
744 32
745 33
746 32
747 34
748 33
749 32
750 31
751 34
752 31
753 30
754 32
755 32
756 30
757 27
758 27
759 29
760 30
761 30
762 31
763 31
764 30
765 28
766 28
767 31
768 30
769 28
770 30
771 34
772 32
773 29
774 28
775 30
776 30
777 33
778 33
779 34
780 31
781 31
782 32
783 30
784 28
785 30
786 30
787 28
788 31
789 28
790 29
791 30
792 31
793 32
794 31
795 31
796 27
797 24
798 27
799 30
800 32
801 31
802 31
803 31
804 30
805 29
806 31
807 28
808 28
809 29
810 30
811 32
812 31
813 31
814 28
815 27
816 28
817 31
818 31
819 32
820 28
821 30
822 32
823 31
824 33
825 34
826 31
827 31
828 34
829 32
830 31
831 30
832 31
833 31
834 32
835 34
836 32
837 33
838 33
839 32
840 34
841 33
842 32
843 34
844 29
845 30
846 29
847 27
848 29
849 31
850 30
851 27
852 30
853 32
854 34
855 32
856 29
857 31
858 31
859 30
860 30
861 31
862 31
863 31
864 34
865 32
866 33
867 36
868 32
869 31
870 31
871 30
872 33
873 35
874 30
875 31
876 31
877 34
878 30
879 31
880 32
881 33
882 34
883 33
884 32
885 31
886 33
887 33
888 32
889 30
890 30
891 32
892 30
893 32
894 32
895 34
896 27
897 31
898 32
899 27
900 29
901 31
902 31
903 25
904 31
905 31
906 30
907 29
908 33
909 31
910 30
911 33
912 32
913 32
914 29
915 29
916 28
917 29
918 27
919 29
920 31
921 31
922 32
923 27
924 32
925 29
926 30
927 31
928 32
929 33
930 31
931 30
932 32
933 31
934 33
935 29
936 29
937 29
938 25
939 30
940 29
941 30
942 31
943 32
944 30
945 32
946 36
947 35
948 31
949 33
950 34
951 34
952 31
953 30
954 33
955 32
956 30
957 29
958 31
959 31
960 30
961 31
962 31
963 31
964 34
965 29
966 34
967 31
968 29
969 33
970 29
971 28
972 30
973 31
974 30
975 32
976 31
977 29
978 31
979 29
980 30
981 31
982 31
983 34
984 30
985 30
986 31
987 33
988 32
989 31
990 29
991 32
992 25
993 28
994 30
995 28
996 29
997 33
998 33
999 31
1000 34
