0 55
1 50
2 46
3 42
4 39
5 37
6 39
7 38
8 39
9 41
10 38
11 39
12 39
13 41
14 38
15 40
16 36
17 39
18 39
19 39
20 36
21 37
22 40
23 39
24 39
25 34
26 36
27 36
28 35
29 33
30 33
31 30
32 32
33 32
34 31
35 34
36 33
37 32
38 35
39 35
40 37
41 36
42 36
43 34
44 32
45 33
46 37
47 38
48 39
49 40
50 39
51 38
52 40
53 38
54 38
55 40
56 39
57 39
58 43
59 38
60 33
61 35
62 35
63 36
64 36
65 33
66 34
67 37
68 39
69 38
70 38
71 38
72 37
73 36
74 36
75 37
76 38
77 39
78 40
79 40
80 36
81 35
82 34
83 34
84 34
85 31
86 32
87 38
88 40
89 37
90 38
91 39
92 38
93 37
94 37
95 36
96 37
97 36
98 35
99 36
100 38
101 39
102 37
103 36
104 42
105 37
106 37
107 35
108 37
109 36
110 37
111 39
112 38
113 37
114 36
115 35
116 37
117 38
118 37
119 40
120 41
121 40
122 41
123 41
124 40
125 41
126 40
127 40
128 37
129 37
130 36
131 36
132 36
133 36
134 36
135 34
136 36
137 36
138 36
139 37
140 37
141 35
142 34
143 33
144 33
145 36
146 36
147 35
148 38
149 35
150 32
151 35
152 34
153 36
154 37
155 34
156 36
157 34
158 33
159 32
160 34
161 36
162 33
163 34
164 34
165 33
166 34
167 32
168 34
169 32
170 33
171 32
172 37
173 36
174 38
175 39
176 37
177 37
178 36
179 35
180 35
181 37
182 39
183 34
184 32
185 35
186 31
187 29
188 29
189 33
190 36
191 34
192 34
193 33
194 32
195 38
196 37
197 36
198 36
199 34
200 32
201 35
202 35
203 35
204 35
205 35
206 37
207 38
208 39
209 41
210 40
211 40
212 41
213 39
214 38
215 39
216 36
217 36
218 36
219 35
220 35
221 34
222 34
223 32
224 33
225 35
226 31
227 32
228 34
229 38
230 39
231 40
232 42
233 41
234 42
235 37
236 31
237 31
238 34
239 31
240 34
241 29
242 33
243 34
244 36
245 37
246 38
247 38
248 35
249 36
250 38
251 40
252 38
253 40
254 43
255 41
256 41
257 39
258 39
259 37
260 38
261 38
262 38
263 35
264 34
265 36
266 36
267 35
268 34
269 33
270 34
271 36
272 40
273 41
274 37
275 33
276 33
277 31
278 34
279 36
280 39
281 38
282 35
283 35
284 33
285 35
286 37
287 37
288 33
289 34
290 35
291 37
292 35
293 37
294 37
295 39
296 36
297 37
298 37
299 38
300 34
301 35
302 36
303 35
304 37
305 38
306 35
307 40
308 38
309 40
310 38
311 38
312 37
313 34
314 35
315 36
316 37
317 36
318 37
319 39
320 37
321 37
322 34
323 35
324 37
325 39
326 40
327 38
328 36
329 34
330 34
331 35
332 32
333 35
334 34
335 34
336 32
337 33
338 32
339 34
340 31
341 34
342 33
343 34
344 33
345 35
346 34
347 36
348 38
349 41
350 37
351 39
352 39
353 39
354 38
355 36
356 37
357 35
358 36
359 37
360 36
361 39
362 39
363 40
364 40
365 38
366 41
367 39
368 39
369 40
370 40
371 37
372 39
373 38
374 35
375 36
376 32
377 34
378 37
379 36
380 31
381 34
382 38
383 36
384 37
385 43
386 46
387 42
388 38
389 40
390 39
391 39
392 36
393 33
394 34
395 33
396 36
397 37
398 35
399 34
400 32
401 33
402 33
403 35
404 36
405 33
406 34
407 36
408 32
409 32
410 31
411 33
412 33
413 36
414 39
415 37
416 32
417 32
418 32
419 34
420 35
421 38
422 36
423 34
424 40
425 37
426 40
427 39
428 39
429 37
430 37
431 40
432 39
433 38
434 37
435 35
436 37
437 39
438 39
439 39
440 39
441 37
442 38
443 32
444 35
445 36
446 39
447 39
448 41
449 37
450 39
451 41
452 39
453 39
454 38
455 34
456 36
457 37
458 34
459 34
460 35
461 35
462 35
463 36
464 36
465 37
466 37
467 33
468 33
469 34
470 32
471 33
472 36
473 37
474 39
475 39
476 42
477 40
478 35
479 34
480 34
481 33
482 34
483 36
484 35
485 37
486 38
487 36
488 37
489 37
490 38
491 40
492 41
493 40
494 39
495 41
496 38
497 38
498 36
499 36
500 36
501 38
502 39
503 38
504 39
505 37
506 36
507 36
508 35
509 37
510 35
511 36
512 33
513 34
514 35
515 34
516 29
517 34
518 33
519 33
520 31
521 31
522 33
523 31
524 30
525 33
526 34
527 31
528 32
529 31
530 34
531 33
532 34
533 35
534 35
535 35
536 31
537 31
538 30
539 31
540 33
541 36
542 34
543 34
544 33
545 35
546 34
547 30
548 33
549 31
550 32
551 32
552 33
553 36
554 32
555 35
556 36
557 38
558 40
559 43
560 40
561 38
562 40
563 39
564 40
565 41
566 44
567 40
568 36
569 35
570 35
571 36
572 38
573 42
574 41
575 41
576 41
577 39
578 39
579 40
580 35
581 35
582 34
583 35
584 34
585 36
586 35
587 36
588 40
589 40
590 36
591 39
592 39
593 37
594 38
595 40
596 38
597 40
598 37
599 36
600 36
601 34
602 37
603 35
604 35
605 34
606 33
607 34
608 34
609 33
610 34
611 35
612 33
613 33
614 35
615 32
616 32
617 33
618 33
619 36
620 33
621 36
622 37
623 36
624 37
625 38
626 39
627 39
628 40
629 40
630 38
631 34
632 35
633 36
634 34
635 31
636 34
637 36
638 39
639 41
640 40
641 39
642 38
643 34
644 36
645 35
646 34
647 33
648 36
649 39
650 35
651 37
652 40
653 38
654 37
655 35
656 37
657 36
658 36
659 35
660 34
661 33
662 33
663 35
664 32
665 34
666 31
667 30
668 33
669 36
670 38
671 37
672 38
673 36
674 35
675 30
676 29
677 31
678 31
679 34
680 35
681 35
682 34
683 34
684 35
685 31
686 30
687 31
688 36
689 38
690 37
691 41
692 40
693 39
694 40
695 39
696 41
697 41
698 38
699 38
700 36
701 37
702 39
703 41
704 40
705 41
706 39
707 37
708 38
709 37
710 38
711 38
712 40
713 41
714 34
715 34
716 36
717 35
718 32
719 32
720 33
721 33
722 35
723 36
724 37
725 38
726 40
727 40
728 34
729 31
730 30
731 35
732 36
733 33
734 33
735 35
736 35
737 33
738 32
739 32
740 34
741 36
742 40
743 40
744 41
745 37
746 37
747 36
748 36
749 32
750 31
751 32
752 35
753 38
754 42
755 41
756 42
757 43
758 38
759 37
760 39
761 40
762 38
763 35
764 36
765 36
766 35
767 39
768 37
769 38
770 41
771 41
772 41
773 41
774 34
775 35
776 34
777 33
778 36
779 36
780 34
781 36
782 36
783 34
784 32
785 35
786 30
787 32
788 32
789 34
790 34
791 34
792 36
793 37
794 34
795 34
796 37
797 33
798 34
799 34
800 36
801 38
802 38
803 38
804 38
805 39
806 36
807 36
808 33
809 34
810 37
811 39
812 38
813 34
814 38
815 40
816 37
817 40
818 40
819 40
820 36
821 35
822 38
823 39
824 40
825 40
826 41
827 42
828 41
829 37
830 35
831 36
832 36
833 40
834 39
835 38
836 38
837 37
838 35
839 35
840 38
841 38
842 36
843 34
844 32
845 32
846 35
847 37
848 35
849 36
850 33
851 34
852 36
853 39
854 40
855 35
856 33
857 31
858 29
859 32
860 36
861 40
862 39
863 37
864 37
865 38
866 41
867 39
868 37
869 38
870 38
871 37
872 32
873 34
874 39
875 39
876 41
877 39
878 39
879 38
880 40
881 39
882 40
883 38
884 38
885 37
886 40
887 39
888 40
889 37
890 38
891 38
892 36
893 32
894 32
895 35
896 37
897 34
898 39
899 39
900 38
901 35
902 31
903 35
904 34
905 32
906 31
907 32
908 32
909 35
910 32
911 31
912 35
913 34
914 37
915 32
916 39
917 38
918 37
919 35
920 35
921 36
922 37
923 38
924 37
925 34
926 37
927 38
928 37
929 36
930 36
931 35
932 36
933 36
934 31
935 34
936 38
937 35
938 35
939 35
940 34
941 36
942 36
943 36
944 36
945 37
946 39
947 39
948 39
949 36
950 39
951 39
952 38
953 40
954 42
955 42
956 41
957 39
958 40
959 42
960 41
961 41
962 41
963 41
964 39
965 37
966 32
967 35
968 37
969 36
970 34
971 36
972 36
973 39
974 37
975 35
976 37
977 38
978 40
979 40
980 38
981 38
982 38
983 36
984 35
985 34
986 36
987 37
988 36
989 33
990 33
991 30
992 30
993 32
994 33
995 35
996 33
997 37
998 35
999 36
1000 33
