0 100
1 99
2 98
3 96
4 95
5 92
6 90
7 89
8 87
9 85
10 85
11 84
12 83
13 82
14 81
15 78
16 75
17 73
18 73
19 73
20 71
21 69
22 68
23 67
24 65
25 63
26 63
27 62
28 63
29 63
30 62
31 62
32 61
33 62
34 62
35 61
36 59
37 59
38 57
39 57
40 56
41 56
42 56
43 56
44 55
45 54
46 54
47 53
48 51
49 50
50 52
51 51
52 53
53 55
54 53
55 53
56 53
57 53
58 53
59 52
60 51
61 49
62 49
63 49
64 49
65 50
66 50
67 49
68 49
69 48
70 48
71 47
72 48
73 48
74 47
75 48
76 48
77 47
78 47
79 46
80 45
81 44
82 45
83 45
84 45
85 45
86 46
87 46
88 48
89 45
90 46
91 46
92 47
93 45
94 46
95 46
96 47
97 47
98 46
99 45
100 46
101 43
102 44
103 44
104 43
105 43
106 44
107 44
108 44
109 42
110 43
111 43
112 43
113 42
114 42
115 40
116 40
117 39
118 38
119 38
120 39
121 39
122 38
123 37
124 38
125 37
126 37
127 37
128 36
129 35
130 35
131 37
132 37
133 38
134 38
135 39
136 40
137 40
138 39
139 40
140 40
141 41
142 40
143 40
144 41
145 39
146 38
147 39
148 39
149 40
150 40
151 40
152 39
153 38
154 39
155 37
156 37
157 37
158 38
159 37
160 37
161 38
162 37
163 38
164 38
165 37
166 37
167 37
168 38
169 37
170 37
171 38
172 39
173 39
174 40
175 39
176 39
177 40
178 40
179 40
180 40
181 40
182 39
183 40
184 40
185 41
186 42
187 41
188 41
189 42
190 43
191 44
192 41
193 42
194 42
195 42
196 43
197 42
198 42
199 42
200 42
201 40
202 40
203 40
204 41
205 40
206 40
207 40
208 40
209 40
210 40
211 41
212 41
213 43
214 43
215 43
216 44
217 43
218 44
219 44
220 44
221 45
222 46
223 46
224 46
225 45
226 44
227 45
228 44
229 42
230 42
231 42
232 43
233 45
234 46
235 45
236 44
237 43
238 42
239 42
240 43
241 43
242 43
243 42
244 43
245 42
246 42
247 43
248 43
249 43
250 45
251 45
252 47
253 48
254 48
255 47
256 47
257 49
258 49
259 49
260 51
261 51
262 49
263 48
264 46
265 46
266 47
267 48
268 48
269 48
270 47
271 47
272 48
273 47
274 48
275 48
276 48
277 47
278 46
279 46
280 46
281 46
282 47
283 47
284 47
285 47
286 46
287 47
288 46
289 46
290 47
291 47
292 48
293 47
294 46
295 46
296 45
297 44
298 44
299 44
300 45
301 46
302 47
303 47
304 46
305 46
306 45
307 44
308 44
309 43
310 43
311 43
312 43
313 45
314 45
315 45
316 45
317 44
318 44
319 44
320 43
321 43
322 43
323 43
324 43
325 43
326 42
327 41
328 41
329 40
330 39
331 38
332 40
333 38
334 37
335 36
336 36
337 36
338 37
339 36
340 37
341 36
342 36
343 35
344 35
345 34
346 35
347 36
348 37
349 37
350 37
351 37
352 37
353 37
354 37
355 37
356 38
357 40
358 40
359 39
360 39
361 40
362 40
363 40
364 40
365 41
366 40
367 42
368 42
369 41
370 40
371 40
372 40
373 40
374 40
375 41
376 41
377 40
378 38
379 40
380 40
381 39
382 38
383 38
384 38
385 38
386 38
387 37
388 37
389 37
390 38
391 38
392 38
393 37
394 37
395 36
396 37
397 36
398 35
399 36
400 36
401 35
402 35
403 34
404 35
405 35
406 34
407 34
408 34
409 34
410 34
411 35
412 35
413 35
414 36
415 36
416 36
417 37
418 37
419 38
420 37
421 37
422 38
423 37
424 37
425 37
426 37
427 37
428 37
429 37
430 38
431 37
432 37
433 38
434 38
435 38
436 37
437 37
438 37
439 36
440 37
441 39
442 39
443 39
444 39
445 40
446 40
447 40
448 38
449 36
450 35
451 34
452 34
453 36
454 36
455 35
456 36
457 37
458 37
459 38
460 39
461 39
462 39
463 39
464 39
465 41
466 41
467 42
468 42
469 41
470 40
471 40
472 41
473 42
474 42
475 40
476 40
477 38
478 37
479 36
480 36
481 35
482 36
483 36
484 35
485 34
486 34
487 36
488 35
489 36
490 36
491 35
492 36
493 37
494 37
495 37
496 38
497 38
498 37
499 37
500 36
501 37
502 36
503 35
504 36
505 37
506 37
507 37
508 35
509 35
510 34
511 35
512 35
513 36
514 37
515 38
516 38
517 38
518 38
519 38
520 38
521 40
522 40
523 41
524 41
525 42
526 38
527 38
528 39
529 38
530 36
531 36
532 36
533 36
534 36
535 37
536 37
537 37
538 36
539 33
540 34
541 35
542 35
543 34
544 35
545 36
546 38
547 39
548 40
549 38
550 40
551 39
552 39
553 39
554 39
555 37
556 37
557 36
558 36
559 37
560 37
561 39
562 39
563 40
564 39
565 39
566 40
567 40
568 41
569 42
570 41
571 41
572 42
573 42
574 42
575 42
576 42
577 42
578 42
579 42
580 42
581 43
582 43
583 44
584 44
585 43
586 43
587 44
588 42
589 43
590 42
591 42
592 42
593 41
594 39
595 40
596 39
597 40
598 40
599 39
600 38
601 39
602 38
603 38
604 38
605 37
606 38
607 37
608 38
609 38
610 37
611 36
612 36
613 35
614 34
615 34
616 34
617 36
618 37
619 38
620 38
621 38
622 37
623 36
624 36
625 32
626 33
627 33
628 33
629 33
630 35
631 34
632 33
633 34
634 34
635 34
636 35
637 34
638 35
639 34
640 34
641 33
642 35
643 35
644 34
645 34
646 33
647 32
648 34
649 34
650 33
651 35
652 35
653 36
654 36
655 38
656 39
657 40
658 41
659 40
660 40
661 40
662 40
663 40
664 40
665 40
666 40
667 40
668 40
669 40
670 41
671 41
672 41
673 41
674 41
675 42
676 43
677 43
678 42
679 42
680 42
681 42
682 43
683 43
684 43
685 42
686 42
687 43
688 43
689 42
690 41
691 42
692 41
693 42
694 42
695 42
696 42
697 43
698 42
699 42
700 41
701 41
702 42
703 42
704 42
705 41
706 40
707 40
708 40
709 40
710 41
711 41
712 41
713 41
714 41
715 41
716 42
717 42
718 43
719 44
720 43
721 44
722 45
723 43
724 42
725 41
726 42
727 42
728 42
729 43
730 43
731 44
732 44
733 43
734 44
735 44
736 42
737 42
738 44
739 41
740 42
741 41
742 42
743 43
744 42
745 42
746 41
747 42
748 44
749 43
750 44
751 44
752 43
753 43
754 43
755 44
756 44
757 44
758 44
759 42
760 40
761 41
762 42
763 41
764 40
765 40
766 40
767 38
768 39
769 38
770 40
771 41
772 40
773 40
774 39
775 39
776 39
777 39
778 38
779 39
780 39
781 39
782 39
783 39
784 40
785 39
786 38
787 37
788 37
789 38
790 35
791 35
792 34
793 33
794 32
795 32
796 32
797 31
798 31
799 32
800 33
801 34
802 34
803 35
804 35
805 35
806 36
807 37
808 37
809 37
810 36
811 36
812 38
813 38
814 41
815 39
816 38
817 40
818 39
819 39
820 40
821 40
822 40
823 40
824 41
825 42
826 42
827 42
828 39
829 40
830 40
831 40
832 41
833 40
834 40
835 39
836 40
837 40
838 40
839 40
840 40
841 39
842 40
843 41
844 41
845 41
846 41
847 40
848 38
849 38
850 39
851 37
852 38
853 39
854 38
855 38
856 38
857 37
858 36
859 37
860 37
861 36
862 37
863 37
864 37
865 37
866 37
867 36
868 37
869 37
870 36
871 36
872 37
873 38
874 37
875 37
876 37
877 37
878 37
879 36
880 37
881 38
882 38
883 38
884 37
885 37
886 38
887 38
888 40
889 39
890 40
891 40
892 40
893 42
894 43
895 44
896 44
897 44
898 44
899 44
900 45
901 44
902 44
903 44
904 45
905 44
906 43
907 43
908 44
909 44
910 45
911 45
912 43
913 42
914 41
915 41
916 41
917 40
918 41
919 41
920 41
921 40
922 39
923 39
924 39
925 38
926 38
927 37
928 37
929 37
930 37
931 36
932 37
933 37
934 37
935 36
936 35
937 36
938 37
939 37
940 38
941 38
942 38
943 38
944 38
945 39
946 39
947 38
948 39
949 39
950 39
951 39
952 39
953 40
954 40
955 41
956 39
957 38
958 38
959 38
960 38
961 39
962 41
963 40
964 41
965 42
966 42
967 42
968 43
969 43
970 44
971 43
972 43
973 44
974 44
975 44
976 43
977 43
978 43
979 43
980 42
981 42
982 41
983 41
984 41
985 41
986 40
987 41
988 41
989 42
990 42
991 41
992 40
993 40
994 41
995 42
996 43
997 43
998 44
999 42
1000 42
