0 55
1 45
2 38
3 36
4 34
5 33
6 31
7 33
8 35
9 33
10 33
11 38
12 37
13 35
14 36
15 35
16 36
17 35
18 34
19 36
20 34
21 32
22 35
23 35
24 36
25 34
26 33
27 34
28 35
29 34
30 35
31 33
32 36
33 35
34 36
35 32
36 33
37 35
38 33
39 34
40 38
41 38
42 36
43 32
44 33
45 35
46 32
47 34
48 32
49 33
50 34
51 35
52 34
53 34
54 36
55 35
56 37
57 35
58 36
59 34
60 37
61 36
62 33
63 32
64 39
65 35
66 34
67 37
68 38
69 37
70 38
71 35
72 36
73 36
74 31
75 31
76 36
77 34
78 35
79 32
80 34
81 38
82 34
83 37
84 34
85 37
86 38
87 36
88 34
89 34
90 37
91 35
92 32
93 28
94 31
95 33
96 34
97 35
98 38
99 36
100 37
101 35
102 36
103 36
104 37
105 37
106 38
107 36
108 36
109 37
110 35
111 36
112 37
113 38
114 40
115 33
116 34
117 34
118 34
119 32
120 36
121 35
122 36
123 34
124 31
125 31
126 33
127 36
128 39
129 38
130 38
131 37
132 36
133 37
134 34
135 34
136 35
137 33
138 31
139 36
140 35
141 35
142 37
143 37
144 36
145 36
146 35
147 38
148 38
149 39
150 37
151 39
152 33
153 36
154 36
155 36
156 34
157 30
158 29
159 30
160 38
161 37
162 35
163 34
164 34
165 32
166 35
167 37
168 34
169 35
170 31
171 32
172 30
173 29
174 30
175 34
176 37
177 38
178 37
179 39
180 37
181 36
182 31
183 34
184 28
185 33
186 32
187 32
188 33
189 35
190 38
191 37
192 33
193 34
194 37
195 39
196 37
197 38
198 35
199 34
200 37
201 38
202 32
203 30
204 33
205 30
206 33
207 37
208 35
209 38
210 36
211 38
212 37
213 36
214 38
215 35
216 33
217 34
218 37
219 31
220 36
221 32
222 31
223 33
224 34
225 30
226 34
227 34
228 32
229 35
230 39
231 33
232 28
233 29
234 35
235 33
236 31
237 37
238 36
239 37
240 33
241 36
242 35
243 34
244 35
245 32
246 34
247 32
248 34
249 37
250 37
251 33
252 34
253 37
254 36
255 35
256 34
257 36
258 37
259 39
260 38
261 37
262 35
263 35
264 35
265 32
266 37
267 34
268 35
269 32
270 36
271 33
272 35
273 36
274 37
275 37
276 37
277 37
278 36
279 39
280 36
281 35
282 33
283 34
284 34
285 33
286 32
287 32
288 34
289 38
290 37
291 35
292 33
293 35
294 40
295 39
296 39
297 39
298 35
299 32
300 36
301 37
302 37
303 35
304 36
305 37
306 36
307 38
308 35
309 36
310 37
311 34
312 36
313 38
314 37
315 37
316 33
317 35
318 36
319 31
320 28
321 31
322 32
323 32
324 38
325 35
326 39
327 37
328 35
329 34
330 33
331 36
332 34
333 36
334 35
335 36
336 37
337 35
338 39
339 37
340 34
341 33
342 31
343 32
344 35
345 35
346 33
347 34
348 35
349 34
350 35
351 41
352 35
353 35
354 32
355 33
356 30
357 32
358 36
359 33
360 32
361 33
362 33
363 34
364 35
365 35
366 31
367 33
368 36
369 34
370 36
371 35
372 36
373 33
374 30
375 31
376 32
377 38
378 37
379 39
380 39
381 38
382 38
383 35
384 38
385 33
386 36
387 38
388 35
389 34
390 31
391 36
392 36
393 38
394 37
395 32
396 34
397 35
398 38
399 35
400 34
401 36
402 32
403 34
404 34
405 33
406 34
407 32
408 35
409 34
410 34
411 34
412 34
413 36
414 36
415 34
416 34
417 35
418 33
419 36
420 35
421 35
422 34
423 34
424 36
425 37
426 37
427 36
428 35
429 35
430 34
431 34
432 34
433 38
434 33
435 34
436 35
437 37
438 36
439 33
440 35
441 35
442 34
443 33
444 35
445 27
446 34
447 36
448 36
449 36
450 34
451 35
452 32
453 37
454 34
455 33
456 36
457 33
458 35
459 36
460 38
461 40
462 36
463 37
464 36
465 33
466 35
467 38
468 33
469 31
470 31
471 34
472 36
473 36
474 36
475 34
476 37
477 35
478 31
479 35
480 33
481 36
482 32
483 33
484 33
485 36
486 37
487 37
488 37
489 35
490 35
491 34
492 37
493 36
494 36
495 37
496 39
497 36
498 34
499 33
500 28
501 35
502 35
503 34
504 33
505 34
506 35
507 36
508 36
509 34
510 32
511 34
512 34
513 36
514 34
515 34
516 38
517 36
518 36
519 34
520 35
521 34
522 32
523 35
524 37
525 36
526 38
527 40
528 34
529 31
530 32
531 33
532 34
533 35
534 36
535 37
536 37
537 39
538 38
539 36
540 35
541 36
542 36
543 38
544 38
545 36
546 35
547 37
548 31
549 34
550 36
551 35
552 34
553 37
554 36
555 33
556 35
557 36
558 37
559 37
560 34
561 34
562 37
563 39
564 34
565 33
566 34
567 34
568 34
569 32
570 31
571 30
572 32
573 36
574 35
575 37
576 38
577 33
578 35
579 36
580 37
581 38
582 37
583 37
584 34
585 33
586 36
587 34
588 37
589 34
590 35
591 38
592 38
593 40
594 35
595 33
596 35
597 40
598 36
599 37
600 32
601 30
602 37
603 36
604 38
605 38
606 36
607 34
608 36
609 35
610 35
611 32
612 34
613 34
614 33
615 36
616 34
617 37
618 33
619 32
620 35
621 36
622 33
623 35
624 33
625 39
626 38
627 31
628 33
629 34
630 34
631 34
632 32
633 32
634 31
635 37
636 35
637 33
638 34
639 37
640 38
641 39
642 33
643 36
644 36
645 36
646 33
647 39
648 34
649 34
650 31
651 35
652 30
653 34
654 32
655 34
656 37
657 37
658 34
659 34
660 31
661 30
662 33
663 36
664 33
665 34
666 36
667 36
668 35
669 31
670 31
671 34
672 35
673 35
674 36
675 31
676 30
677 36
678 38
679 38
680 39
681 36
682 34
683 32
684 32
685 32
686 36
687 34
688 35
689 35
690 37
691 31
692 34
693 31
694 34
695 32
696 35
697 38
698 38
699 38
700 34
701 36
702 35
703 33
704 35
705 34
706 31
707 32
708 31
709 34
710 31
711 32
712 32
713 33
714 33
715 35
716 31
717 31
718 34
719 34
720 37
721 37
722 37
723 38
724 32
725 38
726 37
727 36
728 34
729 36
730 32
731 37
732 38
733 36
734 34
735 36
736 37
737 38
738 37
739 35
740 36
741 36
742 34
743 39
744 35
745 36
746 34
747 35
748 34
749 31
750 29
751 33
752 33
753 33
754 32
755 32
756 34
757 33
758 31
759 33
760 34
761 36
762 38
763 36
764 30
765 33
766 32
767 36
768 36
769 38
770 33
771 35
772 35
773 36
774 37
775 34
776 35
777 33
778 33
779 38
780 41
781 38
782 36
783 38
784 31
785 33
786 34
787 32
788 37
789 38
790 36
791 37
792 41
793 34
794 35
795 31
796 33
797 34
798 35
799 35
800 31
801 35
802 36
803 37
804 38
805 32
806 33
807 35
808 35
809 36
810 34
811 37
812 32
813 34
814 32
815 34
816 35
817 33
818 32
819 36
820 36
821 36
822 39
823 39
824 37
825 36
826 38
827 40
828 37
829 37
830 34
831 34
832 35
833 36
834 40
835 37
836 38
837 37
838 38
839 38
840 37
841 38
842 32
843 33
844 34
845 35
846 34
847 35
848 33
849 34
850 31
851 35
852 35
853 33
854 32
855 35
856 37
857 37
858 35
859 36
860 35
861 37
862 38
863 38
864 41
865 32
866 32
867 34
868 35
869 36
870 35
871 33
872 36
873 37
874 33
875 34
876 34
877 34
878 35
879 35
880 36
881 37
882 37
883 35
884 36
885 31
886 34
887 35
888 35
889 38
890 30
891 32
892 32
893 37
894 35
895 32
896 35
897 36
898 36
899 33
900 35
901 37
902 36
903 30
904 30
905 31
906 28
907 36
908 36
909 32
910 33
911 37
912 37
913 34
914 34
915 36
916 36
917 34
918 37
919 34
920 36
921 31
922 36
923 34
924 27
925 33
926 38
927 32
928 33
929 37
930 36
931 36
932 37
933 34
934 33
935 32
936 32
937 33
938 35
939 35
940 34
941 37
942 32
943 32
944 31
945 30
946 32
947 34
948 35
949 34
950 33
951 34
952 34
953 36
954 35
955 34
956 35
957 39
958 35
959 39
960 36
961 36
962 36
963 33
964 34
965 38
966 35
967 31
968 33
969 34
970 31
971 35
972 38
973 35
974 34
975 36
976 38
977 39
978 38
979 31
980 34
981 32
982 35
983 35
984 34
985 38
986 34
987 30
988 33
989 38
990 35
991 35
992 34
993 38
994 36
995 38
996 40
997 36
998 34
999 33
1000 35
