0 85
1 76
2 68
3 63
4 60
5 60
6 55
7 54
8 53
9 51
10 47
11 48
12 49
13 49
14 52
15 49
16 49
17 50
18 51
19 53
20 51
21 51
22 50
23 54
24 53
25 51
26 51
27 48
28 48
29 50
30 50
31 51
32 54
33 53
34 51
35 48
36 48
37 48
38 52
39 52
40 50
41 50
42 49
43 48
44 47
45 51
46 49
47 46
48 47
49 50
50 50
51 51
52 50
53 54
54 51
55 55
56 54
57 54
58 54
59 55
60 55
61 53
62 51
63 50
64 49
65 50
66 51
67 51
68 50
69 51
70 53
71 52
72 52
73 52
74 51
75 51
76 50
77 49
78 51
79 48
80 49
81 48
82 48
83 47
84 49
85 50
86 51
87 51
88 53
89 50
90 49
91 52
92 54
93 52
94 52
95 53
96 48
97 47
98 49
99 53
100 52
101 51
102 50
103 52
104 51
105 48
106 49
107 51
108 48
109 50
110 51
111 52
112 51
113 49
114 48
115 50
116 53
117 52
118 52
119 51
120 52
121 50
122 50
123 47
124 45
125 44
126 43
127 46
128 49
129 50
130 49
131 48
132 49
133 49
134 50
135 53
136 55
137 52
138 49
139 51
140 53
141 52
142 53
143 53
144 55
145 56
146 55
147 52
148 53
149 53
150 54
151 52
152 54
153 53
154 52
155 52
156 50
157 48
158 50
159 45
160 47
161 44
162 46
163 45
164 46
165 49
166 46
167 43
168 44
169 44
170 43
171 47
172 47
173 50
174 50
175 48
176 48
177 50
178 49
179 51
180 54
181 56
182 54
183 48
184 48
185 46
186 46
187 49
188 48
189 48
190 46
191 45
192 46
193 47
194 48
195 48
196 49
197 48
198 48
199 46
200 46
201 47
202 48
203 45
204 47
205 46
206 47
207 49
208 46
209 46
210 48
211 48
212 50
213 49
214 52
215 48
216 47
217 50
218 53
219 49
220 47
221 43
222 45
223 47
224 46
225 50
226 51
227 51
228 53
229 53
230 51
231 52
232 55
233 54
234 52
235 52
236 53
237 54
238 51
239 51
240 50
241 50
242 50
243 48
244 49
245 50
246 51
247 51
248 51
249 51
250 49
251 46
252 47
253 44
254 43
255 44
256 45
257 45
258 45
259 46
260 50
261 52
262 54
263 54
264 53
265 53
266 53
267 55
268 52
269 51
270 52
271 53
272 55
273 53
274 52
275 51
276 47
277 48
278 47
279 46
280 45
281 50
282 52
283 49
284 49
285 47
286 49
287 49
288 46
289 49
290 46
291 46
292 50
293 50
294 52
295 53
296 50
297 51
298 51
299 53
300 48
301 50
302 47
303 47
304 46
305 42
306 44
307 47
308 47
309 51
310 50
311 49
312 52
313 50
314 50
315 52
316 50
317 49
318 48
319 49
320 52
321 49
322 51
323 51
324 51
325 48
326 49
327 49
328 51
329 52
330 50
331 51
332 55
333 54
334 56
335 58
336 54
337 55
338 54
339 53
340 54
341 56
342 55
343 55
344 55
345 53
346 50
347 52
348 54
349 56
350 54
351 54
352 55
353 53
354 49
355 52
356 50
357 51
358 52
359 50
360 54
361 51
362 52
363 53
364 53
365 55
366 53
367 53
368 53
369 54
370 52
371 54
372 52
373 51
374 50
375 50
376 49
377 51
378 50
379 49
380 49
381 44
382 43
383 44
384 47
385 47
386 47
387 49
388 45
389 49
390 52
391 50
392 52
393 51
394 52
395 50
396 53
397 53
398 54
399 50
400 50
401 52
402 51
403 48
404 51
405 55
406 55
407 56
408 50
409 49
410 46
411 46
412 45
413 46
414 46
415 45
416 42
417 46
418 44
419 47
420 48
421 49
422 51
423 50
424 51
425 50
426 51
427 52
428 50
429 48
430 50
431 52
432 53
433 52
434 51
435 53
436 52
437 52
438 55
439 57
440 56
441 56
442 55
443 55
444 52
445 55
446 52
447 50
448 49
449 51
450 52
451 51
452 51
453 51
454 50
455 50
456 52
457 46
458 50
459 50
460 52
461 52
462 52
463 51
464 50
465 50
466 48
467 49
468 51
469 49
470 51
471 51
472 50
473 52
474 53
475 53
476 49
477 50
478 50
479 50
480 53
481 57
482 59
483 56
484 54
485 54
486 55
487 51
488 54
489 52
490 49
491 50
492 49
493 51
494 52
495 50
496 49
497 51
498 50
499 50
500 51
501 53
502 54
503 52
504 51
505 50
506 49
507 48
508 50
509 51
510 49
511 48
512 44
513 42
514 44
515 48
516 46
517 47
518 49
519 45
520 43
521 45
522 46
523 48
524 50
525 48
526 47
527 46
528 47
529 43
530 43
531 43
532 45
533 47
534 49
535 50
536 51
537 52
538 53
539 50
540 48
541 49
542 48
543 46
544 46
545 50
546 52
547 50
548 49
549 45
550 45
551 48
552 50
553 51
554 50
555 54
556 52
557 50
558 50
559 47
560 49
561 48
562 49
563 48
564 50
565 50
566 50
567 50
568 51
569 53
570 52
571 52
572 54
573 55
574 51
575 50
576 52
577 55
578 53
579 52
580 52
581 51
582 51
583 50
584 51
585 51
586 53
587 49
588 50
589 52
590 54
591 55
592 54
593 53
594 54
595 57
596 56
597 56
598 55
599 55
600 54
601 52
602 52
603 51
604 47
605 49
606 49
607 47
608 49
609 48
610 48
611 45
612 46
613 49
614 48
615 51
616 54
617 54
618 51
619 50
620 54
621 53
622 50
623 48
624 48
625 47
626 46
627 41
628 41
629 44
630 47
631 50
632 49
633 51
634 51
635 51
636 50
637 50
638 50
639 51
640 52
641 53
642 53
643 55
644 54
645 52
646 55
647 52
648 54
649 54
650 55
651 50
652 51
653 52
654 44
655 46
656 47
657 46
658 46
659 46
660 49
661 50
662 50
663 49
664 52
665 56
666 53
667 54
668 46
669 46
670 46
671 47
672 49
673 52
674 52
675 53
676 50
677 48
678 47
679 48
680 52
681 51
682 52
683 52
684 53
685 53
686 53
687 53
688 53
689 55
690 54
691 52
692 51
693 49
694 47
695 51
696 49
697 51
698 53
699 56
700 59
701 55
702 54
703 53
704 54
705 52
706 52
707 48
708 51
709 49
710 49
711 51
712 50
713 51
714 49
715 49
716 50
717 49
718 47
719 48
720 46
721 47
722 49
723 47
724 47
725 50
726 49
727 50
728 51
729 53
730 54
731 51
732 49
733 51
734 50
735 49
736 48
737 48
738 49
739 49
740 47
741 46
742 45
743 46
744 46
745 47
746 48
747 47
748 50
749 48
750 51
751 47
752 44
753 44
754 50
755 51
756 52
757 52
758 51
759 52
760 52
761 53
762 52
763 55
764 54
765 54
766 55
767 55
768 56
769 52
770 51
771 48
772 46
773 47
774 47
775 49
776 48
777 49
778 48
779 48
780 49
781 49
782 50
783 52
784 55
785 51
786 47
787 49
788 48
789 49
790 48
791 46
792 47
793 46
794 49
795 48
796 46
797 49
798 47
799 43
800 42
801 45
802 45
803 49
804 49
805 46
806 45
807 44
808 46
809 48
810 43
811 48
812 48
813 51
814 52
815 50
816 52
817 56
818 57
819 53
820 51
821 51
822 51
823 47
824 46
825 48
826 49
827 49
828 49
829 49
830 47
831 44
832 44
833 45
834 46
835 47
836 50
837 49
838 50
839 52
840 51
841 52
842 47
843 49
844 49
845 50
846 50
847 50
848 51
849 50
850 47
851 46
852 49
853 50
854 50
855 51
856 50
857 51
858 53
859 51
860 51
861 52
862 51
863 52
864 53
865 50
866 51
867 49
868 49
869 47
870 51
871 53
872 54
873 53
874 51
875 53
876 55
877 57
878 57
879 56
880 54
881 52
882 52
883 48
884 50
885 48
886 49
887 52
888 51
889 51
890 51
891 51
892 52
893 54
894 54
895 50
896 48
897 50
898 50
899 46
900 49
901 48
902 49
903 49
904 51
905 55
906 57
907 55
908 55
909 52
910 51
911 51
912 51
913 50
914 50
915 50
916 47
917 49
918 51
919 51
920 46
921 48
922 44
923 45
924 45
925 48
926 50
927 51
928 51
929 54
930 49
931 50
932 52
933 49
934 51
935 52
936 51
937 52
938 53
939 56
940 55
941 54
942 53
943 52
944 51
945 50
946 51
947 49
948 50
949 50
950 50
951 50
952 52
953 52
954 52
955 50
956 51
957 51
958 52
959 48
960 50
961 50
962 50
963 50
964 50
965 52
966 50
967 51
968 49
969 48
970 47
971 48
972 49
973 51
974 52
975 50
976 53
977 54
978 54
979 51
980 47
981 49
982 44
983 45
984 47
985 47
986 50
987 54
988 54
989 53
990 55
991 56
992 56
993 53
994 49
995 52
996 50
997 51
998 52
999 53
1000 51
