0 80
1 70
2 57
3 50
4 44
5 42
6 44
7 43
8 48
9 46
10 45
11 49
12 46
13 46
14 47
15 48
16 48
17 49
18 48
19 47
20 49
21 47
22 47
23 49
24 50
25 44
26 49
27 48
28 48
29 47
30 46
31 49
32 46
33 46
34 45
35 45
36 49
37 51
38 53
39 50
40 52
41 51
42 48
43 45
44 46
45 50
46 44
47 44
48 45
49 46
50 48
51 47
52 49
53 50
54 49
55 47
56 45
57 45
58 45
59 46
60 45
61 44
62 45
63 46
64 46
65 49
66 48
67 48
68 50
69 52
70 52
71 49
72 49
73 48
74 46
75 45
76 48
77 48
78 46
79 42
80 47
81 46
82 48
83 50
84 50
85 51
86 50
87 49
88 47
89 47
90 45
91 47
92 49
93 47
94 47
95 46
96 47
97 46
98 49
99 49
100 49
101 49
102 51
103 49
104 49
105 51
106 51
107 53
108 55
109 55
110 51
111 53
112 52
113 50
114 48
115 51
116 48
117 51
118 52
119 52
120 50
121 49
122 50
123 48
124 47
125 46
126 47
127 48
128 46
129 51
130 51
131 55
132 51
133 48
134 48
135 50
136 48
137 48
138 50
139 49
140 47
141 49
142 51
143 48
144 48
145 47
146 51
147 53
148 48
149 49
150 45
151 47
152 50
153 51
154 50
155 48
156 44
157 43
158 42
159 45
160 47
161 44
162 47
163 44
164 46
165 49
166 50
167 49
168 48
169 49
170 53
171 53
172 50
173 53
174 52
175 55
176 51
177 43
178 48
179 47
180 47
181 48
182 50
183 48
184 47
185 48
186 48
187 45
188 47
189 49
190 48
191 50
192 49
193 51
194 51
195 49
196 51
197 51
198 53
199 50
200 50
201 50
202 52
203 46
204 48
205 48
206 44
207 44
208 46
209 50
210 51
211 53
212 53
213 51
214 50
215 51
216 52
217 52
218 50
219 50
220 53
221 47
222 48
223 51
224 52
225 50
226 47
227 45
228 46
229 48
230 49
231 47
232 44
233 48
234 48
235 47
236 50
237 48
238 48
239 47
240 47
241 50
242 46
243 51
244 51
245 49
246 50
247 50
248 49
249 46
250 49
251 48
252 51
253 52
254 52
255 49
256 49
257 49
258 48
259 50
260 48
261 49
262 47
263 45
264 50
265 47
266 46
267 48
268 48
269 47
270 47
271 45
272 47
273 48
274 46
275 48
276 45
277 45
278 46
279 40
280 42
281 44
282 49
283 46
284 43
285 45
286 47
287 48
288 44
289 45
290 46
291 47
292 49
293 46
294 44
295 47
296 49
297 52
298 50
299 53
300 44
301 45
302 47
303 46
304 50
305 47
306 52
307 53
308 52
309 50
310 53
311 51
312 53
313 51
314 51
315 51
316 51
317 50
318 49
319 49
320 48
321 47
322 48
323 49
324 50
325 48
326 51
327 50
328 51
329 50
330 47
331 50
332 46
333 46
334 51
335 52
336 48
337 49
338 50
339 50
340 51
341 46
342 47
343 49
344 49
345 47
346 49
347 50
348 51
349 49
350 49
351 46
352 49
353 49
354 52
355 47
356 44
357 48
358 47
359 49
360 50
361 49
362 47
363 46
364 46
365 47
366 45
367 49
368 51
369 52
370 51
371 48
372 48
373 49
374 52
375 51
376 51
377 51
378 51
379 47
380 48
381 47
382 47
383 49
384 46
385 49
386 53
387 49
388 48
389 47
390 46
391 49
392 49
393 49
394 48
395 48
396 48
397 50
398 51
399 51
400 49
401 49
402 50
403 47
404 46
405 45
406 47
407 48
408 49
409 46
410 48
411 50
412 49
413 48
414 52
415 46
416 45
417 45
418 43
419 46
420 45
421 47
422 50
423 49
424 43
425 45
426 46
427 48
428 47
429 47
430 46
431 47
432 49
433 48
434 47
435 47
436 47
437 49
438 48
439 47
440 45
441 48
442 45
443 46
444 52
445 51
446 51
447 50
448 49
449 49
450 51
451 54
452 53
453 50
454 51
455 55
456 52
457 50
458 51
459 49
460 48
461 43
462 45
463 46
464 48
465 47
466 45
467 48
468 50
469 51
470 50
471 48
472 48
473 48
474 46
475 47
476 45
477 47
478 47
479 50
480 49
481 51
482 47
483 45
484 45
485 44
486 43
487 47
488 44
489 47
490 45
491 47
492 46
493 49
494 46
495 45
496 47
497 44
498 44
499 49
500 54
501 52
502 52
503 46
504 47
505 50
506 50
507 53
508 49
509 46
510 48
511 49
512 48
513 49
514 49
515 50
516 49
517 49
518 50
519 48
520 49
521 48
522 42
523 47
524 51
525 52
526 52
527 52
528 50
529 50
530 50
531 51
532 49
533 48
534 50
535 50
536 50
537 51
538 54
539 56
540 53
541 52
542 50
543 49
544 48
545 48
546 45
547 44
548 46
549 49
550 49
551 52
552 49
553 47
554 51
555 47
556 48
557 52
558 51
559 50
560 49
561 52
562 52
563 52
564 54
565 51
566 47
567 48
568 49
569 47
570 48
571 47
572 48
573 49
574 46
575 45
576 44
577 45
578 45
579 51
580 46
581 48
582 50
583 49
584 51
585 52
586 48
587 49
588 50
589 47
590 48
591 47
592 47
593 44
594 48
595 54
596 48
597 48
598 47
599 46
600 47
601 49
602 50
603 50
604 47
605 47
606 48
607 44
608 45
609 44
610 48
611 45
612 44
613 44
614 43
615 48
616 46
617 45
618 43
619 46
620 48
621 49
622 46
623 48
624 50
625 51
626 49
627 50
628 50
629 48
630 42
631 48
632 49
633 51
634 50
635 51
636 51
637 51
638 52
639 53
640 50
641 51
642 51
643 45
644 43
645 45
646 42
647 48
648 48
649 46
650 49
651 49
652 48
653 49
654 48
655 45
656 45
657 48
658 46
659 49
660 47
661 48
662 46
663 48
664 49
665 49
666 48
667 48
668 51
669 50
670 51
671 48
672 51
673 50
674 51
675 52
676 51
677 53
678 51
679 48
680 49
681 48
682 45
683 46
684 48
685 48
686 43
687 42
688 45
689 45
690 47
691 48
692 48
693 47
694 50
695 51
696 45
697 48
698 42
699 47
700 48
701 48
702 47
703 52
704 52
705 52
706 51
707 50
708 49
709 50
710 47
711 48
712 51
713 52
714 50
715 51
716 52
717 55
718 54
719 52
720 53
721 50
722 49
723 47
724 47
725 49
726 47
727 47
728 47
729 41
730 46
731 45
732 46
733 47
734 48
735 46
736 49
737 51
738 50
739 52
740 50
741 49
742 51
743 49
744 49
745 50
746 50
747 43
748 44
749 49
750 46
751 47
752 49
753 51
754 51
755 49
756 50
757 47
758 46
759 48
760 46
761 47
762 43
763 46
764 51
765 47
766 49
767 52
768 47
769 49
770 51
771 53
772 44
773 47
774 48
775 50
776 51
777 48
778 47
779 46
780 48
781 48
782 45
783 46
784 45
785 47
786 48
787 50
788 51
789 52
790 52
791 47
792 50
793 52
794 52
795 51
796 47
797 47
798 47
799 46
800 44
801 48
802 46
803 42
804 46
805 49
806 47
807 52
808 47
809 48
810 49
811 50
812 54
813 53
814 50
815 48
816 47
817 46
818 45
819 49
820 41
821 45
822 48
823 46
824 47
825 48
826 49
827 51
828 49
829 52
830 49
831 48
832 49
833 52
834 49
835 49
836 49
837 46
838 49
839 46
840 43
841 42
842 45
843 47
844 49
845 53
846 54
847 51
848 49
849 44
850 44
851 49
852 51
853 49
854 47
855 50
856 51
857 49
858 51
859 48
860 47
861 44
862 47
863 49
864 48
865 46
866 46
867 47
868 48
869 49
870 49
871 51
872 53
873 52
874 55
875 54
876 54
877 49
878 51
879 51
880 49
881 54
882 53
883 52
884 49
885 50
886 48
887 45
888 46
889 47
890 44
891 45
892 48
893 47
894 49
895 52
896 49
897 48
898 50
899 45
900 47
901 49
902 48
903 48
904 50
905 52
906 52
907 50
908 51
909 46
910 46
911 43
912 45
913 48
914 51
915 52
916 49
917 50
918 50
919 47
920 46
921 45
922 48
923 49
924 50
925 51
926 46
927 48
928 49
929 48
930 51
931 52
932 50
933 45
934 43
935 45
936 49
937 48
938 47
939 48
940 47
941 47
942 47
943 50
944 50
945 50
946 43
947 48
948 47
949 43
950 46
951 50
952 51
953 51
954 52
955 51
956 53
957 52
958 50
959 51
960 50
961 48
962 45
963 45
964 44
965 44
966 45
967 49
968 50
969 49
970 51
971 52
972 53
973 53
974 49
975 48
976 45
977 48
978 45
979 49
980 49
981 51
982 47
983 49
984 47
985 47
986 46
987 47
988 46
989 46
990 46
991 49
992 47
993 46
994 50
995 48
996 45
997 46
998 47
999 47
1000 46
