0 40
1 31
2 26
3 25
4 22
5 22
6 21
7 26
8 25
9 25
10 24
11 24
12 25
13 26
14 27
15 24
16 21
17 23
18 25
19 23
20 23
21 23
22 23
23 27
24 24
25 22
26 24
27 25
28 23
29 25
30 22
31 26
32 27
33 26
34 24
35 23
36 24
37 25
38 24
39 24
40 22
41 23
42 27
43 26
44 24
45 24
46 24
47 24
48 26
49 26
50 23
51 24
52 24
53 22
54 22
55 25
56 21
57 24
58 25
59 23
60 24
61 25
62 22
63 22
64 24
65 25
66 25
67 23
68 23
69 24
70 26
71 24
72 25
73 25
74 28
75 26
76 24
77 25
78 25
79 25
80 26
81 23
82 22
83 25
84 24
85 24
86 23
87 23
88 26
89 24
90 24
91 25
92 23
93 21
94 18
95 23
96 24
97 19
98 21
99 22
100 25
101 25
102 25
103 21
104 25
105 26
106 24
107 24
108 25
109 28
110 25
111 23
112 23
113 25
114 26
115 23
116 23
117 24
118 25
119 25
120 24
121 24
122 25
123 27
124 26
125 26
126 24
127 24
128 25
129 24
130 22
131 26
132 22
133 22
134 23
135 25
136 28
137 24
138 23
139 25
140 26
141 21
142 22
143 23
144 23
145 24
146 23
147 23
148 24
149 22
150 20
151 25
152 27
153 24
154 26
155 25
156 23
157 24
158 23
159 22
160 24
161 25
162 24
163 24
164 26
165 27
166 24
167 26
168 24
169 26
170 28
171 26
172 24
173 21
174 24
175 25
176 27
177 23
178 22
179 23
180 24
181 24
182 23
183 25
184 25
185 25
186 23
187 20
188 23
189 23
190 24
191 25
192 27
193 24
194 26
195 25
196 25
197 22
198 25
199 27
200 26
201 22
202 24
203 23
204 23
205 22
206 22
207 24
208 25
209 21
210 23
211 22
212 23
213 23
214 25
215 27
216 20
217 19
218 25
219 26
220 24
221 25
222 22
223 23
224 25
225 25
226 22
227 21
228 24
229 25
230 27
231 25
232 24
233 24
234 24
235 23
236 25
237 26
238 23
239 25
240 26
241 25
242 22
243 24
244 22
245 20
246 24
247 23
248 22
249 26
250 26
251 28
252 23
253 23
254 24
255 23
256 23
257 24
258 22
259 22
260 22
261 25
262 24
263 22
264 25
265 24
266 25
267 25
268 24
269 26
270 24
271 25
272 22
273 23
274 23
275 24
276 22
277 24
278 25
279 28
280 27
281 25
282 24
283 25
284 24
285 25
286 26
287 26
288 26
289 23
290 24
291 24
292 27
293 25
294 24
295 27
296 24
297 26
298 23
299 24
300 23
301 23
302 24
303 18
304 22
305 25
306 22
307 22
308 24
309 25
310 26
311 25
312 26
313 26
314 25
315 26
316 21
317 22
318 18
319 20
320 20
321 26
322 22
323 28
324 25
325 23
326 26
327 25
328 28
329 25
330 28
331 26
332 24
333 25
334 23
335 27
336 27
337 27
338 26
339 23
340 24
341 22
342 23
343 26
344 27
345 24
346 25
347 24
348 23
349 23
350 26
351 25
352 22
353 21
354 21
355 22
356 23
357 22
358 24
359 27
360 25
361 25
362 28
363 25
364 24
365 24
366 21
367 22
368 25
369 23
370 25
371 26
372 23
373 26
374 23
375 23
376 21
377 21
378 25
379 24
380 25
381 27
382 28
383 24
384 25
385 24
386 25
387 24
388 25
389 24
390 22
391 22
392 23
393 23
394 23
395 22
396 23
397 25
398 23
399 24
400 23
401 25
402 28
403 27
404 26
405 23
406 23
407 22
408 25
409 23
410 25
411 26
412 26
413 25
414 23
415 22
416 22
417 20
418 22
419 22
420 19
421 22
422 23
423 24
424 27
425 28
426 23
427 23
428 21
429 21
430 22
431 23
432 22
433 24
434 24
435 23
436 25
437 24
438 24
439 26
440 26
441 25
442 23
443 24
444 22
445 26
446 26
447 25
448 24
449 23
450 22
451 25
452 23
453 22
454 20
455 22
456 22
457 20
458 25
459 25
460 22
461 23
462 23
463 23
464 23
465 26
466 27
467 25
468 25
469 25
470 23
471 23
472 24
473 21
474 23
475 25
476 23
477 25
478 23
479 26
480 24
481 24
482 26
483 25
484 24
485 24
486 26
487 24
488 25
489 26
490 26
491 24
492 25
493 24
494 25
495 25
496 22
497 23
498 22
499 22
500 20
501 17
502 23
503 25
504 25
505 23
506 26
507 24
508 25
509 25
510 26
511 26
512 24
513 25
514 25
515 23
516 21
517 25
518 24
519 24
520 25
521 23
522 24
523 24
524 21
525 21
526 25
527 24
528 24
529 25
530 25
531 23
532 26
533 25
534 20
535 18
536 22
537 24
538 23
539 26
540 23
541 25
542 22
543 25
544 23
545 21
546 22
547 23
548 25
549 24
550 26
551 26
552 24
553 23
554 25
555 25
556 24
557 26
558 24
559 22
560 24
561 25
562 28
563 26
564 24
565 23
566 24
567 24
568 24
569 22
570 25
571 25
572 27
573 24
574 23
575 19
576 23
577 23
578 25
579 25
580 22
581 22
582 23
583 24
584 26
585 26
586 25
587 20
588 24
589 24
590 23
591 20
592 25
593 22
594 26
595 26
596 25
597 23
598 24
599 25
600 23
601 25
602 24
603 23
604 26
605 25
606 24
607 27
608 24
609 21
610 22
611 22
612 24
613 25
614 23
615 25
616 21
617 22
618 24
619 27
620 26
621 27
622 26
623 26
624 20
625 22
626 23
627 24
628 20
629 22
630 22
631 26
632 24
633 23
634 23
635 24
636 26
637 26
638 27
639 25
640 25
641 25
642 29
643 29
644 26
645 26
646 21
647 25
648 27
649 24
650 24
651 24
652 23
653 21
654 23
655 23
656 23
657 24
658 24
659 24
660 25
661 25
662 23
663 24
664 22
665 24
666 26
667 27
668 24
669 26
670 27
671 26
672 26
673 27
674 27
675 26
676 26
677 23
678 27
679 27
680 23
681 23
682 18
683 12
684 22
685 22
686 25
687 25
688 24
689 24
690 24
691 23
692 23
693 25
694 25
695 23
696 24
697 21
698 23
699 24
700 25
701 27
702 25
703 23
704 23
705 23
706 24
707 23
708 23
709 25
710 26
711 24
712 25
713 25
714 23
715 25
716 24
717 24
718 25
719 24
720 23
721 24
722 27
723 27
724 23
725 26
726 29
727 27
728 27
729 27
730 24
731 23
732 26
733 26
734 26
735 26
736 26
737 24
738 25
739 21
740 23
741 23
742 24
743 24
744 22
745 26
746 25
747 23
748 24
749 20
750 22
751 23
752 24
753 23
754 23
755 26
756 25
757 27
758 23
759 23
760 27
761 25
762 25
763 27
764 25
765 26
766 24
767 26
768 25
769 23
770 27
771 27
772 27
773 26
774 25
775 26
776 25
777 25
778 24
779 22
780 24
781 26
782 23
783 23
784 24
785 25
786 25
787 20
788 21
789 21
790 23
791 26
792 21
793 25
794 20
795 22
796 22
797 24
798 24
799 24
800 26
801 21
802 23
803 22
804 23
805 23
806 25
807 22
808 23
809 24
810 25
811 23
812 22
813 23
814 26
815 25
816 24
817 22
818 24
819 18
820 19
821 23
822 23
823 26
824 25
825 23
826 25
827 23
828 24
829 23
830 25
831 23
832 23
833 26
834 26
835 19
836 22
837 25
838 25
839 23
840 21
841 23
842 25
843 24
844 24
845 25
846 24
847 23
848 23
849 19
850 22
851 24
852 27
853 25
854 25
855 23
856 22
857 24
858 22
859 25
860 25
861 24
862 22
863 24
864 24
865 25
866 25
867 26
868 23
869 22
870 23
871 25
872 22
873 22
874 23
875 21
876 23
877 24
878 22
879 25
880 25
881 24
882 22
883 23
884 22
885 22
886 25
887 24
888 24
889 27
890 26
891 26
892 27
893 25
894 25
895 26
896 23
897 22
898 24
899 23
900 22
901 25
902 23
903 23
904 20
905 22
906 24
907 24
908 25
909 24
910 25
911 23
912 22
913 20
914 24
915 24
916 23
917 25
918 24
919 25
920 23
921 23
922 26
923 27
924 25
925 24
926 25
927 25
928 24
929 20
930 22
931 21
932 22
933 25
934 24
935 22
936 23
937 22
938 25
939 25
940 27
941 26
942 26
943 25
944 24
945 25
946 26
947 25
948 22
949 22
950 23
951 24
952 25
953 26
954 26
955 22
956 22
957 24
958 22
959 21
960 23
961 21
962 24
963 23
964 26
965 26
966 22
967 23
968 22
969 25
970 26
971 25
972 26
973 21
974 25
975 25
976 22
977 22
978 23
979 24
980 24
981 24
982 25
983 29
984 27
985 24
986 23
987 21
988 24
989 24
990 25
991 25
992 25
993 20
994 22
995 25
996 23
997 25
998 24
999 22
1000 22
