0 70
1 52
2 41
3 42
4 42
5 46
6 45
7 47
8 50
9 43
10 46
11 45
12 45
13 41
14 44
15 48
16 47
17 46
18 43
19 48
20 41
21 45
22 50
23 52
24 50
25 43
26 42
27 43
28 43
29 47
30 46
31 48
32 48
33 46
34 46
35 48
36 50
37 46
38 49
39 47
40 41
41 45
42 45
43 42
44 46
45 45
46 47
47 47
48 43
49 44
50 43
51 48
52 47
53 45
54 46
55 47
56 48
57 48
58 46
59 48
60 49
61 52
62 50
63 52
64 49
65 47
66 46
67 48
68 45
69 45
70 47
71 50
72 48
73 50
74 46
75 50
76 51
77 45
78 47
79 50
80 48
81 46
82 47
83 44
84 46
85 48
86 43
87 43
88 47
89 48
90 45
91 46
92 47
93 45
94 43
95 45
96 48
97 48
98 45
99 47
100 46
101 44
102 49
103 46
104 51
105 47
106 49
107 46
108 45
109 43
110 43
111 48
112 48
113 48
114 46
115 47
116 47
117 48
118 46
119 44
120 46
121 47
122 44
123 42
124 48
125 48
126 47
127 46
128 43
129 44
130 45
131 48
132 42
133 45
134 49
135 45
136 43
137 46
138 45
139 46
140 41
141 44
142 42
143 42
144 46
145 46
146 45
147 46
148 48
149 48
150 48
151 48
152 49
153 49
154 48
155 45
156 44
157 48
158 47
159 48
160 46
161 46
162 49
163 46
164 49
165 46
166 46
167 49
168 39
169 45
170 50
171 51
172 47
173 42
174 44
175 46
176 47
177 45
178 47
179 49
180 50
181 49
182 49
183 48
184 47
185 47
186 51
187 47
188 41
189 43
190 46
191 46
192 47
193 46
194 47
195 49
196 46
197 46
198 43
199 45
200 50
201 45
202 47
203 48
204 48
205 46
206 47
207 50
208 47
209 47
210 47
211 46
212 45
213 46
214 48
215 46
216 40
217 47
218 49
219 48
220 48
221 49
222 48
223 49
224 48
225 47
226 50
227 44
228 45
229 46
230 45
231 46
232 48
233 50
234 46
235 40
236 46
237 44
238 48
239 41
240 46
241 47
242 46
243 51
244 45
245 46
246 48
247 46
248 47
249 47
250 49
251 47
252 47
253 49
254 48
255 46
256 44
257 46
258 48
259 49
260 47
261 45
262 45
263 46
264 48
265 49
266 45
267 45
268 48
269 47
270 49
271 48
272 48
273 44
274 49
275 49
276 50
277 46
278 49
279 45
280 45
281 47
282 45
283 47
284 43
285 46
286 46
287 46
288 47
289 46
290 45
291 48
292 48
293 41
294 46
295 48
296 45
297 48
298 46
299 45
300 49
301 47
302 47
303 46
304 46
305 48
306 52
307 50
308 48
309 49
310 46
311 44
312 46
313 48
314 49
315 48
316 47
317 44
318 48
319 47
320 44
321 43
322 44
323 48
324 43
325 43
326 48
327 48
328 46
329 41
330 46
331 43
332 46
333 45
334 44
335 43
336 48
337 48
338 47
339 49
340 44
341 46
342 47
343 49
344 44
345 42
346 45
347 44
348 45
349 51
350 50
351 49
352 46
353 49
354 47
355 45
356 42
357 46
358 45
359 49
360 48
361 47
362 43
363 42
364 48
365 44
366 44
367 47
368 47
369 49
370 48
371 49
372 51
373 47
374 50
375 41
376 43
377 48
378 47
379 48
380 44
381 46
382 46
383 45
384 44
385 45
386 47
387 46
388 42
389 44
390 47
391 43
392 48
393 50
394 48
395 48
396 48
397 49
398 49
399 47
400 47
401 51
402 51
403 47
404 47
405 48
406 49
407 51
408 50
409 49
410 45
411 48
412 46
413 48
414 48
415 46
416 43
417 49
418 46
419 43
420 49
421 46
422 47
423 44
424 46
425 43
426 44
427 48
428 47
429 46
430 50
431 45
432 40
433 45
434 44
435 43
436 48
437 47
438 47
439 46
440 51
441 48
442 43
443 48
444 48
445 46
446 45
447 47
448 49
449 49
450 51
451 45
452 45
453 44
454 44
455 48
456 45
457 41
458 50
459 48
460 48
461 49
462 48
463 46
464 41
465 48
466 46
467 44
468 44
469 43
470 43
471 45
472 45
473 47
474 49
475 49
476 46
477 44
478 43
479 48
480 48
481 50
482 49
483 45
484 50
485 48
486 47
487 46
488 46
489 48
490 49
491 43
492 44
493 48
494 50
495 46
496 49
497 52
498 45
499 46
500 47
501 43
502 47
503 48
504 46
505 45
506 46
507 47
508 46
509 51
510 50
511 47
512 43
513 46
514 46
515 48
516 45
517 48
518 49
519 51
520 49
521 45
522 49
523 41
524 41
525 45
526 41
527 45
528 49
529 45
530 47
531 46
532 46
533 50
534 46
535 48
536 45
537 46
538 47
539 47
540 47
541 46
542 49
543 47
544 49
545 46
546 47
547 48
548 49
549 48
550 49
551 46
552 50
553 49
554 47
555 49
556 49
557 46
558 46
559 43
560 45
561 46
562 46
563 48
564 47
565 42
566 44
567 42
568 45
569 46
570 48
571 49
572 42
573 46
574 48
575 48
576 49
577 48
578 46
579 45
580 48
581 49
582 49
583 44
584 46
585 43
586 44
587 44
588 42
589 48
590 45
591 45
592 49
593 45
594 48
595 45
596 49
597 48
598 45
599 48
600 44
601 47
602 49
603 47
604 46
605 44
606 43
607 44
608 45
609 48
610 47
611 46
612 47
613 43
614 48
615 45
616 47
617 47
618 46
619 49
620 50
621 45
622 44
623 47
624 45
625 43
626 45
627 50
628 50
629 47
630 48
631 46
632 47
633 45
634 45
635 44
636 48
637 47
638 47
639 47
640 47
641 48
642 47
643 47
644 46
645 45
646 48
647 52
648 50
649 47
650 47
651 49
652 47
653 51
654 51
655 44
656 49
657 46
658 44
659 42
660 49
661 48
662 46
663 49
664 50
665 49
666 47
667 46
668 44
669 45
670 44
671 42
672 48
673 48
674 49
675 47
676 47
677 45
678 49
679 47
680 46
681 48
682 48
683 47
684 47
685 39
686 47
687 45
688 47
689 51
690 44
691 44
692 46
693 44
694 41
695 45
696 47
697 48
698 42
699 40
700 41
701 50
702 47
703 48
704 45
705 43
706 47
707 47
708 47
709 46
710 47
711 53
712 48
713 48
714 48
715 47
716 50
717 51
718 52
719 47
720 50
721 47
722 45
723 48
724 50
725 45
726 47
727 47
728 47
729 52
730 47
731 49
732 46
733 45
734 37
735 42
736 43
737 47
738 48
739 48
740 49
741 49
742 45
743 45
744 45
745 48
746 45
747 50
748 46
749 47
750 46
751 49
752 47
753 44
754 42
755 45
756 44
757 48
758 47
759 50
760 48
761 51
762 47
763 46
764 47
765 43
766 46
767 47
768 45
769 44
770 45
771 41
772 42
773 51
774 53
775 47
776 46
777 47
778 49
779 48
780 47
781 45
782 42
783 44
784 45
785 49
786 50
787 46
788 48
789 50
790 44
791 44
792 44
793 44
794 49
795 45
796 48
797 46
798 43
799 47
800 41
801 49
802 48
803 48
804 46
805 44
806 41
807 42
808 48
809 47
810 48
811 49
812 49
813 45
814 46
815 44
816 45
817 42
818 48
819 43
820 46
821 46
822 51
823 45
824 48
825 48
826 49
827 46
828 47
829 42
830 45
831 42
832 48
833 48
834 37
835 45
836 47
837 46
838 48
839 44
840 43
841 44
842 46
843 49
844 50
845 51
846 48
847 44
848 49
849 44
850 48
851 42
852 47
853 47
854 47
855 51
856 46
857 49
858 48
859 51
860 50
861 44
862 45
863 45
864 43
865 51
866 47
867 45
868 47
869 49
870 48
871 50
872 46
873 49
874 47
875 41
876 45
877 46
878 46
879 47
880 46
881 44
882 44
883 46
884 46
885 48
886 49
887 42
888 47
889 46
890 46
891 49
892 50
893 41
894 45
895 46
896 43
897 48
898 49
899 44
900 43
901 48
902 49
903 43
904 49
905 51
906 51
907 44
908 46
909 43
910 42
911 46
912 49
913 40
914 44
915 45
916 46
917 46
918 47
919 49
920 49
921 50
922 48
923 46
924 44
925 45
926 49
927 43
928 47
929 50
930 45
931 45
932 47
933 43
934 43
935 46
936 50
937 46
938 48
939 48
940 47
941 45
942 48
943 49
944 48
945 46
946 46
947 48
948 48
949 50
950 46
951 46
952 42
953 41
954 44
955 47
956 44
957 48
958 45
959 45
960 46
961 49
962 46
963 43
964 47
965 48
966 48
967 44
968 41
969 50
970 46
971 46
972 46
973 51
974 49
975 47
976 47
977 45
978 44
979 49
980 49
981 50
982 49
983 48
984 46
985 41
986 46
987 46
988 49
989 50
990 47
991 45
992 46
993 49
994 45
995 48
996 47
997 43
998 45
999 45
1000 46
