0 90
1 88
2 86
3 85
4 83
5 81
6 79
7 78
8 78
9 77
10 76
11 76
12 75
13 74
14 73
15 72
16 71
17 71
18 70
19 70
20 69
21 66
22 65
23 66
24 66
25 66
26 65
27 64
28 65
29 64
30 65
31 66
32 66
33 65
34 64
35 64
36 64
37 64
38 65
39 63
40 63
41 63
42 63
43 62
44 61
45 61
46 61
47 60
48 57
49 57
50 58
51 58
52 57
53 57
54 58
55 57
56 57
57 58
58 57
59 59
60 57
61 57
62 57
63 57
64 58
65 58
66 60
67 60
68 60
69 60
70 61
71 61
72 61
73 59
74 58
75 58
76 58
77 58
78 59
79 57
80 57
81 58
82 58
83 58
84 57
85 57
86 59
87 60
88 60
89 59
90 60
91 61
92 60
93 59
94 58
95 58
96 56
97 57
98 56
99 55
100 54
101 54
102 54
103 53
104 54
105 54
106 54
107 53
108 53
109 52
110 53
111 52
112 52
113 52
114 51
115 51
116 50
117 51
118 49
119 50
120 50
121 50
122 51
123 51
124 53
125 53
126 54
127 54
128 55
129 55
130 54
131 54
132 53
133 53
134 53
135 52
136 52
137 52
138 52
139 54
140 54
141 54
142 53
143 54
144 53
145 53
146 53
147 53
148 54
149 54
150 53
151 54
152 55
153 55
154 56
155 56
156 56
157 56
158 55
159 55
160 54
161 53
162 55
163 55
164 54
165 53
166 53
167 53
168 53
169 53
170 53
171 52
172 52
173 52
174 52
175 52
176 53
177 54
178 54
179 55
180 55
181 55
182 55
183 55
184 52
185 51
186 51
187 50
188 49
189 50
190 50
191 51
192 52
193 51
194 51
195 52
196 51
197 50
198 50
199 50
200 49
201 48
202 49
203 50
204 51
205 51
206 51
207 52
208 53
209 55
210 55
211 53
212 54
213 54
214 54
215 55
216 57
217 57
218 58
219 58
220 58
221 58
222 57
223 57
224 58
225 58
226 59
227 59
228 60
229 61
230 61
231 61
232 61
233 61
234 59
235 59
236 60
237 60
238 61
239 61
240 61
241 61
242 61
243 61
244 61
245 63
246 62
247 62
248 63
249 63
250 62
251 60
252 59
253 59
254 60
255 59
256 59
257 58
258 57
259 56
260 56
261 55
262 53
263 53
264 52
265 51
266 50
267 49
268 48
269 48
270 49
271 49
272 49
273 49
274 48
275 47
276 46
277 46
278 47
279 47
280 49
281 49
282 50
283 49
284 49
285 49
286 47
287 47
288 47
289 47
290 46
291 45
292 47
293 45
294 46
295 46
296 46
297 45
298 46
299 46
300 47
301 47
302 46
303 47
304 48
305 49
306 48
307 48
308 48
309 49
310 47
311 47
312 47
313 47
314 46
315 45
316 45
317 45
318 45
319 45
320 44
321 44
322 44
323 44
324 44
325 45
326 46
327 46
328 46
329 46
330 48
331 47
332 47
333 46
334 46
335 47
336 46
337 46
338 46
339 48
340 47
341 48
342 47
343 47
344 46
345 47
346 48
347 48
348 49
349 49
350 48
351 49
352 50
353 50
354 49
355 47
356 45
357 46
358 46
359 46
360 47
361 46
362 46
363 46
364 46
365 45
366 46
367 45
368 46
369 46
370 46
371 46
372 46
373 47
374 47
375 47
376 47
377 49
378 50
379 50
380 51
381 50
382 51
383 52
384 52
385 52
386 53
387 54
388 54
389 54
390 53
391 52
392 52
393 52
394 53
395 55
396 55
397 54
398 54
399 53
400 53
401 51
402 50
403 50
404 49
405 50
406 49
407 49
408 49
409 49
410 49
411 48
412 48
413 48
414 49
415 49
416 50
417 50
418 51
419 53
420 53
421 53
422 53
423 52
424 53
425 51
426 51
427 51
428 51
429 51
430 50
431 50
432 50
433 50
434 50
435 50
436 49
437 48
438 50
439 50
440 49
441 50
442 49
443 49
444 49
445 48
446 47
447 48
448 47
449 47
450 45
451 45
452 44
453 44
454 45
455 46
456 45
457 45
458 45
459 44
460 45
461 44
462 45
463 45
464 47
465 48
466 46
467 47
468 46
469 49
470 51
471 53
472 53
473 53
474 53
475 53
476 53
477 54
478 54
479 55
480 56
481 57
482 57
483 57
484 55
485 56
486 57
487 58
488 57
489 55
490 55
491 55
492 56
493 56
494 56
495 54
496 54
497 54
498 54
499 55
500 55
501 53
502 53
503 53
504 53
505 51
506 51
507 52
508 52
509 52
510 52
511 52
512 52
513 54
514 53
515 51
516 51
517 50
518 52
519 52
520 50
521 50
522 49
523 49
524 48
525 47
526 48
527 47
528 48
529 49
530 49
531 50
532 51
533 51
534 50
535 51
536 50
537 50
538 49
539 48
540 49
541 49
542 50
543 49
544 50
545 48
546 48
547 49
548 50
549 49
550 48
551 49
552 49
553 49
554 47
555 51
556 52
557 51
558 52
559 51
560 51
561 51
562 51
563 52
564 52
565 53
566 55
567 55
568 55
569 54
570 53
571 53
572 51
573 51
574 52
575 53
576 53
577 53
578 52
579 53
580 53
581 53
582 53
583 53
584 53
585 54
586 54
587 53
588 53
589 55
590 56
591 56
592 55
593 56
594 57
595 58
596 58
597 58
598 58
599 58
600 58
601 60
602 60
603 60
604 60
605 60
606 60
607 59
608 57
609 57
610 55
611 55
612 56
613 56
614 55
615 55
616 56
617 55
618 56
619 54
620 55
621 55
622 55
623 55
624 55
625 55
626 55
627 54
628 53
629 53
630 53
631 52
632 53
633 52
634 52
635 51
636 51
637 50
638 50
639 50
640 51
641 52
642 50
643 49
644 48
645 48
646 48
647 47
648 49
649 51
650 52
651 52
652 51
653 51
654 51
655 49
656 48
657 47
658 50
659 50
660 50
661 50
662 49
663 49
664 49
665 49
666 49
667 48
668 48
669 46
670 42
671 43
672 43
673 43
674 44
675 44
676 44
677 45
678 45
679 46
680 46
681 45
682 44
683 46
684 46
685 45
686 45
687 45
688 45
689 45
690 44
691 44
692 46
693 45
694 45
695 45
696 44
697 44
698 45
699 45
700 42
701 40
702 42
703 42
704 43
705 43
706 44
707 44
708 45
709 44
710 43
711 43
712 43
713 44
714 44
715 45
716 44
717 44
718 41
719 42
720 41
721 42
722 42
723 42
724 43
725 44
726 45
727 45
728 44
729 45
730 45
731 45
732 46
733 46
734 45
735 45
736 46
737 48
738 48
739 49
740 49
741 48
742 47
743 48
744 50
745 50
746 50
747 49
748 48
749 50
750 49
751 48
752 47
753 46
754 47
755 49
756 49
757 50
758 51
759 53
760 54
761 55
762 54
763 54
764 54
765 54
766 55
767 57
768 57
769 57
770 57
771 59
772 59
773 59
774 59
775 58
776 57
777 58
778 56
779 56
780 56
781 56
782 54
783 54
784 54
785 54
786 54
787 54
788 54
789 54
790 53
791 52
792 53
793 54
794 54
795 53
796 52
797 53
798 54
799 53
800 53
801 56
802 57
803 56
804 55
805 54
806 54
807 54
808 53
809 53
810 52
811 52
812 51
813 50
814 49
815 50
816 49
817 49
818 48
819 49
820 49
821 50
822 50
823 51
824 54
825 54
826 54
827 53
828 54
829 54
830 53
831 49
832 50
833 48
834 49
835 49
836 49
837 51
838 51
839 49
840 49
841 49
842 50
843 49
844 51
845 52
846 52
847 51
848 51
849 50
850 50
851 50
852 50
853 51
854 50
855 51
856 52
857 53
858 53
859 55
860 55
861 55
862 54
863 55
864 54
865 54
866 55
867 55
868 55
869 54
870 53
871 54
872 54
873 54
874 55
875 55
876 57
877 57
878 56
879 56
880 56
881 57
882 56
883 56
884 58
885 58
886 56
887 56
888 54
889 54
890 53
891 54
892 54
893 53
894 54
895 54
896 55
897 54
898 54
899 54
900 56
901 55
902 54
903 54
904 53
905 53
906 52
907 52
908 53
909 53
910 54
911 54
912 55
913 55
914 55
915 54
916 55
917 56
918 55
919 55
920 55
921 55
922 54
923 53
924 52
925 52
926 52
927 51
928 51
929 51
930 51
931 52
932 52
933 52
934 52
935 52
936 52
937 52
938 52
939 52
940 51
941 51
942 51
943 50
944 50
945 51
946 51
947 51
948 51
949 52
950 53
951 54
952 55
953 55
954 55
955 55
956 56
957 55
958 55
959 55
960 55
961 56
962 56
963 55
964 55
965 55
966 54
967 55
968 55
969 55
970 56
971 56
972 55
973 54
974 55
975 53
976 53
977 54
978 53
979 52
980 52
981 52
982 53
983 49
984 49
985 49
986 48
987 49
988 50
989 50
990 49
991 50
992 49
993 48
994 48
995 48
996 48
997 49
998 49
999 48
1000 47
