0 85
1 58
2 61
3 58
4 58
5 61
6 57
7 64
8 58
9 62
10 54
11 56
12 62
13 58
14 51
15 59
16 61
17 59
18 60
19 62
20 51
21 56
22 62
23 59
24 56
25 60
26 59
27 62
28 60
29 59
30 57
31 59
32 62
33 62
34 60
35 57
36 62
37 61
38 61
39 58
40 60
41 61
42 60
43 59
44 59
45 58
46 61
47 57
48 61
49 57
50 62
51 63
52 63
53 63
54 58
55 56
56 61
57 60
58 59
59 60
60 64
61 56
62 56
63 54
64 54
65 58
66 63
67 62
68 56
69 61
70 60
71 60
72 59
73 61
74 62
75 57
76 60
77 61
78 60
79 60
80 60
81 64
82 56
83 62
84 53
85 55
86 55
87 56
88 58
89 56
90 58
91 59
92 61
93 58
94 52
95 51
96 58
97 60
98 56
99 62
100 57
101 57
102 56
103 56
104 60
105 57
106 63
107 64
108 62
109 60
110 58
111 60
112 57
113 57
114 59
115 56
116 57
117 64
118 59
119 60
120 59
121 56
122 58
123 60
124 62
125 53
126 58
127 62
128 60
129 59
130 56
131 58
132 57
133 65
134 64
135 61
136 57
137 61
138 60
139 62
140 57
141 61
142 65
143 65
144 59
145 54
146 58
147 56
148 54
149 56
150 61
151 56
152 59
153 55
154 61
155 61
156 58
157 57
158 59
159 56
160 57
161 61
162 58
163 61
164 60
165 62
166 60
167 57
168 54
169 58
170 58
171 66
172 62
173 64
174 62
175 53
176 63
177 61
178 54
179 50
180 54
181 62
182 57
183 57
184 62
185 59
186 61
187 54
188 55
189 59
190 57
191 57
192 57
193 62
194 61
195 60
196 58
197 59
198 62
199 56
200 58
201 49
202 57
203 57
204 56
205 60
206 60
207 61
208 64
209 60
210 59
211 58
212 60
213 60
214 58
215 62
216 56
217 59
218 57
219 63
220 59
221 57
222 59
223 57
224 60
225 58
226 60
227 58
228 59
229 56
230 57
231 61
232 58
233 63
234 63
235 59
236 59
237 55
238 57
239 57
240 58
241 60
242 59
243 57
244 63
245 56
246 63
247 59
248 54
249 56
250 58
251 63
252 62
253 63
254 62
255 62
256 58
257 58
258 60
259 57
260 59
261 56
262 56
263 52
264 54
265 56
266 58
267 58
268 61
269 62
270 63
271 60
272 61
273 64
274 54
275 57
276 62
277 64
278 59
279 60
280 63
281 56
282 56
283 59
284 63
285 62
286 56
287 62
288 64
289 56
290 53
291 58
292 61
293 60
294 59
295 62
296 58
297 58
298 63
299 61
300 58
301 58
302 58
303 57
304 64
305 57
306 64
307 62
308 57
309 59
310 63
311 57
312 57
313 58
314 60
315 59
316 62
317 54
318 56
319 65
320 62
321 62
322 61
323 59
324 61
325 61
326 59
327 59
328 56
329 61
330 62
331 57
332 56
333 49
334 56
335 56
336 60
337 56
338 59
339 59
340 60
341 57
342 59
343 59
344 60
345 63
346 55
347 57
348 59
349 59
350 60
351 60
352 58
353 63
354 65
355 64
356 60
357 59
358 55
359 60
360 53
361 56
362 58
363 58
364 57
365 58
366 55
367 57
368 62
369 54
370 57
371 61
372 58
373 58
374 60
375 62
376 61
377 58
378 56
379 56
380 59
381 59
382 60
383 61
384 52
385 58
386 62
387 56
388 62
389 62
390 61
391 62
392 58
393 57
394 57
395 59
396 52
397 58
398 58
399 61
400 62
401 56
402 61
403 59
404 65
405 59
406 61
407 62
408 57
409 54
410 57
411 60
412 63
413 59
414 62
415 60
416 57
417 62
418 53
419 56
420 58
421 59
422 61
423 60
424 58
425 62
426 61
427 63
428 62
429 61
430 56
431 58
432 62
433 58
434 56
435 62
436 58
437 57
438 58
439 57
440 63
441 59
442 57
443 60
444 60
445 60
446 58
447 59
448 57
449 52
450 59
451 57
452 59
453 52
454 59
455 59
456 59
457 57
458 60
459 61
460 59
461 58
462 62
463 55
464 63
465 61
466 58
467 59
468 60
469 56
470 63
471 63
472 62
473 58
474 58
475 60
476 59
477 58
478 61
479 64
480 65
481 59
482 55
483 59
484 56
485 62
486 62
487 58
488 59
489 57
490 56
491 60
492 58
493 53
494 62
495 61
496 59
497 59
498 54
499 53
500 59
501 58
502 60
503 58
504 62
505 61
506 59
507 58
508 63
509 61
510 54
511 52
512 57
513 60
514 61
515 58
516 59
517 56
518 58
519 54
520 57
521 64
522 62
523 61
524 60
525 61
526 62
527 53
528 60
529 61
530 59
531 58
532 59
533 62
534 57
535 62
536 57
537 57
538 54
539 57
540 60
541 58
542 59
543 63
544 56
545 61
546 61
547 56
548 62
549 62
550 56
551 60
552 62
553 58
554 58
555 55
556 59
557 60
558 59
559 62
560 60
561 61
562 60
563 57
564 61
565 58
566 58
567 58
568 58
569 60
570 63
571 62
572 58
573 63
574 57
575 58
576 60
577 61
578 58
579 61
580 58
581 58
582 61
583 61
584 63
585 54
586 58
587 62
588 57
589 58
590 61
591 62
592 56
593 53
594 60
595 62
596 57
597 59
598 60
599 58
600 59
601 59
602 58
603 61
604 59
605 58
606 58
607 58
608 63
609 58
610 66
611 60
612 59
613 63
614 58
615 59
616 57
617 61
618 59
619 60
620 55
621 60
622 55
623 58
624 57
625 60
626 63
627 63
628 58
629 62
630 62
631 59
632 61
633 56
634 56
635 64
636 59
637 62
638 58
639 56
640 57
641 61
642 62
643 58
644 60
645 61
646 56
647 59
648 51
649 55
650 60
651 56
652 55
653 59
654 58
655 56
656 52
657 61
658 65
659 59
660 60
661 59
662 57
663 56
664 56
665 55
666 53
667 62
668 57
669 56
670 62
671 59
672 52
673 62
674 59
675 60
676 58
677 63
678 60
679 61
680 56
681 54
682 55
683 58
684 59
685 54
686 64
687 59
688 54
689 59
690 63
691 56
692 62
693 56
694 56
695 59
696 61
697 57
698 61
699 60
700 61
701 59
702 56
703 61
704 58
705 62
706 62
707 65
708 63
709 55
710 61
711 62
712 64
713 55
714 54
715 52
716 59
717 57
718 63
719 57
720 61
721 60
722 56
723 62
724 59
725 59
726 63
727 61
728 55
729 56
730 61
731 59
732 57
733 58
734 54
735 61
736 62
737 63
738 57
739 61
740 60
741 61
742 64
743 63
744 59
745 55
746 59
747 56
748 56
749 59
750 58
751 56
752 58
753 60
754 61
755 66
756 63
757 59
758 62
759 60
760 55
761 61
762 60
763 54
764 59
765 62
766 60
767 60
768 57
769 59
770 63
771 64
772 61
773 56
774 53
775 63
776 58
777 59
778 59
779 60
780 62
781 61
782 58
783 60
784 54
785 62
786 60
787 58
788 56
789 59
790 60
791 56
792 62
793 54
794 64
795 63
796 61
797 60
798 62
799 62
800 58
801 61
802 55
803 55
804 60
805 65
806 59
807 57
808 57
809 51
810 59
811 64
812 55
813 57
814 49
815 58
816 53
817 59
818 60
819 58
820 59
821 55
822 62
823 59
824 57
825 59
826 60
827 57
828 61
829 59
830 58
831 59
832 63
833 58
834 54
835 58
836 54
837 57
838 59
839 57
840 57
841 61
842 60
843 60
844 63
845 60
846 62
847 55
848 56
849 61
850 63
851 61
852 68
853 59
854 66
855 62
856 56
857 54
858 59
859 60
860 61
861 57
862 57
863 64
864 62
865 65
866 59
867 59
868 57
869 56
870 59
871 56
872 50
873 58
874 64
875 62
876 63
877 56
878 54
879 56
880 61
881 64
882 59
883 60
884 63
885 59
886 63
887 59
888 57
889 56
890 62
891 58
892 60
893 52
894 60
895 64
896 63
897 63
898 58
899 58
900 57
901 65
902 62
903 57
904 57
905 63
906 58
907 59
908 58
909 58
910 55
911 61
912 58
913 58
914 60
915 60
916 58
917 57
918 61
919 59
920 51
921 59
922 62
923 57
924 60
925 59
926 61
927 59
928 59
929 63
930 60
931 58
932 63
933 59
934 55
935 54
936 60
937 55
938 60
939 59
940 62
941 60
942 60
943 64
944 60
945 60
946 62
947 60
948 56
949 59
950 58
951 62
952 61
953 51
954 60
955 61
956 61
957 60
958 58
959 63
960 58
961 60
962 63
963 54
964 57
965 60
966 61
967 60
968 61
969 49
970 58
971 58
972 58
973 61
974 58
975 59
976 58
977 57
978 58
979 62
980 59
981 57
982 60
983 63
984 59
985 65
986 58
987 61
988 58
989 57
990 61
991 60
992 63
993 56
994 58
995 57
996 55
997 61
998 59
999 51
1000 60
