0 35
1 22
2 24
3 24
4 22
5 23
6 22
7 23
8 24
9 21
10 23
11 22
12 25
13 21
14 26
15 24
16 25
17 22
18 21
19 16
20 23
21 26
22 25
23 24
24 24
25 24
26 24
27 22
28 20
29 22
30 25
31 23
32 24
33 23
34 23
35 22
36 25
37 22
38 25
39 23
40 21
41 23
42 23
43 24
44 22
45 25
46 22
47 21
48 25
49 22
50 24
51 23
52 20
53 27
54 18
55 25
56 26
57 24
58 24
59 23
60 19
61 22
62 25
63 23
64 22
65 22
66 24
67 26
68 23
69 24
70 23
71 18
72 23
73 19
74 24
75 24
76 24
77 24
78 24
79 24
80 25
81 21
82 24
83 21
84 21
85 25
86 25
87 24
88 24
89 24
90 25
91 23
92 21
93 24
94 25
95 21
96 25
97 25
98 20
99 25
100 21
101 22
102 23
103 23
104 23
105 24
106 24
107 20
108 21
109 22
110 24
111 24
112 18
113 21
114 20
115 21
116 25
117 23
118 22
119 25
120 23
121 22
122 27
123 24
124 22
125 21
126 24
127 23
128 21
129 20
130 25
131 23
132 24
133 24
134 26
135 22
136 25
137 19
138 23
139 24
140 23
141 25
142 26
143 19
144 26
145 22
146 22
147 20
148 21
149 24
150 26
151 24
152 21
153 20
154 21
155 24
156 23
157 24
158 23
159 24
160 24
161 21
162 26
163 22
164 26
165 20
166 23
167 26
168 20
169 20
170 26
171 22
172 16
173 24
174 21
175 22
176 25
177 24
178 22
179 25
180 21
181 23
182 25
183 26
184 26
185 21
186 24
187 21
188 25
189 24
190 23
191 24
192 23
193 26
194 21
195 18
196 22
197 22
198 24
199 24
200 21
201 25
202 24
203 23
204 24
205 22
206 22
207 20
208 25
209 22
210 25
211 21
212 21
213 23
214 21
215 22
216 24
217 25
218 21
219 22
220 22
221 24
222 24
223 22
224 20
225 23
226 26
227 27
228 23
229 25
230 28
231 23
232 26
233 23
234 22
235 21
236 24
237 25
238 27
239 24
240 22
241 23
242 23
243 23
244 24
245 21
246 24
247 25
248 23
249 22
250 22
251 22
252 26
253 24
254 24
255 24
256 23
257 20
258 23
259 22
260 22
261 21
262 21
263 22
264 25
265 23
266 22
267 24
268 25
269 22
270 19
271 24
272 21
273 22
274 22
275 26
276 25
277 23
278 23
279 23
280 23
281 25
282 25
283 25
284 23
285 24
286 23
287 22
288 25
289 24
290 27
291 24
292 21
293 22
294 22
295 21
296 24
297 23
298 24
299 23
300 21
301 22
302 22
303 21
304 25
305 24
306 23
307 25
308 23
309 25
310 21
311 20
312 23
313 19
314 27
315 23
316 22
317 21
318 25
319 23
320 24
321 23
322 22
323 22
324 22
325 24
326 22
327 22
328 23
329 23
330 24
331 25
332 24
333 19
334 24
335 25
336 16
337 23
338 18
339 22
340 21
341 20
342 21
343 22
344 26
345 24
346 26
347 20
348 25
349 25
350 22
351 24
352 23
353 24
354 20
355 24
356 22
357 24
358 24
359 23
360 22
361 23
362 24
363 20
364 24
365 23
366 22
367 22
368 24
369 25
370 22
371 24
372 23
373 24
374 19
375 21
376 23
377 23
378 23
379 24
380 23
381 25
382 23
383 20
384 23
385 23
386 23
387 24
388 24
389 23
390 23
391 22
392 24
393 20
394 24
395 23
396 23
397 25
398 23
399 21
400 20
401 25
402 23
403 21
404 22
405 22
406 25
407 22
408 24
409 26
410 25
411 22
412 23
413 24
414 22
415 23
416 22
417 22
418 22
419 24
420 26
421 22
422 21
423 23
424 23
425 25
426 23
427 22
428 23
429 22
430 25
431 23
432 22
433 23
434 22
435 23
436 21
437 23
438 23
439 25
440 25
441 23
442 23
443 24
444 26
445 22
446 21
447 24
448 22
449 20
450 17
451 23
452 20
453 23
454 22
455 23
456 26
457 25
458 23
459 24
460 24
461 22
462 23
463 23
464 20
465 23
466 23
467 23
468 24
469 24
470 27
471 25
472 24
473 23
474 19
475 23
476 25
477 21
478 26
479 25
480 23
481 22
482 25
483 26
484 25
485 25
486 23
487 22
488 22
489 26
490 22
491 21
492 22
493 24
494 22
495 22
496 24
497 24
498 17
499 20
500 23
501 24
502 24
503 20
504 25
505 24
506 25
507 26
508 21
509 24
510 24
511 24
512 22
513 25
514 24
515 24
516 22
517 23
518 24
519 23
520 23
521 22
522 22
523 22
524 22
525 23
526 24
527 22
528 25
529 26
530 23
531 23
532 22
533 17
534 24
535 22
536 22
537 23
538 24
539 24
540 24
541 25
542 25
543 22
544 20
545 24
546 23
547 25
548 21
549 23
550 22
551 22
552 23
553 24
554 21
555 23
556 24
557 24
558 25
559 23
560 23
561 22
562 25
563 21
564 26
565 24
566 25
567 24
568 21
569 20
570 24
571 24
572 24
573 22
574 24
575 26
576 25
577 21
578 21
579 27
580 22
581 21
582 23
583 24
584 23
585 25
586 22
587 23
588 25
589 22
590 23
591 23
592 21
593 26
594 22
595 25
596 25
597 21
598 24
599 21
600 25
601 24
602 25
603 20
604 23
605 21
606 20
607 24
608 24
609 23
610 18
611 23
612 24
613 25
614 22
615 23
616 24
617 24
618 25
619 20
620 23
621 24
622 23
623 24
624 22
625 23
626 23
627 22
628 24
629 23
630 25
631 23
632 20
633 22
634 21
635 24
636 24
637 21
638 24
639 20
640 23
641 24
642 24
643 23
644 24
645 25
646 21
647 21
648 24
649 19
650 25
651 24
652 24
653 21
654 25
655 22
656 23
657 22
658 23
659 18
660 24
661 25
662 25
663 26
664 24
665 24
666 23
667 21
668 24
669 23
670 26
671 22
672 22
673 23
674 24
675 24
676 26
677 25
678 24
679 25
680 22
681 24
682 23
683 23
684 23
685 22
686 22
687 23
688 22
689 21
690 23
691 24
692 21
693 24
694 25
695 24
696 24
697 22
698 23
699 21
700 24
701 22
702 26
703 25
704 23
705 20
706 23
707 23
708 22
709 23
710 22
711 23
712 24
713 26
714 25
715 23
716 26
717 23
718 24
719 22
720 24
721 18
722 20
723 24
724 21
725 25
726 24
727 26
728 22
729 24
730 23
731 24
732 25
733 22
734 24
735 20
736 21
737 25
738 24
739 24
740 22
741 24
742 22
743 24
744 24
745 21
746 24
747 24
748 23
749 24
750 19
751 21
752 24
753 24
754 20
755 20
756 23
757 23
758 26
759 21
760 25
761 18
762 25
763 26
764 23
765 21
766 22
767 25
768 23
769 21
770 23
771 24
772 22
773 25
774 24
775 23
776 22
777 22
778 23
779 25
780 21
781 23
782 24
783 27
784 23
785 22
786 21
787 23
788 23
789 21
790 22
791 17
792 22
793 27
794 24
795 24
796 24
797 24
798 20
799 23
800 22
801 24
802 22
803 23
804 20
805 23
806 25
807 24
808 23
809 24
810 24
811 19
812 24
813 24
814 23
815 22
816 26
817 22
818 21
819 24
820 23
821 25
822 21
823 24
824 24
825 25
826 25
827 23
828 23
829 21
830 24
831 22
832 22
833 21
834 24
835 21
836 21
837 22
838 22
839 25
840 24
841 22
842 24
843 24
844 24
845 25
846 23
847 21
848 24
849 25
850 24
851 25
852 26
853 25
854 24
855 22
856 26
857 24
858 24
859 24
860 23
861 24
862 27
863 20
864 22
865 23
866 23
867 23
868 23
869 22
870 23
871 26
872 22
873 25
874 21
875 24
876 22
877 21
878 23
879 22
880 21
881 22
882 23
883 25
884 22
885 21
886 19
887 24
888 25
889 22
890 25
891 21
892 21
893 24
894 24
895 22
896 26
897 19
898 20
899 22
900 20
901 24
902 24
903 23
904 22
905 22
906 24
907 24
908 24
909 23
910 21
911 23
912 19
913 24
914 24
915 24
916 23
917 23
918 24
919 24
920 22
921 23
922 26
923 20
924 21
925 22
926 23
927 19
928 23
929 24
930 24
931 24
932 20
933 20
934 22
935 23
936 22
937 23
938 24
939 21
940 24
941 27
942 24
943 22
944 26
945 20
946 22
947 21
948 21
949 20
950 26
951 25
952 24
953 25
954 23
955 22
956 18
957 24
958 23
959 25
960 21
961 24
962 22
963 22
964 21
965 22
966 24
967 26
968 23
969 25
970 24
971 23
972 22
973 24
974 22
975 24
976 22
977 22
978 19
979 25
980 22
981 25
982 24
983 24
984 23
985 22
986 23
987 23
988 25
989 27
990 23
991 21
992 21
993 23
994 22
995 26
996 21
997 20
998 22
999 21
1000 24
