0 85
1 73
2 66
3 57
4 57
5 57
6 60
7 60
8 59
9 60
10 53
11 53
12 57
13 51
14 57
15 56
16 56
17 54
18 54
19 55
20 53
21 57
22 52
23 56
24 59
25 59
26 60
27 61
28 59
29 55
30 55
31 53
32 52
33 54
34 53
35 54
36 58
37 57
38 57
39 53
40 54
41 56
42 57
43 59
44 58
45 61
46 58
47 53
48 53
49 55
50 52
51 54
52 58
53 59
54 57
55 58
56 61
57 58
58 59
59 59
60 59
61 55
62 54
63 56
64 56
65 54
66 56
67 54
68 54
69 53
70 53
71 52
72 55
73 53
74 52
75 57
76 57
77 55
78 56
79 59
80 58
81 58
82 58
83 48
84 51
85 50
86 56
87 53
88 53
89 54
90 59
91 57
92 59
93 59
94 60
95 60
96 57
97 56
98 55
99 59
100 61
101 63
102 59
103 57
104 54
105 57
106 56
107 53
108 53
109 51
110 59
111 57
112 57
113 58
114 58
115 57
116 54
117 55
118 58
119 59
120 59
121 61
122 61
123 57
124 51
125 50
126 51
127 53
128 56
129 55
130 53
131 53
132 59
133 57
134 55
135 54
136 59
137 60
138 59
139 56
140 56
141 59
142 59
143 64
144 59
145 58
146 58
147 60
148 59
149 59
150 57
151 55
152 57
153 60
154 53
155 55
156 52
157 53
158 53
159 56
160 56
161 59
162 57
163 59
164 59
165 54
166 59
167 58
168 59
169 51
170 54
171 58
172 58
173 56
174 54
175 56
176 57
177 61
178 59
179 57
180 54
181 59
182 55
183 54
184 51
185 57
186 58
187 57
188 59
189 58
190 59
191 56
192 56
193 57
194 56
195 56
196 56
197 52
198 56
199 57
200 60
201 56
202 56
203 57
204 59
205 62
206 57
207 53
208 59
209 53
210 55
211 55
212 53
213 57
214 59
215 57
216 58
217 60
218 61
219 62
220 60
221 55
222 59
223 60
224 53
225 54
226 57
227 56
228 58
229 58
230 54
231 59
232 56
233 57
234 58
235 61
236 62
237 58
238 57
239 57
240 54
241 55
242 64
243 62
244 61
245 61
246 56
247 54
248 53
249 50
250 57
251 58
252 55
253 57
254 57
255 59
256 60
257 54
258 56
259 54
260 55
261 59
262 58
263 57
264 62
265 60
266 59
267 57
268 53
269 54
270 58
271 61
272 57
273 56
274 54
275 55
276 54
277 48
278 51
279 55
280 53
281 53
282 56
283 58
284 59
285 59
286 60
287 60
288 59
289 53
290 57
291 58
292 51
293 53
294 56
295 57
296 54
297 57
298 61
299 56
300 54
301 55
302 53
303 55
304 59
305 61
306 62
307 59
308 59
309 57
310 61
311 55
312 56
313 57
314 55
315 54
316 54
317 52
318 55
319 55
320 58
321 56
322 57
323 55
324 55
325 58
326 57
327 57
328 53
329 55
330 55
331 58
332 58
333 58
334 58
335 57
336 57
337 49
338 54
339 57
340 56
341 52
342 52
343 56
344 58
345 51
346 54
347 55
348 54
349 52
350 54
351 57
352 56
353 59
354 57
355 56
356 58
357 59
358 58
359 57
360 58
361 54
362 54
363 59
364 58
365 54
366 57
367 55
368 57
369 57
370 58
371 59
372 57
373 54
374 55
375 54
376 53
377 51
378 46
379 51
380 50
381 53
382 60
383 63
384 61
385 57
386 54
387 58
388 60
389 53
390 53
391 56
392 57
393 58
394 58
395 61
396 60
397 52
398 55
399 54
400 55
401 57
402 56
403 59
404 60
405 55
406 58
407 56
408 56
409 52
410 56
411 55
412 57
413 57
414 54
415 56
416 54
417 56
418 57
419 55
420 56
421 60
422 58
423 58
424 55
425 57
426 54
427 55
428 57
429 58
430 62
431 59
432 56
433 51
434 53
435 52
436 54
437 56
438 55
439 55
440 53
441 58
442 55
443 52
444 56
445 54
446 59
447 56
448 53
449 55
450 57
451 56
452 54
453 51
454 53
455 52
456 50
457 54
458 52
459 51
460 57
461 53
462 54
463 55
464 55
465 55
466 58
467 59
468 52
469 59
470 60
471 57
472 53
473 52
474 57
475 54
476 55
477 58
478 62
479 58
480 56
481 55
482 55
483 56
484 54
485 57
486 59
487 58
488 63
489 59
490 61
491 58
492 51
493 54
494 57
495 52
496 55
497 58
498 61
499 57
500 56
501 58
502 61
503 57
504 53
505 55
506 51
507 55
508 58
509 54
510 49
511 52
512 50
513 52
514 57
515 56
516 55
517 50
518 58
519 52
520 58
521 53
522 57
523 55
524 53
525 59
526 57
527 55
528 56
529 56
530 58
531 61
532 58
533 56
534 57
535 63
536 61
537 61
538 60
539 55
540 61
541 58
542 58
543 58
544 58
545 58
546 55
547 56
548 54
549 48
550 54
551 56
552 56
553 57
554 51
555 53
556 54
557 54
558 56
559 57
560 59
561 58
562 54
563 52
564 58
565 62
566 57
567 54
568 52
569 53
570 59
571 58
572 57
573 57
574 54
575 50
576 48
577 54
578 60
579 59
580 61
581 60
582 58
583 56
584 55
585 59
586 59
587 60
588 64
589 61
590 58
591 59
592 56
593 57
594 57
595 52
596 53
597 54
598 54
599 52
600 56
601 55
602 51
603 55
604 56
605 56
606 60
607 56
608 58
609 57
610 59
611 56
612 55
613 53
614 53
615 52
616 56
617 58
618 54
619 55
620 53
621 52
622 58
623 57
624 59
625 59
626 60
627 56
628 56
629 56
630 54
631 53
632 52
633 56
634 56
635 53
636 57
637 61
638 58
639 56
640 56
641 56
642 57
643 57
644 53
645 54
646 54
647 55
648 56
649 57
650 57
651 54
652 54
653 60
654 59
655 54
656 54
657 56
658 56
659 54
660 57
661 57
662 58
663 57
664 58
665 56
666 60
667 60
668 61
669 59
670 60
671 59
672 55
673 54
674 61
675 58
676 55
677 54
678 59
679 60
680 57
681 53
682 55
683 60
684 61
685 55
686 57
687 61
688 64
689 61
690 56
691 60
692 57
693 58
694 54
695 54
696 57
697 57
698 58
699 60
700 58
701 60
702 59
703 59
704 55
705 59
706 58
707 57
708 55
709 57
710 58
711 56
712 56
713 55
714 54
715 55
716 53
717 49
718 50
719 54
720 52
721 58
722 58
723 58
724 59
725 57
726 60
727 57
728 57
729 53
730 53
731 51
732 54
733 58
734 59
735 58
736 57
737 57
738 58
739 59
740 61
741 57
742 62
743 58
744 59
745 55
746 55
747 60
748 61
749 61
750 60
751 63
752 59
753 55
754 56
755 55
756 57
757 54
758 53
759 53
760 52
761 52
762 53
763 54
764 56
765 55
766 60
767 63
768 54
769 57
770 54
771 52
772 56
773 58
774 55
775 54
776 57
777 56
778 58
779 52
780 57
781 56
782 54
783 58
784 58
785 62
786 57
787 56
788 58
789 55
790 54
791 55
792 58
793 57
794 56
795 56
796 53
797 57
798 61
799 60
800 55
801 55
802 52
803 55
804 58
805 55
806 59
807 62
808 58
809 54
810 53
811 49
812 55
813 58
814 56
815 57
816 57
817 56
818 52
819 54
820 57
821 59
822 55
823 56
824 52
825 55
826 52
827 53
828 55
829 55
830 52
831 50
832 55
833 51
834 57
835 57
836 62
837 58
838 57
839 58
840 54
841 51
842 51
843 59
844 54
845 50
846 52
847 57
848 61
849 64
850 61
851 54
852 58
853 58
854 57
855 55
856 50
857 51
858 51
859 55
860 58
861 62
862 59
863 61
864 59
865 52
866 54
867 52
868 50
869 51
870 51
871 51
872 52
873 58
874 57
875 53
876 55
877 55
878 52
879 52
880 55
881 60
882 59
883 58
884 58
885 50
886 60
887 59
888 56
889 56
890 57
891 58
892 54
893 55
894 61
895 60
896 55
897 60
898 61
899 57
900 60
901 56
902 57
903 54
904 58
905 57
906 58
907 57
908 58
909 57
910 58
911 53
912 49
913 52
914 56
915 53
916 53
917 54
918 59
919 57
920 58
921 54
922 54
923 53
924 55
925 60
926 62
927 59
928 61
929 55
930 55
931 53
932 49
933 56
934 55
935 55
936 55
937 60
938 56
939 59
940 55
941 57
942 56
943 50
944 50
945 56
946 55
947 58
948 56
949 53
950 59
951 56
952 57
953 58
954 54
955 54
956 60
957 54
958 58
959 60
960 56
961 59
962 55
963 62
964 57
965 61
966 57
967 56
968 54
969 52
970 53
971 54
972 51
973 53
974 56
975 52
976 57
977 58
978 54
979 57
980 54
981 52
982 54
983 53
984 52
985 58
986 54
987 58
988 59
989 59
990 53
991 52
992 55
993 56
994 53
995 51
996 57
997 56
998 54
999 57
1000 60
