0 100
1 70
2 65
3 72
4 69
5 66
6 66
7 68
8 68
9 65
10 69
11 73
12 68
13 67
14 69
15 67
16 71
17 71
18 69
19 71
20 72
21 68
22 69
23 71
24 72
25 69
26 68
27 65
28 69
29 70
30 70
31 71
32 67
33 73
34 70
35 71
36 70
37 68
38 68
39 66
40 63
41 68
42 71
43 68
44 72
45 68
46 71
47 72
48 67
49 70
50 69
51 71
52 68
53 67
54 68
55 67
56 65
57 66
58 68
59 68
60 72
61 66
62 68
63 71
64 71
65 67
66 66
67 73
68 70
69 72
70 72
71 73
72 71
73 67
74 72
75 70
76 65
77 66
78 74
79 66
80 67
81 69
82 71
83 68
84 66
85 72
86 72
87 65
88 73
89 68
90 67
91 72
92 70
93 65
94 69
95 72
96 69
97 68
98 68
99 71
100 63
101 70
102 68
103 69
104 71
105 68
106 67
107 64
108 67
109 71
110 74
111 69
112 68
113 69
114 69
115 70
116 69
117 68
118 71
119 70
120 65
121 72
122 73
123 69
124 73
125 67
126 69
127 65
128 70
129 70
130 69
131 70
132 73
133 64
134 69
135 73
136 68
137 70
138 68
139 66
140 67
141 70
142 74
143 69
144 73
145 70
146 72
147 69
148 69
149 65
150 61
151 65
152 66
153 70
154 65
155 71
156 69
157 71
158 72
159 72
160 68
161 68
162 70
163 69
164 69
165 70
166 73
167 67
168 69
169 64
170 72
171 70
172 72
173 69
174 67
175 70
176 65
177 71
178 73
179 70
180 72
181 67
182 73
183 68
184 69
185 68
186 68
187 71
188 69
189 71
190 73
191 65
192 70
193 67
194 68
195 66
196 73
197 68
198 68
199 68
200 70
201 68
202 70
203 69
204 66
205 71
206 70
207 67
208 69
209 71
210 70
211 70
212 68
213 73
214 67
215 70
216 67
217 68
218 71
219 69
220 74
221 67
222 69
223 71
224 71
225 76
226 65
227 69
228 73
229 72
230 67
231 68
232 69
233 68
234 66
235 70
236 69
237 64
238 69
239 66
240 65
241 62
242 71
243 70
244 60
245 68
246 61
247 63
248 71
249 68
250 68
251 63
252 73
253 69
254 72
255 67
256 70
257 68
258 67
259 70
260 68
261 70
262 64
263 63
264 70
265 73
266 71
267 68
268 65
269 69
270 71
271 69
272 70
273 65
274 68
275 73
276 65
277 69
278 74
279 64
280 68
281 66
282 68
283 68
284 72
285 68
286 62
287 73
288 69
289 70
290 72
291 69
292 70
293 64
294 71
295 73
296 70
297 72
298 71
299 69
300 70
301 61
302 70
303 71
304 66
305 68
306 68
307 60
308 72
309 68
310 67
311 64
312 66
313 72
314 70
315 68
316 67
317 65
318 68
319 70
320 67
321 69
322 68
323 70
324 70
325 70
326 69
327 67
328 68
329 73
330 71
331 66
332 68
333 69
334 69
335 68
336 72
337 71
338 70
339 68
340 72
341 75
342 65
343 70
344 72
345 70
346 66
347 68
348 69
349 68
350 70
351 71
352 68
353 69
354 69
355 69
356 69
357 71
358 73
359 68
360 68
361 66
362 67
363 68
364 72
365 69
366 73
367 70
368 67
369 67
370 68
371 70
372 68
373 70
374 68
375 66
376 70
377 67
378 71
379 70
380 68
381 74
382 73
383 64
384 69
385 70
386 61
387 68
388 71
389 69
390 65
391 69
392 71
393 70
394 71
395 69
396 67
397 69
398 69
399 71
400 70
401 71
402 74
403 68
404 70
405 71
406 67
407 68
408 68
409 71
410 71
411 72
412 71
413 67
414 70
415 70
416 68
417 58
418 69
419 70
420 72
421 68
422 63
423 71
424 68
425 68
426 65
427 71
428 63
429 69
430 69
431 72
432 69
433 68
434 70
435 68
436 72
437 69
438 71
439 69
440 69
441 72
442 70
443 67
444 65
445 72
446 70
447 71
448 66
449 70
450 68
451 68
452 65
453 68
454 68
455 66
456 66
457 66
458 65
459 65
460 75
461 71
462 72
463 71
464 71
465 70
466 69
467 65
468 69
469 70
470 65
471 68
472 74
473 70
474 68
475 71
476 68
477 70
478 67
479 69
480 70
481 68
482 64
483 70
484 68
485 69
486 71
487 66
488 66
489 72
490 73
491 65
492 71
493 69
494 71
495 67
496 72
497 68
498 66
499 69
500 70
501 66
502 73
503 69
504 69
505 63
506 72
507 71
508 70
509 68
510 70
511 64
512 71
513 72
514 72
515 70
516 67
517 67
518 68
519 69
520 71
521 68
522 73
523 70
524 74
525 70
526 69
527 68
528 67
529 71
530 60
531 70
532 72
533 65
534 72
535 75
536 71
537 73
538 69
539 72
540 71
541 68
542 71
543 69
544 66
545 68
546 70
547 70
548 66
549 73
550 67
551 64
552 76
553 72
554 72
555 66
556 66
557 72
558 68
559 72
560 70
561 69
562 67
563 62
564 73
565 71
566 67
567 71
568 67
569 72
570 70
571 72
572 73
573 64
574 71
575 67
576 66
577 73
578 66
579 70
580 71
581 71
582 65
583 72
584 66
585 68
586 69
587 73
588 69
589 70
590 64
591 69
592 64
593 66
594 70
595 68
596 67
597 67
598 72
599 67
600 69
601 67
602 69
603 67
604 70
605 71
606 68
607 70
608 65
609 72
610 68
611 68
612 67
613 72
614 72
615 65
616 69
617 73
618 63
619 68
620 68
621 70
622 73
623 63
624 69
625 67
626 68
627 70
628 67
629 65
630 74
631 67
632 65
633 70
634 72
635 66
636 71
637 68
638 68
639 66
640 65
641 69
642 64
643 65
644 68
645 68
646 65
647 69
648 69
649 68
650 72
651 67
652 73
653 72
654 70
655 70
656 65
657 68
658 63
659 67
660 73
661 70
662 68
663 70
664 66
665 67
666 71
667 74
668 68
669 71
670 72
671 68
672 70
673 68
674 67
675 69
676 69
677 73
678 69
679 67
680 67
681 67
682 67
683 68
684 63
685 68
686 65
687 69
688 63
689 67
690 70
691 63
692 65
693 65
694 71
695 70
696 72
697 71
698 74
699 65
700 67
701 65
702 67
703 69
704 66
705 71
706 73
707 71
708 65
709 71
710 70
711 70
712 71
713 70
714 69
715 69
716 67
717 70
718 68
719 74
720 68
721 73
722 66
723 72
724 73
725 68
726 65
727 73
728 67
729 66
730 69
731 69
732 64
733 68
734 70
735 66
736 67
737 61
738 65
739 74
740 63
741 69
742 71
743 71
744 68
745 70
746 70
747 69
748 66
749 68
750 71
751 71
752 68
753 73
754 69
755 70
756 70
757 68
758 67
759 73
760 67
761 74
762 65
763 63
764 68
765 67
766 68
767 68
768 68
769 64
770 71
771 67
772 68
773 68
774 71
775 65
776 71
777 68
778 71
779 72
780 65
781 67
782 67
783 72
784 71
785 69
786 71
787 67
788 71
789 66
790 68
791 69
792 65
793 69
794 62
795 72
796 70
797 67
798 68
799 72
800 64
801 65
802 72
803 70
804 71
805 69
806 71
807 69
808 72
809 71
810 69
811 68
812 72
813 71
814 69
815 72
816 69
817 61
818 71
819 72
820 63
821 69
822 68
823 63
824 66
825 72
826 62
827 70
828 70
829 71
830 67
831 70
832 71
833 70
834 70
835 73
836 66
837 69
838 71
839 75
840 66
841 68
842 72
843 73
844 65
845 74
846 68
847 66
848 72
849 72
850 69
851 66
852 69
853 70
854 65
855 66
856 71
857 68
858 69
859 69
860 70
861 67
862 73
863 73
864 72
865 66
866 71
867 74
868 72
869 71
870 71
871 69
872 63
873 70
874 63
875 69
876 63
877 69
878 69
879 69
880 72
881 69
882 68
883 72
884 71
885 68
886 63
887 72
888 69
889 68
890 69
891 69
892 67
893 64
894 66
895 68
896 73
897 62
898 64
899 68
900 66
901 68
902 70
903 63
904 66
905 65
906 73
907 68
908 72
909 61
910 70
911 68
912 63
913 67
914 69
915 74
916 67
917 70
918 73
919 69
920 67
921 71
922 70
923 68
924 67
925 70
926 68
927 69
928 66
929 68
930 68
931 68
932 67
933 68
934 66
935 68
936 70
937 63
938 65
939 70
940 67
941 73
942 67
943 71
944 74
945 67
946 69
947 71
948 71
949 59
950 72
951 66
952 69
953 66
954 70
955 67
956 68
957 71
958 73
959 69
960 70
961 65
962 71
963 66
964 69
965 66
966 71
967 61
968 71
969 69
970 69
971 69
972 66
973 69
974 70
975 70
976 69
977 69
978 67
979 70
980 65
981 67
982 72
983 68
984 64
985 68
986 64
987 72
988 71
989 62
990 72
991 69
992 69
993 67
994 72
995 68
996 71
997 73
998 71
999 67
1000 71
