0 40
1 34
2 28
3 27
4 28
5 29
6 28
7 29
8 27
9 27
10 27
11 32
12 30
13 26
14 26
15 23
16 20
17 22
18 26
19 27
20 25
21 27
22 24
23 21
24 23
25 26
26 25
27 27
28 27
29 29
30 27
31 25
32 26
33 22
34 25
35 27
36 27
37 28
38 28
39 25
40 24
41 25
42 27
43 23
44 27
45 27
46 26
47 28
48 24
49 24
50 29
51 26
52 27
53 27
54 22
55 24
56 31
57 34
58 27
59 28
60 28
61 28
62 29
63 25
64 26
65 28
66 31
67 27
68 29
69 29
70 28
71 28
72 25
73 32
74 32
75 28
76 26
77 24
78 27
79 29
80 23
81 23
82 25
83 28
84 26
85 25
86 25
87 26
88 24
89 25
90 24
91 25
92 26
93 30
94 23
95 24
96 29
97 24
98 24
99 24
100 27
101 27
102 28
103 31
104 28
105 30
106 31
107 28
108 25
109 26
110 26
111 29
112 27
113 23
114 25
115 19
116 26
117 24
118 25
119 27
120 27
121 29
122 28
123 27
124 30
125 28
126 28
127 26
128 29
129 29
130 26
131 24
132 23
133 26
134 27
135 26
136 23
137 26
138 25
139 22
140 24
141 28
142 25
143 27
144 28
145 29
146 25
147 29
148 29
149 30
150 27
151 28
152 30
153 30
154 27
155 28
156 25
157 29
158 28
159 26
160 26
161 27
162 27
163 27
164 27
165 30
166 26
167 27
168 26
169 26
170 27
171 24
172 22
173 24
174 25
175 29
176 24
177 26
178 28
179 26
180 28
181 26
182 29
183 29
184 27
185 26
186 25
187 28
188 28
189 27
190 30
191 29
192 34
193 30
194 29
195 26
196 29
197 24
198 25
199 25
200 22
201 24
202 24
203 25
204 24
205 27
206 27
207 29
208 28
209 27
210 30
211 24
212 24
213 25
214 26
215 26
216 25
217 26
218 27
219 31
220 27
221 28
222 28
223 27
224 25
225 25
226 26
227 25
228 29
229 29
230 28
231 26
232 27
233 26
234 29
235 25
236 27
237 25
238 27
239 29
240 25
241 26
242 25
243 29
244 31
245 27
246 30
247 29
248 25
249 27
250 27
251 26
252 24
253 25
254 27
255 24
256 25
257 27
258 33
259 32
260 29
261 26
262 25
263 23
264 28
265 27
266 26
267 28
268 28
269 30
270 26
271 27
272 30
273 24
274 26
275 26
276 30
277 26
278 30
279 30
280 28
281 27
282 31
283 24
284 25
285 24
286 26
287 29
288 31
289 31
290 27
291 26
292 29
293 30
294 28
295 27
296 27
297 29
298 31
299 31
300 31
301 29
302 30
303 26
304 25
305 29
306 29
307 30
308 26
309 27
310 30
311 31
312 30
313 29
314 30
315 30
316 30
317 27
318 23
319 25
320 28
321 29
322 33
323 31
324 29
325 25
326 28
327 24
328 20
329 25
330 26
331 28
332 28
333 25
334 24
335 21
336 24
337 26
338 28
339 26
340 26
341 27
342 27
343 27
344 27
345 29
346 30
347 25
348 26
349 29
350 25
351 25
352 24
353 28
354 31
355 26
356 25
357 29
358 27
359 23
360 24
361 25
362 24
363 24
364 24
365 27
366 27
367 29
368 23
369 26
370 27
371 26
372 23
373 25
374 19
375 22
376 28
377 28
378 26
379 29
380 29
381 25
382 24
383 24
384 25
385 26
386 28
387 26
388 29
389 28
390 26
391 26
392 26
393 27
394 29
395 29
396 24
397 21
398 26
399 25
400 26
401 25
402 25
403 28
404 31
405 31
406 29
407 26
408 27
409 24
410 25
411 26
412 28
413 29
414 30
415 30
416 30
417 28
418 30
419 28
420 27
421 30
422 28
423 29
424 31
425 27
426 29
427 30
428 31
429 30
430 25
431 23
432 21
433 28
434 29
435 26
436 26
437 26
438 28
439 26
440 25
441 28
442 27
443 26
444 30
445 32
446 26
447 29
448 31
449 29
450 29
451 33
452 27
453 26
454 24
455 25
456 27
457 26
458 24
459 24
460 28
461 31
462 28
463 28
464 31
465 29
466 30
467 26
468 31
469 29
470 27
471 25
472 25
473 26
474 26
475 26
476 30
477 32
478 31
479 29
480 29
481 26
482 28
483 28
484 27
485 27
486 23
487 24
488 26
489 25
490 23
491 25
492 26
493 27
494 28
495 27
496 27
497 28
498 30
499 29
500 24
501 25
502 26
503 28
504 28
505 27
506 29
507 26
508 29
509 28
510 26
511 24
512 23
513 19
514 23
515 29
516 27
517 29
518 29
519 29
520 23
521 22
522 24
523 27
524 30
525 24
526 24
527 24
528 28
529 26
530 23
531 26
532 25
533 29
534 27
535 29
536 26
537 27
538 29
539 32
540 29
541 30
542 29
543 24
544 28
545 26
546 25
547 24
548 24
549 25
550 27
551 29
552 25
553 29
554 29
555 31
556 30
557 28
558 23
559 25
560 30
561 30
562 27
563 27
564 30
565 28
566 29
567 27
568 26
569 27
570 30
571 28
572 27
573 27
574 26
575 27
576 28
577 27
578 29
579 31
580 28
581 28
582 27
583 30
584 29
585 29
586 27
587 25
588 26
589 25
590 30
591 28
592 27
593 27
594 24
595 26
596 24
597 29
598 28
599 27
600 30
601 29
602 29
603 29
604 29
605 28
606 30
607 28
608 26
609 25
610 23
611 24
612 22
613 27
614 27
615 27
616 28
617 28
618 26
619 24
620 24
621 27
622 28
623 31
624 30
625 28
626 31
627 29
628 27
629 26
630 29
631 27
632 27
633 23
634 29
635 29
636 26
637 23
638 27
639 27
640 29
641 26
642 28
643 28
644 29
645 30
646 29
647 27
648 27
649 26
650 25
651 27
652 28
653 25
654 27
655 26
656 27
657 26
658 25
659 25
660 23
661 25
662 31
663 25
664 23
665 24
666 25
667 25
668 27
669 24
670 23
671 28
672 25
673 28
674 30
675 27
676 26
677 25
678 23
679 27
680 26
681 27
682 27
683 29
684 27
685 28
686 25
687 21
688 21
689 23
690 25
691 23
692 25
693 28
694 26
695 29
696 28
697 27
698 28
699 29
700 25
701 26
702 25
703 28
704 26
705 28
706 24
707 26
708 26
709 27
710 27
711 29
712 29
713 28
714 30
715 27
716 27
717 28
718 28
719 27
720 28
721 27
722 26
723 30
724 32
725 28
726 28
727 27
728 29
729 29
730 28
731 29
732 26
733 28
734 27
735 28
736 28
737 25
738 26
739 26
740 24
741 28
742 30
743 27
744 29
745 30
746 32
747 30
748 29
749 30
750 28
751 30
752 29
753 27
754 25
755 27
756 27
757 31
758 33
759 32
760 29
761 27
762 29
763 29
764 28
765 26
766 31
767 29
768 27
769 27
770 26
771 24
772 25
773 28
774 28
775 24
776 28
777 27
778 27
779 25
780 25
781 28
782 27
783 28
784 28
785 29
786 25
787 25
788 33
789 31
790 26
791 29
792 31
793 33
794 30
795 25
796 25
797 26
798 31
799 31
800 30
801 31
802 27
803 29
804 31
805 33
806 31
807 33
808 30
809 28
810 26
811 28
812 25
813 27
814 28
815 26
816 27
817 30
818 31
819 29
820 26
821 29
822 27
823 25
824 27
825 27
826 27
827 26
828 25
829 26
830 27
831 29
832 30
833 29
834 25
835 24
836 26
837 26
838 29
839 24
840 26
841 24
842 26
843 26
844 26
845 29
846 32
847 31
848 24
849 26
850 29
851 32
852 26
853 29
854 31
855 27
856 27
857 23
858 23
859 25
860 25
861 27
862 26
863 24
864 28
865 27
866 29
867 28
868 28
869 26
870 28
871 28
872 28
873 28
874 29
875 29
876 30
877 31
878 29
879 29
880 27
881 29
882 29
883 28
884 28
885 28
886 30
887 27
888 26
889 25
890 27
891 30
892 30
893 29
894 26
895 27
896 28
897 26
898 27
899 28
900 29
901 27
902 26
903 28
904 29
905 31
906 30
907 30
908 29
909 30
910 28
911 24
912 26
913 25
914 28
915 30
916 27
917 23
918 26
919 27
920 24
921 24
922 26
923 28
924 24
925 28
926 27
927 28
928 28
929 26
930 26
931 26
932 29
933 28
934 31
935 28
936 30
937 30
938 29
939 28
940 28
941 26
942 25
943 26
944 26
945 28
946 26
947 25
948 26
949 25
950 29
951 29
952 32
953 33
954 31
955 29
956 23
957 27
958 28
959 29
960 30
961 28
962 25
963 26
964 27
965 28
966 28
967 28
968 28
969 28
970 29
971 29
972 27
973 25
974 26
975 25
976 28
977 26
978 23
979 23
980 25
981 26
982 27
983 26
984 26
985 28
986 29
987 32
988 27
989 29
990 23
991 26
992 25
993 27
994 30
995 29
996 30
997 31
998 30
999 31
1000 30
