0 35
1 25
2 20
3 24
4 19
5 23
6 23
7 21
8 19
9 20
10 24
11 17
12 24
13 22
14 21
15 22
16 21
17 24
18 24
19 24
20 27
21 25
22 20
23 20
24 23
25 21
26 22
27 19
28 23
29 23
30 20
31 26
32 23
33 24
34 26
35 22
36 25
37 27
38 27
39 23
40 21
41 23
42 21
43 22
44 24
45 26
46 20
47 22
48 23
49 22
50 19
51 19
52 23
53 21
54 21
55 23
56 22
57 23
58 24
59 21
60 24
61 24
62 23
63 21
64 22
65 23
66 22
67 21
68 23
69 22
70 22
71 22
72 25
73 25
74 25
75 24
76 25
77 21
78 24
79 24
80 25
81 25
82 22
83 25
84 24
85 20
86 22
87 23
88 20
89 22
90 22
91 23
92 25
93 19
94 22
95 21
96 21
97 23
98 25
99 26
100 24
101 18
102 23
103 22
104 22
105 25
106 24
107 24
108 22
109 22
110 23
111 24
112 24
113 26
114 24
115 23
116 20
117 22
118 22
119 26
120 25
121 24
122 25
123 20
124 26
125 25
126 24
127 25
128 25
129 22
130 19
131 25
132 25
133 22
134 25
135 23
136 23
137 26
138 24
139 22
140 18
141 23
142 22
143 23
144 24
145 26
146 24
147 21
148 21
149 20
150 25
151 23
152 21
153 26
154 21
155 22
156 27
157 26
158 24
159 24
160 22
161 22
162 24
163 25
164 25
165 23
166 21
167 23
168 23
169 23
170 24
171 24
172 22
173 24
174 19
175 21
176 21
177 20
178 20
179 21
180 22
181 22
182 24
183 22
184 22
185 22
186 21
187 20
188 23
189 24
190 23
191 23
192 24
193 24
194 22
195 25
196 24
197 26
198 22
199 23
200 23
201 20
202 19
203 22
204 24
205 22
206 25
207 22
208 25
209 25
210 24
211 26
212 24
213 23
214 21
215 21
216 22
217 25
218 27
219 24
220 25
221 25
222 23
223 21
224 22
225 24
226 23
227 22
228 22
229 26
230 22
231 21
232 24
233 23
234 25
235 25
236 24
237 26
238 24
239 21
240 24
241 22
242 21
243 22
244 18
245 26
246 26
247 24
248 22
249 27
250 21
251 25
252 27
253 25
254 24
255 24
256 23
257 23
258 19
259 23
260 21
261 24
262 24
263 21
264 23
265 24
266 23
267 22
268 21
269 19
270 23
271 20
272 24
273 24
274 22
275 23
276 20
277 22
278 19
279 21
280 22
281 23
282 23
283 22
284 22
285 24
286 24
287 21
288 25
289 23
290 24
291 23
292 23
293 25
294 26
295 22
296 23
297 23
298 25
299 21
300 21
301 21
302 22
303 26
304 24
305 24
306 20
307 23
308 24
309 22
310 21
311 22
312 23
313 24
314 22
315 25
316 25
317 24
318 23
319 23
320 25
321 24
322 21
323 24
324 24
325 21
326 24
327 25
328 27
329 23
330 24
331 25
332 22
333 24
334 21
335 20
336 21
337 21
338 26
339 24
340 21
341 21
342 22
343 24
344 22
345 24
346 25
347 25
348 20
349 18
350 23
351 23
352 21
353 20
354 22
355 23
356 23
357 23
358 23
359 24
360 26
361 24
362 22
363 23
364 23
365 23
366 25
367 22
368 23
369 22
370 19
371 18
372 19
373 21
374 21
375 23
376 17
377 25
378 22
379 22
380 22
381 22
382 21
383 23
384 25
385 22
386 23
387 23
388 22
389 19
390 20
391 23
392 23
393 27
394 23
395 21
396 20
397 21
398 20
399 25
400 23
401 22
402 23
403 24
404 26
405 22
406 26
407 24
408 22
409 23
410 19
411 21
412 23
413 25
414 23
415 23
416 24
417 23
418 25
419 23
420 23
421 23
422 17
423 25
424 23
425 21
426 20
427 22
428 25
429 21
430 22
431 24
432 26
433 25
434 24
435 20
436 20
437 21
438 24
439 18
440 22
441 23
442 25
443 26
444 23
445 24
446 21
447 22
448 21
449 24
450 24
451 25
452 26
453 21
454 20
455 24
456 21
457 23
458 23
459 22
460 20
461 24
462 24
463 23
464 23
465 26
466 22
467 21
468 25
469 26
470 25
471 20
472 23
473 22
474 22
475 22
476 22
477 23
478 21
479 20
480 22
481 24
482 23
483 26
484 25
485 22
486 24
487 24
488 26
489 25
490 23
491 24
492 23
493 21
494 24
495 23
496 22
497 23
498 22
499 22
500 20
501 24
502 24
503 25
504 25
505 23
506 21
507 23
508 22
509 20
510 22
511 22
512 21
513 23
514 21
515 20
516 23
517 25
518 22
519 23
520 24
521 23
522 21
523 19
524 22
525 23
526 22
527 22
528 23
529 24
530 22
531 25
532 26
533 25
534 22
535 20
536 21
537 24
538 24
539 23
540 25
541 21
542 22
543 20
544 20
545 23
546 23
547 24
548 24
549 21
550 23
551 24
552 25
553 25
554 23
555 24
556 21
557 21
558 24
559 24
560 22
561 25
562 23
563 23
564 22
565 24
566 19
567 22
568 17
569 19
570 23
571 21
572 20
573 23
574 25
575 24
576 24
577 23
578 24
579 20
580 19
581 23
582 21
583 21
584 23
585 24
586 25
587 22
588 24
589 22
590 24
591 22
592 21
593 24
594 21
595 23
596 24
597 21
598 24
599 24
600 23
601 23
602 24
603 23
604 23
605 25
606 25
607 24
608 22
609 20
610 25
611 24
612 23
613 25
614 25
615 21
616 23
617 26
618 23
619 18
620 19
621 23
622 24
623 24
624 26
625 24
626 19
627 26
628 21
629 22
630 25
631 24
632 22
633 23
634 21
635 27
636 25
637 23
638 20
639 19
640 24
641 23
642 25
643 25
644 27
645 22
646 22
647 22
648 20
649 22
650 27
651 26
652 25
653 25
654 25
655 26
656 26
657 19
658 23
659 22
660 22
661 26
662 23
663 23
664 26
665 24
666 26
667 25
668 23
669 24
670 26
671 24
672 25
673 19
674 24
675 22
676 21
677 21
678 22
679 21
680 24
681 25
682 25
683 20
684 25
685 24
686 22
687 26
688 23
689 23
690 21
691 26
692 24
693 26
694 22
695 25
696 24
697 21
698 21
699 24
700 24
701 24
702 24
703 24
704 26
705 25
706 25
707 21
708 21
709 24
710 23
711 24
712 23
713 24
714 24
715 22
716 23
717 22
718 16
719 20
720 23
721 25
722 22
723 24
724 24
725 24
726 23
727 25
728 26
729 26
730 25
731 24
732 24
733 21
734 24
735 24
736 26
737 24
738 23
739 20
740 20
741 22
742 19
743 25
744 26
745 25
746 25
747 23
748 20
749 23
750 24
751 19
752 23
753 24
754 22
755 25
756 25
757 24
758 24
759 18
760 21
761 24
762 23
763 22
764 21
765 21
766 20
767 22
768 25
769 25
770 25
771 22
772 25
773 25
774 24
775 21
776 23
777 24
778 21
779 21
780 26
781 23
782 20
783 24
784 18
785 21
786 18
787 21
788 20
789 22
790 20
791 23
792 27
793 25
794 22
795 24
796 18
797 19
798 21
799 24
800 24
801 26
802 28
803 25
804 28
805 26
806 26
807 24
808 18
809 18
810 20
811 23
812 22
813 25
814 21
815 24
816 21
817 20
818 25
819 26
820 27
821 24
822 23
823 22
824 20
825 20
826 20
827 21
828 23
829 23
830 21
831 23
832 21
833 22
834 24
835 22
836 24
837 24
838 20
839 25
840 26
841 24
842 25
843 21
844 24
845 23
846 20
847 20
848 21
849 25
850 20
851 21
852 24
853 23
854 24
855 24
856 22
857 21
858 22
859 22
860 23
861 25
862 24
863 24
864 27
865 23
866 23
867 24
868 23
869 22
870 25
871 25
872 20
873 25
874 25
875 22
876 20
877 23
878 27
879 25
880 26
881 23
882 24
883 24
884 26
885 22
886 23
887 22
888 22
889 24
890 21
891 21
892 22
893 22
894 23
895 18
896 24
897 24
898 26
899 23
900 27
901 25
902 20
903 21
904 22
905 24
906 24
907 24
908 26
909 25
910 24
911 23
912 25
913 24
914 23
915 19
916 19
917 23
918 24
919 23
920 23
921 22
922 20
923 25
924 26
925 24
926 22
927 24
928 25
929 24
930 23
931 20
932 22
933 25
934 23
935 26
936 25
937 25
938 22
939 24
940 22
941 22
942 25
943 25
944 22
945 26
946 26
947 26
948 25
949 24
950 24
951 19
952 20
953 22
954 24
955 24
956 21
957 25
958 22
959 27
960 23
961 23
962 22
963 26
964 27
965 24
966 23
967 23
968 24
969 22
970 20
971 20
972 23
973 21
974 26
975 26
976 23
977 26
978 25
979 25
980 23
981 22
982 21
983 22
984 25
985 22
986 24
987 19
988 21
989 22
990 23
991 25
992 26
993 27
994 24
995 22
996 23
997 24
998 26
999 24
1000 22
