0 70
1 50
2 46
3 46
4 44
5 47
6 48
7 44
8 44
9 45
10 49
11 51
12 49
13 49
14 45
15 46
16 51
17 53
18 47
19 48
20 51
21 43
22 47
23 48
24 51
25 48
26 44
27 45
28 47
29 46
30 51
31 47
32 49
33 49
34 46
35 48
36 45
37 46
38 40
39 49
40 49
41 48
42 48
43 49
44 49
45 50
46 47
47 42
48 45
49 49
50 46
51 50
52 46
53 47
54 48
55 48
56 47
57 49
58 50
59 40
60 48
61 51
62 42
63 49
64 51
65 50
66 47
67 48
68 46
69 50
70 48
71 50
72 48
73 46
74 50
75 46
76 44
77 53
78 47
79 50
80 48
81 47
82 42
83 48
84 43
85 43
86 46
87 48
88 47
89 50
90 48
91 47
92 48
93 48
94 43
95 47
96 48
97 51
98 46
99 52
100 51
101 48
102 47
103 44
104 42
105 42
106 48
107 45
108 50
109 49
110 44
111 45
112 47
113 49
114 46
115 49
116 50
117 48
118 48
119 51
120 49
121 50
122 47
123 46
124 48
125 44
126 48
127 47
128 48
129 47
130 49
131 44
132 47
133 48
134 50
135 50
136 54
137 48
138 50
139 46
140 43
141 51
142 45
143 45
144 44
145 48
146 45
147 51
148 49
149 49
150 45
151 48
152 46
153 46
154 49
155 50
156 50
157 48
158 50
159 48
160 44
161 43
162 48
163 48
164 49
165 50
166 45
167 47
168 48
169 44
170 47
171 51
172 45
173 47
174 46
175 48
176 47
177 47
178 49
179 46
180 45
181 44
182 43
183 41
184 43
185 48
186 50
187 53
188 49
189 49
190 46
191 47
192 44
193 46
194 51
195 46
196 44
197 45
198 43
199 42
200 44
201 46
202 51
203 50
204 45
205 48
206 46
207 48
208 49
209 46
210 50
211 47
212 47
213 47
214 46
215 45
216 47
217 48
218 51
219 47
220 46
221 47
222 49
223 45
224 50
225 47
226 43
227 46
228 49
229 47
230 43
231 47
232 46
233 48
234 44
235 49
236 49
237 50
238 49
239 44
240 50
241 46
242 48
243 46
244 49
245 48
246 50
247 48
248 45
249 48
250 46
251 50
252 51
253 44
254 45
255 45
256 47
257 52
258 49
259 47
260 49
261 47
262 43
263 44
264 44
265 48
266 47
267 47
268 40
269 48
270 48
271 49
272 47
273 48
274 49
275 49
276 49
277 49
278 49
279 50
280 47
281 47
282 46
283 46
284 47
285 42
286 48
287 40
288 46
289 42
290 50
291 52
292 51
293 46
294 47
295 49
296 48
297 48
298 50
299 47
300 45
301 48
302 44
303 44
304 49
305 44
306 49
307 47
308 50
309 50
310 47
311 47
312 48
313 46
314 47
315 47
316 52
317 46
318 45
319 48
320 50
321 47
322 48
323 49
324 49
325 52
326 48
327 48
328 49
329 44
330 47
331 47
332 44
333 47
334 47
335 39
336 47
337 48
338 47
339 48
340 39
341 49
342 46
343 48
344 53
345 44
346 47
347 47
348 44
349 46
350 46
351 48
352 48
353 50
354 47
355 45
356 51
357 48
358 46
359 44
360 48
361 48
362 50
363 49
364 45
365 41
366 49
367 50
368 47
369 46
370 45
371 46
372 45
373 46
374 50
375 50
376 48
377 49
378 50
379 50
380 46
381 50
382 48
383 47
384 49
385 47
386 47
387 48
388 49
389 48
390 45
391 45
392 48
393 47
394 46
395 48
396 45
397 48
398 44
399 49
400 47
401 48
402 48
403 47
404 48
405 44
406 47
407 42
408 43
409 44
410 49
411 45
412 42
413 47
414 45
415 47
416 49
417 45
418 49
419 45
420 48
421 48
422 50
423 43
424 44
425 49
426 46
427 50
428 50
429 50
430 43
431 47
432 49
433 50
434 48
435 45
436 50
437 44
438 49
439 50
440 47
441 50
442 48
443 42
444 49
445 44
446 41
447 48
448 48
449 50
450 44
451 48
452 49
453 48
454 48
455 50
456 50
457 48
458 44
459 45
460 47
461 48
462 47
463 49
464 46
465 44
466 46
467 51
468 49
469 48
470 43
471 44
472 45
473 48
474 46
475 45
476 44
477 45
478 47
479 47
480 43
481 46
482 49
483 47
484 42
485 51
486 50
487 45
488 44
489 45
490 47
491 47
492 47
493 54
494 48
495 50
496 43
497 45
498 43
499 49
500 48
501 47
502 47
503 51
504 44
505 46
506 49
507 47
508 46
509 48
510 48
511 48
512 45
513 48
514 45
515 46
516 49
517 47
518 46
519 51
520 44
521 49
522 49
523 47
524 49
525 53
526 49
527 51
528 50
529 50
530 47
531 53
532 48
533 51
534 46
535 49
536 49
537 45
538 47
539 48
540 47
541 48
542 51
543 52
544 51
545 47
546 47
547 47
548 45
549 47
550 46
551 47
552 48
553 46
554 49
555 47
556 46
557 49
558 48
559 45
560 46
561 41
562 48
563 46
564 46
565 47
566 47
567 53
568 50
569 46
570 48
571 49
572 53
573 49
574 51
575 46
576 44
577 47
578 47
579 49
580 47
581 49
582 48
583 42
584 50
585 45
586 48
587 45
588 48
589 49
590 47
591 46
592 50
593 49
594 48
595 48
596 48
597 48
598 48
599 45
600 44
601 51
602 46
603 50
604 47
605 45
606 43
607 44
608 46
609 45
610 42
611 48
612 49
613 50
614 41
615 48
616 47
617 47
618 46
619 48
620 48
621 43
622 49
623 53
624 47
625 48
626 46
627 43
628 44
629 47
630 47
631 46
632 48
633 51
634 48
635 49
636 51
637 49
638 50
639 43
640 45
641 44
642 45
643 47
644 48
645 47
646 43
647 50
648 48
649 46
650 47
651 48
652 47
653 49
654 43
655 49
656 51
657 45
658 47
659 46
660 49
661 48
662 48
663 47
664 48
665 54
666 49
667 49
668 45
669 47
670 49
671 40
672 46
673 46
674 44
675 50
676 50
677 49
678 52
679 50
680 48
681 47
682 45
683 47
684 45
685 43
686 52
687 49
688 43
689 46
690 47
691 46
692 48
693 46
694 45
695 49
696 50
697 43
698 47
699 46
700 47
701 46
702 47
703 49
704 42
705 47
706 47
707 48
708 43
709 48
710 45
711 48
712 49
713 46
714 44
715 47
716 50
717 44
718 41
719 39
720 45
721 46
722 45
723 50
724 52
725 44
726 48
727 46
728 46
729 49
730 49
731 45
732 48
733 47
734 47
735 50
736 42
737 50
738 47
739 48
740 46
741 48
742 45
743 47
744 45
745 42
746 48
747 46
748 51
749 51
750 46
751 44
752 45
753 46
754 50
755 52
756 46
757 47
758 48
759 46
760 45
761 41
762 43
763 44
764 44
765 48
766 44
767 44
768 49
769 43
770 44
771 47
772 49
773 51
774 45
775 51
776 49
777 52
778 50
779 48
780 43
781 45
782 46
783 48
784 46
785 43
786 48
787 49
788 47
789 48
790 51
791 50
792 47
793 49
794 52
795 47
796 52
797 46
798 50
799 51
800 50
801 43
802 48
803 51
804 46
805 49
806 49
807 47
808 44
809 48
810 48
811 42
812 49
813 49
814 45
815 46
816 46
817 50
818 47
819 47
820 48
821 48
822 51
823 47
824 49
825 47
826 50
827 46
828 46
829 46
830 48
831 47
832 44
833 45
834 44
835 48
836 47
837 47
838 50
839 49
840 45
841 45
842 46
843 46
844 46
845 46
846 49
847 47
848 47
849 51
850 53
851 49
852 44
853 45
854 49
855 48
856 43
857 47
858 48
859 48
860 38
861 49
862 47
863 49
864 45
865 47
866 49
867 49
868 51
869 50
870 48
871 45
872 53
873 51
874 46
875 48
876 52
877 48
878 49
879 48
880 46
881 42
882 46
883 51
884 47
885 48
886 47
887 48
888 45
889 51
890 46
891 46
892 48
893 50
894 49
895 50
896 50
897 45
898 43
899 48
900 47
901 50
902 45
903 48
904 48
905 46
906 48
907 46
908 46
909 48
910 50
911 47
912 44
913 42
914 48
915 48
916 49
917 48
918 44
919 50
920 50
921 52
922 49
923 49
924 44
925 47
926 48
927 48
928 45
929 42
930 45
931 45
932 52
933 45
934 48
935 46
936 49
937 48
938 46
939 49
940 50
941 51
942 49
943 50
944 48
945 50
946 50
947 48
948 49
949 45
950 46
951 47
952 43
953 46
954 47
955 43
956 49
957 44
958 48
959 43
960 46
961 49
962 47
963 44
964 47
965 46
966 41
967 46
968 46
969 48
970 46
971 45
972 51
973 47
974 48
975 44
976 46
977 48
978 47
979 50
980 46
981 49
982 51
983 52
984 48
985 45
986 44
987 47
988 44
989 45
990 51
991 50
992 49
993 49
994 46
995 47
996 46
997 46
998 45
999 46
1000 48
