0 70
1 60
2 56
3 47
4 45
5 48
6 47
7 45
8 43
9 46
10 47
11 48
12 53
13 50
14 48
15 49
16 49
17 49
18 46
19 48
20 47
21 48
22 42
23 45
24 48
25 46
26 44
27 45
28 47
29 45
30 43
31 44
32 47
33 50
34 51
35 44
36 43
37 48
38 43
39 45
40 46
41 44
42 44
43 47
44 47
45 46
46 47
47 44
48 46
49 50
50 51
51 50
52 47
53 47
54 47
55 43
56 46
57 48
58 48
59 49
60 46
61 47
62 48
63 49
64 50
65 47
66 45
67 50
68 47
69 46
70 46
71 44
72 40
73 45
74 47
75 48
76 47
77 45
78 45
79 44
80 43
81 42
82 44
83 46
84 44
85 44
86 44
87 41
88 48
89 49
90 49
91 50
92 47
93 47
94 49
95 48
96 49
97 41
98 42
99 43
100 44
101 47
102 45
103 43
104 47
105 47
106 46
107 45
108 47
109 46
110 48
111 44
112 44
113 45
114 42
115 42
116 46
117 45
118 47
119 48
120 45
121 43
122 44
123 40
124 42
125 42
126 43
127 47
128 46
129 45
130 50
131 49
132 46
133 50
134 51
135 43
136 43
137 45
138 45
139 43
140 42
141 44
142 46
143 48
144 43
145 44
146 43
147 42
148 44
149 47
150 50
151 48
152 46
153 45
154 47
155 49
156 48
157 49
158 43
159 47
160 47
161 41
162 39
163 42
164 42
165 43
166 45
167 48
168 47
169 47
170 46
171 45
172 43
173 45
174 48
175 46
176 45
177 44
178 44
179 41
180 40
181 46
182 50
183 50
184 50
185 51
186 49
187 49
188 48
189 51
190 48
191 43
192 43
193 41
194 45
195 49
196 47
197 48
198 45
199 46
200 47
201 46
202 48
203 50
204 48
205 50
206 47
207 49
208 49
209 45
210 45
211 44
212 47
213 48
214 46
215 50
216 48
217 50
218 49
219 47
220 48
221 48
222 49
223 50
224 50
225 47
226 48
227 49
228 50
229 49
230 48
231 46
232 44
233 47
234 47
235 44
236 46
237 44
238 42
239 45
240 44
241 46
242 43
243 46
244 45
245 47
246 44
247 48
248 49
249 44
250 41
251 46
252 44
253 46
254 45
255 43
256 46
257 46
258 47
259 46
260 46
261 47
262 41
263 44
264 44
265 44
266 43
267 40
268 43
269 49
270 49
271 44
272 45
273 46
274 44
275 45
276 45
277 46
278 47
279 45
280 47
281 49
282 44
283 47
284 49
285 49
286 44
287 51
288 48
289 46
290 47
291 41
292 44
293 45
294 43
295 41
296 51
297 43
298 45
299 48
300 45
301 42
302 45
303 46
304 45
305 47
306 47
307 40
308 39
309 42
310 46
311 50
312 49
313 47
314 45
315 38
316 44
317 48
318 48
319 48
320 48
321 47
322 45
323 48
324 46
325 45
326 48
327 49
328 50
329 49
330 44
331 44
332 43
333 46
334 43
335 40
336 46
337 48
338 49
339 46
340 48
341 45
342 46
343 49
344 45
345 46
346 47
347 45
348 49
349 46
350 46
351 50
352 48
353 47
354 44
355 49
356 52
357 51
358 47
359 46
360 46
361 44
362 48
363 51
364 48
365 44
366 44
367 46
368 41
369 43
370 45
371 40
372 42
373 41
374 40
375 40
376 39
377 40
378 48
379 49
380 48
381 48
382 47
383 47
384 45
385 48
386 48
387 48
388 47
389 47
390 42
391 45
392 44
393 48
394 54
395 50
396 49
397 50
398 49
399 48
400 51
401 50
402 51
403 51
404 48
405 46
406 41
407 44
408 45
409 43
410 47
411 45
412 48
413 48
414 48
415 50
416 50
417 51
418 46
419 46
420 44
421 47
422 43
423 47
424 47
425 46
426 47
427 49
428 47
429 43
430 44
431 45
432 46
433 43
434 46
435 41
436 42
437 43
438 48
439 47
440 44
441 48
442 48
443 46
444 48
445 47
446 49
447 48
448 47
449 47
450 46
451 48
452 49
453 43
454 46
455 46
456 48
457 52
458 52
459 49
460 45
461 49
462 46
463 45
464 46
465 45
466 46
467 46
468 43
469 43
470 46
471 48
472 46
473 46
474 48
475 45
476 45
477 47
478 47
479 49
480 47
481 48
482 47
483 45
484 46
485 47
486 47
487 49
488 49
489 48
490 51
491 47
492 46
493 48
494 46
495 48
496 47
497 48
498 44
499 43
500 47
501 50
502 43
503 44
504 49
505 49
506 42
507 47
508 51
509 48
510 46
511 48
512 48
513 47
514 47
515 44
516 44
517 48
518 48
519 49
520 49
521 49
522 46
523 41
524 42
525 44
526 51
527 50
528 49
529 47
530 46
531 48
532 46
533 44
534 48
535 46
536 47
537 40
538 45
539 48
540 53
541 46
542 48
543 43
544 45
545 47
546 47
547 47
548 48
549 47
550 47
551 45
552 46
553 45
554 48
555 48
556 46
557 46
558 45
559 46
560 49
561 47
562 51
563 52
564 48
565 49
566 48
567 48
568 43
569 41
570 48
571 48
572 46
573 45
574 49
575 48
576 49
577 49
578 47
579 46
580 42
581 43
582 49
583 49
584 46
585 44
586 47
587 45
588 41
589 44
590 41
591 42
592 43
593 48
594 46
595 42
596 50
597 48
598 44
599 45
600 47
601 47
602 49
603 52
604 51
605 46
606 42
607 42
608 38
609 42
610 46
611 45
612 46
613 52
614 48
615 49
616 49
617 47
618 45
619 45
620 47
621 46
622 43
623 43
624 46
625 44
626 43
627 47
628 49
629 48
630 43
631 48
632 44
633 51
634 44
635 44
636 47
637 48
638 48
639 43
640 43
641 39
642 45
643 47
644 44
645 41
646 43
647 45
648 48
649 48
650 48
651 49
652 39
653 41
654 45
655 51
656 46
657 44
658 46
659 47
660 47
661 49
662 45
663 43
664 44
665 43
666 47
667 46
668 48
669 47
670 45
671 48
672 48
673 44
674 47
675 48
676 46
677 48
678 45
679 45
680 49
681 49
682 47
683 51
684 47
685 48
686 45
687 47
688 50
689 47
690 43
691 44
692 44
693 40
694 40
695 44
696 42
697 45
698 45
699 46
700 43
701 47
702 49
703 47
704 41
705 45
706 45
707 49
708 46
709 44
710 48
711 46
712 48
713 43
714 48
715 50
716 49
717 50
718 50
719 48
720 45
721 50
722 50
723 49
724 53
725 52
726 50
727 47
728 50
729 49
730 47
731 45
732 47
733 45
734 49
735 45
736 40
737 44
738 45
739 42
740 47
741 47
742 44
743 43
744 40
745 39
746 44
747 41
748 47
749 48
750 48
751 44
752 41
753 44
754 45
755 46
756 48
757 49
758 49
759 49
760 48
761 50
762 51
763 46
764 43
765 44
766 43
767 48
768 42
769 49
770 47
771 45
772 45
773 45
774 45
775 44
776 46
777 43
778 45
779 48
780 43
781 45
782 44
783 46
784 48
785 46
786 46
787 49
788 49
789 47
790 48
791 49
792 47
793 47
794 46
795 45
796 47
797 43
798 47
799 47
800 49
801 48
802 49
803 48
804 47
805 47
806 47
807 44
808 47
809 46
810 42
811 43
812 45
813 45
814 47
815 48
816 48
817 47
818 48
819 42
820 47
821 48
822 42
823 44
824 45
825 40
826 43
827 47
828 44
829 45
830 46
831 53
832 52
833 47
834 48
835 45
836 49
837 47
838 47
839 45
840 47
841 45
842 48
843 49
844 44
845 47
846 47
847 49
848 50
849 45
850 47
851 45
852 49
853 47
854 44
855 48
856 45
857 41
858 40
859 41
860 44
861 46
862 47
863 46
864 44
865 42
866 47
867 46
868 49
869 43
870 47
871 47
872 46
873 47
874 46
875 51
876 54
877 52
878 48
879 51
880 46
881 48
882 47
883 46
884 46
885 45
886 47
887 44
888 47
889 46
890 48
891 44
892 49
893 46
894 48
895 43
896 45
897 44
898 44
899 43
900 46
901 45
902 49
903 46
904 51
905 49
906 45
907 43
908 45
909 41
910 44
911 44
912 45
913 45
914 48
915 44
916 47
917 44
918 46
919 48
920 48
921 48
922 47
923 48
924 50
925 52
926 52
927 46
928 41
929 42
930 46
931 46
932 42
933 45
934 47
935 44
936 44
937 40
938 45
939 46
940 44
941 42
942 45
943 45
944 46
945 43
946 47
947 46
948 48
949 48
950 49
951 49
952 51
953 44
954 45
955 44
956 48
957 47
958 45
959 47
960 48
961 47
962 48
963 50
964 49
965 48
966 46
967 47
968 46
969 48
970 44
971 46
972 44
973 42
974 42
975 46
976 47
977 51
978 48
979 40
980 39
981 45
982 43
983 42
984 44
985 44
986 44
987 45
988 45
989 46
990 48
991 47
992 44
993 44
994 48
995 48
996 47
997 43
998 47
999 48
1000 44
