0 85
1 63
2 56
3 59
4 57
5 55
6 60
7 54
8 57
9 57
10 56
11 56
12 53
13 59
14 57
15 54
16 56
17 52
18 53
19 61
20 58
21 57
22 62
23 57
24 60
25 59
26 60
27 56
28 59
29 55
30 56
31 58
32 61
33 60
34 57
35 56
36 56
37 58
38 61
39 60
40 57
41 60
42 57
43 60
44 56
45 60
46 58
47 59
48 57
49 58
50 61
51 55
52 54
53 59
54 60
55 59
56 56
57 58
58 54
59 57
60 55
61 59
62 60
63 55
64 55
65 59
66 54
67 58
68 56
69 55
70 59
71 59
72 58
73 57
74 60
75 56
76 57
77 56
78 57
79 56
80 54
81 59
82 56
83 55
84 53
85 52
86 55
87 51
88 58
89 57
90 56
91 54
92 58
93 59
94 56
95 58
96 59
97 56
98 57
99 57
100 54
101 58
102 58
103 59
104 58
105 61
106 55
107 55
108 55
109 61
110 54
111 56
112 53
113 60
114 57
115 51
116 55
117 57
118 56
119 58
120 59
121 58
122 60
123 53
124 56
125 57
126 56
127 56
128 59
129 55
130 58
131 58
132 59
133 61
134 60
135 56
136 57
137 53
138 61
139 58
140 59
141 55
142 59
143 54
144 57
145 58
146 57
147 60
148 57
149 56
150 59
151 58
152 53
153 55
154 57
155 59
156 60
157 56
158 58
159 55
160 56
161 57
162 57
163 59
164 58
165 58
166 58
167 53
168 56
169 55
170 56
171 53
172 56
173 57
174 55
175 59
176 55
177 59
178 57
179 60
180 57
181 57
182 63
183 59
184 61
185 58
186 55
187 57
188 60
189 57
190 52
191 56
192 57
193 57
194 58
195 61
196 55
197 56
198 55
199 61
200 55
201 57
202 61
203 59
204 61
205 59
206 61
207 61
208 58
209 59
210 59
211 58
212 53
213 53
214 55
215 53
216 60
217 59
218 55
219 55
220 58
221 58
222 55
223 61
224 65
225 57
226 59
227 51
228 54
229 57
230 57
231 61
232 58
233 58
234 58
235 57
236 56
237 54
238 55
239 54
240 55
241 56
242 58
243 59
244 58
245 58
246 57
247 57
248 59
249 58
250 55
251 57
252 62
253 59
254 62
255 56
256 56
257 60
258 55
259 51
260 56
261 63
262 62
263 59
264 59
265 57
266 57
267 56
268 57
269 59
270 57
271 57
272 55
273 52
274 55
275 58
276 61
277 54
278 56
279 58
280 54
281 60
282 59
283 55
284 59
285 61
286 57
287 60
288 58
289 55
290 52
291 55
292 53
293 52
294 56
295 61
296 59
297 56
298 55
299 58
300 58
301 54
302 57
303 56
304 59
305 60
306 58
307 56
308 54
309 58
310 59
311 56
312 60
313 59
314 60
315 63
316 56
317 57
318 61
319 61
320 60
321 59
322 61
323 56
324 54
325 53
326 54
327 55
328 56
329 57
330 60
331 61
332 60
333 60
334 61
335 58
336 59
337 59
338 59
339 61
340 56
341 55
342 58
343 56
344 58
345 55
346 62
347 56
348 55
349 55
350 61
351 59
352 58
353 57
354 56
355 59
356 59
357 58
358 61
359 62
360 59
361 54
362 56
363 56
364 55
365 58
366 61
367 51
368 56
369 61
370 61
371 56
372 53
373 55
374 54
375 56
376 49
377 52
378 61
379 55
380 52
381 56
382 56
383 53
384 59
385 59
386 57
387 53
388 58
389 58
390 61
391 57
392 58
393 60
394 59
395 62
396 57
397 61
398 56
399 53
400 54
401 58
402 56
403 58
404 54
405 57
406 57
407 60
408 61
409 57
410 57
411 57
412 60
413 59
414 61
415 53
416 57
417 54
418 53
419 51
420 54
421 57
422 59
423 60
424 61
425 58
426 56
427 57
428 58
429 55
430 53
431 58
432 57
433 56
434 56
435 51
436 55
437 58
438 59
439 55
440 57
441 60
442 60
443 57
444 57
445 54
446 53
447 50
448 55
449 56
450 55
451 55
452 55
453 56
454 54
455 58
456 61
457 62
458 61
459 61
460 59
461 54
462 56
463 55
464 59
465 59
466 54
467 55
468 60
469 62
470 62
471 62
472 58
473 59
474 56
475 56
476 59
477 57
478 56
479 53
480 54
481 56
482 57
483 61
484 62
485 58
486 58
487 57
488 57
489 53
490 56
491 55
492 56
493 59
494 61
495 57
496 55
497 55
498 55
499 57
500 61
501 59
502 57
503 58
504 57
505 57
506 53
507 56
508 58
509 62
510 53
511 57
512 60
513 60
514 54
515 57
516 59
517 59
518 56
519 56
520 57
521 55
522 59
523 54
524 56
525 60
526 53
527 56
528 54
529 59
530 55
531 54
532 52
533 50
534 57
535 61
536 57
537 52
538 59
539 56
540 58
541 58
542 62
543 60
544 59
545 56
546 53
547 53
548 53
549 54
550 58
551 56
552 54
553 54
554 55
555 57
556 60
557 59
558 60
559 61
560 59
561 56
562 50
563 55
564 56
565 56
566 46
567 53
568 59
569 57
570 57
571 53
572 59
573 60
574 58
575 57
576 54
577 58
578 56
579 56
580 53
581 58
582 58
583 58
584 60
585 58
586 59
587 61
588 60
589 55
590 53
591 56
592 56
593 57
594 53
595 58
596 58
597 57
598 56
599 57
600 52
601 55
602 59
603 56
604 61
605 59
606 55
607 54
608 55
609 60
610 57
611 54
612 55
613 57
614 53
615 53
616 61
617 60
618 51
619 58
620 61
621 58
622 61
623 60
624 60
625 60
626 55
627 57
628 60
629 55
630 58
631 55
632 58
633 61
634 63
635 57
636 56
637 54
638 58
639 55
640 57
641 59
642 57
643 55
644 52
645 57
646 59
647 60
648 57
649 54
650 54
651 60
652 56
653 57
654 59
655 54
656 53
657 57
658 54
659 56
660 52
661 56
662 56
663 56
664 56
665 56
666 56
667 56
668 49
669 54
670 62
671 55
672 58
673 59
674 55
675 55
676 60
677 60
678 57
679 59
680 57
681 60
682 59
683 58
684 58
685 63
686 58
687 59
688 57
689 58
690 58
691 57
692 58
693 60
694 56
695 59
696 56
697 53
698 54
699 55
700 57
701 58
702 60
703 59
704 57
705 57
706 55
707 50
708 53
709 56
710 56
711 56
712 60
713 56
714 57
715 58
716 59
717 59
718 58
719 57
720 60
721 53
722 58
723 58
724 58
725 55
726 61
727 60
728 57
729 59
730 59
731 59
732 57
733 57
734 58
735 57
736 57
737 58
738 53
739 57
740 60
741 61
742 61
743 51
744 56
745 51
746 55
747 55
748 60
749 59
750 55
751 58
752 59
753 60
754 62
755 57
756 57
757 55
758 61
759 59
760 54
761 54
762 57
763 63
764 57
765 55
766 51
767 53
768 60
769 55
770 56
771 54
772 55
773 57
774 62
775 60
776 60
777 54
778 57
779 57
780 55
781 58
782 57
783 57
784 57
785 58
786 57
787 54
788 50
789 46
790 57
791 60
792 60
793 58
794 57
795 60
796 59
797 56
798 59
799 49
800 50
801 59
802 53
803 59
804 55
805 57
806 57
807 56
808 58
809 57
810 59
811 61
812 56
813 60
814 58
815 53
816 58
817 58
818 59
819 59
820 58
821 54
822 54
823 57
824 60
825 61
826 58
827 57
828 59
829 58
830 57
831 58
832 59
833 56
834 51
835 57
836 59
837 55
838 54
839 53
840 55
841 55
842 55
843 54
844 55
845 55
846 56
847 57
848 54
849 57
850 57
851 57
852 59
853 56
854 60
855 57
856 53
857 58
858 61
859 63
860 57
861 53
862 53
863 56
864 58
865 56
866 55
867 59
868 56
869 54
870 54
871 59
872 57
873 60
874 53
875 57
876 60
877 52
878 54
879 57
880 54
881 57
882 59
883 55
884 57
885 56
886 58
887 53
888 53
889 57
890 51
891 55
892 49
893 54
894 54
895 52
896 56
897 57
898 56
899 54
900 59
901 61
902 60
903 54
904 57
905 55
906 55
907 60
908 56
909 54
910 59
911 62
912 56
913 56
914 55
915 58
916 57
917 59
918 58
919 56
920 60
921 60
922 56
923 54
924 58
925 60
926 60
927 58
928 63
929 57
930 57
931 54
932 55
933 58
934 53
935 53
936 54
937 57
938 60
939 60
940 59
941 59
942 57
943 57
944 50
945 55
946 52
947 51
948 54
949 53
950 61
951 58
952 62
953 59
954 62
955 59
956 53
957 52
958 59
959 48
960 56
961 58
962 58
963 59
964 55
965 60
966 60
967 61
968 57
969 56
970 59
971 58
972 55
973 56
974 56
975 58
976 61
977 55
978 59
979 60
980 58
981 58
982 57
983 54
984 54
985 52
986 56
987 57
988 58
989 60
990 57
991 60
992 58
993 57
994 63
995 56
996 62
997 57
998 59
999 58
1000 54
