0 5
1 4
2 3
3 2
4 1
5 0
6 1
7 2
8 0
9 1
10 1
11 1
12 1
13 0
14 1
15 1
16 1
17 1
18 1
19 1
20 2
21 2
22 2
23 1
24 2
25 1
26 1
27 2
28 1
29 2
30 2
31 1
32 1
33 2
34 2
35 2
36 2
37 1
38 1
39 1
40 2
41 1
42 2
43 2
44 2
45 2
46 2
47 3
48 3
49 2
50 0
51 0
52 0
53 0
54 0
55 1
56 1
57 1
58 1
59 1
60 1
61 0
62 1
63 2
64 2
65 2
66 2
67 1
68 1
69 1
70 2
71 1
72 0
73 1
74 0
75 0
76 1
77 2
78 1
79 1
80 0
81 1
82 1
83 1
84 2
85 1
86 1
87 1
88 1
89 0
90 2
91 2
92 2
93 2
94 2
95 1
96 1
97 1
98 0
99 0
100 0
101 0
102 0
103 1
104 1
105 0
106 0
107 1
108 1
109 1
110 2
111 2
112 1
113 1
114 1
115 1
116 1
117 2
118 1
119 2
120 2
121 1
122 1
123 1
124 1
125 1
126 0
127 0
128 0
129 1
130 0
131 1
132 1
133 0
134 0
135 1
136 1
137 1
138 1
139 1
140 0
141 0
142 0
143 0
144 0
145 1
146 1
147 1
148 1
149 1
150 0
151 0
152 0
153 1
154 3
155 1
156 1
157 2
158 2
159 2
160 1
161 1
162 0
163 1
164 1
165 0
166 0
167 0
168 0
169 0
170 0
171 1
172 1
173 1
174 1
175 0
176 0
177 1
178 0
179 0
180 1
181 1
182 1
183 1
184 0
185 0
186 0
187 1
188 1
189 1
190 1
191 1
192 1
193 2
194 1
195 0
196 1
197 1
198 1
199 1
200 1
201 1
202 1
203 2
204 3
205 2
206 1
207 1
208 0
209 0
210 0
211 1
212 1
213 1
214 1
215 1
216 1
217 1
218 1
219 1
220 1
221 1
222 1
223 0
224 0
225 0
226 0
227 1
228 2
229 1
230 2
231 2
232 1
233 1
234 0
235 0
236 0
237 1
238 1
239 1
240 1
241 0
242 1
243 1
244 1
245 1
246 2
247 3
248 2
249 2
250 1
251 1
252 2
253 2
254 1
255 1
256 0
257 1
258 1
259 0
260 0
261 0
262 0
263 1
264 1
265 1
266 2
267 1
268 1
269 1
270 1
271 1
272 1
273 1
274 1
275 1
276 1
277 0
278 0
279 2
280 1
281 1
282 1
283 1
284 0
285 0
286 0
287 0
288 0
289 0
290 1
291 0
292 1
293 2
294 1
295 2
296 1
297 1
298 1
299 1
300 1
301 1
302 1
303 1
304 1
305 1
306 2
307 2
308 3
309 3
310 2
311 1
312 0
313 2
314 1
315 1
316 0
317 1
318 1
319 1
320 1
321 2
322 2
323 1
324 1
325 2
326 2
327 1
328 1
329 0
330 0
331 1
332 1
333 2
334 2
335 1
336 0
337 1
338 0
339 1
340 1
341 2
342 2
343 0
344 0
345 0
346 0
347 0
348 0
349 1
350 1
351 1
352 1
353 2
354 1
355 1
356 1
357 1
358 1
359 2
360 1
361 1
362 2
363 1
364 2
365 2
366 2
367 1
368 2
369 0
370 0
371 1
372 1
373 0
374 1
375 2
376 2
377 1
378 1
379 0
380 1
381 2
382 2
383 2
384 3
385 2
386 1
387 0
388 0
389 1
390 2
391 3
392 2
393 2
394 0
395 0
396 1
397 1
398 1
399 2
400 1
401 1
402 1
403 1
404 1
405 1
406 2
407 2
408 2
409 2
410 1
411 1
412 0
413 1
414 2
415 1
416 2
417 2
418 2
419 2
420 2
421 2
422 1
423 1
424 1
425 1
426 1
427 0
428 1
429 1
430 1
431 2
432 2
433 1
434 1
435 1
436 1
437 2
438 1
439 1
440 2
441 2
442 1
443 1
444 1
445 1
446 2
447 2
448 1
449 2
450 2
451 1
452 2
453 2
454 1
455 1
456 2
457 2
458 1
459 1
460 2
461 2
462 2
463 2
464 2
465 1
466 1
467 1
468 1
469 2
470 2
471 2
472 1
473 1
474 1
475 1
476 1
477 1
478 0
479 0
480 0
481 1
482 0
483 0
484 0
485 0
486 0
487 1
488 1
489 1
490 1
491 0
492 1
493 1
494 2
495 1
496 1
497 1
498 0
499 1
500 1
501 2
502 2
503 1
504 1
505 2
506 2
507 1
508 1
509 1
510 1
511 3
512 1
513 1
514 1
515 2
516 1
517 0
518 0
519 1
520 1
521 2
522 2
523 1
524 1
525 1
526 1
527 1
528 1
529 0
530 1
531 1
532 2
533 1
534 1
535 1
536 1
537 0
538 0
539 1
540 0
541 0
542 0
543 1
544 1
545 1
546 2
547 2
548 2
549 2
550 0
551 0
552 0
553 0
554 0
555 0
556 0
557 1
558 0
559 0
560 1
561 1
562 1
563 1
564 1
565 1
566 1
567 2
568 2
569 1
570 1
571 1
572 1
573 0
574 0
575 0
576 1
577 1
578 1
579 1
580 1
581 0
582 0
583 1
584 1
585 2
586 2
587 2
588 2
589 2
590 2
591 1
592 1
593 1
594 1
595 1
596 0
597 0
598 1
599 2
600 2
601 2
602 1
603 1
604 2
605 2
606 2
607 2
608 2
609 1
610 2
611 2
612 2
613 1
614 1
615 0
616 1
617 1
618 1
619 1
620 0
621 1
622 1
623 1
624 2
625 0
626 1
627 1
628 2
629 2
630 2
631 2
632 1
633 1
634 1
635 1
636 1
637 2
638 2
639 1
640 1
641 1
642 1
643 1
644 1
645 1
646 1
647 1
648 1
649 0
650 0
651 0
652 1
653 1
654 1
655 0
656 0
657 0
658 1
659 1
660 1
661 2
662 2
663 2
664 2
665 3
666 1
667 1
668 1
669 0
670 0
671 1
672 1
673 2
674 1
675 1
676 1
677 1
678 1
679 1
680 1
681 1
682 1
683 2
684 1
685 2
686 2
687 2
688 2
689 2
690 2
691 2
692 1
693 1
694 1
695 1
696 0
697 1
698 1
699 1
700 1
701 1
702 1
703 1
704 1
705 0
706 0
707 1
708 1
709 1
710 1
711 0
712 1
713 2
714 2
715 1
716 1
717 1
718 1
719 1
720 1
721 1
722 1
723 2
724 2
725 2
726 2
727 1
728 1
729 1
730 1
731 1
732 1
733 0
734 1
735 0
736 1
737 1
738 1
739 1
740 2
741 1
742 1
743 1
744 1
745 2
746 2
747 1
748 1
749 2
750 1
751 1
752 2
753 1
754 0
755 0
756 0
757 1
758 1
759 1
760 1
761 1
762 1
763 1
764 1
765 2
766 2
767 2
768 2
769 2
770 1
771 2
772 1
773 1
774 1
775 2
776 1
777 1
778 1
779 1
780 2
781 1
782 2
783 1
784 0
785 0
786 0
787 1
788 1
789 1
790 1
791 1
792 1
793 1
794 1
795 1
796 2
797 1
798 1
799 1
800 1
801 1
802 1
803 1
804 1
805 1
806 1
807 0
808 1
809 1
810 1
811 0
812 0
813 1
814 2
815 2
816 2
817 1
818 1
819 1
820 1
821 1
822 1
823 1
824 0
825 0
826 1
827 1
828 0
829 2
830 2
831 1
832 1
833 1
834 1
835 1
836 0
837 0
838 0
839 0
840 1
841 0
842 0
843 1
844 1
845 1
846 2
847 2
848 2
849 1
850 1
851 1
852 0
853 0
854 0
855 1
856 2
857 2
858 2
859 2
860 1
861 2
862 2
863 2
864 2
865 2
866 1
867 2
868 2
869 2
870 0
871 0
872 0
873 0
874 0
875 1
876 1
877 1
878 0
879 1
880 1
881 1
882 2
883 2
884 2
885 1
886 1
887 1
888 1
889 2
890 2
891 2
892 3
893 2
894 2
895 1
896 0
897 0
898 2
899 2
900 1
901 1
902 1
903 1
904 1
905 0
906 0
907 1
908 1
909 1
910 1
911 1
912 1
913 2
914 2
915 2
916 2
917 0
918 0
919 1
920 2
921 2
922 2
923 2
924 1
925 1
926 0
927 0
928 1
929 0
930 0
931 1
932 1
933 2
934 2
935 2
936 2
937 1
938 2
939 2
940 2
941 2
942 3
943 3
944 3
945 3
946 2
947 2
948 1
949 2
950 2
951 2
952 2
953 2
954 2
955 2
956 2
957 2
958 2
959 1
960 1
961 1
962 2
963 1
964 2
965 2
966 1
967 1
968 1
969 1
970 1
971 1
972 0
973 0
974 0
975 0
976 1
977 1
978 1
979 1
980 1
981 1
982 1
983 2
984 2
985 2
986 1
987 1
988 1
989 1
990 0
991 0
992 0
993 1
994 1
995 1
996 1
997 2
998 2
999 1
1000 1
