0 60
1 48
2 46
3 43
4 42
5 44
6 44
7 45
8 48
9 44
10 41
11 40
12 40
13 40
14 47
15 40
16 39
17 42
18 41
19 42
20 45
21 42
22 38
23 43
24 42
25 38
26 39
27 39
28 46
29 43
30 49
31 47
32 45
33 41
34 42
35 43
36 40
37 42
38 42
39 45
40 42
41 44
42 45
43 43
44 43
45 43
46 44
47 45
48 43
49 41
50 45
51 43
52 45
53 46
54 40
55 43
56 42
57 42
58 38
59 44
60 46
61 46
62 42
63 45
64 45
65 47
66 44
67 40
68 46
69 45
70 47
71 43
72 44
73 36
74 43
75 45
76 47
77 45
78 42
79 41
80 40
81 44
82 39
83 37
84 45
85 43
86 37
87 40
88 42
89 46
90 45
91 38
92 43
93 45
94 43
95 41
96 42
97 43
98 41
99 46
100 42
101 42
102 40
103 45
104 42
105 44
106 41
107 41
108 38
109 37
110 40
111 40
112 39
113 43
114 39
115 44
116 38
117 41
118 41
119 45
120 45
121 44
122 45
123 44
124 46
125 45
126 36
127 40
128 40
129 42
130 40
131 42
132 45
133 43
134 40
135 44
136 39
137 44
138 38
139 45
140 44
141 45
142 39
143 40
144 48
145 46
146 43
147 46
148 48
149 39
150 36
151 43
152 44
153 42
154 43
155 42
156 45
157 48
158 49
159 38
160 38
161 38
162 38
163 40
164 42
165 43
166 37
167 45
168 47
169 48
170 45
171 44
172 44
173 51
174 45
175 41
176 39
177 42
178 43
179 38
180 41
181 44
182 41
183 40
184 39
185 38
186 37
187 41
188 47
189 45
190 42
191 44
192 44
193 45
194 44
195 41
196 41
197 45
198 47
199 42
200 42
201 43
202 43
203 45
204 46
205 39
206 43
207 40
208 40
209 45
210 43
211 43
212 46
213 47
214 45
215 43
216 39
217 41
218 43
219 38
220 39
221 46
222 38
223 35
224 41
225 38
226 44
227 46
228 43
229 48
230 45
231 45
232 45
233 48
234 36
235 38
236 47
237 42
238 43
239 45
240 47
241 44
242 43
243 44
244 39
245 44
246 42
247 37
248 44
249 45
250 44
251 41
252 46
253 39
254 41
255 44
256 42
257 43
258 39
259 41
260 41
261 38
262 39
263 39
264 42
265 45
266 43
267 40
268 42
269 41
270 42
271 40
272 46
273 42
274 43
275 46
276 42
277 48
278 45
279 47
280 43
281 49
282 45
283 41
284 37
285 39
286 42
287 48
288 45
289 45
290 42
291 42
292 46
293 45
294 46
295 45
296 40
297 42
298 41
299 44
300 44
301 45
302 44
303 50
304 43
305 44
306 40
307 45
308 45
309 42
310 41
311 43
312 47
313 50
314 40
315 45
316 39
317 38
318 42
319 42
320 49
321 43
322 47
323 45
324 45
325 48
326 40
327 42
328 40
329 38
330 40
331 41
332 40
333 42
334 45
335 46
336 40
337 39
338 39
339 44
340 44
341 41
342 48
343 42
344 40
345 39
346 43
347 45
348 43
349 44
350 39
351 38
352 36
353 36
354 45
355 40
356 37
357 44
358 44
359 47
360 38
361 44
362 46
363 42
364 43
365 37
366 42
367 44
368 46
369 39
370 42
371 40
372 43
373 42
374 44
375 42
376 42
377 49
378 45
379 42
380 42
381 45
382 45
383 47
384 48
385 43
386 45
387 41
388 41
389 43
390 45
391 42
392 44
393 43
394 43
395 42
396 42
397 46
398 44
399 37
400 36
401 42
402 41
403 44
404 45
405 39
406 41
407 43
408 43
409 40
410 39
411 46
412 44
413 40
414 42
415 39
416 43
417 41
418 43
419 39
420 35
421 41
422 49
423 43
424 42
425 45
426 44
427 43
428 46
429 46
430 45
431 42
432 41
433 37
434 45
435 44
436 41
437 44
438 47
439 47
440 45
441 41
442 43
443 37
444 42
445 42
446 41
447 41
448 46
449 43
450 41
451 40
452 42
453 39
454 38
455 42
456 40
457 43
458 41
459 43
460 47
461 43
462 42
463 39
464 42
465 44
466 42
467 41
468 37
469 40
470 37
471 41
472 42
473 43
474 41
475 43
476 46
477 45
478 48
479 39
480 42
481 43
482 42
483 44
484 41
485 40
486 42
487 39
488 47
489 46
490 45
491 45
492 47
493 42
494 44
495 44
496 44
497 46
498 51
499 46
500 42
501 45
502 47
503 40
504 36
505 46
506 44
507 46
508 46
509 50
510 41
511 41
512 44
513 37
514 41
515 41
516 42
517 45
518 49
519 39
520 41
521 46
522 42
523 43
524 41
525 41
526 42
527 44
528 44
529 41
530 43
531 45
532 46
533 42
534 45
535 46
536 47
537 45
538 40
539 41
540 41
541 44
542 42
543 45
544 47
545 40
546 41
547 39
548 46
549 45
550 42
551 40
552 41
553 43
554 45
555 45
556 43
557 44
558 46
559 39
560 43
561 39
562 38
563 39
564 39
565 42
566 41
567 45
568 46
569 41
570 44
571 44
572 43
573 42
574 42
575 41
576 45
577 41
578 42
579 42
580 39
581 45
582 43
583 44
584 45
585 44
586 40
587 41
588 42
589 41
590 43
591 41
592 37
593 42
594 43
595 47
596 41
597 38
598 45
599 46
600 44
601 47
602 42
603 41
604 43
605 46
606 46
607 50
608 47
609 41
610 41
611 41
612 43
613 43
614 42
615 43
616 46
617 39
618 40
619 43
620 43
621 42
622 42
623 44
624 45
625 39
626 43
627 41
628 40
629 42
630 40
631 35
632 37
633 37
634 41
635 41
636 46
637 45
638 46
639 42
640 46
641 47
642 45
643 44
644 44
645 40
646 39
647 42
648 43
649 43
650 42
651 45
652 42
653 41
654 46
655 44
656 48
657 46
658 49
659 44
660 41
661 41
662 39
663 45
664 45
665 45
666 44
667 39
668 39
669 42
670 45
671 47
672 48
673 42
674 42
675 42
676 42
677 40
678 41
679 45
680 46
681 45
682 43
683 41
684 46
685 41
686 43
687 38
688 40
689 40
690 39
691 47
692 44
693 45
694 42
695 42
696 40
697 42
698 41
699 43
700 43
701 43
702 42
703 46
704 42
705 39
706 40
707 41
708 42
709 40
710 46
711 41
712 46
713 44
714 44
715 46
716 41
717 42
718 44
719 44
720 42
721 43
722 41
723 43
724 44
725 50
726 43
727 42
728 42
729 44
730 43
731 43
732 37
733 42
734 44
735 44
736 41
737 39
738 45
739 43
740 48
741 44
742 47
743 47
744 49
745 46
746 48
747 45
748 49
749 40
750 43
751 41
752 42
753 39
754 45
755 39
756 44
757 47
758 44
759 46
760 47
761 42
762 46
763 38
764 40
765 40
766 45
767 47
768 45
769 42
770 42
771 45
772 39
773 44
774 44
775 46
776 44
777 42
778 41
779 39
780 43
781 44
782 45
783 43
784 39
785 44
786 48
787 43
788 45
789 43
790 44
791 48
792 47
793 44
794 42
795 35
796 34
797 41
798 44
799 43
800 41
801 39
802 42
803 43
804 39
805 41
806 41
807 43
808 44
809 41
810 42
811 41
812 46
813 46
814 38
815 46
816 47
817 44
818 40
819 43
820 40
821 45
822 40
823 43
824 44
825 38
826 44
827 42
828 39
829 42
830 44
831 36
832 39
833 44
834 44
835 41
836 39
837 41
838 40
839 41
840 44
841 40
842 41
843 47
844 43
845 45
846 43
847 40
848 39
849 45
850 43
851 37
852 43
853 43
854 34
855 37
856 38
857 39
858 42
859 42
860 44
861 43
862 40
863 43
864 44
865 39
866 45
867 42
868 43
869 47
870 41
871 40
872 42
873 46
874 44
875 39
876 44
877 42
878 44
879 46
880 42
881 44
882 43
883 42
884 41
885 41
886 45
887 44
888 35
889 38
890 46
891 39
892 37
893 41
894 42
895 45
896 41
897 42
898 45
899 47
900 43
901 41
902 42
903 42
904 39
905 43
906 42
907 42
908 42
909 45
910 42
911 38
912 41
913 47
914 43
915 46
916 41
917 46
918 39
919 40
920 40
921 48
922 44
923 43
924 45
925 45
926 43
927 39
928 41
929 43
930 44
931 44
932 43
933 43
934 37
935 36
936 40
937 43
938 46
939 43
940 41
941 44
942 45
943 40
944 36
945 29
946 34
947 42
948 50
949 48
950 46
951 42
952 37
953 45
954 43
955 40
956 42
957 41
958 46
959 45
960 43
961 40
962 47
963 41
964 42
965 38
966 41
967 42
968 40
969 43
970 43
971 41
972 40
973 41
974 43
975 45
976 43
977 46
978 39
979 44
980 41
981 42
982 42
983 45
984 42
985 44
986 44
987 42
988 43
989 39
990 40
991 44
992 37
993 43
994 41
995 39
996 42
997 42
998 43
999 44
1000 46
