0 70
1 56
2 48
3 46
4 45
5 50
6 53
7 49
8 54
9 55
10 49
11 47
12 48
13 48
14 52
15 53
16 51
17 52
18 54
19 49
20 50
21 49
22 50
23 46
24 53
25 46
26 48
27 44
28 47
29 51
30 52
31 53
32 54
33 48
34 47
35 48
36 48
37 52
38 51
39 50
40 47
41 48
42 51
43 55
44 47
45 47
46 48
47 46
48 50
49 52
50 50
51 53
52 48
53 52
54 45
55 46
56 48
57 43
58 52
59 50
60 52
61 50
62 49
63 48
64 48
65 51
66 51
67 45
68 50
69 49
70 52
71 50
72 53
73 50
74 55
75 50
76 53
77 53
78 51
79 52
80 52
81 46
82 49
83 45
84 43
85 45
86 47
87 54
88 57
89 53
90 53
91 48
92 48
93 40
94 45
95 46
96 43
97 54
98 53
99 53
100 49
101 54
102 46
103 46
104 49
105 49
106 48
107 52
108 51
109 50
110 50
111 51
112 51
113 50
114 50
115 48
116 53
117 56
118 51
119 50
120 53
121 50
122 49
123 52
124 50
125 50
126 49
127 52
128 48
129 50
130 50
131 49
132 50
133 43
134 46
135 52
136 51
137 56
138 54
139 51
140 44
141 47
142 49
143 50
144 46
145 50
146 51
147 47
148 50
149 50
150 47
151 46
152 54
153 46
154 48
155 53
156 51
157 53
158 50
159 47
160 46
161 46
162 46
163 49
164 50
165 53
166 44
167 44
168 51
169 48
170 50
171 47
172 45
173 49
174 49
175 48
176 43
177 50
178 50
179 52
180 50
181 43
182 52
183 50
184 51
185 48
186 51
187 53
188 55
189 51
190 43
191 45
192 52
193 46
194 47
195 45
196 52
197 47
198 53
199 52
200 49
201 52
202 50
203 45
204 46
205 48
206 54
207 50
208 54
209 50
210 44
211 52
212 52
213 51
214 45
215 52
216 54
217 58
218 47
219 47
220 49
221 50
222 54
223 54
224 53
225 50
226 50
227 51
228 48
229 47
230 47
231 52
232 45
233 51
234 52
235 53
236 50
237 48
238 55
239 50
240 51
241 51
242 52
243 49
244 49
245 54
246 55
247 49
248 54
249 48
250 52
251 50
252 51
253 51
254 46
255 48
256 51
257 53
258 49
259 49
260 48
261 46
262 48
263 50
264 46
265 51
266 51
267 50
268 50
269 52
270 51
271 53
272 48
273 49
274 47
275 53
276 55
277 49
278 51
279 52
280 52
281 51
282 45
283 50
284 52
285 48
286 44
287 46
288 49
289 51
290 52
291 48
292 53
293 48
294 52
295 46
296 51
297 50
298 52
299 52
300 49
301 45
302 47
303 47
304 49
305 44
306 47
307 46
308 52
309 48
310 50
311 47
312 49
313 48
314 44
315 52
316 51
317 55
318 48
319 48
320 52
321 58
322 54
323 55
324 51
325 54
326 55
327 54
328 50
329 52
330 52
331 49
332 48
333 49
334 52
335 54
336 48
337 50
338 51
339 47
340 54
341 49
342 52
343 53
344 49
345 49
346 49
347 48
348 46
349 50
350 49
351 51
352 53
353 52
354 45
355 47
356 46
357 47
358 49
359 49
360 50
361 49
362 46
363 47
364 47
365 50
366 44
367 49
368 52
369 51
370 52
371 48
372 53
373 54
374 49
375 51
376 50
377 52
378 50
379 52
380 51
381 49
382 50
383 51
384 51
385 56
386 52
387 50
388 49
389 53
390 47
391 53
392 51
393 52
394 51
395 52
396 51
397 51
398 50
399 53
400 51
401 51
402 52
403 49
404 51
405 48
406 49
407 49
408 49
409 50
410 51
411 57
412 46
413 50
414 45
415 49
416 51
417 48
418 51
419 50
420 50
421 46
422 50
423 51
424 50
425 53
426 50
427 44
428 49
429 55
430 46
431 47
432 46
433 50
434 50
435 50
436 51
437 52
438 50
439 50
440 51
441 53
442 55
443 50
444 42
445 48
446 47
447 49
448 49
449 55
450 50
451 51
452 51
453 44
454 50
455 48
456 52
457 47
458 49
459 48
460 52
461 50
462 50
463 49
464 49
465 48
466 52
467 51
468 49
469 48
470 52
471 50
472 53
473 52
474 52
475 52
476 48
477 48
478 52
479 52
480 51
481 49
482 48
483 46
484 51
485 54
486 46
487 51
488 46
489 49
490 51
491 52
492 50
493 53
494 47
495 48
496 48
497 48
498 52
499 46
500 47
501 49
502 46
503 50
504 51
505 52
506 52
507 48
508 50
509 49
510 53
511 49
512 49
513 53
514 50
515 50
516 53
517 53
518 47
519 52
520 51
521 48
522 53
523 45
524 52
525 54
526 53
527 50
528 52
529 48
530 55
531 50
532 47
533 49
534 52
535 50
536 51
537 54
538 56
539 51
540 50
541 47
542 52
543 52
544 51
545 51
546 48
547 52
548 48
549 46
550 49
551 50
552 48
553 45
554 49
555 47
556 49
557 50
558 51
559 48
560 48
561 46
562 52
563 55
564 52
565 46
566 50
567 47
568 52
569 53
570 56
571 47
572 52
573 53
574 51
575 40
576 45
577 56
578 48
579 49
580 52
581 47
582 45
583 52
584 53
585 49
586 48
587 51
588 46
589 49
590 54
591 48
592 53
593 50
594 51
595 49
596 59
597 51
598 53
599 53
600 50
601 54
602 43
603 51
604 48
605 47
606 52
607 55
608 55
609 54
610 55
611 49
612 49
613 52
614 50
615 48
616 43
617 49
618 51
619 52
620 53
621 52
622 56
623 54
624 46
625 43
626 44
627 49
628 48
629 51
630 46
631 53
632 51
633 46
634 49
635 57
636 55
637 53
638 54
639 50
640 58
641 53
642 48
643 47
644 53
645 50
646 50
647 46
648 49
649 52
650 55
651 49
652 45
653 54
654 54
655 48
656 47
657 51
658 49
659 53
660 50
661 53
662 51
663 47
664 49
665 49
666 55
667 48
668 42
669 49
670 48
671 48
672 50
673 53
674 53
675 47
676 46
677 51
678 53
679 53
680 49
681 53
682 51
683 50
684 50
685 48
686 49
687 49
688 52
689 57
690 55
691 52
692 44
693 53
694 53
695 53
696 52
697 50
698 53
699 51
700 53
701 52
702 43
703 51
704 47
705 47
706 47
707 44
708 36
709 46
710 47
711 53
712 53
713 47
714 53
715 48
716 52
717 50
718 51
719 51
720 50
721 54
722 53
723 53
724 51
725 49
726 50
727 49
728 54
729 49
730 52
731 46
732 47
733 51
734 50
735 51
736 56
737 56
738 41
739 41
740 53
741 54
742 59
743 46
744 44
745 48
746 50
747 50
748 54
749 51
750 49
751 50
752 47
753 41
754 47
755 49
756 51
757 46
758 48
759 51
760 53
761 48
762 51
763 47
764 54
765 49
766 53
767 51
768 48
769 41
770 52
771 50
772 51
773 51
774 51
775 52
776 42
777 53
778 51
779 48
780 52
781 51
782 50
783 50
784 44
785 46
786 52
787 52
788 50
789 51
790 49
791 49
792 51
793 52
794 52
795 53
796 56
797 52
798 46
799 54
800 53
801 47
802 50
803 49
804 47
805 49
806 51
807 52
808 52
809 54
810 54
811 50
812 48
813 50
814 53
815 52
816 42
817 51
818 46
819 52
820 54
821 50
822 55
823 50
824 52
825 54
826 50
827 46
828 49
829 51
830 52
831 51
832 46
833 48
834 51
835 46
836 51
837 44
838 48
839 51
840 50
841 49
842 51
843 49
844 49
845 51
846 49
847 47
848 48
849 51
850 55
851 50
852 46
853 48
854 55
855 55
856 55
857 55
858 48
859 49
860 40
861 48
862 51
863 48
864 53
865 49
866 48
867 50
868 59
869 51
870 56
871 48
872 50
873 53
874 52
875 49
876 52
877 52
878 52
879 51
880 53
881 51
882 53
883 56
884 54
885 47
886 53
887 50
888 55
889 48
890 47
891 56
892 45
893 45
894 50
895 51
896 48
897 53
898 46
899 54
900 47
901 49
902 51
903 55
904 53
905 50
906 50
907 47
908 50
909 48
910 53
911 58
912 55
913 48
914 48
915 47
916 46
917 51
918 56
919 52
920 51
921 49
922 51
923 50
924 54
925 51
926 50
927 47
928 50
929 51
930 52
931 47
932 51
933 49
934 55
935 53
936 49
937 48
938 46
939 47
940 48
941 50
942 49
943 55
944 56
945 49
946 44
947 46
948 51
949 53
950 50
951 50
952 51
953 56
954 45
955 49
956 48
957 47
958 53
959 46
960 46
961 52
962 52
963 49
964 49
965 46
966 55
967 50
968 50
969 47
970 51
971 46
972 51
973 46
974 47
975 49
976 51
977 50
978 50
979 53
980 50
981 47
982 49
983 47
984 49
985 47
986 52
987 48
988 49
989 46
990 51
991 54
992 49
993 48
994 54
995 48
996 50
997 43
998 50
999 52
1000 49
