0 5
1 5
2 5
3 5
4 5
5 4
6 4
7 4
8 4
9 4
10 3
11 3
12 4
13 3
14 3
15 3
16 3
17 3
18 3
19 3
20 3
21 3
22 3
23 3
24 2
25 3
26 2
27 2
28 2
29 3
30 2
31 2
32 2
33 3
34 3
35 2
36 2
37 2
38 2
39 2
40 2
41 2
42 2
43 2
44 2
45 2
46 2
47 2
48 3
49 3
50 3
51 3
52 3
53 2
54 2
55 3
56 4
57 4
58 4
59 3
60 3
61 3
62 3
63 3
64 3
65 3
66 3
67 3
68 4
69 4
70 3
71 2
72 1
73 2
74 3
75 3
76 3
77 3
78 3
79 3
80 2
81 2
82 2
83 2
84 3
85 3
86 3
87 3
88 4
89 4
90 3
91 2
92 3
93 3
94 2
95 2
96 2
97 3
98 3
99 2
100 2
101 2
102 3
103 3
104 3
105 3
106 3
107 2
108 2
109 3
110 4
111 4
112 3
113 3
114 3
115 3
116 3
117 3
118 3
119 3
120 2
121 2
122 2
123 3
124 3
125 3
126 4
127 3
128 1
129 2
130 1
131 2
132 3
133 3
134 3
135 3
136 3
137 3
138 2
139 2
140 3
141 3
142 3
143 3
144 3
145 3
146 3
147 3
148 3
149 2
150 2
151 3
152 3
153 4
154 4
155 4
156 3
157 3
158 3
159 3
160 3
161 3
162 3
163 4
164 3
165 3
166 1
167 2
168 3
169 3
170 1
171 1
172 3
173 2
174 2
175 2
176 2
177 2
178 2
179 1
180 1
181 1
182 2
183 2
184 2
185 1
186 2
187 2
188 2
189 2
190 2
191 1
192 1
193 1
194 2
195 2
196 2
197 2
198 1
199 1
200 2
201 2
202 3
203 3
204 3
205 1
206 2
207 2
208 1
209 0
210 0
211 1
212 1
213 2
214 2
215 3
216 3
217 3
218 2
219 1
220 1
221 1
222 1
223 0
224 0
225 0
226 0
227 0
228 1
229 2
230 3
231 4
232 3
233 3
234 2
235 2
236 1
237 2
238 2
239 3
240 4
241 3
242 3
243 2
244 2
245 2
246 2
247 1
248 1
249 1
250 1
251 2
252 1
253 1
254 1
255 1
256 1
257 2
258 3
259 2
260 2
261 3
262 4
263 3
264 3
265 3
266 3
267 3
268 2
269 2
270 2
271 2
272 2
273 2
274 2
275 3
276 3
277 3
278 3
279 3
280 2
281 2
282 2
283 2
284 1
285 1
286 2
287 2
288 2
289 3
290 2
291 2
292 3
293 3
294 3
295 3
296 2
297 2
298 2
299 2
300 1
301 2
302 4
303 4
304 3
305 3
306 3
307 2
308 3
309 2
310 2
311 3
312 3
313 3
314 3
315 3
316 3
317 2
318 4
319 4
320 4
321 4
322 4
323 3
324 3
325 2
326 1
327 2
328 1
329 2
330 1
331 1
332 1
333 1
334 1
335 1
336 2
337 2
338 2
339 2
340 2
341 1
342 1
343 1
344 1
345 0
346 1
347 1
348 1
349 2
350 2
351 2
352 2
353 3
354 3
355 3
356 4
357 4
358 4
359 4
360 4
361 4
362 4
363 4
364 4
365 3
366 3
367 3
368 4
369 3
370 2
371 1
372 2
373 3
374 2
375 2
376 2
377 1
378 1
379 1
380 1
381 1
382 1
383 1
384 2
385 2
386 2
387 2
388 2
389 3
390 2
391 2
392 4
393 2
394 2
395 2
396 3
397 3
398 4
399 4
400 4
401 4
402 4
403 3
404 2
405 3
406 2
407 2
408 3
409 3
410 4
411 4
412 2
413 2
414 2
415 2
416 3
417 3
418 1
419 1
420 2
421 3
422 2
423 3
424 3
425 3
426 3
427 3
428 4
429 4
430 4
431 4
432 4
433 4
434 3
435 3
436 3
437 3
438 3
439 2
440 2
441 2
442 2
443 2
444 4
445 4
446 4
447 4
448 3
449 3
450 2
451 3
452 2
453 2
454 3
455 2
456 2
457 2
458 2
459 2
460 4
461 4
462 4
463 3
464 2
465 3
466 2
467 1
468 2
469 1
470 1
471 1
472 0
473 1
474 1
475 1
476 2
477 3
478 3
479 4
480 4
481 4
482 4
483 4
484 4
485 4
486 4
487 3
488 3
489 3
490 2
491 2
492 4
493 4
494 3
495 4
496 4
497 4
498 3
499 3
500 3
501 2
502 2
503 2
504 2
505 3
506 3
507 2
508 1
509 1
510 0
511 1
512 2
513 2
514 2
515 2
516 1
517 1
518 1
519 1
520 1
521 2
522 2
523 2
524 3
525 3
526 3
527 2
528 1
529 1
530 2
531 2
532 3
533 3
534 3
535 3
536 2
537 1
538 1
539 1
540 1
541 2
542 2
543 2
544 2
545 2
546 3
547 3
548 3
549 3
550 3
551 3
552 2
553 3
554 3
555 4
556 3
557 3
558 3
559 3
560 3
561 3
562 3
563 2
564 2
565 2
566 1
567 2
568 3
569 2
570 1
571 1
572 1
573 2
574 3
575 3
576 3
577 2
578 2
579 2
580 2
581 2
582 2
583 2
584 2
585 2
586 3
587 3
588 3
589 2
590 2
591 2
592 2
593 2
594 2
595 2
596 1
597 2
598 1
599 2
600 2
601 2
602 3
603 3
604 3
605 3
606 3
607 4
608 3
609 4
610 4
611 4
612 4
613 4
614 3
615 2
616 1
617 1
618 2
619 3
620 3
621 3
622 3
623 3
624 2
625 2
626 2
627 3
628 2
629 1
630 1
631 2
632 2
633 2
634 1
635 2
636 1
637 1
638 2
639 3
640 2
641 2
642 3
643 2
644 2
645 2
646 2
647 3
648 2
649 2
650 1
651 1
652 2
653 3
654 2
655 3
656 3
657 3
658 3
659 3
660 3
661 3
662 2
663 2
664 3
665 3
666 3
667 3
668 4
669 4
670 4
671 4
672 4
673 2
674 2
675 2
676 2
677 2
678 2
679 3
680 3
681 3
682 3
683 3
684 3
685 2
686 2
687 2
688 2
689 2
690 2
691 1
692 1
693 0
694 0
695 0
696 1
697 1
698 1
699 0
700 0
701 1
702 3
703 3
704 3
705 3
706 3
707 3
708 3
709 3
710 3
711 3
712 4
713 3
714 4
715 4
716 4
717 4
718 4
719 4
720 3
721 4
722 3
723 2
724 2
725 2
726 2
727 3
728 3
729 3
730 3
731 3
732 3
733 4
734 3
735 2
736 2
737 1
738 0
739 1
740 2
741 2
742 2
743 2
744 3
745 2
746 3
747 3
748 4
749 4
750 4
751 4
752 3
753 2
754 2
755 1
756 2
757 2
758 2
759 2
760 2
761 2
762 1
763 2
764 2
765 2
766 2
767 3
768 2
769 2
770 2
771 2
772 3
773 3
774 2
775 2
776 2
777 2
778 2
779 2
780 2
781 1
782 1
783 2
784 2
785 2
786 2
787 2
788 3
789 2
790 3
791 2
792 2
793 2
794 2
795 4
796 3
797 3
798 3
799 3
800 3
801 2
802 2
803 2
804 2
805 2
806 2
807 3
808 2
809 1
810 2
811 2
812 2
813 2
814 2
815 2
816 3
817 3
818 3
819 3
820 4
821 4
822 4
823 4
824 4
825 4
826 3
827 3
828 4
829 4
830 5
831 5
832 4
833 3
834 2
835 2
836 2
837 2
838 3
839 3
840 2
841 2
842 2
843 2
844 1
845 2
846 2
847 2
848 2
849 2
850 2
851 1
852 1
853 2
854 2
855 2
856 2
857 2
858 3
859 2
860 2
861 1
862 2
863 2
864 2
865 3
866 4
867 4
868 2
869 3
870 2
871 2
872 3
873 3
874 4
875 4
876 4
877 3
878 3
879 3
880 2
881 1
882 1
883 1
884 1
885 1
886 1
887 1
888 1
889 2
890 2
891 2
892 2
893 2
894 2
895 2
896 3
897 3
898 4
899 4
900 4
901 3
902 3
903 3
904 3
905 3
906 3
907 4
908 3
909 3
910 3
911 3
912 3
913 2
914 2
915 3
916 3
917 3
918 3
919 3
920 4
921 5
922 4
923 4
924 4
925 4
926 3
927 3
928 2
929 2
930 2
931 1
932 1
933 1
934 1
935 1
936 1
937 1
938 0
939 0
940 1
941 2
942 2
943 2
944 3
945 3
946 3
947 3
948 3
949 3
950 3
951 2
952 2
953 2
954 1
955 1
956 3
957 3
958 2
959 2
960 2
961 2
962 1
963 1
964 2
965 3
966 3
967 2
968 1
969 1
970 1
971 1
972 1
973 1
974 1
975 1
976 2
977 2
978 2
979 3
980 3
981 3
982 2
983 2
984 2
985 2
986 1
987 1
988 1
989 2
990 2
991 3
992 3
993 2
994 1
995 2
996 2
997 2
998 2
999 3
1000 2
