0 60
1 42
2 43
3 38
4 37
5 43
6 42
7 39
8 42
9 41
10 36
11 39
12 39
13 38
14 44
15 39
16 39
17 39
18 40
19 36
20 39
21 44
22 41
23 41
24 39
25 39
26 42
27 41
28 40
29 36
30 40
31 42
32 43
33 38
34 40
35 41
36 36
37 40
38 42
39 38
40 39
41 40
42 41
43 43
44 40
45 39
46 44
47 40
48 40
49 37
50 40
51 39
52 39
53 36
54 38
55 39
56 42
57 42
58 41
59 40
60 42
61 40
62 38
63 41
64 34
65 42
66 40
67 39
68 37
69 40
70 41
71 38
72 41
73 36
74 42
75 39
76 41
77 39
78 37
79 43
80 41
81 37
82 42
83 38
84 39
85 41
86 40
87 41
88 41
89 39
90 43
91 38
92 44
93 39
94 40
95 41
96 43
97 41
98 41
99 38
100 40
101 45
102 42
103 40
104 42
105 39
106 37
107 41
108 41
109 38
110 42
111 38
112 39
113 40
114 38
115 42
116 42
117 41
118 42
119 38
120 42
121 40
122 40
123 38
124 40
125 41
126 40
127 41
128 42
129 41
130 43
131 37
132 43
133 39
134 41
135 42
136 39
137 39
138 39
139 35
140 40
141 42
142 42
143 39
144 45
145 42
146 42
147 41
148 37
149 37
150 41
151 40
152 42
153 40
154 42
155 40
156 40
157 38
158 42
159 39
160 44
161 37
162 41
163 43
164 41
165 41
166 43
167 41
168 39
169 43
170 39
171 40
172 41
173 40
174 38
175 40
176 38
177 40
178 40
179 40
180 41
181 40
182 42
183 39
184 38
185 40
186 39
187 40
188 39
189 38
190 42
191 42
192 39
193 38
194 40
195 45
196 43
197 38
198 40
199 41
200 37
201 38
202 42
203 39
204 38
205 37
206 36
207 40
208 37
209 39
210 44
211 38
212 42
213 39
214 41
215 39
216 40
217 37
218 40
219 39
220 39
221 41
222 41
223 41
224 39
225 41
226 41
227 41
228 38
229 40
230 42
231 43
232 37
233 36
234 40
235 36
236 33
237 41
238 40
239 38
240 36
241 35
242 37
243 39
244 40
245 38
246 39
247 37
248 42
249 40
250 40
251 34
252 38
253 39
254 39
255 40
256 41
257 42
258 41
259 34
260 37
261 41
262 43
263 41
264 38
265 43
266 41
267 37
268 35
269 39
270 44
271 40
272 42
273 35
274 41
275 44
276 39
277 40
278 44
279 41
280 39
281 42
282 41
283 43
284 39
285 41
286 43
287 39
288 41
289 36
290 42
291 39
292 42
293 39
294 41
295 42
296 38
297 42
298 42
299 37
300 38
301 42
302 41
303 38
304 42
305 37
306 42
307 43
308 40
309 40
310 39
311 41
312 41
313 42
314 40
315 42
316 40
317 42
318 36
319 42
320 39
321 42
322 40
323 41
324 41
325 43
326 38
327 40
328 39
329 39
330 38
331 38
332 39
333 39
334 39
335 43
336 40
337 38
338 42
339 44
340 40
341 34
342 37
343 42
344 39
345 42
346 38
347 40
348 42
349 44
350 39
351 42
352 39
353 41
354 41
355 35
356 40
357 42
358 40
359 39
360 40
361 40
362 45
363 40
364 38
365 43
366 42
367 41
368 37
369 41
370 40
371 39
372 38
373 38
374 42
375 40
376 43
377 39
378 38
379 40
380 43
381 39
382 42
383 39
384 40
385 44
386 39
387 39
388 39
389 41
390 42
391 40
392 39
393 42
394 41
395 41
396 42
397 44
398 39
399 38
400 41
401 35
402 39
403 41
404 42
405 40
406 38
407 41
408 41
409 42
410 37
411 41
412 41
413 40
414 39
415 39
416 41
417 42
418 39
419 41
420 43
421 41
422 39
423 37
424 42
425 43
426 41
427 41
428 39
429 44
430 39
431 39
432 41
433 44
434 36
435 42
436 38
437 38
438 35
439 37
440 39
441 41
442 38
443 43
444 35
445 42
446 38
447 38
448 38
449 40
450 39
451 37
452 40
453 41
454 38
455 40
456 43
457 42
458 40
459 40
460 39
461 36
462 41
463 37
464 37
465 41
466 41
467 40
468 41
469 38
470 40
471 39
472 38
473 41
474 38
475 35
476 38
477 31
478 40
479 41
480 42
481 43
482 35
483 41
484 40
485 40
486 38
487 40
488 39
489 44
490 39
491 43
492 43
493 40
494 38
495 40
496 43
497 43
498 41
499 40
500 45
501 41
502 43
503 37
504 41
505 37
506 39
507 38
508 35
509 39
510 40
511 40
512 39
513 39
514 39
515 39
516 40
517 41
518 41
519 42
520 41
521 41
522 41
523 37
524 40
525 36
526 41
527 34
528 41
529 37
530 40
531 40
532 35
533 42
534 35
535 43
536 40
537 44
538 35
539 40
540 42
541 42
542 39
543 42
544 41
545 42
546 39
547 42
548 39
549 44
550 40
551 37
552 41
553 41
554 41
555 37
556 35
557 41
558 39
559 41
560 40
561 39
562 39
563 40
564 37
565 41
566 40
567 37
568 39
569 42
570 41
571 41
572 40
573 42
574 40
575 41
576 41
577 44
578 40
579 38
580 42
581 44
582 35
583 40
584 39
585 39
586 38
587 39
588 41
589 42
590 40
591 40
592 40
593 40
594 41
595 39
596 41
597 38
598 40
599 41
600 42
601 39
602 40
603 41
604 39
605 39
606 42
607 39
608 40
609 43
610 42
611 36
612 42
613 42
614 39
615 40
616 42
617 35
618 43
619 39
620 44
621 42
622 40
623 38
624 43
625 40
626 43
627 39
628 40
629 39
630 42
631 38
632 42
633 39
634 39
635 40
636 41
637 41
638 39
639 41
640 40
641 42
642 35
643 39
644 42
645 39
646 41
647 46
648 42
649 39
650 42
651 42
652 38
653 43
654 36
655 37
656 42
657 43
658 41
659 38
660 38
661 36
662 42
663 43
664 41
665 39
666 36
667 41
668 41
669 42
670 39
671 39
672 35
673 41
674 41
675 41
676 41
677 42
678 40
679 44
680 42
681 42
682 43
683 42
684 39
685 44
686 42
687 43
688 42
689 40
690 39
691 40
692 38
693 39
694 36
695 41
696 39
697 40
698 39
699 40
700 38
701 43
702 43
703 40
704 34
705 43
706 39
707 42
708 41
709 38
710 39
711 40
712 40
713 38
714 41
715 42
716 42
717 40
718 42
719 39
720 42
721 42
722 35
723 41
724 39
725 40
726 38
727 39
728 36
729 41
730 40
731 43
732 40
733 43
734 42
735 39
736 39
737 42
738 42
739 42
740 39
741 41
742 42
743 42
744 42
745 41
746 42
747 33
748 36
749 41
750 42
751 40
752 41
753 43
754 41
755 40
756 40
757 37
758 39
759 42
760 41
761 37
762 41
763 39
764 43
765 38
766 41
767 35
768 40
769 43
770 39
771 39
772 39
773 42
774 39
775 44
776 40
777 38
778 43
779 36
780 42
781 39
782 42
783 43
784 36
785 39
786 40
787 40
788 42
789 37
790 44
791 42
792 40
793 37
794 39
795 37
796 42
797 40
798 41
799 33
800 39
801 39
802 42
803 37
804 42
805 39
806 40
807 40
808 40
809 42
810 41
811 37
812 41
813 40
814 38
815 41
816 43
817 39
818 42
819 42
820 37
821 43
822 38
823 40
824 38
825 42
826 38
827 42
828 42
829 40
830 42
831 41
832 44
833 39
834 39
835 38
836 38
837 43
838 42
839 42
840 38
841 42
842 39
843 34
844 43
845 37
846 42
847 40
848 38
849 41
850 41
851 42
852 38
853 44
854 42
855 42
856 41
857 38
858 39
859 41
860 41
861 38
862 40
863 38
864 41
865 43
866 40
867 42
868 40
869 42
870 41
871 40
872 38
873 39
874 42
875 39
876 36
877 40
878 40
879 39
880 40
881 39
882 40
883 36
884 43
885 40
886 40
887 39
888 39
889 41
890 41
891 40
892 37
893 40
894 41
895 41
896 40
897 41
898 38
899 44
900 39
901 38
902 43
903 39
904 39
905 40
906 36
907 39
908 42
909 38
910 42
911 38
912 40
913 41
914 44
915 41
916 37
917 39
918 43
919 43
920 40
921 40
922 41
923 40
924 39
925 42
926 40
927 38
928 42
929 43
930 41
931 37
932 41
933 41
934 42
935 38
936 42
937 39
938 41
939 42
940 42
941 41
942 41
943 37
944 37
945 40
946 37
947 43
948 41
949 40
950 37
951 43
952 40
953 39
954 41
955 41
956 39
957 39
958 41
959 33
960 42
961 41
962 42
963 41
964 39
965 42
966 42
967 38
968 40
969 38
970 41
971 46
972 42
973 36
974 43
975 40
976 43
977 43
978 42
979 38
980 35
981 42
982 41
983 39
984 39
985 42
986 42
987 42
988 40
989 42
990 41
991 42
992 43
993 42
994 42
995 41
996 43
997 43
998 41
999 36
1000 35
