0 15
1 14
2 12
3 12
4 11
5 9
6 10
7 9
8 9
9 7
10 7
11 5
12 6
13 5
14 5
15 4
16 4
17 5
18 5
19 5
20 5
21 5
22 6
23 6
24 7
25 8
26 8
27 8
28 9
29 9
30 9
31 10
32 9
33 7
34 7
35 7
36 8
37 7
38 7
39 8
40 7
41 7
42 7
43 8
44 8
45 9
46 9
47 8
48 7
49 7
50 7
51 6
52 6
53 5
54 5
55 5
56 7
57 8
58 6
59 5
60 6
61 7
62 7
63 8
64 7
65 7
66 7
67 6
68 6
69 7
70 8
71 7
72 8
73 7
74 6
75 8
76 9
77 9
78 8
79 7
80 7
81 7
82 7
83 7
84 7
85 7
86 7
87 7
88 7
89 7
90 7
91 7
92 7
93 7
94 6
95 8
96 7
97 8
98 8
99 7
100 8
101 7
102 7
103 7
104 7
105 7
106 8
107 8
108 7
109 6
110 6
111 6
112 7
113 6
114 5
115 5
116 6
117 5
118 5
119 4
120 5
121 5
122 5
123 5
124 6
125 5
126 5
127 4
128 5
129 5
130 4
131 4
132 5
133 5
134 7
135 8
136 7
137 6
138 6
139 8
140 7
141 8
142 8
143 6
144 6
145 5
146 7
147 8
148 8
149 7
150 8
151 7
152 7
153 7
154 8
155 7
156 8
157 8
158 8
159 9
160 10
161 9
162 9
163 8
164 7
165 7
166 6
167 6
168 8
169 8
170 7
171 7
172 8
173 7
174 6
175 7
176 7
177 7
178 7
179 7
180 7
181 6
182 7
183 6
184 7
185 7
186 7
187 7
188 4
189 5
190 4
191 5
192 5
193 6
194 6
195 7
196 7
197 7
198 7
199 7
200 8
201 8
202 8
203 7
204 7
205 7
206 8
207 9
208 9
209 9
210 8
211 7
212 5
213 6
214 5
215 5
216 6
217 5
218 7
219 7
220 7
221 8
222 7
223 6
224 6
225 5
226 6
227 6
228 6
229 7
230 7
231 6
232 6
233 5
234 6
235 6
236 7
237 6
238 6
239 7
240 6
241 7
242 7
243 7
244 6
245 7
246 6
247 7
248 8
249 8
250 6
251 6
252 5
253 6
254 6
255 5
256 6
257 6
258 7
259 8
260 8
261 7
262 8
263 7
264 7
265 8
266 7
267 6
268 6
269 7
270 6
271 5
272 4
273 5
274 5
275 3
276 4
277 4
278 5
279 5
280 7
281 7
282 8
283 8
284 7
285 6
286 6
287 6
288 6
289 7
290 6
291 7
292 6
293 5
294 6
295 8
296 7
297 9
298 8
299 9
300 8
301 10
302 10
303 9
304 8
305 7
306 7
307 7
308 7
309 8
310 8
311 6
312 6
313 7
314 6
315 4
316 4
317 4
318 4
319 4
320 4
321 4
322 4
323 7
324 7
325 7
326 8
327 8
328 8
329 8
330 7
331 6
332 5
333 6
334 8
335 9
336 9
337 8
338 8
339 7
340 7
341 6
342 8
343 8
344 8
345 9
346 9
347 9
348 9
349 8
350 8
351 8
352 7
353 7
354 7
355 7
356 8
357 5
358 6
359 5
360 6
361 6
362 7
363 7
364 7
365 4
366 4
367 6
368 6
369 7
370 7
371 7
372 8
373 9
374 9
375 10
376 9
377 7
378 7
379 7
380 7
381 7
382 8
383 7
384 6
385 6
386 6
387 6
388 6
389 6
390 7
391 7
392 6
393 6
394 7
395 7
396 7
397 7
398 6
399 5
400 6
401 6
402 8
403 8
404 8
405 9
406 8
407 7
408 7
409 5
410 6
411 5
412 6
413 7
414 7
415 8
416 7
417 7
418 7
419 7
420 7
421 7
422 6
423 5
424 5
425 6
426 6
427 5
428 6
429 5
430 6
431 7
432 7
433 7
434 6
435 5
436 4
437 5
438 6
439 6
440 6
441 6
442 7
443 6
444 5
445 7
446 7
447 8
448 8
449 7
450 7
451 8
452 8
453 8
454 8
455 8
456 8
457 8
458 6
459 7
460 7
461 6
462 6
463 7
464 7
465 6
466 6
467 7
468 8
469 7
470 7
471 7
472 8
473 7
474 7
475 7
476 6
477 6
478 6
479 6
480 6
481 6
482 6
483 4
484 4
485 4
486 4
487 5
488 6
489 5
490 5
491 4
492 5
493 4
494 5
495 5
496 5
497 6
498 5
499 6
500 5
501 5
502 6
503 6
504 4
505 5
506 5
507 5
508 7
509 8
510 8
511 7
512 8
513 9
514 8
515 7
516 8
517 8
518 7
519 6
520 6
521 6
522 6
523 6
524 6
525 7
526 6
527 6
528 6
529 7
530 7
531 6
532 7
533 8
534 8
535 10
536 9
537 8
538 9
539 9
540 8
541 7
542 8
543 7
544 6
545 6
546 5
547 5
548 5
549 4
550 5
551 4
552 4
553 3
554 4
555 5
556 6
557 7
558 7
559 7
560 6
561 7
562 7
563 6
564 6
565 6
566 5
567 5
568 4
569 6
570 7
571 7
572 7
573 7
574 7
575 9
576 7
577 7
578 7
579 6
580 7
581 6
582 5
583 5
584 5
585 6
586 7
587 8
588 8
589 8
590 8
591 8
592 7
593 6
594 7
595 7
596 6
597 5
598 6
599 5
600 6
601 7
602 8
603 8
604 8
605 8
606 6
607 7
608 8
609 8
610 7
611 6
612 6
613 6
614 7
615 6
616 5
617 4
618 4
619 5
620 6
621 6
622 6
623 6
624 7
625 8
626 7
627 5
628 4
629 5
630 7
631 8
632 8
633 9
634 7
635 5
636 5
637 5
638 6
639 5
640 4
641 4
642 4
643 5
644 4
645 4
646 3
647 4
648 3
649 4
650 4
651 5
652 5
653 6
654 6
655 6
656 8
657 9
658 10
659 11
660 10
661 10
662 9
663 9
664 9
665 8
666 8
667 7
668 7
669 7
670 5
671 6
672 6
673 6
674 7
675 7
676 7
677 5
678 4
679 4
680 6
681 6
682 7
683 7
684 7
685 7
686 7
687 7
688 7
689 6
690 6
691 7
692 7
693 6
694 6
695 7
696 7
697 7
698 7
699 6
700 6
701 5
702 5
703 5
704 6
705 5
706 6
707 6
708 6
709 5
710 7
711 8
712 6
713 5
714 6
715 6
716 6
717 7
718 5
719 5
720 6
721 7
722 7
723 7
724 6
725 6
726 5
727 5
728 7
729 6
730 8
731 8
732 8
733 7
734 8
735 7
736 6
737 6
738 8
739 8
740 8
741 9
742 9
743 8
744 9
745 8
746 7
747 8
748 9
749 8
750 7
751 8
752 6
753 6
754 4
755 5
756 6
757 6
758 6
759 5
760 5
761 4
762 5
763 4
764 6
765 7
766 6
767 6
768 6
769 5
770 5
771 3
772 4
773 5
774 5
775 6
776 7
777 8
778 9
779 9
780 9
781 9
782 7
783 9
784 9
785 9
786 10
787 9
788 7
789 8
790 9
791 8
792 6
793 6
794 6
795 7
796 5
797 7
798 9
799 8
800 8
801 8
802 7
803 7
804 7
805 7
806 8
807 6
808 5
809 7
810 7
811 8
812 7
813 7
814 7
815 8
816 9
817 7
818 6
819 5
820 5
821 6
822 5
823 5
824 6
825 6
826 6
827 7
828 7
829 7
830 7
831 7
832 7
833 6
834 5
835 5
836 5
837 4
838 5
839 6
840 6
841 6
842 6
843 6
844 7
845 6
846 7
847 7
848 7
849 7
850 6
851 7
852 8
853 7
854 8
855 8
856 7
857 8
858 9
859 8
860 7
861 8
862 7
863 8
864 7
865 8
866 5
867 6
868 5
869 5
870 5
871 6
872 8
873 8
874 7
875 7
876 7
877 7
878 6
879 6
880 6
881 6
882 6
883 4
884 4
885 5
886 5
887 5
888 5
889 6
890 5
891 4
892 4
893 5
894 6
895 5
896 4
897 5
898 5
899 5
900 6
901 7
902 7
903 8
904 9
905 9
906 9
907 9
908 9
909 8
910 9
911 9
912 8
913 7
914 7
915 6
916 6
917 4
918 5
919 5
920 7
921 7
922 8
923 8
924 7
925 7
926 7
927 8
928 8
929 8
930 8
931 9
932 8
933 8
934 8
935 6
936 6
937 6
938 6
939 6
940 7
941 8
942 8
943 8
944 7
945 7
946 7
947 6
948 7
949 6
950 6
951 7
952 7
953 7
954 5
955 8
956 7
957 7
958 7
959 7
960 7
961 8
962 10
963 9
964 8
965 7
966 6
967 6
968 6
969 7
970 8
971 7
972 7
973 8
974 8
975 8
976 9
977 7
978 8
979 6
980 6
981 7
982 8
983 8
984 8
985 9
986 8
987 8
988 7
989 6
990 6
991 7
992 6
993 5
994 5
995 7
996 8
997 8
998 8
999 8
1000 9
