0 45
1 36
2 32
3 34
4 34
5 33
6 36
7 36
8 34
9 32
10 27
11 31
12 30
13 35
14 32
15 30
16 32
17 34
18 35
19 30
20 33
21 34
22 33
23 33
24 36
25 31
26 31
27 31
28 30
29 30
30 31
31 32
32 33
33 30
34 28
35 34
36 32
37 29
38 33
39 30
40 32
41 33
42 31
43 32
44 34
45 28
46 33
47 30
48 29
49 27
50 29
51 29
52 31
53 28
54 32
55 31
56 35
57 33
58 31
59 33
60 33
61 31
62 28
63 28
64 32
65 34
66 31
67 33
68 30
69 29
70 32
71 33
72 32
73 32
74 31
75 34
76 34
77 32
78 29
79 31
80 32
81 36
82 34
83 35
84 33
85 32
86 30
87 33
88 33
89 30
90 27
91 28
92 25
93 29
94 24
95 28
96 30
97 34
98 31
99 28
100 27
101 29
102 30
103 32
104 25
105 29
106 30
107 29
108 29
109 34
110 33
111 36
112 34
113 32
114 34
115 33
116 33
117 35
118 32
119 31
120 30
121 30
122 35
123 36
124 32
125 32
126 28
127 35
128 33
129 34
130 34
131 30
132 32
133 34
134 31
135 32
136 31
137 33
138 28
139 32
140 35
141 34
142 30
143 29
144 31
145 31
146 30
147 33
148 37
149 36
150 38
151 31
152 30
153 32
154 33
155 32
156 31
157 34
158 28
159 29
160 30
161 28
162 28
163 29
164 34
165 29
166 32
167 36
168 34
169 32
170 29
171 33
172 35
173 34
174 33
175 33
176 33
177 36
178 33
179 33
180 32
181 32
182 33
183 32
184 32
185 31
186 29
187 30
188 30
189 31
190 32
191 33
192 25
193 32
194 29
195 30
196 33
197 31
198 27
199 28
200 31
201 32
202 36
203 32
204 32
205 32
206 30
207 31
208 31
209 28
210 33
211 32
212 32
213 32
214 34
215 36
216 35
217 34
218 34
219 27
220 33
221 34
222 29
223 29
224 28
225 27
226 30
227 32
228 30
229 24
230 32
231 32
232 34
233 33
234 30
235 31
236 34
237 33
238 33
239 35
240 33
241 31
242 27
243 28
244 27
245 30
246 29
247 31
248 31
249 27
250 33
251 36
252 31
253 32
254 32
255 27
256 34
257 32
258 30
259 29
260 30
261 32
262 32
263 32
264 27
265 33
266 35
267 30
268 28
269 28
270 29
271 30
272 31
273 28
274 29
275 31
276 31
277 34
278 33
279 32
280 32
281 34
282 36
283 27
284 28
285 28
286 29
287 26
288 30
289 32
290 31
291 31
292 26
293 29
294 31
295 36
296 31
297 32
298 33
299 33
300 34
301 34
302 31
303 29
304 31
305 34
306 31
307 35
308 34
309 29
310 33
311 34
312 36
313 32
314 28
315 28
316 28
317 29
318 34
319 32
320 31
321 33
322 31
323 36
324 33
325 32
326 32
327 33
328 30
329 33
330 32
331 30
332 30
333 31
334 33
335 32
336 31
337 31
338 34
339 31
340 35
341 35
342 32
343 28
344 26
345 28
346 32
347 32
348 31
349 32
350 26
351 27
352 28
353 28
354 27
355 30
356 26
357 30
358 34
359 29
360 31
361 31
362 27
363 29
364 29
365 25
366 29
367 33
368 31
369 27
370 31
371 30
372 31
373 28
374 28
375 29
376 30
377 31
378 32
379 31
380 31
381 29
382 29
383 26
384 29
385 31
386 33
387 31
388 35
389 34
390 32
391 35
392 33
393 33
394 33
395 37
396 35
397 30
398 30
399 32
400 33
401 32
402 35
403 30
404 28
405 34
406 29
407 33
408 35
409 30
410 32
411 28
412 27
413 32
414 34
415 31
416 32
417 27
418 28
419 29
420 31
421 33
422 31
423 33
424 29
425 30
426 34
427 35
428 36
429 30
430 32
431 34
432 30
433 27
434 31
435 29
436 30
437 32
438 30
439 33
440 30
441 29
442 30
443 29
444 33
445 30
446 31
447 31
448 31
449 32
450 30
451 31
452 30
453 31
454 23
455 30
456 33
457 34
458 34
459 28
460 31
461 31
462 30
463 30
464 32
465 31
466 30
467 30
468 32
469 32
470 34
471 36
472 36
473 28
474 29
475 28
476 29
477 29
478 30
479 32
480 35
481 28
482 30
483 32
484 31
485 29
486 31
487 31
488 33
489 38
490 32
491 29
492 29
493 30
494 33
495 33
496 32
497 32
498 29
499 32
500 32
501 32
502 34
503 33
504 33
505 31
506 36
507 35
508 33
509 29
510 31
511 31
512 32
513 30
514 25
515 28
516 27
517 31
518 30
519 31
520 35
521 34
522 35
523 31
524 31
525 29
526 26
527 23
528 30
529 27
530 31
531 29
532 29
533 33
534 28
535 34
536 33
537 34
538 30
539 30
540 30
541 28
542 29
543 33
544 34
545 35
546 37
547 35
548 31
549 33
550 36
551 33
552 30
553 31
554 31
555 34
556 32
557 28
558 31
559 29
560 28
561 27
562 32
563 30
564 26
565 25
566 31
567 29
568 29
569 28
570 30
571 29
572 30
573 33
574 33
575 32
576 33
577 34
578 29
579 32
580 36
581 34
582 35
583 35
584 33
585 32
586 30
587 31
588 31
589 31
590 32
591 32
592 31
593 29
594 29
595 30
596 34
597 30
598 32
599 35
600 30
601 35
602 34
603 34
604 34
605 28
606 34
607 32
608 36
609 31
610 35
611 35
612 30
613 31
614 31
615 33
616 29
617 32
618 26
619 30
620 31
621 32
622 33
623 34
624 31
625 29
626 34
627 33
628 27
629 29
630 29
631 30
632 31
633 30
634 32
635 30
636 26
637 28
638 29
639 31
640 35
641 35
642 32
643 31
644 32
645 33
646 30
647 28
648 28
649 28
650 29
651 33
652 33
653 34
654 34
655 31
656 31
657 36
658 28
659 30
660 30
661 34
662 39
663 37
664 35
665 33
666 32
667 33
668 33
669 33
670 29
671 33
672 37
673 34
674 31
675 29
676 26
677 33
678 33
679 29
680 30
681 30
682 32
683 30
684 28
685 29
686 32
687 33
688 35
689 31
690 31
691 29
692 32
693 32
694 30
695 29
696 31
697 29
698 32
699 31
700 33
701 26
702 28
703 30
704 32
705 28
706 31
707 31
708 34
709 35
710 32
711 31
712 31
713 31
714 29
715 32
716 32
717 36
718 31
719 33
720 30
721 32
722 33
723 28
724 33
725 34
726 33
727 37
728 37
729 27
730 29
731 32
732 30
733 28
734 33
735 31
736 33
737 26
738 28
739 29
740 32
741 31
742 32
743 33
744 35
745 32
746 31
747 29
748 27
749 30
750 27
751 30
752 31
753 32
754 32
755 29
756 33
757 27
758 27
759 32
760 29
761 35
762 36
763 34
764 30
765 34
766 29
767 30
768 31
769 33
770 31
771 26
772 30
773 24
774 31
775 29
776 28
777 32
778 32
779 30
780 31
781 29
782 31
783 31
784 28
785 28
786 31
787 33
788 32
789 30
790 29
791 28
792 33
793 34
794 30
795 32
796 32
797 30
798 31
799 34
800 37
801 34
802 36
803 32
804 30
805 33
806 34
807 30
808 32
809 32
810 32
811 30
812 34
813 30
814 31
815 34
816 34
817 35
818 31
819 29
820 31
821 34
822 34
823 33
824 30
825 31
826 32
827 30
828 29
829 30
830 33
831 30
832 31
833 32
834 31
835 33
836 33
837 32
838 30
839 28
840 32
841 34
842 34
843 33
844 28
845 33
846 29
847 37
848 32
849 29
850 26
851 33
852 30
853 30
854 33
855 31
856 33
857 32
858 34
859 31
860 31
861 28
862 33
863 32
864 33
865 33
866 27
867 31
868 32
869 31
870 27
871 32
872 30
873 27
874 29
875 36
876 33
877 30
878 33
879 31
880 30
881 30
882 30
883 31
884 31
885 32
886 26
887 32
888 32
889 35
890 34
891 34
892 31
893 31
894 33
895 31
896 31
897 36
898 35
899 34
900 31
901 30
902 30
903 33
904 29
905 29
906 32
907 29
908 34
909 34
910 34
911 31
912 32
913 31
914 32
915 33
916 30
917 33
918 36
919 34
920 36
921 36
922 36
923 35
924 35
925 35
926 35
927 32
928 31
929 33
930 30
931 31
932 32
933 33
934 34
935 29
936 30
937 29
938 33
939 32
940 31
941 30
942 32
943 28
944 32
945 32
946 30
947 29
948 34
949 27
950 28
951 31
952 31
953 33
954 29
955 30
956 29
957 24
958 26
959 26
960 29
961 31
962 33
963 30
964 30
965 33
966 32
967 34
968 31
969 30
970 33
971 30
972 30
973 35
974 33
975 29
976 24
977 30
978 33
979 33
980 33
981 29
982 28
983 33
984 33
985 34
986 33
987 29
988 30
989 30
990 29
991 30
992 33
993 31
994 32
995 32
996 36
997 34
998 32
999 33
1000 34
