0 20
1 17
2 15
3 13
4 11
5 10
6 10
7 10
8 9
9 6
10 7
11 11
12 10
13 9
14 10
15 10
16 12
17 10
18 11
19 11
20 10
21 9
22 10
23 9
24 11
25 11
26 10
27 13
28 13
29 12
30 10
31 10
32 10
33 10
34 8
35 6
36 6
37 8
38 8
39 8
40 8
41 10
42 12
43 10
44 10
45 10
46 9
47 8
48 8
49 9
50 10
51 10
52 8
53 7
54 9
55 8
56 9
57 12
58 9
59 9
60 10
61 11
62 11
63 11
64 11
65 11
66 12
67 11
68 8
69 9
70 12
71 10
72 10
73 10
74 11
75 9
76 10
77 10
78 10
79 10
80 8
81 7
82 8
83 8
84 10
85 8
86 6
87 8
88 8
89 9
90 8
91 8
92 7
93 9
94 9
95 9
96 7
97 8
98 9
99 9
100 11
101 12
102 13
103 12
104 10
105 10
106 9
107 7
108 9
109 9
110 9
111 10
112 10
113 10
114 10
115 9
116 9
117 8
118 9
119 8
120 9
121 10
122 11
123 9
124 9
125 9
126 8
127 8
128 8
129 7
130 6
131 9
132 10
133 9
134 10
135 10
136 11
137 10
138 7
139 7
140 10
141 11
142 11
143 10
144 9
145 11
146 10
147 11
148 10
149 10
150 10
151 9
152 9
153 9
154 10
155 11
156 11
157 10
158 10
159 8
160 9
161 8
162 9
163 8
164 9
165 10
166 10
167 8
168 9
169 10
170 10
171 11
172 12
173 8
174 10
175 9
176 8
177 9
178 10
179 11
180 10
181 9
182 10
183 10
184 10
185 11
186 11
187 10
188 9
189 8
190 9
191 10
192 9
193 10
194 9
195 7
196 8
197 8
198 8
199 9
200 10
201 10
202 9
203 10
204 9
205 10
206 12
207 12
208 11
209 10
210 8
211 9
212 11
213 11
214 11
215 11
216 10
217 11
218 11
219 10
220 8
221 7
222 9
223 9
224 10
225 10
226 8
227 7
228 9
229 10
230 9
231 10
232 8
233 9
234 9
235 9
236 9
237 10
238 11
239 11
240 12
241 11
242 11
243 12
244 11
245 10
246 11
247 7
248 7
249 7
250 7
251 8
252 10
253 11
254 12
255 10
256 11
257 12
258 12
259 12
260 9
261 8
262 9
263 7
264 8
265 8
266 9
267 10
268 9
269 10
270 9
271 9
272 11
273 10
274 11
275 10
276 11
277 11
278 9
279 9
280 10
281 12
282 11
283 9
284 9
285 8
286 9
287 9
288 10
289 9
290 11
291 11
292 11
293 11
294 11
295 7
296 7
297 7
298 7
299 8
300 9
301 9
302 8
303 8
304 9
305 9
306 10
307 10
308 10
309 10
310 12
311 13
312 11
313 12
314 11
315 12
316 12
317 11
318 10
319 9
320 7
321 8
322 10
323 10
324 9
325 12
326 10
327 11
328 10
329 11
330 11
331 9
332 9
333 8
334 11
335 10
336 11
337 10
338 10
339 9
340 10
341 10
342 9
343 9
344 9
345 10
346 7
347 8
348 9
349 10
350 11
351 11
352 9
353 10
354 10
355 9
356 9
357 11
358 12
359 11
360 10
361 12
362 11
363 10
364 11
365 10
366 11
367 9
368 9
369 8
370 9
371 10
372 10
373 8
374 9
375 7
376 7
377 8
378 8
379 10
380 9
381 10
382 10
383 10
384 9
385 8
386 10
387 11
388 10
389 11
390 11
391 11
392 11
393 10
394 9
395 8
396 8
397 7
398 8
399 7
400 8
401 10
402 11
403 11
404 9
405 8
406 9
407 9
408 10
409 11
410 11
411 8
412 10
413 11
414 12
415 11
416 9
417 9
418 11
419 10
420 9
421 10
422 9
423 11
424 12
425 10
426 8
427 9
428 9
429 9
430 9
431 7
432 10
433 10
434 11
435 11
436 11
437 12
438 12
439 11
440 11
441 10
442 8
443 9
444 10
445 10
446 10
447 9
448 9
449 9
450 11
451 10
452 9
453 9
454 10
455 8
456 9
457 7
458 8
459 9
460 9
461 8
462 10
463 9
464 8
465 9
466 8
467 8
468 9
469 10
470 10
471 8
472 7
473 7
474 8
475 7
476 7
477 8
478 9
479 11
480 10
481 9
482 10
483 11
484 10
485 10
486 9
487 8
488 11
489 12
490 10
491 9
492 10
493 11
494 12
495 12
496 9
497 8
498 8
499 8
500 8
501 8
502 9
503 9
504 8
505 9
506 11
507 11
508 11
509 12
510 12
511 11
512 11
513 10
514 10
515 11
516 11
517 10
518 9
519 8
520 8
521 8
522 10
523 9
524 9
525 12
526 11
527 8
528 7
529 8
530 9
531 9
532 9
533 9
534 9
535 10
536 8
537 10
538 10
539 11
540 11
541 12
542 9
543 9
544 10
545 10
546 11
547 11
548 11
549 12
550 12
551 11
552 10
553 9
554 12
555 12
556 12
557 12
558 10
559 9
560 11
561 12
562 13
563 10
564 9
565 9
566 9
567 10
568 11
569 11
570 11
571 10
572 8
573 7
574 9
575 9
576 10
577 8
578 9
579 9
580 9
581 11
582 10
583 9
584 10
585 11
586 10
587 7
588 10
589 11
590 11
591 11
592 10
593 6
594 6
595 9
596 10
597 8
598 9
599 7
600 8
601 8
602 8
603 7
604 9
605 6
606 7
607 8
608 8
609 9
610 8
611 7
612 3
613 5
614 6
615 4
616 7
617 7
618 8
619 8
620 9
621 7
622 7
623 8
624 10
625 10
626 11
627 10
628 11
629 11
630 9
631 8
632 8
633 8
634 10
635 9
636 10
637 10
638 12
639 12
640 11
641 11
642 13
643 12
644 11
645 9
646 10
647 11
648 11
649 10
650 9
651 10
652 9
653 10
654 9
655 10
656 8
657 10
658 11
659 10
660 9
661 9
662 9
663 9
664 9
665 10
666 11
667 11
668 11
669 10
670 10
671 8
672 9
673 8
674 8
675 8
676 10
677 10
678 8
679 8
680 10
681 9
682 8
683 8
684 9
685 9
686 10
687 11
688 10
689 9
690 11
691 11
692 11
693 11
694 11
695 12
696 11
697 10
698 10
699 9
700 10
701 11
702 11
703 10
704 9
705 9
706 9
707 7
708 9
709 9
710 10
711 8
712 9
713 10
714 10
715 9
716 7
717 7
718 8
719 9
720 11
721 12
722 12
723 11
724 7
725 10
726 10
727 8
728 7
729 11
730 10
731 8
732 9
733 10
734 9
735 9
736 7
737 9
738 10
739 10
740 9
741 8
742 9
743 11
744 12
745 10
746 9
747 10
748 10
749 11
750 8
751 8
752 11
753 11
754 10
755 10
756 10
757 10
758 10
759 10
760 10
761 10
762 11
763 10
764 10
765 10
766 11
767 10
768 11
769 13
770 11
771 10
772 9
773 9
774 10
775 9
776 10
777 11
778 10
779 11
780 10
781 11
782 12
783 12
784 11
785 10
786 8
787 8
788 8
789 10
790 11
791 11
792 10
793 11
794 10
795 9
796 7
797 8
798 9
799 9
800 11
801 11
802 8
803 10
804 11
805 10
806 11
807 10
808 9
809 9
810 11
811 10
812 9
813 9
814 8
815 9
816 7
817 10
818 11
819 9
820 9
821 11
822 10
823 11
824 11
825 11
826 12
827 11
828 12
829 11
830 10
831 10
832 10
833 9
834 9
835 8
836 9
837 9
838 11
839 12
840 12
841 10
842 12
843 13
844 12
845 11
846 12
847 11
848 12
849 11
850 11
851 11
852 11
853 12
854 10
855 10
856 10
857 9
858 10
859 9
860 9
861 9
862 8
863 10
864 10
865 9
866 7
867 9
868 9
869 8
870 8
871 7
872 8
873 9
874 9
875 10
876 10
877 11
878 10
879 9
880 9
881 10
882 10
883 10
884 10
885 9
886 10
887 9
888 10
889 10
890 11
891 10
892 9
893 8
894 9
895 10
896 9
897 11
898 11
899 12
900 13
901 11
902 11
903 13
904 10
905 10
906 9
907 8
908 9
909 10
910 9
911 9
912 8
913 9
914 9
915 8
916 8
917 9
918 10
919 11
920 11
921 10
922 10
923 9
924 10
925 11
926 9
927 10
928 9
929 9
930 10
931 8
932 9
933 9
934 9
935 10
936 10
937 9
938 8
939 8
940 9
941 8
942 10
943 11
944 12
945 9
946 11
947 11
948 10
949 9
950 10
951 8
952 10
953 11
954 12
955 12
956 13
957 12
958 10
959 8
960 10
961 9
962 10
963 11
964 11
965 12
966 12
967 11
968 11
969 11
970 10
971 9
972 8
973 9
974 10
975 9
976 6
977 8
978 8
979 6
980 8
981 8
982 8
983 10
984 11
985 12
986 12
987 13
988 10
989 10
990 11
991 11
992 10
993 9
994 6
995 6
996 7
997 9
998 8
999 8
1000 9
