0 30
1 25
2 23
3 22
4 20
5 18
6 17
7 16
8 14
9 14
10 13
11 13
12 13
13 12
14 12
15 10
16 10
17 11
18 10
19 10
20 10
21 10
22 10
23 10
24 9
25 9
26 9
27 8
28 8
29 7
30 8
31 9
32 9
33 9
34 9
35 10
36 9
37 8
38 9
39 9
40 10
41 8
42 9
43 9
44 9
45 9
46 9
47 8
48 8
49 9
50 10
51 10
52 11
53 11
54 10
55 10
56 10
57 9
58 9
59 9
60 9
61 10
62 10
63 9
64 9
65 10
66 10
67 10
68 11
69 12
70 12
71 11
72 11
73 10
74 9
75 9
76 7
77 8
78 8
79 9
80 10
81 10
82 10
83 10
84 8
85 9
86 9
87 10
88 11
89 11
90 11
91 10
92 10
93 9
94 10
95 11
96 11
97 10
98 11
99 12
100 12
101 12
102 12
103 11
104 11
105 11
106 12
107 12
108 12
109 12
110 11
111 11
112 12
113 12
114 11
115 11
116 11
117 10
118 9
119 9
120 9
121 7
122 8
123 8
124 8
125 9
126 9
127 9
128 9
129 11
130 11
131 11
132 11
133 10
134 11
135 9
136 9
137 10
138 9
139 11
140 11
141 9
142 9
143 7
144 6
145 7
146 7
147 6
148 7
149 8
150 8
151 9
152 10
153 10
154 12
155 11
156 9
157 9
158 9
159 9
160 9
161 8
162 9
163 8
164 8
165 8
166 8
167 9
168 9
169 9
170 8
171 8
172 8
173 9
174 10
175 10
176 10
177 11
178 9
179 9
180 9
181 9
182 10
183 8
184 7
185 8
186 7
187 7
188 7
189 6
190 6
191 5
192 4
193 5
194 5
195 5
196 6
197 8
198 8
199 8
200 9
201 9
202 8
203 8
204 9
205 9
206 9
207 8
208 9
209 10
210 10
211 9
212 9
213 8
214 9
215 11
216 11
217 11
218 11
219 12
220 11
221 11
222 12
223 10
224 10
225 10
226 10
227 10
228 10
229 10
230 10
231 11
232 10
233 11
234 11
235 11
236 10
237 8
238 8
239 8
240 8
241 9
242 9
243 9
244 10
245 10
246 9
247 8
248 9
249 9
250 10
251 9
252 9
253 10
254 9
255 9
256 8
257 7
258 7
259 7
260 7
261 7
262 8
263 5
264 6
265 6
266 6
267 7
268 8
269 8
270 9
271 9
272 10
273 10
274 10
275 9
276 8
277 8
278 9
279 8
280 8
281 9
282 9
283 9
284 10
285 9
286 9
287 10
288 11
289 10
290 10
291 9
292 9
293 10
294 8
295 7
296 7
297 8
298 6
299 5
300 6
301 6
302 6
303 7
304 7
305 7
306 7
307 7
308 6
309 7
310 7
311 8
312 7
313 7
314 8
315 9
316 8
317 9
318 8
319 7
320 8
321 8
322 8
323 9
324 10
325 10
326 9
327 7
328 7
329 7
330 7
331 6
332 7
333 6
334 7
335 8
336 9
337 9
338 9
339 9
340 10
341 9
342 9
343 8
344 7
345 9
346 10
347 10
348 9
349 10
350 11
351 11
352 12
353 12
354 10
355 10
356 10
357 11
358 10
359 10
360 11
361 10
362 10
363 9
364 10
365 10
366 10
367 12
368 12
369 11
370 9
371 9
372 10
373 8
374 9
375 10
376 11
377 11
378 12
379 12
380 13
381 13
382 13
383 12
384 12
385 12
386 11
387 12
388 12
389 12
390 12
391 11
392 12
393 10
394 10
395 9
396 10
397 10
398 10
399 11
400 11
401 11
402 9
403 9
404 7
405 7
406 7
407 7
408 8
409 7
410 7
411 6
412 7
413 7
414 7
415 6
416 7
417 8
418 8
419 10
420 9
421 9
422 8
423 8
424 8
425 8
426 8
427 8
428 10
429 8
430 7
431 7
432 6
433 6
434 7
435 7
436 7
437 8
438 9
439 9
440 9
441 9
442 7
443 9
444 9
445 9
446 10
447 10
448 10
449 7
450 8
451 7
452 8
453 8
454 8
455 8
456 9
457 8
458 8
459 8
460 9
461 10
462 10
463 11
464 10
465 10
466 10
467 11
468 10
469 9
470 10
471 9
472 9
473 9
474 8
475 9
476 9
477 9
478 7
479 6
480 7
481 8
482 8
483 9
484 10
485 10
486 9
487 8
488 9
489 10
490 12
491 11
492 12
493 11
494 11
495 12
496 12
497 12
498 10
499 10
500 9
501 9
502 9
503 8
504 8
505 7
506 7
507 7
508 7
509 7
510 7
511 6
512 7
513 8
514 9
515 8
516 8
517 8
518 9
519 10
520 9
521 8
522 8
523 8
524 8
525 8
526 7
527 7
528 8
529 9
530 7
531 7
532 7
533 7
534 7
535 8
536 9
537 10
538 8
539 8
540 10
541 9
542 7
543 8
544 9
545 11
546 10
547 10
548 9
549 9
550 10
551 10
552 9
553 9
554 8
555 8
556 6
557 6
558 6
559 6
560 6
561 6
562 7
563 7
564 8
565 8
566 8
567 8
568 10
569 10
570 8
571 9
572 10
573 10
574 10
575 10
576 8
577 7
578 7
579 5
580 6
581 7
582 7
583 6
584 7
585 6
586 5
587 7
588 7
589 5
590 5
591 7
592 7
593 7
594 8
595 9
596 9
597 9
598 9
599 10
600 10
601 11
602 10
603 9
604 9
605 9
606 9
607 9
608 9
609 9
610 9
611 9
612 9
613 9
614 9
615 9
616 10
617 10
618 10
619 10
620 11
621 12
622 12
623 11
624 11
625 11
626 12
627 9
628 8
629 7
630 7
631 7
632 9
633 9
634 8
635 5
636 5
637 5
638 6
639 8
640 7
641 7
642 8
643 7
644 8
645 8
646 9
647 9
648 9
649 8
650 8
651 8
652 6
653 7
654 7
655 8
656 7
657 7
658 7
659 8
660 9
661 9
662 8
663 8
664 9
665 8
666 8
667 8
668 9
669 9
670 7
671 9
672 8
673 7
674 7
675 7
676 8
677 8
678 9
679 10
680 10
681 10
682 10
683 10
684 9
685 11
686 11
687 11
688 9
689 9
690 10
691 10
692 10
693 11
694 12
695 12
696 10
697 11
698 11
699 12
700 12
701 10
702 10
703 10
704 9
705 9
706 8
707 8
708 8
709 9
710 9
711 9
712 10
713 11
714 10
715 9
716 9
717 9
718 9
719 9
720 9
721 9
722 9
723 10
724 10
725 10
726 10
727 10
728 10
729 10
730 11
731 11
732 12
733 13
734 12
735 12
736 11
737 12
738 12
739 11
740 10
741 9
742 8
743 8
744 7
745 7
746 6
747 7
748 7
749 8
750 8
751 7
752 7
753 6
754 7
755 6
756 5
757 6
758 6
759 6
760 6
761 6
762 8
763 9
764 9
765 9
766 10
767 10
768 8
769 9
770 11
771 11
772 12
773 11
774 9
775 9
776 7
777 7
778 7
779 6
780 6
781 7
782 7
783 8
784 8
785 8
786 6
787 7
788 7
789 7
790 7
791 8
792 7
793 7
794 6
795 6
796 7
797 8
798 7
799 7
800 7
801 9
802 9
803 8
804 7
805 6
806 8
807 10
808 11
809 13
810 12
811 13
812 12
813 11
814 10
815 10
816 10
817 10
818 10
819 10
820 11
821 11
822 9
823 10
824 9
825 9
826 10
827 10
828 9
829 9
830 8
831 9
832 9
833 9
834 8
835 7
836 7
837 7
838 6
839 6
840 6
841 6
842 6
843 5
844 5
845 6
846 5
847 6
848 6
849 5
850 6
851 8
852 6
853 7
854 7
855 8
856 10
857 10
858 10
859 11
860 11
861 11
862 11
863 12
864 12
865 12
866 13
867 14
868 14
869 13
870 13
871 12
872 12
873 11
874 11
875 11
876 11
877 11
878 12
879 11
880 12
881 12
882 12
883 11
884 11
885 10
886 10
887 10
888 9
889 8
890 9
891 9
892 8
893 9
894 9
895 9
896 9
897 9
898 8
899 7
900 8
901 8
902 9
903 10
904 9
905 7
906 7
907 8
908 8
909 8
910 9
911 10
912 10
913 10
914 9
915 8
916 9
917 8
918 7
919 6
920 7
921 7
922 7
923 7
924 8
925 8
926 8
927 8
928 8
929 9
930 10
931 10
932 11
933 12
934 13
935 11
936 11
937 11
938 11
939 9
940 10
941 9
942 10
943 10
944 11
945 12
946 10
947 9
948 10
949 10
950 10
951 10
952 9
953 9
954 9
955 9
956 8
957 9
958 10
959 8
960 9
961 8
962 8
963 8
964 6
965 5
966 8
967 9
968 7
969 7
970 6
971 6
972 6
973 7
974 6
975 7
976 8
977 7
978 6
979 7
980 7
981 8
982 7
983 7
984 8
985 10
986 8
987 8
988 6
989 6
990 6
991 6
992 6
993 6
994 7
995 8
996 8
997 8
998 7
999 7
1000 7
