0 60
1 57
2 53
3 51
4 45
5 43
6 40
7 39
8 37
9 34
10 32
11 31
12 30
13 28
14 30
15 29
16 28
17 28
18 29
19 30
20 29
21 28
22 25
23 27
24 26
25 25
26 25
27 27
28 28
29 30
30 27
31 29
32 28
33 28
34 27
35 28
36 26
37 27
38 30
39 29
40 28
41 27
42 25
43 24
44 24
45 24
46 25
47 25
48 25
49 28
50 27
51 29
52 27
53 26
54 26
55 27
56 27
57 28
58 30
59 30
60 30
61 30
62 28
63 26
64 27
65 25
66 26
67 26
68 27
69 27
70 26
71 25
72 24
73 26
74 25
75 27
76 25
77 26
78 26
79 27
80 27
81 28
82 26
83 27
84 26
85 26
86 25
87 25
88 27
89 27
90 26
91 27
92 28
93 29
94 29
95 29
96 29
97 28
98 27
99 28
100 28
101 29
102 27
103 26
104 23
105 25
106 25
107 27
108 26
109 28
110 27
111 25
112 26
113 28
114 29
115 30
116 29
117 29
118 29
119 29
120 29
121 31
122 29
123 29
124 31
125 32
126 33
127 32
128 30
129 30
130 29
131 30
132 31
133 32
134 32
135 32
136 29
137 28
138 29
139 28
140 29
141 28
142 27
143 26
144 25
145 25
146 25
147 25
148 26
149 25
150 25
151 25
152 25
153 24
154 23
155 24
156 24
157 26
158 26
159 25
160 27
161 28
162 28
163 29
164 29
165 30
166 29
167 28
168 26
169 26
170 27
171 26
172 26
173 25
174 24
175 24
176 24
177 24
178 26
179 24
180 26
181 27
182 26
183 27
184 27
185 28
186 28
187 28
188 28
189 24
190 23
191 24
192 27
193 27
194 28
195 28
196 28
197 29
198 29
199 29
200 29
201 28
202 28
203 28
204 28
205 26
206 27
207 26
208 28
209 27
210 28
211 30
212 29
213 27
214 26
215 26
216 26
217 26
218 26
219 24
220 25
221 23
222 25
223 25
224 25
225 24
226 24
227 25
228 24
229 24
230 25
231 26
232 26
233 24
234 25
235 26
236 26
237 24
238 25
239 25
240 25
241 25
242 27
243 28
244 27
245 25
246 23
247 24
248 26
249 28
250 27
251 27
252 27
253 27
254 25
255 25
256 24
257 26
258 25
259 25
260 25
261 26
262 26
263 26
264 27
265 27
266 29
267 28
268 28
269 28
270 27
271 25
272 26
273 27
274 27
275 25
276 25
277 29
278 29
279 30
280 31
281 32
282 31
283 30
284 30
285 31
286 29
287 27
288 26
289 28
290 29
291 30
292 30
293 29
294 29
295 26
296 26
297 26
298 28
299 26
300 26
301 28
302 28
303 27
304 26
305 25
306 24
307 26
308 26
309 27
310 26
311 26
312 25
313 25
314 24
315 24
316 25
317 25
318 27
319 26
320 24
321 27
322 29
323 31
324 30
325 30
326 29
327 29
328 29
329 29
330 30
331 29
332 27
333 27
334 24
335 24
336 23
337 26
338 28
339 28
340 28
341 28
342 29
343 29
344 30
345 31
346 29
347 29
348 29
349 28
350 28
351 29
352 28
353 28
354 28
355 27
356 28
357 27
358 27
359 30
360 30
361 31
362 30
363 29
364 30
365 31
366 29
367 29
368 29
369 29
370 29
371 30
372 29
373 29
374 28
375 28
376 28
377 27
378 25
379 25
380 28
381 28
382 27
383 28
384 28
385 28
386 28
387 27
388 27
389 25
390 25
391 24
392 24
393 24
394 25
395 24
396 23
397 22
398 21
399 22
400 22
401 25
402 27
403 28
404 27
405 27
406 28
407 27
408 25
409 27
410 29
411 26
412 25
413 24
414 24
415 24
416 25
417 24
418 25
419 27
420 27
421 28
422 27
423 25
424 26
425 27
426 28
427 26
428 25
429 25
430 26
431 27
432 28
433 28
434 27
435 27
436 26
437 26
438 27
439 28
440 26
441 26
442 25
443 25
444 25
445 27
446 28
447 28
448 28
449 27
450 26
451 27
452 26
453 24
454 26
455 26
456 26
457 26
458 24
459 26
460 26
461 26
462 25
463 26
464 26
465 29
466 27
467 26
468 24
469 25
470 26
471 24
472 27
473 27
474 27
475 28
476 28
477 28
478 28
479 26
480 28
481 28
482 28
483 28
484 30
485 30
486 28
487 27
488 26
489 26
490 27
491 27
492 27
493 28
494 28
495 29
496 24
497 25
498 27
499 28
500 25
501 25
502 25
503 27
504 29
505 31
506 30
507 30
508 31
509 31
510 28
511 29
512 27
513 25
514 23
515 23
516 22
517 22
518 23
519 23
520 25
521 26
522 27
523 25
524 24
525 25
526 27
527 28
528 29
529 27
530 24
531 24
532 25
533 26
534 26
535 26
536 27
537 27
538 24
539 25
540 26
541 25
542 26
543 26
544 27
545 27
546 26
547 26
548 28
549 29
550 29
551 28
552 28
553 28
554 29
555 27
556 26
557 26
558 22
559 21
560 22
561 24
562 26
563 28
564 28
565 28
566 29
567 29
568 29
569 29
570 29
571 29
572 31
573 31
574 31
575 32
576 32
577 31
578 29
579 29
580 27
581 27
582 26
583 29
584 26
585 27
586 26
587 27
588 25
589 26
590 26
591 25
592 26
593 26
594 26
595 27
596 25
597 25
598 25
599 25
600 25
601 26
602 29
603 30
604 32
605 32
606 33
607 33
608 33
609 32
610 33
611 35
612 32
613 32
614 29
615 27
616 27
617 27
618 26
619 27
620 25
621 28
622 28
623 26
624 26
625 25
626 27
627 29
628 28
629 26
630 26
631 26
632 25
633 26
634 27
635 27
636 27
637 27
638 26
639 24
640 27
641 26
642 26
643 26
644 25
645 25
646 26
647 26
648 26
649 27
650 29
651 29
652 29
653 29
654 28
655 29
656 27
657 25
658 25
659 25
660 27
661 26
662 25
663 25
664 25
665 26
666 27
667 25
668 25
669 25
670 24
671 23
672 23
673 24
674 25
675 27
676 27
677 27
678 27
679 24
680 24
681 25
682 26
683 26
684 28
685 28
686 25
687 25
688 26
689 24
690 21
691 22
692 23
693 25
694 24
695 26
696 26
697 24
698 25
699 27
700 28
701 27
702 27
703 26
704 26
705 25
706 25
707 25
708 26
709 24
710 24
711 25
712 27
713 28
714 29
715 29
716 30
717 28
718 29
719 26
720 25
721 26
722 25
723 26
724 27
725 28
726 28
727 29
728 30
729 29
730 30
731 30
732 31
733 29
734 29
735 29
736 28
737 29
738 28
739 27
740 29
741 28
742 27
743 27
744 26
745 26
746 28
747 27
748 26
749 27
750 25
751 25
752 27
753 24
754 23
755 24
756 24
757 21
758 24
759 25
760 24
761 24
762 25
763 24
764 24
765 26
766 26
767 26
768 28
769 28
770 25
771 25
772 24
773 24
774 24
775 25
776 24
777 23
778 24
779 24
780 24
781 25
782 26
783 27
784 28
785 27
786 28
787 26
788 27
789 29
790 28
791 28
792 26
793 25
794 24
795 25
796 25
797 25
798 26
799 28
800 28
801 27
802 27
803 28
804 29
805 29
806 31
807 29
808 29
809 28
810 27
811 26
812 26
813 27
814 27
815 29
816 28
817 29
818 28
819 27
820 28
821 28
822 27
823 28
824 26
825 26
826 29
827 30
828 30
829 31
830 31
831 30
832 31
833 31
834 29
835 27
836 26
837 28
838 29
839 27
840 28
841 23
842 23
843 24
844 25
845 25
846 25
847 28
848 27
849 28
850 30
851 28
852 27
853 28
854 28
855 27
856 28
857 29
858 29
859 30
860 31
861 31
862 30
863 30
864 30
865 28
866 28
867 29
868 26
869 24
870 25
871 25
872 24
873 26
874 24
875 25
876 23
877 23
878 24
879 23
880 23
881 24
882 24
883 26
884 28
885 29
886 28
887 30
888 29
889 30
890 31
891 30
892 29
893 29
894 31
895 30
896 29
897 29
898 31
899 31
900 29
901 29
902 29
903 29
904 30
905 29
906 29
907 29
908 26
909 29
910 28
911 29
912 30
913 30
914 30
915 27
916 27
917 28
918 29
919 30
920 29
921 31
922 29
923 30
924 31
925 29
926 29
927 28
928 30
929 31
930 29
931 29
932 29
933 30
934 30
935 29
936 26
937 27
938 28
939 30
940 30
941 29
942 30
943 31
944 30
945 29
946 31
947 30
948 30
949 31
950 28
951 29
952 30
953 29
954 30
955 32
956 32
957 29
958 27
959 27
960 27
961 27
962 28
963 27
964 27
965 26
966 25
967 22
968 23
969 23
970 23
971 26
972 26
973 27
974 27
975 27
976 28
977 28
978 27
979 27
980 26
981 27
982 27
983 28
984 27
985 26
986 27
987 26
988 27
989 25
990 27
991 26
992 23
993 24
994 25
995 26
996 27
997 27
998 27
999 25
1000 25
