0 50
1 39
2 34
3 30
4 29
5 29
6 29
7 32
8 35
9 30
10 28
11 32
12 35
13 31
14 32
15 35
16 31
17 31
18 30
19 33
20 33
21 34
22 32
23 32
24 33
25 28
26 33
27 31
28 27
29 31
30 30
31 33
32 30
33 30
34 30
35 30
36 32
37 32
38 28
39 32
40 33
41 31
42 30
43 30
44 33
45 31
46 31
47 34
48 34
49 29
50 26
51 26
52 27
53 29
54 33
55 33
56 33
57 31
58 31
59 32
60 32
61 29
62 33
63 26
64 27
65 32
66 30
67 30
68 29
69 34
70 34
71 33
72 33
73 32
74 33
75 31
76 30
77 30
78 31
79 29
80 31
81 33
82 32
83 31
84 30
85 35
86 32
87 35
88 34
89 33
90 32
91 28
92 29
93 30
94 33
95 31
96 29
97 30
98 28
99 28
100 31
101 32
102 27
103 31
104 30
105 29
106 30
107 30
108 29
109 29
110 29
111 30
112 28
113 28
114 34
115 32
116 33
117 33
118 31
119 30
120 30
121 30
122 29
123 30
124 32
125 28
126 24
127 24
128 27
129 31
130 29
131 29
132 27
133 30
134 33
135 32
136 28
137 28
138 28
139 32
140 33
141 29
142 25
143 27
144 28
145 30
146 27
147 30
148 32
149 30
150 32
151 32
152 31
153 30
154 32
155 31
156 32
157 35
158 34
159 34
160 35
161 34
162 33
163 32
164 31
165 31
166 29
167 31
168 31
169 30
170 32
171 32
172 32
173 33
174 33
175 32
176 32
177 30
178 28
179 29
180 30
181 32
182 29
183 28
184 28
185 31
186 32
187 33
188 34
189 35
190 32
191 31
192 33
193 33
194 31
195 31
196 28
197 26
198 26
199 28
200 29
201 30
202 31
203 31
204 33
205 32
206 33
207 31
208 30
209 31
210 32
211 30
212 27
213 29
214 28
215 32
216 31
217 32
218 32
219 32
220 32
221 28
222 26
223 30
224 31
225 29
226 30
227 30
228 28
229 30
230 33
231 32
232 30
233 33
234 28
235 31
236 31
237 33
238 32
239 33
240 32
241 31
242 30
243 31
244 32
245 31
246 29
247 31
248 32
249 33
250 34
251 37
252 37
253 32
254 30
255 32
256 32
257 31
258 30
259 30
260 29
261 32
262 34
263 35
264 33
265 30
266 31
267 26
268 28
269 31
270 29
271 29
272 28
273 32
274 29
275 31
276 33
277 34
278 31
279 31
280 30
281 29
282 29
283 30
284 29
285 30
286 26
287 27
288 28
289 30
290 32
291 35
292 34
293 31
294 29
295 30
296 29
297 30
298 30
299 27
300 28
301 27
302 28
303 28
304 30
305 29
306 29
307 31
308 30
309 32
310 30
311 33
312 33
313 32
314 34
315 32
316 30
317 31
318 29
319 30
320 31
321 32
322 31
323 31
324 33
325 29
326 26
327 29
328 32
329 31
330 32
331 32
332 31
333 32
334 31
335 31
336 30
337 27
338 29
339 30
340 31
341 29
342 28
343 29
344 32
345 29
346 29
347 30
348 32
349 31
350 31
351 33
352 31
353 31
354 31
355 31
356 28
357 29
358 32
359 23
360 25
361 29
362 32
363 29
364 31
365 32
366 30
367 30
368 31
369 31
370 30
371 29
372 30
373 31
374 28
375 29
376 30
377 29
378 30
379 34
380 34
381 31
382 30
383 28
384 31
385 32
386 29
387 30
388 31
389 34
390 33
391 27
392 30
393 31
394 30
395 34
396 34
397 31
398 33
399 30
400 28
401 28
402 34
403 33
404 29
405 29
406 27
407 29
408 27
409 29
410 34
411 32
412 30
413 30
414 30
415 30
416 30
417 32
418 27
419 31
420 30
421 31
422 32
423 29
424 28
425 29
426 31
427 31
428 33
429 32
430 30
431 31
432 25
433 28
434 31
435 32
436 29
437 29
438 31
439 32
440 33
441 31
442 32
443 30
444 28
445 30
446 27
447 30
448 29
449 33
450 32
451 32
452 32
453 32
454 32
455 28
456 29
457 34
458 33
459 29
460 30
461 31
462 29
463 29
464 29
465 27
466 28
467 26
468 26
469 31
470 33
471 34
472 34
473 31
474 34
475 32
476 34
477 32
478 30
479 29
480 29
481 29
482 29
483 30
484 28
485 34
486 33
487 29
488 29
489 30
490 27
491 29
492 30
493 29
494 28
495 32
496 34
497 33
498 34
499 32
500 32
501 32
502 32
503 32
504 31
505 31
506 31
507 29
508 31
509 31
510 27
511 29
512 30
513 29
514 28
515 28
516 31
517 30
518 30
519 29
520 26
521 31
522 33
523 35
524 34
525 34
526 32
527 33
528 33
529 30
530 30
531 29
532 30
533 31
534 36
535 35
536 33
537 33
538 31
539 31
540 28
541 33
542 34
543 33
544 33
545 33
546 33
547 28
548 33
549 31
550 30
551 31
552 30
553 33
554 35
555 34
556 33
557 30
558 32
559 33
560 33
561 30
562 30
563 32
564 32
565 28
566 27
567 30
568 30
569 31
570 32
571 30
572 33
573 36
574 34
575 35
576 36
577 34
578 32
579 30
580 28
581 26
582 27
583 29
584 28
585 29
586 28
587 29
588 31
589 31
590 30
591 31
592 24
593 29
594 31
595 27
596 31
597 30
598 28
599 31
600 29
601 32
602 29
603 32
604 31
605 30
606 30
607 33
608 33
609 30
610 31
611 29
612 28
613 32
614 31
615 34
616 31
617 31
618 33
619 32
620 34
621 28
622 30
623 28
624 30
625 29
626 29
627 29
628 32
629 31
630 32
631 32
632 31
633 25
634 28
635 30
636 30
637 31
638 29
639 29
640 27
641 29
642 28
643 28
644 30
645 32
646 31
647 31
648 30
649 31
650 32
651 29
652 30
653 32
654 32
655 33
656 31
657 30
658 32
659 32
660 31
661 31
662 28
663 30
664 31
665 31
666 33
667 34
668 34
669 30
670 29
671 30
672 32
673 28
674 29
675 32
676 32
677 29
678 30
679 32
680 31
681 34
682 30
683 31
684 32
685 32
686 32
687 32
688 33
689 34
690 29
691 30
692 32
693 32
694 29
695 31
696 30
697 33
698 33
699 32
700 30
701 27
702 29
703 32
704 34
705 35
706 31
707 30
708 29
709 29
710 26
711 26
712 30
713 32
714 32
715 31
716 28
717 32
718 26
719 31
720 29
721 30
722 32
723 30
724 29
725 28
726 29
727 30
728 28
729 31
730 28
731 30
732 29
733 29
734 32
735 26
736 29
737 31
738 33
739 31
740 27
741 31
742 31
743 33
744 33
745 31
746 29
747 30
748 29
749 30
750 32
751 32
752 34
753 29
754 29
755 32
756 31
757 33
758 31
759 33
760 34
761 33
762 34
763 32
764 31
765 32
766 33
767 33
768 32
769 28
770 32
771 30
772 32
773 23
774 26
775 29
776 30
777 27
778 27
779 30
780 30
781 32
782 33
783 33
784 32
785 32
786 29
787 30
788 29
789 32
790 27
791 29
792 31
793 30
794 29
795 30
796 32
797 35
798 34
799 31
800 28
801 30
802 33
803 31
804 31
805 34
806 35
807 28
808 32
809 31
810 31
811 29
812 31
813 30
814 31
815 33
816 33
817 31
818 33
819 31
820 28
821 28
822 30
823 32
824 32
825 31
826 33
827 26
828 29
829 27
830 31
831 28
832 31
833 32
834 31
835 32
836 29
837 27
838 30
839 32
840 32
841 31
842 30
843 33
844 32
845 31
846 31
847 30
848 31
849 32
850 29
851 31
852 32
853 31
854 28
855 32
856 32
857 28
858 31
859 31
860 30
861 32
862 31
863 27
864 25
865 27
866 28
867 30
868 30
869 32
870 30
871 35
872 32
873 31
874 30
875 30
876 30
877 30
878 29
879 28
880 32
881 30
882 32
883 33
884 34
885 33
886 32
887 33
888 35
889 33
890 33
891 32
892 30
893 30
894 30
895 32
896 32
897 34
898 36
899 33
900 32
901 32
902 31
903 32
904 32
905 32
906 28
907 27
908 28
909 32
910 29
911 28
912 29
913 30
914 31
915 31
916 30
917 30
918 31
919 30
920 32
921 32
922 32
923 31
924 30
925 30
926 34
927 33
928 33
929 32
930 29
931 30
932 31
933 33
934 29
935 32
936 31
937 31
938 30
939 32
940 28
941 27
942 30
943 33
944 30
945 31
946 30
947 30
948 31
949 31
950 30
951 30
952 37
953 34
954 32
955 31
956 33
957 29
958 30
959 30
960 29
961 30
962 31
963 30
964 29
965 32
966 32
967 32
968 31
969 31
970 31
971 31
972 32
973 28
974 28
975 32
976 29
977 31
978 29
979 30
980 31
981 32
982 33
983 32
984 31
985 32
986 31
987 34
988 34
989 31
990 31
991 32
992 31
993 32
994 31
995 32
996 31
997 33
998 29
999 26
1000 30
