0 75
1 68
2 62
3 54
4 50
5 48
6 52
7 49
8 41
9 40
10 39
11 40
12 43
13 44
14 44
15 43
16 43
17 45
18 44
19 42
20 44
21 42
22 41
23 41
24 41
25 43
26 43
27 43
28 45
29 46
30 48
31 47
32 46
33 47
34 44
35 46
36 46
37 45
38 43
39 42
40 43
41 40
42 41
43 38
44 39
45 39
46 36
47 36
48 41
49 42
50 41
51 42
52 46
53 46
54 45
55 45
56 43
57 46
58 45
59 44
60 43
61 43
62 47
63 43
64 44
65 44
66 41
67 39
68 40
69 39
70 37
71 36
72 34
73 35
74 36
75 41
76 43
77 44
78 44
79 41
80 42
81 45
82 47
83 44
84 45
85 46
86 45
87 46
88 46
89 46
90 44
91 43
92 43
93 45
94 43
95 42
96 43
97 44
98 44
99 42
100 42
101 44
102 45
103 46
104 46
105 43
106 42
107 40
108 40
109 41
110 45
111 42
112 43
113 40
114 42
115 40
116 41
117 42
118 41
119 41
120 44
121 44
122 44
123 44
124 45
125 46
126 42
127 44
128 44
129 45
130 46
131 43
132 41
133 41
134 45
135 45
136 43
137 44
138 47
139 46
140 47
141 48
142 45
143 42
144 45
145 45
146 42
147 42
148 42
149 38
150 38
151 41
152 41
153 39
154 42
155 42
156 41
157 43
158 38
159 39
160 39
161 43
162 46
163 46
164 45
165 47
166 43
167 44
168 43
169 44
170 42
171 43
172 46
173 47
174 45
175 44
176 45
177 47
178 50
179 44
180 42
181 43
182 44
183 44
184 42
185 41
186 42
187 43
188 45
189 45
190 46
191 45
192 44
193 44
194 45
195 45
196 44
197 46
198 47
199 47
200 46
201 48
202 47
203 44
204 43
205 43
206 44
207 42
208 45
209 40
210 42
211 43
212 43
213 45
214 45
215 46
216 44
217 45
218 46
219 48
220 49
221 46
222 46
223 48
224 50
225 50
226 48
227 47
228 47
229 44
230 43
231 43
232 40
233 40
234 39
235 40
236 41
237 42
238 41
239 43
240 45
241 44
242 43
243 43
244 43
245 45
246 44
247 44
248 41
249 42
250 41
251 41
252 43
253 43
254 47
255 47
256 47
257 47
258 45
259 46
260 44
261 44
262 47
263 43
264 46
265 48
266 44
267 46
268 47
269 48
270 47
271 46
272 46
273 46
274 47
275 48
276 47
277 46
278 46
279 46
280 46
281 44
282 43
283 43
284 44
285 46
286 48
287 45
288 46
289 47
290 46
291 46
292 46
293 48
294 47
295 47
296 47
297 43
298 42
299 39
300 38
301 38
302 43
303 41
304 43
305 43
306 44
307 43
308 44
309 40
310 43
311 44
312 47
313 46
314 47
315 46
316 47
317 48
318 47
319 47
320 48
321 40
322 38
323 41
324 42
325 44
326 43
327 45
328 43
329 42
330 40
331 42
332 41
333 42
334 40
335 43
336 45
337 44
338 45
339 45
340 45
341 44
342 44
343 43
344 44
345 46
346 46
347 46
348 46
349 45
350 42
351 42
352 41
353 39
354 40
355 40
356 41
357 44
358 43
359 44
360 46
361 47
362 43
363 41
364 41
365 41
366 43
367 43
368 43
369 44
370 42
371 47
372 45
373 42
374 41
375 41
376 41
377 44
378 45
379 43
380 41
381 43
382 47
383 43
384 40
385 42
386 45
387 42
388 43
389 43
390 44
391 44
392 43
393 44
394 46
395 46
396 47
397 45
398 48
399 42
400 44
401 41
402 39
403 41
404 42
405 44
406 43
407 43
408 44
409 46
410 46
411 46
412 45
413 46
414 47
415 46
416 44
417 43
418 44
419 41
420 42
421 43
422 42
423 40
424 38
425 40
426 40
427 41
428 44
429 43
430 43
431 39
432 39
433 41
434 39
435 40
436 42
437 40
438 41
439 43
440 44
441 44
442 46
443 47
444 48
445 44
446 46
447 46
448 44
449 44
450 45
451 44
452 42
453 45
454 46
455 50
456 48
457 47
458 46
459 47
460 43
461 47
462 45
463 45
464 47
465 46
466 45
467 47
468 48
469 47
470 47
471 48
472 47
473 48
474 46
475 49
476 49
477 49
478 47
479 46
480 47
481 43
482 45
483 45
484 43
485 44
486 42
487 43
488 40
489 41
490 41
491 42
492 41
493 40
494 44
495 41
496 37
497 39
498 40
499 40
500 40
501 42
502 46
503 43
504 42
505 43
506 45
507 45
508 41
509 43
510 43
511 41
512 40
513 42
514 43
515 42
516 42
517 42
518 44
519 43
520 46
521 45
522 46
523 46
524 44
525 47
526 48
527 43
528 42
529 41
530 42
531 42
532 42
533 46
534 44
535 44
536 46
537 45
538 45
539 49
540 49
541 46
542 47
543 46
544 43
545 44
546 40
547 40
548 40
549 42
550 44
551 43
552 40
553 38
554 40
555 38
556 39
557 39
558 37
559 40
560 43
561 43
562 43
563 45
564 46
565 46
566 45
567 44
568 47
569 46
570 44
571 44
572 44
573 43
574 42
575 44
576 43
577 42
578 43
579 43
580 43
581 43
582 40
583 40
584 43
585 42
586 42
587 44
588 44
589 45
590 45
591 44
592 43
593 41
594 43
595 45
596 41
597 42
598 44
599 42
600 43
601 43
602 45
603 45
604 43
605 45
606 44
607 42
608 44
609 46
610 46
611 45
612 43
613 42
614 42
615 40
616 37
617 38
618 36
619 35
620 35
621 40
622 44
623 45
624 43
625 43
626 44
627 44
628 44
629 42
630 43
631 42
632 41
633 42
634 39
635 40
636 40
637 39
638 37
639 39
640 41
641 40
642 42
643 43
644 42
645 43
646 45
647 43
648 44
649 42
650 40
651 40
652 42
653 38
654 37
655 39
656 39
657 39
658 38
659 42
660 43
661 42
662 43
663 43
664 40
665 42
666 45
667 45
668 47
669 44
670 45
671 43
672 40
673 41
674 43
675 41
676 42
677 45
678 46
679 46
680 45
681 44
682 44
683 45
684 46
685 49
686 47
687 43
688 40
689 39
690 43
691 44
692 42
693 41
694 43
695 44
696 42
697 47
698 44
699 43
700 43
701 43
702 43
703 45
704 45
705 43
706 45
707 45
708 45
709 46
710 42
711 43
712 46
713 44
714 43
715 42
716 43
717 46
718 47
719 48
720 46
721 44
722 45
723 47
724 48
725 47
726 49
727 45
728 48
729 47
730 49
731 44
732 43
733 46
734 46
735 42
736 45
737 44
738 45
739 44
740 40
741 42
742 42
743 42
744 41
745 43
746 44
747 42
748 45
749 48
750 43
751 39
752 40
753 40
754 43
755 40
756 40
757 42
758 43
759 44
760 47
761 48
762 48
763 46
764 47
765 42
766 42
767 41
768 43
769 41
770 43
771 44
772 39
773 41
774 43
775 45
776 45
777 43
778 45
779 45
780 47
781 44
782 44
783 43
784 47
785 49
786 46
787 49
788 47
789 48
790 49
791 48
792 48
793 48
794 45
795 44
796 43
797 41
798 41
799 41
800 43
801 44
802 43
803 45
804 47
805 47
806 45
807 42
808 41
809 42
810 42
811 43
812 45
813 45
814 43
815 41
816 43
817 43
818 43
819 45
820 43
821 42
822 42
823 42
824 42
825 45
826 46
827 41
828 43
829 43
830 41
831 41
832 44
833 44
834 44
835 44
836 42
837 44
838 44
839 42
840 45
841 44
842 43
843 40
844 42
845 42
846 43
847 41
848 43
849 44
850 45
851 44
852 41
853 41
854 40
855 42
856 43
857 42
858 43
859 45
860 46
861 45
862 44
863 46
864 46
865 47
866 47
867 47
868 47
869 48
870 45
871 48
872 44
873 41
874 40
875 42
876 43
877 45
878 45
879 45
880 46
881 45
882 44
883 43
884 42
885 43
886 45
887 46
888 41
889 44
890 45
891 44
892 43
893 44
894 43
895 42
896 43
897 44
898 43
899 44
900 45
901 45
902 46
903 44
904 45
905 44
906 45
907 46
908 44
909 47
910 50
911 50
912 48
913 46
914 47
915 48
916 47
917 48
918 44
919 43
920 43
921 46
922 42
923 42
924 40
925 40
926 41
927 42
928 40
929 41
930 42
931 42
932 44
933 43
934 41
935 44
936 44
937 41
938 40
939 41
940 41
941 43
942 42
943 45
944 40
945 39
946 42
947 41
948 42
949 42
950 44
951 44
952 44
953 44
954 41
955 42
956 44
957 47
958 45
959 46
960 42
961 43
962 45
963 46
964 43
965 40
966 44
967 42
968 41
969 40
970 37
971 38
972 42
973 44
974 46
975 46
976 43
977 43
978 45
979 45
980 45
981 45
982 45
983 45
984 45
985 44
986 45
987 41
988 42
989 43
990 45
991 47
992 46
993 49
994 45
995 44
996 42
997 42
998 42
999 42
1000 42
