0 85
1 72
2 67
3 63
4 67
5 68
6 67
7 61
8 63
9 61
10 60
11 63
12 64
13 65
14 67
15 63
16 60
17 60
18 56
19 59
20 60
21 60
22 57
23 66
24 64
25 57
26 61
27 56
28 59
29 62
30 67
31 61
32 61
33 61
34 63
35 57
36 59
37 59
38 61
39 59
40 60
41 61
42 59
43 63
44 61
45 60
46 61
47 57
48 58
49 60
50 57
51 57
52 59
53 65
54 66
55 55
56 65
57 57
58 63
59 64
60 65
61 68
62 58
63 57
64 58
65 64
66 66
67 56
68 54
69 61
70 55
71 52
72 58
73 53
74 56
75 49
76 55
77 62
78 61
79 58
80 60
81 65
82 59
83 63
84 65
85 67
86 64
87 64
88 63
89 61
90 61
91 63
92 63
93 60
94 59
95 60
96 56
97 57
98 62
99 62
100 53
101 63
102 58
103 60
104 61
105 62
106 65
107 59
108 60
109 62
110 62
111 62
112 61
113 55
114 53
115 60
116 61
117 61
118 66
119 67
120 61
121 59
122 61
123 62
124 60
125 51
126 61
127 60
128 57
129 57
130 59
131 60
132 58
133 55
134 54
135 59
136 63
137 66
138 62
139 59
140 58
141 56
142 60
143 55
144 53
145 61
146 61
147 55
148 59
149 61
150 62
151 61
152 58
153 57
154 52
155 55
156 55
157 58
158 55
159 55
160 60
161 55
162 57
163 57
164 56
165 59
166 60
167 60
168 61
169 58
170 57
171 50
172 56
173 61
174 62
175 55
176 58
177 67
178 63
179 60
180 63
181 55
182 56
183 54
184 55
185 60
186 61
187 62
188 66
189 65
190 60
191 58
192 62
193 61
194 60
195 59
196 58
197 58
198 64
199 65
200 62
201 56
202 61
203 60
204 64
205 57
206 52
207 61
208 63
209 66
210 64
211 64
212 61
213 57
214 65
215 62
216 63
217 62
218 63
219 60
220 60
221 65
222 62
223 62
224 62
225 60
226 57
227 64
228 65
229 62
230 58
231 65
232 67
233 65
234 62
235 59
236 65
237 65
238 65
239 62
240 68
241 64
242 62
243 61
244 58
245 61
246 58
247 63
248 60
249 58
250 57
251 67
252 61
253 65
254 63
255 65
256 61
257 59
258 63
259 61
260 62
261 61
262 59
263 63
264 62
265 58
266 54
267 62
268 57
269 59
270 64
271 64
272 67
273 62
274 64
275 61
276 62
277 57
278 59
279 59
280 60
281 62
282 65
283 58
284 61
285 63
286 60
287 55
288 58
289 53
290 58
291 60
292 65
293 61
294 58
295 59
296 52
297 57
298 62
299 61
300 64
301 65
302 59
303 58
304 62
305 58
306 60
307 60
308 63
309 65
310 67
311 65
312 65
313 62
314 64
315 59
316 58
317 54
318 54
319 63
320 55
321 49
322 57
323 57
324 64
325 65
326 66
327 57
328 54
329 55
330 60
331 61
332 66
333 60
334 64
335 55
336 58
337 59
338 56
339 57
340 58
341 61
342 57
343 63
344 62
345 62
346 61
347 65
348 60
349 54
350 59
351 54
352 58
353 54
354 57
355 61
356 69
357 64
358 60
359 56
360 61
361 65
362 60
363 59
364 65
365 66
366 61
367 64
368 60
369 65
370 60
371 54
372 53
373 56
374 55
375 56
376 57
377 55
378 61
379 60
380 60
381 59
382 57
383 58
384 61
385 61
386 59
387 63
388 60
389 54
390 59
391 60
392 58
393 58
394 61
395 64
396 63
397 64
398 62
399 62
400 59
401 61
402 58
403 60
404 60
405 60
406 57
407 57
408 59
409 62
410 64
411 61
412 58
413 61
414 61
415 60
416 65
417 62
418 62
419 62
420 66
421 62
422 63
423 61
424 61
425 56
426 61
427 63
428 61
429 60
430 61
431 59
432 61
433 65
434 67
435 62
436 60
437 62
438 62
439 61
440 64
441 62
442 67
443 57
444 59
445 62
446 65
447 62
448 64
449 60
450 57
451 56
452 58
453 60
454 58
455 59
456 60
457 64
458 63
459 63
460 60
461 65
462 63
463 56
464 64
465 65
466 61
467 59
468 57
469 60
470 58
471 57
472 59
473 66
474 64
475 60
476 60
477 55
478 59
479 62
480 66
481 59
482 59
483 61
484 60
485 62
486 60
487 60
488 61
489 62
490 56
491 57
492 59
493 58
494 66
495 63
496 58
497 52
498 57
499 62
500 56
501 63
502 60
503 67
504 58
505 56
506 57
507 59
508 59
509 62
510 59
511 58
512 60
513 61
514 64
515 61
516 61
517 58
518 59
519 65
520 61
521 65
522 64
523 65
524 61
525 62
526 63
527 63
528 63
529 62
530 62
531 61
532 61
533 62
534 59
535 58
536 58
537 57
538 59
539 64
540 67
541 65
542 62
543 61
544 57
545 62
546 61
547 56
548 59
549 56
550 56
551 59
552 51
553 55
554 56
555 60
556 55
557 60
558 58
559 61
560 61
561 63
562 56
563 64
564 66
565 61
566 63
567 59
568 60
569 64
570 60
571 61
572 61
573 64
574 64
575 61
576 62
577 66
578 62
579 63
580 63
581 63
582 66
583 62
584 55
585 61
586 61
587 61
588 64
589 66
590 66
591 66
592 67
593 60
594 59
595 60
596 53
597 59
598 68
599 63
600 62
601 66
602 65
603 60
604 62
605 62
606 60
607 61
608 57
609 55
610 61
611 64
612 66
613 63
614 63
615 63
616 60
617 60
618 60
619 67
620 64
621 62
622 64
623 56
624 56
625 60
626 57
627 59
628 62
629 64
630 62
631 63
632 63
633 59
634 61
635 60
636 60
637 58
638 52
639 54
640 58
641 62
642 67
643 63
644 56
645 64
646 61
647 57
648 57
649 56
650 54
651 59
652 61
653 64
654 61
655 65
656 62
657 67
658 65
659 64
660 59
661 58
662 58
663 61
664 52
665 58
666 57
667 59
668 57
669 63
670 66
671 62
672 61
673 59
674 56
675 61
676 55
677 60
678 59
679 61
680 65
681 59
682 58
683 59
684 60
685 56
686 61
687 60
688 63
689 62
690 59
691 62
692 60
693 58
694 53
695 60
696 58
697 58
698 56
699 61
700 61
701 64
702 65
703 60
704 58
705 59
706 54
707 60
708 62
709 57
710 58
711 60
712 59
713 64
714 64
715 63
716 57
717 51
718 57
719 63
720 57
721 58
722 58
723 59
724 63
725 67
726 63
727 61
728 67
729 65
730 69
731 66
732 67
733 58
734 61
735 59
736 56
737 64
738 58
739 65
740 63
741 62
742 64
743 59
744 61
745 64
746 58
747 58
748 59
749 60
750 63
751 64
752 62
753 62
754 59
755 63
756 62
757 66
758 58
759 57
760 58
761 56
762 61
763 61
764 64
765 62
766 63
767 59
768 62
769 62
770 66
771 65
772 60
773 54
774 52
775 59
776 55
777 62
778 60
779 55
780 61
781 58
782 62
783 65
784 58
785 61
786 61
787 65
788 64
789 63
790 58
791 60
792 59
793 62
794 63
795 57
796 58
797 53
798 54
799 59
800 59
801 56
802 53
803 51
804 61
805 62
806 59
807 61
808 58
809 64
810 58
811 58
812 58
813 56
814 60
815 54
816 61
817 63
818 63
819 68
820 61
821 62
822 61
823 61
824 58
825 61
826 62
827 62
828 65
829 62
830 56
831 53
832 62
833 57
834 58
835 61
836 61
837 60
838 55
839 61
840 59
841 64
842 58
843 58
844 60
845 58
846 60
847 57
848 59
849 59
850 60
851 61
852 62
853 62
854 63
855 59
856 61
857 61
858 64
859 59
860 56
861 58
862 60
863 62
864 62
865 64
866 57
867 52
868 59
869 57
870 62
871 56
872 59
873 57
874 61
875 59
876 52
877 58
878 63
879 62
880 67
881 65
882 64
883 66
884 62
885 66
886 68
887 67
888 65
889 63
890 61
891 59
892 63
893 61
894 61
895 63
896 60
897 57
898 59
899 63
900 61
901 62
902 64
903 66
904 64
905 64
906 67
907 63
908 60
909 49
910 57
911 62
912 58
913 64
914 63
915 63
916 58
917 61
918 65
919 65
920 66
921 67
922 62
923 64
924 64
925 63
926 59
927 57
928 59
929 68
930 62
931 63
932 60
933 62
934 62
935 65
936 63
937 64
938 61
939 58
940 62
941 57
942 57
943 64
944 68
945 68
946 62
947 62
948 58
949 60
950 62
951 62
952 62
953 59
954 57
955 67
956 63
957 54
958 56
959 60
960 65
961 62
962 61
963 63
964 59
965 59
966 62
967 57
968 63
969 58
970 54
971 58
972 65
973 66
974 55
975 58
976 63
977 61
978 57
979 63
980 60
981 62
982 55
983 58
984 64
985 65
986 62
987 60
988 56
989 56
990 59
991 57
992 61
993 60
994 59
995 60
996 57
997 51
998 61
999 56
1000 56
