0 40
1 37
2 33
3 32
4 29
5 27
6 23
7 23
8 22
9 21
10 20
11 18
12 18
13 18
14 18
15 18
16 16
17 16
18 16
19 16
20 17
21 17
22 18
23 16
24 16
25 15
26 14
27 13
28 13
29 11
30 12
31 11
32 10
33 12
34 11
35 12
36 11
37 11
38 12
39 12
40 11
41 11
42 11
43 12
44 11
45 13
46 14
47 14
48 13
49 14
50 15
51 13
52 14
53 12
54 10
55 11
56 10
57 8
58 7
59 10
60 10
61 12
62 14
63 14
64 13
65 13
66 13
67 12
68 13
69 14
70 15
71 13
72 12
73 12
74 11
75 11
76 11
77 12
78 12
79 12
80 12
81 13
82 13
83 13
84 14
85 13
86 15
87 15
88 15
89 15
90 15
91 16
92 16
93 17
94 16
95 15
96 12
97 13
98 15
99 15
100 15
101 16
102 16
103 18
104 18
105 18
106 18
107 16
108 16
109 14
110 14
111 14
112 14
113 14
114 15
115 13
116 13
117 14
118 15
119 16
120 17
121 16
122 16
123 16
124 15
125 16
126 15
127 15
128 14
129 15
130 14
131 15
132 16
133 15
134 16
135 15
136 16
137 14
138 15
139 15
140 16
141 16
142 15
143 14
144 14
145 14
146 14
147 15
148 14
149 14
150 14
151 14
152 15
153 16
154 16
155 15
156 13
157 14
158 14
159 16
160 16
161 16
162 16
163 16
164 16
165 17
166 17
167 18
168 18
169 18
170 18
171 15
172 13
173 15
174 15
175 13
176 15
177 16
178 16
179 16
180 16
181 14
182 14
183 15
184 15
185 16
186 15
187 15
188 16
189 17
190 17
191 18
192 18
193 18
194 16
195 16
196 16
197 16
198 16
199 16
200 15
201 14
202 14
203 14
204 14
205 14
206 14
207 13
208 13
209 12
210 13
211 12
212 14
213 16
214 15
215 17
216 16
217 15
218 15
219 15
220 15
221 14
222 15
223 15
224 14
225 15
226 15
227 15
228 14
229 15
230 15
231 15
232 16
233 16
234 16
235 14
236 15
237 15
238 14
239 16
240 15
241 14
242 15
243 15
244 14
245 15
246 15
247 15
248 16
249 17
250 17
251 17
252 17
253 16
254 15
255 16
256 16
257 17
258 16
259 18
260 17
261 15
262 17
263 15
264 14
265 15
266 15
267 15
268 16
269 18
270 18
271 19
272 19
273 18
274 19
275 18
276 18
277 19
278 18
279 18
280 18
281 17
282 18
283 18
284 17
285 17
286 18
287 18
288 16
289 17
290 17
291 16
292 15
293 16
294 16
295 14
296 13
297 13
298 14
299 14
300 14
301 14
302 16
303 16
304 17
305 15
306 15
307 16
308 14
309 14
310 13
311 12
312 12
313 12
314 13
315 13
316 13
317 15
318 16
319 16
320 16
321 15
322 14
323 15
324 15
325 15
326 16
327 16
328 16
329 16
330 16
331 17
332 18
333 17
334 18
335 17
336 17
337 17
338 15
339 15
340 15
341 15
342 14
343 15
344 15
345 15
346 14
347 15
348 15
349 15
350 15
351 16
352 15
353 16
354 17
355 18
356 19
357 18
358 18
359 20
360 20
361 19
362 18
363 18
364 17
365 16
366 17
367 16
368 15
369 16
370 16
371 16
372 18
373 18
374 18
375 18
376 18
377 19
378 18
379 18
380 17
381 16
382 14
383 15
384 16
385 16
386 17
387 17
388 16
389 16
390 16
391 16
392 17
393 17
394 16
395 15
396 15
397 17
398 16
399 15
400 16
401 17
402 16
403 17
404 16
405 16
406 16
407 16
408 17
409 17
410 17
411 18
412 17
413 17
414 17
415 17
416 17
417 16
418 16
419 18
420 19
421 20
422 20
423 18
424 18
425 18
426 18
427 18
428 19
429 20
430 19
431 19
432 19
433 20
434 19
435 17
436 16
437 16
438 16
439 15
440 12
441 10
442 10
443 12
444 11
445 11
446 12
447 11
448 12
449 13
450 13
451 13
452 13
453 15
454 14
455 14
456 13
457 14
458 15
459 16
460 16
461 16
462 16
463 15
464 16
465 16
466 17
467 19
468 17
469 15
470 15
471 15
472 15
473 14
474 13
475 13
476 13
477 13
478 13
479 12
480 12
481 11
482 10
483 10
484 9
485 10
486 12
487 12
488 14
489 15
490 16
491 17
492 12
493 13
494 14
495 13
496 12
497 12
498 13
499 13
500 13
501 14
502 14
503 15
504 16
505 16
506 14
507 14
508 14
509 14
510 13
511 14
512 15
513 14
514 15
515 15
516 15
517 15
518 16
519 15
520 15
521 14
522 14
523 13
524 13
525 11
526 13
527 14
528 15
529 14
530 12
531 10
532 11
533 11
534 13
535 14
536 15
537 14
538 13
539 14
540 15
541 17
542 18
543 18
544 18
545 18
546 19
547 19
548 18
549 17
550 17
551 16
552 15
553 16
554 14
555 15
556 14
557 14
558 15
559 15
560 14
561 14
562 14
563 15
564 15
565 15
566 16
567 16
568 16
569 17
570 16
571 18
572 18
573 17
574 17
575 16
576 17
577 17
578 16
579 15
580 16
581 15
582 15
583 15
584 16
585 16
586 16
587 16
588 16
589 16
590 16
591 15
592 15
593 16
594 15
595 15
596 15
597 14
598 15
599 15
600 17
601 18
602 17
603 17
604 16
605 16
606 16
607 16
608 17
609 17
610 19
611 19
612 19
613 19
614 18
615 19
616 18
617 15
618 15
619 14
620 14
621 15
622 15
623 15
624 16
625 15
626 14
627 14
628 15
629 16
630 15
631 16
632 16
633 14
634 16
635 15
636 14
637 13
638 13
639 12
640 10
641 10
642 11
643 10
644 12
645 13
646 14
647 14
648 14
649 13
650 12
651 12
652 13
653 14
654 15
655 15
656 15
657 16
658 17
659 17
660 15
661 15
662 14
663 15
664 15
665 14
666 15
667 16
668 15
669 16
670 17
671 17
672 16
673 17
674 19
675 19
676 19
677 18
678 18
679 17
680 17
681 15
682 13
683 14
684 13
685 14
686 14
687 14
688 14
689 15
690 14
691 15
692 15
693 15
694 15
695 13
696 16
697 15
698 15
699 15
700 15
701 14
702 13
703 14
704 13
705 13
706 13
707 11
708 10
709 10
710 11
711 12
712 12
713 12
714 13
715 13
716 12
717 13
718 14
719 14
720 14
721 14
722 15
723 16
724 16
725 15
726 16
727 17
728 17
729 17
730 18
731 15
732 15
733 14
734 15
735 14
736 14
737 14
738 13
739 13
740 12
741 11
742 11
743 12
744 12
745 13
746 12
747 12
748 10
749 11
750 11
751 11
752 12
753 13
754 14
755 13
756 10
757 11
758 11
759 11
760 11
761 12
762 10
763 9
764 7
765 10
766 8
767 9
768 10
769 10
770 10
771 12
772 11
773 12
774 15
775 15
776 13
777 13
778 15
779 15
780 16
781 17
782 16
783 16
784 16
785 15
786 14
787 14
788 15
789 14
790 16
791 17
792 15
793 15
794 15
795 16
796 15
797 15
798 16
799 16
800 17
801 17
802 18
803 19
804 18
805 19
806 18
807 19
808 17
809 16
810 16
811 15
812 16
813 16
814 15
815 14
816 14
817 14
818 14
819 15
820 15
821 15
822 14
823 13
824 14
825 15
826 16
827 15
828 14
829 15
830 13
831 14
832 14
833 15
834 14
835 14
836 13
837 12
838 13
839 13
840 14
841 14
842 11
843 12
844 12
845 12
846 12
847 13
848 13
849 13
850 14
851 14
852 15
853 13
854 14
855 12
856 12
857 13
858 13
859 14
860 15
861 16
862 18
863 18
864 17
865 16
866 16
867 17
868 18
869 17
870 17
871 15
872 15
873 16
874 15
875 17
876 17
877 15
878 15
879 13
880 13
881 11
882 12
883 12
884 14
885 14
886 13
887 14
888 15
889 15
890 15
891 16
892 17
893 17
894 16
895 15
896 15
897 15
898 16
899 16
900 17
901 16
902 16
903 16
904 15
905 16
906 17
907 17
908 17
909 17
910 16
911 17
912 16
913 16
914 16
915 16
916 17
917 15
918 16
919 16
920 17
921 17
922 16
923 16
924 15
925 14
926 15
927 16
928 16
929 15
930 15
931 15
932 16
933 15
934 14
935 15
936 15
937 15
938 17
939 16
940 16
941 15
942 17
943 17
944 15
945 16
946 16
947 15
948 15
949 16
950 16
951 15
952 16
953 16
954 15
955 14
956 13
957 14
958 14
959 13
960 13
961 14
962 15
963 14
964 14
965 14
966 15
967 16
968 18
969 18
970 19
971 19
972 19
973 16
974 17
975 17
976 16
977 16
978 16
979 15
980 15
981 15
982 15
983 15
984 15
985 14
986 14
987 13
988 14
989 14
990 14
991 14
992 15
993 16
994 16
995 16
996 17
997 18
998 18
999 17
1000 16
