0 65
1 50
2 47
3 47
4 48
5 43
6 46
7 42
8 40
9 40
10 40
11 44
12 42
13 46
14 45
15 45
16 46
17 44
18 46
19 46
20 47
21 44
22 42
23 38
24 40
25 49
26 49
27 42
28 47
29 47
30 45
31 46
32 45
33 47
34 48
35 43
36 47
37 46
38 50
39 48
40 44
41 45
42 51
43 49
44 46
45 52
46 54
47 53
48 51
49 45
50 41
51 40
52 49
53 48
54 45
55 46
56 49
57 47
58 45
59 44
60 44
61 47
62 47
63 46
64 53
65 46
66 42
67 38
68 39
69 46
70 44
71 46
72 43
73 44
74 46
75 48
76 50
77 51
78 49
79 47
80 51
81 47
82 50
83 46
84 46
85 46
86 42
87 52
88 46
89 45
90 46
91 47
92 39
93 42
94 38
95 48
96 44
97 45
98 47
99 44
100 48
101 50
102 47
103 48
104 44
105 42
106 44
107 43
108 41
109 46
110 44
111 46
112 40
113 39
114 43
115 45
116 41
117 43
118 43
119 43
120 43
121 46
122 46
123 48
124 45
125 45
126 45
127 45
128 46
129 44
130 41
131 38
132 42
133 47
134 46
135 46
136 45
137 42
138 42
139 47
140 48
141 47
142 44
143 50
144 42
145 47
146 49
147 46
148 48
149 44
150 38
151 44
152 45
153 48
154 46
155 46
156 44
157 47
158 49
159 44
160 42
161 44
162 43
163 46
164 48
165 52
166 45
167 50
168 53
169 53
170 48
171 47
172 45
173 45
174 41
175 40
176 42
177 43
178 43
179 44
180 46
181 46
182 47
183 46
184 45
185 46
186 45
187 45
188 44
189 44
190 46
191 44
192 44
193 44
194 47
195 45
196 36
197 41
198 39
199 41
200 45
201 44
202 40
203 39
204 47
205 46
206 46
207 41
208 45
209 44
210 42
211 39
212 39
213 42
214 43
215 45
216 46
217 48
218 45
219 44
220 45
221 48
222 44
223 42
224 48
225 44
226 46
227 48
228 49
229 46
230 42
231 43
232 43
233 42
234 47
235 52
236 49
237 52
238 45
239 44
240 46
241 43
242 44
243 40
244 43
245 40
246 44
247 43
248 42
249 44
250 47
251 45
252 42
253 35
254 43
255 44
256 44
257 46
258 43
259 47
260 44
261 43
262 42
263 44
264 50
265 41
266 45
267 48
268 48
269 49
270 44
271 46
272 43
273 40
274 42
275 43
276 46
277 52
278 45
279 49
280 50
281 48
282 47
283 46
284 49
285 48
286 51
287 48
288 47
289 44
290 44
291 40
292 47
293 48
294 44
295 42
296 41
297 47
298 49
299 48
300 48
301 47
302 51
303 46
304 46
305 47
306 52
307 47
308 47
309 43
310 46
311 46
312 44
313 46
314 46
315 46
316 41
317 47
318 45
319 40
320 45
321 44
322 47
323 47
324 40
325 51
326 44
327 45
328 42
329 47
330 47
331 48
332 43
333 40
334 41
335 47
336 48
337 44
338 43
339 46
340 47
341 49
342 45
343 45
344 45
345 43
346 40
347 44
348 40
349 42
350 49
351 44
352 48
353 46
354 43
355 42
356 48
357 48
358 43
359 44
360 44
361 48
362 50
363 45
364 43
365 43
366 40
367 43
368 44
369 47
370 50
371 51
372 39
373 43
374 45
375 48
376 45
377 48
378 41
379 44
380 44
381 44
382 46
383 52
384 53
385 49
386 49
387 50
388 46
389 44
390 43
391 43
392 41
393 45
394 46
395 44
396 44
397 45
398 44
399 49
400 49
401 47
402 50
403 44
404 47
405 47
406 46
407 46
408 46
409 41
410 36
411 40
412 45
413 47
414 50
415 43
416 44
417 45
418 45
419 43
420 40
421 37
422 41
423 47
424 48
425 49
426 51
427 48
428 46
429 46
430 44
431 44
432 43
433 42
434 44
435 49
436 47
437 48
438 48
439 50
440 45
441 46
442 44
443 49
444 44
445 44
446 45
447 47
448 49
449 47
450 50
451 49
452 48
453 45
454 44
455 48
456 48
457 49
458 50
459 49
460 46
461 43
462 49
463 45
464 48
465 45
466 48
467 50
468 48
469 45
470 44
471 44
472 45
473 48
474 41
475 42
476 43
477 45
478 42
479 43
480 44
481 47
482 51
483 48
484 51
485 52
486 48
487 47
488 50
489 52
490 49
491 52
492 51
493 48
494 49
495 50
496 47
497 43
498 46
499 44
500 43
501 42
502 46
503 45
504 43
505 43
506 43
507 41
508 43
509 43
510 47
511 45
512 48
513 39
514 47
515 44
516 46
517 43
518 43
519 47
520 50
521 50
522 52
523 48
524 44
525 40
526 46
527 44
528 43
529 50
530 48
531 47
532 47
533 50
534 48
535 45
536 41
537 43
538 47
539 43
540 41
541 39
542 39
543 41
544 39
545 44
546 42
547 49
548 50
549 53
550 49
551 45
552 44
553 43
554 49
555 44
556 46
557 44
558 39
559 46
560 45
561 44
562 49
563 49
564 44
565 46
566 45
567 43
568 44
569 46
570 41
571 43
572 46
573 45
574 45
575 47
576 47
577 43
578 45
579 45
580 45
581 49
582 43
583 47
584 41
585 41
586 41
587 46
588 46
589 48
590 45
591 45
592 47
593 44
594 47
595 48
596 46
597 45
598 50
599 49
600 47
601 43
602 43
603 47
604 46
605 50
606 51
607 46
608 49
609 46
610 49
611 51
612 51
613 50
614 48
615 49
616 50
617 48
618 41
619 42
620 41
621 45
622 45
623 40
624 39
625 45
626 45
627 45
628 49
629 51
630 49
631 43
632 44
633 45
634 46
635 48
636 43
637 39
638 41
639 43
640 40
641 41
642 42
643 42
644 44
645 44
646 46
647 46
648 49
649 46
650 50
651 47
652 44
653 45
654 47
655 45
656 44
657 45
658 51
659 50
660 51
661 48
662 46
663 49
664 45
665 46
666 43
667 47
668 44
669 47
670 42
671 47
672 47
673 46
674 49
675 48
676 50
677 44
678 43
679 37
680 44
681 46
682 45
683 43
684 45
685 48
686 49
687 49
688 48
689 50
690 46
691 46
692 48
693 43
694 39
695 40
696 40
697 43
698 40
699 41
700 48
701 47
702 51
703 48
704 42
705 44
706 44
707 42
708 48
709 44
710 41
711 44
712 46
713 45
714 44
715 47
716 46
717 50
718 49
719 45
720 47
721 49
722 45
723 46
724 46
725 47
726 49
727 49
728 51
729 51
730 50
731 46
732 42
733 42
734 44
735 40
736 44
737 40
738 42
739 43
740 42
741 45
742 42
743 49
744 47
745 44
746 43
747 44
748 48
749 47
750 45
751 44
752 45
753 45
754 41
755 47
756 42
757 44
758 41
759 42
760 43
761 47
762 49
763 47
764 50
765 43
766 41
767 44
768 42
769 41
770 43
771 43
772 49
773 46
774 46
775 45
776 48
777 48
778 47
779 46
780 44
781 43
782 47
783 41
784 43
785 44
786 42
787 38
788 42
789 45
790 41
791 45
792 44
793 41
794 43
795 39
796 44
797 44
798 43
799 46
800 43
801 40
802 41
803 43
804 42
805 43
806 46
807 47
808 47
809 46
810 45
811 46
812 41
813 43
814 45
815 46
816 40
817 41
818 44
819 43
820 46
821 38
822 40
823 43
824 43
825 46
826 48
827 46
828 46
829 45
830 46
831 44
832 44
833 48
834 48
835 50
836 52
837 47
838 47
839 47
840 49
841 51
842 42
843 46
844 43
845 45
846 46
847 46
848 44
849 46
850 45
851 43
852 42
853 51
854 50
855 50
856 48
857 46
858 45
859 44
860 46
861 44
862 43
863 44
864 43
865 40
866 42
867 43
868 50
869 49
870 47
871 45
872 46
873 43
874 44
875 45
876 46
877 49
878 47
879 49
880 46
881 47
882 48
883 49
884 41
885 45
886 49
887 47
888 46
889 48
890 48
891 46
892 45
893 45
894 45
895 48
896 44
897 47
898 48
899 47
900 51
901 43
902 44
903 46
904 49
905 49
906 42
907 42
908 46
909 48
910 42
911 44
912 43
913 38
914 42
915 41
916 44
917 43
918 43
919 43
920 47
921 46
922 43
923 46
924 42
925 42
926 42
927 47
928 43
929 44
930 46
931 45
932 39
933 44
934 45
935 47
936 45
937 39
938 41
939 46
940 46
941 40
942 40
943 41
944 37
945 42
946 45
947 46
948 41
949 44
950 40
951 46
952 52
953 50
954 48
955 49
956 47
957 51
958 48
959 44
960 44
961 44
962 43
963 43
964 43
965 47
966 46
967 48
968 47
969 52
970 49
971 48
972 47
973 42
974 46
975 49
976 46
977 49
978 43
979 46
980 46
981 50
982 44
983 48
984 50
985 41
986 47
987 46
988 48
989 49
990 44
991 40
992 46
993 45
994 45
995 45
996 45
997 46
998 47
999 44
1000 48
