0 70
1 49
2 47
3 47
4 45
5 44
6 49
7 48
8 46
9 42
10 46
11 50
12 49
13 48
14 47
15 44
16 48
17 47
18 45
19 42
20 37
21 42
22 42
23 44
24 47
25 42
26 42
27 48
28 44
29 42
30 38
31 43
32 44
33 45
34 47
35 47
36 49
37 45
38 45
39 46
40 44
41 47
42 47
43 46
44 43
45 40
46 42
47 40
48 43
49 40
50 42
51 40
52 42
53 45
54 44
55 46
56 44
57 44
58 47
59 46
60 42
61 41
62 44
63 48
64 45
65 44
66 48
67 48
68 41
69 41
70 46
71 46
72 46
73 43
74 44
75 45
76 48
77 46
78 42
79 46
80 46
81 46
82 43
83 42
84 44
85 40
86 45
87 49
88 48
89 46
90 44
91 41
92 43
93 46
94 45
95 43
96 44
97 43
98 40
99 44
100 47
101 44
102 46
103 47
104 45
105 46
106 44
107 45
108 49
109 48
110 50
111 51
112 47
113 48
114 47
115 48
116 48
117 51
118 43
119 44
120 45
121 46
122 45
123 48
124 45
125 42
126 49
127 49
128 44
129 45
130 41
131 42
132 45
133 45
134 46
135 45
136 45
137 49
138 44
139 42
140 39
141 42
142 46
143 44
144 45
145 49
146 49
147 52
148 51
149 52
150 50
151 45
152 48
153 44
154 43
155 41
156 44
157 46
158 42
159 45
160 43
161 43
162 43
163 42
164 43
165 45
166 43
167 45
168 47
169 48
170 47
171 44
172 42
173 50
174 48
175 45
176 48
177 49
178 45
179 44
180 49
181 48
182 48
183 48
184 45
185 43
186 43
187 41
188 44
189 44
190 44
191 42
192 44
193 43
194 47
195 47
196 48
197 45
198 45
199 44
200 41
201 50
202 45
203 44
204 43
205 45
206 46
207 53
208 47
209 44
210 46
211 48
212 46
213 46
214 43
215 47
216 47
217 44
218 44
219 48
220 46
221 49
222 49
223 44
224 49
225 45
226 45
227 47
228 46
229 45
230 48
231 45
232 46
233 47
234 47
235 45
236 46
237 46
238 47
239 47
240 45
241 44
242 45
243 50
244 44
245 47
246 43
247 45
248 45
249 47
250 43
251 45
252 41
253 47
254 43
255 44
256 45
257 43
258 42
259 42
260 46
261 45
262 47
263 41
264 45
265 42
266 42
267 43
268 46
269 47
270 45
271 44
272 44
273 43
274 47
275 46
276 46
277 45
278 39
279 43
280 40
281 44
282 48
283 47
284 47
285 43
286 42
287 46
288 47
289 46
290 44
291 44
292 48
293 51
294 49
295 47
296 48
297 47
298 48
299 44
300 44
301 47
302 44
303 41
304 41
305 43
306 41
307 40
308 43
309 46
310 45
311 45
312 50
313 46
314 47
315 42
316 45
317 45
318 45
319 50
320 46
321 48
322 45
323 42
324 46
325 48
326 44
327 46
328 46
329 47
330 49
331 43
332 45
333 45
334 46
335 44
336 49
337 50
338 46
339 46
340 45
341 41
342 43
343 40
344 41
345 44
346 47
347 47
348 51
349 49
350 49
351 45
352 44
353 48
354 50
355 47
356 48
357 46
358 48
359 48
360 44
361 52
362 47
363 43
364 48
365 51
366 46
367 43
368 45
369 46
370 44
371 47
372 49
373 45
374 42
375 45
376 48
377 45
378 40
379 43
380 49
381 49
382 39
383 45
384 48
385 47
386 48
387 49
388 45
389 44
390 48
391 48
392 48
393 42
394 44
395 45
396 50
397 48
398 47
399 40
400 45
401 44
402 48
403 42
404 46
405 38
406 40
407 48
408 51
409 47
410 48
411 43
412 44
413 47
414 45
415 47
416 47
417 44
418 48
419 48
420 47
421 45
422 44
423 47
424 45
425 43
426 44
427 49
428 48
429 42
430 48
431 42
432 43
433 44
434 46
435 45
436 42
437 44
438 42
439 45
440 47
441 45
442 46
443 42
444 43
445 47
446 50
447 41
448 47
449 52
450 46
451 48
452 46
453 47
454 45
455 47
456 46
457 43
458 46
459 50
460 51
461 43
462 48
463 47
464 48
465 48
466 48
467 44
468 41
469 41
470 44
471 42
472 42
473 44
474 44
475 45
476 43
477 39
478 44
479 45
480 45
481 48
482 44
483 48
484 45
485 46
486 45
487 46
488 40
489 44
490 47
491 46
492 45
493 45
494 49
495 47
496 45
497 49
498 46
499 46
500 49
501 45
502 47
503 51
504 47
505 45
506 46
507 50
508 49
509 46
510 39
511 44
512 45
513 45
514 47
515 46
516 47
517 51
518 47
519 48
520 50
521 48
522 48
523 45
524 43
525 46
526 45
527 47
528 44
529 46
530 48
531 43
532 47
533 49
534 46
535 46
536 47
537 45
538 43
539 48
540 47
541 43
542 47
543 45
544 49
545 48
546 44
547 46
548 42
549 44
550 44
551 39
552 43
553 45
554 46
555 44
556 46
557 48
558 42
559 47
560 51
561 47
562 48
563 49
564 51
565 53
566 52
567 49
568 47
569 46
570 44
571 48
572 48
573 42
574 43
575 41
576 43
577 42
578 41
579 43
580 44
581 41
582 46
583 44
584 48
585 48
586 48
587 47
588 45
589 45
590 49
591 48
592 48
593 48
594 44
595 49
596 44
597 46
598 43
599 45
600 49
601 49
602 49
603 49
604 49
605 47
606 51
607 46
608 47
609 42
610 45
611 50
612 49
613 43
614 46
615 46
616 48
617 46
618 48
619 49
620 44
621 48
622 47
623 47
624 47
625 50
626 50
627 49
628 47
629 48
630 47
631 51
632 50
633 51
634 49
635 46
636 48
637 48
638 44
639 42
640 48
641 43
642 45
643 44
644 41
645 45
646 49
647 47
648 50
649 47
650 45
651 45
652 38
653 42
654 42
655 47
656 43
657 47
658 45
659 51
660 49
661 46
662 50
663 47
664 44
665 45
666 42
667 40
668 46
669 41
670 43
671 45
672 46
673 47
674 39
675 43
676 43
677 44
678 50
679 44
680 47
681 43
682 45
683 44
684 45
685 44
686 47
687 46
688 50
689 45
690 45
691 46
692 45
693 46
694 48
695 49
696 49
697 43
698 47
699 47
700 44
701 46
702 43
703 42
704 42
705 47
706 50
707 52
708 42
709 40
710 40
711 47
712 47
713 47
714 48
715 47
716 44
717 48
718 51
719 52
720 47
721 48
722 51
723 52
724 45
725 41
726 44
727 43
728 43
729 46
730 48
731 45
732 42
733 42
734 44
735 47
736 46
737 47
738 49
739 48
740 45
741 45
742 46
743 41
744 47
745 46
746 50
747 45
748 45
749 45
750 46
751 46
752 47
753 43
754 45
755 42
756 45
757 46
758 43
759 46
760 47
761 47
762 47
763 50
764 46
765 46
766 49
767 50
768 46
769 47
770 45
771 46
772 43
773 39
774 42
775 36
776 44
777 44
778 46
779 44
780 43
781 44
782 46
783 43
784 43
785 42
786 40
787 40
788 39
789 45
790 41
791 44
792 43
793 45
794 45
795 49
796 45
797 47
798 49
799 47
800 45
801 43
802 47
803 47
804 44
805 46
806 48
807 45
808 41
809 47
810 43
811 48
812 43
813 39
814 47
815 42
816 46
817 51
818 47
819 47
820 43
821 48
822 48
823 48
824 49
825 45
826 44
827 47
828 47
829 48
830 46
831 43
832 43
833 43
834 50
835 48
836 47
837 48
838 44
839 43
840 45
841 46
842 47
843 47
844 47
845 49
846 50
847 46
848 44
849 45
850 44
851 45
852 49
853 50
854 49
855 42
856 45
857 48
858 51
859 51
860 45
861 45
862 49
863 48
864 47
865 46
866 50
867 46
868 46
869 50
870 46
871 50
872 46
873 46
874 42
875 44
876 42
877 44
878 45
879 45
880 44
881 46
882 42
883 41
884 45
885 50
886 44
887 42
888 47
889 43
890 45
891 49
892 45
893 44
894 45
895 45
896 45
897 48
898 42
899 45
900 45
901 45
902 44
903 46
904 43
905 48
906 47
907 47
908 49
909 45
910 45
911 48
912 49
913 46
914 48
915 48
916 45
917 47
918 48
919 45
920 48
921 51
922 46
923 44
924 46
925 47
926 47
927 50
928 48
929 42
930 48
931 47
932 47
933 48
934 50
935 47
936 43
937 47
938 50
939 48
940 47
941 46
942 46
943 51
944 50
945 49
946 44
947 43
948 45
949 46
950 45
951 45
952 46
953 45
954 48
955 45
956 48
957 45
958 42
959 42
960 46
961 46
962 41
963 45
964 42
965 43
966 48
967 47
968 46
969 47
970 47
971 45
972 45
973 43
974 46
975 43
976 46
977 46
978 47
979 48
980 49
981 46
982 47
983 44
984 46
985 45
986 40
987 43
988 43
989 43
990 45
991 46
992 49
993 47
994 43
995 46
996 45
997 46
998 42
999 46
1000 47
