0 80
1 62
2 60
3 57
4 51
5 53
6 53
7 53
8 52
9 52
10 50
11 52
12 57
13 55
14 53
15 60
16 55
17 53
18 55
19 52
20 55
21 56
22 53
23 51
24 55
25 50
26 54
27 56
28 57
29 57
30 54
31 55
32 57
33 54
34 52
35 51
36 52
37 56
38 55
39 55
40 51
41 52
42 52
43 50
44 48
45 53
46 52
47 50
48 51
49 52
50 56
51 58
52 55
53 55
54 49
55 50
56 51
57 58
58 54
59 54
60 53
61 55
62 53
63 56
64 52
65 52
66 53
67 51
68 50
69 52
70 54
71 56
72 54
73 52
74 51
75 55
76 59
77 57
78 54
79 50
80 53
81 52
82 55
83 53
84 57
85 53
86 55
87 57
88 54
89 52
90 55
91 56
92 54
93 53
94 49
95 54
96 55
97 57
98 58
99 57
100 56
101 51
102 54
103 56
104 53
105 58
106 57
107 54
108 55
109 57
110 55
111 55
112 51
113 56
114 52
115 54
116 53
117 53
118 49
119 56
120 50
121 51
122 56
123 55
124 54
125 55
126 56
127 53
128 52
129 51
130 48
131 50
132 56
133 50
134 53
135 50
136 54
137 53
138 53
139 56
140 54
141 53
142 51
143 54
144 57
145 57
146 55
147 55
148 57
149 52
150 50
151 54
152 52
153 52
154 52
155 49
156 53
157 55
158 51
159 53
160 54
161 55
162 51
163 54
164 54
165 57
166 58
167 55
168 57
169 57
170 56
171 55
172 57
173 48
174 48
175 55
176 51
177 52
178 55
179 53
180 55
181 55
182 52
183 52
184 56
185 56
186 53
187 49
188 55
189 50
190 51
191 52
192 51
193 52
194 51
195 57
196 57
197 60
198 53
199 53
200 56
201 50
202 49
203 52
204 53
205 51
206 53
207 57
208 52
209 51
210 54
211 53
212 55
213 56
214 54
215 59
216 57
217 53
218 57
219 55
220 53
221 59
222 53
223 56
224 53
225 56
226 52
227 51
228 55
229 53
230 54
231 55
232 52
233 53
234 54
235 50
236 56
237 53
238 51
239 52
240 53
241 55
242 52
243 56
244 53
245 53
246 51
247 54
248 52
249 55
250 56
251 52
252 58
253 56
254 57
255 58
256 58
257 58
258 53
259 52
260 55
261 52
262 50
263 54
264 54
265 54
266 52
267 53
268 55
269 59
270 51
271 55
272 55
273 49
274 53
275 55
276 56
277 57
278 54
279 54
280 58
281 58
282 55
283 53
284 58
285 55
286 55
287 48
288 54
289 55
290 55
291 47
292 50
293 52
294 56
295 56
296 54
297 55
298 53
299 50
300 48
301 52
302 50
303 53
304 55
305 55
306 57
307 49
308 51
309 48
310 53
311 55
312 54
313 57
314 56
315 51
316 52
317 52
318 49
319 54
320 53
321 56
322 56
323 50
324 55
325 56
326 53
327 55
328 54
329 49
330 48
331 51
332 54
333 53
334 50
335 54
336 51
337 57
338 60
339 52
340 52
341 55
342 50
343 50
344 54
345 48
346 50
347 53
348 52
349 54
350 54
351 54
352 53
353 56
354 53
355 53
356 53
357 49
358 53
359 55
360 56
361 54
362 53
363 50
364 51
365 55
366 53
367 53
368 53
369 54
370 53
371 54
372 50
373 51
374 53
375 55
376 57
377 57
378 58
379 58
380 53
381 48
382 52
383 49
384 53
385 54
386 54
387 54
388 58
389 52
390 51
391 56
392 52
393 54
394 56
395 53
396 54
397 55
398 53
399 52
400 50
401 50
402 49
403 55
404 53
405 53
406 51
407 52
408 54
409 51
410 53
411 48
412 56
413 52
414 56
415 55
416 56
417 57
418 56
419 52
420 57
421 52
422 44
423 50
424 52
425 55
426 51
427 53
428 55
429 51
430 54
431 44
432 49
433 51
434 52
435 56
436 56
437 53
438 53
439 48
440 53
441 49
442 54
443 53
444 54
445 50
446 54
447 54
448 53
449 52
450 55
451 48
452 55
453 56
454 55
455 48
456 50
457 55
458 58
459 53
460 49
461 52
462 55
463 57
464 55
465 51
466 54
467 55
468 56
469 55
470 59
471 55
472 47
473 49
474 58
475 52
476 53
477 56
478 51
479 51
480 53
481 49
482 52
483 52
484 58
485 48
486 52
487 54
488 57
489 53
490 54
491 54
492 52
493 53
494 56
495 52
496 51
497 55
498 55
499 55
500 55
501 58
502 58
503 55
504 51
505 54
506 55
507 56
508 53
509 56
510 56
511 47
512 51
513 55
514 56
515 49
516 50
517 55
518 52
519 51
520 49
521 48
522 52
523 54
524 52
525 52
526 50
527 55
528 56
529 54
530 51
531 55
532 53
533 51
534 42
535 54
536 50
537 53
538 51
539 54
540 54
541 53
542 52
543 57
544 53
545 54
546 58
547 52
548 56
549 54
550 57
551 53
552 53
553 54
554 55
555 50
556 56
557 55
558 58
559 56
560 55
561 51
562 55
563 57
564 55
565 58
566 53
567 55
568 57
569 52
570 53
571 51
572 54
573 52
574 51
575 51
576 51
577 54
578 54
579 52
580 55
581 48
582 54
583 53
584 55
585 55
586 56
587 57
588 55
589 50
590 52
591 47
592 53
593 53
594 58
595 54
596 56
597 51
598 52
599 54
600 49
601 49
602 56
603 52
604 54
605 54
606 56
607 57
608 56
609 52
610 54
611 56
612 55
613 55
614 54
615 52
616 55
617 53
618 53
619 54
620 54
621 55
622 48
623 50
624 56
625 57
626 56
627 54
628 54
629 49
630 54
631 55
632 55
633 54
634 54
635 50
636 53
637 52
638 57
639 48
640 53
641 55
642 51
643 52
644 56
645 54
646 56
647 56
648 59
649 55
650 59
651 57
652 51
653 49
654 52
655 53
656 52
657 52
658 52
659 56
660 51
661 55
662 53
663 54
664 58
665 57
666 50
667 54
668 55
669 55
670 47
671 50
672 54
673 55
674 57
675 55
676 57
677 48
678 50
679 55
680 60
681 51
682 53
683 54
684 56
685 53
686 56
687 56
688 52
689 54
690 51
691 57
692 58
693 57
694 56
695 52
696 58
697 53
698 52
699 48
700 52
701 55
702 52
703 50
704 54
705 57
706 56
707 54
708 57
709 55
710 57
711 55
712 55
713 55
714 53
715 58
716 54
717 55
718 53
719 51
720 54
721 54
722 54
723 53
724 56
725 55
726 56
727 56
728 54
729 53
730 54
731 55
732 54
733 54
734 55
735 53
736 56
737 52
738 50
739 42
740 54
741 53
742 49
743 52
744 58
745 53
746 57
747 54
748 53
749 53
750 56
751 50
752 52
753 49
754 54
755 53
756 51
757 56
758 53
759 52
760 55
761 52
762 55
763 53
764 55
765 58
766 56
767 52
768 54
769 56
770 55
771 55
772 55
773 54
774 53
775 56
776 56
777 55
778 52
779 53
780 57
781 52
782 55
783 56
784 55
785 48
786 48
787 56
788 56
789 50
790 55
791 56
792 55
793 50
794 51
795 50
796 49
797 51
798 51
799 54
800 57
801 56
802 56
803 54
804 51
805 54
806 54
807 54
808 56
809 54
810 49
811 55
812 56
813 57
814 49
815 53
816 52
817 54
818 55
819 51
820 55
821 56
822 54
823 50
824 54
825 54
826 51
827 58
828 54
829 57
830 51
831 53
832 53
833 56
834 55
835 56
836 55
837 49
838 55
839 50
840 55
841 56
842 54
843 53
844 55
845 55
846 52
847 51
848 52
849 55
850 53
851 51
852 51
853 50
854 53
855 51
856 54
857 55
858 54
859 53
860 58
861 57
862 55
863 53
864 55
865 53
866 56
867 55
868 54
869 52
870 54
871 51
872 49
873 54
874 54
875 51
876 55
877 59
878 54
879 54
880 52
881 55
882 52
883 56
884 56
885 54
886 52
887 55
888 56
889 58
890 55
891 52
892 55
893 56
894 56
895 51
896 48
897 52
898 53
899 54
900 58
901 57
902 58
903 57
904 54
905 53
906 50
907 53
908 53
909 56
910 53
911 57
912 47
913 50
914 49
915 55
916 54
917 54
918 56
919 57
920 56
921 55
922 57
923 54
924 57
925 51
926 51
927 52
928 49
929 56
930 57
931 53
932 54
933 53
934 58
935 53
936 52
937 52
938 56
939 54
940 48
941 53
942 52
943 55
944 55
945 54
946 52
947 54
948 53
949 52
950 54
951 54
952 54
953 57
954 53
955 54
956 52
957 54
958 53
959 53
960 54
961 51
962 56
963 55
964 54
965 54
966 52
967 55
968 58
969 57
970 53
971 49
972 51
973 56
974 53
975 54
976 58
977 50
978 52
979 54
980 57
981 51
982 55
983 52
984 51
985 55
986 53
987 54
988 53
989 51
990 55
991 50
992 52
993 53
994 56
995 57
996 54
997 55
998 54
999 49
1000 53
