0 25
1 19
2 17
3 17
4 14
5 14
6 15
7 16
8 17
9 17
10 16
11 15
12 17
13 18
14 15
15 17
16 16
17 16
18 15
19 15
20 17
21 17
22 18
23 13
24 14
25 15
26 18
27 17
28 15
29 16
30 17
31 17
32 16
33 17
34 17
35 17
36 14
37 17
38 15
39 15
40 18
41 17
42 16
43 16
44 18
45 16
46 17
47 15
48 14
49 16
50 18
51 16
52 16
53 15
54 17
55 16
56 16
57 16
58 15
59 15
60 16
61 13
62 15
63 14
64 14
65 14
66 14
67 16
68 16
69 17
70 19
71 17
72 16
73 17
74 16
75 16
76 16
77 15
78 14
79 15
80 17
81 17
82 15
83 16
84 16
85 17
86 15
87 16
88 19
89 16
90 16
91 14
92 16
93 17
94 16
95 14
96 17
97 15
98 16
99 18
100 17
101 16
102 19
103 16
104 16
105 18
106 17
107 15
108 15
109 15
110 18
111 19
112 16
113 14
114 17
115 14
116 14
117 12
118 16
119 15
120 16
121 13
122 14
123 14
124 12
125 15
126 17
127 15
128 18
129 14
130 15
131 15
132 19
133 14
134 11
135 15
136 13
137 16
138 17
139 17
140 18
141 17
142 14
143 13
144 13
145 15
146 17
147 18
148 17
149 12
150 16
151 12
152 12
153 13
154 14
155 15
156 16
157 15
158 13
159 13
160 15
161 16
162 14
163 14
164 17
165 19
166 17
167 17
168 17
169 17
170 12
171 15
172 14
173 15
174 14
175 14
176 15
177 14
178 15
179 14
180 17
181 14
182 13
183 17
184 15
185 17
186 14
187 14
188 14
189 17
190 14
191 15
192 17
193 17
194 14
195 13
196 12
197 10
198 15
199 13
200 16
201 16
202 14
203 14
204 15
205 16
206 13
207 12
208 17
209 16
210 17
211 16
212 15
213 16
214 16
215 15
216 18
217 14
218 14
219 13
220 14
221 15
222 18
223 15
224 17
225 16
226 16
227 15
228 15
229 16
230 14
231 16
232 14
233 15
234 18
235 17
236 16
237 16
238 14
239 18
240 13
241 14
242 14
243 14
244 17
245 17
246 12
247 14
248 17
249 16
250 16
251 17
252 17
253 18
254 16
255 17
256 16
257 14
258 18
259 16
260 16
261 15
262 17
263 15
264 14
265 15
266 15
267 14
268 17
269 19
270 16
271 16
272 17
273 17
274 16
275 15
276 15
277 14
278 16
279 10
280 15
281 16
282 16
283 15
284 16
285 19
286 18
287 13
288 17
289 15
290 15
291 17
292 17
293 18
294 14
295 15
296 14
297 17
298 15
299 16
300 14
301 14
302 17
303 16
304 14
305 18
306 16
307 15
308 12
309 15
310 14
311 15
312 17
313 15
314 15
315 15
316 11
317 18
318 17
319 18
320 18
321 16
322 14
323 15
324 17
325 16
326 17
327 14
328 16
329 14
330 16
331 18
332 15
333 15
334 14
335 14
336 15
337 17
338 16
339 14
340 16
341 15
342 14
343 17
344 13
345 16
346 17
347 16
348 15
349 12
350 15
351 15
352 15
353 16
354 15
355 17
356 16
357 17
358 17
359 16
360 13
361 16
362 16
363 13
364 16
365 15
366 16
367 15
368 12
369 17
370 15
371 14
372 15
373 19
374 15
375 15
376 17
377 15
378 16
379 15
380 14
381 15
382 15
383 18
384 13
385 15
386 18
387 16
388 15
389 15
390 14
391 14
392 16
393 14
394 18
395 15
396 16
397 12
398 11
399 15
400 14
401 18
402 13
403 17
404 16
405 14
406 16
407 16
408 16
409 18
410 16
411 14
412 16
413 17
414 17
415 16
416 15
417 15
418 15
419 15
420 18
421 14
422 15
423 15
424 14
425 18
426 19
427 17
428 17
429 16
430 13
431 15
432 17
433 18
434 14
435 14
436 14
437 13
438 16
439 17
440 18
441 18
442 15
443 16
444 16
445 14
446 15
447 15
448 16
449 17
450 15
451 14
452 15
453 16
454 15
455 17
456 16
457 16
458 17
459 16
460 19
461 16
462 15
463 14
464 15
465 16
466 18
467 14
468 17
469 16
470 19
471 17
472 17
473 15
474 13
475 14
476 14
477 14
478 15
479 16
480 12
481 18
482 17
483 16
484 15
485 16
486 16
487 14
488 14
489 16
490 16
491 17
492 15
493 18
494 18
495 16
496 17
497 16
498 15
499 15
500 16
501 17
502 13
503 13
504 17
505 16
506 16
507 17
508 18
509 15
510 17
511 14
512 14
513 15
514 16
515 15
516 15
517 16
518 14
519 15
520 15
521 17
522 14
523 15
524 14
525 15
526 19
527 18
528 16
529 17
530 15
531 17
532 18
533 16
534 14
535 17
536 14
537 12
538 15
539 16
540 17
541 16
542 12
543 16
544 13
545 14
546 18
547 17
548 13
549 17
550 17
551 15
552 15
553 13
554 16
555 14
556 16
557 15
558 15
559 19
560 17
561 16
562 17
563 16
564 14
565 14
566 14
567 14
568 14
569 16
570 19
571 17
572 17
573 17
574 16
575 12
576 16
577 16
578 14
579 17
580 17
581 17
582 14
583 16
584 16
585 18
586 17
587 11
588 19
589 15
590 16
591 17
592 16
593 16
594 13
595 15
596 16
597 13
598 17
599 16
600 17
601 17
602 17
603 16
604 18
605 17
606 18
607 18
608 16
609 15
610 17
611 15
612 12
613 12
614 13
615 18
616 17
617 16
618 14
619 15
620 16
621 18
622 16
623 15
624 16
625 17
626 16
627 13
628 15
629 18
630 18
631 18
632 15
633 16
634 16
635 17
636 14
637 17
638 15
639 13
640 17
641 18
642 17
643 15
644 19
645 14
646 14
647 15
648 19
649 16
650 19
651 16
652 17
653 18
654 17
655 14
656 17
657 14
658 18
659 16
660 16
661 13
662 17
663 17
664 18
665 15
666 17
667 16
668 15
669 15
670 16
671 16
672 16
673 14
674 17
675 15
676 15
677 15
678 11
679 17
680 16
681 18
682 16
683 17
684 13
685 15
686 17
687 17
688 12
689 15
690 15
691 15
692 17
693 17
694 19
695 16
696 17
697 17
698 17
699 12
700 14
701 16
702 18
703 17
704 18
705 15
706 17
707 14
708 15
709 17
710 15
711 14
712 18
713 14
714 14
715 18
716 16
717 16
718 17
719 15
720 16
721 16
722 17
723 16
724 16
725 16
726 13
727 15
728 15
729 14
730 13
731 17
732 14
733 12
734 15
735 10
736 15
737 16
738 19
739 15
740 18
741 17
742 16
743 15
744 18
745 18
746 16
747 15
748 17
749 15
750 17
751 17
752 17
753 16
754 18
755 16
756 18
757 14
758 15
759 17
760 17
761 15
762 17
763 17
764 17
765 18
766 16
767 16
768 17
769 16
770 17
771 16
772 16
773 16
774 15
775 16
776 16
777 15
778 16
779 16
780 13
781 12
782 17
783 16
784 16
785 17
786 15
787 17
788 16
789 13
790 17
791 16
792 16
793 16
794 16
795 16
796 14
797 14
798 15
799 14
800 14
801 13
802 14
803 14
804 16
805 17
806 15
807 17
808 16
809 16
810 13
811 14
812 17
813 13
814 13
815 16
816 15
817 13
818 15
819 14
820 14
821 18
822 15
823 14
824 14
825 17
826 16
827 17
828 17
829 13
830 17
831 15
832 15
833 15
834 14
835 14
836 15
837 15
838 14
839 14
840 14
841 15
842 15
843 13
844 14
845 16
846 16
847 17
848 12
849 13
850 15
851 14
852 15
853 15
854 16
855 15
856 14
857 17
858 17
859 14
860 13
861 13
862 14
863 18
864 18
865 19
866 14
867 13
868 14
869 16
870 16
871 17
872 18
873 15
874 16
875 14
876 15
877 14
878 17
879 15
880 18
881 17
882 17
883 16
884 16
885 16
886 13
887 17
888 15
889 14
890 18
891 17
892 14
893 13
894 14
895 16
896 17
897 18
898 17
899 18
900 16
901 13
902 19
903 12
904 17
905 18
906 15
907 16
908 16
909 19
910 16
911 17
912 16
913 17
914 17
915 16
916 13
917 17
918 14
919 12
920 16
921 16
922 14
923 16
924 14
925 16
926 16
927 18
928 17
929 16
930 14
931 15
932 14
933 14
934 17
935 16
936 14
937 15
938 17
939 14
940 17
941 16
942 13
943 17
944 15
945 13
946 17
947 17
948 16
949 15
950 16
951 16
952 15
953 17
954 18
955 16
956 16
957 16
958 16
959 15
960 17
961 15
962 15
963 14
964 16
965 16
966 18
967 17
968 14
969 13
970 16
971 16
972 15
973 15
974 15
975 16
976 13
977 18
978 15
979 16
980 14
981 17
982 16
983 16
984 16
985 17
986 16
987 14
988 17
989 16
990 12
991 14
992 14
993 15
994 12
995 14
996 17
997 14
998 14
999 12
1000 13
