0 55
1 41
2 35
3 33
4 37
5 36
6 39
7 37
8 35
9 31
10 38
11 39
12 36
13 36
14 38
15 37
16 36
17 31
18 39
19 38
20 38
21 32
22 36
23 36
24 34
25 38
26 37
27 37
28 35
29 36
30 36
31 38
32 40
33 37
34 34
35 35
36 37
37 38
38 36
39 39
40 37
41 34
42 36
43 34
44 35
45 38
46 37
47 35
48 35
49 34
50 37
51 34
52 35
53 36
54 36
55 36
56 35
57 37
58 38
59 35
60 38
61 31
62 37
63 35
64 35
65 38
66 36
67 33
68 34
69 40
70 40
71 36
72 38
73 36
74 34
75 37
76 37
77 36
78 37
79 36
80 33
81 35
82 35
83 36
84 37
85 35
86 33
87 37
88 37
89 38
90 36
91 37
92 33
93 32
94 35
95 39
96 39
97 38
98 33
99 36
100 36
101 36
102 37
103 38
104 35
105 37
106 36
107 36
108 38
109 34
110 35
111 37
112 33
113 38
114 38
115 39
116 36
117 34
118 37
119 31
120 38
121 37
122 36
123 34
124 38
125 34
126 33
127 35
128 38
129 36
130 35
131 36
132 35
133 36
134 36
135 33
136 35
137 37
138 37
139 33
140 36
141 36
142 36
143 38
144 35
145 37
146 34
147 38
148 37
149 36
150 36
151 36
152 32
153 37
154 28
155 35
156 32
157 34
158 33
159 38
160 36
161 37
162 33
163 38
164 37
165 35
166 39
167 37
168 34
169 38
170 35
171 34
172 36
173 34
174 38
175 39
176 36
177 36
178 40
179 32
180 38
181 38
182 38
183 37
184 34
185 34
186 37
187 35
188 36
189 35
190 37
191 40
192 38
193 36
194 37
195 34
196 36
197 33
198 35
199 35
200 34
201 35
202 35
203 34
204 37
205 36
206 34
207 37
208 37
209 34
210 36
211 34
212 31
213 34
214 35
215 37
216 36
217 34
218 35
219 33
220 31
221 38
222 36
223 36
224 38
225 38
226 36
227 37
228 34
229 34
230 34
231 36
232 37
233 34
234 36
235 37
236 36
237 36
238 37
239 39
240 38
241 36
242 36
243 37
244 35
245 36
246 39
247 36
248 37
249 36
250 37
251 36
252 35
253 31
254 29
255 34
256 34
257 34
258 38
259 36
260 32
261 34
262 37
263 37
264 32
265 36
266 38
267 40
268 36
269 38
270 37
271 36
272 34
273 33
274 34
275 35
276 38
277 36
278 38
279 34
280 37
281 39
282 35
283 36
284 36
285 35
286 34
287 38
288 36
289 33
290 36
291 39
292 36
293 35
294 34
295 35
296 41
297 36
298 36
299 33
300 35
301 39
302 36
303 33
304 37
305 35
306 36
307 32
308 35
309 34
310 36
311 35
312 35
313 36
314 37
315 36
316 34
317 37
318 38
319 37
320 32
321 34
322 36
323 39
324 36
325 35
326 38
327 37
328 38
329 37
330 32
331 36
332 36
333 38
334 37
335 35
336 40
337 37
338 38
339 34
340 35
341 36
342 35
343 36
344 38
345 37
346 37
347 40
348 36
349 36
350 37
351 38
352 35
353 38
354 38
355 38
356 35
357 38
358 37
359 38
360 36
361 33
362 36
363 35
364 35
365 37
366 37
367 37
368 36
369 35
370 34
371 36
372 35
373 38
374 36
375 37
376 37
377 35
378 35
379 38
380 34
381 39
382 33
383 37
384 32
385 36
386 38
387 38
388 39
389 37
390 35
391 34
392 37
393 35
394 38
395 39
396 38
397 37
398 38
399 36
400 31
401 35
402 35
403 37
404 35
405 36
406 36
407 38
408 35
409 36
410 39
411 35
412 39
413 38
414 38
415 34
416 38
417 37
418 37
419 37
420 38
421 38
422 37
423 36
424 36
425 36
426 35
427 36
428 34
429 36
430 37
431 31
432 35
433 36
434 34
435 37
436 36
437 39
438 33
439 29
440 37
441 36
442 36
443 36
444 34
445 40
446 35
447 38
448 38
449 32
450 35
451 35
452 34
453 36
454 35
455 36
456 35
457 36
458 33
459 38
460 34
461 36
462 35
463 37
464 33
465 36
466 36
467 36
468 37
469 31
470 37
471 37
472 32
473 36
474 37
475 37
476 36
477 35
478 37
479 36
480 39
481 37
482 35
483 37
484 37
485 34
486 35
487 32
488 36
489 33
490 35
491 37
492 35
493 37
494 33
495 38
496 40
497 34
498 35
499 38
500 37
501 36
502 36
503 34
504 35
505 33
506 36
507 33
508 35
509 38
510 35
511 36
512 35
513 28
514 29
515 39
516 36
517 38
518 33
519 38
520 39
521 37
522 38
523 34
524 33
525 36
526 38
527 37
528 37
529 39
530 40
531 35
532 35
533 35
534 36
535 38
536 38
537 36
538 31
539 35
540 35
541 38
542 36
543 32
544 36
545 32
546 36
547 35
548 34
549 34
550 38
551 36
552 37
553 38
554 38
555 38
556 36
557 35
558 37
559 36
560 37
561 35
562 38
563 33
564 34
565 38
566 33
567 35
568 37
569 34
570 36
571 37
572 39
573 37
574 37
575 36
576 37
577 38
578 34
579 34
580 34
581 33
582 34
583 38
584 37
585 37
586 35
587 38
588 37
589 34
590 38
591 40
592 39
593 35
594 35
595 30
596 34
597 35
598 33
599 37
600 36
601 36
602 34
603 36
604 38
605 40
606 30
607 36
608 36
609 38
610 36
611 37
612 36
613 38
614 37
615 41
616 40
617 38
618 33
619 35
620 37
621 37
622 33
623 36
624 36
625 33
626 34
627 37
628 36
629 35
630 35
631 34
632 35
633 36
634 34
635 31
636 35
637 35
638 37
639 35
640 34
641 36
642 37
643 35
644 35
645 33
646 34
647 36
648 41
649 35
650 33
651 31
652 36
653 36
654 37
655 36
656 34
657 37
658 37
659 36
660 37
661 32
662 35
663 33
664 33
665 33
666 39
667 37
668 36
669 36
670 38
671 37
672 33
673 36
674 36
675 37
676 37
677 36
678 38
679 37
680 36
681 40
682 36
683 37
684 37
685 38
686 36
687 36
688 32
689 33
690 37
691 38
692 31
693 36
694 38
695 36
696 38
697 31
698 39
699 38
700 35
701 36
702 34
703 37
704 37
705 36
706 35
707 35
708 35
709 35
710 39
711 38
712 40
713 37
714 34
715 34
716 39
717 34
718 34
719 32
720 36
721 40
722 35
723 39
724 37
725 36
726 36
727 36
728 35
729 36
730 37
731 36
732 37
733 35
734 36
735 36
736 33
737 35
738 33
739 36
740 37
741 34
742 37
743 32
744 36
745 36
746 37
747 35
748 32
749 36
750 37
751 37
752 32
753 39
754 37
755 37
756 36
757 37
758 39
759 37
760 34
761 37
762 38
763 36
764 33
765 36
766 34
767 37
768 37
769 37
770 32
771 33
772 35
773 35
774 37
775 34
776 35
777 35
778 39
779 34
780 33
781 34
782 36
783 37
784 34
785 36
786 33
787 33
788 33
789 37
790 35
791 38
792 39
793 37
794 35
795 36
796 37
797 39
798 37
799 37
800 37
801 33
802 38
803 32
804 33
805 39
806 35
807 36
808 34
809 35
810 38
811 37
812 34
813 35
814 38
815 31
816 38
817 37
818 37
819 34
820 36
821 36
822 35
823 37
824 36
825 36
826 37
827 39
828 33
829 34
830 35
831 37
832 35
833 37
834 34
835 35
836 36
837 36
838 35
839 34
840 34
841 36
842 35
843 37
844 31
845 35
846 38
847 38
848 36
849 36
850 36
851 38
852 36
853 37
854 37
855 36
856 37
857 37
858 40
859 38
860 38
861 39
862 38
863 36
864 38
865 37
866 37
867 31
868 35
869 36
870 38
871 37
872 37
873 36
874 34
875 33
876 35
877 34
878 38
879 34
880 34
881 36
882 38
883 39
884 36
885 41
886 36
887 36
888 38
889 38
890 36
891 38
892 38
893 35
894 39
895 34
896 36
897 38
898 37
899 36
900 35
901 37
902 37
903 35
904 33
905 39
906 37
907 35
908 37
909 38
910 37
911 37
912 39
913 36
914 34
915 33
916 37
917 35
918 36
919 29
920 34
921 38
922 36
923 34
924 36
925 37
926 35
927 38
928 37
929 37
930 34
931 37
932 38
933 33
934 38
935 36
936 32
937 34
938 33
939 36
940 37
941 38
942 38
943 35
944 37
945 33
946 37
947 37
948 37
949 37
950 36
951 36
952 36
953 32
954 33
955 37
956 34
957 37
958 35
959 38
960 37
961 37
962 37
963 39
964 36
965 32
966 34
967 35
968 34
969 37
970 36
971 35
972 37
973 31
974 31
975 37
976 39
977 36
978 32
979 34
980 37
981 36
982 36
983 36
984 36
985 36
986 34
987 32
988 31
989 37
990 33
991 38
992 36
993 35
994 36
995 38
996 37
997 36
998 32
999 32
1000 35
