0 85
1 75
2 68
3 65
4 64
5 63
6 56
7 54
8 55
9 59
10 62
11 57
12 59
13 57
14 58
15 56
16 63
17 61
18 62
19 65
20 65
21 62
22 61
23 60
24 59
25 61
26 57
27 57
28 56
29 56
30 59
31 58
32 61
33 59
34 56
35 57
36 57
37 55
38 56
39 57
40 56
41 56
42 57
43 57
44 56
45 59
46 59
47 52
48 47
49 51
50 54
51 55
52 57
53 55
54 52
55 57
56 57
57 56
58 51
59 54
60 57
61 57
62 57
63 60
64 62
65 60
66 60
67 59
68 61
69 62
70 63
71 59
72 57
73 58
74 58
75 56
76 50
77 50
78 59
79 56
80 51
81 52
82 58
83 58
84 57
85 53
86 52
87 59
88 57
89 62
90 58
91 55
92 57
93 62
94 61
95 55
96 58
97 57
98 55
99 58
100 62
101 63
102 60
103 59
104 56
105 55
106 60
107 57
108 58
109 55
110 55
111 54
112 57
113 58
114 62
115 63
116 60
117 60
118 59
119 56
120 62
121 65
122 60
123 57
124 58
125 58
126 54
127 59
128 59
129 55
130 53
131 58
132 55
133 59
134 63
135 65
136 64
137 68
138 63
139 64
140 68
141 65
142 60
143 62
144 57
145 60
146 60
147 61
148 54
149 59
150 65
151 64
152 65
153 59
154 62
155 65
156 62
157 62
158 60
159 58
160 54
161 58
162 60
163 54
164 58
165 59
166 59
167 55
168 54
169 58
170 58
171 56
172 63
173 63
174 63
175 66
176 63
177 59
178 60
179 60
180 59
181 58
182 55
183 53
184 52
185 52
186 59
187 61
188 60
189 59
190 55
191 59
192 52
193 53
194 57
195 60
196 58
197 61
198 63
199 62
200 56
201 59
202 54
203 51
204 55
205 59
206 55
207 60
208 61
209 62
210 61
211 60
212 60
213 57
214 59
215 58
216 59
217 57
218 57
219 60
220 61
221 58
222 60
223 62
224 62
225 61
226 61
227 59
228 60
229 60
230 60
231 63
232 63
233 59
234 53
235 55
236 57
237 61
238 58
239 54
240 58
241 56
242 56
243 58
244 58
245 52
246 53
247 54
248 58
249 56
250 60
251 57
252 58
253 59
254 64
255 63
256 64
257 63
258 65
259 63
260 63
261 65
262 60
263 60
264 60
265 59
266 62
267 62
268 56
269 56
270 51
271 55
272 59
273 62
274 60
275 60
276 60
277 62
278 62
279 64
280 66
281 66
282 67
283 63
284 63
285 56
286 58
287 57
288 57
289 58
290 59
291 57
292 58
293 60
294 59
295 65
296 65
297 66
298 65
299 64
300 64
301 64
302 64
303 62
304 62
305 64
306 66
307 64
308 59
309 56
310 54
311 55
312 50
313 51
314 58
315 53
316 59
317 63
318 64
319 66
320 67
321 63
322 59
323 56
324 61
325 57
326 61
327 58
328 61
329 61
330 58
331 58
332 55
333 56
334 56
335 58
336 60
337 58
338 65
339 62
340 60
341 58
342 58
343 55
344 59
345 59
346 61
347 63
348 64
349 63
350 60
351 58
352 59
353 60
354 61
355 53
356 57
357 56
358 53
359 57
360 63
361 64
362 67
363 64
364 63
365 58
366 61
367 61
368 61
369 58
370 57
371 61
372 59
373 60
374 59
375 55
376 56
377 54
378 60
379 58
380 57
381 55
382 52
383 47
384 48
385 55
386 57
387 52
388 62
389 62
390 62
391 63
392 62
393 58
394 58
395 61
396 56
397 57
398 57
399 61
400 60
401 63
402 60
403 60
404 58
405 56
406 58
407 63
408 64
409 61
410 62
411 61
412 57
413 60
414 59
415 54
416 56
417 54
418 58
419 59
420 61
421 62
422 62
423 62
424 58
425 62
426 63
427 62
428 58
429 56
430 56
431 55
432 58
433 58
434 58
435 57
436 58
437 57
438 56
439 55
440 58
441 59
442 64
443 61
444 61
445 53
446 58
447 60
448 64
449 65
450 56
451 61
452 59
453 62
454 64
455 64
456 59
457 58
458 59
459 63
460 63
461 62
462 62
463 60
464 65
465 63
466 62
467 64
468 59
469 58
470 55
471 57
472 62
473 62
474 60
475 62
476 60
477 57
478 62
479 62
480 58
481 58
482 58
483 53
484 55
485 57
486 56
487 58
488 60
489 62
490 62
491 62
492 65
493 59
494 60
495 60
496 63
497 63
498 61
499 59
500 60
501 64
502 60
503 63
504 61
505 59
506 64
507 63
508 64
509 63
510 68
511 62
512 62
513 64
514 64
515 66
516 62
517 57
518 60
519 63
520 61
521 61
522 60
523 64
524 60
525 62
526 60
527 62
528 61
529 59
530 59
531 55
532 52
533 56
534 64
535 61
536 59
537 65
538 60
539 64
540 59
541 62
542 58
543 57
544 59
545 56
546 66
547 63
548 61
549 56
550 56
551 56
552 59
553 59
554 60
555 64
556 63
557 63
558 62
559 60
560 61
561 62
562 60
563 57
564 60
565 58
566 56
567 61
568 62
569 61
570 58
571 62
572 60
573 63
574 60
575 64
576 65
577 65
578 67
579 64
580 59
581 58
582 57
583 58
584 63
585 63
586 63
587 66
588 65
589 63
590 56
591 59
592 59
593 55
594 64
595 65
596 66
597 65
598 62
599 61
600 59
601 57
602 61
603 63
604 65
605 61
606 61
607 59
608 61
609 59
610 57
611 56
612 61
613 61
614 62
615 62
616 66
617 66
618 63
619 60
620 61
621 59
622 55
623 56
624 56
625 60
626 59
627 60
628 57
629 57
630 53
631 57
632 62
633 62
634 63
635 63
636 62
637 64
638 63
639 64
640 60
641 56
642 60
643 53
644 59
645 62
646 61
647 59
648 61
649 59
650 58
651 59
652 58
653 59
654 61
655 62
656 65
657 67
658 64
659 63
660 58
661 59
662 57
663 57
664 59
665 59
666 58
667 57
668 56
669 56
670 59
671 55
672 53
673 52
674 50
675 53
676 57
677 60
678 59
679 61
680 59
681 60
682 60
683 61
684 62
685 58
686 61
687 60
688 60
689 60
690 61
691 63
692 62
693 63
694 57
695 54
696 57
697 55
698 56
699 59
700 56
701 55
702 55
703 60
704 58
705 61
706 58
707 63
708 62
709 62
710 57
711 52
712 52
713 62
714 65
715 64
716 60
717 55
718 55
719 56
720 61
721 61
722 56
723 57
724 62
725 57
726 54
727 55
728 46
729 43
730 50
731 53
732 60
733 65
734 62
735 61
736 61
737 62
738 60
739 59
740 58
741 59
742 59
743 62
744 56
745 61
746 60
747 62
748 59
749 60
750 57
751 56
752 55
753 56
754 55
755 59
756 55
757 57
758 58
759 53
760 48
761 53
762 59
763 60
764 56
765 62
766 66
767 63
768 63
769 61
770 59
771 62
772 58
773 60
774 58
775 61
776 57
777 65
778 62
779 66
780 65
781 57
782 53
783 53
784 58
785 59
786 63
787 59
788 66
789 65
790 64
791 60
792 62
793 62
794 62
795 62
796 62
797 64
798 64
799 64
800 66
801 64
802 59
803 57
804 59
805 60
806 58
807 60
808 65
809 66
810 65
811 59
812 59
813 56
814 54
815 59
816 64
817 66
818 66
819 59
820 58
821 60
822 61
823 62
824 63
825 63
826 64
827 66
828 64
829 60
830 58
831 61
832 59
833 56
834 57
835 53
836 54
837 59
838 55
839 58
840 60
841 63
842 64
843 60
844 62
845 61
846 63
847 61
848 60
849 60
850 64
851 59
852 58
853 54
854 56
855 60
856 62
857 63
858 60
859 55
860 53
861 50
862 56
863 55
864 55
865 55
866 54
867 60
868 57
869 59
870 58
871 57
872 59
873 53
874 57
875 62
876 61
877 61
878 59
879 56
880 57
881 57
882 61
883 60
884 56
885 54
886 58
887 59
888 57
889 57
890 60
891 61
892 58
893 56
894 60
895 60
896 56
897 60
898 56
899 56
900 57
901 60
902 59
903 63
904 59
905 56
906 55
907 53
908 57
909 59
910 63
911 66
912 63
913 60
914 62
915 64
916 61
917 55
918 58
919 60
920 57
921 57
922 58
923 55
924 58
925 57
926 59
927 61
928 58
929 60
930 64
931 64
932 56
933 53
934 56
935 52
936 54
937 57
938 60
939 58
940 54
941 51
942 52
943 56
944 61
945 59
946 55
947 55
948 56
949 55
950 56
951 56
952 55
953 60
954 59
955 62
956 64
957 60
958 59
959 63
960 61
961 59
962 54
963 55
964 58
965 58
966 59
967 59
968 59
969 63
970 58
971 57
972 64
973 68
974 70
975 66
976 66
977 68
978 67
979 65
980 62
981 58
982 57
983 60
984 60
985 60
986 61
987 55
988 58
989 60
990 64
991 60
992 57
993 58
994 53
995 58
996 55
997 57
998 60
999 60
1000 64
