0 95
1 88
2 83
3 80
4 75
5 73
6 70
7 69
8 63
9 60
10 59
11 57
12 54
13 54
14 53
15 51
16 49
17 49
18 49
19 47
20 47
21 48
22 49
23 49
24 49
25 49
26 48
27 47
28 48
29 47
30 50
31 49
32 49
33 47
34 48
35 48
36 49
37 49
38 48
39 50
40 52
41 52
42 52
43 50
44 49
45 49
46 50
47 47
48 49
49 50
50 50
51 51
52 50
53 49
54 49
55 46
56 47
57 48
58 46
59 49
60 50
61 52
62 53
63 52
64 49
65 51
66 48
67 48
68 50
69 52
70 51
71 50
72 52
73 52
74 52
75 52
76 51
77 50
78 49
79 47
80 50
81 48
82 48
83 48
84 48
85 50
86 49
87 49
88 49
89 50
90 52
91 51
92 50
93 49
94 49
95 47
96 50
97 51
98 47
99 48
100 48
101 50
102 50
103 49
104 51
105 49
106 47
107 47
108 47
109 49
110 51
111 49
112 48
113 48
114 48
115 48
116 48
117 49
118 51
119 48
120 48
121 49
122 49
123 49
124 48
125 49
126 50
127 50
128 47
129 47
130 48
131 48
132 50
133 52
134 51
135 51
136 51
137 50
138 50
139 53
140 54
141 53
142 53
143 50
144 50
145 48
146 49
147 51
148 53
149 51
150 51
151 52
152 54
153 54
154 53
155 52
156 52
157 52
158 51
159 52
160 54
161 54
162 54
163 53
164 52
165 52
166 51
167 51
168 51
169 49
170 47
171 47
172 48
173 49
174 49
175 47
176 45
177 45
178 47
179 48
180 46
181 42
182 45
183 44
184 45
185 45
186 45
187 44
188 45
189 46
190 49
191 49
192 48
193 49
194 49
195 49
196 46
197 47
198 48
199 49
200 47
201 46
202 47
203 47
204 48
205 50
206 50
207 51
208 53
209 55
210 51
211 49
212 48
213 49
214 49
215 48
216 47
217 46
218 46
219 48
220 49
221 47
222 47
223 45
224 47
225 46
226 46
227 45
228 48
229 45
230 45
231 45
232 48
233 47
234 48
235 44
236 44
237 45
238 45
239 43
240 43
241 46
242 45
243 46
244 48
245 49
246 49
247 49
248 48
249 48
250 46
251 45
252 46
253 47
254 48
255 51
256 49
257 51
258 49
259 51
260 48
261 49
262 50
263 49
264 49
265 49
266 49
267 49
268 51
269 52
270 50
271 51
272 49
273 50
274 47
275 50
276 52
277 51
278 50
279 50
280 52
281 51
282 51
283 52
284 52
285 49
286 48
287 48
288 49
289 48
290 48
291 49
292 49
293 48
294 48
295 48
296 48
297 48
298 47
299 47
300 45
301 45
302 46
303 46
304 47
305 45
306 43
307 43
308 45
309 44
310 45
311 45
312 46
313 47
314 50
315 51
316 50
317 49
318 47
319 50
320 50
321 52
322 51
323 50
324 52
325 47
326 49
327 48
328 49
329 49
330 50
331 49
332 50
333 48
334 46
335 46
336 47
337 47
338 48
339 48
340 51
341 50
342 48
343 48
344 50
345 52
346 52
347 51
348 51
349 52
350 51
351 53
352 52
353 51
354 51
355 51
356 52
357 53
358 51
359 51
360 51
361 50
362 51
363 51
364 50
365 50
366 50
367 50
368 48
369 49
370 49
371 46
372 47
373 46
374 47
375 50
376 49
377 49
378 50
379 52
380 54
381 54
382 54
383 53
384 52
385 51
386 50
387 51
388 52
389 52
390 52
391 49
392 47
393 45
394 46
395 47
396 49
397 50
398 50
399 52
400 49
401 48
402 49
403 49
404 49
405 47
406 49
407 48
408 49
409 51
410 51
411 52
412 51
413 53
414 52
415 49
416 50
417 51
418 50
419 49
420 51
421 54
422 51
423 49
424 47
425 46
426 47
427 45
428 45
429 46
430 47
431 49
432 47
433 46
434 45
435 45
436 45
437 46
438 47
439 45
440 43
441 43
442 45
443 49
444 51
445 50
446 52
447 52
448 52
449 52
450 51
451 50
452 50
453 47
454 45
455 45
456 46
457 45
458 45
459 45
460 48
461 47
462 48
463 47
464 49
465 50
466 50
467 48
468 48
469 52
470 53
471 53
472 52
473 51
474 52
475 55
476 52
477 52
478 52
479 51
480 52
481 54
482 53
483 53
484 51
485 52
486 52
487 51
488 51
489 48
490 51
491 53
492 53
493 53
494 51
495 50
496 51
497 53
498 52
499 50
500 51
501 51
502 50
503 51
504 50
505 51
506 48
507 48
508 47
509 50
510 49
511 48
512 45
513 48
514 50
515 48
516 50
517 50
518 52
519 53
520 52
521 52
522 52
523 51
524 50
525 46
526 45
527 44
528 45
529 48
530 48
531 45
532 44
533 47
534 48
535 47
536 46
537 49
538 47
539 47
540 48
541 48
542 44
543 47
544 49
545 49
546 50
547 50
548 49
549 50
550 49
551 48
552 47
553 49
554 48
555 47
556 46
557 48
558 45
559 45
560 44
561 40
562 39
563 41
564 42
565 45
566 47
567 47
568 47
569 48
570 48
571 48
572 51
573 51
574 53
575 52
576 53
577 54
578 53
579 51
580 51
581 51
582 50
583 51
584 51
585 53
586 51
587 50
588 49
589 49
590 48
591 49
592 48
593 47
594 48
595 47
596 48
597 50
598 50
599 52
600 50
601 45
602 43
603 44
604 45
605 47
606 44
607 44
608 44
609 46
610 47
611 45
612 44
613 44
614 45
615 48
616 48
617 46
618 48
619 49
620 48
621 48
622 46
623 47
624 46
625 48
626 46
627 47
628 49
629 51
630 50
631 51
632 51
633 51
634 49
635 50
636 48
637 49
638 47
639 49
640 48
641 52
642 52
643 49
644 49
645 49
646 48
647 46
648 44
649 43
650 44
651 44
652 45
653 46
654 45
655 46
656 46
657 47
658 45
659 45
660 43
661 42
662 41
663 42
664 44
665 43
666 44
667 45
668 47
669 47
670 46
671 47
672 47
673 49
674 51
675 51
676 53
677 53
678 54
679 52
680 50
681 51
682 51
683 50
684 52
685 53
686 53
687 52
688 50
689 50
690 50
691 53
692 53
693 50
694 50
695 49
696 50
697 50
698 48
699 51
700 49
701 48
702 50
703 49
704 48
705 48
706 50
707 49
708 52
709 49
710 49
711 49
712 46
713 48
714 49
715 48
716 48
717 47
718 48
719 50
720 50
721 51
722 51
723 49
724 51
725 52
726 53
727 52
728 46
729 43
730 43
731 42
732 44
733 46
734 48
735 47
736 47
737 49
738 48
739 49
740 50
741 50
742 49
743 49
744 49
745 49
746 47
747 46
748 46
749 47
750 46
751 46
752 47
753 46
754 47
755 49
756 50
757 49
758 51
759 49
760 52
761 52
762 50
763 49
764 49
765 49
766 46
767 47
768 49
769 47
770 46
771 44
772 46
773 47
774 48
775 47
776 47
777 47
778 48
779 47
780 46
781 46
782 43
783 44
784 45
785 46
786 43
787 43
788 43
789 45
790 45
791 49
792 46
793 47
794 46
795 46
796 48
797 49
798 50
799 49
800 50
801 50
802 47
803 48
804 49
805 51
806 49
807 52
808 49
809 50
810 51
811 50
812 51
813 52
814 53
815 53
816 56
817 57
818 53
819 52
820 53
821 53
822 53
823 50
824 52
825 52
826 51
827 50
828 47
829 46
830 43
831 43
832 45
833 46
834 46
835 46
836 49
837 49
838 51
839 50
840 50
841 51
842 51
843 50
844 51
845 52
846 49
847 51
848 50
849 49
850 52
851 51
852 51
853 50
854 54
855 55
856 52
857 51
858 51
859 52
860 51
861 49
862 52
863 52
864 54
865 54
866 52
867 50
868 51
869 50
870 49
871 48
872 49
873 47
874 45
875 46
876 48
877 50
878 50
879 48
880 47
881 50
882 50
883 48
884 45
885 46
886 46
887 48
888 50
889 50
890 53
891 52
892 52
893 52
894 52
895 50
896 46
897 47
898 49
899 46
900 45
901 45
902 48
903 48
904 50
905 50
906 49
907 50
908 51
909 53
910 50
911 50
912 51
913 48
914 48
915 47
916 48
917 48
918 50
919 51
920 51
921 53
922 53
923 53
924 54
925 52
926 48
927 47
928 48
929 48
930 49
931 43
932 44
933 42
934 43
935 44
936 47
937 46
938 47
939 49
940 49
941 49
942 49
943 51
944 51
945 52
946 55
947 56
948 57
949 53
950 52
951 51
952 51
953 51
954 49
955 48
956 50
957 50
958 49
959 50
960 48
961 51
962 49
963 50
964 51
965 51
966 50
967 50
968 50
969 51
970 51
971 51
972 51
973 48
974 47
975 45
976 46
977 48
978 44
979 45
980 47
981 49
982 46
983 47
984 49
985 52
986 50
987 52
988 48
989 49
990 50
991 50
992 51
993 52
994 54
995 55
996 53
997 54
998 54
999 53
1000 49
