0 5
1 3
2 1
3 1
4 2
5 2
6 2
7 2
8 2
9 2
10 2
11 2
12 1
13 1
14 1
15 0
16 1
17 1
18 1
19 0
20 0
21 1
22 2
23 2
24 1
25 1
26 1
27 0
28 1
29 1
30 1
31 2
32 3
33 2
34 1
35 1
36 1
37 1
38 2
39 2
40 1
41 2
42 1
43 1
44 1
45 1
46 1
47 1
48 1
49 2
50 2
51 2
52 2
53 1
54 2
55 1
56 1
57 0
58 1
59 2
60 1
61 3
62 2
63 2
64 1
65 1
66 1
67 1
68 1
69 1
70 1
71 2
72 1
73 1
74 1
75 1
76 2
77 2
78 2
79 2
80 2
81 2
82 1
83 2
84 3
85 3
86 1
87 1
88 1
89 1
90 1
91 1
92 1
93 1
94 2
95 3
96 3
97 3
98 2
99 2
100 2
101 3
102 2
103 2
104 2
105 2
106 2
107 2
108 1
109 1
110 1
111 1
112 1
113 1
114 0
115 1
116 1
117 1
118 1
119 0
120 0
121 1
122 0
123 1
124 1
125 0
126 1
127 1
128 2
129 2
130 1
131 2
132 2
133 2
134 1
135 1
136 1
137 1
138 1
139 1
140 1
141 1
142 2
143 2
144 1
145 0
146 0
147 0
148 0
149 1
150 1
151 1
152 1
153 1
154 1
155 1
156 2
157 2
158 2
159 2
160 2
161 2
162 1
163 1
164 1
165 1
166 1
167 1
168 1
169 1
170 1
171 2
172 0
173 1
174 2
175 2
176 1
177 1
178 1
179 0
180 1
181 2
182 2
183 2
184 2
185 1
186 1
187 1
188 2
189 2
190 2
191 1
192 1
193 1
194 1
195 2
196 2
197 2
198 2
199 1
200 1
201 2
202 1
203 1
204 1
205 2
206 2
207 2
208 2
209 2
210 2
211 1
212 1
213 2
214 3
215 1
216 1
217 2
218 1
219 3
220 3
221 2
222 2
223 2
224 2
225 2
226 2
227 1
228 2
229 2
230 2
231 3
232 2
233 2
234 2
235 0
236 1
237 1
238 1
239 2
240 2
241 1
242 1
243 2
244 2
245 2
246 1
247 2
248 2
249 2
250 1
251 1
252 1
253 0
254 0
255 0
256 1
257 1
258 1
259 1
260 1
261 1
262 2
263 2
264 2
265 2
266 1
267 1
268 2
269 2
270 2
271 2
272 2
273 2
274 2
275 2
276 2
277 2
278 2
279 2
280 2
281 1
282 2
283 2
284 1
285 1
286 1
287 0
288 0
289 0
290 0
291 1
292 2
293 2
294 1
295 1
296 2
297 2
298 1
299 2
300 1
301 0
302 1
303 1
304 2
305 2
306 2
307 2
308 1
309 1
310 1
311 2
312 1
313 2
314 1
315 1
316 1
317 1
318 1
319 2
320 1
321 1
322 1
323 1
324 1
325 2
326 2
327 2
328 1
329 1
330 1
331 1
332 1
333 1
334 1
335 0
336 2
337 2
338 1
339 2
340 1
341 1
342 1
343 2
344 1
345 1
346 1
347 1
348 1
349 2
350 1
351 2
352 1
353 2
354 2
355 2
356 1
357 1
358 1
359 2
360 2
361 1
362 2
363 2
364 2
365 2
366 2
367 2
368 1
369 2
370 3
371 2
372 1
373 1
374 1
375 1
376 2
377 2
378 2
379 1
380 2
381 2
382 2
383 2
384 2
385 1
386 1
387 3
388 2
389 2
390 2
391 2
392 2
393 2
394 1
395 1
396 1
397 3
398 2
399 2
400 2
401 2
402 1
403 2
404 2
405 2
406 2
407 1
408 2
409 1
410 1
411 0
412 1
413 1
414 2
415 2
416 2
417 2
418 2
419 3
420 2
421 3
422 2
423 2
424 3
425 3
426 2
427 2
428 2
429 3
430 3
431 2
432 2
433 2
434 0
435 2
436 3
437 2
438 2
439 3
440 2
441 2
442 1
443 2
444 2
445 2
446 1
447 2
448 2
449 3
450 3
451 2
452 2
453 2
454 2
455 2
456 2
457 1
458 1
459 1
460 0
461 2
462 1
463 1
464 2
465 1
466 2
467 1
468 2
469 0
470 1
471 1
472 1
473 1
474 1
475 1
476 0
477 2
478 2
479 1
480 1
481 1
482 1
483 1
484 2
485 2
486 2
487 2
488 2
489 2
490 2
491 2
492 1
493 1
494 1
495 1
496 2
497 2
498 1
499 2
500 1
501 1
502 0
503 0
504 1
505 1
506 1
507 1
508 1
509 3
510 2
511 3
512 1
513 2
514 1
515 1
516 1
517 1
518 0
519 2
520 2
521 2
522 1
523 2
524 2
525 1
526 2
527 2
528 1
529 1
530 1
531 1
532 0
533 1
534 0
535 0
536 0
537 1
538 1
539 2
540 1
541 1
542 1
543 1
544 1
545 1
546 1
547 0
548 1
549 1
550 1
551 2
552 2
553 1
554 1
555 1
556 1
557 1
558 0
559 2
560 3
561 3
562 2
563 1
564 1
565 1
566 2
567 2
568 1
569 1
570 1
571 1
572 1
573 1
574 1
575 2
576 2
577 2
578 1
579 3
580 2
581 0
582 0
583 1
584 2
585 2
586 1
587 1
588 2
589 1
590 1
591 1
592 2
593 2
594 1
595 2
596 2
597 2
598 2
599 2
600 1
601 2
602 2
603 2
604 2
605 2
606 1
607 1
608 1
609 2
610 3
611 1
612 1
613 1
614 1
615 2
616 3
617 2
618 2
619 2
620 1
621 0
622 0
623 0
624 1
625 1
626 2
627 3
628 3
629 2
630 1
631 2
632 2
633 0
634 2
635 2
636 2
637 2
638 3
639 3
640 2
641 2
642 1
643 2
644 2
645 2
646 2
647 2
648 2
649 1
650 1
651 1
652 1
653 1
654 1
655 2
656 1
657 1
658 2
659 2
660 2
661 1
662 1
663 1
664 1
665 2
666 1
667 1
668 2
669 0
670 1
671 1
672 0
673 0
674 1
675 1
676 1
677 2
678 2
679 2
680 2
681 1
682 1
683 1
684 2
685 2
686 2
687 2
688 2
689 1
690 1
691 1
692 2
693 1
694 1
695 1
696 2
697 1
698 1
699 1
700 0
701 1
702 0
703 1
704 1
705 0
706 0
707 1
708 0
709 0
710 0
711 0
712 1
713 2
714 2
715 2
716 2
717 2
718 2
719 2
720 2
721 1
722 1
723 2
724 3
725 3
726 2
727 1
728 1
729 2
730 2
731 2
732 2
733 3
734 2
735 3
736 3
737 2
738 2
739 2
740 2
741 2
742 3
743 2
744 1
745 1
746 1
747 1
748 0
749 1
750 0
751 1
752 1
753 1
754 1
755 0
756 0
757 0
758 0
759 0
760 2
761 2
762 3
763 2
764 2
765 1
766 1
767 2
768 2
769 3
770 2
771 2
772 2
773 2
774 1
775 2
776 2
777 2
778 1
779 1
780 1
781 1
782 2
783 1
784 2
785 1
786 0
787 1
788 0
789 0
790 0
791 1
792 1
793 1
794 1
795 2
796 2
797 1
798 1
799 2
800 2
801 2
802 1
803 1
804 2
805 2
806 2
807 2
808 2
809 1
810 1
811 1
812 0
813 0
814 0
815 1
816 1
817 1
818 1
819 1
820 1
821 2
822 2
823 1
824 1
825 1
826 2
827 2
828 1
829 1
830 0
831 1
832 2
833 1
834 2
835 2
836 1
837 1
838 2
839 3
840 3
841 3
842 2
843 3
844 3
845 3
846 2
847 1
848 1
849 1
850 1
851 2
852 1
853 1
854 1
855 1
856 1
857 1
858 1
859 0
860 1
861 0
862 0
863 1
864 1
865 2
866 2
867 1
868 2
869 2
870 1
871 1
872 1
873 2
874 2
875 2
876 1
877 1
878 0
879 0
880 1
881 1
882 1
883 1
884 1
885 1
886 0
887 1
888 2
889 2
890 1
891 1
892 1
893 2
894 1
895 2
896 2
897 2
898 2
899 2
900 2
901 1
902 1
903 1
904 2
905 1
906 1
907 2
908 2
909 2
910 1
911 1
912 1
913 1
914 1
915 2
916 2
917 2
918 3
919 2
920 3
921 2
922 2
923 2
924 3
925 2
926 1
927 1
928 1
929 0
930 1
931 1
932 1
933 2
934 2
935 2
936 1
937 1
938 1
939 1
940 2
941 2
942 1
943 2
944 1
945 2
946 2
947 2
948 2
949 1
950 3
951 3
952 1
953 1
954 2
955 2
956 1
957 2
958 2
959 1
960 1
961 1
962 1
963 0
964 1
965 1
966 2
967 1
968 1
969 1
970 1
971 1
972 2
973 2
974 0
975 0
976 0
977 0
978 0
979 1
980 1
981 1
982 2
983 2
984 2
985 2
986 2
987 2
988 2
989 2
990 2
991 1
992 1
993 0
994 1
995 2
996 1
997 1
998 1
999 2
1000 2
