0 50
1 31
2 34
3 35
4 36
5 33
6 34
7 31
8 32
9 31
10 32
11 35
12 31
13 33
14 29
15 33
16 31
17 31
18 35
19 30
20 34
21 35
22 30
23 31
24 33
25 35
26 33
27 35
28 30
29 33
30 33
31 32
32 31
33 33
34 31
35 35
36 31
37 36
38 30
39 31
40 30
41 35
42 29
43 36
44 31
45 28
46 34
47 32
48 31
49 32
50 35
51 34
52 33
53 30
54 32
55 33
56 31
57 34
58 35
59 31
60 31
61 32
62 35
63 35
64 34
65 32
66 33
67 30
68 34
69 30
70 35
71 33
72 30
73 29
74 33
75 34
76 35
77 30
78 33
79 32
80 35
81 32
82 30
83 32
84 36
85 35
86 35
87 38
88 34
89 33
90 33
91 31
92 35
93 33
94 30
95 32
96 30
97 31
98 34
99 33
100 32
101 33
102 29
103 32
104 35
105 34
106 32
107 33
108 33
109 35
110 36
111 31
112 29
113 32
114 34
115 32
116 35
117 33
118 34
119 32
120 34
121 35
122 34
123 32
124 33
125 35
126 35
127 34
128 34
129 31
130 32
131 34
132 37
133 32
134 33
135 32
136 31
137 35
138 31
139 29
140 32
141 34
142 36
143 29
144 30
145 31
146 33
147 33
148 34
149 33
150 33
151 30
152 33
153 31
154 33
155 34
156 34
157 33
158 32
159 32
160 34
161 33
162 33
163 36
164 34
165 31
166 31
167 35
168 36
169 33
170 34
171 35
172 36
173 33
174 32
175 31
176 32
177 33
178 32
179 34
180 33
181 32
182 37
183 35
184 34
185 31
186 34
187 31
188 30
189 33
190 28
191 31
192 33
193 32
194 33
195 34
196 30
197 34
198 32
199 28
200 35
201 36
202 31
203 33
204 33
205 34
206 36
207 33
208 33
209 33
210 34
211 37
212 32
213 31
214 34
215 32
216 35
217 32
218 27
219 32
220 34
221 36
222 35
223 37
224 32
225 35
226 31
227 31
228 30
229 34
230 32
231 36
232 31
233 35
234 31
235 35
236 34
237 33
238 35
239 31
240 32
241 33
242 35
243 30
244 33
245 32
246 31
247 35
248 35
249 34
250 32
251 30
252 34
253 32
254 31
255 33
256 36
257 35
258 30
259 30
260 34
261 30
262 32
263 33
264 29
265 34
266 34
267 32
268 31
269 31
270 35
271 30
272 33
273 34
274 32
275 35
276 34
277 33
278 34
279 31
280 35
281 33
282 35
283 33
284 30
285 30
286 36
287 32
288 34
289 32
290 32
291 35
292 31
293 30
294 36
295 34
296 34
297 35
298 33
299 29
300 33
301 35
302 36
303 31
304 31
305 32
306 32
307 36
308 30
309 35
310 36
311 34
312 34
313 35
314 33
315 32
316 33
317 34
318 33
319 32
320 32
321 31
322 32
323 35
324 30
325 36
326 34
327 35
328 33
329 33
330 30
331 34
332 35
333 34
334 32
335 31
336 32
337 34
338 36
339 34
340 28
341 35
342 34
343 33
344 33
345 33
346 36
347 32
348 36
349 33
350 37
351 31
352 34
353 31
354 34
355 29
356 32
357 35
358 34
359 33
360 32
361 31
362 33
363 35
364 33
365 33
366 32
367 35
368 36
369 36
370 34
371 31
372 32
373 31
374 33
375 34
376 35
377 34
378 37
379 32
380 28
381 31
382 31
383 35
384 32
385 31
386 36
387 34
388 33
389 35
390 29
391 28
392 35
393 35
394 33
395 36
396 30
397 32
398 36
399 33
400 30
401 32
402 30
403 33
404 35
405 33
406 30
407 34
408 33
409 34
410 30
411 34
412 31
413 33
414 33
415 35
416 34
417 31
418 32
419 35
420 36
421 31
422 30
423 30
424 35
425 34
426 33
427 33
428 32
429 35
430 32
431 33
432 34
433 33
434 35
435 34
436 33
437 35
438 30
439 35
440 33
441 34
442 33
443 34
444 36
445 33
446 33
447 31
448 32
449 35
450 32
451 35
452 32
453 29
454 34
455 35
456 31
457 33
458 35
459 31
460 35
461 32
462 32
463 31
464 30
465 34
466 34
467 33
468 33
469 33
470 31
471 31
472 32
473 35
474 31
475 32
476 34
477 34
478 34
479 34
480 35
481 31
482 33
483 33
484 33
485 36
486 35
487 28
488 31
489 35
490 36
491 30
492 33
493 32
494 33
495 27
496 35
497 30
498 34
499 36
500 33
501 31
502 35
503 32
504 36
505 37
506 32
507 33
508 33
509 30
510 30
511 31
512 34
513 35
514 33
515 31
516 31
517 35
518 35
519 29
520 32
521 35
522 31
523 34
524 31
525 33
526 32
527 34
528 37
529 32
530 32
531 34
532 36
533 32
534 34
535 30
536 33
537 29
538 32
539 32
540 31
541 31
542 33
543 35
544 31
545 33
546 35
547 32
548 33
549 35
550 35
551 32
552 32
553 34
554 35
555 32
556 29
557 31
558 33
559 32
560 30
561 32
562 34
563 35
564 30
565 32
566 30
567 36
568 32
569 33
570 28
571 33
572 34
573 31
574 31
575 34
576 34
577 35
578 35
579 33
580 31
581 35
582 33
583 33
584 32
585 34
586 32
587 35
588 28
589 36
590 29
591 35
592 33
593 34
594 33
595 32
596 33
597 33
598 34
599 33
600 32
601 31
602 34
603 32
604 24
605 34
606 33
607 33
608 35
609 31
610 32
611 31
612 34
613 30
614 33
615 35
616 35
617 36
618 37
619 32
620 33
621 29
622 35
623 34
624 34
625 34
626 35
627 31
628 33
629 34
630 29
631 33
632 35
633 36
634 34
635 32
636 34
637 36
638 36
639 36
640 30
641 29
642 35
643 32
644 32
645 32
646 36
647 33
648 33
649 33
650 36
651 34
652 32
653 33
654 33
655 36
656 36
657 37
658 31
659 31
660 35
661 34
662 34
663 28
664 32
665 37
666 33
667 31
668 33
669 32
670 32
671 34
672 37
673 33
674 34
675 35
676 33
677 36
678 31
679 33
680 33
681 31
682 29
683 33
684 35
685 36
686 36
687 30
688 35
689 34
690 30
691 32
692 33
693 35
694 35
695 33
696 36
697 33
698 32
699 33
700 33
701 33
702 33
703 35
704 32
705 31
706 35
707 33
708 32
709 33
710 34
711 30
712 33
713 33
714 33
715 32
716 34
717 30
718 33
719 35
720 32
721 37
722 32
723 32
724 34
725 34
726 32
727 29
728 33
729 32
730 36
731 32
732 32
733 36
734 35
735 35
736 36
737 32
738 37
739 32
740 34
741 32
742 32
743 33
744 33
745 33
746 35
747 33
748 31
749 34
750 33
751 33
752 31
753 36
754 34
755 33
756 34
757 30
758 32
759 37
760 29
761 34
762 36
763 35
764 32
765 33
766 30
767 32
768 34
769 34
770 33
771 34
772 34
773 36
774 31
775 33
776 33
777 32
778 31
779 30
780 31
781 31
782 37
783 35
784 35
785 31
786 32
787 34
788 31
789 34
790 28
791 35
792 33
793 35
794 35
795 32
796 36
797 32
798 35
799 35
800 33
801 36
802 32
803 32
804 29
805 34
806 33
807 31
808 33
809 33
810 30
811 33
812 31
813 33
814 32
815 36
816 33
817 34
818 33
819 37
820 35
821 35
822 34
823 30
824 32
825 33
826 34
827 35
828 32
829 34
830 35
831 35
832 32
833 31
834 34
835 31
836 33
837 33
838 31
839 33
840 36
841 36
842 31
843 35
844 27
845 34
846 32
847 33
848 32
849 32
850 35
851 36
852 31
853 35
854 34
855 33
856 30
857 33
858 30
859 34
860 33
861 35
862 28
863 33
864 34
865 38
866 34
867 33
868 35
869 36
870 33
871 34
872 31
873 31
874 31
875 32
876 35
877 32
878 33
879 31
880 32
881 34
882 35
883 35
884 34
885 33
886 33
887 31
888 32
889 34
890 35
891 33
892 34
893 35
894 35
895 34
896 32
897 34
898 33
899 32
900 34
901 38
902 34
903 35
904 36
905 35
906 32
907 32
908 35
909 36
910 34
911 32
912 36
913 30
914 32
915 35
916 32
917 31
918 33
919 32
920 30
921 35
922 34
923 29
924 32
925 29
926 31
927 32
928 32
929 30
930 33
931 33
932 34
933 35
934 35
935 33
936 33
937 34
938 32
939 35
940 31
941 29
942 31
943 30
944 34
945 35
946 31
947 32
948 33
949 32
950 33
951 32
952 30
953 37
954 33
955 32
956 33
957 32
958 35
959 35
960 31
961 35
962 26
963 33
964 33
965 33
966 34
967 33
968 36
969 33
970 36
971 32
972 32
973 30
974 35
975 35
976 36
977 33
978 32
979 34
980 36
981 33
982 32
983 35
984 34
985 33
986 34
987 36
988 30
989 34
990 33
991 30
992 33
993 35
994 35
995 35
996 34
997 32
998 36
999 29
1000 34
