0 40
1 31
2 28
3 22
4 26
5 24
6 24
7 26
8 25
9 23
10 24
11 22
12 24
13 28
14 28
15 27
16 23
17 25
18 27
19 23
20 25
21 25
22 24
23 25
24 26
25 25
26 25
27 20
28 20
29 23
30 25
31 23
32 26
33 26
34 25
35 24
36 23
37 24
38 24
39 27
40 27
41 28
42 27
43 26
44 28
45 25
46 25
47 27
48 26
49 23
50 25
51 26
52 24
53 23
54 21
55 23
56 23
57 24
58 24
59 26
60 27
61 27
62 27
63 26
64 27
65 26
66 26
67 21
68 25
69 25
70 26
71 25
72 25
73 21
74 26
75 23
76 25
77 25
78 26
79 24
80 27
81 26
82 27
83 25
84 25
85 21
86 23
87 23
88 26
89 26
90 24
91 26
92 26
93 24
94 25
95 24
96 25
97 27
98 28
99 29
100 24
101 24
102 27
103 23
104 25
105 27
106 27
107 29
108 25
109 25
110 22
111 23
112 23
113 25
114 20
115 20
116 25
117 25
118 21
119 24
120 26
121 28
122 28
123 27
124 28
125 26
126 26
127 24
128 27
129 26
130 26
131 24
132 27
133 24
134 25
135 23
136 25
137 24
138 23
139 26
140 25
141 22
142 22
143 23
144 25
145 26
146 25
147 24
148 26
149 26
150 27
151 26
152 28
153 24
154 26
155 26
156 25
157 25
158 27
159 26
160 28
161 27
162 29
163 27
164 27
165 27
166 27
167 24
168 25
169 24
170 25
171 21
172 21
173 24
174 23
175 23
176 22
177 30
178 28
179 27
180 25
181 24
182 26
183 28
184 29
185 24
186 23
187 21
188 25
189 22
190 22
191 26
192 29
193 30
194 29
195 29
196 25
197 26
198 25
199 25
200 27
201 27
202 26
203 28
204 25
205 27
206 27
207 28
208 22
209 25
210 28
211 29
212 28
213 29
214 25
215 23
216 21
217 25
218 25
219 25
220 23
221 24
222 27
223 24
224 25
225 22
226 24
227 25
228 28
229 27
230 28
231 28
232 26
233 26
234 25
235 26
236 27
237 25
238 24
239 25
240 26
241 23
242 23
243 25
244 25
245 23
246 24
247 29
248 28
249 27
250 25
251 25
252 24
253 24
254 25
255 23
256 26
257 27
258 24
259 23
260 24
261 27
262 28
263 26
264 24
265 26
266 27
267 26
268 27
269 27
270 25
271 21
272 22
273 25
274 26
275 26
276 23
277 24
278 26
279 26
280 26
281 26
282 25
283 27
284 24
285 24
286 25
287 26
288 26
289 25
290 26
291 27
292 26
293 23
294 23
295 26
296 25
297 26
298 24
299 25
300 25
301 28
302 26
303 28
304 29
305 28
306 26
307 23
308 25
309 22
310 24
311 27
312 29
313 27
314 25
315 26
316 24
317 27
318 29
319 25
320 23
321 25
322 26
323 28
324 26
325 26
326 28
327 27
328 27
329 26
330 26
331 24
332 23
333 24
334 24
335 22
336 23
337 21
338 22
339 24
340 23
341 24
342 23
343 25
344 23
345 23
346 23
347 26
348 30
349 28
350 29
351 26
352 24
353 25
354 24
355 26
356 22
357 19
358 24
359 25
360 24
361 23
362 22
363 28
364 26
365 27
366 26
367 25
368 24
369 25
370 26
371 27
372 25
373 25
374 24
375 27
376 22
377 25
378 29
379 30
380 28
381 29
382 26
383 23
384 26
385 24
386 24
387 26
388 24
389 25
390 27
391 28
392 26
393 25
394 26
395 25
396 26
397 23
398 22
399 24
400 20
401 23
402 24
403 26
404 25
405 22
406 25
407 28
408 27
409 26
410 26
411 24
412 23
413 23
414 25
415 18
416 23
417 24
418 26
419 27
420 26
421 26
422 27
423 28
424 27
425 28
426 23
427 24
428 22
429 22
430 26
431 29
432 26
433 22
434 22
435 23
436 26
437 26
438 26
439 27
440 27
441 28
442 28
443 24
444 26
445 24
446 21
447 20
448 22
449 21
450 23
451 24
452 26
453 26
454 28
455 28
456 29
457 26
458 25
459 27
460 27
461 25
462 26
463 22
464 26
465 26
466 23
467 27
468 27
469 24
470 23
471 24
472 24
473 24
474 24
475 26
476 28
477 26
478 24
479 26
480 27
481 28
482 28
483 25
484 25
485 26
486 28
487 21
488 23
489 25
490 26
491 26
492 26
493 26
494 25
495 26
496 22
497 25
498 24
499 25
500 26
501 25
502 25
503 27
504 27
505 23
506 29
507 27
508 22
509 24
510 24
511 25
512 25
513 24
514 26
515 25
516 26
517 26
518 26
519 26
520 26
521 27
522 26
523 24
524 22
525 22
526 22
527 25
528 23
529 24
530 25
531 26
532 28
533 27
534 24
535 24
536 22
537 21
538 21
539 22
540 26
541 25
542 24
543 25
544 25
545 28
546 26
547 25
548 24
549 23
550 25
551 22
552 24
553 24
554 25
555 23
556 27
557 28
558 29
559 27
560 26
561 25
562 26
563 24
564 22
565 25
566 26
567 24
568 21
569 22
570 26
571 23
572 25
573 25
574 26
575 29
576 30
577 26
578 26
579 24
580 24
581 26
582 25
583 23
584 26
585 23
586 21
587 24
588 20
589 21
590 22
591 19
592 25
593 25
594 24
595 23
596 25
597 27
598 23
599 23
600 25
601 24
602 24
603 23
604 23
605 21
606 25
607 26
608 26
609 26
610 26
611 28
612 25
613 27
614 24
615 25
616 29
617 27
618 25
619 25
620 23
621 25
622 22
623 23
624 22
625 21
626 24
627 27
628 28
629 29
630 25
631 27
632 27
633 29
634 29
635 29
636 27
637 26
638 25
639 26
640 27
641 22
642 27
643 28
644 28
645 27
646 25
647 27
648 28
649 28
650 27
651 25
652 27
653 25
654 25
655 23
656 25
657 24
658 26
659 23
660 21
661 21
662 18
663 20
664 21
665 21
666 23
667 25
668 28
669 25
670 22
671 24
672 28
673 25
674 22
675 21
676 25
677 24
678 26
679 26
680 24
681 25
682 24
683 25
684 26
685 24
686 23
687 19
688 23
689 22
690 25
691 28
692 26
693 26
694 23
695 25
696 26
697 27
698 25
699 24
700 26
701 23
702 26
703 27
704 26
705 23
706 22
707 20
708 23
709 27
710 26
711 24
712 25
713 24
714 24
715 24
716 23
717 21
718 23
719 25
720 23
721 19
722 23
723 24
724 21
725 26
726 25
727 27
728 26
729 26
730 26
731 25
732 26
733 27
734 29
735 29
736 29
737 26
738 27
739 25
740 26
741 25
742 23
743 25
744 25
745 23
746 26
747 26
748 28
749 26
750 26
751 28
752 30
753 25
754 24
755 22
756 22
757 27
758 27
759 26
760 25
761 26
762 27
763 25
764 27
765 24
766 24
767 26
768 22
769 25
770 26
771 24
772 24
773 26
774 27
775 26
776 27
777 26
778 25
779 27
780 25
781 23
782 22
783 26
784 23
785 24
786 24
787 27
788 24
789 24
790 25
791 25
792 27
793 27
794 26
795 27
796 26
797 24
798 24
799 27
800 24
801 22
802 24
803 24
804 26
805 26
806 24
807 23
808 25
809 23
810 26
811 25
812 26
813 26
814 25
815 24
816 21
817 20
818 19
819 23
820 27
821 27
822 30
823 29
824 26
825 21
826 21
827 20
828 22
829 25
830 24
831 26
832 28
833 27
834 21
835 25
836 20
837 24
838 25
839 24
840 28
841 29
842 26
843 23
844 24
845 26
846 27
847 26
848 30
849 26
850 26
851 28
852 27
853 27
854 28
855 26
856 30
857 29
858 27
859 25
860 27
861 25
862 27
863 25
864 24
865 21
866 26
867 29
868 26
869 27
870 27
871 25
872 26
873 23
874 23
875 25
876 25
877 25
878 23
879 22
880 25
881 26
882 23
883 24
884 23
885 23
886 26
887 26
888 23
889 22
890 26
891 25
892 26
893 26
894 26
895 23
896 22
897 24
898 28
899 26
900 25
901 26
902 22
903 23
904 24
905 25
906 25
907 24
908 23
909 24
910 24
911 26
912 26
913 26
914 26
915 26
916 27
917 30
918 29
919 29
920 28
921 26
922 25
923 24
924 25
925 26
926 26
927 27
928 23
929 22
930 25
931 25
932 25
933 26
934 25
935 28
936 25
937 24
938 26
939 26
940 27
941 26
942 23
943 21
944 26
945 26
946 24
947 24
948 27
949 25
950 27
951 28
952 30
953 28
954 28
955 27
956 24
957 23
958 24
959 21
960 27
961 26
962 25
963 26
964 27
965 24
966 26
967 26
968 27
969 26
970 24
971 24
972 24
973 25
974 26
975 25
976 26
977 24
978 24
979 26
980 26
981 27
982 26
983 26
984 25
985 25
986 22
987 20
988 24
989 23
990 26
991 23
992 24
993 28
994 26
995 22
996 24
997 28
998 24
999 20
1000 23
