0 25
1 17
2 16
3 13
4 15
5 14
6 13
7 14
8 16
9 17
10 16
11 14
12 15
13 15
14 15
15 13
16 14
17 15
18 17
19 15
20 15
21 12
22 16
23 15
24 15
25 16
26 14
27 15
28 12
29 14
30 14
31 18
32 15
33 15
34 15
35 13
36 14
37 13
38 15
39 10
40 14
41 15
42 14
43 14
44 14
45 14
46 16
47 15
48 16
49 15
50 13
51 14
52 14
53 16
54 13
55 13
56 15
57 14
58 16
59 15
60 14
61 13
62 15
63 15
64 16
65 16
66 17
67 15
68 15
69 14
70 14
71 13
72 16
73 13
74 14
75 15
76 16
77 16
78 16
79 18
80 18
81 16
82 15
83 15
84 13
85 16
86 14
87 15
88 14
89 14
90 15
91 16
92 16
93 16
94 17
95 15
96 14
97 13
98 14
99 16
100 16
101 16
102 15
103 13
104 17
105 15
106 16
107 13
108 17
109 15
110 14
111 15
112 15
113 13
114 14
115 13
116 15
117 14
118 16
119 15
120 14
121 14
122 14
123 13
124 13
125 15
126 14
127 15
128 14
129 16
130 11
131 15
132 12
133 11
134 13
135 15
136 13
137 11
138 14
139 15
140 15
141 15
142 17
143 17
144 15
145 14
146 14
147 13
148 14
149 15
150 12
151 16
152 15
153 16
154 15
155 16
156 14
157 12
158 13
159 14
160 15
161 15
162 15
163 15
164 15
165 14
166 15
167 15
168 14
169 16
170 16
171 14
172 15
173 17
174 13
175 14
176 11
177 15
178 16
179 15
180 16
181 13
182 16
183 13
184 17
185 17
186 18
187 16
188 15
189 15
190 17
191 15
192 14
193 15
194 15
195 16
196 13
197 13
198 12
199 13
200 15
201 15
202 13
203 14
204 12
205 16
206 14
207 14
208 16
209 17
210 15
211 15
212 16
213 14
214 17
215 14
216 15
217 12
218 10
219 13
220 16
221 15
222 16
223 15
224 12
225 13
226 13
227 15
228 15
229 16
230 15
231 15
232 14
233 13
234 14
235 15
236 10
237 10
238 12
239 13
240 14
241 16
242 14
243 13
244 13
245 14
246 13
247 16
248 15
249 12
250 14
251 14
252 16
253 13
254 15
255 11
256 14
257 15
258 15
259 14
260 16
261 16
262 16
263 17
264 17
265 16
266 15
267 13
268 14
269 16
270 13
271 15
272 14
273 13
274 12
275 15
276 15
277 12
278 15
279 12
280 15
281 15
282 16
283 15
284 14
285 15
286 15
287 15
288 15
289 17
290 15
291 16
292 15
293 15
294 15
295 13
296 15
297 14
298 15
299 13
300 16
301 13
302 14
303 14
304 15
305 16
306 15
307 14
308 12
309 15
310 11
311 12
312 12
313 13
314 13
315 15
316 18
317 14
318 15
319 16
320 14
321 14
322 13
323 16
324 16
325 14
326 14
327 14
328 15
329 14
330 17
331 11
332 10
333 16
334 13
335 13
336 13
337 13
338 13
339 14
340 16
341 16
342 15
343 14
344 14
345 14
346 16
347 14
348 17
349 16
350 15
351 14
352 15
353 15
354 15
355 16
356 16
357 13
358 14
359 14
360 13
361 16
362 17
363 14
364 15
365 13
366 14
367 17
368 15
369 15
370 17
371 16
372 14
373 15
374 15
375 15
376 15
377 13
378 12
379 14
380 17
381 13
382 17
383 16
384 13
385 14
386 13
387 14
388 13
389 12
390 15
391 12
392 15
393 16
394 14
395 16
396 16
397 16
398 17
399 14
400 15
401 16
402 14
403 15
404 16
405 15
406 14
407 15
408 16
409 13
410 14
411 15
412 16
413 16
414 15
415 16
416 14
417 15
418 12
419 14
420 14
421 14
422 14
423 14
424 13
425 13
426 14
427 12
428 16
429 16
430 16
431 17
432 16
433 16
434 17
435 12
436 14
437 15
438 17
439 15
440 12
441 12
442 12
443 16
444 15
445 16
446 15
447 14
448 15
449 16
450 14
451 15
452 14
453 14
454 14
455 14
456 14
457 17
458 17
459 13
460 14
461 15
462 16
463 15
464 15
465 15
466 14
467 13
468 13
469 14
470 15
471 15
472 12
473 14
474 15
475 17
476 15
477 15
478 15
479 11
480 14
481 16
482 16
483 17
484 15
485 16
486 16
487 17
488 18
489 13
490 16
491 13
492 16
493 16
494 15
495 16
496 16
497 17
498 16
499 15
500 13
501 15
502 15
503 17
504 15
505 13
506 14
507 15
508 14
509 14
510 15
511 14
512 15
513 11
514 14
515 16
516 14
517 14
518 15
519 16
520 17
521 16
522 17
523 16
524 16
525 18
526 16
527 16
528 15
529 14
530 16
531 15
532 14
533 15
534 15
535 12
536 16
537 14
538 16
539 14
540 15
541 14
542 16
543 17
544 15
545 15
546 17
547 15
548 14
549 14
550 15
551 17
552 15
553 12
554 15
555 16
556 15
557 14
558 17
559 16
560 13
561 14
562 14
563 16
564 13
565 16
566 16
567 13
568 11
569 15
570 14
571 15
572 14
573 13
574 14
575 11
576 11
577 15
578 14
579 13
580 14
581 12
582 11
583 13
584 10
585 16
586 15
587 11
588 12
589 17
590 15
591 15
592 16
593 15
594 13
595 15
596 11
597 12
598 12
599 15
600 13
601 15
602 18
603 16
604 15
605 16
606 15
607 14
608 16
609 14
610 14
611 14
612 15
613 11
614 16
615 16
616 14
617 13
618 15
619 14
620 12
621 12
622 10
623 13
624 17
625 15
626 16
627 13
628 14
629 13
630 16
631 16
632 17
633 14
634 15
635 14
636 13
637 12
638 14
639 14
640 14
641 12
642 16
643 17
644 14
645 12
646 16
647 14
648 15
649 17
650 15
651 15
652 12
653 12
654 13
655 13
656 14
657 14
658 11
659 15
660 15
661 15
662 16
663 17
664 16
665 15
666 14
667 17
668 16
669 17
670 16
671 17
672 15
673 14
674 12
675 13
676 13
677 14
678 14
679 16
680 17
681 13
682 15
683 13
684 16
685 16
686 16
687 16
688 17
689 15
690 15
691 12
692 13
693 14
694 14
695 11
696 13
697 16
698 16
699 16
700 15
701 14
702 14
703 16
704 17
705 18
706 14
707 14
708 12
709 15
710 15
711 15
712 14
713 18
714 15
715 16
716 15
717 17
718 15
719 17
720 17
721 12
722 14
723 14
724 14
725 14
726 12
727 16
728 15
729 14
730 16
731 16
732 14
733 14
734 11
735 12
736 18
737 13
738 14
739 14
740 13
741 15
742 15
743 15
744 14
745 14
746 16
747 15
748 13
749 13
750 14
751 15
752 13
753 14
754 14
755 14
756 17
757 12
758 14
759 14
760 13
761 12
762 13
763 11
764 11
765 13
766 13
767 16
768 16
769 13
770 13
771 15
772 14
773 15
774 15
775 15
776 13
777 15
778 14
779 13
780 13
781 13
782 14
783 15
784 16
785 14
786 12
787 14
788 14
789 16
790 14
791 14
792 16
793 13
794 13
795 7
796 10
797 13
798 15
799 15
800 14
801 15
802 14
803 17
804 11
805 13
806 13
807 16
808 15
809 13
810 14
811 15
812 14
813 11
814 13
815 16
816 16
817 14
818 13
819 15
820 16
821 14
822 16
823 16
824 14
825 14
826 14
827 12
828 13
829 14
830 14
831 14
832 14
833 13
834 14
835 15
836 16
837 14
838 15
839 15
840 15
841 16
842 12
843 12
844 14
845 15
846 13
847 14
848 15
849 13
850 14
851 15
852 13
853 14
854 12
855 14
856 16
857 17
858 16
859 16
860 15
861 16
862 14
863 12
864 16
865 15
866 14
867 16
868 16
869 13
870 15
871 15
872 15
873 16
874 16
875 15
876 16
877 15
878 15
879 15
880 13
881 13
882 16
883 13
884 13
885 10
886 15
887 15
888 11
889 11
890 13
891 15
892 15
893 15
894 18
895 15
896 15
897 15
898 16
899 15
900 15
901 14
902 16
903 15
904 16
905 15
906 15
907 18
908 15
909 14
910 13
911 13
912 15
913 14
914 15
915 16
916 13
917 14
918 13
919 11
920 13
921 11
922 14
923 15
924 13
925 15
926 15
927 13
928 14
929 15
930 12
931 14
932 15
933 14
934 12
935 14
936 12
937 15
938 16
939 16
940 17
941 13
942 14
943 13
944 16
945 18
946 16
947 16
948 14
949 18
950 15
951 13
952 13
953 14
954 14
955 13
956 16
957 14
958 14
959 13
960 14
961 16
962 15
963 12
964 15
965 14
966 13
967 14
968 14
969 16
970 17
971 17
972 13
973 16
974 13
975 15
976 12
977 13
978 13
979 13
980 14
981 16
982 17
983 15
984 11
985 13
986 15
987 14
988 14
989 14
990 15
991 17
992 16
993 16
994 13
995 16
996 14
997 14
998 13
999 15
1000 18
