0 55
1 45
2 44
3 40
4 39
5 45
6 38
7 43
8 41
9 37
10 39
11 39
12 37
13 36
14 38
15 39
16 40
17 44
18 40
19 35
20 35
21 35
22 34
23 38
24 32
25 32
26 36
27 36
28 38
29 39
30 38
31 36
32 42
33 42
34 40
35 40
36 41
37 37
38 39
39 39
40 37
41 43
42 37
43 37
44 36
45 42
46 38
47 41
48 38
49 37
50 40
51 35
52 37
53 37
54 41
55 36
56 37
57 42
58 43
59 42
60 40
61 39
62 37
63 37
64 38
65 37
66 37
67 39
68 43
69 38
70 39
71 39
72 40
73 45
74 40
75 40
76 37
77 39
78 41
79 42
80 43
81 36
82 40
83 39
84 33
85 36
86 40
87 38
88 39
89 40
90 39
91 43
92 43
93 40
94 43
95 39
96 39
97 42
98 43
99 41
100 36
101 40
102 39
103 34
104 34
105 39
106 33
107 34
108 36
109 36
110 41
111 43
112 39
113 39
114 38
115 40
116 39
117 36
118 41
119 41
120 40
121 35
122 43
123 43
124 39
125 35
126 36
127 37
128 38
129 37
130 39
131 35
132 37
133 42
134 40
135 41
136 41
137 39
138 41
139 38
140 41
141 39
142 37
143 36
144 37
145 37
146 39
147 42
148 39
149 34
150 34
151 40
152 38
153 35
154 33
155 37
156 40
157 43
158 40
159 38
160 37
161 34
162 34
163 40
164 38
165 38
166 40
167 42
168 43
169 39
170 34
171 36
172 41
173 44
174 45
175 45
176 38
177 33
178 38
179 41
180 38
181 38
182 37
183 36
184 39
185 34
186 37
187 37
188 42
189 40
190 39
191 38
192 36
193 33
194 35
195 39
196 39
197 31
198 33
199 32
200 38
201 40
202 43
203 44
204 39
205 38
206 37
207 36
208 42
209 42
210 42
211 39
212 40
213 35
214 39
215 41
216 42
217 38
218 38
219 41
220 37
221 41
222 37
223 39
224 38
225 40
226 40
227 42
228 40
229 39
230 39
231 43
232 36
233 31
234 37
235 39
236 38
237 40
238 36
239 35
240 41
241 44
242 40
243 35
244 37
245 38
246 40
247 37
248 40
249 42
250 42
251 43
252 42
253 41
254 39
255 35
256 38
257 34
258 39
259 38
260 36
261 38
262 38
263 43
264 39
265 43
266 42
267 40
268 39
269 40
270 39
271 36
272 38
273 36
274 34
275 36
276 39
277 40
278 38
279 40
280 41
281 40
282 42
283 43
284 42
285 43
286 38
287 37
288 38
289 36
290 40
291 40
292 36
293 39
294 36
295 37
296 40
297 31
298 34
299 38
300 37
301 36
302 38
303 39
304 37
305 36
306 39
307 42
308 43
309 44
310 41
311 38
312 41
313 40
314 38
315 42
316 38
317 40
318 39
319 36
320 38
321 43
322 40
323 42
324 41
325 41
326 38
327 38
328 38
329 38
330 37
331 41
332 39
333 38
334 42
335 41
336 40
337 40
338 39
339 42
340 37
341 40
342 41
343 41
344 42
345 42
346 36
347 38
348 37
349 35
350 39
351 39
352 41
353 38
354 41
355 40
356 39
357 34
358 35
359 36
360 38
361 36
362 38
363 36
364 38
365 40
366 35
367 38
368 40
369 42
370 39
371 40
372 35
373 39
374 39
375 41
376 44
377 38
378 40
379 39
380 38
381 41
382 42
383 43
384 37
385 43
386 41
387 38
388 37
389 38
390 41
391 37
392 35
393 38
394 37
395 38
396 44
397 38
398 42
399 44
400 40
401 37
402 40
403 43
404 42
405 39
406 37
407 38
408 42
409 40
410 36
411 41
412 37
413 36
414 39
415 42
416 41
417 42
418 38
419 35
420 41
421 40
422 36
423 39
424 39
425 39
426 42
427 39
428 32
429 35
430 37
431 38
432 40
433 37
434 37
435 35
436 39
437 43
438 40
439 40
440 41
441 41
442 41
443 44
444 42
445 41
446 39
447 38
448 38
449 37
450 34
451 43
452 40
453 39
454 38
455 40
456 40
457 35
458 34
459 33
460 41
461 33
462 39
463 40
464 36
465 39
466 40
467 42
468 36
469 39
470 38
471 37
472 38
473 36
474 40
475 41
476 42
477 42
478 40
479 36
480 43
481 37
482 38
483 42
484 42
485 40
486 39
487 42
488 36
489 40
490 37
491 38
492 40
493 37
494 36
495 41
496 39
497 32
498 32
499 40
500 38
501 38
502 40
503 43
504 42
505 39
506 42
507 40
508 41
509 40
510 38
511 41
512 41
513 41
514 43
515 44
516 37
517 36
518 34
519 37
520 39
521 39
522 37
523 37
524 38
525 43
526 39
527 40
528 43
529 42
530 37
531 37
532 37
533 36
534 34
535 41
536 39
537 35
538 36
539 41
540 38
541 37
542 40
543 39
544 34
545 33
546 35
547 39
548 38
549 40
550 39
551 41
552 41
553 45
554 40
555 41
556 39
557 40
558 41
559 40
560 39
561 41
562 37
563 35
564 34
565 40
566 40
567 44
568 37
569 34
570 37
571 39
572 40
573 36
574 39
575 42
576 39
577 39
578 33
579 39
580 36
581 39
582 44
583 39
584 39
585 37
586 36
587 37
588 33
589 35
590 29
591 36
592 38
593 35
594 33
595 35
596 37
597 36
598 37
599 38
600 38
601 36
602 35
603 36
604 43
605 42
606 40
607 43
608 42
609 38
610 41
611 40
612 42
613 41
614 37
615 37
616 42
617 40
618 42
619 41
620 40
621 41
622 39
623 35
624 35
625 38
626 40
627 35
628 35
629 34
630 39
631 41
632 39
633 38
634 41
635 42
636 40
637 36
638 40
639 37
640 37
641 39
642 39
643 40
644 35
645 39
646 40
647 39
648 30
649 32
650 39
651 37
652 39
653 36
654 41
655 39
656 37
657 39
658 40
659 38
660 38
661 37
662 37
663 31
664 39
665 38
666 40
667 39
668 39
669 40
670 39
671 42
672 44
673 40
674 36
675 37
676 37
677 35
678 37
679 36
680 36
681 37
682 38
683 36
684 38
685 40
686 32
687 37
688 38
689 34
690 37
691 40
692 38
693 36
694 39
695 33
696 40
697 38
698 44
699 39
700 36
701 38
702 38
703 38
704 36
705 35
706 38
707 39
708 39
709 40
710 39
711 41
712 38
713 44
714 45
715 42
716 40
717 38
718 38
719 35
720 36
721 39
722 39
723 39
724 40
725 40
726 38
727 38
728 37
729 37
730 37
731 43
732 40
733 38
734 36
735 40
736 40
737 43
738 42
739 43
740 42
741 39
742 42
743 43
744 37
745 39
746 42
747 36
748 36
749 39
750 39
751 37
752 34
753 39
754 43
755 41
756 37
757 40
758 37
759 35
760 36
761 40
762 38
763 38
764 39
765 42
766 41
767 41
768 34
769 42
770 43
771 39
772 41
773 38
774 38
775 42
776 40
777 41
778 46
779 44
780 43
781 42
782 40
783 39
784 36
785 35
786 41
787 42
788 39
789 43
790 42
791 40
792 36
793 35
794 38
795 42
796 40
797 42
798 41
799 41
800 41
801 39
802 37
803 36
804 35
805 36
806 33
807 38
808 40
809 38
810 35
811 34
812 38
813 42
814 38
815 38
816 42
817 34
818 39
819 39
820 36
821 35
822 38
823 38
824 39
825 45
826 45
827 39
828 42
829 40
830 42
831 36
832 35
833 34
834 34
835 37
836 39
837 39
838 40
839 39
840 39
841 40
842 35
843 38
844 40
845 36
846 40
847 37
848 41
849 39
850 40
851 42
852 38
853 35
854 41
855 38
856 41
857 41
858 40
859 40
860 38
861 38
862 34
863 37
864 36
865 40
866 44
867 45
868 41
869 37
870 39
871 38
872 38
873 39
874 40
875 41
876 41
877 38
878 40
879 42
880 42
881 41
882 39
883 42
884 43
885 42
886 43
887 41
888 36
889 42
890 42
891 42
892 39
893 37
894 39
895 38
896 39
897 38
898 42
899 36
900 36
901 38
902 42
903 38
904 37
905 40
906 44
907 38
908 36
909 39
910 35
911 36
912 38
913 37
914 36
915 33
916 36
917 35
918 39
919 36
920 37
921 36
922 37
923 36
924 35
925 37
926 44
927 42
928 43
929 41
930 40
931 40
932 42
933 40
934 41
935 43
936 41
937 40
938 39
939 42
940 40
941 41
942 37
943 36
944 35
945 40
946 42
947 40
948 40
949 37
950 37
951 38
952 42
953 43
954 41
955 40
956 36
957 36
958 37
959 38
960 40
961 40
962 37
963 37
964 36
965 40
966 43
967 41
968 40
969 41
970 40
971 36
972 40
973 37
974 36
975 39
976 45
977 41
978 43
979 33
980 37
981 39
982 38
983 37
984 43
985 41
986 38
987 39
988 41
989 42
990 42
991 36
992 40
993 41
994 41
995 43
996 41
997 40
998 40
999 40
1000 41
