0 65
1 59
2 51
3 49
4 45
5 43
6 40
7 42
8 38
9 36
10 38
11 37
12 37
13 38
14 38
15 34
16 35
17 33
18 38
19 38
20 35
21 35
22 37
23 39
24 38
25 40
26 40
27 36
28 39
29 41
30 41
31 39
32 40
33 40
34 39
35 40
36 36
37 36
38 32
39 34
40 33
41 34
42 33
43 31
44 34
45 36
46 37
47 38
48 39
49 37
50 35
51 39
52 37
53 38
54 41
55 40
56 39
57 39
58 40
59 42
60 40
61 39
62 36
63 35
64 35
65 38
66 36
67 38
68 38
69 37
70 37
71 38
72 40
73 40
74 39
75 39
76 38
77 37
78 39
79 41
80 42
81 41
82 39
83 38
84 36
85 36
86 37
87 35
88 36
89 37
90 37
91 37
92 37
93 37
94 37
95 39
96 39
97 37
98 37
99 39
100 38
101 37
102 37
103 38
104 39
105 38
106 37
107 38
108 37
109 38
110 37
111 35
112 33
113 32
114 36
115 38
116 38
117 36
118 34
119 34
120 34
121 35
122 36
123 35
124 36
125 34
126 35
127 36
128 36
129 36
130 36
131 35
132 37
133 38
134 40
135 38
136 39
137 39
138 38
139 41
140 37
141 39
142 40
143 40
144 38
145 38
146 38
147 38
148 39
149 36
150 37
151 39
152 37
153 36
154 37
155 38
156 39
157 37
158 36
159 36
160 36
161 34
162 35
163 35
164 32
165 35
166 35
167 32
168 35
169 34
170 34
171 35
172 37
173 39
174 36
175 37
176 39
177 41
178 40
179 42
180 42
181 40
182 42
183 39
184 39
185 40
186 37
187 41
188 39
189 37
190 35
191 34
192 37
193 37
194 40
195 38
196 35
197 38
198 37
199 35
200 33
201 37
202 40
203 34
204 35
205 38
206 38
207 38
208 39
209 38
210 39
211 38
212 36
213 36
214 37
215 39
216 39
217 36
218 38
219 39
220 38
221 38
222 38
223 37
224 37
225 39
226 40
227 39
228 41
229 40
230 38
231 37
232 39
233 35
234 37
235 37
236 35
237 36
238 35
239 36
240 36
241 34
242 37
243 36
244 39
245 40
246 37
247 40
248 39
249 39
250 40
251 40
252 39
253 36
254 36
255 36
256 35
257 33
258 36
259 36
260 37
261 38
262 37
263 35
264 36
265 36
266 36
267 36
268 36
269 31
270 34
271 36
272 37
273 36
274 39
275 39
276 38
277 36
278 37
279 34
280 34
281 36
282 33
283 36
284 37
285 38
286 36
287 37
288 38
289 36
290 38
291 36
292 37
293 36
294 38
295 38
296 38
297 38
298 38
299 35
300 36
301 39
302 38
303 37
304 38
305 38
306 36
307 36
308 37
309 39
310 41
311 41
312 39
313 39
314 41
315 41
316 43
317 39
318 40
319 38
320 36
321 37
322 37
323 36
324 36
325 37
326 35
327 35
328 37
329 36
330 36
331 38
332 40
333 38
334 38
335 36
336 37
337 37
338 37
339 37
340 37
341 35
342 36
343 34
344 36
345 36
346 40
347 41
348 39
349 39
350 36
351 37
352 40
353 40
354 39
355 39
356 41
357 38
358 39
359 38
360 38
361 37
362 36
363 37
364 35
365 37
366 38
367 37
368 36
369 35
370 35
371 33
372 32
373 31
374 34
375 36
376 35
377 37
378 38
379 40
380 39
381 40
382 37
383 39
384 40
385 38
386 37
387 37
388 39
389 37
390 35
391 37
392 39
393 38
394 39
395 41
396 40
397 41
398 40
399 39
400 42
401 41
402 42
403 41
404 41
405 35
406 35
407 36
408 36
409 38
410 37
411 35
412 35
413 36
414 36
415 38
416 35
417 36
418 37
419 40
420 42
421 42
422 41
423 40
424 39
425 41
426 40
427 38
428 38
429 37
430 39
431 40
432 38
433 38
434 39
435 36
436 37
437 34
438 34
439 36
440 34
441 36
442 37
443 39
444 41
445 39
446 37
447 37
448 35
449 34
450 33
451 34
452 35
453 37
454 37
455 39
456 36
457 38
458 40
459 41
460 39
461 37
462 38
463 38
464 39
465 36
466 38
467 37
468 39
469 37
470 39
471 37
472 36
473 37
474 38
475 40
476 41
477 38
478 38
479 38
480 39
481 39
482 41
483 40
484 39
485 41
486 40
487 40
488 40
489 40
490 41
491 36
492 39
493 42
494 39
495 41
496 36
497 37
498 37
499 40
500 39
501 39
502 38
503 39
504 39
505 38
506 37
507 35
508 38
509 39
510 37
511 35
512 34
513 31
514 35
515 35
516 34
517 35
518 36
519 40
520 40
521 39
522 40
523 38
524 40
525 39
526 37
527 40
528 39
529 38
530 36
531 36
532 35
533 33
534 36
535 36
536 36
537 38
538 38
539 37
540 38
541 38
542 37
543 37
544 37
545 37
546 35
547 35
548 38
549 36
550 33
551 31
552 32
553 32
554 31
555 34
556 36
557 36
558 33
559 34
560 35
561 36
562 37
563 39
564 40
565 37
566 35
567 35
568 37
569 38
570 38
571 38
572 37
573 37
574 36
575 35
576 38
577 35
578 38
579 36
580 36
581 36
582 36
583 37
584 34
585 35
586 36
587 38
588 40
589 42
590 40
591 40
592 42
593 41
594 38
595 37
596 36
597 32
598 35
599 35
600 34
601 36
602 34
603 35
604 35
605 35
606 32
607 29
608 34
609 37
610 36
611 36
612 37
613 38
614 34
615 33
616 35
617 37
618 34
619 34
620 35
621 36
622 37
623 36
624 38
625 40
626 40
627 40
628 39
629 39
630 40
631 38
632 36
633 33
634 34
635 36
636 35
637 33
638 31
639 32
640 33
641 34
642 33
643 33
644 34
645 37
646 39
647 40
648 35
649 34
650 36
651 36
652 37
653 38
654 38
655 38
656 34
657 36
658 38
659 37
660 37
661 35
662 38
663 39
664 39
665 39
666 39
667 38
668 38
669 38
670 37
671 39
672 36
673 36
674 36
675 37
676 36
677 39
678 37
679 37
680 37
681 37
682 36
683 37
684 38
685 39
686 37
687 35
688 33
689 34
690 35
691 39
692 41
693 36
694 34
695 35
696 36
697 35
698 36
699 37
700 39
701 34
702 36
703 36
704 31
705 31
706 33
707 33
708 34
709 36
710 37
711 37
712 38
713 39
714 37
715 35
716 35
717 37
718 38
719 37
720 37
721 37
722 39
723 40
724 42
725 38
726 38
727 38
728 37
729 37
730 38
731 34
732 39
733 39
734 41
735 38
736 38
737 38
738 35
739 40
740 36
741 38
742 39
743 38
744 39
745 38
746 37
747 38
748 40
749 40
750 40
751 40
752 36
753 38
754 39
755 40
756 36
757 35
758 34
759 38
760 36
761 37
762 39
763 42
764 41
765 40
766 40
767 39
768 39
769 40
770 39
771 38
772 36
773 34
774 35
775 34
776 34
777 31
778 34
779 36
780 33
781 32
782 32
783 33
784 33
785 33
786 38
787 36
788 37
789 37
790 37
791 38
792 40
793 40
794 41
795 39
796 39
797 41
798 43
799 43
800 40
801 35
802 36
803 35
804 36
805 35
806 32
807 31
808 34
809 37
810 39
811 36
812 38
813 39
814 34
815 30
816 33
817 33
818 35
819 38
820 38
821 36
822 37
823 38
824 37
825 36
826 38
827 40
828 40
829 37
830 36
831 38
832 40
833 40
834 40
835 38
836 38
837 38
838 40
839 41
840 39
841 39
842 41
843 39
844 38
845 37
846 39
847 37
848 37
849 33
850 35
851 36
852 40
853 39
854 39
855 36
856 37
857 36
858 36
859 33
860 34
861 31
862 31
863 30
864 32
865 36
866 41
867 40
868 38
869 34
870 36
871 35
872 36
873 39
874 43
875 37
876 36
877 39
878 39
879 40
880 40
881 41
882 38
883 36
884 36
885 37
886 38
887 39
888 41
889 40
890 41
891 40
892 40
893 40
894 39
895 38
896 36
897 36
898 34
899 35
900 34
901 36
902 35
903 39
904 41
905 40
906 42
907 43
908 42
909 42
910 39
911 41
912 43
913 43
914 41
915 40
916 38
917 37
918 35
919 38
920 39
921 40
922 38
923 38
924 39
925 39
926 39
927 41
928 37
929 39
930 40
931 41
932 40
933 42
934 38
935 38
936 39
937 39
938 37
939 40
940 37
941 39
942 39
943 37
944 39
945 39
946 41
947 41
948 40
949 37
950 32
951 37
952 35
953 35
954 35
955 35
956 35
957 37
958 37
959 38
960 37
961 35
962 35
963 33
964 33
965 34
966 38
967 38
968 39
969 39
970 37
971 38
972 39
973 39
974 40
975 37
976 40
977 40
978 38
979 38
980 39
981 37
982 36
983 35
984 33
985 32
986 33
987 34
988 34
989 34
990 33
991 35
992 35
993 35
994 36
995 35
996 36
997 34
998 35
999 37
1000 35
