0 15
1 10
2 11
3 13
4 8
5 7
6 12
7 9
8 9
9 9
10 13
11 12
12 12
13 9
14 11
15 10
16 11
17 13
18 13
19 10
20 12
21 14
22 10
23 10
24 13
25 12
26 9
27 12
28 8
29 12
30 11
31 9
32 9
33 13
34 10
35 8
36 13
37 9
38 11
39 10
40 9
41 11
42 11
43 12
44 9
45 10
46 10
47 12
48 11
49 10
50 11
51 11
52 9
53 8
54 12
55 11
56 11
57 9
58 11
59 11
60 11
61 10
62 10
63 12
64 9
65 11
66 12
67 8
68 10
69 13
70 8
71 11
72 8
73 11
74 11
75 10
76 9
77 9
78 12
79 10
80 11
81 12
82 12
83 7
84 10
85 7
86 9
87 8
88 11
89 8
90 7
91 12
92 12
93 10
94 11
95 10
96 9
97 11
98 10
99 10
100 9
101 9
102 9
103 12
104 10
105 10
106 9
107 8
108 9
109 8
110 11
111 10
112 10
113 11
114 10
115 9
116 10
117 10
118 10
119 13
120 11
121 11
122 10
123 13
124 10
125 10
126 9
127 8
128 12
129 10
130 9
131 9
132 10
133 11
134 10
135 10
136 11
137 13
138 10
139 13
140 12
141 10
142 9
143 9
144 10
145 12
146 9
147 12
148 9
149 13
150 8
151 12
152 9
153 12
154 8
155 8
156 10
157 9
158 12
159 9
160 10
161 8
162 9
163 9
164 11
165 9
166 11
167 9
168 10
169 10
170 12
171 9
172 9
173 9
174 9
175 7
176 11
177 11
178 10
179 11
180 9
181 11
182 9
183 10
184 7
185 10
186 8
187 8
188 10
189 11
190 10
191 10
192 12
193 10
194 10
195 12
196 9
197 9
198 10
199 7
200 12
201 11
202 9
203 10
204 10
205 9
206 10
207 13
208 10
209 13
210 9
211 9
212 10
213 10
214 8
215 8
216 10
217 10
218 7
219 10
220 14
221 11
222 11
223 9
224 12
225 10
226 9
227 10
228 9
229 8
230 12
231 11
232 12
233 10
234 8
235 12
236 10
237 9
238 11
239 10
240 9
241 12
242 12
243 11
244 9
245 8
246 8
247 13
248 9
249 9
250 11
251 11
252 11
253 11
254 9
255 10
256 9
257 9
258 12
259 10
260 9
261 8
262 10
263 9
264 11
265 11
266 11
267 7
268 11
269 10
270 11
271 10
272 12
273 10
274 12
275 10
276 10
277 10
278 11
279 11
280 11
281 12
282 8
283 9
284 12
285 9
286 12
287 9
288 10
289 11
290 8
291 11
292 9
293 10
294 12
295 10
296 7
297 10
298 10
299 11
300 11
301 9
302 13
303 11
304 12
305 9
306 13
307 11
308 8
309 8
310 9
311 10
312 9
313 11
314 12
315 9
316 8
317 9
318 12
319 8
320 9
321 11
322 10
323 10
324 10
325 10
326 10
327 12
328 9
329 9
330 11
331 12
332 11
333 11
334 10
335 11
336 9
337 12
338 9
339 9
340 10
341 10
342 12
343 9
344 8
345 13
346 10
347 12
348 10
349 11
350 8
351 11
352 9
353 11
354 7
355 12
356 12
357 11
358 9
359 11
360 10
361 7
362 13
363 12
364 10
365 10
366 13
367 10
368 9
369 12
370 10
371 9
372 9
373 13
374 8
375 12
376 10
377 8
378 8
379 8
380 10
381 9
382 10
383 11
384 9
385 8
386 11
387 11
388 9
389 10
390 8
391 11
392 10
393 12
394 10
395 12
396 10
397 9
398 12
399 10
400 9
401 7
402 10
403 9
404 13
405 10
406 8
407 11
408 13
409 10
410 8
411 9
412 10
413 11
414 12
415 10
416 8
417 13
418 10
419 8
420 12
421 12
422 12
423 9
424 9
425 11
426 11
427 10
428 12
429 11
430 12
431 10
432 9
433 11
434 10
435 11
436 10
437 9
438 8
439 11
440 9
441 11
442 11
443 10
444 12
445 11
446 12
447 11
448 14
449 8
450 11
451 8
452 10
453 12
454 11
455 12
456 11
457 12
458 9
459 7
460 9
461 12
462 10
463 9
464 12
465 10
466 10
467 8
468 10
469 9
470 9
471 11
472 9
473 8
474 10
475 13
476 8
477 11
478 10
479 9
480 13
481 11
482 10
483 12
484 10
485 10
486 10
487 12
488 12
489 7
490 5
491 12
492 9
493 10
494 10
495 12
496 11
497 11
498 7
499 8
500 9
501 10
502 10
503 9
504 9
505 10
506 12
507 12
508 12
509 11
510 12
511 10
512 9
513 12
514 11
515 13
516 12
517 12
518 11
519 9
520 11
521 11
522 11
523 7
524 10
525 12
526 12
527 12
528 10
529 11
530 7
531 9
532 13
533 11
534 9
535 9
536 9
537 10
538 11
539 11
540 12
541 11
542 9
543 11
544 11
545 9
546 7
547 14
548 8
549 11
550 9
551 11
552 10
553 10
554 10
555 11
556 13
557 11
558 11
559 10
560 11
561 11
562 10
563 13
564 7
565 11
566 10
567 12
568 11
569 11
570 10
571 10
572 11
573 12
574 8
575 13
576 9
577 10
578 9
579 12
580 12
581 10
582 8
583 11
584 10
585 12
586 10
587 13
588 9
589 10
590 11
591 7
592 10
593 10
594 8
595 10
596 11
597 10
598 10
599 11
600 11
601 9
602 11
603 9
604 11
605 10
606 13
607 9
608 9
609 10
610 8
611 8
612 12
613 7
614 11
615 11
616 11
617 10
618 13
619 12
620 12
621 9
622 10
623 11
624 6
625 9
626 10
627 10
628 10
629 9
630 10
631 13
632 11
633 12
634 12
635 12
636 11
637 11
638 11
639 12
640 10
641 11
642 9
643 11
644 10
645 10
646 9
647 9
648 9
649 10
650 11
651 8
652 6
653 9
654 13
655 12
656 10
657 10
658 11
659 9
660 8
661 10
662 11
663 11
664 8
665 11
666 11
667 8
668 10
669 12
670 9
671 12
672 12
673 5
674 11
675 9
676 11
677 10
678 12
679 12
680 10
681 10
682 9
683 10
684 11
685 10
686 10
687 10
688 11
689 13
690 8
691 10
692 10
693 9
694 9
695 9
696 13
697 10
698 11
699 9
700 9
701 10
702 12
703 11
704 12
705 10
706 11
707 11
708 8
709 11
710 9
711 11
712 10
713 9
714 11
715 11
716 9
717 12
718 13
719 9
720 13
721 9
722 12
723 11
724 11
725 11
726 11
727 12
728 8
729 11
730 7
731 9
732 7
733 13
734 10
735 11
736 10
737 10
738 6
739 8
740 8
741 9
742 7
743 9
744 11
745 10
746 11
747 11
748 11
749 9
750 11
751 12
752 9
753 11
754 13
755 8
756 11
757 9
758 9
759 12
760 11
761 11
762 10
763 10
764 11
765 9
766 10
767 11
768 9
769 12
770 8
771 12
772 11
773 11
774 11
775 12
776 13
777 7
778 12
779 10
780 10
781 11
782 10
783 8
784 11
785 13
786 10
787 11
788 13
789 10
790 11
791 12
792 12
793 13
794 9
795 11
796 11
797 9
798 9
799 10
800 9
801 11
802 9
803 11
804 9
805 9
806 10
807 9
808 11
809 10
810 9
811 11
812 11
813 12
814 10
815 13
816 11
817 12
818 11
819 10
820 13
821 9
822 9
823 12
824 12
825 11
826 13
827 11
828 13
829 11
830 12
831 11
832 12
833 13
834 10
835 14
836 9
837 10
838 10
839 8
840 11
841 9
842 9
843 8
844 11
845 12
846 8
847 10
848 10
849 11
850 9
851 9
852 11
853 11
854 11
855 7
856 11
857 11
858 10
859 11
860 9
861 11
862 12
863 10
864 11
865 10
866 12
867 12
868 11
869 12
870 7
871 12
872 10
873 10
874 8
875 9
876 7
877 10
878 11
879 12
880 9
881 10
882 13
883 11
884 10
885 11
886 11
887 11
888 10
889 10
890 10
891 9
892 10
893 9
894 9
895 12
896 11
897 11
898 8
899 11
900 11
901 11
902 10
903 12
904 12
905 10
906 9
907 10
908 9
909 10
910 12
911 10
912 12
913 8
914 9
915 12
916 11
917 11
918 9
919 11
920 9
921 10
922 11
923 11
924 12
925 12
926 8
927 7
928 9
929 11
930 10
931 11
932 12
933 11
934 13
935 11
936 9
937 10
938 12
939 8
940 13
941 10
942 13
943 11
944 10
945 11
946 10
947 11
948 10
949 15
950 11
951 11
952 14
953 11
954 10
955 13
956 10
957 13
958 11
959 9
960 11
961 10
962 10
963 10
964 12
965 11
966 12
967 10
968 12
969 11
970 12
971 10
972 12
973 10
974 10
975 13
976 9
977 11
978 11
979 12
980 12
981 11
982 10
983 9
984 10
985 8
986 8
987 5
988 10
989 10
990 11
991 12
992 12
993 11
994 8
995 9
996 9
997 8
998 10
999 11
1000 11
