0 35
1 31
2 28
3 25
4 23
5 20
6 21
7 19
8 18
9 18
10 19
11 19
12 16
13 16
14 17
15 17
16 18
17 17
18 17
19 18
20 17
21 15
22 16
23 16
24 17
25 18
26 18
27 16
28 16
29 16
30 19
31 19
32 19
33 15
34 14
35 17
36 18
37 17
38 17
39 14
40 13
41 13
42 13
43 15
44 15
45 16
46 17
47 18
48 18
49 15
50 15
51 15
52 15
53 15
54 15
55 15
56 15
57 14
58 14
59 15
60 14
61 15
62 16
63 17
64 17
65 17
66 17
67 14
68 14
69 14
70 16
71 15
72 15
73 15
74 14
75 15
76 14
77 15
78 13
79 14
80 14
81 13
82 13
83 15
84 16
85 16
86 17
87 17
88 15
89 16
90 14
91 16
92 16
93 16
94 16
95 15
96 15
97 14
98 13
99 13
100 14
101 15
102 15
103 15
104 15
105 15
106 16
107 17
108 18
109 15
110 14
111 15
112 16
113 15
114 16
115 16
116 15
117 17
118 16
119 16
120 14
121 16
122 15
123 14
124 12
125 13
126 14
127 15
128 15
129 16
130 16
131 15
132 15
133 15
134 16
135 16
136 13
137 15
138 14
139 14
140 16
141 16
142 16
143 16
144 17
145 17
146 17
147 16
148 17
149 18
150 16
151 16
152 15
153 13
154 16
155 14
156 14
157 15
158 14
159 15
160 14
161 16
162 14
163 15
164 15
165 13
166 14
167 16
168 16
169 17
170 17
171 15
172 16
173 15
174 14
175 15
176 15
177 14
178 13
179 14
180 16
181 16
182 16
183 16
184 16
185 17
186 15
187 14
188 15
189 15
190 15
191 16
192 15
193 16
194 19
195 20
196 20
197 19
198 19
199 17
200 17
201 17
202 17
203 17
204 16
205 17
206 16
207 16
208 17
209 18
210 18
211 18
212 19
213 19
214 17
215 18
216 17
217 16
218 16
219 16
220 14
221 15
222 14
223 15
224 15
225 16
226 16
227 16
228 14
229 14
230 16
231 17
232 15
233 15
234 15
235 15
236 16
237 14
238 14
239 13
240 15
241 15
242 15
243 16
244 17
245 16
246 16
247 16
248 14
249 14
250 16
251 16
252 17
253 17
254 15
255 14
256 14
257 16
258 16
259 17
260 17
261 19
262 18
263 19
264 20
265 20
266 18
267 17
268 17
269 16
270 16
271 17
272 17
273 16
274 17
275 17
276 14
277 13
278 15
279 17
280 17
281 18
282 19
283 19
284 19
285 19
286 18
287 16
288 16
289 17
290 18
291 16
292 15
293 16
294 15
295 14
296 14
297 14
298 16
299 14
300 14
301 16
302 15
303 13
304 15
305 17
306 15
307 16
308 15
309 17
310 15
311 11
312 11
313 14
314 15
315 16
316 15
317 15
318 15
319 18
320 19
321 19
322 20
323 20
324 20
325 18
326 18
327 17
328 16
329 16
330 16
331 15
332 17
333 16
334 16
335 16
336 15
337 15
338 14
339 15
340 13
341 14
342 14
343 16
344 18
345 16
346 17
347 19
348 19
349 18
350 18
351 16
352 16
353 17
354 19
355 18
356 16
357 16
358 14
359 15
360 17
361 15
362 15
363 14
364 15
365 16
366 15
367 14
368 17
369 17
370 14
371 15
372 16
373 15
374 17
375 17
376 15
377 15
378 15
379 15
380 16
381 15
382 13
383 13
384 15
385 16
386 18
387 18
388 17
389 17
390 17
391 16
392 15
393 16
394 17
395 16
396 16
397 17
398 17
399 19
400 19
401 17
402 16
403 16
404 17
405 13
406 13
407 13
408 12
409 12
410 12
411 13
412 15
413 14
414 15
415 15
416 15
417 16
418 17
419 17
420 17
421 17
422 17
423 14
424 15
425 14
426 14
427 13
428 13
429 13
430 14
431 15
432 15
433 15
434 17
435 17
436 17
437 16
438 16
439 15
440 15
441 15
442 17
443 19
444 20
445 19
446 19
447 20
448 19
449 17
450 18
451 18
452 18
453 17
454 18
455 17
456 17
457 18
458 17
459 17
460 16
461 16
462 16
463 16
464 16
465 17
466 16
467 18
468 18
469 20
470 18
471 17
472 16
473 17
474 15
475 15
476 14
477 14
478 14
479 12
480 13
481 14
482 14
483 15
484 16
485 16
486 15
487 17
488 17
489 18
490 17
491 16
492 17
493 17
494 16
495 17
496 17
497 18
498 19
499 19
500 17
501 17
502 16
503 15
504 14
505 14
506 14
507 15
508 18
509 17
510 19
511 19
512 18
513 17
514 16
515 17
516 16
517 17
518 17
519 19
520 20
521 21
522 21
523 20
524 20
525 18
526 17
527 19
528 17
529 18
530 17
531 16
532 15
533 15
534 17
535 14
536 13
537 14
538 14
539 14
540 16
541 15
542 14
543 15
544 16
545 17
546 16
547 18
548 19
549 18
550 17
551 16
552 17
553 17
554 19
555 18
556 17
557 17
558 17
559 17
560 18
561 17
562 16
563 16
564 15
565 16
566 17
567 16
568 16
569 16
570 16
571 17
572 15
573 15
574 15
575 15
576 16
577 17
578 17
579 18
580 16
581 17
582 14
583 15
584 14
585 14
586 15
587 16
588 15
589 15
590 15
591 15
592 16
593 15
594 15
595 14
596 15
597 15
598 12
599 12
600 13
601 17
602 16
603 15
604 14
605 16
606 16
607 15
608 17
609 14
610 13
611 12
612 13
613 14
614 14
615 16
616 18
617 19
618 18
619 19
620 17
621 18
622 17
623 17
624 17
625 18
626 19
627 16
628 17
629 17
630 17
631 16
632 16
633 17
634 18
635 17
636 16
637 16
638 16
639 16
640 17
641 13
642 14
643 14
644 14
645 14
646 15
647 16
648 17
649 17
650 16
651 16
652 15
653 16
654 15
655 17
656 16
657 16
658 16
659 17
660 16
661 17
662 18
663 19
664 19
665 18
666 18
667 17
668 17
669 17
670 17
671 15
672 16
673 17
674 16
675 18
676 19
677 19
678 17
679 14
680 15
681 17
682 17
683 17
684 17
685 19
686 18
687 17
688 17
689 16
690 13
691 15
692 15
693 16
694 16
695 16
696 16
697 17
698 18
699 20
700 19
701 18
702 17
703 17
704 18
705 15
706 16
707 16
708 16
709 17
710 16
711 17
712 17
713 16
714 17
715 17
716 15
717 14
718 15
719 13
720 14
721 16
722 18
723 16
724 16
725 17
726 17
727 17
728 17
729 15
730 16
731 14
732 15
733 15
734 13
735 15
736 16
737 17
738 18
739 18
740 18
741 18
742 18
743 18
744 18
745 18
746 17
747 17
748 15
749 12
750 13
751 14
752 14
753 15
754 16
755 16
756 15
757 16
758 16
759 15
760 14
761 15
762 15
763 17
764 18
765 16
766 16
767 16
768 16
769 15
770 16
771 16
772 16
773 16
774 15
775 16
776 17
777 18
778 19
779 17
780 17
781 17
782 16
783 17
784 17
785 19
786 17
787 17
788 16
789 15
790 17
791 17
792 17
793 17
794 16
795 18
796 21
797 20
798 18
799 18
800 17
801 17
802 16
803 15
804 16
805 16
806 17
807 18
808 16
809 16
810 16
811 18
812 19
813 19
814 19
815 16
816 18
817 19
818 19
819 20
820 18
821 16
822 17
823 18
824 16
825 18
826 15
827 17
828 18
829 18
830 18
831 19
832 21
833 19
834 18
835 17
836 16
837 17
838 16
839 14
840 15
841 15
842 13
843 13
844 13
845 13
846 11
847 13
848 14
849 16
850 15
851 16
852 17
853 18
854 18
855 18
856 19
857 18
858 19
859 19
860 16
861 15
862 16
863 15
864 15
865 17
866 17
867 18
868 16
869 17
870 17
871 18
872 17
873 16
874 17
875 17
876 15
877 14
878 15
879 15
880 16
881 15
882 17
883 15
884 16
885 14
886 15
887 14
888 12
889 13
890 14
891 15
892 15
893 17
894 16
895 19
896 18
897 18
898 18
899 17
900 17
901 16
902 17
903 17
904 18
905 17
906 16
907 15
908 15
909 15
910 16
911 13
912 14
913 14
914 15
915 15
916 16
917 17
918 15
919 15
920 14
921 16
922 16
923 18
924 17
925 16
926 15
927 16
928 16
929 17
930 17
931 18
932 19
933 17
934 18
935 14
936 14
937 14
938 14
939 14
940 15
941 14
942 14
943 15
944 16
945 16
946 17
947 16
948 18
949 18
950 18
951 19
952 20
953 18
954 18
955 18
956 18
957 17
958 18
959 19
960 17
961 17
962 17
963 16
964 17
965 16
966 15
967 13
968 13
969 13
970 13
971 13
972 16
973 17
974 16
975 17
976 18
977 19
978 18
979 19
980 17
981 16
982 16
983 16
984 14
985 15
986 10
987 12
988 13
989 16
990 17
991 16
992 17
993 18
994 17
995 15
996 14
997 15
998 15
999 14
1000 16
