0 25
1 23
2 21
3 21
4 20
5 18
6 18
7 18
8 17
9 17
10 18
11 18
12 18
13 18
14 18
15 18
16 18
17 18
18 18
19 19
20 18
21 18
22 17
23 16
24 16
25 16
26 16
27 18
28 17
29 18
30 17
31 16
32 15
33 15
34 16
35 16
36 16
37 15
38 16
39 17
40 16
41 16
42 16
43 16
44 17
45 15
46 16
47 15
48 15
49 15
50 15
51 16
52 14
53 15
54 15
55 16
56 16
57 14
58 14
59 13
60 14
61 14
62 12
63 13
64 13
65 14
66 13
67 14
68 14
69 15
70 15
71 15
72 13
73 12
74 14
75 13
76 12
77 12
78 12
79 12
80 14
81 13
82 13
83 14
84 15
85 15
86 13
87 13
88 14
89 14
90 15
91 15
92 15
93 17
94 17
95 17
96 17
97 18
98 18
99 18
100 18
101 18
102 17
103 17
104 16
105 16
106 18
107 17
108 18
109 18
110 17
111 17
112 16
113 16
114 15
115 14
116 15
117 15
118 14
119 11
120 11
121 11
122 11
123 11
124 11
125 11
126 10
127 10
128 11
129 14
130 13
131 13
132 13
133 12
134 14
135 13
136 11
137 12
138 12
139 12
140 12
141 13
142 17
143 17
144 17
145 19
146 19
147 19
148 19
149 17
150 16
151 18
152 17
153 18
154 17
155 17
156 16
157 15
158 17
159 15
160 14
161 13
162 14
163 14
164 14
165 15
166 16
167 17
168 16
169 16
170 16
171 17
172 15
173 15
174 15
175 16
176 15
177 16
178 17
179 17
180 18
181 17
182 18
183 17
184 17
185 16
186 16
187 17
188 19
189 19
190 18
191 18
192 18
193 16
194 17
195 17
196 18
197 19
198 19
199 17
200 17
201 17
202 17
203 18
204 17
205 17
206 16
207 16
208 17
209 16
210 16
211 15
212 15
213 17
214 17
215 17
216 17
217 17
218 18
219 19
220 19
221 20
222 17
223 15
224 14
225 14
226 14
227 14
228 12
229 11
230 10
231 11
232 11
233 12
234 11
235 11
236 10
237 11
238 11
239 12
240 14
241 12
242 12
243 13
244 12
245 12
246 13
247 12
248 11
249 11
250 12
251 11
252 11
253 12
254 11
255 11
256 10
257 11
258 11
259 11
260 10
261 9
262 10
263 10
264 11
265 11
266 11
267 11
268 11
269 11
270 12
271 12
272 14
273 14
274 16
275 15
276 15
277 14
278 13
279 13
280 13
281 13
282 13
283 16
284 17
285 17
286 17
287 17
288 17
289 14
290 13
291 14
292 14
293 15
294 14
295 13
296 12
297 13
298 13
299 15
300 16
301 14
302 15
303 14
304 12
305 12
306 13
307 16
308 15
309 15
310 15
311 16
312 15
313 14
314 15
315 14
316 15
317 16
318 16
319 15
320 13
321 16
322 16
323 15
324 15
325 15
326 13
327 13
328 14
329 16
330 16
331 18
332 16
333 17
334 16
335 17
336 17
337 15
338 15
339 15
340 13
341 13
342 14
343 15
344 15
345 14
346 13
347 13
348 15
349 16
350 16
351 17
352 17
353 17
354 15
355 13
356 12
357 14
358 14
359 15
360 13
361 13
362 13
363 13
364 14
365 15
366 15
367 16
368 15
369 14
370 13
371 13
372 15
373 17
374 17
375 17
376 16
377 17
378 18
379 17
380 16
381 15
382 16
383 14
384 13
385 13
386 13
387 13
388 15
389 15
390 14
391 15
392 17
393 16
394 16
395 17
396 17
397 17
398 16
399 15
400 15
401 14
402 14
403 14
404 15
405 16
406 16
407 15
408 15
409 15
410 14
411 13
412 13
413 14
414 15
415 14
416 12
417 12
418 12
419 13
420 12
421 13
422 14
423 13
424 12
425 12
426 14
427 14
428 15
429 14
430 13
431 14
432 12
433 12
434 13
435 13
436 15
437 16
438 15
439 16
440 14
441 14
442 15
443 15
444 15
445 14
446 13
447 11
448 11
449 11
450 13
451 14
452 14
453 14
454 15
455 15
456 16
457 16
458 18
459 16
460 15
461 14
462 14
463 14
464 14
465 15
466 14
467 15
468 15
469 15
470 15
471 14
472 15
473 15
474 16
475 16
476 16
477 16
478 16
479 15
480 14
481 14
482 14
483 15
484 14
485 12
486 13
487 15
488 14
489 14
490 14
491 15
492 15
493 16
494 17
495 17
496 17
497 16
498 16
499 17
500 16
501 14
502 13
503 13
504 12
505 14
506 18
507 20
508 19
509 17
510 18
511 17
512 18
513 16
514 14
515 14
516 16
517 19
518 16
519 17
520 15
521 14
522 14
523 14
524 15
525 14
526 14
527 14
528 14
529 14
530 14
531 16
532 16
533 16
534 14
535 14
536 14
537 13
538 14
539 14
540 14
541 15
542 16
543 15
544 15
545 14
546 17
547 17
548 17
549 18
550 18
551 18
552 19
553 19
554 19
555 20
556 20
557 19
558 19
559 16
560 19
561 19
562 19
563 18
564 18
565 18
566 18
567 18
568 17
569 17
570 16
571 16
572 18
573 18
574 17
575 15
576 16
577 15
578 15
579 14
580 14
581 13
582 14
583 13
584 14
585 14
586 14
587 13
588 13
589 13
590 13
591 13
592 13
593 14
594 13
595 12
596 12
597 14
598 14
599 12
600 12
601 13
602 13
603 13
604 15
605 14
606 14
607 14
608 16
609 16
610 17
611 18
612 17
613 18
614 18
615 18
616 16
617 17
618 17
619 17
620 17
621 19
622 17
623 17
624 14
625 11
626 12
627 12
628 11
629 14
630 14
631 12
632 12
633 13
634 11
635 12
636 12
637 12
638 12
639 11
640 11
641 10
642 12
643 12
644 12
645 11
646 13
647 12
648 14
649 16
650 15
651 15
652 15
653 15
654 15
655 14
656 14
657 15
658 16
659 16
660 17
661 15
662 14
663 14
664 15
665 15
666 16
667 16
668 17
669 17
670 16
671 16
672 15
673 17
674 17
675 16
676 15
677 15
678 14
679 14
680 15
681 15
682 14
683 16
684 15
685 15
686 15
687 14
688 15
689 16
690 18
691 17
692 17
693 15
694 14
695 13
696 15
697 14
698 14
699 13
700 13
701 13
702 15
703 16
704 15
705 16
706 16
707 15
708 14
709 14
710 12
711 12
712 12
713 13
714 13
715 14
716 14
717 15
718 16
719 15
720 13
721 15
722 15
723 15
724 16
725 16
726 16
727 16
728 15
729 15
730 16
731 16
732 15
733 16
734 17
735 15
736 13
737 13
738 13
739 13
740 12
741 13
742 12
743 14
744 14
745 15
746 14
747 14
748 14
749 14
750 15
751 14
752 14
753 13
754 15
755 13
756 12
757 12
758 12
759 12
760 13
761 12
762 13
763 13
764 14
765 13
766 14
767 15
768 15
769 15
770 15
771 14
772 14
773 16
774 16
775 14
776 16
777 16
778 15
779 16
780 17
781 18
782 18
783 17
784 16
785 17
786 16
787 15
788 15
789 16
790 14
791 14
792 13
793 12
794 13
795 12
796 12
797 14
798 14
799 13
800 13
801 12
802 13
803 12
804 12
805 12
806 13
807 12
808 14
809 14
810 13
811 13
812 15
813 15
814 16
815 17
816 17
817 17
818 18
819 18
820 18
821 17
822 17
823 16
824 17
825 15
826 16
827 16
828 16
829 17
830 18
831 18
832 17
833 18
834 17
835 17
836 16
837 17
838 17
839 17
840 16
841 15
842 15
843 14
844 14
845 14
846 14
847 13
848 13
849 13
850 14
851 16
852 17
853 14
854 15
855 14
856 14
857 13
858 13
859 13
860 13
861 13
862 13
863 14
864 13
865 13
866 12
867 9
868 10
869 11
870 11
871 12
872 14
873 13
874 13
875 14
876 15
877 16
878 16
879 15
880 16
881 16
882 16
883 16
884 16
885 15
886 14
887 17
888 17
889 18
890 18
891 15
892 14
893 13
894 14
895 14
896 13
897 12
898 12
899 13
900 14
901 15
902 15
903 16
904 16
905 14
906 14
907 15
908 14
909 15
910 16
911 16
912 15
913 15
914 15
915 14
916 14
917 13
918 15
919 15
920 15
921 15
922 17
923 17
924 16
925 15
926 14
927 15
928 15
929 15
930 14
931 12
932 12
933 12
934 13
935 16
936 16
937 15
938 14
939 16
940 17
941 15
942 14
943 15
944 15
945 15
946 15
947 14
948 14
949 16
950 15
951 15
952 16
953 15
954 16
955 15
956 15
957 14
958 14
959 15
960 16
961 15
962 13
963 15
964 14
965 14
966 13
967 13
968 16
969 15
970 15
971 15
972 17
973 16
974 14
975 16
976 17
977 15
978 16
979 16
980 16
981 15
982 16
983 17
984 18
985 18
986 19
987 17
988 16
989 14
990 16
991 16
992 16
993 14
994 14
995 15
996 15
997 16
998 17
999 17
1000 17
