0 55
1 46
2 40
3 37
4 37
5 36
6 35
7 35
8 35
9 36
10 38
11 34
12 33
13 33
14 31
15 30
16 32
17 34
18 31
19 32
20 29
21 32
22 35
23 35
24 34
25 34
26 35
27 37
28 34
29 34
30 35
31 35
32 34
33 35
34 33
35 34
36 34
37 34
38 35
39 34
40 35
41 30
42 32
43 32
44 35
45 34
46 32
47 32
48 33
49 34
50 36
51 34
52 33
53 29
54 30
55 30
56 33
57 32
58 33
59 33
60 31
61 27
62 32
63 32
64 34
65 34
66 33
67 33
68 33
69 32
70 34
71 31
72 31
73 34
74 34
75 34
76 35
77 34
78 37
79 34
80 31
81 33
82 28
83 28
84 28
85 27
86 30
87 33
88 31
89 34
90 32
91 30
92 31
93 33
94 32
95 34
96 33
97 35
98 35
99 31
100 34
101 35
102 35
103 37
104 35
105 37
106 32
107 31
108 32
109 33
110 36
111 36
112 34
113 35
114 36
115 37
116 36
117 35
118 32
119 34
120 35
121 33
122 33
123 32
124 31
125 32
126 31
127 30
128 33
129 31
130 32
131 29
132 30
133 30
134 32
135 32
136 30
137 32
138 33
139 33
140 33
141 35
142 32
143 30
144 29
145 29
146 30
147 32
148 35
149 32
150 30
151 34
152 31
153 32
154 32
155 33
156 35
157 35
158 32
159 33
160 34
161 32
162 34
163 34
164 33
165 31
166 30
167 33
168 35
169 35
170 30
171 30
172 33
173 33
174 35
175 32
176 33
177 32
178 36
179 35
180 31
181 33
182 33
183 33
184 31
185 34
186 31
187 35
188 34
189 34
190 32
191 34
192 33
193 33
194 36
195 37
196 36
197 32
198 33
199 36
200 35
201 35
202 31
203 31
204 28
205 30
206 34
207 37
208 35
209 36
210 36
211 34
212 35
213 34
214 32
215 31
216 34
217 34
218 35
219 36
220 34
221 32
222 31
223 31
224 30
225 32
226 32
227 31
228 35
229 33
230 34
231 35
232 33
233 34
234 37
235 38
236 38
237 36
238 34
239 34
240 33
241 34
242 34
243 35
244 34
245 30
246 28
247 31
248 34
249 33
250 34
251 34
252 32
253 34
254 32
255 31
256 31
257 33
258 35
259 34
260 34
261 34
262 31
263 31
264 35
265 36
266 35
267 33
268 33
269 34
270 37
271 36
272 36
273 34
274 35
275 35
276 30
277 33
278 32
279 33
280 36
281 36
282 33
283 32
284 34
285 30
286 34
287 35
288 34
289 34
290 34
291 34
292 33
293 32
294 32
295 31
296 32
297 32
298 33
299 31
300 33
301 36
302 31
303 35
304 35
305 36
306 35
307 30
308 32
309 34
310 34
311 29
312 32
313 32
314 32
315 27
316 30
317 31
318 32
319 34
320 35
321 35
322 35
323 34
324 35
325 33
326 32
327 33
328 35
329 36
330 36
331 38
332 35
333 35
334 32
335 33
336 33
337 31
338 33
339 33
340 31
341 34
342 34
343 34
344 35
345 34
346 37
347 36
348 34
349 29
350 31
351 33
352 33
353 35
354 35
355 31
356 30
357 32
358 33
359 32
360 32
361 32
362 35
363 34
364 34
365 32
366 35
367 34
368 33
369 35
370 35
371 34
372 34
373 33
374 34
375 34
376 33
377 33
378 34
379 28
380 32
381 33
382 35
383 37
384 38
385 37
386 35
387 35
388 36
389 36
390 34
391 33
392 34
393 36
394 34
395 34
396 30
397 36
398 34
399 34
400 32
401 31
402 33
403 33
404 31
405 34
406 36
407 36
408 35
409 32
410 35
411 32
412 30
413 33
414 34
415 36
416 33
417 34
418 33
419 35
420 34
421 32
422 32
423 33
424 29
425 32
426 31
427 32
428 32
429 29
430 31
431 33
432 32
433 31
434 33
435 35
436 37
437 35
438 33
439 31
440 32
441 31
442 29
443 30
444 32
445 32
446 28
447 24
448 27
449 29
450 33
451 31
452 31
453 34
454 33
455 29
456 33
457 32
458 33
459 32
460 32
461 32
462 34
463 35
464 36
465 33
466 29
467 33
468 34
469 33
470 36
471 36
472 33
473 33
474 34
475 33
476 29
477 30
478 31
479 33
480 35
481 36
482 36
483 37
484 36
485 36
486 33
487 34
488 33
489 34
490 35
491 33
492 29
493 31
494 30
495 31
496 31
497 34
498 32
499 36
500 37
501 36
502 35
503 34
504 36
505 33
506 31
507 28
508 30
509 31
510 32
511 35
512 36
513 35
514 32
515 32
516 34
517 35
518 35
519 33
520 34
521 35
522 35
523 35
524 33
525 32
526 32
527 28
528 29
529 30
530 30
531 29
532 31
533 33
534 32
535 34
536 33
537 32
538 32
539 35
540 33
541 29
542 31
543 33
544 33
545 29
546 33
547 30
548 25
549 31
550 33
551 30
552 32
553 36
554 36
555 37
556 35
557 32
558 31
559 32
560 32
561 33
562 31
563 31
564 30
565 32
566 33
567 33
568 35
569 32
570 34
571 33
572 35
573 35
574 35
575 35
576 31
577 30
578 33
579 31
580 31
581 34
582 35
583 31
584 33
585 35
586 34
587 35
588 30
589 31
590 35
591 33
592 33
593 33
594 33
595 34
596 36
597 39
598 35
599 38
600 34
601 34
602 32
603 32
604 33
605 35
606 35
607 33
608 36
609 37
610 31
611 34
612 32
613 34
614 34
615 36
616 34
617 33
618 33
619 29
620 29
621 30
622 29
623 27
624 31
625 34
626 34
627 32
628 34
629 34
630 36
631 35
632 33
633 36
634 37
635 36
636 37
637 35
638 33
639 32
640 35
641 37
642 36
643 36
644 33
645 32
646 34
647 33
648 34
649 34
650 33
651 36
652 35
653 33
654 31
655 31
656 33
657 33
658 33
659 36
660 33
661 34
662 37
663 37
664 33
665 36
666 37
667 35
668 35
669 32
670 36
671 34
672 35
673 33
674 34
675 36
676 36
677 32
678 34
679 34
680 35
681 36
682 32
683 34
684 33
685 35
686 34
687 29
688 33
689 31
690 34
691 32
692 34
693 34
694 35
695 38
696 37
697 36
698 35
699 32
700 32
701 31
702 30
703 30
704 33
705 31
706 30
707 31
708 34
709 31
710 31
711 34
712 31
713 31
714 31
715 34
716 36
717 33
718 33
719 32
720 33
721 33
722 31
723 35
724 38
725 36
726 34
727 32
728 34
729 33
730 33
731 35
732 37
733 36
734 36
735 34
736 33
737 32
738 36
739 36
740 33
741 28
742 31
743 31
744 28
745 32
746 32
747 35
748 35
749 35
750 31
751 31
752 30
753 33
754 36
755 36
756 34
757 34
758 32
759 34
760 34
761 33
762 35
763 33
764 31
765 33
766 34
767 30
768 32
769 30
770 29
771 33
772 36
773 36
774 32
775 31
776 32
777 35
778 31
779 31
780 31
781 34
782 32
783 34
784 34
785 36
786 35
787 33
788 33
789 36
790 36
791 32
792 34
793 36
794 35
795 34
796 33
797 35
798 33
799 28
800 31
801 29
802 29
803 31
804 31
805 32
806 31
807 33
808 34
809 33
810 34
811 32
812 34
813 34
814 39
815 37
816 30
817 34
818 32
819 33
820 35
821 32
822 31
823 29
824 28
825 34
826 35
827 35
828 33
829 32
830 34
831 34
832 29
833 33
834 31
835 31
836 32
837 35
838 31
839 34
840 30
841 34
842 33
843 35
844 35
845 33
846 30
847 32
848 32
849 33
850 28
851 31
852 31
853 34
854 32
855 32
856 34
857 33
858 33
859 32
860 26
861 31
862 33
863 33
864 35
865 34
866 35
867 34
868 32
869 35
870 33
871 32
872 34
873 32
874 34
875 32
876 34
877 31
878 34
879 32
880 31
881 32
882 29
883 30
884 29
885 34
886 39
887 33
888 31
889 33
890 32
891 31
892 33
893 34
894 35
895 36
896 38
897 38
898 37
899 34
900 35
901 29
902 28
903 30
904 29
905 34
906 35
907 36
908 36
909 34
910 35
911 33
912 31
913 34
914 30
915 32
916 35
917 35
918 27
919 33
920 33
921 31
922 32
923 32
924 33
925 35
926 36
927 38
928 35
929 36
930 36
931 37
932 35
933 35
934 32
935 30
936 30
937 34
938 36
939 36
940 35
941 33
942 33
943 32
944 33
945 34
946 35
947 33
948 34
949 30
950 32
951 33
952 35
953 30
954 31
955 32
956 31
957 33
958 34
959 32
960 30
961 30
962 31
963 32
964 32
965 33
966 34
967 34
968 35
969 36
970 33
971 32
972 33
973 33
974 34
975 32
976 34
977 32
978 34
979 36
980 37
981 36
982 35
983 33
984 35
985 34
986 32
987 35
988 37
989 36
990 32
991 35
992 32
993 34
994 35
995 32
996 35
997 30
998 31
999 30
1000 31
