0 25
1 16
2 21
3 23
4 18
5 15
6 13
7 18
8 20
9 15
10 18
11 18
12 18
13 18
14 18
15 17
16 16
17 21
18 18
19 17
20 18
21 15
22 15
23 18
24 17
25 19
26 15
27 18
28 20
29 19
30 15
31 18
32 15
33 14
34 18
35 18
36 17
37 13
38 18
39 19
40 18
41 17
42 21
43 17
44 21
45 15
46 19
47 15
48 20
49 15
50 15
51 18
52 17
53 18
54 15
55 19
56 17
57 17
58 15
59 15
60 17
61 16
62 18
63 18
64 15
65 18
66 19
67 20
68 14
69 17
70 16
71 14
72 18
73 14
74 21
75 21
76 18
77 20
78 18
79 20
80 15
81 19
82 19
83 19
84 19
85 16
86 18
87 15
88 15
89 18
90 19
91 17
92 21
93 16
94 18
95 21
96 19
97 20
98 14
99 19
100 16
101 16
102 18
103 14
104 16
105 19
106 19
107 15
108 16
109 19
110 18
111 16
112 17
113 19
114 15
115 18
116 16
117 17
118 17
119 20
120 19
121 14
122 19
123 16
124 18
125 18
126 18
127 19
128 18
129 18
130 16
131 18
132 16
133 15
134 21
135 19
136 17
137 21
138 16
139 19
140 18
141 16
142 22
143 19
144 15
145 21
146 17
147 16
148 18
149 16
150 18
151 16
152 14
153 19
154 16
155 20
156 17
157 15
158 18
159 17
160 18
161 18
162 20
163 20
164 20
165 16
166 18
167 19
168 16
169 14
170 15
171 18
172 13
173 18
174 14
175 19
176 21
177 16
178 19
179 18
180 22
181 22
182 15
183 15
184 18
185 15
186 17
187 17
188 19
189 18
190 17
191 17
192 21
193 21
194 19
195 20
196 17
197 15
198 16
199 19
200 16
201 14
202 21
203 18
204 16
205 19
206 17
207 17
208 18
209 15
210 19
211 19
212 19
213 17
214 21
215 17
216 19
217 18
218 18
219 16
220 20
221 18
222 21
223 19
224 17
225 10
226 18
227 19
228 17
229 20
230 17
231 16
232 16
233 18
234 17
235 18
236 18
237 17
238 17
239 18
240 15
241 15
242 19
243 19
244 18
245 19
246 19
247 16
248 17
249 15
250 17
251 19
252 19
253 17
254 17
255 15
256 21
257 19
258 16
259 18
260 17
261 15
262 19
263 17
264 17
265 15
266 17
267 15
268 20
269 14
270 17
271 16
272 16
273 19
274 15
275 22
276 17
277 15
278 17
279 15
280 20
281 17
282 17
283 20
284 19
285 18
286 15
287 15
288 12
289 17
290 18
291 19
292 20
293 18
294 16
295 17
296 18
297 15
298 19
299 18
300 16
301 19
302 17
303 19
304 15
305 17
306 17
307 19
308 21
309 18
310 19
311 19
312 17
313 19
314 19
315 18
316 20
317 20
318 15
319 19
320 18
321 15
322 19
323 14
324 21
325 19
326 16
327 19
328 15
329 18
330 17
331 18
332 18
333 18
334 19
335 22
336 18
337 21
338 20
339 17
340 16
341 18
342 18
343 18
344 20
345 18
346 17
347 16
348 16
349 18
350 20
351 18
352 17
353 18
354 15
355 15
356 18
357 18
358 19
359 16
360 13
361 20
362 17
363 16
364 17
365 21
366 16
367 18
368 13
369 20
370 17
371 19
372 15
373 18
374 19
375 18
376 16
377 19
378 17
379 16
380 17
381 19
382 20
383 18
384 17
385 15
386 17
387 16
388 19
389 16
390 20
391 19
392 19
393 15
394 18
395 16
396 18
397 15
398 19
399 19
400 18
401 16
402 16
403 19
404 19
405 18
406 16
407 17
408 19
409 19
410 18
411 20
412 18
413 18
414 17
415 17
416 17
417 17
418 17
419 18
420 17
421 20
422 17
423 16
424 18
425 22
426 20
427 19
428 15
429 16
430 19
431 15
432 19
433 19
434 22
435 18
436 18
437 19
438 16
439 20
440 20
441 17
442 20
443 18
444 17
445 20
446 18
447 18
448 19
449 15
450 19
451 18
452 22
453 19
454 17
455 16
456 17
457 15
458 17
459 18
460 18
461 16
462 17
463 14
464 18
465 17
466 18
467 17
468 18
469 14
470 17
471 16
472 19
473 21
474 15
475 21
476 17
477 20
478 18
479 21
480 17
481 14
482 17
483 17
484 20
485 20
486 16
487 21
488 19
489 20
490 16
491 17
492 15
493 20
494 20
495 20
496 19
497 17
498 18
499 17
500 18
501 18
502 15
503 16
504 17
505 20
506 18
507 16
508 17
509 18
510 13
511 20
512 16
513 16
514 17
515 16
516 22
517 15
518 20
519 17
520 17
521 16
522 17
523 19
524 19
525 17
526 17
527 19
528 20
529 19
530 16
531 16
532 13
533 18
534 15
535 15
536 20
537 17
538 19
539 18
540 17
541 14
542 16
543 16
544 20
545 20
546 16
547 15
548 16
549 17
550 18
551 20
552 18
553 17
554 19
555 17
556 21
557 14
558 15
559 14
560 18
561 16
562 17
563 20
564 20
565 19
566 19
567 19
568 20
569 17
570 16
571 21
572 18
573 19
574 15
575 22
576 20
577 16
578 19
579 18
580 16
581 14
582 17
583 18
584 16
585 18
586 12
587 15
588 17
589 19
590 19
591 17
592 16
593 15
594 17
595 15
596 16
597 18
598 19
599 15
600 16
601 15
602 17
603 17
604 16
605 16
606 20
607 17
608 19
609 19
610 10
611 17
612 19
613 15
614 18
615 19
616 17
617 17
618 15
619 19
620 16
621 21
622 18
623 20
624 17
625 17
626 20
627 18
628 18
629 16
630 20
631 18
632 17
633 19
634 20
635 17
636 13
637 22
638 18
639 15
640 18
641 14
642 18
643 19
644 19
645 16
646 20
647 16
648 18
649 18
650 16
651 18
652 17
653 18
654 15
655 17
656 17
657 22
658 16
659 20
660 16
661 19
662 17
663 19
664 18
665 20
666 17
667 16
668 18
669 19
670 13
671 19
672 16
673 20
674 16
675 18
676 17
677 21
678 18
679 16
680 15
681 20
682 21
683 18
684 20
685 19
686 20
687 16
688 15
689 19
690 14
691 18
692 15
693 19
694 16
695 18
696 15
697 15
698 18
699 18
700 17
701 20
702 18
703 16
704 19
705 16
706 22
707 15
708 18
709 17
710 19
711 18
712 16
713 15
714 18
715 20
716 20
717 19
718 19
719 17
720 16
721 23
722 21
723 15
724 19
725 18
726 17
727 18
728 18
729 14
730 18
731 20
732 17
733 24
734 19
735 18
736 15
737 16
738 16
739 17
740 19
741 19
742 19
743 19
744 18
745 18
746 15
747 15
748 20
749 19
750 21
751 19
752 20
753 20
754 15
755 18
756 18
757 18
758 18
759 17
760 15
761 19
762 19
763 18
764 21
765 19
766 17
767 20
768 18
769 15
770 18
771 18
772 16
773 19
774 16
775 19
776 17
777 15
778 21
779 17
780 20
781 17
782 16
783 16
784 17
785 18
786 17
787 19
788 18
789 17
790 20
791 15
792 13
793 16
794 18
795 19
796 15
797 14
798 18
799 19
800 20
801 16
802 20
803 20
804 22
805 18
806 17
807 17
808 17
809 18
810 16
811 17
812 19
813 19
814 18
815 16
816 15
817 17
818 17
819 18
820 17
821 16
822 17
823 19
824 16
825 16
826 20
827 15
828 19
829 20
830 18
831 18
832 14
833 18
834 18
835 20
836 20
837 22
838 17
839 17
840 18
841 17
842 17
843 16
844 19
845 18
846 20
847 20
848 17
849 19
850 17
851 18
852 16
853 16
854 16
855 16
856 18
857 17
858 15
859 17
860 19
861 16
862 16
863 19
864 21
865 15
866 21
867 17
868 16
869 19
870 16
871 16
872 18
873 19
874 18
875 20
876 16
877 15
878 16
879 21
880 19
881 20
882 18
883 19
884 17
885 20
886 15
887 16
888 19
889 18
890 20
891 18
892 21
893 19
894 14
895 19
896 20
897 19
898 18
899 18
900 19
901 16
902 14
903 17
904 19
905 18
906 17
907 15
908 17
909 20
910 15
911 20
912 19
913 16
914 15
915 15
916 16
917 19
918 18
919 18
920 17
921 20
922 17
923 16
924 13
925 16
926 15
927 13
928 14
929 20
930 17
931 17
932 17
933 17
934 16
935 20
936 20
937 18
938 19
939 18
940 18
941 19
942 18
943 19
944 18
945 19
946 18
947 16
948 19
949 16
950 17
951 19
952 19
953 17
954 18
955 18
956 13
957 13
958 16
959 18
960 17
961 14
962 15
963 17
964 16
965 20
966 17
967 18
968 17
969 18
970 16
971 16
972 18
973 20
974 15
975 16
976 21
977 17
978 15
979 18
980 15
981 16
982 18
983 16
984 20
985 16
986 20
987 16
988 19
989 16
990 17
991 15
992 16
993 18
994 18
995 19
996 17
997 19
998 18
999 20
1000 20
