0 40
1 29
2 24
3 18
4 22
5 25
6 24
7 26
8 25
9 26
10 28
11 23
12 25
13 24
14 25
15 25
16 22
17 25
18 26
19 24
20 20
21 22
22 26
23 29
24 27
25 26
26 26
27 24
28 24
29 25
30 28
31 25
32 28
33 25
34 24
35 23
36 26
37 26
38 24
39 25
40 22
41 26
42 28
43 25
44 24
45 25
46 26
47 26
48 26
49 25
50 25
51 24
52 26
53 24
54 24
55 24
56 25
57 25
58 24
59 25
60 25
61 28
62 26
63 26
64 24
65 24
66 25
67 24
68 25
69 26
70 23
71 27
72 27
73 25
74 24
75 22
76 24
77 23
78 24
79 23
80 26
81 27
82 28
83 27
84 23
85 23
86 26
87 25
88 25
89 28
90 27
91 26
92 25
93 22
94 24
95 23
96 26
97 29
98 27
99 24
100 25
101 27
102 24
103 28
104 25
105 27
106 27
107 27
108 26
109 23
110 25
111 23
112 23
113 28
114 24
115 24
116 23
117 23
118 25
119 24
120 22
121 21
122 26
123 26
124 22
125 22
126 26
127 25
128 24
129 19
130 25
131 26
132 24
133 25
134 20
135 27
136 25
137 20
138 24
139 23
140 24
141 25
142 25
143 27
144 26
145 24
146 24
147 25
148 25
149 25
150 26
151 27
152 22
153 26
154 26
155 20
156 24
157 25
158 25
159 26
160 25
161 25
162 27
163 24
164 21
165 23
166 22
167 26
168 27
169 25
170 24
171 27
172 28
173 25
174 24
175 23
176 25
177 25
178 24
179 24
180 26
181 26
182 25
183 26
184 23
185 28
186 28
187 24
188 23
189 23
190 25
191 21
192 22
193 22
194 24
195 23
196 25
197 25
198 26
199 27
200 24
201 24
202 25
203 25
204 22
205 25
206 26
207 24
208 24
209 24
210 28
211 26
212 23
213 25
214 25
215 24
216 24
217 25
218 22
219 23
220 22
221 24
222 25
223 26
224 25
225 28
226 28
227 25
228 25
229 26
230 26
231 27
232 25
233 26
234 26
235 23
236 24
237 24
238 25
239 26
240 25
241 25
242 25
243 26
244 26
245 27
246 29
247 24
248 23
249 24
250 22
251 23
252 20
253 26
254 27
255 25
256 24
257 24
258 24
259 26
260 23
261 22
262 23
263 23
264 24
265 25
266 23
267 25
268 25
269 24
270 25
271 26
272 26
273 26
274 21
275 24
276 27
277 28
278 21
279 21
280 23
281 23
282 25
283 21
284 25
285 24
286 25
287 21
288 24
289 25
290 26
291 27
292 28
293 27
294 25
295 25
296 24
297 25
298 25
299 25
300 24
301 24
302 24
303 26
304 24
305 21
306 24
307 27
308 21
309 23
310 24
311 21
312 26
313 26
314 26
315 27
316 27
317 23
318 25
319 22
320 24
321 26
322 23
323 25
324 23
325 24
326 25
327 22
328 24
329 25
330 26
331 26
332 24
333 24
334 24
335 23
336 23
337 25
338 26
339 23
340 25
341 21
342 23
343 26
344 28
345 28
346 24
347 24
348 27
349 24
350 27
351 27
352 26
353 22
354 20
355 22
356 23
357 25
358 26
359 22
360 24
361 27
362 23
363 22
364 27
365 23
366 24
367 25
368 26
369 22
370 24
371 27
372 22
373 23
374 24
375 26
376 25
377 24
378 26
379 26
380 28
381 27
382 25
383 27
384 28
385 24
386 24
387 23
388 24
389 24
390 24
391 24
392 24
393 25
394 26
395 26
396 24
397 22
398 24
399 25
400 24
401 25
402 29
403 26
404 26
405 24
406 23
407 25
408 27
409 19
410 22
411 26
412 23
413 23
414 23
415 21
416 25
417 26
418 25
419 26
420 25
421 24
422 24
423 26
424 26
425 26
426 28
427 28
428 26
429 26
430 27
431 27
432 24
433 24
434 23
435 26
436 27
437 23
438 25
439 24
440 27
441 25
442 24
443 23
444 25
445 24
446 26
447 26
448 23
449 24
450 24
451 27
452 27
453 22
454 25
455 26
456 24
457 29
458 24
459 24
460 23
461 25
462 17
463 20
464 25
465 27
466 27
467 28
468 26
469 24
470 26
471 27
472 23
473 24
474 27
475 26
476 24
477 25
478 25
479 25
480 25
481 25
482 24
483 26
484 23
485 23
486 24
487 27
488 24
489 24
490 24
491 25
492 24
493 26
494 24
495 27
496 26
497 21
498 25
499 25
500 26
501 26
502 23
503 24
504 25
505 27
506 26
507 27
508 27
509 23
510 27
511 23
512 26
513 26
514 27
515 23
516 28
517 27
518 26
519 26
520 27
521 25
522 23
523 26
524 24
525 25
526 24
527 23
528 27
529 27
530 27
531 26
532 26
533 26
534 25
535 26
536 25
537 25
538 24
539 26
540 26
541 25
542 22
543 26
544 27
545 27
546 27
547 26
548 23
549 25
550 26
551 25
552 29
553 26
554 27
555 29
556 27
557 26
558 26
559 26
560 24
561 26
562 22
563 25
564 25
565 25
566 26
567 25
568 26
569 28
570 23
571 27
572 25
573 24
574 26
575 28
576 24
577 23
578 21
579 24
580 28
581 26
582 27
583 25
584 25
585 24
586 24
587 27
588 25
589 22
590 21
591 24
592 23
593 22
594 26
595 25
596 27
597 26
598 26
599 25
600 28
601 27
602 23
603 24
604 24
605 22
606 24
607 25
608 23
609 23
610 23
611 22
612 24
613 24
614 24
615 23
616 22
617 25
618 28
619 27
620 28
621 29
622 25
623 26
624 22
625 21
626 26
627 28
628 25
629 26
630 25
631 25
632 24
633 23
634 24
635 24
636 26
637 26
638 25
639 27
640 29
641 26
642 27
643 24
644 23
645 24
646 26
647 27
648 25
649 21
650 26
651 24
652 25
653 23
654 25
655 27
656 26
657 26
658 26
659 27
660 25
661 24
662 25
663 23
664 24
665 26
666 28
667 23
668 24
669 27
670 28
671 26
672 25
673 24
674 23
675 25
676 25
677 27
678 24
679 25
680 24
681 25
682 25
683 24
684 26
685 25
686 21
687 22
688 23
689 23
690 23
691 25
692 24
693 24
694 25
695 27
696 24
697 24
698 26
699 25
700 27
701 22
702 24
703 27
704 23
705 21
706 25
707 26
708 26
709 23
710 28
711 27
712 25
713 24
714 25
715 25
716 24
717 24
718 25
719 26
720 22
721 25
722 24
723 24
724 24
725 24
726 24
727 26
728 25
729 26
730 26
731 26
732 25
733 26
734 27
735 21
736 26
737 25
738 24
739 24
740 26
741 25
742 27
743 27
744 25
745 24
746 26
747 26
748 25
749 23
750 21
751 24
752 28
753 26
754 25
755 25
756 24
757 24
758 26
759 22
760 23
761 27
762 26
763 22
764 27
765 23
766 25
767 25
768 26
769 25
770 29
771 26
772 24
773 24
774 23
775 26
776 26
777 23
778 23
779 25
780 26
781 24
782 24
783 23
784 24
785 26
786 24
787 26
788 26
789 27
790 22
791 26
792 28
793 29
794 28
795 23
796 22
797 25
798 25
799 23
800 23
801 22
802 26
803 23
804 29
805 28
806 27
807 29
808 24
809 26
810 22
811 22
812 24
813 23
814 23
815 22
816 25
817 23
818 21
819 22
820 28
821 24
822 25
823 27
824 26
825 23
826 25
827 22
828 25
829 26
830 25
831 23
832 26
833 27
834 25
835 24
836 24
837 23
838 26
839 27
840 26
841 24
842 25
843 28
844 28
845 25
846 26
847 25
848 25
849 25
850 24
851 27
852 25
853 25
854 29
855 25
856 25
857 22
858 26
859 26
860 24
861 24
862 23
863 22
864 26
865 27
866 26
867 29
868 27
869 24
870 23
871 23
872 26
873 25
874 26
875 25
876 24
877 27
878 27
879 28
880 27
881 24
882 25
883 28
884 22
885 23
886 24
887 24
888 27
889 22
890 23
891 25
892 23
893 23
894 23
895 26
896 25
897 24
898 26
899 29
900 25
901 26
902 27
903 27
904 27
905 25
906 25
907 28
908 27
909 24
910 23
911 24
912 22
913 28
914 27
915 24
916 24
917 26
918 26
919 22
920 25
921 27
922 27
923 25
924 26
925 23
926 19
927 22
928 27
929 26
930 26
931 24
932 23
933 24
934 28
935 27
936 23
937 24
938 23
939 22
940 24
941 26
942 26
943 27
944 26
945 27
946 25
947 23
948 27
949 25
950 23
951 27
952 26
953 27
954 27
955 24
956 26
957 25
958 27
959 25
960 20
961 25
962 24
963 25
964 25
965 24
966 23
967 24
968 26
969 28
970 26
971 23
972 26
973 23
974 26
975 26
976 27
977 23
978 25
979 26
980 27
981 20
982 20
983 19
984 22
985 23
986 26
987 24
988 27
989 24
990 26
991 23
992 22
993 25
994 25
995 22
996 24
997 24
998 26
999 27
1000 24
