0 90
1 66
2 63
3 61
4 61
5 63
6 61
7 60
8 58
9 54
10 59
11 55
12 57
13 58
14 56
15 59
16 62
17 58
18 55
19 56
20 59
21 61
22 61
23 60
24 57
25 60
26 60
27 59
28 58
29 57
30 60
31 58
32 58
33 58
34 59
35 56
36 62
37 57
38 64
39 62
40 56
41 61
42 63
43 59
44 62
45 62
46 62
47 65
48 63
49 60
50 61
51 58
52 58
53 61
54 61
55 61
56 62
57 55
58 57
59 57
60 59
61 56
62 56
63 58
64 58
65 56
66 58
67 62
68 62
69 60
70 62
71 62
72 62
73 54
74 58
75 59
76 57
77 60
78 54
79 60
80 60
81 60
82 61
83 56
84 58
85 55
86 57
87 56
88 55
89 56
90 55
91 57
92 57
93 59
94 60
95 56
96 60
97 64
98 65
99 58
100 59
101 57
102 58
103 56
104 60
105 54
106 53
107 57
108 55
109 58
110 59
111 56
112 61
113 59
114 61
115 55
116 59
117 59
118 60
119 66
120 60
121 61
122 61
123 56
124 53
125 58
126 58
127 57
128 60
129 61
130 57
131 54
132 54
133 53
134 60
135 60
136 59
137 57
138 52
139 55
140 57
141 53
142 58
143 60
144 55
145 57
146 59
147 58
148 57
149 57
150 59
151 62
152 58
153 61
154 61
155 59
156 59
157 60
158 61
159 59
160 58
161 55
162 61
163 60
164 57
165 62
166 61
167 61
168 65
169 60
170 60
171 58
172 62
173 60
174 61
175 58
176 62
177 60
178 59
179 59
180 52
181 60
182 61
183 57
184 62
185 60
186 59
187 61
188 58
189 57
190 54
191 56
192 57
193 60
194 56
195 52
196 56
197 59
198 60
199 56
200 58
201 59
202 59
203 58
204 56
205 58
206 53
207 58
208 57
209 58
210 59
211 61
212 60
213 58
214 63
215 60
216 61
217 62
218 57
219 59
220 62
221 61
222 64
223 57
224 55
225 58
226 56
227 57
228 53
229 56
230 55
231 59
232 60
233 59
234 58
235 56
236 61
237 64
238 58
239 59
240 58
241 59
242 59
243 62
244 63
245 64
246 58
247 57
248 60
249 61
250 65
251 58
252 56
253 57
254 59
255 57
256 53
257 57
258 53
259 60
260 62
261 58
262 54
263 56
264 60
265 61
266 57
267 58
268 59
269 57
270 58
271 55
272 60
273 56
274 57
275 57
276 60
277 59
278 58
279 60
280 63
281 65
282 61
283 58
284 62
285 60
286 61
287 63
288 57
289 60
290 60
291 61
292 59
293 58
294 56
295 57
296 59
297 57
298 60
299 58
300 57
301 58
302 58
303 58
304 50
305 59
306 56
307 60
308 59
309 61
310 57
311 55
312 58
313 53
314 54
315 60
316 56
317 56
318 62
319 61
320 59
321 60
322 61
323 59
324 58
325 58
326 63
327 60
328 60
329 62
330 62
331 56
332 58
333 55
334 57
335 61
336 58
337 61
338 53
339 58
340 56
341 53
342 56
343 57
344 58
345 62
346 59
347 60
348 60
349 55
350 57
351 59
352 63
353 61
354 63
355 57
356 58
357 58
358 59
359 60
360 60
361 62
362 58
363 61
364 62
365 62
366 58
367 58
368 58
369 59
370 63
371 59
372 58
373 59
374 54
375 55
376 56
377 56
378 61
379 57
380 61
381 62
382 61
383 56
384 62
385 58
386 57
387 56
388 58
389 56
390 56
391 62
392 59
393 58
394 62
395 64
396 61
397 59
398 59
399 61
400 64
401 63
402 58
403 62
404 62
405 56
406 60
407 61
408 61
409 57
410 61
411 63
412 60
413 61
414 58
415 62
416 58
417 53
418 50
419 53
420 56
421 61
422 60
423 63
424 59
425 56
426 59
427 59
428 56
429 57
430 60
431 58
432 59
433 62
434 59
435 56
436 60
437 63
438 60
439 60
440 62
441 62
442 57
443 62
444 59
445 58
446 61
447 59
448 58
449 56
450 57
451 61
452 63
453 61
454 60
455 59
456 59
457 61
458 55
459 56
460 60
461 60
462 59
463 53
464 55
465 61
466 60
467 58
468 60
469 62
470 58
471 57
472 61
473 64
474 59
475 60
476 59
477 58
478 56
479 60
480 58
481 59
482 61
483 61
484 56
485 58
486 63
487 64
488 56
489 58
490 60
491 58
492 56
493 60
494 53
495 54
496 55
497 61
498 62
499 58
500 58
501 61
502 57
503 58
504 57
505 58
506 60
507 60
508 60
509 61
510 60
511 61
512 57
513 57
514 58
515 56
516 59
517 56
518 60
519 62
520 57
521 57
522 58
523 54
524 59
525 59
526 57
527 58
528 62
529 59
530 61
531 63
532 61
533 61
534 59
535 60
536 60
537 56
538 60
539 60
540 58
541 58
542 57
543 61
544 60
545 58
546 62
547 54
548 57
549 56
550 57
551 59
552 56
553 59
554 57
555 57
556 56
557 61
558 56
559 60
560 60
561 60
562 60
563 59
564 59
565 60
566 55
567 57
568 59
569 61
570 60
571 59
572 58
573 60
574 58
575 61
576 55
577 59
578 55
579 53
580 58
581 58
582 61
583 59
584 59
585 60
586 56
587 54
588 54
589 60
590 60
591 59
592 62
593 58
594 60
595 54
596 57
597 60
598 58
599 60
600 58
601 61
602 58
603 59
604 54
605 60
606 60
607 61
608 60
609 64
610 65
611 60
612 63
613 58
614 59
615 60
616 62
617 58
618 61
619 63
620 61
621 58
622 64
623 60
624 59
625 59
626 61
627 56
628 59
629 58
630 59
631 63
632 61
633 62
634 59
635 61
636 59
637 55
638 60
639 61
640 61
641 58
642 61
643 60
644 63
645 61
646 61
647 63
648 58
649 57
650 58
651 61
652 61
653 59
654 56
655 57
656 57
657 57
658 54
659 56
660 61
661 59
662 60
663 62
664 58
665 58
666 53
667 57
668 56
669 57
670 53
671 58
672 59
673 58
674 57
675 58
676 56
677 58
678 56
679 54
680 58
681 58
682 58
683 59
684 58
685 57
686 53
687 59
688 58
689 59
690 60
691 57
692 60
693 61
694 60
695 60
696 59
697 55
698 57
699 59
700 58
701 60
702 52
703 51
704 57
705 57
706 54
707 56
708 59
709 60
710 59
711 60
712 59
713 61
714 61
715 62
716 61
717 59
718 60
719 58
720 60
721 54
722 55
723 58
724 57
725 62
726 53
727 58
728 55
729 59
730 54
731 57
732 58
733 59
734 54
735 59
736 60
737 60
738 63
739 63
740 59
741 61
742 61
743 59
744 58
745 60
746 63
747 60
748 62
749 58
750 55
751 59
752 55
753 55
754 55
755 58
756 62
757 63
758 60
759 56
760 54
761 51
762 56
763 50
764 55
765 60
766 58
767 59
768 62
769 58
770 63
771 62
772 58
773 60
774 56
775 59
776 58
777 56
778 61
779 61
780 63
781 63
782 57
783 58
784 60
785 59
786 61
787 57
788 59
789 62
790 61
791 63
792 60
793 53
794 56
795 58
796 55
797 59
798 59
799 54
800 57
801 60
802 58
803 58
804 57
805 62
806 60
807 62
808 55
809 57
810 54
811 60
812 55
813 59
814 59
815 59
816 63
817 60
818 60
819 59
820 60
821 54
822 57
823 60
824 61
825 63
826 56
827 60
828 60
829 56
830 55
831 58
832 57
833 57
834 55
835 54
836 53
837 54
838 54
839 56
840 57
841 57
842 56
843 55
844 61
845 60
846 63
847 65
848 62
849 64
850 62
851 53
852 56
853 57
854 62
855 60
856 63
857 60
858 60
859 59
860 56
861 56
862 57
863 58
864 62
865 60
866 61
867 57
868 60
869 60
870 61
871 59
872 62
873 58
874 57
875 56
876 59
877 55
878 59
879 58
880 56
881 57
882 56
883 51
884 60
885 59
886 54
887 57
888 60
889 60
890 59
891 59
892 61
893 56
894 61
895 59
896 62
897 61
898 63
899 57
900 58
901 57
902 56
903 60
904 61
905 56
906 60
907 51
908 56
909 57
910 60
911 63
912 59
913 60
914 59
915 61
916 61
917 61
918 64
919 61
920 56
921 58
922 58
923 59
924 62
925 61
926 57
927 59
928 59
929 57
930 58
931 59
932 57
933 61
934 61
935 63
936 61
937 62
938 62
939 61
940 62
941 58
942 57
943 56
944 58
945 58
946 61
947 57
948 61
949 60
950 60
951 55
952 56
953 54
954 56
955 57
956 61
957 57
958 56
959 59
960 58
961 59
962 62
963 54
964 54
965 61
966 60
967 62
968 60
969 56
970 56
971 59
972 60
973 57
974 61
975 58
976 61
977 60
978 61
979 57
980 57
981 58
982 56
983 59
984 55
985 58
986 62
987 60
988 61
989 58
990 58
991 64
992 58
993 60
994 61
995 61
996 60
997 55
998 57
999 60
1000 61
