0 10
1 8
2 6
3 5
4 5
5 5
6 4
7 3
8 4
9 4
10 3
11 3
12 4
13 3
14 3
15 3
16 2
17 3
18 3
19 3
20 2
21 3
22 3
23 3
24 3
25 4
26 4
27 5
28 3
29 3
30 3
31 3
32 3
33 3
34 4
35 3
36 4
37 3
38 3
39 3
40 4
41 4
42 4
43 4
44 4
45 3
46 3
47 2
48 2
49 2
50 3
51 4
52 4
53 3
54 3
55 4
56 4
57 4
58 2
59 3
60 3
61 3
62 3
63 4
64 4
65 4
66 2
67 2
68 3
69 3
70 3
71 3
72 3
73 3
74 1
75 2
76 2
77 2
78 1
79 1
80 1
81 2
82 3
83 2
84 3
85 1
86 2
87 3
88 3
89 3
90 3
91 1
92 1
93 1
94 3
95 4
96 5
97 5
98 4
99 4
100 3
101 3
102 2
103 3
104 4
105 3
106 1
107 3
108 2
109 3
110 4
111 5
112 4
113 4
114 5
115 5
116 4
117 3
118 3
119 3
120 2
121 2
122 3
123 4
124 3
125 2
126 3
127 2
128 4
129 4
130 4
131 4
132 3
133 3
134 3
135 3
136 3
137 3
138 3
139 3
140 4
141 4
142 4
143 3
144 3
145 3
146 2
147 4
148 4
149 4
150 4
151 4
152 4
153 1
154 2
155 2
156 2
157 2
158 1
159 2
160 2
161 2
162 4
163 4
164 3
165 4
166 4
167 3
168 3
169 4
170 4
171 4
172 4
173 3
174 3
175 3
176 3
177 4
178 5
179 5
180 5
181 5
182 4
183 4
184 4
185 5
186 4
187 4
188 3
189 3
190 4
191 4
192 4
193 4
194 3
195 4
196 2
197 2
198 2
199 3
200 3
201 4
202 5
203 4
204 5
205 5
206 4
207 5
208 4
209 3
210 3
211 3
212 4
213 3
214 3
215 3
216 4
217 3
218 4
219 3
220 3
221 4
222 3
223 4
224 4
225 4
226 3
227 2
228 4
229 4
230 4
231 4
232 3
233 3
234 3
235 4
236 5
237 4
238 3
239 3
240 3
241 3
242 3
243 2
244 1
245 1
246 1
247 1
248 2
249 2
250 2
251 1
252 2
253 2
254 1
255 3
256 3
257 3
258 2
259 2
260 3
261 3
262 3
263 2
264 2
265 2
266 2
267 3
268 3
269 4
270 3
271 4
272 4
273 3
274 3
275 2
276 1
277 1
278 2
279 2
280 2
281 1
282 2
283 2
284 2
285 1
286 1
287 1
288 2
289 4
290 2
291 3
292 3
293 3
294 4
295 4
296 4
297 4
298 3
299 2
300 2
301 3
302 3
303 3
304 3
305 3
306 2
307 1
308 1
309 1
310 2
311 1
312 3
313 2
314 3
315 3
316 4
317 4
318 4
319 2
320 2
321 3
322 3
323 3
324 4
325 3
326 3
327 3
328 3
329 4
330 3
331 2
332 3
333 3
334 2
335 2
336 3
337 3
338 3
339 2
340 1
341 1
342 2
343 3
344 3
345 4
346 5
347 5
348 5
349 4
350 4
351 3
352 3
353 4
354 5
355 4
356 4
357 5
358 4
359 3
360 3
361 4
362 4
363 3
364 3
365 3
366 3
367 3
368 2
369 2
370 3
371 4
372 4
373 3
374 3
375 2
376 3
377 2
378 2
379 2
380 3
381 3
382 2
383 2
384 1
385 2
386 3
387 3
388 3
389 3
390 2
391 1
392 2
393 3
394 4
395 4
396 4
397 3
398 4
399 5
400 5
401 4
402 4
403 3
404 4
405 3
406 3
407 3
408 2
409 2
410 2
411 2
412 3
413 3
414 2
415 3
416 3
417 3
418 3
419 3
420 4
421 5
422 4
423 5
424 4
425 4
426 4
427 3
428 2
429 2
430 3
431 3
432 3
433 3
434 2
435 2
436 3
437 3
438 4
439 3
440 3
441 3
442 2
443 3
444 1
445 2
446 3
447 3
448 3
449 4
450 3
451 3
452 3
453 3
454 3
455 3
456 3
457 2
458 4
459 4
460 5
461 4
462 4
463 5
464 4
465 3
466 3
467 3
468 4
469 4
470 4
471 4
472 5
473 5
474 3
475 3
476 3
477 2
478 3
479 3
480 3
481 2
482 2
483 2
484 2
485 3
486 3
487 5
488 5
489 4
490 4
491 4
492 2
493 3
494 3
495 4
496 3
497 3
498 3
499 3
500 3
501 3
502 3
503 3
504 4
505 4
506 6
507 6
508 5
509 5
510 4
511 3
512 3
513 2
514 2
515 2
516 3
517 3
518 3
519 3
520 3
521 3
522 4
523 3
524 3
525 3
526 3
527 2
528 3
529 3
530 3
531 2
532 2
533 3
534 3
535 3
536 4
537 5
538 4
539 4
540 3
541 3
542 4
543 3
544 2
545 2
546 3
547 4
548 2
549 2
550 3
551 4
552 5
553 5
554 5
555 5
556 3
557 3
558 3
559 2
560 3
561 1
562 2
563 1
564 2
565 3
566 3
567 2
568 2
569 4
570 2
571 2
572 2
573 3
574 3
575 3
576 2
577 3
578 5
579 3
580 3
581 3
582 2
583 3
584 4
585 4
586 3
587 3
588 3
589 4
590 3
591 3
592 3
593 4
594 2
595 4
596 5
597 5
598 4
599 3
600 2
601 3
602 5
603 5
604 5
605 4
606 4
607 5
608 5
609 4
610 2
611 3
612 3
613 3
614 3
615 3
616 2
617 2
618 2
619 2
620 3
621 3
622 3
623 4
624 1
625 1
626 2
627 2
628 2
629 1
630 2
631 2
632 2
633 2
634 3
635 3
636 4
637 4
638 4
639 3
640 2
641 2
642 3
643 2
644 2
645 3
646 5
647 3
648 3
649 2
650 2
651 2
652 1
653 2
654 2
655 3
656 4
657 4
658 4
659 4
660 3
661 3
662 4
663 3
664 3
665 4
666 4
667 4
668 4
669 3
670 3
671 2
672 3
673 4
674 5
675 5
676 4
677 3
678 3
679 3
680 3
681 3
682 2
683 4
684 4
685 3
686 2
687 2
688 3
689 1
690 2
691 3
692 3
693 4
694 5
695 3
696 2
697 3
698 3
699 2
700 2
701 4
702 3
703 3
704 2
705 4
706 5
707 5
708 5
709 4
710 4
711 4
712 4
713 3
714 2
715 2
716 2
717 3
718 3
719 2
720 3
721 3
722 3
723 3
724 4
725 3
726 3
727 3
728 3
729 3
730 3
731 3
732 3
733 4
734 5
735 4
736 4
737 4
738 5
739 4
740 4
741 4
742 5
743 4
744 4
745 5
746 5
747 4
748 3
749 3
750 2
751 3
752 2
753 3
754 3
755 3
756 2
757 2
758 3
759 3
760 3
761 4
762 4
763 3
764 3
765 5
766 6
767 6
768 6
769 6
770 5
771 4
772 3
773 3
774 3
775 4
776 4
777 3
778 3
779 3
780 4
781 4
782 3
783 3
784 3
785 3
786 2
787 5
788 4
789 3
790 4
791 4
792 4
793 3
794 3
795 2
796 2
797 2
798 2
799 3
800 3
801 3
802 2
803 4
804 3
805 4
806 4
807 4
808 4
809 4
810 4
811 4
812 3
813 3
814 3
815 3
816 4
817 4
818 4
819 4
820 5
821 5
822 4
823 5
824 5
825 5
826 4
827 4
828 4
829 5
830 5
831 4
832 1
833 2
834 1
835 1
836 1
837 2
838 2
839 2
840 3
841 3
842 1
843 1
844 2
845 2
846 2
847 3
848 4
849 4
850 4
851 3
852 4
853 5
854 4
855 3
856 5
857 3
858 3
859 4
860 3
861 3
862 4
863 4
864 4
865 3
866 2
867 2
868 2
869 3
870 4
871 5
872 4
873 5
874 3
875 3
876 2
877 3
878 1
879 3
880 3
881 3
882 3
883 3
884 4
885 3
886 3
887 2
888 2
889 2
890 3
891 3
892 2
893 3
894 4
895 4
896 5
897 5
898 5
899 4
900 2
901 3
902 3
903 4
904 4
905 3
906 4
907 4
908 3
909 3
910 3
911 3
912 4
913 4
914 4
915 4
916 3
917 3
918 3
919 3
920 3
921 2
922 3
923 3
924 3
925 4
926 5
927 4
928 4
929 3
930 2
931 3
932 3
933 2
934 3
935 4
936 4
937 5
938 5
939 4
940 5
941 4
942 3
943 2
944 3
945 3
946 3
947 3
948 3
949 4
950 4
951 3
952 2
953 3
954 3
955 5
956 4
957 3
958 3
959 3
960 4
961 2
962 1
963 1
964 1
965 1
966 3
967 2
968 2
969 3
970 3
971 3
972 3
973 4
974 4
975 4
976 4
977 4
978 4
979 5
980 4
981 3
982 2
983 1
984 3
985 3
986 3
987 3
988 2
989 2
990 2
991 3
992 2
993 2
994 2
995 3
996 3
997 3
998 4
999 4
1000 4
