0 85
1 71
2 61
3 59
4 60
5 59
6 57
7 60
8 60
9 66
10 62
11 63
12 57
13 57
14 58
15 61
16 62
17 64
18 66
19 65
20 63
21 60
22 63
23 56
24 60
25 59
26 53
27 60
28 66
29 60
30 61
31 63
32 64
33 63
34 62
35 62
36 62
37 60
38 58
39 61
40 60
41 59
42 64
43 63
44 61
45 60
46 61
47 58
48 57
49 62
50 58
51 64
52 64
53 61
54 60
55 64
56 65
57 63
58 66
59 63
60 63
61 63
62 60
63 62
64 62
65 61
66 64
67 68
68 61
69 61
70 53
71 57
72 60
73 58
74 61
75 57
76 64
77 55
78 61
79 59
80 62
81 61
82 63
83 56
84 59
85 58
86 63
87 65
88 58
89 64
90 64
91 61
92 63
93 60
94 56
95 59
96 63
97 63
98 59
99 62
100 61
101 64
102 60
103 59
104 56
105 61
106 61
107 66
108 64
109 63
110 60
111 61
112 56
113 63
114 61
115 59
116 62
117 59
118 59
119 64
120 62
121 62
122 65
123 58
124 62
125 56
126 57
127 60
128 55
129 58
130 66
131 62
132 57
133 63
134 67
135 59
136 62
137 52
138 63
139 65
140 63
141 57
142 55
143 61
144 60
145 67
146 62
147 67
148 65
149 59
150 63
151 62
152 56
153 61
154 59
155 63
156 64
157 62
158 63
159 64
160 60
161 57
162 59
163 57
164 58
165 63
166 61
167 57
168 55
169 62
170 67
171 67
172 66
173 57
174 57
175 63
176 62
177 60
178 65
179 62
180 61
181 58
182 66
183 58
184 54
185 58
186 61
187 58
188 61
189 59
190 61
191 59
192 63
193 65
194 65
195 58
196 59
197 54
198 63
199 64
200 64
201 52
202 61
203 64
204 62
205 62
206 62
207 59
208 59
209 61
210 59
211 64
212 65
213 64
214 63
215 63
216 60
217 61
218 57
219 66
220 65
221 64
222 65
223 66
224 59
225 63
226 60
227 63
228 61
229 56
230 62
231 62
232 65
233 63
234 66
235 61
236 65
237 54
238 57
239 62
240 60
241 60
242 62
243 61
244 58
245 65
246 63
247 60
248 63
249 61
250 60
251 66
252 65
253 61
254 58
255 63
256 62
257 66
258 59
259 61
260 59
261 65
262 63
263 58
264 59
265 62
266 52
267 59
268 63
269 61
270 66
271 63
272 66
273 65
274 66
275 62
276 59
277 62
278 61
279 64
280 61
281 55
282 62
283 55
284 57
285 58
286 62
287 63
288 57
289 68
290 62
291 59
292 53
293 61
294 66
295 63
296 67
297 61
298 59
299 62
300 63
301 62
302 61
303 61
304 65
305 67
306 66
307 67
308 62
309 62
310 62
311 62
312 63
313 65
314 66
315 57
316 55
317 62
318 59
319 65
320 64
321 58
322 62
323 61
324 53
325 63
326 61
327 62
328 64
329 64
330 63
331 64
332 60
333 61
334 58
335 59
336 62
337 62
338 59
339 56
340 63
341 59
342 61
343 59
344 56
345 62
346 60
347 58
348 56
349 57
350 64
351 62
352 65
353 63
354 67
355 64
356 66
357 63
358 59
359 65
360 61
361 60
362 65
363 60
364 61
365 60
366 65
367 53
368 46
369 57
370 62
371 59
372 64
373 61
374 62
375 60
376 67
377 66
378 65
379 56
380 60
381 61
382 68
383 65
384 63
385 63
386 60
387 59
388 64
389 59
390 61
391 63
392 57
393 56
394 60
395 61
396 68
397 66
398 65
399 61
400 59
401 56
402 65
403 65
404 58
405 59
406 60
407 67
408 66
409 65
410 65
411 56
412 67
413 61
414 63
415 63
416 59
417 61
418 61
419 59
420 65
421 52
422 64
423 58
424 59
425 63
426 60
427 59
428 54
429 59
430 62
431 62
432 63
433 57
434 59
435 58
436 57
437 61
438 61
439 59
440 65
441 67
442 62
443 63
444 59
445 61
446 59
447 61
448 54
449 61
450 51
451 56
452 58
453 59
454 60
455 62
456 64
457 65
458 60
459 64
460 67
461 66
462 64
463 61
464 56
465 55
466 57
467 58
468 65
469 67
470 62
471 61
472 58
473 59
474 62
475 55
476 59
477 55
478 56
479 56
480 64
481 63
482 57
483 64
484 61
485 64
486 66
487 59
488 59
489 65
490 54
491 60
492 61
493 66
494 62
495 62
496 60
497 61
498 60
499 59
500 61
501 61
502 63
503 66
504 66
505 66
506 67
507 65
508 64
509 70
510 63
511 63
512 64
513 65
514 62
515 62
516 60
517 65
518 61
519 64
520 60
521 63
522 60
523 61
524 61
525 60
526 59
527 59
528 61
529 58
530 58
531 64
532 62
533 62
534 63
535 60
536 55
537 64
538 58
539 61
540 59
541 58
542 62
543 63
544 61
545 60
546 65
547 65
548 59
549 65
550 66
551 62
552 59
553 55
554 58
555 60
556 63
557 61
558 65
559 64
560 60
561 65
562 68
563 58
564 61
565 61
566 63
567 61
568 59
569 60
570 62
571 59
572 55
573 59
574 61
575 64
576 60
577 57
578 59
579 61
580 65
581 66
582 55
583 54
584 63
585 63
586 58
587 59
588 58
589 61
590 68
591 66
592 59
593 64
594 62
595 59
596 58
597 66
598 62
599 65
600 63
601 56
602 58
603 63
604 66
605 64
606 58
607 62
608 66
609 63
610 56
611 60
612 51
613 56
614 60
615 63
616 60
617 60
618 63
619 62
620 65
621 56
622 64
623 63
624 60
625 62
626 57
627 68
628 63
629 65
630 68
631 61
632 63
633 64
634 66
635 63
636 65
637 60
638 59
639 64
640 64
641 62
642 64
643 58
644 60
645 66
646 64
647 60
648 63
649 64
650 63
651 62
652 60
653 67
654 62
655 59
656 64
657 62
658 61
659 61
660 64
661 62
662 58
663 64
664 65
665 57
666 59
667 60
668 59
669 61
670 62
671 67
672 65
673 61
674 59
675 61
676 60
677 64
678 64
679 63
680 57
681 59
682 57
683 64
684 62
685 62
686 60
687 59
688 68
689 62
690 64
691 55
692 59
693 62
694 63
695 57
696 63
697 61
698 60
699 65
700 64
701 59
702 59
703 57
704 57
705 54
706 64
707 66
708 58
709 59
710 58
711 63
712 59
713 53
714 59
715 63
716 64
717 66
718 62
719 59
720 56
721 59
722 63
723 65
724 69
725 66
726 62
727 54
728 60
729 60
730 59
731 65
732 72
733 65
734 60
735 55
736 57
737 56
738 57
739 60
740 58
741 58
742 56
743 60
744 61
745 62
746 58
747 62
748 60
749 55
750 57
751 65
752 65
753 60
754 57
755 61
756 60
757 58
758 55
759 63
760 61
761 67
762 58
763 62
764 58
765 60
766 60
767 64
768 60
769 59
770 66
771 67
772 61
773 55
774 53
775 57
776 59
777 69
778 63
779 59
780 55
781 63
782 60
783 60
784 56
785 57
786 60
787 66
788 67
789 59
790 56
791 56
792 54
793 56
794 57
795 63
796 63
797 66
798 58
799 65
800 61
801 61
802 59
803 65
804 59
805 57
806 57
807 56
808 61
809 63
810 63
811 62
812 59
813 57
814 63
815 62
816 67
817 71
818 63
819 63
820 69
821 61
822 56
823 62
824 57
825 68
826 60
827 60
828 62
829 57
830 57
831 63
832 57
833 55
834 62
835 66
836 61
837 62
838 60
839 60
840 62
841 64
842 63
843 65
844 64
845 58
846 53
847 63
848 62
849 59
850 56
851 58
852 62
853 61
854 67
855 56
856 62
857 66
858 58
859 58
860 65
861 57
862 58
863 63
864 60
865 56
866 60
867 58
868 62
869 61
870 54
871 62
872 63
873 66
874 59
875 58
876 56
877 58
878 60
879 63
880 60
881 60
882 59
883 58
884 61
885 58
886 61
887 57
888 53
889 62
890 67
891 65
892 65
893 58
894 58
895 61
896 63
897 62
898 60
899 59
900 61
901 61
902 63
903 58
904 56
905 59
906 58
907 63
908 61
909 59
910 63
911 64
912 56
913 63
914 65
915 61
916 58
917 60
918 60
919 66
920 61
921 62
922 62
923 60
924 58
925 64
926 55
927 52
928 53
929 59
930 64
931 53
932 58
933 65
934 63
935 71
936 65
937 62
938 55
939 59
940 59
941 55
942 60
943 61
944 59
945 58
946 62
947 58
948 58
949 61
950 55
951 62
952 59
953 60
954 63
955 59
956 62
957 58
958 68
959 69
960 63
961 61
962 64
963 62
964 64
965 58
966 60
967 61
968 63
969 60
970 60
971 65
972 58
973 61
974 65
975 60
976 59
977 59
978 56
979 60
980 60
981 59
982 61
983 60
984 58
985 63
986 62
987 59
988 65
989 68
990 65
991 61
992 61
993 64
994 63
995 59
996 58
997 61
998 62
999 62
1000 61
