0 40
1 28
2 26
3 25
4 25
5 27
6 32
7 23
8 30
9 27
10 30
11 26
12 25
13 29
14 28
15 28
16 21
17 26
18 27
19 23
20 28
21 23
22 27
23 31
24 26
25 29
26 26
27 25
28 24
29 26
30 27
31 26
32 27
33 24
34 24
35 27
36 24
37 25
38 25
39 29
40 30
41 28
42 28
43 27
44 25
45 29
46 27
47 28
48 27
49 28
50 26
51 28
52 31
53 28
54 24
55 25
56 28
57 28
58 30
59 25
60 30
61 27
62 28
63 23
64 28
65 24
66 29
67 26
68 29
69 27
70 27
71 25
72 26
73 27
74 29
75 24
76 23
77 26
78 30
79 26
80 27
81 24
82 26
83 28
84 25
85 27
86 31
87 29
88 26
89 27
90 28
91 26
92 28
93 24
94 23
95 29
96 28
97 27
98 30
99 27
100 27
101 27
102 30
103 28
104 28
105 30
106 26
107 25
108 29
109 25
110 27
111 29
112 32
113 27
114 28
115 25
116 25
117 26
118 27
119 24
120 28
121 28
122 26
123 27
124 29
125 25
126 29
127 28
128 24
129 28
130 27
131 30
132 27
133 26
134 27
135 27
136 21
137 25
138 27
139 24
140 25
141 24
142 27
143 28
144 29
145 28
146 28
147 30
148 22
149 27
150 27
151 27
152 29
153 27
154 29
155 28
156 30
157 26
158 30
159 25
160 26
161 27
162 26
163 24
164 23
165 29
166 28
167 26
168 29
169 28
170 24
171 27
172 28
173 28
174 26
175 28
176 27
177 26
178 25
179 22
180 29
181 25
182 27
183 28
184 27
185 26
186 24
187 29
188 26
189 26
190 24
191 26
192 22
193 29
194 28
195 27
196 29
197 26
198 30
199 26
200 28
201 26
202 27
203 29
204 29
205 29
206 25
207 27
208 30
209 29
210 31
211 28
212 25
213 29
214 27
215 30
216 28
217 27
218 25
219 28
220 26
221 25
222 28
223 26
224 29
225 26
226 30
227 27
228 27
229 30
230 30
231 26
232 27
233 24
234 29
235 27
236 28
237 26
238 29
239 24
240 27
241 30
242 29
243 28
244 29
245 25
246 28
247 28
248 26
249 27
250 26
251 25
252 21
253 28
254 29
255 32
256 27
257 25
258 29
259 26
260 27
261 25
262 22
263 25
264 29
265 30
266 31
267 28
268 30
269 31
270 27
271 30
272 26
273 23
274 26
275 28
276 25
277 28
278 30
279 27
280 28
281 30
282 28
283 21
284 29
285 26
286 28
287 30
288 30
289 29
290 29
291 28
292 26
293 21
294 29
295 27
296 28
297 28
298 27
299 27
300 27
301 26
302 29
303 25
304 26
305 24
306 30
307 29
308 27
309 27
310 27
311 30
312 29
313 27
314 26
315 28
316 27
317 30
318 27
319 29
320 24
321 26
322 29
323 23
324 29
325 22
326 24
327 27
328 28
329 29
330 27
331 25
332 27
333 30
334 25
335 29
336 23
337 28
338 25
339 29
340 30
341 25
342 28
343 25
344 26
345 29
346 28
347 28
348 26
349 23
350 27
351 26
352 28
353 23
354 27
355 28
356 30
357 25
358 27
359 25
360 27
361 31
362 29
363 27
364 30
365 28
366 28
367 29
368 29
369 25
370 31
371 23
372 28
373 28
374 29
375 26
376 27
377 29
378 26
379 24
380 26
381 29
382 28
383 24
384 28
385 28
386 29
387 28
388 27
389 30
390 29
391 26
392 25
393 27
394 26
395 26
396 29
397 28
398 27
399 30
400 30
401 28
402 30
403 28
404 30
405 26
406 30
407 32
408 30
409 25
410 27
411 28
412 24
413 22
414 29
415 28
416 28
417 25
418 26
419 24
420 26
421 26
422 28
423 24
424 25
425 25
426 27
427 30
428 24
429 25
430 29
431 29
432 25
433 28
434 25
435 29
436 24
437 28
438 30
439 26
440 27
441 27
442 27
443 25
444 26
445 27
446 28
447 23
448 26
449 27
450 26
451 25
452 27
453 28
454 26
455 28
456 27
457 28
458 30
459 30
460 29
461 28
462 28
463 28
464 26
465 26
466 29
467 23
468 25
469 26
470 23
471 26
472 26
473 29
474 30
475 31
476 28
477 28
478 29
479 23
480 29
481 31
482 28
483 23
484 28
485 28
486 30
487 26
488 29
489 30
490 28
491 29
492 27
493 31
494 29
495 30
496 30
497 24
498 24
499 26
500 28
501 28
502 23
503 29
504 25
505 24
506 24
507 28
508 26
509 29
510 30
511 25
512 29
513 24
514 27
515 25
516 27
517 26
518 26
519 27
520 27
521 27
522 24
523 23
524 27
525 28
526 25
527 26
528 29
529 28
530 26
531 29
532 28
533 26
534 27
535 23
536 30
537 28
538 27
539 30
540 30
541 32
542 28
543 25
544 29
545 30
546 27
547 28
548 26
549 26
550 27
551 29
552 29
553 22
554 28
555 29
556 27
557 26
558 29
559 27
560 27
561 29
562 27
563 28
564 26
565 30
566 26
567 27
568 26
569 24
570 29
571 27
572 28
573 27
574 29
575 25
576 27
577 28
578 26
579 29
580 30
581 30
582 26
583 29
584 29
585 27
586 29
587 26
588 29
589 26
590 26
591 29
592 29
593 26
594 26
595 26
596 24
597 29
598 29
599 28
600 28
601 27
602 27
603 31
604 32
605 25
606 29
607 28
608 27
609 27
610 28
611 27
612 30
613 27
614 26
615 24
616 22
617 29
618 26
619 29
620 28
621 28
622 29
623 28
624 28
625 28
626 30
627 30
628 29
629 27
630 24
631 24
632 27
633 30
634 28
635 28
636 25
637 28
638 25
639 27
640 28
641 25
642 29
643 24
644 26
645 29
646 30
647 27
648 26
649 28
650 29
651 27
652 27
653 31
654 28
655 25
656 29
657 27
658 30
659 28
660 27
661 29
662 26
663 29
664 30
665 27
666 25
667 25
668 24
669 29
670 29
671 30
672 28
673 26
674 27
675 25
676 26
677 29
678 26
679 28
680 26
681 29
682 26
683 29
684 25
685 26
686 27
687 26
688 28
689 25
690 28
691 27
692 29
693 26
694 31
695 28
696 24
697 24
698 26
699 25
700 24
701 27
702 28
703 30
704 27
705 27
706 30
707 25
708 28
709 27
710 26
711 25
712 29
713 28
714 27
715 31
716 24
717 27
718 25
719 30
720 27
721 28
722 28
723 29
724 25
725 28
726 27
727 27
728 26
729 32
730 29
731 26
732 24
733 27
734 28
735 27
736 29
737 21
738 28
739 27
740 25
741 27
742 28
743 26
744 30
745 26
746 30
747 26
748 30
749 31
750 27
751 31
752 29
753 27
754 26
755 25
756 28
757 24
758 26
759 27
760 25
761 25
762 28
763 27
764 28
765 30
766 28
767 27
768 27
769 26
770 29
771 30
772 25
773 28
774 27
775 31
776 29
777 26
778 32
779 25
780 23
781 26
782 29
783 25
784 30
785 27
786 30
787 31
788 27
789 23
790 29
791 26
792 27
793 26
794 26
795 27
796 26
797 30
798 30
799 30
800 28
801 29
802 29
803 26
804 27
805 24
806 28
807 29
808 27
809 28
810 27
811 27
812 25
813 29
814 28
815 29
816 26
817 23
818 29
819 27
820 27
821 24
822 29
823 26
824 30
825 30
826 21
827 25
828 26
829 25
830 29
831 29
832 26
833 24
834 26
835 25
836 26
837 29
838 27
839 27
840 25
841 27
842 28
843 28
844 28
845 25
846 24
847 28
848 31
849 28
850 27
851 27
852 28
853 27
854 29
855 23
856 26
857 29
858 25
859 25
860 29
861 28
862 28
863 30
864 29
865 29
866 27
867 29
868 28
869 28
870 28
871 26
872 26
873 27
874 29
875 22
876 28
877 25
878 25
879 30
880 27
881 28
882 29
883 28
884 29
885 27
886 28
887 30
888 28
889 29
890 28
891 27
892 24
893 28
894 29
895 23
896 25
897 24
898 31
899 28
900 29
901 28
902 29
903 30
904 30
905 26
906 25
907 27
908 28
909 27
910 27
911 26
912 26
913 26
914 25
915 31
916 27
917 25
918 26
919 26
920 28
921 26
922 27
923 24
924 31
925 25
926 28
927 26
928 32
929 23
930 28
931 26
932 26
933 31
934 28
935 28
936 26
937 30
938 29
939 28
940 30
941 30
942 28
943 26
944 27
945 29
946 26
947 28
948 26
949 22
950 28
951 24
952 29
953 30
954 27
955 29
956 27
957 27
958 25
959 27
960 26
961 26
962 30
963 26
964 25
965 29
966 29
967 29
968 29
969 26
970 29
971 29
972 30
973 27
974 26
975 26
976 22
977 27
978 28
979 27
980 30
981 29
982 24
983 28
984 30
985 28
986 26
987 27
988 26
989 27
990 26
991 29
992 29
993 28
994 24
995 25
996 25
997 23
998 27
999 28
1000 27
