0 15
1 13
2 12
3 11
4 9
5 8
6 7
7 7
8 6
9 4
10 4
11 3
12 3
13 3
14 3
15 3
16 3
17 3
18 3
19 3
20 3
21 3
22 2
23 2
24 2
25 1
26 1
27 1
28 2
29 2
30 2
31 2
32 3
33 3
34 3
35 3
36 3
37 3
38 2
39 2
40 3
41 4
42 5
43 4
44 4
45 3
46 3
47 3
48 3
49 3
50 3
51 3
52 3
53 3
54 3
55 3
56 3
57 3
58 3
59 4
60 4
61 4
62 4
63 3
64 4
65 4
66 4
67 5
68 3
69 4
70 4
71 4
72 3
73 3
74 2
75 2
76 2
77 2
78 2
79 2
80 2
81 2
82 2
83 3
84 3
85 3
86 4
87 4
88 3
89 3
90 3
91 2
92 2
93 2
94 1
95 1
96 1
97 1
98 1
99 0
100 0
101 1
102 2
103 2
104 2
105 2
106 2
107 2
108 2
109 2
110 2
111 2
112 2
113 2
114 2
115 2
116 1
117 1
118 1
119 1
120 1
121 1
122 1
123 1
124 1
125 2
126 2
127 1
128 1
129 2
130 2
131 2
132 3
133 4
134 4
135 3
136 3
137 3
138 2
139 2
140 2
141 2
142 2
143 2
144 2
145 1
146 1
147 1
148 1
149 1
150 2
151 2
152 2
153 2
154 2
155 1
156 1
157 1
158 1
159 1
160 1
161 1
162 1
163 1
164 1
165 2
166 2
167 2
168 2
169 2
170 2
171 2
172 1
173 2
174 2
175 2
176 2
177 2
178 2
179 2
180 2
181 2
182 2
183 2
184 1
185 2
186 2
187 2
188 2
189 2
190 2
191 2
192 3
193 3
194 2
195 2
196 2
197 2
198 3
199 3
200 3
201 3
202 4
203 4
204 4
205 4
206 3
207 2
208 2
209 2
210 2
211 1
212 2
213 2
214 3
215 3
216 3
217 3
218 3
219 4
220 5
221 5
222 5
223 3
224 3
225 3
226 3
227 3
228 3
229 3
230 3
231 3
232 2
233 3
234 3
235 3
236 3
237 3
238 2
239 4
240 4
241 5
242 3
243 2
244 2
245 2
246 3
247 3
248 3
249 3
250 3
251 3
252 3
253 3
254 3
255 3
256 3
257 2
258 2
259 3
260 3
261 3
262 2
263 1
264 1
265 1
266 1
267 1
268 1
269 1
270 1
271 0
272 0
273 0
274 1
275 2
276 2
277 2
278 3
279 3
280 3
281 3
282 3
283 2
284 2
285 2
286 2
287 2
288 2
289 2
290 2
291 3
292 3
293 3
294 3
295 2
296 2
297 3
298 1
299 1
300 1
301 1
302 1
303 1
304 1
305 1
306 1
307 1
308 1
309 1
310 1
311 1
312 2
313 2
314 2
315 2
316 2
317 2
318 1
319 1
320 2
321 1
322 1
323 1
324 1
325 2
326 2
327 2
328 1
329 2
330 2
331 1
332 2
333 2
334 2
335 3
336 3
337 2
338 2
339 2
340 2
341 2
342 2
343 2
344 2
345 2
346 2
347 2
348 2
349 3
350 3
351 3
352 3
353 3
354 2
355 1
356 1
357 1
358 1
359 2
360 2
361 2
362 2
363 2
364 3
365 3
366 3
367 3
368 3
369 3
370 3
371 3
372 3
373 3
374 4
375 4
376 4
377 4
378 4
379 5
380 5
381 4
382 4
383 4
384 4
385 3
386 3
387 3
388 2
389 2
390 3
391 3
392 3
393 3
394 3
395 3
396 3
397 2
398 1
399 1
400 2
401 2
402 2
403 1
404 1
405 1
406 1
407 2
408 2
409 2
410 3
411 3
412 3
413 3
414 3
415 3
416 3
417 2
418 1
419 1
420 1
421 2
422 2
423 1
424 0
425 1
426 1
427 1
428 1
429 1
430 1
431 2
432 2
433 2
434 2
435 2
436 2
437 2
438 0
439 0
440 0
441 0
442 0
443 0
444 0
445 1
446 1
447 1
448 2
449 1
450 1
451 1
452 1
453 1
454 1
455 2
456 2
457 2
458 2
459 2
460 2
461 2
462 1
463 1
464 1
465 1
466 0
467 1
468 1
469 2
470 3
471 3
472 3
473 3
474 3
475 2
476 2
477 2
478 2
479 2
480 2
481 2
482 2
483 2
484 2
485 2
486 2
487 2
488 2
489 2
490 2
491 2
492 2
493 2
494 2
495 2
496 2
497 1
498 1
499 2
500 2
501 2
502 2
503 2
504 2
505 2
506 2
507 2
508 2
509 2
510 2
511 1
512 1
513 1
514 1
515 1
516 1
517 1
518 1
519 1
520 1
521 1
522 1
523 1
524 1
525 1
526 1
527 1
528 1
529 1
530 2
531 2
532 2
533 2
534 2
535 2
536 3
537 2
538 2
539 0
540 0
541 0
542 0
543 0
544 0
545 0
546 0
547 0
548 0
549 0
550 0
551 0
552 1
553 0
554 0
555 0
556 0
557 0
558 1
559 1
560 2
561 2
562 2
563 3
564 2
565 1
566 2
567 2
568 3
569 3
570 2
571 1
572 1
573 0
574 0
575 2
576 2
577 2
578 2
579 2
580 2
581 2
582 2
583 2
584 2
585 1
586 1
587 1
588 1
589 1
590 1
591 1
592 1
593 1
594 2
595 2
596 2
597 2
598 2
599 2
600 3
601 3
602 2
603 3
604 3
605 1
606 1
607 2
608 2
609 2
610 2
611 2
612 3
613 3
614 3
615 3
616 2
617 1
618 1
619 1
620 1
621 1
622 1
623 2
624 2
625 2
626 2
627 2
628 2
629 3
630 3
631 3
632 3
633 3
634 4
635 4
636 3
637 3
638 4
639 5
640 5
641 5
642 5
643 5
644 5
645 5
646 5
647 5
648 5
649 4
650 3
651 3
652 3
653 3
654 3
655 2
656 2
657 2
658 2
659 3
660 2
661 2
662 3
663 3
664 3
665 2
666 2
667 2
668 2
669 1
670 1
671 2
672 3
673 3
674 3
675 2
676 3
677 3
678 3
679 4
680 5
681 5
682 5
683 4
684 4
685 4
686 4
687 4
688 4
689 4
690 4
691 4
692 4
693 4
694 4
695 4
696 4
697 3
698 3
699 3
700 3
701 4
702 4
703 5
704 5
705 4
706 5
707 5
708 3
709 4
710 4
711 4
712 4
713 4
714 4
715 4
716 4
717 3
718 2
719 2
720 2
721 3
722 3
723 2
724 2
725 1
726 2
727 2
728 2
729 2
730 1
731 0
732 1
733 1
734 2
735 2
736 2
737 2
738 2
739 2
740 2
741 2
742 2
743 2
744 2
745 2
746 2
747 3
748 3
749 3
750 2
751 2
752 2
753 2
754 1
755 1
756 1
757 1
758 1
759 1
760 1
761 1
762 1
763 1
764 1
765 1
766 1
767 1
768 1
769 2
770 2
771 2
772 2
773 2
774 1
775 1
776 1
777 1
778 2
779 2
780 2
781 3
782 2
783 3
784 4
785 4
786 3
787 2
788 2
789 3
790 3
791 2
792 2
793 2
794 2
795 2
796 2
797 2
798 1
799 1
800 1
801 1
802 1
803 1
804 1
805 2
806 2
807 1
808 1
809 1
810 1
811 1
812 1
813 1
814 1
815 1
816 1
817 1
818 2
819 3
820 4
821 4
822 4
823 4
824 4
825 4
826 3
827 3
828 3
829 3
830 3
831 3
832 3
833 3
834 3
835 3
836 4
837 3
838 3
839 2
840 2
841 1
842 1
843 1
844 1
845 1
846 2
847 2
848 2
849 3
850 3
851 3
852 2
853 2
854 1
855 0
856 0
857 0
858 0
859 0
860 0
861 0
862 1
863 1
864 1
865 2
866 3
867 3
868 3
869 3
870 3
871 3
872 2
873 2
874 2
875 2
876 2
877 2
878 2
879 2
880 2
881 2
882 2
883 2
884 1
885 2
886 2
887 2
888 2
889 2
890 1
891 2
892 1
893 1
894 1
895 1
896 1
897 1
898 3
899 3
900 3
901 2
902 2
903 2
904 2
905 2
906 2
907 2
908 2
909 2
910 2
911 2
912 2
913 2
914 2
915 2
916 3
917 3
918 3
919 4
920 4
921 4
922 4
923 4
924 4
925 4
926 4
927 4
928 3
929 2
930 3
931 3
932 3
933 3
934 2
935 3
936 4
937 4
938 3
939 3
940 4
941 3
942 3
943 2
944 2
945 3
946 3
947 4
948 4
949 4
950 4
951 5
952 4
953 3
954 3
955 3
956 3
957 3
958 4
959 4
960 4
961 4
962 3
963 3
964 3
965 3
966 3
967 2
968 2
969 2
970 2
971 3
972 2
973 2
974 1
975 2
976 3
977 3
978 3
979 2
980 3
981 2
982 3
983 2
984 2
985 2
986 2
987 2
988 3
989 2
990 2
991 2
992 3
993 3
994 4
995 4
996 4
997 4
998 4
999 4
1000 4
