0 50
1 39
2 37
3 35
4 38
5 38
6 34
7 35
8 37
9 38
10 37
11 37
12 37
13 35
14 34
15 28
16 35
17 31
18 36
19 34
20 37
21 31
22 29
23 35
24 34
25 38
26 42
27 39
28 33
29 38
30 38
31 31
32 35
33 33
34 36
35 35
36 33
37 36
38 37
39 33
40 29
41 30
42 35
43 33
44 31
45 34
46 37
47 40
48 36
49 33
50 31
51 32
52 31
53 36
54 31
55 35
56 38
57 34
58 32
59 34
60 31
61 33
62 33
63 37
64 34
65 34
66 37
67 35
68 37
69 33
70 28
71 34
72 31
73 33
74 33
75 30
76 33
77 32
78 37
79 35
80 36
81 36
82 36
83 35
84 29
85 28
86 35
87 32
88 34
89 35
90 36
91 34
92 29
93 29
94 35
95 35
96 34
97 32
98 38
99 35
100 35
101 37
102 36
103 34
104 36
105 33
106 34
107 34
108 33
109 33
110 36
111 37
112 35
113 29
114 36
115 32
116 33
117 28
118 24
119 34
120 40
121 37
122 36
123 41
124 38
125 38
126 37
127 35
128 35
129 35
130 33
131 33
132 30
133 37
134 35
135 33
136 40
137 35
138 39
139 39
140 36
141 34
142 31
143 35
144 34
145 35
146 35
147 36
148 37
149 35
150 31
151 31
152 36
153 35
154 35
155 31
156 36
157 36
158 37
159 36
160 37
161 33
162 38
163 38
164 34
165 32
166 37
167 36
168 34
169 35
170 36
171 38
172 41
173 34
174 39
175 33
176 33
177 35
178 34
179 36
180 34
181 29
182 35
183 38
184 36
185 37
186 40
187 35
188 39
189 38
190 37
191 33
192 32
193 33
194 36
195 35
196 32
197 30
198 33
199 35
200 32
201 32
202 38
203 37
204 37
205 37
206 37
207 36
208 38
209 36
210 34
211 32
212 35
213 37
214 34
215 39
216 39
217 34
218 35
219 36
220 36
221 36
222 39
223 40
224 36
225 36
226 38
227 36
228 33
229 33
230 35
231 35
232 35
233 35
234 38
235 39
236 38
237 33
238 30
239 33
240 36
241 36
242 33
243 34
244 35
245 35
246 37
247 37
248 37
249 37
250 37
251 34
252 39
253 40
254 33
255 36
256 36
257 39
258 32
259 31
260 31
261 32
262 34
263 33
264 37
265 34
266 35
267 35
268 36
269 35
270 34
271 34
272 35
273 34
274 38
275 37
276 36
277 33
278 37
279 36
280 31
281 33
282 32
283 35
284 41
285 35
286 36
287 37
288 36
289 35
290 34
291 34
292 32
293 33
294 38
295 35
296 30
297 33
298 34
299 30
300 30
301 31
302 33
303 38
304 34
305 36
306 39
307 34
308 35
309 35
310 38
311 38
312 34
313 32
314 36
315 32
316 31
317 30
318 24
319 30
320 35
321 36
322 39
323 35
324 36
325 36
326 32
327 35
328 35
329 38
330 35
331 36
332 35
333 36
334 30
335 33
336 34
337 38
338 36
339 37
340 35
341 37
342 36
343 33
344 34
345 36
346 31
347 34
348 27
349 35
350 32
351 35
352 33
353 36
354 35
355 35
356 30
357 29
358 31
359 29
360 31
361 31
362 33
363 35
364 38
365 35
366 37
367 38
368 41
369 36
370 29
371 39
372 39
373 41
374 39
375 39
376 36
377 33
378 34
379 32
380 33
381 35
382 39
383 36
384 32
385 33
386 35
387 30
388 31
389 33
390 37
391 37
392 39
393 34
394 32
395 32
396 32
397 35
398 34
399 37
400 33
401 35
402 34
403 37
404 39
405 32
406 35
407 34
408 32
409 33
410 35
411 34
412 36
413 35
414 39
415 38
416 42
417 38
418 35
419 38
420 33
421 35
422 36
423 36
424 38
425 40
426 36
427 34
428 35
429 32
430 31
431 33
432 30
433 31
434 35
435 34
436 35
437 32
438 31
439 34
440 30
441 34
442 35
443 33
444 33
445 36
446 33
447 35
448 37
449 36
450 34
451 35
452 32
453 34
454 32
455 29
456 34
457 36
458 33
459 38
460 40
461 36
462 37
463 37
464 36
465 35
466 37
467 35
468 37
469 36
470 36
471 36
472 34
473 38
474 39
475 38
476 36
477 37
478 40
479 37
480 28
481 30
482 29
483 31
484 32
485 36
486 36
487 37
488 33
489 29
490 36
491 36
492 36
493 36
494 37
495 36
496 35
497 34
498 35
499 36
500 34
501 35
502 34
503 35
504 36
505 40
506 36
507 32
508 36
509 31
510 30
511 26
512 25
513 32
514 34
515 35
516 33
517 38
518 35
519 34
520 39
521 27
522 34
523 35
524 37
525 36
526 37
527 34
528 34
529 33
530 33
531 33
532 31
533 29
534 33
535 36
536 34
537 38
538 38
539 36
540 30
541 34
542 37
543 38
544 39
545 38
546 36
547 35
548 36
549 35
550 33
551 36
552 40
553 37
554 41
555 37
556 41
557 42
558 37
559 36
560 33
561 32
562 34
563 37
564 36
565 34
566 35
567 37
568 34
569 34
570 36
571 38
572 38
573 39
574 36
575 35
576 34
577 33
578 31
579 35
580 34
581 34
582 37
583 34
584 37
585 34
586 32
587 33
588 37
589 37
590 39
591 39
592 35
593 32
594 33
595 31
596 30
597 31
598 32
599 37
600 35
601 36
602 35
603 37
604 38
605 34
606 34
607 33
608 32
609 35
610 35
611 38
612 36
613 36
614 34
615 33
616 33
617 33
618 33
619 33
620 39
621 36
622 36
623 38
624 33
625 34
626 32
627 31
628 37
629 36
630 36
631 41
632 36
633 34
634 39
635 38
636 38
637 36
638 36
639 36
640 36
641 31
642 34
643 34
644 32
645 28
646 32
647 36
648 31
649 31
650 33
651 36
652 29
653 36
654 35
655 37
656 33
657 38
658 42
659 36
660 34
661 37
662 35
663 36
664 36
665 34
666 34
667 27
668 26
669 33
670 35
671 39
672 39
673 36
674 36
675 34
676 34
677 35
678 31
679 36
680 35
681 34
682 35
683 34
684 35
685 38
686 36
687 34
688 38
689 39
690 32
691 32
692 32
693 33
694 30
695 31
696 31
697 33
698 29
699 33
700 36
701 34
702 32
703 33
704 33
705 36
706 34
707 36
708 31
709 34
710 34
711 33
712 34
713 38
714 33
715 33
716 34
717 36
718 36
719 31
720 34
721 34
722 32
723 34
724 32
725 31
726 34
727 35
728 31
729 34
730 36
731 33
732 37
733 32
734 30
735 32
736 38
737 40
738 40
739 37
740 35
741 36
742 34
743 35
744 34
745 36
746 37
747 33
748 36
749 33
750 34
751 38
752 40
753 38
754 33
755 36
756 33
757 36
758 37
759 35
760 37
761 35
762 40
763 26
764 32
765 30
766 31
767 37
768 36
769 28
770 33
771 36
772 37
773 35
774 35
775 34
776 30
777 33
778 37
779 32
780 33
781 34
782 34
783 33
784 35
785 36
786 38
787 34
788 34
789 37
790 32
791 36
792 37
793 33
794 37
795 35
796 37
797 36
798 40
799 36
800 36
801 36
802 38
803 37
804 33
805 34
806 33
807 30
808 27
809 29
810 31
811 30
812 35
813 33
814 33
815 32
816 37
817 36
818 31
819 33
820 36
821 31
822 34
823 34
824 37
825 37
826 35
827 36
828 32
829 32
830 36
831 36
832 35
833 36
834 38
835 35
836 34
837 41
838 36
839 36
840 31
841 37
842 32
843 33
844 35
845 34
846 35
847 36
848 41
849 42
850 37
851 38
852 34
853 31
854 30
855 30
856 34
857 35
858 37
859 38
860 35
861 39
862 37
863 33
864 32
865 33
866 36
867 36
868 32
869 34
870 28
871 34
872 39
873 38
874 38
875 31
876 34
877 34
878 35
879 35
880 34
881 37
882 37
883 34
884 32
885 29
886 34
887 37
888 37
889 37
890 35
891 31
892 39
893 36
894 35
895 32
896 36
897 33
898 32
899 31
900 38
901 39
902 37
903 38
904 33
905 32
906 37
907 31
908 31
909 35
910 35
911 36
912 30
913 38
914 35
915 31
916 34
917 35
918 34
919 32
920 36
921 36
922 33
923 34
924 33
925 33
926 33
927 34
928 33
929 37
930 34
931 36
932 32
933 31
934 34
935 34
936 35
937 37
938 35
939 37
940 35
941 32
942 35
943 31
944 34
945 37
946 34
947 35
948 32
949 32
950 34
951 36
952 34
953 35
954 33
955 38
956 36
957 38
958 34
959 36
960 37
961 39
962 39
963 35
964 34
965 32
966 32
967 30
968 34
969 32
970 33
971 32
972 30
973 31
974 33
975 33
976 35
977 33
978 34
979 35
980 35
981 33
982 33
983 34
984 38
985 38
986 39
987 40
988 40
989 35
990 37
991 34
992 32
993 37
994 29
995 31
996 36
997 35
998 38
999 35
1000 39
