0 90
1 84
2 79
3 73
4 64
5 63
6 62
7 63
8 64
9 64
10 66
11 65
12 64
13 68
14 64
15 62
16 57
17 59
18 60
19 60
20 60
21 58
22 56
23 55
24 52
25 50
26 50
27 53
28 59
29 62
30 60
31 59
32 57
33 61
34 58
35 61
36 60
37 62
38 63
39 65
40 63
41 65
42 63
43 62
44 62
45 62
46 65
47 63
48 66
49 64
50 62
51 63
52 61
53 59
54 64
55 68
56 68
57 63
58 65
59 65
60 66
61 60
62 59
63 62
64 63
65 63
66 66
67 63
68 63
69 65
70 65
71 65
72 68
73 68
74 68
75 67
76 66
77 62
78 59
79 56
80 50
81 54
82 55
83 51
84 55
85 55
86 60
87 62
88 62
89 59
90 59
91 58
92 57
93 58
94 60
95 60
96 63
97 63
98 62
99 59
100 59
101 59
102 58
103 57
104 56
105 61
106 61
107 61
108 62
109 57
110 57
111 60
112 63
113 64
114 64
115 67
116 66
117 65
118 64
119 63
120 62
121 59
122 60
123 60
124 65
125 59
126 58
127 58
128 61
129 69
130 67
131 66
132 64
133 63
134 63
135 63
136 62
137 61
138 62
139 65
140 59
141 63
142 62
143 61
144 62
145 63
146 67
147 69
148 66
149 64
150 62
151 64
152 69
153 66
154 62
155 66
156 66
157 67
158 65
159 61
160 63
161 63
162 61
163 61
164 65
165 69
166 69
167 71
168 67
169 63
170 61
171 64
172 67
173 67
174 69
175 67
176 65
177 64
178 64
179 64
180 61
181 65
182 60
183 59
184 59
185 59
186 60
187 60
188 60
189 58
190 55
191 60
192 62
193 61
194 60
195 63
196 65
197 67
198 65
199 59
200 60
201 56
202 57
203 58
204 61
205 65
206 63
207 65
208 65
209 68
210 64
211 60
212 56
213 57
214 63
215 65
216 68
217 66
218 64
219 58
220 61
221 62
222 61
223 64
224 64
225 67
226 66
227 64
228 64
229 61
230 64
231 68
232 63
233 68
234 67
235 65
236 64
237 67
238 63
239 63
240 65
241 62
242 63
243 60
244 64
245 63
246 64
247 66
248 61
249 62
250 60
251 56
252 56
253 54
254 58
255 60
256 59
257 61
258 63
259 64
260 64
261 64
262 65
263 66
264 65
265 60
266 59
267 65
268 66
269 64
270 65
271 62
272 60
273 61
274 63
275 62
276 64
277 64
278 63
279 62
280 60
281 63
282 60
283 61
284 61
285 59
286 59
287 56
288 56
289 52
290 56
291 60
292 61
293 62
294 66
295 67
296 68
297 64
298 65
299 63
300 62
301 59
302 60
303 62
304 63
305 63
306 63
307 64
308 63
309 64
310 65
311 61
312 58
313 61
314 63
315 60
316 63
317 60
318 63
319 64
320 65
321 65
322 58
323 61
324 62
325 62
326 59
327 59
328 56
329 56
330 53
331 55
332 58
333 57
334 60
335 61
336 64
337 65
338 64
339 64
340 60
341 62
342 62
343 61
344 59
345 60
346 61
347 61
348 62
349 62
350 59
351 61
352 63
353 60
354 61
355 62
356 60
357 62
358 56
359 59
360 57
361 55
362 48
363 45
364 52
365 56
366 56
367 58
368 60
369 57
370 57
371 58
372 57
373 62
374 63
375 59
376 61
377 59
378 59
379 61
380 62
381 65
382 65
383 67
384 65
385 64
386 57
387 60
388 56
389 59
390 61
391 60
392 61
393 61
394 62
395 62
396 64
397 64
398 65
399 61
400 61
401 64
402 64
403 62
404 64
405 65
406 68
407 68
408 68
409 68
410 68
411 65
412 61
413 67
414 67
415 69
416 68
417 66
418 65
419 65
420 61
421 61
422 66
423 64
424 68
425 65
426 60
427 61
428 62
429 64
430 61
431 61
432 63
433 60
434 59
435 57
436 55
437 55
438 56
439 61
440 63
441 67
442 68
443 67
444 66
445 64
446 69
447 68
448 67
449 64
450 59
451 61
452 63
453 64
454 65
455 62
456 62
457 61
458 62
459 62
460 60
461 59
462 58
463 60
464 61
465 56
466 56
467 60
468 63
469 66
470 62
471 59
472 61
473 62
474 64
475 64
476 65
477 65
478 65
479 65
480 65
481 65
482 66
483 62
484 65
485 65
486 66
487 68
488 63
489 66
490 62
491 59
492 61
493 64
494 66
495 66
496 65
497 63
498 62
499 66
500 66
501 66
502 66
503 66
504 66
505 63
506 63
507 62
508 59
509 56
510 57
511 56
512 58
513 61
514 64
515 65
516 69
517 65
518 67
519 65
520 64
521 66
522 59
523 62
524 63
525 60
526 62
527 61
528 59
529 59
530 57
531 57
532 62
533 62
534 60
535 58
536 59
537 60
538 61
539 63
540 62
541 58
542 62
543 65
544 66
545 62
546 61
547 63
548 64
549 67
550 68
551 70
552 67
553 63
554 65
555 66
556 60
557 59
558 61
559 64
560 65
561 65
562 66
563 65
564 63
565 67
566 64
567 62
568 64
569 65
570 64
571 62
572 64
573 64
574 65
575 65
576 63
577 61
578 59
579 62
580 63
581 62
582 61
583 61
584 60
585 62
586 63
587 57
588 57
589 57
590 59
591 58
592 59
593 60
594 59
595 58
596 59
597 60
598 59
599 59
600 63
601 61
602 60
603 64
604 68
605 66
606 63
607 65
608 66
609 64
610 64
611 63
612 61
613 61
614 58
615 62
616 63
617 63
618 62
619 60
620 61
621 60
622 57
623 58
624 58
625 61
626 58
627 61
628 64
629 62
630 63
631 64
632 64
633 66
634 64
635 64
636 67
637 65
638 66
639 66
640 66
641 64
642 60
643 61
644 56
645 55
646 57
647 61
648 61
649 64
650 62
651 63
652 57
653 56
654 56
655 60
656 59
657 58
658 60
659 60
660 59
661 57
662 58
663 53
664 56
665 57
666 57
667 60
668 63
669 62
670 62
671 61
672 63
673 63
674 64
675 61
676 63
677 68
678 63
679 61
680 67
681 65
682 65
683 65
684 62
685 59
686 62
687 58
688 59
689 66
690 68
691 66
692 60
693 64
694 64
695 60
696 58
697 63
698 59
699 61
700 58
701 57
702 60
703 61
704 61
705 61
706 63
707 66
708 67
709 64
710 65
711 65
712 67
713 66
714 64
715 65
716 64
717 62
718 65
719 70
720 70
721 71
722 70
723 71
724 68
725 67
726 69
727 66
728 69
729 69
730 69
731 68
732 61
733 52
734 55
735 59
736 57
737 57
738 59
739 61
740 59
741 59
742 61
743 61
744 57
745 59
746 58
747 56
748 57
749 60
750 59
751 61
752 60
753 58
754 58
755 62
756 59
757 62
758 60
759 62
760 67
761 64
762 60
763 64
764 66
765 65
766 66
767 64
768 66
769 64
770 65
771 66
772 63
773 63
774 66
775 66
776 66
777 66
778 60
779 59
780 58
781 63
782 62
783 59
784 59
785 62
786 61
787 60
788 65
789 64
790 63
791 63
792 63
793 64
794 62
795 62
796 61
797 61
798 63
799 63
800 62
801 63
802 60
803 61
804 62
805 65
806 63
807 64
808 61
809 62
810 63
811 59
812 57
813 58
814 63
815 67
816 66
817 63
818 65
819 61
820 66
821 65
822 61
823 57
824 57
825 58
826 59
827 62
828 67
829 67
830 65
831 65
832 66
833 62
834 63
835 61
836 63
837 64
838 61
839 61
840 58
841 62
842 63
843 64
844 61
845 61
846 61
847 59
848 61
849 60
850 58
851 59
852 66
853 66
854 64
855 60
856 62
857 60
858 62
859 60
860 58
861 58
862 63
863 67
864 57
865 62
866 63
867 65
868 62
869 66
870 64
871 64
872 63
873 63
874 61
875 61
876 62
877 64
878 61
879 62
880 68
881 65
882 64
883 64
884 60
885 63
886 64
887 61
888 58
889 57
890 55
891 58
892 62
893 64
894 61
895 59
896 59
897 62
898 63
899 63
900 58
901 62
902 67
903 64
904 65
905 64
906 61
907 61
908 59
909 61
910 63
911 61
912 62
913 64
914 61
915 61
916 64
917 62
918 63
919 63
920 62
921 60
922 59
923 59
924 64
925 63
926 62
927 65
928 66
929 66
930 65
931 65
932 63
933 68
934 66
935 63
936 65
937 66
938 61
939 57
940 58
941 60
942 63
943 64
944 65
945 65
946 65
947 65
948 68
949 69
950 68
951 66
952 64
953 64
954 64
955 63
956 58
957 54
958 55
959 52
960 55
961 54
962 59
963 58
964 61
965 63
966 61
967 64
968 64
969 62
970 60
971 65
972 66
973 66
974 69
975 69
976 68
977 66
978 64
979 58
980 57
981 58
982 57
983 55
984 55
985 57
986 54
987 56
988 58
989 59
990 64
991 62
992 64
993 64
994 62
995 62
996 61
997 61
998 60
999 64
1000 65
