0 20
1 13
2 11
3 12
4 11
5 11
6 12
7 9
8 8
9 11
10 12
11 12
12 13
13 13
14 12
15 10
16 12
17 9
18 9
19 11
20 12
21 13
22 13
23 13
24 11
25 14
26 13
27 12
28 11
29 11
30 14
31 12
32 12
33 11
34 11
35 12
36 11
37 10
38 13
39 13
40 15
41 14
42 10
43 11
44 13
45 12
46 11
47 15
48 12
49 11
50 13
51 11
52 10
53 12
54 11
55 13
56 12
57 10
58 14
59 12
60 13
61 12
62 11
63 13
64 13
65 14
66 13
67 13
68 14
69 14
70 12
71 12
72 11
73 12
74 13
75 12
76 12
77 12
78 12
79 12
80 11
81 14
82 13
83 10
84 12
85 12
86 12
87 9
88 9
89 11
90 11
91 13
92 12
93 13
94 10
95 12
96 10
97 12
98 12
99 10
100 11
101 13
102 11
103 11
104 12
105 13
106 14
107 9
108 9
109 12
110 9
111 11
112 9
113 12
114 13
115 11
116 12
117 13
118 13
119 12
120 13
121 11
122 12
123 12
124 11
125 9
126 11
127 11
128 13
129 13
130 11
131 12
132 10
133 12
134 9
135 9
136 9
137 12
138 13
139 11
140 11
141 10
142 12
143 12
144 13
145 11
146 9
147 12
148 8
149 12
150 9
151 10
152 12
153 11
154 11
155 12
156 12
157 13
158 12
159 12
160 13
161 11
162 12
163 12
164 11
165 10
166 12
167 11
168 14
169 12
170 11
171 11
172 11
173 10
174 11
175 10
176 11
177 12
178 12
179 11
180 12
181 13
182 13
183 13
184 13
185 12
186 12
187 11
188 12
189 13
190 11
191 11
192 12
193 11
194 12
195 12
196 10
197 12
198 12
199 10
200 10
201 12
202 14
203 14
204 13
205 9
206 11
207 10
208 6
209 9
210 10
211 12
212 12
213 9
214 9
215 11
216 12
217 11
218 11
219 12
220 14
221 14
222 14
223 15
224 13
225 10
226 10
227 10
228 12
229 9
230 12
231 14
232 10
233 10
234 10
235 11
236 13
237 13
238 10
239 12
240 12
241 11
242 14
243 10
244 14
245 10
246 11
247 12
248 10
249 11
250 14
251 10
252 13
253 12
254 11
255 11
256 13
257 11
258 12
259 12
260 12
261 14
262 13
263 14
264 12
265 9
266 11
267 9
268 12
269 11
270 11
271 10
272 11
273 13
274 11
275 12
276 13
277 12
278 11
279 11
280 12
281 13
282 10
283 13
284 13
285 13
286 13
287 12
288 11
289 13
290 12
291 12
292 12
293 13
294 13
295 11
296 12
297 13
298 9
299 13
300 13
301 11
302 10
303 11
304 12
305 14
306 12
307 7
308 10
309 11
310 12
311 13
312 13
313 13
314 13
315 12
316 12
317 13
318 14
319 13
320 12
321 12
322 12
323 12
324 13
325 12
326 12
327 15
328 12
329 8
330 10
331 12
332 12
333 13
334 13
335 13
336 13
337 11
338 9
339 11
340 11
341 11
342 8
343 11
344 12
345 13
346 12
347 10
348 11
349 13
350 13
351 13
352 8
353 9
354 11
355 11
356 12
357 14
358 13
359 12
360 11
361 14
362 13
363 9
364 11
365 11
366 15
367 14
368 12
369 9
370 10
371 7
372 9
373 11
374 10
375 12
376 9
377 12
378 13
379 14
380 11
381 13
382 11
383 13
384 13
385 13
386 13
387 11
388 10
389 11
390 13
391 13
392 12
393 11
394 13
395 10
396 11
397 13
398 12
399 13
400 11
401 13
402 12
403 13
404 12
405 11
406 14
407 12
408 11
409 12
410 12
411 13
412 13
413 14
414 12
415 11
416 11
417 13
418 12
419 11
420 11
421 12
422 11
423 13
424 11
425 11
426 12
427 12
428 13
429 14
430 13
431 10
432 11
433 14
434 12
435 10
436 13
437 13
438 11
439 12
440 10
441 12
442 11
443 12
444 12
445 14
446 12
447 11
448 13
449 10
450 11
451 11
452 13
453 10
454 10
455 12
456 12
457 11
458 6
459 11
460 12
461 12
462 12
463 10
464 9
465 12
466 13
467 13
468 12
469 12
470 13
471 12
472 11
473 11
474 10
475 11
476 12
477 12
478 14
479 14
480 12
481 12
482 12
483 11
484 14
485 13
486 12
487 12
488 13
489 14
490 13
491 12
492 11
493 10
494 11
495 13
496 10
497 10
498 13
499 12
500 11
501 12
502 12
503 11
504 13
505 13
506 13
507 14
508 12
509 12
510 9
511 12
512 11
513 10
514 11
515 10
516 12
517 7
518 10
519 10
520 10
521 14
522 13
523 12
524 13
525 13
526 14
527 12
528 9
529 11
530 12
531 13
532 10
533 7
534 13
535 11
536 7
537 12
538 12
539 13
540 12
541 11
542 11
543 11
544 11
545 11
546 11
547 12
548 9
549 13
550 12
551 12
552 14
553 10
554 13
555 12
556 13
557 12
558 9
559 12
560 13
561 10
562 9
563 9
564 11
565 11
566 13
567 13
568 11
569 9
570 10
571 11
572 11
573 11
574 12
575 13
576 12
577 12
578 10
579 11
580 12
581 12
582 12
583 11
584 13
585 12
586 11
587 11
588 11
589 9
590 10
591 11
592 11
593 12
594 13
595 13
596 13
597 11
598 11
599 12
600 12
601 10
602 13
603 12
604 10
605 13
606 11
607 12
608 13
609 11
610 12
611 10
612 11
613 10
614 10
615 12
616 13
617 10
618 10
619 13
620 12
621 10
622 12
623 13
624 14
625 11
626 11
627 11
628 12
629 13
630 12
631 13
632 11
633 11
634 10
635 13
636 10
637 11
638 13
639 12
640 11
641 12
642 12
643 14
644 12
645 10
646 12
647 13
648 11
649 13
650 12
651 12
652 11
653 10
654 13
655 13
656 11
657 11
658 11
659 12
660 11
661 11
662 11
663 11
664 12
665 14
666 13
667 13
668 10
669 13
670 12
671 12
672 13
673 12
674 11
675 8
676 13
677 10
678 13
679 12
680 13
681 8
682 9
683 12
684 11
685 12
686 10
687 11
688 12
689 12
690 11
691 13
692 12
693 12
694 10
695 13
696 11
697 11
698 12
699 11
700 14
701 14
702 13
703 12
704 10
705 11
706 12
707 10
708 12
709 14
710 12
711 12
712 12
713 12
714 12
715 11
716 11
717 11
718 12
719 11
720 12
721 12
722 13
723 13
724 13
725 13
726 13
727 10
728 11
729 11
730 10
731 11
732 11
733 12
734 14
735 11
736 12
737 13
738 13
739 14
740 14
741 12
742 12
743 11
744 12
745 11
746 10
747 13
748 9
749 12
750 13
751 7
752 11
753 13
754 8
755 11
756 10
757 10
758 12
759 11
760 12
761 12
762 14
763 13
764 11
765 11
766 11
767 11
768 12
769 12
770 13
771 11
772 11
773 13
774 11
775 12
776 12
777 11
778 12
779 12
780 10
781 14
782 13
783 14
784 12
785 11
786 11
787 13
788 13
789 12
790 13
791 14
792 14
793 14
794 14
795 13
796 13
797 14
798 13
799 12
800 11
801 12
802 12
803 11
804 13
805 12
806 14
807 14
808 14
809 14
810 14
811 10
812 11
813 13
814 13
815 11
816 10
817 13
818 13
819 10
820 11
821 9
822 8
823 11
824 11
825 14
826 14
827 11
828 13
829 12
830 14
831 11
832 11
833 11
834 11
835 14
836 12
837 8
838 12
839 13
840 14
841 12
842 13
843 14
844 13
845 13
846 14
847 13
848 11
849 12
850 13
851 12
852 12
853 12
854 13
855 14
856 13
857 16
858 14
859 11
860 14
861 14
862 13
863 14
864 14
865 12
866 11
867 13
868 12
869 12
870 15
871 12
872 14
873 11
874 13
875 13
876 13
877 12
878 10
879 12
880 11
881 12
882 10
883 11
884 14
885 13
886 13
887 12
888 11
889 11
890 11
891 12
892 11
893 11
894 11
895 13
896 12
897 10
898 13
899 15
900 11
901 15
902 10
903 11
904 10
905 11
906 13
907 11
908 14
909 12
910 13
911 14
912 14
913 14
914 12
915 13
916 13
917 12
918 13
919 13
920 14
921 13
922 12
923 13
924 12
925 11
926 12
927 11
928 12
929 13
930 12
931 12
932 11
933 9
934 12
935 11
936 8
937 12
938 12
939 12
940 12
941 11
942 13
943 15
944 11
945 10
946 13
947 10
948 12
949 12
950 11
951 14
952 12
953 11
954 11
955 12
956 13
957 10
958 11
959 13
960 11
961 12
962 13
963 13
964 13
965 13
966 12
967 13
968 13
969 11
970 12
971 10
972 12
973 15
974 13
975 11
976 12
977 11
978 12
979 11
980 12
981 12
982 12
983 10
984 12
985 9
986 12
987 10
988 11
989 13
990 14
991 13
992 14
993 13
994 12
995 12
996 11
997 11
998 12
999 13
1000 12
