0 70
1 63
2 58
3 56
4 53
5 51
6 50
7 47
8 48
9 46
10 45
11 45
12 47
13 46
14 43
15 42
16 42
17 43
18 44
19 45
20 43
21 41
22 39
23 41
24 43
25 41
26 41
27 37
28 37
29 39
30 43
31 44
32 46
33 43
34 41
35 40
36 42
37 41
38 43
39 44
40 41
41 43
42 42
43 43
44 38
45 41
46 41
47 40
48 40
49 40
50 38
51 40
52 39
53 41
54 37
55 37
56 40
57 42
58 42
59 43
60 41
61 39
62 39
63 40
64 39
65 42
66 41
67 41
68 43
69 44
70 43
71 41
72 40
73 42
74 42
75 43
76 43
77 39
78 40
79 42
80 39
81 39
82 37
83 35
84 40
85 39
86 42
87 40
88 43
89 42
90 42
91 44
92 38
93 40
94 41
95 38
96 37
97 39
98 40
99 41
100 39
101 36
102 36
103 34
104 33
105 32
106 37
107 39
108 36
109 37
110 39
111 37
112 38
113 39
114 40
115 40
116 41
117 41
118 41
119 38
120 41
121 43
122 41
123 39
124 40
125 40
126 39
127 42
128 40
129 39
130 41
131 41
132 40
133 41
134 40
135 37
136 40
137 42
138 41
139 41
140 40
141 38
142 38
143 38
144 39
145 42
146 40
147 38
148 42
149 44
150 43
151 44
152 44
153 44
154 44
155 44
156 43
157 43
158 45
159 40
160 43
161 44
162 47
163 45
164 45
165 46
166 41
167 41
168 44
169 43
170 41
171 39
172 39
173 41
174 42
175 41
176 40
177 36
178 38
179 39
180 38
181 39
182 41
183 42
184 41
185 43
186 46
187 48
188 47
189 47
190 46
191 43
192 41
193 44
194 42
195 40
196 36
197 36
198 36
199 34
200 38
201 40
202 41
203 40
204 39
205 42
206 39
207 38
208 40
209 41
210 41
211 41
212 40
213 43
214 39
215 39
216 40
217 40
218 43
219 46
220 47
221 45
222 43
223 42
224 43
225 40
226 43
227 41
228 43
229 44
230 42
231 41
232 41
233 42
234 46
235 45
236 39
237 40
238 41
239 41
240 44
241 39
242 40
243 39
244 39
245 40
246 42
247 41
248 41
249 40
250 37
251 38
252 40
253 40
254 38
255 40
256 39
257 40
258 40
259 41
260 43
261 44
262 41
263 41
264 39
265 40
266 41
267 39
268 41
269 38
270 40
271 43
272 40
273 41
274 42
275 38
276 39
277 41
278 42
279 41
280 41
281 42
282 43
283 42
284 42
285 40
286 39
287 40
288 42
289 41
290 43
291 43
292 44
293 43
294 43
295 41
296 41
297 43
298 42
299 42
300 41
301 44
302 44
303 42
304 43
305 43
306 44
307 42
308 40
309 40
310 40
311 40
312 39
313 42
314 41
315 42
316 43
317 44
318 43
319 42
320 40
321 42
322 43
323 45
324 46
325 44
326 46
327 48
328 44
329 43
330 43
331 41
332 39
333 41
334 40
335 42
336 42
337 40
338 41
339 41
340 41
341 44
342 43
343 43
344 44
345 43
346 42
347 42
348 42
349 42
350 41
351 45
352 39
353 40
354 40
355 35
356 35
357 36
358 35
359 38
360 40
361 41
362 42
363 43
364 43
365 40
366 39
367 40
368 38
369 35
370 36
371 38
372 39
373 40
374 42
375 39
376 36
377 37
378 35
379 38
380 38
381 37
382 38
383 39
384 40
385 39
386 37
387 39
388 41
389 36
390 37
391 37
392 38
393 37
394 39
395 37
396 38
397 38
398 39
399 39
400 40
401 40
402 39
403 38
404 37
405 37
406 37
407 36
408 36
409 37
410 39
411 38
412 40
413 41
414 38
415 37
416 34
417 38
418 38
419 36
420 35
421 39
422 38
423 38
424 40
425 40
426 40
427 40
428 38
429 40
430 38
431 40
432 40
433 42
434 41
435 44
436 42
437 40
438 38
439 40
440 37
441 38
442 39
443 40
444 43
445 41
446 36
447 38
448 38
449 40
450 44
451 44
452 41
453 41
454 41
455 41
456 43
457 41
458 38
459 39
460 38
461 38
462 39
463 39
464 39
465 41
466 40
467 41
468 41
469 42
470 42
471 41
472 39
473 38
474 40
475 39
476 40
477 40
478 43
479 43
480 43
481 45
482 46
483 43
484 39
485 39
486 40
487 40
488 40
489 44
490 44
491 46
492 45
493 44
494 42
495 41
496 43
497 43
498 43
499 43
500 43
501 41
502 42
503 39
504 37
505 38
506 40
507 41
508 39
509 40
510 39
511 38
512 40
513 40
514 40
515 41
516 42
517 41
518 40
519 41
520 45
521 45
522 45
523 40
524 41
525 38
526 40
527 40
528 41
529 43
530 44
531 41
532 42
533 43
534 45
535 44
536 42
537 41
538 39
539 41
540 43
541 44
542 43
543 42
544 44
545 44
546 43
547 41
548 42
549 41
550 42
551 43
552 42
553 42
554 40
555 43
556 41
557 39
558 40
559 37
560 32
561 34
562 35
563 33
564 36
565 37
566 38
567 40
568 39
569 38
570 40
571 39
572 37
573 39
574 36
575 36
576 37
577 35
578 38
579 37
580 36
581 37
582 37
583 38
584 38
585 40
586 40
587 38
588 42
589 41
590 41
591 39
592 40
593 40
594 40
595 42
596 44
597 45
598 43
599 40
600 37
601 36
602 40
603 44
604 46
605 46
606 46
607 43
608 42
609 37
610 39
611 42
612 42
613 43
614 44
615 44
616 41
617 42
618 42
619 43
620 43
621 42
622 42
623 41
624 40
625 40
626 39
627 38
628 39
629 42
630 43
631 43
632 42
633 40
634 39
635 37
636 38
637 41
638 40
639 42
640 44
641 47
642 43
643 39
644 40
645 42
646 39
647 40
648 40
649 40
650 39
651 39
652 42
653 44
654 43
655 44
656 41
657 43
658 43
659 45
660 43
661 43
662 42
663 45
664 42
665 41
666 39
667 40
668 41
669 39
670 37
671 36
672 36
673 35
674 34
675 33
676 34
677 34
678 34
679 35
680 36
681 37
682 39
683 38
684 37
685 34
686 36
687 37
688 37
689 39
690 38
691 38
692 38
693 40
694 37
695 38
696 40
697 39
698 37
699 39
700 38
701 35
702 34
703 37
704 38
705 39
706 39
707 40
708 40
709 38
710 34
711 33
712 37
713 36
714 38
715 42
716 40
717 42
718 43
719 41
720 41
721 43
722 39
723 37
724 39
725 38
726 39
727 42
728 42
729 43
730 40
731 40
732 38
733 38
734 38
735 39
736 43
737 43
738 45
739 44
740 44
741 43
742 44
743 39
744 39
745 40
746 37
747 39
748 40
749 40
750 42
751 43
752 42
753 41
754 44
755 43
756 43
757 46
758 44
759 44
760 43
761 42
762 39
763 41
764 37
765 40
766 40
767 42
768 36
769 41
770 38
771 39
772 40
773 39
774 41
775 45
776 43
777 41
778 43
779 43
780 43
781 40
782 42
783 44
784 41
785 44
786 45
787 42
788 41
789 41
790 39
791 37
792 38
793 40
794 40
795 40
796 42
797 42
798 39
799 36
800 37
801 38
802 37
803 41
804 41
805 41
806 41
807 41
808 38
809 37
810 39
811 40
812 40
813 35
814 38
815 38
816 38
817 38
818 41
819 40
820 42
821 42
822 39
823 38
824 40
825 40
826 40
827 40
828 39
829 39
830 40
831 42
832 42
833 43
834 43
835 38
836 38
837 38
838 38
839 40
840 40
841 39
842 39
843 40
844 39
845 40
846 42
847 41
848 43
849 37
850 38
851 39
852 36
853 34
854 35
855 38
856 41
857 39
858 38
859 35
860 35
861 34
862 33
863 37
864 34
865 38
866 38
867 39
868 38
869 37
870 40
871 41
872 42
873 40
874 39
875 40
876 37
877 41
878 43
879 42
880 42
881 43
882 46
883 45
884 44
885 43
886 44
887 43
888 40
889 40
890 41
891 39
892 43
893 41
894 38
895 38
896 39
897 39
898 38
899 36
900 38
901 36
902 40
903 39
904 38
905 35
906 37
907 39
908 39
909 38
910 37
911 36
912 34
913 35
914 36
915 42
916 41
917 44
918 41
919 41
920 39
921 36
922 37
923 36
924 33
925 30
926 32
927 35
928 32
929 32
930 34
931 35
932 30
933 34
934 36
935 34
936 37
937 39
938 38
939 38
940 35
941 38
942 36
943 39
944 42
945 43
946 42
947 43
948 43
949 42
950 42
951 41
952 42
953 40
954 38
955 41
956 42
957 42
958 42
959 43
960 44
961 40
962 36
963 39
964 41
965 41
966 39
967 41
968 39
969 42
970 40
971 40
972 37
973 37
974 38
975 38
976 41
977 42
978 40
979 39
980 38
981 38
982 37
983 37
984 38
985 38
986 40
987 36
988 36
989 37
990 38
991 39
992 40
993 42
994 40
995 42
996 42
997 41
998 43
999 45
1000 45
