0 40
1 29
2 28
3 28
4 28
5 28
6 27
7 27
8 28
9 26
10 28
11 26
12 28
13 26
14 26
15 23
16 29
17 26
18 28
19 24
20 25
21 28
22 28
23 24
24 27
25 25
26 27
27 25
28 23
29 28
30 24
31 24
32 29
33 26
34 27
35 26
36 27
37 25
38 23
39 26
40 26
41 25
42 23
43 27
44 26
45 27
46 28
47 26
48 24
49 25
50 26
51 26
52 28
53 28
54 27
55 27
56 29
57 28
58 24
59 25
60 24
61 31
62 28
63 29
64 28
65 26
66 25
67 28
68 30
69 28
70 31
71 27
72 29
73 25
74 28
75 32
76 28
77 28
78 26
79 30
80 29
81 29
82 25
83 27
84 30
85 27
86 27
87 24
88 29
89 28
90 30
91 26
92 28
93 29
94 26
95 30
96 28
97 26
98 25
99 25
100 27
101 26
102 23
103 26
104 26
105 25
106 25
107 25
108 27
109 26
110 26
111 27
112 26
113 24
114 27
115 25
116 24
117 25
118 27
119 29
120 26
121 28
122 31
123 25
124 27
125 24
126 28
127 30
128 29
129 27
130 27
131 29
132 26
133 24
134 26
135 27
136 22
137 26
138 26
139 26
140 25
141 24
142 28
143 29
144 25
145 26
146 28
147 26
148 24
149 28
150 26
151 30
152 28
153 28
154 24
155 28
156 27
157 26
158 31
159 26
160 28
161 28
162 29
163 25
164 28
165 28
166 27
167 25
168 29
169 26
170 29
171 28
172 25
173 25
174 28
175 28
176 30
177 25
178 29
179 27
180 29
181 27
182 28
183 24
184 27
185 29
186 27
187 26
188 30
189 30
190 28
191 23
192 27
193 30
194 24
195 26
196 24
197 29
198 26
199 25
200 25
201 26
202 25
203 26
204 26
205 25
206 23
207 28
208 28
209 27
210 26
211 29
212 27
213 24
214 27
215 26
216 27
217 25
218 25
219 30
220 27
221 28
222 24
223 29
224 29
225 29
226 28
227 27
228 23
229 27
230 26
231 27
232 28
233 30
234 26
235 27
236 23
237 25
238 30
239 22
240 27
241 27
242 26
243 27
244 29
245 24
246 27
247 25
248 26
249 26
250 28
251 25
252 29
253 27
254 28
255 23
256 28
257 26
258 27
259 27
260 28
261 27
262 26
263 28
264 22
265 26
266 25
267 28
268 25
269 27
270 28
271 29
272 27
273 26
274 27
275 28
276 26
277 28
278 25
279 28
280 29
281 28
282 28
283 28
284 27
285 28
286 29
287 26
288 25
289 27
290 25
291 27
292 24
293 23
294 29
295 24
296 23
297 29
298 26
299 26
300 25
301 27
302 25
303 26
304 26
305 26
306 28
307 24
308 22
309 28
310 24
311 27
312 27
313 25
314 29
315 27
316 28
317 26
318 24
319 27
320 29
321 28
322 29
323 26
324 26
325 30
326 25
327 28
328 29
329 29
330 23
331 27
332 25
333 25
334 26
335 25
336 31
337 28
338 29
339 25
340 26
341 24
342 30
343 28
344 27
345 28
346 31
347 25
348 27
349 30
350 30
351 24
352 25
353 28
354 28
355 24
356 26
357 27
358 27
359 26
360 28
361 28
362 29
363 28
364 29
365 28
366 26
367 27
368 25
369 29
370 29
371 29
372 25
373 26
374 27
375 26
376 27
377 28
378 26
379 24
380 26
381 27
382 25
383 28
384 25
385 27
386 26
387 32
388 27
389 22
390 24
391 24
392 27
393 23
394 28
395 29
396 26
397 24
398 24
399 24
400 24
401 26
402 27
403 24
404 26
405 28
406 29
407 26
408 27
409 31
410 27
411 28
412 30
413 28
414 23
415 26
416 27
417 26
418 24
419 24
420 29
421 28
422 27
423 27
424 29
425 26
426 28
427 29
428 28
429 25
430 23
431 27
432 28
433 29
434 22
435 30
436 25
437 27
438 28
439 27
440 27
441 24
442 29
443 26
444 27
445 26
446 29
447 30
448 28
449 30
450 26
451 24
452 29
453 27
454 29
455 27
456 29
457 32
458 26
459 27
460 28
461 27
462 28
463 26
464 29
465 28
466 27
467 26
468 26
469 30
470 26
471 25
472 28
473 27
474 27
475 26
476 26
477 27
478 29
479 30
480 27
481 27
482 25
483 26
484 24
485 27
486 31
487 22
488 27
489 29
490 28
491 24
492 27
493 29
494 30
495 28
496 29
497 27
498 26
499 25
500 28
501 28
502 26
503 29
504 27
505 28
506 24
507 25
508 24
509 28
510 29
511 27
512 28
513 26
514 28
515 27
516 31
517 28
518 27
519 26
520 27
521 28
522 25
523 25
524 25
525 28
526 25
527 28
528 29
529 28
530 28
531 26
532 25
533 29
534 32
535 24
536 23
537 24
538 26
539 27
540 25
541 26
542 24
543 27
544 27
545 26
546 24
547 27
548 27
549 25
550 26
551 27
552 25
553 26
554 28
555 29
556 25
557 27
558 29
559 25
560 26
561 24
562 27
563 24
564 24
565 24
566 26
567 22
568 27
569 25
570 26
571 27
572 25
573 28
574 28
575 29
576 27
577 26
578 27
579 27
580 28
581 28
582 28
583 26
584 22
585 25
586 26
587 28
588 27
589 27
590 29
591 25
592 26
593 24
594 26
595 27
596 27
597 25
598 25
599 27
600 26
601 24
602 28
603 22
604 24
605 26
606 30
607 27
608 29
609 28
610 28
611 25
612 27
613 27
614 24
615 28
616 25
617 26
618 25
619 25
620 32
621 29
622 28
623 27
624 29
625 28
626 28
627 29
628 27
629 23
630 27
631 28
632 26
633 27
634 28
635 26
636 29
637 28
638 26
639 28
640 27
641 26
642 28
643 27
644 26
645 25
646 24
647 24
648 28
649 27
650 24
651 26
652 23
653 25
654 29
655 30
656 26
657 28
658 27
659 29
660 25
661 26
662 25
663 26
664 27
665 24
666 29
667 28
668 24
669 31
670 29
671 28
672 29
673 28
674 27
675 27
676 26
677 26
678 27
679 29
680 25
681 25
682 27
683 21
684 26
685 26
686 28
687 27
688 25
689 22
690 24
691 25
692 28
693 30
694 26
695 27
696 28
697 28
698 27
699 28
700 27
701 27
702 28
703 22
704 27
705 28
706 22
707 28
708 26
709 26
710 23
711 24
712 27
713 29
714 24
715 27
716 18
717 27
718 26
719 26
720 23
721 29
722 24
723 27
724 25
725 27
726 29
727 27
728 28
729 28
730 26
731 30
732 27
733 28
734 24
735 25
736 27
737 27
738 24
739 27
740 28
741 24
742 25
743 29
744 31
745 29
746 25
747 26
748 27
749 28
750 25
751 22
752 26
753 25
754 26
755 27
756 27
757 24
758 27
759 27
760 21
761 26
762 26
763 27
764 27
765 23
766 26
767 29
768 27
769 26
770 26
771 24
772 26
773 26
774 26
775 29
776 25
777 29
778 29
779 30
780 27
781 25
782 31
783 28
784 28
785 25
786 24
787 25
788 30
789 25
790 27
791 25
792 26
793 25
794 23
795 24
796 25
797 27
798 31
799 28
800 27
801 29
802 24
803 23
804 29
805 26
806 24
807 27
808 25
809 26
810 26
811 28
812 28
813 26
814 29
815 28
816 30
817 26
818 27
819 28
820 28
821 27
822 31
823 27
824 29
825 24
826 26
827 28
828 27
829 27
830 29
831 28
832 26
833 29
834 29
835 27
836 27
837 27
838 24
839 23
840 26
841 25
842 28
843 30
844 27
845 24
846 29
847 27
848 30
849 25
850 26
851 26
852 27
853 26
854 27
855 26
856 31
857 28
858 26
859 24
860 30
861 30
862 28
863 27
864 25
865 23
866 29
867 27
868 27
869 28
870 26
871 28
872 25
873 28
874 27
875 27
876 29
877 29
878 28
879 25
880 28
881 28
882 28
883 23
884 26
885 26
886 27
887 27
888 27
889 29
890 30
891 27
892 24
893 26
894 26
895 29
896 26
897 26
898 22
899 23
900 26
901 30
902 26
903 26
904 22
905 27
906 27
907 29
908 29
909 25
910 26
911 28
912 26
913 29
914 26
915 26
916 25
917 25
918 26
919 27
920 26
921 29
922 29
923 29
924 25
925 20
926 26
927 28
928 28
929 24
930 27
931 27
932 25
933 26
934 26
935 28
936 28
937 24
938 28
939 25
940 28
941 26
942 25
943 25
944 25
945 25
946 28
947 27
948 24
949 27
950 26
951 25
952 28
953 26
954 24
955 29
956 24
957 26
958 27
959 27
960 31
961 26
962 25
963 26
964 27
965 30
966 28
967 26
968 29
969 27
970 29
971 29
972 29
973 26
974 28
975 26
976 26
977 25
978 28
979 27
980 26
981 29
982 31
983 27
984 26
985 28
986 27
987 26
988 28
989 23
990 24
991 27
992 27
993 30
994 28
995 29
996 26
997 26
998 27
999 27
1000 24
