0 5
1 3
2 2
3 2
4 1
5 0
6 0
7 0
8 0
9 1
10 1
11 2
12 2
13 1
14 1
15 1
16 2
17 3
18 3
19 3
20 3
21 2
22 1
23 1
24 1
25 1
26 0
27 0
28 0
29 1
30 1
31 1
32 2
33 3
34 3
35 3
36 2
37 1
38 2
39 1
40 1
41 1
42 1
43 1
44 1
45 1
46 1
47 1
48 1
49 1
50 1
51 1
52 1
53 1
54 1
55 2
56 1
57 1
58 2
59 2
60 1
61 0
62 0
63 1
64 1
65 1
66 1
67 2
68 2
69 2
70 2
71 1
72 1
73 0
74 1
75 2
76 1
77 1
78 1
79 1
80 0
81 0
82 0
83 0
84 0
85 1
86 1
87 2
88 2
89 2
90 2
91 1
92 2
93 2
94 2
95 2
96 2
97 2
98 2
99 1
100 1
101 1
102 1
103 1
104 2
105 1
106 1
107 1
108 0
109 0
110 1
111 1
112 1
113 1
114 1
115 0
116 1
117 1
118 1
119 1
120 2
121 2
122 1
123 1
124 1
125 1
126 1
127 1
128 1
129 1
130 1
131 1
132 1
133 0
134 1
135 2
136 1
137 1
138 2
139 2
140 1
141 1
142 1
143 2
144 1
145 1
146 2
147 1
148 1
149 1
150 2
151 2
152 2
153 2
154 1
155 0
156 0
157 0
158 1
159 1
160 1
161 1
162 1
163 1
164 1
165 0
166 0
167 0
168 0
169 0
170 1
171 1
172 1
173 1
174 1
175 1
176 1
177 1
178 1
179 1
180 1
181 1
182 0
183 0
184 1
185 1
186 1
187 1
188 1
189 2
190 2
191 1
192 1
193 1
194 1
195 1
196 1
197 1
198 1
199 1
200 1
201 0
202 1
203 1
204 1
205 1
206 1
207 1
208 1
209 2
210 2
211 2
212 1
213 1
214 2
215 2
216 2
217 1
218 1
219 1
220 1
221 1
222 1
223 2
224 2
225 0
226 0
227 1
228 1
229 0
230 0
231 0
232 1
233 2
234 2
235 2
236 1
237 1
238 1
239 0
240 2
241 1
242 1
243 1
244 1
245 1
246 1
247 1
248 1
249 1
250 1
251 1
252 1
253 1
254 1
255 1
256 1
257 0
258 0
259 0
260 0
261 1
262 1
263 1
264 0
265 0
266 0
267 0
268 2
269 2
270 2
271 1
272 0
273 0
274 0
275 0
276 0
277 1
278 3
279 2
280 1
281 1
282 1
283 2
284 2
285 2
286 2
287 2
288 1
289 1
290 1
291 1
292 1
293 0
294 0
295 1
296 1
297 1
298 1
299 2
300 1
301 1
302 1
303 1
304 1
305 1
306 1
307 1
308 0
309 0
310 0
311 0
312 1
313 2
314 2
315 2
316 2
317 2
318 1
319 1
320 1
321 1
322 1
323 1
324 1
325 1
326 2
327 1
328 2
329 1
330 1
331 1
332 0
333 0
334 0
335 0
336 0
337 1
338 1
339 1
340 1
341 1
342 1
343 2
344 1
345 2
346 1
347 1
348 1
349 0
350 0
351 1
352 1
353 2
354 2
355 1
356 1
357 1
358 0
359 0
360 0
361 1
362 1
363 1
364 1
365 1
366 1
367 1
368 1
369 2
370 2
371 1
372 0
373 0
374 1
375 2
376 2
377 1
378 1
379 1
380 2
381 2
382 2
383 2
384 2
385 1
386 0
387 0
388 0
389 1
390 1
391 0
392 1
393 1
394 1
395 1
396 1
397 1
398 1
399 1
400 1
401 1
402 1
403 1
404 1
405 1
406 1
407 1
408 1
409 1
410 1
411 0
412 0
413 0
414 1
415 0
416 0
417 0
418 0
419 0
420 1
421 1
422 1
423 1
424 1
425 1
426 0
427 1
428 1
429 1
430 2
431 2
432 2
433 2
434 2
435 1
436 1
437 1
438 2
439 1
440 1
441 1
442 1
443 1
444 1
445 2
446 2
447 2
448 1
449 1
450 0
451 0
452 0
453 0
454 0
455 0
456 0
457 0
458 0
459 0
460 0
461 0
462 0
463 1
464 1
465 1
466 1
467 1
468 1
469 1
470 2
471 2
472 1
473 1
474 1
475 1
476 2
477 2
478 2
479 2
480 2
481 2
482 3
483 2
484 1
485 1
486 1
487 1
488 1
489 1
490 1
491 1
492 1
493 1
494 1
495 2
496 1
497 1
498 1
499 1
500 1
501 0
502 0
503 0
504 0
505 0
506 1
507 1
508 1
509 1
510 1
511 0
512 0
513 0
514 1
515 1
516 0
517 0
518 0
519 1
520 1
521 1
522 1
523 2
524 1
525 1
526 1
527 1
528 0
529 0
530 1
531 1
532 1
533 1
534 2
535 2
536 2
537 2
538 2
539 2
540 1
541 2
542 2
543 2
544 3
545 2
546 1
547 2
548 2
549 2
550 2
551 2
552 2
553 2
554 2
555 2
556 2
557 1
558 1
559 0
560 1
561 1
562 1
563 1
564 1
565 0
566 0
567 0
568 0
569 0
570 1
571 1
572 1
573 2
574 2
575 1
576 1
577 0
578 1
579 0
580 0
581 0
582 1
583 2
584 1
585 2
586 2
587 1
588 1
589 2
590 2
591 1
592 1
593 1
594 2
595 2
596 2
597 2
598 2
599 2
600 2
601 1
602 0
603 0
604 0
605 0
606 1
607 0
608 2
609 3
610 2
611 2
612 1
613 1
614 1
615 1
616 0
617 0
618 0
619 0
620 0
621 1
622 1
623 1
624 0
625 0
626 0
627 0
628 0
629 1
630 1
631 1
632 1
633 2
634 2
635 2
636 2
637 2
638 2
639 2
640 2
641 1
642 1
643 1
644 1
645 1
646 2
647 1
648 1
649 1
650 1
651 1
652 1
653 2
654 2
655 2
656 1
657 1
658 1
659 1
660 1
661 2
662 2
663 1
664 1
665 1
666 1
667 0
668 0
669 0
670 0
671 0
672 1
673 1
674 1
675 1
676 1
677 1
678 1
679 1
680 1
681 1
682 1
683 0
684 0
685 1
686 1
687 1
688 1
689 1
690 1
691 1
692 1
693 1
694 1
695 1
696 0
697 1
698 1
699 1
700 1
701 0
702 0
703 1
704 1
705 1
706 1
707 0
708 0
709 0
710 0
711 0
712 1
713 1
714 2
715 2
716 2
717 1
718 1
719 1
720 2
721 1
722 1
723 1
724 1
725 1
726 1
727 1
728 1
729 1
730 1
731 1
732 0
733 0
734 0
735 1
736 1
737 2
738 1
739 1
740 1
741 1
742 1
743 0
744 0
745 0
746 0
747 0
748 1
749 0
750 0
751 1
752 1
753 1
754 1
755 1
756 1
757 1
758 1
759 2
760 1
761 2
762 2
763 2
764 1
765 0
766 0
767 0
768 1
769 0
770 0
771 0
772 0
773 0
774 0
775 0
776 0
777 0
778 0
779 1
780 0
781 1
782 1
783 1
784 0
785 1
786 1
787 1
788 1
789 1
790 1
791 1
792 1
793 1
794 1
795 1
796 2
797 2
798 3
799 2
800 2
801 2
802 1
803 1
804 2
805 1
806 1
807 1
808 2
809 2
810 2
811 3
812 2
813 1
814 1
815 1
816 2
817 3
818 3
819 3
820 2
821 1
822 1
823 1
824 1
825 1
826 1
827 1
828 2
829 1
830 1
831 0
832 1
833 2
834 2
835 2
836 2
837 1
838 2
839 2
840 2
841 2
842 2
843 1
844 1
845 2
846 1
847 0
848 0
849 0
850 0
851 0
852 1
853 1
854 1
855 1
856 1
857 1
858 1
859 2
860 1
861 1
862 2
863 2
864 1
865 1
866 2
867 2
868 2
869 2
870 2
871 2
872 1
873 1
874 1
875 0
876 1
877 0
878 0
879 1
880 2
881 2
882 2
883 2
884 1
885 0
886 0
887 0
888 0
889 0
890 1
891 1
892 2
893 2
894 2
895 2
896 2
897 1
898 1
899 2
900 0
901 2
902 1
903 1
904 0
905 1
906 2
907 2
908 2
909 2
910 2
911 2
912 1
913 1
914 1
915 2
916 1
917 0
918 0
919 0
920 1
921 1
922 0
923 0
924 0
925 0
926 1
927 1
928 1
929 1
930 1
931 1
932 0
933 0
934 2
935 1
936 1
937 2
938 2
939 2
940 3
941 2
942 1
943 1
944 1
945 2
946 2
947 0
948 0
949 0
950 0
951 0
952 0
953 0
954 0
955 0
956 1
957 1
958 1
959 1
960 1
961 1
962 2
963 1
964 1
965 1
966 1
967 2
968 2
969 3
970 2
971 1
972 1
973 1
974 1
975 1
976 1
977 2
978 1
979 0
980 0
981 0
982 0
983 0
984 1
985 2
986 1
987 1
988 2
989 2
990 2
991 2
992 2
993 2
994 2
995 1
996 1
997 0
998 1
999 1
1000 1
