0 20
1 17
2 14
3 13
4 14
5 14
6 13
7 13
8 14
9 14
10 16
11 17
12 16
13 16
14 14
15 13
16 13
17 13
18 13
19 13
20 10
21 13
22 13
23 14
24 13
25 12
26 15
27 14
28 10
29 12
30 12
31 13
32 15
33 15
34 14
35 11
36 11
37 11
38 10
39 11
40 12
41 12
42 14
43 13
44 13
45 12
46 15
47 15
48 13
49 14
50 15
51 13
52 14
53 13
54 10
55 9
56 12
57 10
58 10
59 11
60 10
61 13
62 15
63 15
64 11
65 14
66 12
67 12
68 12
69 14
70 14
71 11
72 11
73 14
74 14
75 15
76 14
77 13
78 16
79 11
80 13
81 15
82 13
83 12
84 10
85 12
86 11
87 10
88 12
89 12
90 13
91 15
92 14
93 15
94 16
95 16
96 14
97 13
98 13
99 13
100 13
101 16
102 15
103 16
104 15
105 16
106 16
107 14
108 15
109 15
110 17
111 14
112 13
113 16
114 15
115 17
116 16
117 12
118 14
119 13
120 13
121 12
122 10
123 15
124 15
125 14
126 13
127 12
128 15
129 12
130 12
131 14
132 15
133 14
134 12
135 14
136 13
137 15
138 16
139 15
140 13
141 13
142 15
143 14
144 14
145 12
146 15
147 15
148 14
149 11
150 10
151 9
152 12
153 13
154 12
155 13
156 11
157 11
158 12
159 11
160 11
161 12
162 13
163 11
164 13
165 10
166 12
167 9
168 12
169 13
170 14
171 13
172 14
173 13
174 13
175 13
176 12
177 10
178 13
179 13
180 13
181 12
182 14
183 14
184 12
185 13
186 12
187 14
188 11
189 11
190 12
191 14
192 14
193 14
194 11
195 10
196 10
197 10
198 10
199 12
200 12
201 8
202 5
203 9
204 11
205 11
206 12
207 12
208 12
209 14
210 13
211 16
212 15
213 16
214 16
215 14
216 10
217 12
218 10
219 9
220 10
221 11
222 13
223 12
224 12
225 9
226 13
227 15
228 13
229 14
230 13
231 13
232 13
233 15
234 13
235 11
236 12
237 13
238 14
239 12
240 11
241 11
242 9
243 9
244 12
245 13
246 14
247 11
248 13
249 12
250 11
251 9
252 13
253 11
254 13
255 13
256 13
257 14
258 16
259 13
260 17
261 13
262 11
263 15
264 14
265 15
266 15
267 14
268 14
269 13
270 12
271 12
272 11
273 12
274 13
275 13
276 13
277 15
278 13
279 13
280 12
281 12
282 14
283 12
284 12
285 14
286 11
287 14
288 13
289 15
290 14
291 15
292 13
293 14
294 14
295 13
296 14
297 13
298 15
299 14
300 14
301 14
302 15
303 11
304 11
305 12
306 11
307 13
308 13
309 14
310 14
311 12
312 13
313 15
314 14
315 14
316 15
317 14
318 15
319 15
320 14
321 13
322 14
323 12
324 12
325 14
326 14
327 15
328 16
329 17
330 14
331 16
332 15
333 11
334 11
335 12
336 14
337 16
338 17
339 16
340 15
341 12
342 13
343 15
344 15
345 15
346 11
347 11
348 12
349 15
350 15
351 13
352 12
353 12
354 14
355 15
356 13
357 15
358 12
359 13
360 12
361 12
362 14
363 14
364 13
365 14
366 11
367 14
368 12
369 12
370 11
371 12
372 14
373 14
374 15
375 14
376 12
377 14
378 16
379 13
380 12
381 14
382 12
383 11
384 9
385 12
386 13
387 13
388 13
389 14
390 14
391 13
392 11
393 11
394 11
395 11
396 11
397 11
398 10
399 12
400 10
401 12
402 14
403 17
404 16
405 16
406 17
407 15
408 15
409 15
410 14
411 12
412 13
413 12
414 15
415 15
416 14
417 14
418 13
419 14
420 13
421 14
422 15
423 16
424 15
425 15
426 15
427 17
428 14
429 14
430 16
431 12
432 15
433 13
434 10
435 13
436 13
437 13
438 15
439 14
440 16
441 13
442 15
443 13
444 15
445 17
446 15
447 13
448 15
449 12
450 14
451 14
452 15
453 14
454 13
455 12
456 12
457 14
458 14
459 15
460 14
461 14
462 14
463 13
464 14
465 13
466 12
467 14
468 14
469 17
470 15
471 14
472 13
473 14
474 12
475 15
476 13
477 14
478 13
479 13
480 12
481 14
482 13
483 13
484 14
485 11
486 13
487 15
488 16
489 14
490 14
491 14
492 11
493 12
494 13
495 14
496 13
497 16
498 17
499 17
500 16
501 14
502 14
503 13
504 14
505 13
506 14
507 15
508 15
509 15
510 17
511 13
512 14
513 16
514 12
515 12
516 13
517 15
518 14
519 13
520 15
521 13
522 11
523 14
524 11
525 11
526 12
527 13
528 13
529 8
530 12
531 12
532 13
533 14
534 14
535 15
536 16
537 14
538 15
539 14
540 11
541 11
542 13
543 15
544 14
545 14
546 11
547 12
548 9
549 8
550 12
551 11
552 14
553 13
554 12
555 13
556 12
557 11
558 14
559 13
560 11
561 10
562 12
563 14
564 12
565 12
566 12
567 12
568 12
569 13
570 17
571 14
572 13
573 14
574 13
575 12
576 12
577 14
578 12
579 12
580 11
581 12
582 10
583 14
584 13
585 11
586 12
587 12
588 13
589 12
590 14
591 13
592 14
593 12
594 13
595 12
596 12
597 15
598 15
599 16
600 14
601 15
602 12
603 12
604 13
605 16
606 17
607 16
608 16
609 13
610 13
611 12
612 13
613 12
614 10
615 13
616 13
617 12
618 13
619 7
620 11
621 14
622 14
623 14
624 15
625 13
626 14
627 10
628 10
629 13
630 12
631 14
632 13
633 13
634 13
635 13
636 12
637 14
638 13
639 14
640 14
641 15
642 14
643 11
644 11
645 12
646 11
647 13
648 15
649 14
650 14
651 14
652 11
653 13
654 16
655 15
656 13
657 16
658 14
659 16
660 16
661 13
662 14
663 12
664 12
665 13
666 10
667 13
668 15
669 14
670 14
671 13
672 13
673 15
674 15
675 14
676 13
677 13
678 14
679 14
680 16
681 11
682 12
683 14
684 17
685 18
686 17
687 15
688 13
689 14
690 15
691 12
692 12
693 14
694 12
695 9
696 10
697 12
698 13
699 14
700 15
701 12
702 11
703 12
704 14
705 17
706 16
707 16
708 13
709 14
710 15
711 15
712 14
713 14
714 14
715 15
716 12
717 10
718 13
719 13
720 14
721 14
722 13
723 17
724 16
725 14
726 12
727 12
728 11
729 13
730 15
731 12
732 11
733 13
734 11
735 11
736 14
737 14
738 14
739 14
740 13
741 12
742 11
743 10
744 13
745 11
746 12
747 12
748 10
749 11
750 9
751 11
752 15
753 15
754 15
755 12
756 12
757 11
758 11
759 12
760 10
761 13
762 13
763 12
764 13
765 11
766 14
767 11
768 13
769 14
770 15
771 14
772 14
773 14
774 14
775 14
776 12
777 12
778 12
779 10
780 10
781 10
782 12
783 15
784 12
785 12
786 13
787 14
788 13
789 13
790 14
791 15
792 15
793 14
794 15
795 14
796 13
797 11
798 13
799 11
800 12
801 15
802 15
803 17
804 18
805 17
806 16
807 15
808 14
809 13
810 13
811 12
812 11
813 11
814 14
815 15
816 18
817 17
818 17
819 14
820 12
821 12
822 14
823 16
824 15
825 12
826 14
827 14
828 14
829 15
830 16
831 15
832 14
833 14
834 12
835 12
836 11
837 12
838 13
839 13
840 14
841 18
842 16
843 17
844 13
845 14
846 14
847 13
848 10
849 12
850 11
851 13
852 13
853 12
854 16
855 13
856 15
857 15
858 16
859 13
860 15
861 13
862 13
863 14
864 14
865 13
866 15
867 13
868 10
869 15
870 14
871 11
872 13
873 12
874 12
875 14
876 12
877 11
878 12
879 9
880 10
881 10
882 11
883 12
884 12
885 12
886 12
887 12
888 11
889 13
890 16
891 13
892 13
893 16
894 14
895 12
896 15
897 16
898 16
899 15
900 13
901 11
902 12
903 11
904 11
905 10
906 12
907 14
908 17
909 14
910 14
911 15
912 15
913 17
914 14
915 13
916 13
917 13
918 11
919 10
920 11
921 13
922 9
923 11
924 12
925 12
926 15
927 12
928 10
929 14
930 15
931 13
932 12
933 14
934 13
935 13
936 12
937 14
938 13
939 15
940 14
941 14
942 16
943 13
944 16
945 14
946 12
947 14
948 11
949 12
950 11
951 14
952 13
953 13
954 15
955 15
956 16
957 15
958 15
959 16
960 15
961 14
962 14
963 14
964 13
965 13
966 11
967 13
968 13
969 12
970 15
971 17
972 15
973 15
974 15
975 15
976 15
977 14
978 14
979 11
980 12
981 9
982 9
983 11
984 12
985 13
986 13
987 14
988 13
989 15
990 12
991 15
992 14
993 12
994 14
995 15
996 15
997 15
998 16
999 16
1000 15
