0 55
1 40
2 40
3 39
4 37
5 35
6 35
7 37
8 34
9 32
10 37
11 37
12 37
13 34
14 35
15 35
16 35
17 31
18 38
19 38
20 40
21 34
22 38
23 37
24 36
25 33
26 34
27 35
28 38
29 37
30 37
31 33
32 35
33 32
34 34
35 33
36 35
37 37
38 36
39 36
40 34
41 38
42 39
43 36
44 38
45 35
46 36
47 35
48 38
49 36
50 35
51 34
52 32
53 39
54 37
55 36
56 33
57 39
58 37
59 35
60 37
61 38
62 37
63 36
64 38
65 37
66 34
67 37
68 35
69 34
70 34
71 35
72 34
73 37
74 38
75 36
76 36
77 35
78 36
79 36
80 34
81 35
82 37
83 32
84 35
85 33
86 32
87 34
88 36
89 38
90 34
91 35
92 34
93 35
94 32
95 36
96 35
97 33
98 36
99 36
100 37
101 38
102 34
103 38
104 34
105 36
106 37
107 34
108 38
109 35
110 35
111 35
112 34
113 38
114 39
115 32
116 36
117 33
118 31
119 31
120 31
121 39
122 38
123 37
124 36
125 38
126 36
127 33
128 32
129 32
130 33
131 36
132 35
133 37
134 38
135 36
136 31
137 33
138 36
139 34
140 34
141 32
142 34
143 36
144 36
145 37
146 35
147 36
148 39
149 36
150 35
151 31
152 38
153 36
154 36
155 35
156 34
157 33
158 31
159 37
160 34
161 35
162 34
163 36
164 37
165 36
166 36
167 35
168 35
169 35
170 35
171 37
172 40
173 38
174 36
175 36
176 32
177 32
178 37
179 33
180 35
181 37
182 34
183 38
184 37
185 39
186 38
187 34
188 35
189 35
190 31
191 33
192 35
193 35
194 33
195 34
196 34
197 32
198 31
199 34
200 35
201 33
202 35
203 34
204 33
205 35
206 38
207 37
208 38
209 36
210 35
211 38
212 37
213 34
214 34
215 34
216 35
217 37
218 33
219 37
220 37
221 32
222 33
223 35
224 37
225 33
226 33
227 35
228 34
229 36
230 37
231 35
232 37
233 37
234 35
235 31
236 36
237 36
238 37
239 35
240 36
241 34
242 37
243 38
244 36
245 36
246 35
247 34
248 32
249 33
250 37
251 33
252 34
253 35
254 36
255 34
256 36
257 34
258 36
259 37
260 39
261 35
262 33
263 34
264 37
265 35
266 33
267 36
268 35
269 38
270 33
271 36
272 37
273 31
274 33
275 35
276 30
277 33
278 34
279 36
280 37
281 37
282 37
283 37
284 35
285 34
286 31
287 34
288 33
289 37
290 38
291 38
292 37
293 29
294 33
295 30
296 34
297 34
298 39
299 30
300 37
301 35
302 32
303 36
304 35
305 35
306 34
307 39
308 32
309 32
310 33
311 38
312 34
313 36
314 34
315 32
316 36
317 31
318 35
319 34
320 35
321 33
322 33
323 31
324 31
325 34
326 33
327 33
328 30
329 35
330 36
331 36
332 34
333 35
334 33
335 35
336 36
337 37
338 36
339 31
340 34
341 38
342 37
343 38
344 35
345 35
346 34
347 34
348 37
349 34
350 38
351 36
352 38
353 35
354 36
355 35
356 32
357 37
358 36
359 35
360 36
361 37
362 37
363 34
364 33
365 36
366 38
367 35
368 37
369 36
370 31
371 33
372 36
373 36
374 36
375 33
376 35
377 32
378 35
379 35
380 36
381 33
382 36
383 35
384 37
385 39
386 37
387 36
388 37
389 37
390 36
391 37
392 36
393 36
394 35
395 33
396 36
397 36
398 35
399 37
400 33
401 35
402 32
403 32
404 35
405 35
406 38
407 34
408 33
409 35
410 32
411 37
412 36
413 39
414 38
415 38
416 37
417 35
418 36
419 36
420 38
421 36
422 37
423 34
424 31
425 33
426 35
427 37
428 34
429 36
430 36
431 33
432 35
433 34
434 37
435 37
436 36
437 36
438 36
439 33
440 34
441 34
442 32
443 35
444 35
445 35
446 33
447 36
448 36
449 35
450 34
451 36
452 34
453 35
454 33
455 34
456 34
457 36
458 36
459 37
460 38
461 38
462 38
463 33
464 36
465 35
466 35
467 37
468 33
469 33
470 36
471 37
472 38
473 37
474 32
475 34
476 29
477 38
478 35
479 37
480 35
481 35
482 33
483 36
484 35
485 33
486 33
487 34
488 37
489 35
490 36
491 35
492 36
493 38
494 36
495 35
496 36
497 36
498 37
499 37
500 33
501 35
502 35
503 31
504 33
505 37
506 39
507 37
508 36
509 37
510 37
511 36
512 40
513 36
514 30
515 33
516 33
517 37
518 37
519 31
520 32
521 34
522 34
523 33
524 31
525 36
526 35
527 35
528 38
529 37
530 35
531 35
532 36
533 37
534 37
535 36
536 37
537 40
538 36
539 32
540 32
541 34
542 34
543 30
544 32
545 33
546 36
547 38
548 35
549 37
550 39
551 38
552 34
553 35
554 37
555 36
556 35
557 37
558 34
559 32
560 38
561 38
562 35
563 37
564 34
565 36
566 35
567 35
568 35
569 32
570 37
571 35
572 34
573 33
574 38
575 36
576 38
577 35
578 32
579 34
580 33
581 37
582 37
583 37
584 37
585 33
586 37
587 37
588 39
589 35
590 37
591 36
592 35
593 36
594 37
595 30
596 34
597 33
598 33
599 34
600 37
601 33
602 34
603 34
604 37
605 39
606 36
607 35
608 38
609 38
610 39
611 40
612 37
613 35
614 37
615 38
616 35
617 38
618 37
619 32
620 36
621 38
622 37
623 37
624 34
625 32
626 31
627 36
628 37
629 31
630 39
631 36
632 37
633 38
634 36
635 37
636 36
637 37
638 35
639 38
640 37
641 36
642 33
643 32
644 32
645 37
646 34
647 34
648 35
649 37
650 37
651 34
652 34
653 36
654 37
655 29
656 31
657 37
658 37
659 37
660 35
661 35
662 36
663 36
664 32
665 34
666 35
667 36
668 38
669 34
670 36
671 34
672 36
673 38
674 35
675 35
676 35
677 35
678 36
679 40
680 35
681 33
682 34
683 34
684 36
685 34
686 34
687 37
688 37
689 35
690 34
691 36
692 37
693 36
694 32
695 37
696 35
697 35
698 36
699 33
700 34
701 37
702 36
703 38
704 34
705 36
706 35
707 34
708 34
709 35
710 39
711 39
712 35
713 35
714 33
715 35
716 35
717 38
718 39
719 38
720 35
721 38
722 33
723 34
724 31
725 35
726 33
727 34
728 33
729 33
730 35
731 30
732 31
733 35
734 36
735 30
736 37
737 35
738 34
739 31
740 33
741 31
742 32
743 33
744 38
745 36
746 37
747 39
748 35
749 34
750 33
751 35
752 37
753 36
754 39
755 33
756 33
757 36
758 36
759 34
760 37
761 36
762 36
763 34
764 37
765 36
766 32
767 34
768 36
769 33
770 34
771 37
772 39
773 38
774 38
775 38
776 34
777 38
778 36
779 34
780 38
781 34
782 32
783 32
784 35
785 33
786 34
787 36
788 35
789 34
790 37
791 38
792 35
793 36
794 37
795 38
796 34
797 35
798 36
799 35
800 35
801 33
802 32
803 34
804 34
805 39
806 37
807 36
808 37
809 33
810 35
811 36
812 37
813 33
814 36
815 37
816 34
817 35
818 35
819 36
820 36
821 34
822 32
823 34
824 34
825 39
826 35
827 35
828 37
829 34
830 35
831 38
832 38
833 37
834 37
835 35
836 35
837 37
838 37
839 34
840 38
841 36
842 35
843 31
844 32
845 38
846 34
847 36
848 38
849 41
850 41
851 35
852 36
853 35
854 36
855 34
856 37
857 37
858 34
859 36
860 39
861 36
862 34
863 35
864 37
865 37
866 35
867 37
868 34
869 32
870 31
871 35
872 37
873 34
874 35
875 34
876 37
877 37
878 36
879 38
880 34
881 32
882 36
883 38
884 38
885 34
886 33
887 39
888 34
889 36
890 39
891 38
892 38
893 32
894 34
895 35
896 32
897 36
898 36
899 37
900 35
901 32
902 34
903 35
904 36
905 39
906 39
907 35
908 37
909 34
910 33
911 31
912 33
913 35
914 37
915 38
916 35
917 35
918 35
919 32
920 33
921 33
922 36
923 35
924 38
925 35
926 37
927 36
928 32
929 33
930 37
931 34
932 34
933 37
934 36
935 38
936 38
937 35
938 36
939 34
940 35
941 36
942 37
943 37
944 37
945 29
946 32
947 32
948 33
949 35
950 32
951 35
952 38
953 36
954 36
955 37
956 38
957 35
958 33
959 29
960 36
961 35
962 37
963 39
964 38
965 35
966 35
967 36
968 36
969 31
970 36
971 34
972 35
973 32
974 34
975 32
976 35
977 37
978 36
979 34
980 34
981 35
982 33
983 36
984 34
985 36
986 35
987 34
988 36
989 35
990 35
991 37
992 35
993 36
994 36
995 35
996 36
997 37
998 36
999 36
1000 35
