0 100
1 85
2 75
3 77
4 69
5 73
6 69
7 73
8 72
9 73
10 75
11 71
12 74
13 73
14 72
15 76
16 68
17 75
18 79
19 71
20 68
21 67
22 73
23 75
24 75
25 73
26 75
27 70
28 67
29 72
30 74
31 71
32 70
33 70
34 69
35 68
36 75
37 74
38 72
39 72
40 68
41 66
42 69
43 69
44 71
45 72
46 75
47 78
48 72
49 67
50 74
51 68
52 65
53 63
54 63
55 76
56 77
57 71
58 71
59 69
60 73
61 71
62 73
63 74
64 68
65 72
66 77
67 68
68 64
69 74
70 74
71 74
72 65
73 63
74 72
75 68
76 73
77 74
78 77
79 72
80 67
81 70
82 72
83 72
84 74
85 67
86 70
87 71
88 76
89 71
90 68
91 71
92 75
93 72
94 67
95 62
96 68
97 70
98 67
99 71
100 75
101 72
102 75
103 71
104 72
105 70
106 75
107 76
108 72
109 74
110 71
111 78
112 75
113 66
114 73
115 71
116 75
117 72
118 74
119 76
120 74
121 71
122 70
123 74
124 62
125 74
126 75
127 75
128 71
129 70
130 72
131 73
132 68
133 63
134 66
135 67
136 65
137 68
138 67
139 76
140 73
141 66
142 72
143 70
144 72
145 65
146 68
147 73
148 70
149 66
150 68
151 72
152 75
153 73
154 71
155 74
156 78
157 76
158 72
159 71
160 69
161 69
162 73
163 72
164 73
165 72
166 72
167 71
168 70
169 73
170 73
171 65
172 64
173 68
174 66
175 71
176 69
177 66
178 67
179 61
180 72
181 70
182 69
183 68
184 68
185 66
186 69
187 72
188 76
189 78
190 74
191 72
192 71
193 68
194 70
195 72
196 79
197 71
198 70
199 70
200 76
201 77
202 73
203 72
204 69
205 69
206 75
207 67
208 72
209 68
210 75
211 80
212 76
213 80
214 72
215 71
216 71
217 75
218 78
219 75
220 72
221 65
222 76
223 73
224 71
225 69
226 69
227 76
228 70
229 73
230 70
231 78
232 71
233 71
234 74
235 67
236 66
237 66
238 71
239 73
240 67
241 66
242 71
243 71
244 67
245 68
246 70
247 72
248 72
249 69
250 73
251 68
252 74
253 68
254 72
255 73
256 76
257 66
258 71
259 74
260 73
261 70
262 71
263 70
264 77
265 81
266 77
267 70
268 72
269 78
270 75
271 74
272 68
273 68
274 71
275 70
276 68
277 75
278 70
279 70
280 71
281 72
282 80
283 80
284 76
285 74
286 70
287 69
288 74
289 76
290 73
291 68
292 71
293 74
294 67
295 67
296 72
297 78
298 76
299 75
300 77
301 69
302 73
303 73
304 69
305 70
306 69
307 65
308 74
309 67
310 65
311 71
312 72
313 73
314 72
315 71
316 74
317 74
318 71
319 72
320 72
321 72
322 69
323 71
324 71
325 71
326 73
327 70
328 71
329 71
330 71
331 76
332 72
333 75
334 70
335 75
336 71
337 72
338 68
339 73
340 71
341 74
342 74
343 76
344 72
345 71
346 76
347 70
348 76
349 66
350 66
351 77
352 74
353 67
354 70
355 73
356 73
357 72
358 72
359 73
360 68
361 72
362 64
363 66
364 66
365 68
366 73
367 69
368 75
369 77
370 70
371 75
372 77
373 71
374 75
375 71
376 68
377 73
378 65
379 73
380 70
381 68
382 73
383 72
384 76
385 76
386 75
387 71
388 74
389 73
390 67
391 70
392 70
393 72
394 73
395 70
396 71
397 74
398 75
399 72
400 70
401 78
402 68
403 68
404 72
405 70
406 72
407 78
408 78
409 69
410 72
411 68
412 69
413 68
414 67
415 77
416 77
417 77
418 68
419 70
420 68
421 63
422 70
423 76
424 73
425 66
426 66
427 71
428 72
429 70
430 69
431 71
432 72
433 76
434 71
435 74
436 70
437 69
438 71
439 68
440 76
441 72
442 75
443 77
444 71
445 67
446 68
447 74
448 71
449 67
450 71
451 72
452 76
453 77
454 68
455 77
456 77
457 72
458 74
459 73
460 76
461 75
462 72
463 66
464 75
465 70
466 70
467 65
468 67
469 72
470 70
471 73
472 68
473 77
474 73
475 68
476 77
477 72
478 72
479 76
480 75
481 73
482 71
483 66
484 67
485 73
486 69
487 66
488 67
489 74
490 68
491 66
492 68
493 71
494 71
495 72
496 71
497 69
498 62
499 61
500 66
501 75
502 77
503 72
504 75
505 73
506 66
507 68
508 70
509 73
510 76
511 76
512 76
513 73
514 72
515 74
516 72
517 69
518 67
519 64
520 73
521 76
522 77
523 78
524 82
525 76
526 73
527 68
528 69
529 71
530 68
531 70
532 65
533 72
534 81
535 72
536 74
537 73
538 70
539 70
540 68
541 63
542 72
543 74
544 71
545 66
546 72
547 68
548 74
549 74
550 67
551 65
552 66
553 68
554 74
555 66
556 74
557 70
558 70
559 68
560 72
561 72
562 74
563 71
564 71
565 74
566 72
567 69
568 72
569 69
570 73
571 73
572 73
573 72
574 70
575 74
576 83
577 77
578 71
579 64
580 77
581 64
582 71
583 76
584 76
585 75
586 69
587 74
588 73
589 73
590 75
591 70
592 70
593 72
594 71
595 74
596 66
597 66
598 67
599 72
600 67
601 72
602 67
603 62
604 74
605 76
606 74
607 73
608 78
609 74
610 71
611 72
612 65
613 65
614 73
615 68
616 67
617 72
618 78
619 74
620 71
621 73
622 77
623 79
624 76
625 70
626 74
627 73
628 72
629 71
630 64
631 70
632 70
633 59
634 64
635 76
636 71
637 71
638 71
639 78
640 71
641 71
642 71
643 69
644 71
645 72
646 69
647 70
648 74
649 75
650 77
651 72
652 70
653 68
654 67
655 71
656 63
657 69
658 73
659 67
660 73
661 74
662 69
663 68
664 67
665 68
666 68
667 68
668 69
669 64
670 68
671 67
672 72
673 68
674 67
675 70
676 73
677 70
678 72
679 69
680 66
681 66
682 71
683 69
684 74
685 71
686 73
687 75
688 75
689 73
690 71
691 71
692 72
693 72
694 68
695 65
696 67
697 72
698 67
699 69
700 66
701 68
702 69
703 73
704 73
705 71
706 72
707 69
708 72
709 72
710 71
711 68
712 64
713 71
714 65
715 70
716 69
717 72
718 69
719 67
720 70
721 73
722 75
723 68
724 67
725 66
726 74
727 68
728 70
729 70
730 68
731 75
732 72
733 74
734 77
735 69
736 74
737 71
738 71
739 73
740 68
741 66
742 67
743 67
744 70
745 73
746 68
747 71
748 73
749 73
750 77
751 71
752 68
753 73
754 73
755 74
756 73
757 75
758 74
759 74
760 73
761 71
762 75
763 70
764 72
765 70
766 75
767 75
768 74
769 76
770 75
771 75
772 73
773 79
774 71
775 73
776 75
777 71
778 69
779 73
780 74
781 75
782 68
783 70
784 70
785 75
786 75
787 75
788 70
789 71
790 70
791 71
792 70
793 69
794 66
795 62
796 66
797 72
798 73
799 73
800 69
801 78
802 76
803 73
804 72
805 74
806 81
807 73
808 75
809 63
810 69
811 67
812 63
813 63
814 66
815 70
816 69
817 78
818 71
819 67
820 63
821 67
822 73
823 77
824 78
825 76
826 73
827 72
828 70
829 72
830 68
831 74
832 75
833 74
834 72
835 72
836 72
837 69
838 69
839 68
840 71
841 75
842 68
843 69
844 71
845 67
846 68
847 72
848 77
849 75
850 71
851 78
852 76
853 73
854 73
855 71
856 74
857 69
858 67
859 69
860 70
861 73
862 72
863 71
864 69
865 71
866 72
867 79
868 74
869 72
870 75
871 75
872 73
873 69
874 72
875 76
876 74
877 77
878 70
879 71
880 74
881 70
882 72
883 75
884 68
885 71
886 74
887 72
888 78
889 72
890 67
891 71
892 77
893 75
894 70
895 68
896 70
897 72
898 71
899 74
900 73
901 76
902 72
903 71
904 64
905 70
906 65
907 69
908 74
909 72
910 77
911 78
912 71
913 66
914 72
915 66
916 74
917 76
918 75
919 72
920 72
921 72
922 73
923 73
924 72
925 74
926 74
927 72
928 73
929 58
930 70
931 72
932 78
933 77
934 71
935 70
936 69
937 65
938 65
939 66
940 69
941 68
942 69
943 75
944 72
945 75
946 72
947 74
948 82
949 68
950 74
951 76
952 72
953 71
954 71
955 69
956 70
957 74
958 75
959 69
960 67
961 72
962 71
963 74
964 75
965 73
966 71
967 70
968 75
969 70
970 61
971 66
972 64
973 73
974 79
975 72
976 77
977 73
978 70
979 76
980 78
981 80
982 70
983 62
984 68
985 75
986 72
987 69
988 71
989 68
990 69
991 66
992 65
993 65
994 70
995 65
996 68
997 74
998 68
999 71
1000 68
