0 90
1 80
2 71
3 68
4 64
5 59
6 56
7 53
8 56
9 57
10 57
11 60
12 56
13 58
14 59
15 54
16 56
17 58
18 59
19 55
20 60
21 58
22 59
23 55
24 55
25 56
26 52
27 52
28 53
29 54
30 53
31 55
32 54
33 55
34 57
35 55
36 50
37 54
38 55
39 56
40 54
41 55
42 55
43 54
44 55
45 58
46 59
47 54
48 57
49 57
50 58
51 58
52 57
53 57
54 59
55 58
56 56
57 54
58 53
59 55
60 54
61 56
62 58
63 60
64 61
65 57
66 52
67 53
68 52
69 55
70 57
71 57
72 63
73 61
74 61
75 61
76 63
77 62
78 60
79 60
80 58
81 56
82 57
83 57
84 59
85 56
86 53
87 54
88 52
89 56
90 55
91 53
92 56
93 56
94 55
95 54
96 54
97 51
98 51
99 52
100 53
101 59
102 54
103 55
104 57
105 55
106 53
107 54
108 55
109 56
110 54
111 57
112 54
113 55
114 51
115 54
116 57
117 56
118 53
119 54
120 54
121 56
122 58
123 57
124 55
125 57
126 55
127 56
128 56
129 55
130 55
131 54
132 55
133 57
134 56
135 57
136 57
137 59
138 60
139 59
140 58
141 57
142 57
143 57
144 57
145 58
146 58
147 52
148 52
149 52
150 51
151 54
152 52
153 52
154 47
155 46
156 47
157 49
158 49
159 52
160 53
161 53
162 51
163 52
164 52
165 54
166 53
167 53
168 56
169 57
170 56
171 61
172 61
173 58
174 57
175 60
176 57
177 59
178 59
179 58
180 55
181 56
182 55
183 54
184 54
185 56
186 53
187 55
188 56
189 57
190 57
191 60
192 55
193 60
194 56
195 56
196 56
197 53
198 56
199 58
200 60
201 62
202 63
203 59
204 58
205 58
206 57
207 58
208 58
209 56
210 60
211 57
212 59
213 57
214 56
215 52
216 57
217 55
218 58
219 59
220 58
221 58
222 55
223 58
224 59
225 60
226 58
227 57
228 58
229 55
230 55
231 56
232 57
233 57
234 57
235 56
236 56
237 56
238 57
239 59
240 55
241 55
242 51
243 57
244 54
245 54
246 52
247 56
248 56
249 52
250 54
251 52
252 53
253 54
254 53
255 54
256 53
257 55
258 54
259 54
260 54
261 54
262 52
263 51
264 56
265 60
266 61
267 63
268 62
269 59
270 59
271 58
272 56
273 57
274 58
275 59
276 60
277 61
278 59
279 56
280 58
281 57
282 58
283 57
284 55
285 53
286 51
287 56
288 55
289 55
290 56
291 57
292 55
293 57
294 58
295 58
296 55
297 56
298 56
299 55
300 53
301 55
302 55
303 55
304 52
305 55
306 56
307 59
308 61
309 62
310 62
311 65
312 63
313 59
314 60
315 62
316 62
317 62
318 63
319 61
320 61
321 57
322 58
323 61
324 61
325 62
326 60
327 57
328 58
329 60
330 60
331 61
332 58
333 56
334 55
335 53
336 55
337 56
338 56
339 56
340 56
341 59
342 59
343 57
344 59
345 61
346 58
347 56
348 59
349 58
350 56
351 58
352 54
353 52
354 55
355 56
356 54
357 57
358 57
359 56
360 56
361 54
362 54
363 52
364 54
365 54
366 54
367 53
368 57
369 55
370 57
371 58
372 58
373 59
374 58
375 56
376 57
377 56
378 56
379 54
380 56
381 47
382 47
383 47
384 53
385 56
386 51
387 51
388 51
389 54
390 52
391 52
392 57
393 58
394 58
395 56
396 55
397 56
398 56
399 54
400 58
401 58
402 56
403 59
404 57
405 59
406 58
407 58
408 61
409 61
410 56
411 54
412 56
413 58
414 56
415 54
416 54
417 54
418 52
419 53
420 53
421 55
422 57
423 56
424 56
425 57
426 56
427 58
428 57
429 57
430 54
431 56
432 53
433 56
434 56
435 56
436 56
437 54
438 56
439 54
440 56
441 56
442 55
443 56
444 58
445 58
446 57
447 58
448 54
449 53
450 52
451 51
452 51
453 50
454 53
455 54
456 54
457 53
458 50
459 50
460 57
461 58
462 56
463 56
464 59
465 58
466 58
467 57
468 59
469 59
470 60
471 59
472 55
473 56
474 56
475 56
476 55
477 54
478 59
479 59
480 58
481 59
482 57
483 54
484 56
485 51
486 49
487 51
488 54
489 57
490 56
491 58
492 55
493 57
494 57
495 57
496 58
497 62
498 60
499 58
500 59
501 59
502 60
503 62
504 60
505 57
506 55
507 57
508 54
509 56
510 55
511 51
512 53
513 54
514 57
515 58
516 56
517 56
518 55
519 55
520 61
521 58
522 57
523 59
524 58
525 60
526 59
527 61
528 60
529 59
530 53
531 53
532 52
533 54
534 57
535 54
536 55
537 57
538 58
539 58
540 57
541 61
542 60
543 60
544 60
545 55
546 55
547 52
548 54
549 54
550 57
551 60
552 63
553 62
554 60
555 59
556 62
557 63
558 58
559 60
560 63
561 61
562 61
563 59
564 57
565 58
566 59
567 58
568 60
569 57
570 56
571 55
572 57
573 54
574 57
575 58
576 61
577 60
578 62
579 57
580 56
581 56
582 60
583 59
584 60
585 58
586 58
587 55
588 58
589 59
590 57
591 56
592 57
593 56
594 56
595 54
596 49
597 51
598 55
599 56
600 55
601 55
602 56
603 56
604 58
605 54
606 54
607 55
608 56
609 54
610 54
611 58
612 57
613 55
614 55
615 56
616 52
617 53
618 59
619 55
620 58
621 54
622 57
623 62
624 61
625 64
626 61
627 61
628 59
629 57
630 60
631 60
632 62
633 59
634 58
635 59
636 57
637 55
638 54
639 55
640 53
641 56
642 55
643 53
644 55
645 56
646 58
647 50
648 55
649 56
650 55
651 54
652 53
653 54
654 57
655 55
656 54
657 55
658 56
659 56
660 59
661 55
662 56
663 55
664 56
665 57
666 53
667 53
668 53
669 56
670 57
671 59
672 56
673 57
674 55
675 57
676 62
677 63
678 60
679 58
680 57
681 56
682 57
683 55
684 56
685 55
686 52
687 57
688 58
689 57
690 58
691 58
692 56
693 57
694 54
695 52
696 48
697 49
698 49
699 51
700 55
701 60
702 59
703 56
704 55
705 54
706 52
707 56
708 59
709 58
710 60
711 57
712 56
713 54
714 55
715 54
716 54
717 54
718 58
719 57
720 59
721 59
722 56
723 56
724 57
725 56
726 55
727 54
728 57
729 58
730 52
731 51
732 55
733 51
734 56
735 54
736 54
737 55
738 56
739 56
740 51
741 55
742 59
743 59
744 58
745 59
746 59
747 57
748 60
749 59
750 58
751 61
752 58
753 60
754 62
755 60
756 57
757 61
758 57
759 56
760 52
761 54
762 56
763 58
764 57
765 62
766 60
767 64
768 60
769 59
770 60
771 62
772 60
773 61
774 56
775 58
776 57
777 58
778 57
779 59
780 60
781 57
782 55
783 57
784 57
785 52
786 53
787 52
788 54
789 57
790 61
791 60
792 62
793 56
794 53
795 52
796 54
797 56
798 59
799 56
800 54
801 54
802 56
803 58
804 57
805 60
806 58
807 59
808 60
809 57
810 52
811 56
812 54
813 54
814 52
815 54
816 55
817 54
818 56
819 56
820 53
821 49
822 48
823 46
824 51
825 47
826 48
827 49
828 52
829 53
830 54
831 55
832 56
833 60
834 61
835 60
836 61
837 58
838 54
839 57
840 53
841 52
842 48
843 49
844 52
845 55
846 53
847 51
848 51
849 51
850 51
851 54
852 54
853 54
854 54
855 57
856 56
857 55
858 55
859 55
860 54
861 53
862 55
863 55
864 54
865 57
866 55
867 54
868 53
869 54
870 56
871 55
872 58
873 56
874 56
875 56
876 57
877 53
878 51
879 50
880 52
881 55
882 54
883 56
884 55
885 55
886 57
887 58
888 59
889 55
890 53
891 51
892 51
893 51
894 51
895 51
896 52
897 53
898 52
899 54
900 55
901 52
902 53
903 54
904 55
905 57
906 61
907 62
908 59
909 60
910 59
911 59
912 62
913 60
914 60
915 56
916 53
917 53
918 55
919 57
920 54
921 56
922 52
923 51
924 51
925 51
926 49
927 49
928 49
929 50
930 52
931 54
932 53
933 54
934 55
935 60
936 59
937 59
938 61
939 60
940 60
941 60
942 60
943 63
944 61
945 61
946 59
947 60
948 62
949 65
950 62
951 61
952 57
953 57
954 57
955 56
956 55
957 54
958 53
959 52
960 52
961 53
962 55
963 57
964 57
965 58
966 61
967 59
968 61
969 59
970 57
971 56
972 53
973 55
974 53
975 56
976 56
977 56
978 57
979 59
980 60
981 59
982 63
983 61
984 61
985 57
986 60
987 60
988 57
989 55
990 54
991 54
992 54
993 56
994 56
995 56
996 52
997 55
998 54
999 54
1000 58
