0 45
1 35
2 33
3 27
4 27
5 30
6 25
7 28
8 23
9 26
10 23
11 23
12 25
13 29
14 27
15 30
16 30
17 28
18 26
19 28
20 29
21 31
22 32
23 32
24 31
25 27
26 28
27 27
28 26
29 25
30 28
31 29
32 29
33 26
34 29
35 30
36 30
37 30
38 31
39 29
40 27
41 26
42 30
43 28
44 30
45 28
46 25
47 27
48 29
49 29
50 28
51 26
52 27
53 30
54 30
55 28
56 29
57 27
58 27
59 28
60 28
61 30
62 31
63 28
64 29
65 25
66 27
67 29
68 27
69 26
70 29
71 24
72 31
73 31
74 29
75 30
76 27
77 29
78 27
79 28
80 30
81 26
82 26
83 25
84 27
85 24
86 24
87 25
88 26
89 26
90 26
91 24
92 27
93 29
94 27
95 27
96 28
97 27
98 26
99 24
100 30
101 28
102 28
103 26
104 30
105 30
106 30
107 29
108 28
109 24
110 29
111 29
112 29
113 27
114 30
115 29
116 30
117 30
118 31
119 31
120 29
121 24
122 25
123 27
124 26
125 27
126 25
127 31
128 30
129 28
130 27
131 30
132 29
133 32
134 30
135 29
136 30
137 28
138 28
139 30
140 27
141 28
142 29
143 27
144 24
145 27
146 28
147 28
148 25
149 28
150 27
151 28
152 30
153 28
154 30
155 29
156 30
157 29
158 28
159 26
160 24
161 31
162 30
163 31
164 27
165 26
166 27
167 27
168 25
169 28
170 25
171 26
172 22
173 24
174 28
175 28
176 26
177 28
178 28
179 31
180 28
181 31
182 33
183 34
184 29
185 31
186 26
187 27
188 29
189 27
190 26
191 24
192 25
193 29
194 26
195 29
196 25
197 28
198 29
199 30
200 29
201 31
202 29
203 27
204 30
205 29
206 26
207 28
208 29
209 29
210 28
211 29
212 29
213 31
214 28
215 28
216 29
217 31
218 31
219 29
220 28
221 25
222 27
223 27
224 29
225 28
226 28
227 31
228 30
229 27
230 27
231 31
232 27
233 23
234 26
235 26
236 27
237 29
238 29
239 30
240 28
241 27
242 28
243 28
244 30
245 32
246 31
247 28
248 27
249 27
250 25
251 28
252 24
253 22
254 28
255 27
256 29
257 25
258 25
259 24
260 30
261 32
262 30
263 28
264 27
265 28
266 28
267 29
268 28
269 27
270 25
271 29
272 29
273 28
274 23
275 26
276 28
277 30
278 29
279 27
280 30
281 26
282 29
283 28
284 27
285 28
286 30
287 33
288 33
289 29
290 28
291 27
292 29
293 30
294 26
295 27
296 29
297 28
298 29
299 31
300 29
301 26
302 28
303 28
304 27
305 26
306 24
307 27
308 31
309 29
310 30
311 26
312 26
313 27
314 25
315 27
316 28
317 25
318 28
319 24
320 23
321 28
322 30
323 29
324 29
325 27
326 29
327 30
328 32
329 30
330 24
331 27
332 31
333 28
334 32
335 26
336 31
337 30
338 27
339 29
340 28
341 22
342 24
343 27
344 31
345 31
346 31
347 32
348 29
349 27
350 26
351 26
352 25
353 29
354 25
355 27
356 33
357 31
358 27
359 27
360 31
361 27
362 27
363 27
364 27
365 26
366 27
367 28
368 27
369 27
370 25
371 26
372 26
373 25
374 26
375 27
376 30
377 30
378 30
379 29
380 30
381 26
382 24
383 28
384 28
385 31
386 28
387 31
388 32
389 28
390 26
391 28
392 31
393 32
394 29
395 32
396 28
397 26
398 29
399 31
400 30
401 27
402 30
403 28
404 30
405 31
406 29
407 29
408 28
409 29
410 29
411 32
412 29
413 28
414 26
415 22
416 28
417 28
418 29
419 31
420 29
421 24
422 27
423 31
424 29
425 28
426 25
427 27
428 28
429 29
430 28
431 27
432 24
433 26
434 25
435 26
436 28
437 28
438 29
439 26
440 29
441 29
442 29
443 27
444 27
445 29
446 25
447 26
448 30
449 31
450 30
451 28
452 30
453 28
454 30
455 29
456 29
457 27
458 30
459 32
460 31
461 30
462 26
463 27
464 31
465 30
466 28
467 29
468 29
469 31
470 26
471 26
472 30
473 29
474 30
475 28
476 29
477 28
478 30
479 30
480 29
481 27
482 30
483 27
484 23
485 27
486 29
487 30
488 28
489 28
490 29
491 32
492 27
493 28
494 32
495 28
496 25
497 28
498 24
499 25
500 30
501 29
502 27
503 26
504 27
505 32
506 27
507 27
508 29
509 24
510 28
511 29
512 31
513 31
514 34
515 28
516 26
517 30
518 32
519 31
520 25
521 25
522 28
523 25
524 26
525 28
526 27
527 28
528 30
529 26
530 24
531 25
532 31
533 30
534 31
535 31
536 31
537 28
538 27
539 24
540 26
541 27
542 31
543 28
544 28
545 27
546 26
547 24
548 28
549 28
550 30
551 29
552 26
553 29
554 27
555 29
556 29
557 28
558 29
559 32
560 30
561 29
562 27
563 28
564 28
565 27
566 27
567 27
568 28
569 30
570 27
571 24
572 27
573 31
574 32
575 25
576 31
577 29
578 28
579 32
580 32
581 28
582 25
583 28
584 28
585 32
586 25
587 28
588 24
589 27
590 25
591 26
592 26
593 29
594 28
595 27
596 26
597 31
598 29
599 26
600 27
601 23
602 25
603 27
604 27
605 28
606 30
607 29
608 29
609 31
610 30
611 27
612 25
613 27
614 30
615 31
616 27
617 28
618 28
619 26
620 28
621 26
622 29
623 28
624 29
625 26
626 29
627 29
628 28
629 27
630 30
631 28
632 31
633 28
634 29
635 28
636 27
637 28
638 25
639 27
640 29
641 22
642 26
643 27
644 28
645 29
646 28
647 32
648 30
649 27
650 27
651 28
652 29
653 32
654 28
655 26
656 27
657 24
658 27
659 31
660 29
661 29
662 28
663 30
664 29
665 31
666 27
667 28
668 28
669 26
670 30
671 25
672 28
673 30
674 25
675 26
676 26
677 26
678 29
679 31
680 32
681 32
682 27
683 25
684 26
685 29
686 27
687 27
688 29
689 22
690 27
691 29
692 27
693 27
694 29
695 30
696 30
697 31
698 31
699 28
700 32
701 26
702 28
703 24
704 28
705 30
706 26
707 26
708 27
709 24
710 27
711 30
712 27
713 25
714 28
715 29
716 27
717 25
718 27
719 26
720 28
721 28
722 31
723 28
724 28
725 26
726 26
727 26
728 28
729 30
730 30
731 26
732 29
733 31
734 27
735 27
736 30
737 30
738 30
739 30
740 29
741 26
742 26
743 26
744 29
745 31
746 29
747 31
748 25
749 25
750 29
751 30
752 28
753 29
754 30
755 30
756 29
757 32
758 30
759 28
760 33
761 31
762 29
763 26
764 28
765 29
766 29
767 28
768 28
769 29
770 30
771 28
772 26
773 29
774 27
775 28
776 27
777 27
778 28
779 29
780 29
781 27
782 29
783 29
784 29
785 31
786 28
787 29
788 29
789 30
790 30
791 24
792 27
793 28
794 29
795 24
796 27
797 29
798 30
799 28
800 30
801 32
802 29
803 28
804 31
805 30
806 29
807 26
808 27
809 27
810 28
811 27
812 29
813 27
814 27
815 27
816 28
817 28
818 23
819 26
820 26
821 29
822 28
823 31
824 30
825 29
826 28
827 30
828 21
829 24
830 28
831 25
832 25
833 28
834 27
835 26
836 29
837 25
838 27
839 27
840 28
841 27
842 27
843 26
844 25
845 28
846 27
847 27
848 27
849 28
850 31
851 29
852 28
853 29
854 30
855 31
856 28
857 28
858 29
859 28
860 28
861 30
862 31
863 33
864 29
865 25
866 30
867 29
868 32
869 28
870 31
871 32
872 25
873 29
874 30
875 28
876 32
877 29
878 29
879 27
880 27
881 28
882 25
883 26
884 28
885 30
886 28
887 26
888 28
889 28
890 28
891 30
892 28
893 26
894 27
895 25
896 27
897 24
898 26
899 28
900 31
901 33
902 26
903 27
904 28
905 27
906 26
907 30
908 27
909 29
910 28
911 27
912 29
913 30
914 26
915 29
916 27
917 29
918 27
919 27
920 24
921 24
922 26
923 28
924 29
925 31
926 27
927 26
928 27
929 29
930 28
931 31
932 32
933 29
934 29
935 29
936 30
937 24
938 29
939 29
940 24
941 25
942 25
943 26
944 26
945 27
946 31
947 25
948 27
949 30
950 30
951 32
952 31
953 29
954 30
955 29
956 29
957 31
958 30
959 30
960 30
961 32
962 31
963 31
964 29
965 29
966 30
967 30
968 27
969 27
970 27
971 28
972 29
973 27
974 27
975 28
976 25
977 28
978 30
979 25
980 26
981 27
982 30
983 28
984 29
985 31
986 30
987 31
988 27
989 29
990 29
991 29
992 29
993 28
994 26
995 26
996 26
997 29
998 29
999 33
1000 29
