0 20
1 14
2 12
3 13
4 14
5 13
6 13
7 13
8 13
9 14
10 18
11 12
12 15
13 14
14 15
15 14
16 14
17 14
18 11
19 14
20 14
21 14
22 14
23 13
24 14
25 15
26 13
27 12
28 12
29 15
30 13
31 12
32 13
33 13
34 14
35 10
36 13
37 13
38 14
39 14
40 14
41 13
42 15
43 14
44 12
45 14
46 13
47 14
48 14
49 15
50 14
51 12
52 16
53 14
54 13
55 10
56 13
57 15
58 15
59 11
60 15
61 15
62 13
63 17
64 17
65 14
66 14
67 15
68 14
69 15
70 11
71 13
72 12
73 13
74 15
75 16
76 15
77 8
78 13
79 13
80 13
81 13
82 14
83 13
84 13
85 12
86 13
87 13
88 12
89 15
90 15
91 15
92 14
93 14
94 15
95 11
96 14
97 13
98 11
99 12
100 14
101 14
102 14
103 12
104 12
105 16
106 14
107 12
108 11
109 15
110 15
111 10
112 11
113 13
114 16
115 13
116 14
117 13
118 12
119 15
120 11
121 12
122 14
123 14
124 9
125 12
126 12
127 17
128 15
129 14
130 13
131 14
132 11
133 14
134 14
135 12
136 13
137 16
138 14
139 14
140 17
141 16
142 15
143 17
144 14
145 11
146 13
147 15
148 14
149 16
150 15
151 14
152 13
153 11
154 13
155 15
156 15
157 11
158 14
159 14
160 15
161 14
162 15
163 16
164 11
165 11
166 15
167 16
168 14
169 13
170 16
171 15
172 15
173 15
174 15
175 14
176 12
177 16
178 14
179 16
180 13
181 14
182 14
183 12
184 13
185 15
186 16
187 15
188 14
189 15
190 14
191 16
192 13
193 12
194 14
195 14
196 14
197 14
198 12
199 13
200 13
201 12
202 13
203 11
204 13
205 15
206 14
207 12
208 10
209 15
210 15
211 16
212 14
213 13
214 11
215 11
216 13
217 13
218 14
219 14
220 15
221 15
222 13
223 13
224 8
225 13
226 13
227 15
228 13
229 13
230 12
231 15
232 16
233 14
234 14
235 13
236 15
237 16
238 16
239 14
240 15
241 11
242 11
243 14
244 13
245 17
246 14
247 14
248 13
249 13
250 14
251 14
252 16
253 14
254 15
255 13
256 11
257 11
258 14
259 14
260 13
261 14
262 11
263 14
264 13
265 17
266 11
267 13
268 12
269 9
270 12
271 14
272 10
273 13
274 11
275 9
276 12
277 14
278 15
279 15
280 12
281 19
282 14
283 14
284 12
285 16
286 14
287 13
288 13
289 13
290 10
291 13
292 14
293 16
294 13
295 16
296 15
297 13
298 11
299 14
300 16
301 14
302 15
303 13
304 13
305 13
306 15
307 16
308 14
309 14
310 10
311 11
312 10
313 11
314 12
315 15
316 15
317 13
318 15
319 14
320 11
321 13
322 13
323 14
324 13
325 12
326 11
327 12
328 12
329 12
330 15
331 11
332 12
333 14
334 16
335 14
336 13
337 14
338 16
339 16
340 14
341 15
342 14
343 13
344 12
345 13
346 12
347 13
348 10
349 15
350 14
351 15
352 14
353 10
354 11
355 13
356 14
357 13
358 14
359 13
360 13
361 15
362 14
363 14
364 15
365 14
366 15
367 15
368 17
369 15
370 15
371 15
372 15
373 14
374 15
375 13
376 13
377 12
378 14
379 14
380 14
381 15
382 14
383 12
384 11
385 10
386 15
387 12
388 16
389 16
390 15
391 14
392 12
393 13
394 14
395 17
396 16
397 14
398 12
399 12
400 13
401 11
402 16
403 15
404 14
405 11
406 15
407 14
408 17
409 16
410 16
411 14
412 17
413 16
414 13
415 14
416 14
417 14
418 14
419 16
420 13
421 12
422 17
423 17
424 17
425 13
426 15
427 15
428 13
429 11
430 13
431 11
432 14
433 14
434 14
435 14
436 13
437 15
438 15
439 15
440 15
441 14
442 10
443 13
444 10
445 11
446 15
447 15
448 15
449 16
450 15
451 18
452 15
453 14
454 13
455 14
456 13
457 13
458 11
459 13
460 15
461 15
462 15
463 16
464 15
465 15
466 15
467 11
468 10
469 13
470 12
471 15
472 15
473 16
474 14
475 15
476 13
477 14
478 13
479 14
480 12
481 14
482 14
483 10
484 13
485 12
486 13
487 13
488 15
489 16
490 14
491 13
492 16
493 13
494 14
495 14
496 13
497 12
498 14
499 17
500 13
501 13
502 13
503 14
504 15
505 15
506 17
507 14
508 11
509 9
510 12
511 12
512 13
513 11
514 12
515 14
516 16
517 14
518 15
519 11
520 14
521 14
522 15
523 12
524 13
525 15
526 12
527 13
528 14
529 14
530 12
531 14
532 15
533 15
534 14
535 15
536 13
537 13
538 11
539 13
540 14
541 14
542 14
543 14
544 14
545 15
546 16
547 13
548 14
549 14
550 14
551 10
552 12
553 13
554 15
555 16
556 13
557 15
558 16
559 12
560 14
561 13
562 12
563 13
564 14
565 15
566 14
567 13
568 14
569 13
570 13
571 10
572 13
573 14
574 13
575 14
576 12
577 12
578 13
579 15
580 12
581 17
582 15
583 13
584 15
585 15
586 13
587 16
588 16
589 15
590 12
591 15
592 12
593 16
594 13
595 15
596 12
597 16
598 15
599 16
600 14
601 12
602 12
603 12
604 12
605 15
606 17
607 16
608 16
609 14
610 15
611 14
612 14
613 11
614 14
615 13
616 17
617 17
618 15
619 14
620 14
621 13
622 14
623 13
624 10
625 13
626 13
627 9
628 12
629 14
630 13
631 12
632 12
633 12
634 13
635 10
636 13
637 13
638 13
639 12
640 13
641 12
642 13
643 14
644 15
645 12
646 15
647 17
648 14
649 12
650 16
651 17
652 14
653 10
654 13
655 14
656 16
657 12
658 12
659 12
660 14
661 15
662 14
663 14
664 13
665 15
666 14
667 14
668 15
669 13
670 16
671 12
672 12
673 11
674 13
675 14
676 14
677 15
678 14
679 13
680 13
681 11
682 15
683 13
684 15
685 14
686 15
687 15
688 15
689 15
690 14
691 15
692 11
693 13
694 12
695 14
696 13
697 12
698 16
699 15
700 11
701 10
702 13
703 14
704 16
705 16
706 14
707 15
708 13
709 13
710 14
711 15
712 14
713 12
714 13
715 13
716 12
717 13
718 15
719 10
720 11
721 13
722 15
723 14
724 16
725 14
726 13
727 14
728 15
729 12
730 11
731 12
732 16
733 16
734 13
735 15
736 15
737 15
738 15
739 16
740 15
741 16
742 16
743 13
744 14
745 16
746 15
747 13
748 14
749 14
750 12
751 14
752 12
753 13
754 14
755 13
756 14
757 13
758 15
759 15
760 14
761 12
762 13
763 17
764 14
765 15
766 16
767 11
768 15
769 12
770 15
771 13
772 11
773 13
774 14
775 13
776 10
777 14
778 13
779 14
780 13
781 15
782 14
783 11
784 14
785 14
786 12
787 14
788 14
789 13
790 10
791 13
792 13
793 13
794 13
795 12
796 12
797 12
798 15
799 16
800 13
801 15
802 13
803 11
804 15
805 13
806 15
807 13
808 11
809 11
810 13
811 15
812 16
813 17
814 16
815 15
816 15
817 15
818 11
819 14
820 14
821 11
822 13
823 14
824 10
825 12
826 13
827 14
828 11
829 12
830 12
831 15
832 12
833 12
834 15
835 16
836 12
837 13
838 15
839 13
840 15
841 12
842 12
843 11
844 12
845 13
846 14
847 12
848 13
849 14
850 13
851 16
852 13
853 14
854 13
855 13
856 14
857 13
858 15
859 17
860 15
861 12
862 14
863 17
864 14
865 17
866 15
867 16
868 16
869 18
870 17
871 17
872 16
873 14
874 12
875 14
876 15
877 14
878 15
879 14
880 14
881 17
882 15
883 15
884 15
885 14
886 15
887 14
888 13
889 14
890 17
891 14
892 10
893 12
894 11
895 10
896 14
897 12
898 13
899 15
900 13
901 12
902 12
903 12
904 13
905 13
906 15
907 15
908 12
909 13
910 15
911 11
912 12
913 15
914 14
915 14
916 16
917 18
918 15
919 16
920 11
921 13
922 14
923 15
924 11
925 12
926 16
927 16
928 11
929 13
930 14
931 13
932 13
933 13
934 14
935 13
936 17
937 13
938 15
939 14
940 13
941 14
942 15
943 15
944 12
945 14
946 13
947 14
948 15
949 10
950 12
951 13
952 12
953 16
954 12
955 13
956 11
957 14
958 15
959 13
960 15
961 17
962 16
963 16
964 14
965 11
966 14
967 16
968 16
969 14
970 12
971 14
972 6
973 10
974 11
975 11
976 15
977 15
978 14
979 15
980 14
981 12
982 15
983 13
984 14
985 13
986 13
987 14
988 13
989 13
990 14
991 10
992 12
993 10
994 12
995 14
996 15
997 13
998 10
999 10
1000 12
