0 5
1 3
2 3
3 3
4 3
5 2
6 4
7 2
8 2
9 3
10 3
11 3
12 2
13 2
14 2
15 2
16 2
17 2
18 3
19 3
20 3
21 2
22 3
23 0
24 3
25 2
26 2
27 2
28 2
29 3
30 3
31 2
32 3
33 4
34 3
35 4
36 3
37 2
38 2
39 3
40 2
41 2
42 3
43 2
44 2
45 3
46 3
47 1
48 3
49 3
50 3
51 2
52 3
53 3
54 4
55 2
56 3
57 2
58 3
59 2
60 3
61 2
62 4
63 2
64 3
65 3
66 2
67 2
68 3
69 3
70 4
71 2
72 4
73 1
74 2
75 3
76 2
77 3
78 3
79 3
80 2
81 3
82 2
83 4
84 2
85 3
86 4
87 3
88 3
89 2
90 3
91 3
92 3
93 3
94 2
95 3
96 4
97 2
98 1
99 3
100 3
101 3
102 2
103 3
104 3
105 2
106 2
107 3
108 2
109 3
110 2
111 1
112 2
113 3
114 1
115 2
116 2
117 2
118 3
119 4
120 4
121 2
122 1
123 4
124 3
125 2
126 3
127 3
128 3
129 4
130 3
131 2
132 2
133 2
134 0
135 2
136 4
137 3
138 2
139 2
140 2
141 3
142 3
143 2
144 3
145 3
146 3
147 2
148 3
149 3
150 2
151 1
152 2
153 3
154 3
155 2
156 3
157 3
158 4
159 3
160 3
161 3
162 2
163 2
164 3
165 1
166 3
167 2
168 2
169 2
170 2
171 4
172 2
173 3
174 2
175 2
176 3
177 3
178 3
179 3
180 2
181 2
182 3
183 3
184 2
185 0
186 2
187 3
188 3
189 2
190 2
191 3
192 3
193 1
194 1
195 3
196 3
197 2
198 1
199 2
200 4
201 2
202 1
203 2
204 4
205 3
206 3
207 4
208 2
209 2
210 2
211 3
212 2
213 2
214 3
215 2
216 3
217 2
218 2
219 3
220 4
221 3
222 3
223 3
224 3
225 3
226 3
227 2
228 2
229 3
230 3
231 1
232 2
233 2
234 2
235 1
236 2
237 1
238 3
239 3
240 2
241 2
242 2
243 2
244 3
245 4
246 2
247 2
248 1
249 3
250 3
251 4
252 3
253 4
254 4
255 2
256 3
257 2
258 2
259 3
260 3
261 2
262 2
263 2
264 2
265 3
266 3
267 2
268 1
269 1
270 3
271 3
272 3
273 3
274 3
275 2
276 3
277 0
278 2
279 2
280 0
281 2
282 2
283 4
284 3
285 3
286 2
287 3
288 3
289 2
290 2
291 1
292 3
293 3
294 1
295 2
296 1
297 3
298 2
299 3
300 3
301 2
302 2
303 2
304 3
305 3
306 2
307 3
308 3
309 3
310 2
311 2
312 4
313 3
314 2
315 2
316 2
317 4
318 2
319 3
320 2
321 2
322 3
323 2
324 3
325 2
326 4
327 3
328 3
329 3
330 3
331 1
332 3
333 3
334 2
335 1
336 3
337 3
338 3
339 2
340 2
341 2
342 1
343 3
344 3
345 4
346 1
347 3
348 2
349 1
350 2
351 2
352 3
353 2
354 3
355 1
356 3
357 2
358 3
359 2
360 2
361 2
362 3
363 2
364 2
365 2
366 1
367 2
368 2
369 3
370 2
371 2
372 2
373 2
374 1
375 1
376 2
377 2
378 2
379 2
380 2
381 3
382 3
383 2
384 3
385 1
386 3
387 2
388 2
389 4
390 3
391 3
392 3
393 3
394 3
395 3
396 3
397 3
398 2
399 2
400 2
401 1
402 2
403 3
404 2
405 2
406 2
407 3
408 2
409 1
410 2
411 0
412 2
413 3
414 2
415 3
416 2
417 2
418 2
419 3
420 4
421 2
422 3
423 4
424 3
425 3
426 4
427 2
428 2
429 2
430 2
431 3
432 1
433 2
434 3
435 3
436 1
437 2
438 2
439 3
440 2
441 2
442 4
443 2
444 4
445 3
446 3
447 2
448 2
449 3
450 2
451 2
452 3
453 2
454 2
455 3
456 2
457 1
458 3
459 3
460 2
461 3
462 3
463 3
464 1
465 2
466 2
467 2
468 2
469 2
470 2
471 3
472 1
473 3
474 2
475 2
476 3
477 4
478 3
479 3
480 3
481 3
482 2
483 3
484 3
485 2
486 2
487 2
488 3
489 3
490 2
491 2
492 3
493 4
494 2
495 3
496 1
497 4
498 3
499 2
500 3
501 2
502 1
503 4
504 2
505 3
506 2
507 3
508 3
509 3
510 2
511 4
512 2
513 2
514 2
515 4
516 3
517 3
518 3
519 2
520 2
521 3
522 3
523 3
524 1
525 3
526 3
527 3
528 1
529 3
530 2
531 3
532 1
533 3
534 2
535 2
536 2
537 2
538 1
539 3
540 3
541 2
542 2
543 2
544 2
545 3
546 3
547 3
548 3
549 3
550 3
551 2
552 3
553 3
554 2
555 2
556 3
557 2
558 2
559 3
560 3
561 1
562 3
563 2
564 2
565 2
566 2
567 3
568 4
569 3
570 1
571 3
572 4
573 3
574 2
575 3
576 2
577 4
578 2
579 2
580 3
581 3
582 2
583 2
584 2
585 1
586 3
587 3
588 2
589 3
590 3
591 3
592 2
593 3
594 3
595 1
596 1
597 2
598 2
599 3
600 2
601 3
602 3
603 3
604 1
605 2
606 3
607 2
608 3
609 3
610 1
611 3
612 1
613 1
614 3
615 2
616 2
617 2
618 2
619 2
620 3
621 3
622 3
623 2
624 1
625 1
626 2
627 1
628 3
629 3
630 2
631 2
632 2
633 4
634 3
635 3
636 2
637 3
638 2
639 3
640 3
641 3
642 2
643 3
644 2
645 2
646 3
647 2
648 1
649 2
650 2
651 3
652 2
653 3
654 3
655 2
656 3
657 3
658 2
659 4
660 2
661 3
662 2
663 3
664 3
665 3
666 3
667 3
668 3
669 3
670 2
671 3
672 2
673 3
674 3
675 2
676 4
677 2
678 3
679 3
680 3
681 3
682 2
683 2
684 3
685 2
686 2
687 3
688 2
689 3
690 3
691 3
692 3
693 3
694 3
695 2
696 2
697 2
698 3
699 3
700 3
701 3
702 3
703 3
704 1
705 2
706 4
707 3
708 2
709 3
710 3
711 3
712 2
713 4
714 3
715 3
716 3
717 3
718 3
719 3
720 2
721 3
722 3
723 2
724 3
725 2
726 1
727 2
728 3
729 2
730 2
731 3
732 2
733 3
734 3
735 2
736 2
737 1
738 2
739 2
740 3
741 2
742 2
743 3
744 3
745 3
746 3
747 2
748 4
749 3
750 2
751 3
752 3
753 2
754 2
755 3
756 2
757 3
758 2
759 2
760 3
761 2
762 1
763 4
764 3
765 3
766 2
767 3
768 2
769 2
770 2
771 2
772 2
773 3
774 3
775 1
776 3
777 3
778 3
779 3
780 2
781 2
782 2
783 3
784 3
785 2
786 2
787 3
788 2
789 2
790 3
791 2
792 2
793 3
794 1
795 2
796 2
797 1
798 3
799 3
800 2
801 3
802 2
803 3
804 3
805 2
806 3
807 2
808 3
809 2
810 3
811 2
812 3
813 2
814 2
815 3
816 2
817 0
818 4
819 3
820 3
821 2
822 3
823 1
824 2
825 4
826 2
827 3
828 3
829 1
830 1
831 4
832 3
833 3
834 3
835 2
836 2
837 2
838 3
839 3
840 4
841 2
842 2
843 3
844 3
845 3
846 3
847 3
848 3
849 3
850 3
851 3
852 2
853 3
854 2
855 2
856 3
857 2
858 3
859 3
860 2
861 4
862 3
863 3
864 3
865 3
866 3
867 3
868 3
869 2
870 3
871 3
872 3
873 3
874 2
875 2
876 3
877 2
878 3
879 1
880 3
881 3
882 2
883 2
884 3
885 2
886 3
887 2
888 2
889 2
890 3
891 2
892 3
893 4
894 2
895 1
896 2
897 3
898 3
899 4
900 3
901 3
902 3
903 2
904 2
905 1
906 1
907 3
908 3
909 3
910 1
911 4
912 3
913 4
914 2
915 2
916 3
917 3
918 2
919 2
920 2
921 1
922 2
923 3
924 2
925 3
926 2
927 2
928 3
929 2
930 3
931 3
932 2
933 2
934 3
935 2
936 3
937 2
938 3
939 3
940 3
941 4
942 3
943 2
944 2
945 2
946 3
947 1
948 2
949 3
950 2
951 2
952 2
953 3
954 3
955 3
956 3
957 3
958 3
959 3
960 2
961 2
962 2
963 2
964 2
965 3
966 1
967 4
968 3
969 2
970 3
971 2
972 2
973 1
974 3
975 2
976 3
977 3
978 2
979 4
980 2
981 2
982 2
983 4
984 2
985 2
986 3
987 4
988 4
989 2
990 3
991 3
992 2
993 2
994 3
995 2
996 3
997 3
998 2
999 2
1000 1
