0 10
1 6
2 7
3 6
4 5
5 6
6 8
7 6
8 6
9 7
10 8
11 6
12 7
13 8
14 7
15 6
16 5
17 6
18 7
19 8
20 6
21 6
22 7
23 4
24 8
25 7
26 7
27 5
28 7
29 6
30 7
31 6
32 5
33 7
34 6
35 5
36 6
37 5
38 7
39 7
40 5
41 4
42 4
43 4
44 6
45 7
46 8
47 8
48 7
49 4
50 7
51 7
52 7
53 8
54 7
55 8
56 6
57 6
58 7
59 5
60 8
61 8
62 6
63 7
64 7
65 8
66 6
67 7
68 7
69 7
70 7
71 6
72 5
73 8
74 7
75 8
76 7
77 6
78 7
79 6
80 6
81 6
82 6
83 8
84 5
85 4
86 5
87 7
88 6
89 7
90 8
91 8
92 7
93 6
94 7
95 7
96 8
97 5
98 8
99 7
100 4
101 6
102 7
103 7
104 7
105 7
106 7
107 6
108 7
109 8
110 7
111 7
112 7
113 8
114 8
115 8
116 8
117 8
118 7
119 7
120 8
121 6
122 8
123 7
124 6
125 5
126 6
127 5
128 6
129 8
130 7
131 5
132 7
133 7
134 8
135 8
136 7
137 9
138 6
139 2
140 5
141 5
142 7
143 7
144 8
145 7
146 7
147 7
148 5
149 6
150 5
151 6
152 8
153 8
154 7
155 8
156 7
157 5
158 6
159 7
160 9
161 7
162 5
163 5
164 7
165 7
166 6
167 8
168 7
169 8
170 6
171 7
172 5
173 6
174 6
175 7
176 5
177 5
178 8
179 6
180 7
181 7
182 6
183 6
184 6
185 7
186 7
187 8
188 7
189 9
190 7
191 3
192 6
193 8
194 7
195 7
196 7
197 7
198 6
199 4
200 5
201 6
202 9
203 7
204 5
205 6
206 8
207 5
208 8
209 7
210 6
211 7
212 6
213 8
214 5
215 7
216 6
217 6
218 7
219 6
220 7
221 8
222 5
223 6
224 8
225 8
226 7
227 6
228 7
229 8
230 5
231 5
232 5
233 9
234 7
235 7
236 7
237 5
238 8
239 6
240 4
241 6
242 6
243 7
244 7
245 7
246 3
247 6
248 7
249 5
250 6
251 5
252 6
253 7
254 6
255 7
256 6
257 7
258 7
259 7
260 8
261 7
262 8
263 8
264 4
265 5
266 5
267 7
268 8
269 4
270 7
271 6
272 8
273 7
274 8
275 7
276 9
277 8
278 6
279 6
280 4
281 6
282 7
283 8
284 5
285 5
286 5
287 8
288 6
289 7
290 6
291 6
292 7
293 7
294 6
295 8
296 7
297 7
298 6
299 8
300 5
301 3
302 8
303 5
304 6
305 6
306 6
307 5
308 6
309 8
310 7
311 6
312 5
313 6
314 7
315 6
316 7
317 7
318 6
319 7
320 7
321 6
322 7
323 5
324 5
325 6
326 7
327 5
328 7
329 6
330 7
331 8
332 4
333 4
334 5
335 9
336 7
337 8
338 8
339 5
340 5
341 8
342 7
343 8
344 8
345 9
346 9
347 5
348 7
349 5
350 7
351 6
352 5
353 7
354 6
355 6
356 8
357 6
358 8
359 6
360 5
361 7
362 5
363 7
364 7
365 9
366 8
367 8
368 7
369 9
370 5
371 3
372 6
373 5
374 8
375 8
376 6
377 7
378 7
379 7
380 9
381 7
382 8
383 9
384 9
385 8
386 7
387 6
388 10
389 7
390 8
391 9
392 9
393 4
394 6
395 7
396 6
397 5
398 7
399 6
400 7
401 5
402 3
403 6
404 5
405 6
406 7
407 5
408 7
409 6
410 6
411 6
412 8
413 6
414 7
415 6
416 5
417 7
418 8
419 6
420 5
421 5
422 7
423 7
424 7
425 7
426 8
427 7
428 5
429 7
430 8
431 5
432 6
433 6
434 5
435 7
436 9
437 8
438 8
439 7
440 7
441 6
442 7
443 7
444 6
445 4
446 8
447 8
448 7
449 7
450 8
451 6
452 7
453 7
454 6
455 5
456 6
457 8
458 8
459 8
460 6
461 5
462 8
463 8
464 7
465 6
466 7
467 6
468 7
469 7
470 5
471 6
472 6
473 5
474 7
475 7
476 6
477 7
478 6
479 6
480 6
481 6
482 8
483 5
484 6
485 6
486 7
487 7
488 7
489 5
490 6
491 6
492 8
493 7
494 7
495 5
496 6
497 7
498 9
499 5
500 7
501 5
502 5
503 6
504 4
505 6
506 7
507 7
508 8
509 8
510 7
511 6
512 4
513 5
514 8
515 7
516 8
517 7
518 8
519 7
520 6
521 4
522 5
523 6
524 8
525 8
526 7
527 5
528 5
529 8
530 6
531 7
532 5
533 7
534 8
535 6
536 6
537 8
538 6
539 6
540 6
541 7
542 7
543 8
544 7
545 6
546 8
547 8
548 7
549 7
550 8
551 4
552 5
553 5
554 6
555 6
556 7
557 6
558 4
559 4
560 5
561 5
562 7
563 8
564 7
565 7
566 8
567 6
568 7
569 7
570 7
571 7
572 8
573 8
574 6
575 4
576 5
577 6
578 8
579 5
580 6
581 4
582 5
583 6
584 7
585 7
586 8
587 6
588 7
589 8
590 6
591 7
592 7
593 6
594 7
595 8
596 7
597 8
598 7
599 7
600 4
601 6
602 6
603 7
604 7
605 4
606 7
607 8
608 9
609 7
610 8
611 7
612 6
613 7
614 6
615 6
616 5
617 5
618 6
619 6
620 6
621 5
622 4
623 6
624 6
625 8
626 9
627 6
628 6
629 7
630 8
631 6
632 4
633 6
634 7
635 8
636 6
637 8
638 8
639 7
640 8
641 7
642 8
643 8
644 6
645 9
646 10
647 7
648 5
649 6
650 4
651 6
652 6
653 8
654 8
655 7
656 7
657 7
658 8
659 6
660 6
661 6
662 7
663 5
664 5
665 8
666 8
667 6
668 7
669 6
670 7
671 7
672 4
673 6
674 7
675 6
676 6
677 5
678 7
679 6
680 7
681 8
682 7
683 6
684 3
685 6
686 8
687 7
688 7
689 7
690 7
691 9
692 9
693 8
694 5
695 7
696 8
697 7
698 8
699 7
700 6
701 5
702 7
703 5
704 7
705 7
706 5
707 6
708 6
709 9
710 8
711 8
712 7
713 6
714 8
715 9
716 8
717 7
718 7
719 6
720 9
721 7
722 7
723 5
724 7
725 5
726 6
727 7
728 7
729 8
730 6
731 8
732 5
733 7
734 6
735 7
736 9
737 8
738 7
739 8
740 7
741 5
742 6
743 5
744 7
745 4
746 5
747 6
748 6
749 6
750 6
751 5
752 7
753 9
754 8
755 7
756 6
757 7
758 7
759 8
760 7
761 8
762 8
763 6
764 5
765 6
766 6
767 7
768 7
769 8
770 6
771 8
772 9
773 7
774 8
775 6
776 6
777 7
778 5
779 5
780 6
781 8
782 6
783 5
784 6
785 8
786 4
787 6
788 8
789 5
790 6
791 7
792 6
793 5
794 6
795 7
796 7
797 6
798 7
799 8
800 9
801 7
802 6
803 6
804 8
805 6
806 6
807 7
808 8
809 7
810 6
811 6
812 7
813 6
814 7
815 7
816 7
817 5
818 6
819 4
820 6
821 6
822 6
823 5
824 6
825 5
826 7
827 6
828 7
829 7
830 7
831 4
832 4
833 6
834 6
835 7
836 6
837 2
838 4
839 6
840 7
841 7
842 7
843 6
844 9
845 7
846 7
847 6
848 7
849 7
850 7
851 4
852 6
853 7
854 5
855 8
856 6
857 5
858 5
859 6
860 7
861 7
862 7
863 7
864 6
865 6
866 5
867 6
868 6
869 6
870 6
871 5
872 6
873 10
874 8
875 7
876 9
877 8
878 7
879 8
880 7
881 6
882 7
883 7
884 6
885 6
886 7
887 8
888 7
889 7
890 9
891 6
892 7
893 7
894 6
895 8
896 5
897 5
898 7
899 6
900 8
901 6
902 7
903 6
904 7
905 7
906 8
907 8
908 5
909 6
910 6
911 7
912 7
913 7
914 6
915 7
916 7
917 8
918 7
919 6
920 9
921 9
922 8
923 7
924 8
925 6
926 9
927 9
928 9
929 7
930 7
931 4
932 6
933 6
934 4
935 6
936 7
937 8
938 6
939 5
940 6
941 7
942 5
943 7
944 7
945 7
946 9
947 7
948 8
949 8
950 8
951 5
952 6
953 6
954 5
955 6
956 5
957 6
958 5
959 6
960 8
961 7
962 4
963 6
964 5
965 7
966 6
967 9
968 7
969 7
970 7
971 8
972 7
973 8
974 7
975 8
976 8
977 8
978 8
979 7
980 8
981 8
982 5
983 7
984 9
985 6
986 7
987 8
988 7
989 5
990 7
991 6
992 6
993 5
994 5
995 6
996 6
997 4
998 8
999 6
1000 7
