0 100
1 89
2 84
3 79
4 75
5 74
6 72
7 66
8 67
9 67
10 64
11 61
12 61
13 61
14 62
15 65
16 67
17 66
18 63
19 64
20 64
21 70
22 68
23 66
24 72
25 68
26 68
27 66
28 65
29 68
30 70
31 68
32 67
33 65
34 59
35 62
36 61
37 66
38 68
39 68
40 67
41 67
42 67
43 65
44 68
45 70
46 70
47 69
48 69
49 70
50 66
51 64
52 65
53 65
54 63
55 66
56 64
57 65
58 65
59 67
60 67
61 68
62 64
63 59
64 62
65 62
66 64
67 64
68 64
69 65
70 63
71 63
72 63
73 63
74 65
75 66
76 66
77 64
78 67
79 64
80 64
81 67
82 68
83 66
84 64
85 63
86 63
87 63
88 65
89 68
90 64
91 63
92 60
93 58
94 60
95 61
96 62
97 65
98 66
99 66
100 66
101 66
102 61
103 60
104 63
105 65
106 61
107 65
108 66
109 61
110 61
111 60
112 62
113 65
114 67
115 63
116 65
117 66
118 66
119 66
120 66
121 64
122 64
123 59
124 60
125 61
126 60
127 59
128 55
129 60
130 59
131 63
132 60
133 66
134 72
135 71
136 70
137 65
138 62
139 62
140 62
141 60
142 60
143 57
144 60
145 57
146 59
147 58
148 57
149 58
150 57
151 60
152 60
153 64
154 63
155 65
156 67
157 66
158 65
159 62
160 63
161 65
162 66
163 62
164 63
165 63
166 63
167 61
168 60
169 60
170 61
171 64
172 64
173 62
174 65
175 64
176 61
177 61
178 59
179 60
180 59
181 64
182 64
183 62
184 62
185 65
186 69
187 66
188 67
189 63
190 61
191 62
192 65
193 65
194 61
195 64
196 63
197 65
198 67
199 67
200 68
201 69
202 69
203 62
204 60
205 62
206 59
207 59
208 60
209 60
210 65
211 66
212 68
213 68
214 71
215 72
216 67
217 66
218 64
219 67
220 61
221 65
222 68
223 68
224 66
225 62
226 60
227 63
228 65
229 65
230 65
231 63
232 61
233 65
234 63
235 62
236 64
237 64
238 63
239 62
240 64
241 69
242 69
243 68
244 69
245 68
246 65
247 64
248 65
249 65
250 65
251 61
252 58
253 58
254 57
255 58
256 57
257 62
258 65
259 63
260 60
261 63
262 58
263 62
264 61
265 60
266 62
267 63
268 65
269 66
270 66
271 63
272 68
273 64
274 68
275 66
276 69
277 67
278 64
279 67
280 64
281 63
282 63
283 63
284 64
285 63
286 66
287 64
288 65
289 65
290 67
291 66
292 67
293 62
294 63
295 63
296 62
297 64
298 64
299 66
300 63
301 67
302 64
303 68
304 68
305 65
306 64
307 63
308 67
309 68
310 69
311 65
312 65
313 66
314 71
315 68
316 65
317 64
318 66
319 65
320 62
321 66
322 67
323 70
324 70
325 67
326 65
327 64
328 66
329 64
330 66
331 64
332 66
333 66
334 64
335 65
336 65
337 66
338 67
339 64
340 57
341 60
342 57
343 60
344 58
345 59
346 62
347 63
348 61
349 60
350 60
351 58
352 64
353 58
354 62
355 65
356 67
357 65
358 66
359 66
360 67
361 62
362 61
363 64
364 59
365 64
366 64
367 60
368 67
369 68
370 63
371 65
372 65
373 67
374 63
375 63
376 59
377 58
378 58
379 60
380 62
381 63
382 62
383 61
384 58
385 62
386 63
387 64
388 68
389 66
390 64
391 65
392 65
393 67
394 68
395 68
396 63
397 63
398 58
399 60
400 63
401 64
402 69
403 70
404 67
405 65
406 61
407 57
408 62
409 63
410 61
411 63
412 63
413 65
414 65
415 64
416 64
417 63
418 64
419 66
420 66
421 61
422 61
423 65
424 65
425 63
426 64
427 65
428 61
429 62
430 64
431 64
432 60
433 62
434 64
435 62
436 61
437 64
438 63
439 61
440 60
441 62
442 62
443 65
444 64
445 68
446 69
447 66
448 69
449 65
450 62
451 65
452 66
453 66
454 60
455 62
456 63
457 62
458 66
459 64
460 65
461 67
462 62
463 60
464 61
465 61
466 61
467 62
468 59
469 63
470 63
471 62
472 61
473 59
474 61
475 62
476 64
477 64
478 62
479 65
480 60
481 59
482 59
483 60
484 61
485 64
486 62
487 62
488 62
489 63
490 65
491 63
492 61
493 60
494 58
495 61
496 64
497 66
498 64
499 61
500 62
501 65
502 65
503 65
504 69
505 70
506 68
507 69
508 65
509 63
510 62
511 62
512 58
513 62
514 65
515 64
516 66
517 65
518 67
519 65
520 65
521 66
522 66
523 68
524 68
525 72
526 72
527 69
528 70
529 68
530 69
531 67
532 67
533 63
534 63
535 62
536 66
537 64
538 63
539 64
540 65
541 66
542 67
543 62
544 62
545 65
546 60
547 62
548 61
549 65
550 66
551 63
552 63
553 58
554 60
555 61
556 62
557 65
558 62
559 64
560 60
561 64
562 67
563 66
564 67
565 65
566 67
567 66
568 59
569 61
570 60
571 66
572 63
573 64
574 61
575 59
576 58
577 60
578 67
579 67
580 66
581 66
582 67
583 66
584 61
585 61
586 63
587 64
588 66
589 67
590 65
591 64
592 62
593 65
594 63
595 64
596 61
597 59
598 60
599 63
600 62
601 62
602 65
603 62
604 62
605 63
606 64
607 69
608 69
609 70
610 69
611 67
612 67
613 67
614 70
615 66
616 67
617 64
618 63
619 63
620 67
621 68
622 68
623 68
624 64
625 62
626 62
627 58
628 59
629 60
630 62
631 62
632 65
633 62
634 63
635 65
636 68
637 69
638 69
639 64
640 65
641 62
642 64
643 64
644 65
645 65
646 67
647 64
648 63
649 63
650 66
651 64
652 67
653 67
654 61
655 66
656 67
657 63
658 62
659 64
660 61
661 60
662 59
663 60
664 61
665 64
666 63
667 62
668 62
669 65
670 66
671 64
672 63
673 65
674 58
675 59
676 59
677 64
678 62
679 64
680 64
681 61
682 56
683 58
684 58
685 60
686 61
687 66
688 64
689 67
690 64
691 67
692 67
693 69
694 67
695 66
696 64
697 62
698 55
699 55
700 61
701 62
702 64
703 63
704 66
705 69
706 66
707 68
708 67
709 68
710 66
711 65
712 60
713 61
714 60
715 61
716 62
717 66
718 67
719 62
720 66
721 65
722 63
723 63
724 64
725 60
726 61
727 61
728 59
729 62
730 63
731 62
732 62
733 65
734 67
735 68
736 65
737 64
738 64
739 62
740 65
741 63
742 66
743 64
744 68
745 64
746 64
747 67
748 68
749 66
750 63
751 63
752 64
753 65
754 66
755 69
756 71
757 67
758 69
759 66
760 66
761 66
762 67
763 67
764 69
765 67
766 65
767 66
768 66
769 67
770 66
771 67
772 68
773 63
774 64
775 65
776 67
777 69
778 66
779 69
780 71
781 67
782 65
783 65
784 63
785 66
786 58
787 59
788 58
789 59
790 59
791 60
792 62
793 64
794 69
795 68
796 68
797 69
798 67
799 65
800 65
801 62
802 67
803 65
804 65
805 66
806 67
807 69
808 67
809 67
810 68
811 64
812 64
813 68
814 69
815 64
816 67
817 70
818 67
819 64
820 64
821 67
822 68
823 70
824 70
825 69
826 68
827 64
828 63
829 64
830 66
831 63
832 65
833 63
834 64
835 65
836 67
837 68
838 62
839 62
840 66
841 67
842 66
843 63
844 63
845 69
846 68
847 69
848 63
849 67
850 66
851 63
852 64
853 66
854 66
855 66
856 63
857 64
858 60
859 60
860 60
861 63
862 61
863 62
864 62
865 66
866 64
867 62
868 63
869 61
870 61
871 63
872 61
873 62
874 64
875 64
876 65
877 65
878 63
879 63
880 64
881 61
882 59
883 62
884 57
885 61
886 62
887 64
888 62
889 59
890 60
891 60
892 55
893 59
894 58
895 59
896 60
897 59
898 63
899 65
900 62
901 64
902 63
903 60
904 65
905 63
906 60
907 63
908 61
909 59
910 63
911 65
912 64
913 62
914 64
915 65
916 67
917 68
918 71
919 68
920 67
921 66
922 66
923 63
924 61
925 65
926 68
927 68
928 66
929 66
930 64
931 64
932 66
933 66
934 67
935 66
936 65
937 66
938 68
939 69
940 65
941 61
942 59
943 64
944 67
945 73
946 75
947 69
948 69
949 64
950 59
951 59
952 63
953 63
954 62
955 63
956 66
957 68
958 69
959 69
960 69
961 66
962 67
963 67
964 67
965 59
966 60
967 62
968 61
969 60
970 60
971 60
972 60
973 62
974 61
975 61
976 63
977 62
978 63
979 63
980 60
981 62
982 59
983 60
984 62
985 64
986 65
987 64
988 64
989 62
990 62
991 60
992 62
993 64
994 65
995 67
996 65
997 64
998 63
999 65
1000 66
