0 55
1 46
2 40
3 36
4 36
5 39
6 36
7 36
8 39
9 35
10 36
11 37
12 35
13 34
14 36
15 35
16 36
17 33
18 35
19 39
20 37
21 34
22 33
23 37
24 41
25 41
26 40
27 38
28 40
29 35
30 33
31 33
32 33
33 38
34 41
35 38
36 38
37 38
38 35
39 36
40 36
41 33
42 34
43 32
44 34
45 33
46 32
47 34
48 36
49 37
50 36
51 33
52 37
53 37
54 38
55 35
56 36
57 31
58 36
59 35
60 35
61 36
62 37
63 35
64 35
65 35
66 37
67 36
68 40
69 38
70 36
71 34
72 36
73 36
74 33
75 34
76 34
77 34
78 34
79 35
80 35
81 34
82 36
83 36
84 34
85 36
86 34
87 39
88 37
89 34
90 38
91 40
92 37
93 36
94 33
95 36
96 36
97 35
98 35
99 37
100 33
101 34
102 32
103 34
104 35
105 35
106 36
107 38
108 38
109 35
110 33
111 36
112 37
113 31
114 32
115 38
116 37
117 35
118 34
119 37
120 39
121 35
122 31
123 35
124 32
125 37
126 38
127 35
128 35
129 29
130 29
131 35
132 38
133 39
134 42
135 39
136 42
137 40
138 37
139 38
140 38
141 40
142 36
143 35
144 32
145 33
146 36
147 37
148 40
149 33
150 38
151 35
152 34
153 32
154 32
155 34
156 35
157 37
158 38
159 38
160 39
161 38
162 35
163 37
164 39
165 37
166 37
167 32
168 34
169 38
170 36
171 33
172 31
173 35
174 36
175 34
176 35
177 36
178 37
179 40
180 36
181 34
182 37
183 33
184 34
185 35
186 39
187 39
188 36
189 37
190 39
191 39
192 35
193 38
194 35
195 33
196 33
197 33
198 36
199 35
200 37
201 40
202 38
203 35
204 35
205 35
206 32
207 35
208 33
209 33
210 38
211 34
212 35
213 33
214 33
215 37
216 38
217 37
218 41
219 35
220 37
221 36
222 37
223 36
224 43
225 41
226 37
227 33
228 33
229 36
230 38
231 37
232 33
233 32
234 37
235 37
236 35
237 35
238 37
239 35
240 36
241 37
242 31
243 34
244 37
245 38
246 38
247 37
248 37
249 39
250 37
251 36
252 38
253 38
254 35
255 35
256 38
257 36
258 34
259 32
260 34
261 36
262 35
263 34
264 32
265 34
266 34
267 34
268 34
269 32
270 35
271 35
272 35
273 37
274 35
275 35
276 38
277 31
278 35
279 36
280 37
281 37
282 36
283 38
284 39
285 37
286 36
287 40
288 41
289 35
290 36
291 36
292 38
293 39
294 39
295 39
296 35
297 34
298 32
299 36
300 37
301 32
302 36
303 34
304 30
305 37
306 36
307 39
308 40
309 39
310 39
311 35
312 39
313 37
314 34
315 35
316 36
317 34
318 36
319 36
320 36
321 37
322 37
323 39
324 34
325 37
326 36
327 36
328 34
329 33
330 38
331 39
332 35
333 33
334 37
335 34
336 33
337 36
338 36
339 36
340 32
341 35
342 37
343 35
344 33
345 33
346 36
347 35
348 35
349 37
350 36
351 38
352 37
353 38
354 33
355 35
356 36
357 38
358 35
359 31
360 34
361 32
362 33
363 32
364 32
365 32
366 38
367 35
368 40
369 36
370 40
371 38
372 39
373 33
374 32
375 32
376 33
377 35
378 34
379 34
380 35
381 34
382 34
383 31
384 34
385 38
386 36
387 37
388 38
389 33
390 39
391 35
392 37
393 39
394 34
395 35
396 39
397 39
398 40
399 38
400 37
401 37
402 31
403 31
404 35
405 36
406 36
407 36
408 34
409 37
410 35
411 32
412 36
413 33
414 34
415 35
416 39
417 36
418 35
419 34
420 28
421 34
422 35
423 37
424 33
425 38
426 39
427 33
428 39
429 39
430 40
431 37
432 34
433 37
434 37
435 36
436 35
437 35
438 38
439 35
440 34
441 37
442 37
443 37
444 36
445 38
446 34
447 35
448 35
449 36
450 37
451 40
452 36
453 41
454 37
455 33
456 36
457 37
458 35
459 36
460 38
461 36
462 34
463 35
464 40
465 36
466 35
467 33
468 35
469 37
470 37
471 33
472 37
473 38
474 38
475 38
476 37
477 38
478 34
479 36
480 36
481 36
482 35
483 33
484 37
485 36
486 35
487 36
488 37
489 37
490 38
491 35
492 34
493 38
494 39
495 39
496 40
497 37
498 36
499 38
500 38
501 37
502 37
503 39
504 37
505 36
506 34
507 33
508 34
509 38
510 35
511 38
512 35
513 39
514 37
515 37
516 39
517 40
518 38
519 35
520 36
521 36
522 36
523 35
524 33
525 37
526 37
527 38
528 35
529 36
530 38
531 39
532 36
533 37
534 34
535 32
536 32
537 35
538 37
539 35
540 34
541 35
542 31
543 38
544 40
545 33
546 37
547 37
548 39
549 38
550 35
551 36
552 35
553 35
554 35
555 37
556 40
557 40
558 35
559 37
560 36
561 38
562 34
563 36
564 31
565 29
566 30
567 38
568 39
569 35
570 38
571 38
572 38
573 41
574 36
575 39
576 35
577 39
578 38
579 35
580 36
581 34
582 36
583 38
584 36
585 36
586 37
587 37
588 36
589 39
590 35
591 33
592 33
593 32
594 33
595 33
596 38
597 36
598 37
599 34
600 36
601 34
602 32
603 31
604 37
605 39
606 39
607 35
608 38
609 38
610 34
611 32
612 39
613 34
614 37
615 34
616 35
617 35
618 37
619 36
620 34
621 34
622 34
623 33
624 36
625 37
626 38
627 38
628 38
629 38
630 42
631 36
632 39
633 39
634 39
635 34
636 39
637 41
638 36
639 34
640 37
641 37
642 35
643 32
644 32
645 37
646 37
647 34
648 35
649 35
650 34
651 38
652 39
653 35
654 35
655 33
656 39
657 38
658 41
659 39
660 36
661 34
662 36
663 35
664 35
665 35
666 36
667 34
668 37
669 38
670 41
671 40
672 37
673 39
674 36
675 34
676 33
677 36
678 36
679 36
680 35
681 39
682 40
683 40
684 37
685 35
686 35
687 38
688 34
689 37
690 38
691 39
692 36
693 36
694 37
695 40
696 41
697 40
698 38
699 38
700 40
701 38
702 37
703 37
704 36
705 35
706 36
707 35
708 38
709 37
710 36
711 37
712 37
713 38
714 39
715 38
716 38
717 39
718 37
719 38
720 37
721 36
722 37
723 36
724 37
725 36
726 40
727 35
728 37
729 34
730 37
731 38
732 37
733 36
734 33
735 35
736 38
737 37
738 38
739 40
740 39
741 37
742 32
743 34
744 37
745 36
746 33
747 35
748 37
749 33
750 35
751 32
752 38
753 37
754 34
755 35
756 35
757 35
758 36
759 36
760 36
761 34
762 32
763 34
764 36
765 36
766 39
767 37
768 36
769 37
770 37
771 39
772 34
773 39
774 33
775 37
776 36
777 37
778 38
779 34
780 38
781 39
782 37
783 38
784 38
785 37
786 39
787 37
788 37
789 33
790 33
791 38
792 38
793 37
794 36
795 32
796 38
797 35
798 32
799 35
800 36
801 35
802 38
803 41
804 41
805 37
806 38
807 27
808 37
809 37
810 33
811 36
812 35
813 34
814 38
815 35
816 36
817 37
818 37
819 38
820 36
821 37
822 37
823 37
824 34
825 38
826 29
827 33
828 32
829 36
830 33
831 33
832 33
833 40
834 39
835 35
836 32
837 36
838 35
839 35
840 35
841 39
842 41
843 34
844 38
845 40
846 40
847 38
848 37
849 40
850 38
851 40
852 38
853 38
854 39
855 37
856 38
857 35
858 30
859 34
860 34
861 36
862 36
863 34
864 41
865 42
866 40
867 37
868 35
869 36
870 34
871 34
872 37
873 36
874 36
875 39
876 37
877 38
878 38
879 38
880 39
881 35
882 37
883 37
884 37
885 38
886 35
887 37
888 37
889 36
890 35
891 36
892 35
893 35
894 36
895 38
896 38
897 39
898 40
899 44
900 39
901 40
902 32
903 36
904 41
905 41
906 37
907 36
908 44
909 43
910 43
911 42
912 34
913 35
914 38
915 40
916 38
917 37
918 39
919 39
920 36
921 37
922 40
923 30
924 37
925 34
926 36
927 37
928 37
929 38
930 38
931 36
932 35
933 36
934 37
935 36
936 36
937 35
938 36
939 39
940 38
941 34
942 31
943 35
944 37
945 36
946 38
947 36
948 34
949 35
950 33
951 37
952 35
953 38
954 35
955 38
956 36
957 34
958 34
959 31
960 37
961 31
962 34
963 36
964 34
965 38
966 38
967 43
968 38
969 39
970 34
971 33
972 36
973 35
974 38
975 40
976 38
977 35
978 33
979 34
980 39
981 38
982 38
983 37
984 33
985 40
986 36
987 35
988 37
989 36
990 37
991 40
992 40
993 38
994 37
995 40
996 38
997 32
998 34
999 35
1000 36
