0 5
1 4
2 4
3 3
4 3
5 3
6 4
7 3
8 2
9 2
10 3
11 3
12 3
13 2
14 3
15 4
16 2
17 3
18 3
19 3
20 4
21 3
22 4
23 2
24 3
25 2
26 3
27 4
28 1
29 3
30 3
31 3
32 4
33 4
34 3
35 1
36 2
37 2
38 1
39 4
40 5
41 4
42 3
43 2
44 2
45 4
46 4
47 3
48 2
49 3
50 3
51 2
52 3
53 4
54 4
55 4
56 3
57 4
58 4
59 2
60 1
61 2
62 2
63 4
64 5
65 3
66 3
67 4
68 4
69 3
70 4
71 4
72 3
73 3
74 3
75 3
76 2
77 3
78 3
79 2
80 4
81 4
82 4
83 5
84 3
85 4
86 3
87 2
88 3
89 4
90 4
91 3
92 3
93 3
94 3
95 1
96 2
97 2
98 3
99 3
100 2
101 2
102 2
103 2
104 1
105 1
106 1
107 1
108 3
109 3
110 4
111 3
112 4
113 4
114 3
115 3
116 3
117 4
118 5
119 5
120 4
121 3
122 2
123 2
124 2
125 4
126 3
127 3
128 3
129 3
130 3
131 4
132 2
133 3
134 3
135 1
136 1
137 3
138 3
139 2
140 2
141 3
142 3
143 4
144 2
145 4
146 3
147 4
148 4
149 3
150 3
151 3
152 1
153 2
154 3
155 2
156 4
157 3
158 3
159 4
160 4
161 3
162 4
163 3
164 4
165 4
166 4
167 4
168 2
169 3
170 2
171 4
172 4
173 4
174 4
175 2
176 2
177 4
178 4
179 3
180 2
181 3
182 2
183 1
184 3
185 3
186 5
187 3
188 3
189 2
190 3
191 3
192 2
193 4
194 3
195 2
196 2
197 4
198 4
199 4
200 2
201 2
202 2
203 3
204 4
205 4
206 4
207 3
208 2
209 3
210 3
211 4
212 4
213 4
214 3
215 3
216 2
217 3
218 3
219 3
220 3
221 2
222 2
223 3
224 1
225 4
226 4
227 4
228 3
229 3
230 3
231 3
232 4
233 3
234 3
235 4
236 4
237 5
238 4
239 4
240 4
241 3
242 4
243 4
244 4
245 4
246 4
247 1
248 2
249 3
250 1
251 1
252 1
253 2
254 2
255 2
256 3
257 3
258 2
259 4
260 3
261 3
262 3
263 1
264 1
265 2
266 2
267 1
268 1
269 2
270 1
271 2
272 3
273 4
274 4
275 3
276 2
277 4
278 4
279 5
280 3
281 3
282 3
283 2
284 3
285 4
286 4
287 4
288 3
289 4
290 4
291 4
292 4
293 3
294 2
295 3
296 3
297 3
298 3
299 3
300 2
301 3
302 3
303 2
304 0
305 2
306 2
307 3
308 3
309 3
310 4
311 3
312 3
313 5
314 3
315 3
316 3
317 2
318 3
319 3
320 3
321 4
322 4
323 4
324 4
325 2
326 1
327 2
328 2
329 2
330 2
331 3
332 4
333 3
334 2
335 2
336 2
337 3
338 3
339 3
340 2
341 3
342 4
343 3
344 2
345 4
346 3
347 3
348 3
349 2
350 4
351 4
352 2
353 2
354 4
355 5
356 4
357 4
358 3
359 2
360 2
361 3
362 4
363 4
364 3
365 4
366 5
367 3
368 4
369 1
370 2
371 3
372 3
373 2
374 1
375 1
376 3
377 3
378 2
379 2
380 3
381 3
382 3
383 3
384 4
385 3
386 2
387 3
388 3
389 2
390 3
391 4
392 2
393 2
394 2
395 4
396 4
397 3
398 4
399 3
400 2
401 2
402 3
403 4
404 2
405 4
406 2
407 2
408 0
409 1
410 2
411 3
412 4
413 4
414 4
415 4
416 4
417 3
418 3
419 2
420 2
421 1
422 3
423 3
424 3
425 2
426 2
427 3
428 3
429 3
430 3
431 5
432 4
433 4
434 3
435 4
436 4
437 2
438 3
439 4
440 3
441 2
442 2
443 2
444 1
445 3
446 4
447 2
448 3
449 2
450 2
451 4
452 2
453 3
454 3
455 3
456 2
457 1
458 3
459 4
460 3
461 1
462 2
463 3
464 4
465 4
466 2
467 2
468 2
469 2
470 2
471 2
472 2
473 3
474 2
475 2
476 3
477 3
478 4
479 3
480 4
481 3
482 3
483 1
484 0
485 3
486 3
487 3
488 3
489 4
490 4
491 3
492 2
493 3
494 4
495 3
496 3
497 3
498 2
499 3
500 3
501 3
502 4
503 4
504 2
505 3
506 3
507 3
508 3
509 2
510 4
511 3
512 2
513 3
514 4
515 1
516 2
517 3
518 3
519 3
520 3
521 3
522 3
523 2
524 1
525 3
526 3
527 3
528 2
529 3
530 4
531 4
532 3
533 3
534 2
535 2
536 4
537 4
538 3
539 3
540 3
541 3
542 3
543 2
544 2
545 3
546 2
547 3
548 4
549 3
550 4
551 3
552 3
553 3
554 2
555 3
556 4
557 3
558 3
559 2
560 2
561 4
562 4
563 2
564 4
565 4
566 3
567 4
568 4
569 3
570 1
571 2
572 2
573 1
574 3
575 3
576 4
577 2
578 3
579 3
580 3
581 4
582 4
583 4
584 2
585 3
586 2
587 2
588 2
589 2
590 2
591 4
592 3
593 2
594 5
595 5
596 4
597 4
598 4
599 3
600 3
601 4
602 2
603 3
604 2
605 1
606 2
607 2
608 3
609 5
610 3
611 2
612 3
613 2
614 3
615 5
616 4
617 4
618 4
619 3
620 3
621 3
622 2
623 2
624 1
625 2
626 3
627 3
628 4
629 3
630 3
631 2
632 2
633 3
634 2
635 3
636 4
637 4
638 4
639 4
640 3
641 3
642 3
643 2
644 3
645 3
646 3
647 3
648 3
649 1
650 2
651 2
652 1
653 2
654 3
655 5
656 5
657 5
658 5
659 4
660 3
661 3
662 3
663 2
664 4
665 5
666 4
667 3
668 4
669 4
670 4
671 3
672 3
673 3
674 3
675 3
676 3
677 3
678 3
679 3
680 3
681 4
682 3
683 1
684 4
685 4
686 4
687 3
688 3
689 3
690 4
691 3
692 4
693 3
694 2
695 2
696 3
697 2
698 3
699 2
700 3
701 4
702 4
703 2
704 4
705 4
706 2
707 3
708 3
709 3
710 3
711 2
712 1
713 2
714 2
715 2
716 2
717 3
718 2
719 3
720 4
721 3
722 4
723 3
724 3
725 3
726 3
727 4
728 3
729 3
730 1
731 4
732 3
733 3
734 4
735 2
736 2
737 2
738 2
739 3
740 2
741 2
742 3
743 4
744 2
745 1
746 2
747 4
748 4
749 3
750 4
751 4
752 4
753 3
754 3
755 4
756 3
757 4
758 4
759 2
760 2
761 4
762 4
763 3
764 4
765 2
766 3
767 3
768 3
769 4
770 4
771 4
772 5
773 5
774 4
775 3
776 3
777 3
778 3
779 3
780 1
781 3
782 3
783 4
784 3
785 3
786 3
787 3
788 4
789 3
790 2
791 1
792 3
793 2
794 2
795 3
796 3
797 3
798 3
799 3
800 4
801 4
802 3
803 3
804 3
805 2
806 2
807 3
808 4
809 3
810 2
811 2
812 3
813 2
814 4
815 2
816 4
817 2
818 4
819 3
820 4
821 4
822 3
823 3
824 3
825 1
826 2
827 5
828 3
829 3
830 3
831 4
832 4
833 4
834 3
835 3
836 3
837 3
838 3
839 3
840 3
841 3
842 3
843 4
844 2
845 2
846 3
847 3
848 3
849 1
850 3
851 3
852 2
853 3
854 4
855 2
856 2
857 3
858 3
859 4
860 4
861 3
862 3
863 3
864 3
865 2
866 2
867 3
868 4
869 3
870 3
871 3
872 3
873 2
874 3
875 3
876 4
877 3
878 3
879 2
880 3
881 4
882 5
883 3
884 3
885 4
886 4
887 3
888 4
889 5
890 4
891 3
892 3
893 3
894 1
895 4
896 4
897 3
898 2
899 2
900 3
901 3
902 4
903 3
904 3
905 4
906 3
907 4
908 4
909 4
910 2
911 3
912 3
913 3
914 3
915 2
916 3
917 2
918 3
919 2
920 2
921 2
922 2
923 2
924 2
925 2
926 2
927 4
928 3
929 2
930 3
931 2
932 2
933 2
934 3
935 4
936 3
937 3
938 2
939 2
940 2
941 2
942 4
943 3
944 4
945 4
946 3
947 2
948 2
949 3
950 3
951 3
952 2
953 2
954 3
955 4
956 3
957 3
958 4
959 4
960 3
961 3
962 4
963 3
964 2
965 3
966 3
967 3
968 3
969 3
970 3
971 2
972 2
973 2
974 4
975 4
976 2
977 2
978 3
979 4
980 4
981 4
982 3
983 3
984 3
985 4
986 3
987 2
988 4
989 4
990 4
991 3
992 3
993 3
994 4
995 3
996 4
997 4
998 3
999 3
1000 3
