0 75
1 74
2 71
3 69
4 67
5 67
6 64
7 63
8 61
9 61
10 60
11 58
12 56
13 55
14 53
15 52
16 50
17 50
18 49
19 49
20 48
21 47
22 47
23 44
24 43
25 43
26 43
27 42
28 41
29 41
30 41
31 41
32 40
33 39
34 38
35 38
36 38
37 38
38 37
39 36
40 37
41 36
42 36
43 36
44 34
45 34
46 33
47 34
48 34
49 34
50 33
51 33
52 34
53 33
54 34
55 33
56 32
57 31
58 32
59 32
60 31
61 32
62 31
63 28
64 28
65 29
66 29
67 29
68 29
69 28
70 27
71 27
72 27
73 27
74 27
75 27
76 26
77 26
78 23
79 24
80 25
81 26
82 23
83 25
84 26
85 26
86 26
87 26
88 27
89 26
90 25
91 25
92 25
93 26
94 26
95 27
96 27
97 27
98 27
99 27
100 27
101 27
102 28
103 28
104 29
105 28
106 28
107 28
108 28
109 28
110 28
111 27
112 28
113 28
114 28
115 29
116 29
117 29
118 29
119 29
120 28
121 29
122 28
123 28
124 28
125 28
126 29
127 29
128 29
129 29
130 29
131 29
132 29
133 30
134 30
135 30
136 30
137 31
138 31
139 30
140 30
141 31
142 31
143 31
144 32
145 33
146 32
147 32
148 31
149 30
150 28
151 27
152 27
153 25
154 25
155 25
156 24
157 24
158 26
159 24
160 25
161 26
162 25
163 26
164 26
165 26
166 26
167 25
168 25
169 25
170 25
171 25
172 25
173 24
174 24
175 23
176 23
177 23
178 23
179 23
180 23
181 23
182 22
183 22
184 23
185 24
186 24
187 24
188 24
189 24
190 24
191 24
192 25
193 26
194 26
195 28
196 28
197 28
198 29
199 28
200 28
201 27
202 26
203 26
204 27
205 25
206 24
207 24
208 25
209 26
210 27
211 28
212 29
213 29
214 29
215 30
216 30
217 31
218 30
219 29
220 28
221 28
222 28
223 29
224 28
225 28
226 28
227 28
228 27
229 27
230 27
231 27
232 27
233 25
234 25
235 25
236 25
237 25
238 25
239 26
240 26
241 27
242 27
243 26
244 26
245 25
246 25
247 25
248 25
249 25
250 24
251 24
252 23
253 23
254 23
255 24
256 25
257 25
258 25
259 25
260 25
261 23
262 23
263 23
264 24
265 25
266 24
267 24
268 23
269 23
270 25
271 25
272 26
273 26
274 26
275 27
276 27
277 27
278 27
279 25
280 25
281 27
282 26
283 28
284 26
285 27
286 27
287 28
288 28
289 27
290 26
291 26
292 25
293 25
294 25
295 25
296 25
297 25
298 26
299 27
300 27
301 28
302 29
303 31
304 30
305 30
306 30
307 30
308 30
309 31
310 31
311 31
312 29
313 29
314 28
315 28
316 28
317 29
318 29
319 28
320 29
321 29
322 28
323 27
324 27
325 27
326 27
327 27
328 26
329 27
330 26
331 26
332 25
333 25
334 23
335 23
336 24
337 25
338 25
339 25
340 24
341 23
342 23
343 24
344 26
345 27
346 26
347 26
348 26
349 26
350 26
351 26
352 27
353 27
354 27
355 27
356 27
357 29
358 29
359 30
360 30
361 30
362 30
363 30
364 30
365 30
366 30
367 30
368 28
369 28
370 27
371 27
372 27
373 27
374 27
375 27
376 27
377 27
378 26
379 26
380 26
381 26
382 26
383 25
384 25
385 27
386 27
387 27
388 29
389 30
390 31
391 30
392 31
393 32
394 32
395 32
396 32
397 32
398 32
399 33
400 33
401 32
402 33
403 33
404 32
405 32
406 30
407 31
408 31
409 31
410 31
411 31
412 31
413 33
414 31
415 31
416 32
417 33
418 32
419 32
420 32
421 32
422 31
423 31
424 31
425 31
426 31
427 31
428 31
429 31
430 31
431 31
432 31
433 31
434 30
435 31
436 33
437 34
438 35
439 34
440 33
441 32
442 32
443 32
444 30
445 30
446 30
447 30
448 28
449 28
450 28
451 28
452 28
453 29
454 30
455 30
456 30
457 30
458 30
459 30
460 30
461 29
462 29
463 27
464 28
465 28
466 29
467 28
468 27
469 27
470 26
471 26
472 26
473 27
474 27
475 27
476 27
477 26
478 26
479 26
480 25
481 24
482 25
483 25
484 26
485 26
486 27
487 28
488 27
489 27
490 26
491 26
492 26
493 24
494 24
495 24
496 24
497 24
498 24
499 22
500 22
501 22
502 24
503 24
504 24
505 24
506 25
507 25
508 25
509 25
510 25
511 27
512 27
513 27
514 27
515 27
516 28
517 29
518 28
519 29
520 28
521 27
522 26
523 26
524 26
525 28
526 29
527 30
528 30
529 30
530 30
531 31
532 30
533 30
534 30
535 30
536 30
537 29
538 28
539 28
540 28
541 28
542 27
543 27
544 27
545 26
546 26
547 26
548 26
549 26
550 26
551 25
552 25
553 26
554 25
555 24
556 23
557 23
558 23
559 23
560 24
561 26
562 25
563 25
564 25
565 27
566 26
567 25
568 25
569 26
570 26
571 26
572 26
573 26
574 25
575 25
576 26
577 26
578 26
579 25
580 25
581 25
582 25
583 24
584 25
585 25
586 26
587 26
588 26
589 26
590 25
591 24
592 23
593 23
594 22
595 22
596 23
597 24
598 24
599 24
600 24
601 24
602 23
603 22
604 21
605 21
606 21
607 22
608 22
609 22
610 22
611 21
612 21
613 21
614 22
615 21
616 21
617 19
618 20
619 22
620 22
621 22
622 23
623 23
624 23
625 23
626 23
627 21
628 22
629 22
630 22
631 22
632 22
633 23
634 23
635 23
636 22
637 22
638 22
639 24
640 23
641 25
642 25
643 24
644 25
645 26
646 26
647 26
648 26
649 26
650 26
651 26
652 27
653 25
654 23
655 24
656 24
657 24
658 23
659 23
660 21
661 22
662 22
663 22
664 22
665 22
666 22
667 21
668 21
669 21
670 21
671 21
672 22
673 21
674 22
675 23
676 24
677 24
678 25
679 27
680 25
681 24
682 24
683 23
684 23
685 22
686 22
687 24
688 24
689 24
690 24
691 25
692 27
693 27
694 28
695 29
696 30
697 29
698 29
699 29
700 28
701 28
702 28
703 28
704 28
705 28
706 27
707 27
708 27
709 27
710 27
711 27
712 27
713 26
714 26
715 28
716 29
717 29
718 30
719 30
720 31
721 31
722 31
723 32
724 31
725 31
726 32
727 32
728 31
729 30
730 30
731 30
732 29
733 29
734 27
735 27
736 27
737 27
738 25
739 26
740 26
741 26
742 26
743 26
744 26
745 26
746 27
747 27
748 27
749 27
750 26
751 26
752 25
753 25
754 25
755 25
756 24
757 24
758 25
759 24
760 24
761 25
762 25
763 25
764 26
765 25
766 25
767 26
768 27
769 28
770 28
771 27
772 26
773 26
774 25
775 24
776 24
777 25
778 26
779 25
780 25
781 27
782 27
783 28
784 27
785 27
786 25
787 26
788 24
789 25
790 26
791 26
792 26
793 25
794 26
795 27
796 27
797 27
798 27
799 27
800 28
801 27
802 27
803 26
804 26
805 26
806 26
807 26
808 25
809 24
810 25
811 25
812 25
813 25
814 25
815 24
816 22
817 21
818 21
819 22
820 22
821 23
822 23
823 23
824 24
825 24
826 24
827 24
828 24
829 23
830 24
831 24
832 23
833 23
834 23
835 23
836 22
837 22
838 23
839 22
840 22
841 21
842 20
843 20
844 21
845 21
846 22
847 22
848 23
849 23
850 23
851 23
852 23
853 23
854 23
855 23
856 24
857 24
858 24
859 24
860 25
861 24
862 24
863 23
864 23
865 23
866 23
867 23
868 23
869 24
870 24
871 24
872 23
873 25
874 26
875 25
876 25
877 25
878 25
879 26
880 25
881 25
882 25
883 26
884 26
885 25
886 24
887 24
888 24
889 24
890 23
891 23
892 22
893 20
894 20
895 20
896 20
897 20
898 21
899 21
900 21
901 22
902 22
903 21
904 21
905 21
906 21
907 21
908 21
909 21
910 21
911 21
912 21
913 22
914 22
915 22
916 20
917 20
918 20
919 20
920 21
921 21
922 21
923 21
924 22
925 22
926 22
927 22
928 22
929 21
930 23
931 23
932 24
933 24
934 24
935 24
936 24
937 23
938 23
939 22
940 22
941 24
942 25
943 25
944 26
945 26
946 24
947 24
948 24
949 24
950 24
951 25
952 25
953 25
954 26
955 25
956 26
957 27
958 26
959 28
960 28
961 30
962 29
963 29
964 29
965 29
966 29
967 28
968 28
969 27
970 27
971 27
972 27
973 27
974 28
975 28
976 28
977 28
978 29
979 28
980 28
981 28
982 28
983 28
984 28
985 28
986 28
987 30
988 30
989 30
990 29
991 28
992 28
993 28
994 28
995 28
996 27
997 27
998 27
999 26
1000 26
