0 60
1 47
2 47
3 43
4 42
5 43
6 41
7 41
8 41
9 40
10 39
11 42
12 39
13 41
14 41
15 40
16 39
17 39
18 40
19 45
20 46
21 45
22 39
23 38
24 39
25 38
26 40
27 40
28 45
29 41
30 42
31 39
32 40
33 41
34 41
35 42
36 44
37 44
38 42
39 39
40 40
41 40
42 41
43 38
44 34
45 39
46 38
47 41
48 41
49 42
50 40
51 36
52 37
53 37
54 40
55 42
56 44
57 40
58 41
59 32
60 35
61 36
62 38
63 40
64 44
65 41
66 40
67 44
68 43
69 41
70 38
71 36
72 39
73 39
74 38
75 34
76 37
77 38
78 41
79 38
80 37
81 41
82 41
83 41
84 39
85 42
86 45
87 44
88 42
89 41
90 39
91 38
92 40
93 46
94 46
95 38
96 40
97 39
98 34
99 41
100 41
101 43
102 42
103 39
104 41
105 45
106 38
107 40
108 37
109 38
110 44
111 40
112 38
113 42
114 36
115 40
116 38
117 42
118 40
119 38
120 39
121 37
122 36
123 38
124 46
125 40
126 43
127 40
128 39
129 37
130 38
131 37
132 41
133 40
134 41
135 40
136 38
137 42
138 39
139 37
140 37
141 40
142 39
143 37
144 43
145 41
146 39
147 38
148 41
149 41
150 38
151 36
152 35
153 35
154 35
155 38
156 42
157 42
158 42
159 44
160 39
161 38
162 39
163 40
164 39
165 35
166 37
167 41
168 39
169 41
170 40
171 38
172 38
173 40
174 41
175 43
176 39
177 38
178 41
179 41
180 37
181 43
182 43
183 42
184 40
185 40
186 39
187 40
188 38
189 41
190 41
191 42
192 38
193 40
194 43
195 37
196 37
197 42
198 45
199 43
200 37
201 35
202 41
203 41
204 39
205 40
206 39
207 42
208 41
209 43
210 42
211 44
212 45
213 36
214 34
215 35
216 42
217 41
218 36
219 43
220 41
221 39
222 36
223 35
224 41
225 40
226 37
227 37
228 35
229 39
230 39
231 37
232 40
233 41
234 38
235 41
236 39
237 41
238 34
239 40
240 42
241 42
242 40
243 42
244 41
245 39
246 39
247 42
248 38
249 34
250 41
251 39
252 38
253 37
254 41
255 40
256 40
257 37
258 38
259 38
260 37
261 37
262 38
263 36
264 38
265 42
266 40
267 43
268 38
269 37
270 40
271 37
272 39
273 41
274 41
275 44
276 42
277 42
278 39
279 36
280 39
281 35
282 39
283 38
284 42
285 42
286 40
287 40
288 38
289 36
290 36
291 37
292 40
293 35
294 37
295 42
296 42
297 43
298 44
299 43
300 43
301 43
302 41
303 42
304 41
305 37
306 39
307 40
308 41
309 38
310 37
311 35
312 39
313 45
314 41
315 39
316 41
317 44
318 43
319 41
320 40
321 40
322 41
323 41
324 42
325 37
326 37
327 42
328 40
329 39
330 41
331 39
332 36
333 39
334 38
335 41
336 42
337 39
338 43
339 41
340 43
341 44
342 41
343 39
344 42
345 42
346 40
347 39
348 40
349 39
350 40
351 39
352 43
353 39
354 37
355 37
356 41
357 41
358 35
359 35
360 36
361 38
362 40
363 40
364 40
365 43
366 44
367 41
368 40
369 39
370 37
371 34
372 40
373 42
374 39
375 39
376 37
377 41
378 40
379 39
380 39
381 41
382 40
383 44
384 37
385 40
386 39
387 41
388 38
389 35
390 37
391 40
392 35
393 35
394 35
395 39
396 41
397 44
398 40
399 42
400 42
401 43
402 40
403 41
404 42
405 43
406 42
407 40
408 39
409 38
410 35
411 36
412 38
413 36
414 36
415 40
416 38
417 40
418 37
419 38
420 39
421 41
422 30
423 35
424 39
425 37
426 35
427 39
428 40
429 39
430 39
431 40
432 41
433 44
434 43
435 38
436 37
437 37
438 43
439 41
440 42
441 43
442 40
443 38
444 43
445 39
446 42
447 43
448 40
449 41
450 42
451 45
452 39
453 44
454 40
455 39
456 44
457 42
458 38
459 38
460 41
461 41
462 42
463 42
464 42
465 40
466 45
467 45
468 38
469 41
470 42
471 41
472 43
473 42
474 38
475 40
476 35
477 37
478 43
479 42
480 42
481 37
482 44
483 37
484 40
485 44
486 39
487 42
488 41
489 37
490 38
491 39
492 43
493 43
494 44
495 37
496 39
497 36
498 39
499 40
500 37
501 39
502 43
503 43
504 42
505 37
506 41
507 43
508 43
509 43
510 41
511 40
512 37
513 40
514 40
515 41
516 45
517 43
518 34
519 36
520 37
521 40
522 40
523 43
524 45
525 42
526 42
527 44
528 39
529 37
530 40
531 39
532 38
533 40
534 39
535 37
536 40
537 41
538 39
539 40
540 38
541 37
542 39
543 37
544 39
545 38
546 40
547 41
548 37
549 41
550 39
551 39
552 37
553 39
554 35
555 41
556 41
557 39
558 39
559 43
560 38
561 41
562 40
563 40
564 44
565 43
566 41
567 38
568 40
569 41
570 36
571 41
572 42
573 43
574 41
575 39
576 43
577 44
578 40
579 39
580 39
581 41
582 41
583 38
584 38
585 37
586 40
587 39
588 36
589 38
590 41
591 44
592 44
593 40
594 36
595 37
596 37
597 36
598 37
599 38
600 42
601 42
602 41
603 40
604 39
605 38
606 42
607 41
608 42
609 40
610 35
611 39
612 40
613 41
614 37
615 41
616 40
617 39
618 38
619 42
620 42
621 43
622 40
623 42
624 43
625 43
626 40
627 41
628 41
629 40
630 40
631 36
632 38
633 40
634 42
635 39
636 40
637 43
638 40
639 40
640 40
641 42
642 43
643 42
644 41
645 37
646 38
647 42
648 40
649 42
650 41
651 42
652 42
653 42
654 40
655 39
656 42
657 41
658 40
659 42
660 38
661 38
662 40
663 41
664 40
665 39
666 40
667 42
668 40
669 43
670 42
671 42
672 40
673 40
674 36
675 41
676 39
677 39
678 35
679 40
680 40
681 42
682 40
683 40
684 42
685 41
686 38
687 45
688 42
689 40
690 41
691 43
692 44
693 46
694 44
695 40
696 38
697 40
698 41
699 38
700 43
701 44
702 43
703 41
704 40
705 39
706 38
707 42
708 41
709 38
710 40
711 42
712 42
713 37
714 44
715 41
716 40
717 41
718 39
719 38
720 38
721 42
722 44
723 41
724 38
725 42
726 39
727 39
728 44
729 45
730 43
731 40
732 35
733 41
734 40
735 38
736 40
737 39
738 37
739 36
740 41
741 41
742 40
743 43
744 40
745 42
746 41
747 42
748 40
749 36
750 41
751 37
752 37
753 40
754 43
755 43
756 43
757 37
758 36
759 42
760 43
761 41
762 39
763 39
764 39
765 35
766 41
767 40
768 39
769 38
770 39
771 42
772 42
773 38
774 38
775 42
776 40
777 42
778 40
779 36
780 37
781 42
782 42
783 37
784 41
785 41
786 37
787 43
788 40
789 40
790 41
791 38
792 38
793 37
794 38
795 41
796 40
797 45
798 41
799 42
800 37
801 42
802 37
803 42
804 38
805 37
806 42
807 45
808 44
809 44
810 42
811 40
812 42
813 39
814 42
815 41
816 40
817 40
818 39
819 41
820 42
821 37
822 36
823 36
824 35
825 41
826 40
827 39
828 37
829 39
830 43
831 43
832 42
833 42
834 38
835 37
836 33
837 38
838 36
839 41
840 44
841 44
842 43
843 44
844 37
845 37
846 39
847 36
848 36
849 38
850 37
851 38
852 38
853 41
854 43
855 36
856 39
857 42
858 42
859 42
860 44
861 41
862 41
863 41
864 38
865 40
866 38
867 38
868 36
869 37
870 39
871 37
872 35
873 37
874 37
875 38
876 41
877 32
878 37
879 41
880 42
881 37
882 39
883 41
884 39
885 38
886 42
887 41
888 42
889 40
890 39
891 37
892 36
893 36
894 36
895 41
896 44
897 45
898 41
899 40
900 39
901 36
902 41
903 42
904 40
905 40
906 37
907 36
908 39
909 43
910 41
911 40
912 36
913 36
914 38
915 37
916 35
917 40
918 38
919 42
920 40
921 41
922 37
923 41
924 38
925 39
926 40
927 37
928 39
929 40
930 39
931 36
932 38
933 43
934 41
935 40
936 42
937 40
938 37
939 38
940 36
941 37
942 43
943 41
944 41
945 40
946 41
947 44
948 41
949 43
950 35
951 40
952 39
953 40
954 37
955 39
956 42
957 39
958 41
959 40
960 41
961 41
962 40
963 35
964 39
965 41
966 41
967 37
968 36
969 35
970 38
971 44
972 41
973 41
974 41
975 40
976 40
977 40
978 39
979 40
980 41
981 44
982 44
983 45
984 44
985 43
986 40
987 40
988 37
989 38
990 37
991 37
992 37
993 37
994 38
995 38
996 40
997 41
998 42
999 38
1000 40
