0 55
1 54
2 54
3 53
4 52
5 52
6 51
7 51
8 50
9 49
10 49
11 48
12 47
13 47
14 46
15 46
16 46
17 46
18 44
19 44
20 43
21 41
22 40
23 40
24 39
25 39
26 38
27 36
28 36
29 37
30 36
31 37
32 37
33 37
34 36
35 36
36 36
37 36
38 37
39 37
40 36
41 36
42 35
43 35
44 36
45 37
46 36
47 35
48 35
49 35
50 35
51 37
52 36
53 35
54 35
55 33
56 33
57 32
58 32
59 32
60 32
61 31
62 32
63 30
64 30
65 30
66 30
67 30
68 28
69 29
70 29
71 29
72 29
73 29
74 30
75 30
76 29
77 27
78 27
79 28
80 28
81 28
82 28
83 28
84 27
85 26
86 26
87 26
88 27
89 27
90 28
91 27
92 26
93 28
94 28
95 28
96 29
97 30
98 30
99 29
100 29
101 29
102 29
103 30
104 29
105 30
106 29
107 30
108 31
109 31
110 32
111 32
112 32
113 32
114 31
115 30
116 30
117 30
118 30
119 30
120 30
121 30
122 29
123 31
124 31
125 30
126 30
127 32
128 32
129 33
130 33
131 34
132 35
133 35
134 34
135 34
136 32
137 32
138 33
139 34
140 34
141 34
142 34
143 33
144 33
145 33
146 34
147 34
148 34
149 35
150 35
151 35
152 34
153 34
154 34
155 34
156 34
157 34
158 34
159 34
160 33
161 33
162 32
163 32
164 32
165 33
166 34
167 34
168 34
169 33
170 34
171 34
172 35
173 35
174 35
175 35
176 33
177 33
178 33
179 34
180 33
181 33
182 34
183 33
184 33
185 34
186 34
187 31
188 31
189 31
190 32
191 31
192 31
193 31
194 31
195 31
196 32
197 31
198 31
199 32
200 30
201 29
202 29
203 29
204 28
205 28
206 28
207 28
208 29
209 29
210 31
211 31
212 31
213 30
214 30
215 30
216 29
217 29
218 29
219 30
220 31
221 31
222 32
223 31
224 30
225 30
226 30
227 31
228 31
229 30
230 30
231 29
232 30
233 30
234 30
235 31
236 30
237 30
238 30
239 31
240 31
241 30
242 30
243 31
244 31
245 30
246 29
247 30
248 29
249 28
250 29
251 29
252 31
253 32
254 32
255 32
256 33
257 33
258 32
259 31
260 31
261 30
262 31
263 31
264 31
265 31
266 32
267 32
268 31
269 31
270 31
271 30
272 31
273 30
274 30
275 29
276 30
277 30
278 30
279 29
280 28
281 27
282 25
283 25
284 26
285 27
286 27
287 26
288 25
289 26
290 26
291 26
292 27
293 27
294 28
295 28
296 28
297 28
298 27
299 29
300 31
301 30
302 31
303 31
304 30
305 32
306 32
307 32
308 31
309 32
310 32
311 32
312 33
313 32
314 32
315 32
316 33
317 33
318 32
319 32
320 31
321 31
322 31
323 31
324 32
325 32
326 33
327 33
328 32
329 32
330 30
331 29
332 30
333 29
334 29
335 28
336 27
337 27
338 26
339 26
340 25
341 24
342 23
343 24
344 25
345 26
346 26
347 26
348 27
349 28
350 29
351 29
352 28
353 28
354 27
355 27
356 27
357 27
358 27
359 28
360 28
361 28
362 27
363 27
364 27
365 26
366 25
367 24
368 24
369 24
370 25
371 25
372 26
373 26
374 26
375 26
376 26
377 26
378 28
379 28
380 28
381 29
382 28
383 29
384 29
385 29
386 30
387 30
388 31
389 31
390 33
391 33
392 33
393 34
394 33
395 32
396 32
397 32
398 32
399 32
400 32
401 32
402 30
403 30
404 30
405 30
406 31
407 30
408 30
409 30
410 29
411 29
412 29
413 29
414 30
415 30
416 30
417 30
418 30
419 30
420 29
421 30
422 31
423 32
424 32
425 32
426 33
427 32
428 33
429 34
430 34
431 34
432 34
433 35
434 36
435 36
436 35
437 35
438 35
439 35
440 35
441 35
442 35
443 34
444 32
445 32
446 32
447 32
448 32
449 32
450 32
451 31
452 31
453 31
454 30
455 30
456 30
457 30
458 30
459 30
460 29
461 29
462 29
463 28
464 29
465 29
466 29
467 29
468 29
469 30
470 30
471 28
472 28
473 28
474 27
475 26
476 26
477 26
478 25
479 25
480 25
481 26
482 27
483 25
484 25
485 25
486 25
487 24
488 24
489 24
490 24
491 25
492 25
493 25
494 24
495 24
496 24
497 25
498 25
499 26
500 27
501 28
502 28
503 28
504 29
505 29
506 29
507 30
508 30
509 30
510 29
511 29
512 28
513 29
514 28
515 27
516 26
517 26
518 27
519 27
520 26
521 26
522 27
523 28
524 28
525 28
526 27
527 26
528 26
529 26
530 25
531 25
532 25
533 24
534 25
535 25
536 25
537 25
538 25
539 25
540 25
541 26
542 27
543 26
544 26
545 26
546 27
547 27
548 28
549 27
550 27
551 27
552 27
553 27
554 26
555 26
556 25
557 26
558 26
559 25
560 26
561 26
562 25
563 24
564 25
565 25
566 24
567 23
568 24
569 25
570 26
571 26
572 25
573 25
574 24
575 23
576 23
577 23
578 24
579 24
580 24
581 24
582 23
583 23
584 23
585 23
586 24
587 26
588 27
589 27
590 27
591 27
592 27
593 28
594 28
595 28
596 29
597 30
598 30
599 30
600 30
601 29
602 28
603 27
604 28
605 28
606 29
607 29
608 29
609 30
610 31
611 30
612 29
613 29
614 29
615 29
616 28
617 29
618 29
619 28
620 28
621 28
622 27
623 27
624 27
625 27
626 27
627 27
628 28
629 28
630 29
631 29
632 29
633 29
634 29
635 29
636 28
637 29
638 29
639 30
640 30
641 29
642 29
643 29
644 29
645 28
646 27
647 28
648 28
649 28
650 27
651 27
652 27
653 26
654 26
655 25
656 24
657 24
658 25
659 26
660 27
661 28
662 28
663 28
664 28
665 28
666 28
667 29
668 29
669 29
670 30
671 30
672 30
673 30
674 29
675 29
676 30
677 29
678 28
679 28
680 28
681 28
682 29
683 29
684 30
685 29
686 28
687 28
688 28
689 28
690 29
691 30
692 30
693 30
694 31
695 30
696 29
697 29
698 29
699 28
700 29
701 30
702 30
703 30
704 27
705 27
706 26
707 26
708 28
709 27
710 26
711 27
712 26
713 26
714 26
715 26
716 26
717 26
718 26
719 26
720 25
721 24
722 24
723 25
724 25
725 25
726 24
727 24
728 24
729 23
730 23
731 22
732 21
733 22
734 22
735 22
736 22
737 22
738 23
739 24
740 23
741 23
742 24
743 24
744 24
745 23
746 23
747 23
748 24
749 24
750 25
751 25
752 25
753 25
754 26
755 26
756 26
757 24
758 24
759 24
760 26
761 27
762 27
763 27
764 27
765 27
766 27
767 28
768 27
769 26
770 26
771 26
772 26
773 27
774 26
775 27
776 27
777 26
778 25
779 24
780 25
781 25
782 26
783 25
784 26
785 25
786 25
787 27
788 27
789 27
790 27
791 27
792 27
793 28
794 28
795 27
796 27
797 27
798 27
799 28
800 28
801 29
802 31
803 32
804 33
805 33
806 33
807 32
808 33
809 34
810 34
811 32
812 31
813 31
814 30
815 30
816 29
817 29
818 27
819 28
820 29
821 30
822 30
823 30
824 30
825 30
826 30
827 30
828 30
829 31
830 30
831 30
832 31
833 32
834 32
835 31
836 30
837 29
838 29
839 28
840 29
841 29
842 29
843 29
844 29
845 28
846 28
847 28
848 29
849 29
850 30
851 31
852 31
853 31
854 32
855 32
856 29
857 29
858 28
859 28
860 28
861 28
862 29
863 29
864 30
865 31
866 32
867 32
868 32
869 32
870 32
871 32
872 32
873 33
874 32
875 32
876 32
877 31
878 31
879 31
880 31
881 30
882 32
883 32
884 32
885 33
886 32
887 33
888 32
889 31
890 31
891 30
892 28
893 29
894 29
895 29
896 29
897 30
898 30
899 31
900 31
901 30
902 30
903 29
904 30
905 28
906 29
907 28
908 27
909 27
910 27
911 27
912 29
913 29
914 29
915 28
916 28
917 28
918 27
919 27
920 27
921 27
922 27
923 27
924 28
925 27
926 27
927 28
928 30
929 30
930 30
931 30
932 30
933 30
934 28
935 28
936 28
937 28
938 29
939 29
940 28
941 28
942 27
943 27
944 25
945 25
946 26
947 26
948 26
949 26
950 26
951 27
952 26
953 26
954 26
955 25
956 25
957 25
958 25
959 24
960 24
961 24
962 24
963 25
964 25
965 25
966 25
967 24
968 24
969 24
970 25
971 26
972 24
973 25
974 25
975 26
976 27
977 26
978 25
979 25
980 25
981 24
982 25
983 25
984 24
985 23
986 23
987 22
988 22
989 24
990 25
991 24
992 25
993 25
994 25
995 25
996 26
997 25
998 24
999 25
1000 25
