0 95
1 88
2 83
3 80
4 75
5 68
6 66
7 64
8 63
9 64
10 62
11 61
12 58
13 59
14 60
15 58
16 57
17 58
18 58
19 59
20 61
21 62
22 62
23 61
24 59
25 58
26 58
27 56
28 55
29 57
30 56
31 57
32 54
33 56
34 53
35 56
36 54
37 56
38 54
39 54
40 54
41 51
42 53
43 56
44 55
45 52
46 55
47 54
48 54
49 56
50 54
51 54
52 54
53 53
54 52
55 54
56 54
57 55
58 54
59 57
60 56
61 57
62 54
63 56
64 55
65 57
66 58
67 54
68 54
69 56
70 56
71 55
72 54
73 53
74 51
75 50
76 51
77 53
78 52
79 57
80 57
81 56
82 56
83 59
84 58
85 59
86 58
87 59
88 61
89 58
90 58
91 56
92 54
93 55
94 54
95 55
96 55
97 51
98 49
99 48
100 49
101 49
102 48
103 48
104 51
105 52
106 55
107 54
108 56
109 55
110 58
111 61
112 61
113 63
114 63
115 59
116 58
117 57
118 55
119 56
120 53
121 55
122 56
123 57
124 55
125 57
126 58
127 59
128 57
129 53
130 53
131 53
132 54
133 53
134 54
135 54
136 54
137 55
138 54
139 52
140 54
141 51
142 53
143 55
144 54
145 54
146 56
147 59
148 59
149 57
150 55
151 56
152 54
153 56
154 56
155 54
156 54
157 57
158 51
159 52
160 50
161 45
162 46
163 45
164 45
165 47
166 49
167 50
168 45
169 48
170 47
171 51
172 53
173 55
174 55
175 54
176 55
177 53
178 55
179 51
180 51
181 52
182 49
183 51
184 49
185 51
186 51
187 51
188 52
189 53
190 48
191 51
192 52
193 51
194 52
195 52
196 53
197 50
198 50
199 48
200 49
201 52
202 51
203 54
204 54
205 55
206 56
207 54
208 54
209 53
210 51
211 52
212 55
213 56
214 55
215 56
216 55
217 56
218 54
219 53
220 55
221 53
222 53
223 51
224 53
225 54
226 53
227 56
228 57
229 57
230 58
231 57
232 58
233 59
234 58
235 57
236 59
237 59
238 59
239 53
240 54
241 51
242 51
243 48
244 49
245 51
246 50
247 51
248 54
249 56
250 55
251 54
252 57
253 56
254 53
255 53
256 53
257 55
258 54
259 56
260 59
261 59
262 57
263 55
264 57
265 59
266 57
267 57
268 59
269 57
270 57
271 56
272 56
273 56
274 55
275 55
276 53
277 54
278 53
279 52
280 55
281 55
282 57
283 59
284 57
285 58
286 58
287 57
288 56
289 56
290 58
291 58
292 57
293 55
294 55
295 54
296 54
297 56
298 58
299 59
300 62
301 61
302 60
303 56
304 57
305 59
306 60
307 58
308 56
309 58
310 54
311 55
312 52
313 52
314 52
315 52
316 53
317 53
318 54
319 51
320 50
321 54
322 51
323 51
324 51
325 51
326 53
327 54
328 57
329 55
330 55
331 55
332 57
333 57
334 56
335 55
336 54
337 58
338 57
339 55
340 55
341 53
342 53
343 51
344 54
345 56
346 54
347 54
348 55
349 54
350 57
351 58
352 56
353 57
354 58
355 56
356 56
357 57
358 57
359 56
360 54
361 55
362 54
363 54
364 56
365 56
366 57
367 55
368 56
369 58
370 56
371 53
372 52
373 51
374 52
375 51
376 54
377 56
378 56
379 55
380 57
381 55
382 57
383 55
384 56
385 52
386 53
387 56
388 55
389 52
390 49
391 49
392 53
393 56
394 59
395 57
396 53
397 53
398 53
399 54
400 56
401 56
402 56
403 55
404 56
405 59
406 58
407 58
408 58
409 57
410 58
411 58
412 57
413 58
414 58
415 59
416 59
417 55
418 55
419 58
420 59
421 60
422 62
423 60
424 62
425 62
426 61
427 63
428 64
429 64
430 63
431 63
432 63
433 65
434 66
435 63
436 62
437 62
438 63
439 62
440 59
441 60
442 62
443 61
444 61
445 60
446 58
447 57
448 59
449 61
450 60
451 61
452 62
453 59
454 56
455 57
456 58
457 58
458 59
459 58
460 57
461 58
462 57
463 58
464 60
465 59
466 58
467 60
468 59
469 60
470 59
471 59
472 59
473 57
474 57
475 56
476 57
477 60
478 58
479 57
480 55
481 56
482 55
483 53
484 54
485 56
486 58
487 60
488 60
489 59
490 55
491 54
492 55
493 55
494 56
495 58
496 57
497 54
498 53
499 54
500 54
501 58
502 59
503 61
504 60
505 58
506 59
507 57
508 56
509 56
510 54
511 55
512 54
513 56
514 53
515 53
516 53
517 53
518 54
519 53
520 57
521 57
522 58
523 57
524 57
525 58
526 54
527 55
528 52
529 52
530 52
531 54
532 52
533 51
534 54
535 56
536 56
537 55
538 54
539 55
540 56
541 56
542 54
543 56
544 56
545 57
546 55
547 52
548 53
549 55
550 55
551 57
552 56
553 57
554 57
555 59
556 57
557 56
558 57
559 59
560 56
561 57
562 59
563 58
564 57
565 56
566 54
567 57
568 59
569 56
570 54
571 54
572 54
573 56
574 57
575 56
576 54
577 53
578 54
579 52
580 53
581 55
582 54
583 53
584 55
585 58
586 58
587 57
588 56
589 56
590 56
591 57
592 57
593 58
594 58
595 58
596 58
597 58
598 57
599 56
600 55
601 55
602 55
603 53
604 58
605 55
606 55
607 56
608 55
609 54
610 55
611 54
612 56
613 56
614 56
615 54
616 54
617 57
618 57
619 58
620 59
621 57
622 58
623 57
624 59
625 59
626 60
627 57
628 56
629 55
630 53
631 53
632 53
633 55
634 55
635 54
636 54
637 56
638 56
639 58
640 54
641 52
642 52
643 50
644 48
645 48
646 47
647 49
648 52
649 53
650 56
651 57
652 58
653 55
654 52
655 52
656 52
657 52
658 55
659 52
660 50
661 50
662 50
663 51
664 52
665 54
666 54
667 56
668 56
669 55
670 55
671 55
672 55
673 57
674 57
675 57
676 57
677 58
678 56
679 56
680 55
681 54
682 57
683 57
684 58
685 57
686 57
687 57
688 57
689 57
690 53
691 54
692 54
693 53
694 56
695 57
696 58
697 59
698 59
699 59
700 59
701 60
702 61
703 61
704 60
705 59
706 55
707 54
708 56
709 57
710 56
711 56
712 54
713 56
714 57
715 55
716 53
717 55
718 56
719 57
720 55
721 53
722 53
723 54
724 54
725 57
726 58
727 60
728 60
729 62
730 60
731 62
732 63
733 62
734 58
735 57
736 57
737 58
738 59
739 59
740 55
741 55
742 56
743 56
744 53
745 55
746 59
747 59
748 53
749 53
750 55
751 54
752 54
753 55
754 56
755 54
756 56
757 57
758 57
759 59
760 59
761 60
762 57
763 56
764 57
765 59
766 54
767 53
768 51
769 51
770 52
771 53
772 54
773 53
774 50
775 50
776 50
777 50
778 50
779 51
780 51
781 48
782 49
783 50
784 51
785 52
786 49
787 53
788 54
789 52
790 50
791 51
792 53
793 54
794 54
795 52
796 53
797 53
798 51
799 54
800 51
801 51
802 51
803 52
804 53
805 56
806 55
807 55
808 56
809 54
810 55
811 54
812 56
813 54
814 54
815 54
816 53
817 49
818 53
819 55
820 56
821 53
822 52
823 53
824 51
825 48
826 50
827 49
828 48
829 50
830 49
831 50
832 52
833 52
834 53
835 53
836 54
837 53
838 56
839 56
840 55
841 56
842 55
843 55
844 56
845 57
846 59
847 57
848 56
849 55
850 54
851 56
852 54
853 52
854 53
855 53
856 53
857 53
858 50
859 53
860 54
861 52
862 54
863 57
864 56
865 57
866 57
867 58
868 59
869 60
870 60
871 56
872 55
873 53
874 51
875 51
876 48
877 50
878 53
879 54
880 53
881 53
882 54
883 57
884 59
885 61
886 63
887 62
888 61
889 61
890 61
891 62
892 64
893 61
894 60
895 56
896 54
897 56
898 57
899 54
900 54
901 52
902 53
903 55
904 59
905 57
906 56
907 55
908 52
909 52
910 53
911 55
912 58
913 54
914 57
915 60
916 55
917 54
918 52
919 54
920 54
921 55
922 58
923 56
924 56
925 57
926 56
927 58
928 56
929 53
930 54
931 57
932 57
933 57
934 55
935 56
936 57
937 56
938 55
939 55
940 53
941 52
942 52
943 52
944 51
945 52
946 53
947 53
948 53
949 55
950 51
951 49
952 51
953 48
954 49
955 51
956 53
957 52
958 50
959 51
960 54
961 53
962 57
963 56
964 56
965 58
966 59
967 59
968 60
969 59
970 61
971 61
972 62
973 60
974 56
975 54
976 54
977 55
978 56
979 57
980 58
981 58
982 58
983 57
984 59
985 60
986 59
987 59
988 58
989 60
990 58
991 56
992 54
993 51
994 54
995 56
996 58
997 59
998 56
999 55
1000 52
