0 85
1 64
2 59
3 60
4 57
5 58
6 55
7 55
8 57
9 57
10 56
11 58
12 60
13 57
14 54
15 54
16 54
17 55
18 50
19 54
20 55
21 56
22 55
23 55
24 55
25 55
26 50
27 53
28 57
29 58
30 54
31 59
32 58
33 57
34 56
35 55
36 54
37 52
38 53
39 58
40 55
41 57
42 56
43 59
44 60
45 58
46 57
47 56
48 60
49 54
50 56
51 55
52 52
53 52
54 53
55 56
56 57
57 55
58 55
59 55
60 54
61 55
62 56
63 57
64 59
65 56
66 53
67 54
68 54
69 52
70 49
71 52
72 53
73 57
74 57
75 55
76 57
77 58
78 57
79 57
80 53
81 56
82 53
83 54
84 53
85 55
86 53
87 47
88 54
89 56
90 54
91 56
92 58
93 58
94 58
95 55
96 57
97 57
98 55
99 58
100 54
101 57
102 57
103 54
104 52
105 51
106 54
107 53
108 56
109 53
110 56
111 56
112 51
113 56
114 53
115 51
116 54
117 56
118 58
119 51
120 47
121 51
122 52
123 55
124 55
125 56
126 51
127 54
128 60
129 57
130 55
131 53
132 53
133 54
134 57
135 58
136 55
137 59
138 54
139 55
140 56
141 58
142 56
143 58
144 58
145 55
146 52
147 53
148 51
149 55
150 57
151 55
152 60
153 58
154 57
155 59
156 56
157 54
158 55
159 52
160 55
161 57
162 56
163 58
164 55
165 59
166 58
167 55
168 54
169 53
170 54
171 54
172 58
173 59
174 60
175 54
176 52
177 52
178 53
179 53
180 55
181 54
182 55
183 53
184 51
185 58
186 57
187 55
188 55
189 57
190 57
191 51
192 56
193 51
194 57
195 57
196 62
197 57
198 57
199 59
200 58
201 55
202 53
203 53
204 56
205 48
206 51
207 52
208 56
209 57
210 56
211 52
212 53
213 55
214 53
215 57
216 57
217 56
218 56
219 59
220 56
221 56
222 53
223 53
224 55
225 57
226 56
227 53
228 51
229 54
230 56
231 56
232 57
233 56
234 57
235 57
236 54
237 54
238 52
239 55
240 55
241 55
242 58
243 55
244 53
245 53
246 58
247 54
248 57
249 56
250 52
251 49
252 53
253 56
254 54
255 57
256 55
257 56
258 58
259 60
260 59
261 59
262 56
263 57
264 54
265 55
266 51
267 52
268 55
269 58
270 56
271 58
272 61
273 58
274 55
275 56
276 58
277 52
278 54
279 56
280 55
281 60
282 61
283 57
284 50
285 50
286 48
287 53
288 56
289 60
290 57
291 57
292 55
293 51
294 52
295 51
296 55
297 51
298 55
299 55
300 57
301 56
302 56
303 58
304 58
305 55
306 53
307 53
308 54
309 58
310 56
311 55
312 57
313 59
314 58
315 52
316 55
317 52
318 56
319 59
320 54
321 55
322 52
323 55
324 54
325 57
326 59
327 56
328 55
329 54
330 57
331 54
332 53
333 56
334 57
335 58
336 60
337 58
338 57
339 54
340 58
341 57
342 60
343 60
344 60
345 60
346 60
347 55
348 59
349 56
350 57
351 60
352 60
353 60
354 60
355 58
356 59
357 48
358 55
359 56
360 52
361 56
362 59
363 55
364 57
365 57
366 54
367 54
368 60
369 55
370 52
371 54
372 55
373 59
374 61
375 58
376 60
377 57
378 58
379 56
380 54
381 51
382 56
383 58
384 60
385 57
386 59
387 50
388 53
389 54
390 57
391 53
392 56
393 58
394 55
395 53
396 49
397 52
398 53
399 52
400 58
401 57
402 57
403 57
404 58
405 61
406 58
407 57
408 55
409 55
410 53
411 58
412 54
413 56
414 56
415 58
416 56
417 58
418 53
419 51
420 54
421 52
422 53
423 56
424 60
425 57
426 56
427 57
428 56
429 57
430 56
431 53
432 50
433 50
434 53
435 52
436 57
437 58
438 55
439 55
440 57
441 54
442 57
443 50
444 49
445 52
446 54
447 53
448 57
449 57
450 54
451 59
452 55
453 53
454 54
455 57
456 56
457 55
458 57
459 56
460 54
461 54
462 53
463 57
464 53
465 51
466 57
467 53
468 58
469 56
470 54
471 51
472 52
473 58
474 52
475 55
476 56
477 55
478 50
479 51
480 58
481 55
482 58
483 57
484 57
485 56
486 54
487 57
488 51
489 50
490 49
491 49
492 52
493 55
494 53
495 54
496 55
497 52
498 54
499 54
500 52
501 52
502 53
503 53
504 56
505 55
506 56
507 53
508 51
509 56
510 56
511 57
512 53
513 55
514 55
515 54
516 57
517 58
518 59
519 56
520 59
521 54
522 53
523 55
524 56
525 57
526 56
527 56
528 57
529 58
530 49
531 49
532 53
533 53
534 57
535 56
536 52
537 51
538 55
539 55
540 56
541 58
542 58
543 59
544 55
545 54
546 58
547 59
548 59
549 57
550 54
551 58
552 57
553 56
554 55
555 59
556 58
557 55
558 57
559 58
560 55
561 57
562 60
563 58
564 57
565 58
566 58
567 55
568 55
569 56
570 55
571 52
572 51
573 54
574 58
575 50
576 52
577 55
578 54
579 52
580 56
581 57
582 58
583 58
584 58
585 55
586 55
587 55
588 56
589 57
590 60
591 57
592 58
593 56
594 53
595 54
596 53
597 55
598 54
599 55
600 55
601 59
602 55
603 56
604 54
605 51
606 51
607 54
608 54
609 57
610 57
611 55
612 57
613 57
614 57
615 58
616 58
617 57
618 57
619 57
620 54
621 56
622 57
623 55
624 56
625 55
626 58
627 57
628 54
629 53
630 55
631 47
632 53
633 52
634 52
635 54
636 55
637 56
638 56
639 54
640 58
641 57
642 53
643 53
644 58
645 56
646 56
647 56
648 57
649 59
650 55
651 51
652 57
653 57
654 57
655 58
656 58
657 55
658 56
659 57
660 55
661 58
662 58
663 55
664 56
665 58
666 55
667 50
668 53
669 49
670 54
671 54
672 57
673 55
674 58
675 53
676 60
677 55
678 58
679 51
680 55
681 55
682 54
683 51
684 52
685 48
686 51
687 51
688 52
689 48
690 54
691 57
692 60
693 56
694 50
695 54
696 59
697 57
698 54
699 53
700 56
701 56
702 53
703 54
704 54
705 56
706 56
707 57
708 56
709 57
710 59
711 56
712 56
713 59
714 58
715 56
716 54
717 55
718 53
719 52
720 54
721 56
722 54
723 49
724 51
725 56
726 56
727 52
728 50
729 53
730 56
731 58
732 53
733 55
734 54
735 54
736 56
737 58
738 56
739 58
740 57
741 61
742 56
743 55
744 56
745 56
746 59
747 60
748 54
749 55
750 54
751 57
752 51
753 52
754 56
755 57
756 57
757 58
758 56
759 51
760 53
761 57
762 56
763 54
764 54
765 54
766 52
767 54
768 58
769 56
770 51
771 52
772 57
773 60
774 49
775 51
776 52
777 55
778 51
779 56
780 51
781 51
782 60
783 53
784 50
785 52
786 52
787 58
788 57
789 56
790 56
791 58
792 60
793 51
794 53
795 53
796 51
797 54
798 53
799 54
800 52
801 53
802 56
803 57
804 58
805 56
806 55
807 59
808 57
809 57
810 54
811 58
812 56
813 54
814 54
815 57
816 53
817 52
818 56
819 53
820 54
821 56
822 55
823 55
824 56
825 56
826 57
827 60
828 56
829 57
830 56
831 56
832 59
833 49
834 52
835 54
836 59
837 55
838 57
839 58
840 53
841 54
842 57
843 59
844 55
845 51
846 56
847 53
848 56
849 53
850 54
851 54
852 49
853 49
854 55
855 52
856 50
857 54
858 54
859 58
860 54
861 57
862 60
863 54
864 56
865 54
866 49
867 54
868 53
869 54
870 52
871 51
872 57
873 58
874 53
875 54
876 50
877 53
878 54
879 54
880 53
881 56
882 57
883 55
884 58
885 55
886 56
887 58
888 59
889 53
890 52
891 57
892 56
893 49
894 55
895 56
896 60
897 58
898 58
899 54
900 54
901 55
902 54
903 55
904 55
905 54
906 56
907 55
908 56
909 51
910 55
911 55
912 58
913 55
914 53
915 56
916 58
917 56
918 58
919 59
920 55
921 53
922 55
923 52
924 54
925 55
926 54
927 50
928 55
929 54
930 51
931 47
932 55
933 52
934 53
935 56
936 55
937 56
938 57
939 57
940 53
941 56
942 53
943 55
944 51
945 57
946 56
947 58
948 57
949 58
950 58
951 55
952 54
953 52
954 52
955 56
956 56
957 56
958 59
959 55
960 57
961 58
962 59
963 58
964 55
965 50
966 50
967 47
968 50
969 54
970 56
971 60
972 58
973 54
974 54
975 57
976 54
977 49
978 54
979 55
980 57
981 53
982 52
983 53
984 53
985 54
986 53
987 56
988 54
989 54
990 55
991 56
992 57
993 56
994 55
995 56
996 54
997 53
998 54
999 54
1000 54
