0 75
1 59
2 54
3 44
4 45
5 47
6 47
7 48
8 49
9 47
10 48
11 48
12 48
13 46
14 49
15 46
16 41
17 45
18 45
19 47
20 47
21 49
22 51
23 52
24 51
25 51
26 52
27 50
28 47
29 47
30 46
31 49
32 51
33 47
34 52
35 48
36 52
37 50
38 51
39 51
40 46
41 50
42 50
43 50
44 52
45 51
46 48
47 47
48 45
49 46
50 50
51 49
52 46
53 43
54 49
55 48
56 47
57 48
58 49
59 48
60 52
61 50
62 49
63 50
64 51
65 47
66 47
67 49
68 49
69 48
70 46
71 49
72 50
73 51
74 48
75 51
76 50
77 52
78 49
79 48
80 48
81 46
82 52
83 51
84 48
85 48
86 47
87 48
88 48
89 49
90 48
91 45
92 46
93 46
94 52
95 53
96 51
97 47
98 48
99 49
100 50
101 48
102 49
103 41
104 46
105 50
106 50
107 49
108 48
109 49
110 50
111 50
112 47
113 49
114 50
115 50
116 50
117 47
118 47
119 47
120 46
121 46
122 50
123 51
124 43
125 46
126 47
127 49
128 49
129 48
130 46
131 45
132 53
133 46
134 46
135 41
136 42
137 44
138 50
139 46
140 45
141 45
142 45
143 47
144 45
145 45
146 44
147 48
148 52
149 48
150 51
151 49
152 49
153 48
154 49
155 47
156 46
157 47
158 45
159 47
160 48
161 50
162 48
163 47
164 50
165 51
166 52
167 45
168 49
169 48
170 47
171 49
172 50
173 48
174 49
175 48
176 48
177 46
178 49
179 47
180 49
181 47
182 49
183 48
184 49
185 49
186 50
187 43
188 47
189 49
190 51
191 49
192 45
193 45
194 45
195 43
196 48
197 45
198 45
199 47
200 49
201 47
202 46
203 51
204 51
205 50
206 50
207 50
208 50
209 47
210 48
211 48
212 47
213 50
214 53
215 52
216 51
217 49
218 46
219 47
220 51
221 52
222 50
223 45
224 44
225 44
226 47
227 48
228 49
229 46
230 46
231 50
232 46
233 46
234 45
235 50
236 53
237 52
238 48
239 50
240 50
241 47
242 49
243 48
244 44
245 45
246 40
247 50
248 52
249 52
250 49
251 51
252 52
253 50
254 53
255 50
256 50
257 46
258 48
259 52
260 47
261 48
262 50
263 53
264 43
265 47
266 50
267 47
268 47
269 47
270 45
271 46
272 50
273 51
274 48
275 47
276 49
277 48
278 49
279 50
280 47
281 48
282 48
283 54
284 51
285 50
286 43
287 49
288 48
289 47
290 45
291 49
292 50
293 49
294 47
295 48
296 47
297 47
298 47
299 48
300 50
301 51
302 49
303 48
304 48
305 44
306 45
307 49
308 47
309 50
310 49
311 53
312 50
313 50
314 49
315 46
316 42
317 48
318 48
319 49
320 48
321 49
322 49
323 53
324 47
325 49
326 50
327 50
328 48
329 48
330 51
331 46
332 46
333 48
334 45
335 49
336 50
337 50
338 50
339 49
340 48
341 47
342 48
343 48
344 45
345 46
346 48
347 49
348 49
349 47
350 47
351 53
352 52
353 50
354 48
355 50
356 45
357 46
358 47
359 46
360 45
361 45
362 48
363 48
364 49
365 48
366 49
367 47
368 52
369 50
370 52
371 45
372 50
373 45
374 43
375 43
376 49
377 49
378 51
379 47
380 50
381 52
382 51
383 46
384 50
385 49
386 51
387 49
388 51
389 48
390 46
391 43
392 47
393 51
394 50
395 46
396 44
397 46
398 45
399 46
400 50
401 47
402 45
403 48
404 45
405 45
406 49
407 49
408 49
409 49
410 47
411 48
412 45
413 50
414 49
415 50
416 47
417 45
418 51
419 50
420 47
421 47
422 46
423 45
424 46
425 48
426 50
427 49
428 44
429 47
430 52
431 48
432 48
433 46
434 49
435 47
436 44
437 49
438 50
439 45
440 49
441 51
442 49
443 47
444 48
445 51
446 46
447 47
448 47
449 47
450 51
451 48
452 48
453 49
454 47
455 45
456 43
457 50
458 46
459 50
460 51
461 45
462 47
463 47
464 46
465 48
466 50
467 49
468 46
469 47
470 51
471 48
472 46
473 46
474 49
475 48
476 50
477 51
478 51
479 48
480 50
481 51
482 47
483 49
484 45
485 50
486 51
487 52
488 47
489 50
490 46
491 48
492 47
493 48
494 47
495 50
496 52
497 50
498 53
499 50
500 45
501 48
502 50
503 52
504 50
505 50
506 43
507 47
508 49
509 46
510 44
511 46
512 47
513 48
514 50
515 48
516 49
517 49
518 49
519 49
520 51
521 45
522 44
523 47
524 46
525 52
526 50
527 42
528 48
529 50
530 48
531 48
532 46
533 46
534 46
535 50
536 47
537 46
538 50
539 50
540 47
541 45
542 47
543 49
544 49
545 49
546 49
547 48
548 47
549 47
550 49
551 45
552 49
553 49
554 48
555 51
556 53
557 50
558 49
559 45
560 48
561 49
562 47
563 47
564 49
565 48
566 48
567 51
568 47
569 48
570 50
571 52
572 47
573 47
574 50
575 50
576 44
577 46
578 46
579 44
580 49
581 50
582 49
583 50
584 49
585 51
586 49
587 49
588 46
589 48
590 50
591 51
592 46
593 47
594 49
595 50
596 49
597 49
598 52
599 49
600 49
601 46
602 46
603 47
604 47
605 48
606 49
607 50
608 48
609 50
610 48
611 48
612 50
613 49
614 49
615 47
616 48
617 45
618 44
619 41
620 44
621 45
622 45
623 47
624 46
625 48
626 47
627 46
628 48
629 48
630 47
631 47
632 52
633 51
634 51
635 49
636 50
637 50
638 51
639 52
640 51
641 49
642 46
643 49
644 52
645 52
646 50
647 47
648 45
649 50
650 48
651 49
652 48
653 50
654 50
655 49
656 47
657 46
658 48
659 46
660 48
661 49
662 48
663 47
664 47
665 48
666 50
667 49
668 51
669 44
670 47
671 47
672 51
673 50
674 44
675 45
676 45
677 43
678 47
679 49
680 51
681 49
682 49
683 47
684 50
685 50
686 50
687 49
688 52
689 50
690 51
691 46
692 44
693 44
694 47
695 46
696 51
697 47
698 46
699 50
700 47
701 47
702 50
703 48
704 53
705 51
706 44
707 45
708 47
709 47
710 42
711 42
712 48
713 49
714 52
715 50
716 50
717 46
718 44
719 46
720 50
721 50
722 47
723 48
724 50
725 51
726 47
727 47
728 44
729 51
730 56
731 48
732 47
733 52
734 53
735 48
736 50
737 49
738 51
739 51
740 53
741 49
742 43
743 47
744 50
745 48
746 47
747 46
748 51
749 50
750 45
751 50
752 47
753 47
754 45
755 46
756 46
757 50
758 48
759 52
760 50
761 50
762 49
763 48
764 45
765 51
766 51
767 54
768 51
769 51
770 49
771 48
772 49
773 51
774 49
775 49
776 49
777 48
778 49
779 49
780 49
781 49
782 48
783 50
784 51
785 53
786 45
787 47
788 47
789 50
790 49
791 47
792 49
793 52
794 48
795 48
796 49
797 46
798 46
799 45
800 48
801 50
802 42
803 45
804 45
805 47
806 52
807 53
808 50
809 47
810 48
811 48
812 49
813 50
814 47
815 47
816 47
817 51
818 50
819 51
820 49
821 47
822 45
823 46
824 51
825 49
826 45
827 48
828 46
829 45
830 49
831 49
832 47
833 49
834 49
835 47
836 48
837 44
838 43
839 44
840 48
841 44
842 49
843 47
844 49
845 48
846 46
847 46
848 50
849 50
850 53
851 49
852 50
853 49
854 45
855 49
856 50
857 50
858 49
859 51
860 48
861 48
862 46
863 47
864 48
865 50
866 51
867 46
868 49
869 51
870 49
871 50
872 53
873 47
874 50
875 51
876 51
877 45
878 48
879 47
880 48
881 46
882 46
883 45
884 49
885 46
886 48
887 49
888 49
889 46
890 45
891 47
892 48
893 48
894 48
895 52
896 51
897 44
898 48
899 45
900 47
901 50
902 50
903 50
904 50
905 46
906 48
907 42
908 47
909 49
910 47
911 49
912 51
913 49
914 45
915 46
916 45
917 47
918 49
919 46
920 51
921 48
922 42
923 47
924 48
925 49
926 50
927 49
928 47
929 51
930 51
931 45
932 45
933 46
934 48
935 51
936 48
937 42
938 48
939 50
940 47
941 50
942 48
943 50
944 49
945 44
946 42
947 42
948 48
949 46
950 49
951 48
952 46
953 45
954 49
955 51
956 52
957 52
958 49
959 48
960 47
961 48
962 50
963 45
964 47
965 47
966 48
967 51
968 51
969 50
970 47
971 48
972 48
973 46
974 45
975 49
976 48
977 51
978 52
979 50
980 54
981 53
982 50
983 49
984 51
985 47
986 47
987 47
988 49
989 52
990 46
991 48
992 46
993 47
994 50
995 50
996 51
997 48
998 49
999 49
1000 48
