0 10
1 7
2 6
3 7
4 5
5 4
6 4
7 5
8 6
9 5
10 4
11 4
12 6
13 7
14 5
15 5
16 5
17 6
18 6
19 6
20 4
21 5
22 5
23 5
24 6
25 6
26 8
27 5
28 4
29 5
30 5
31 4
32 6
33 6
34 6
35 4
36 5
37 3
38 5
39 5
40 4
41 4
42 4
43 5
44 5
45 4
46 5
47 6
48 3
49 3
50 4
51 4
52 5
53 6
54 6
55 5
56 5
57 4
58 4
59 6
60 4
61 4
62 5
63 6
64 5
65 4
66 6
67 5
68 4
69 6
70 7
71 6
72 7
73 6
74 6
75 5
76 7
77 7
78 8
79 5
80 5
81 4
82 6
83 6
84 6
85 5
86 4
87 5
88 5
89 6
90 6
91 4
92 3
93 4
94 5
95 7
96 6
97 7
98 5
99 6
100 6
101 6
102 4
103 5
104 5
105 3
106 5
107 6
108 4
109 5
110 5
111 4
112 4
113 5
114 5
115 4
116 5
117 6
118 6
119 6
120 6
121 6
122 7
123 6
124 5
125 6
126 5
127 5
128 6
129 5
130 5
131 7
132 7
133 5
134 5
135 6
136 5
137 5
138 6
139 5
140 7
141 7
142 7
143 7
144 6
145 5
146 5
147 3
148 5
149 4
150 3
151 4
152 4
153 4
154 5
155 6
156 5
157 6
158 6
159 6
160 4
161 7
162 6
163 6
164 6
165 5
166 6
167 7
168 6
169 6
170 5
171 5
172 6
173 7
174 7
175 6
176 7
177 7
178 7
179 6
180 6
181 5
182 5
183 6
184 6
185 6
186 4
187 6
188 7
189 7
190 5
191 7
192 6
193 6
194 7
195 7
196 6
197 4
198 5
199 4
200 4
201 6
202 6
203 4
204 3
205 3
206 5
207 5
208 4
209 6
210 5
211 4
212 6
213 6
214 5
215 6
216 5
217 6
218 5
219 5
220 5
221 6
222 5
223 5
224 5
225 4
226 3
227 3
228 3
229 4
230 4
231 5
232 7
233 7
234 4
235 4
236 4
237 5
238 7
239 6
240 6
241 6
242 6
243 5
244 4
245 6
246 6
247 6
248 6
249 4
250 3
251 1
252 4
253 2
254 4
255 6
256 6
257 5
258 6
259 4
260 4
261 5
262 5
263 5
264 4
265 3
266 4
267 5
268 5
269 7
270 6
271 7
272 7
273 6
274 7
275 6
276 6
277 6
278 4
279 5
280 6
281 4
282 5
283 5
284 4
285 4
286 7
287 6
288 4
289 6
290 5
291 6
292 4
293 3
294 5
295 7
296 5
297 5
298 4
299 5
300 6
301 5
302 4
303 5
304 6
305 4
306 6
307 6
308 6
309 6
310 6
311 6
312 6
313 7
314 7
315 7
316 5
317 5
318 6
319 6
320 5
321 5
322 6
323 5
324 6
325 6
326 6
327 7
328 6
329 6
330 7
331 6
332 6
333 5
334 5
335 5
336 6
337 5
338 6
339 4
340 4
341 4
342 4
343 4
344 5
345 5
346 5
347 6
348 5
349 7
350 5
351 5
352 5
353 4
354 5
355 5
356 4
357 6
358 4
359 5
360 6
361 4
362 5
363 6
364 3
365 4
366 6
367 4
368 2
369 5
370 4
371 6
372 5
373 5
374 4
375 6
376 5
377 5
378 6
379 7
380 5
381 7
382 5
383 6
384 5
385 5
386 7
387 7
388 5
389 6
390 4
391 4
392 4
393 4
394 5
395 6
396 6
397 5
398 5
399 5
400 6
401 6
402 5
403 5
404 6
405 6
406 7
407 6
408 4
409 5
410 6
411 6
412 5
413 5
414 4
415 5
416 7
417 5
418 6
419 5
420 7
421 3
422 4
423 5
424 5
425 5
426 5
427 5
428 6
429 6
430 7
431 6
432 6
433 7
434 4
435 4
436 5
437 5
438 6
439 5
440 7
441 6
442 5
443 6
444 7
445 5
446 5
447 6
448 6
449 6
450 6
451 6
452 5
453 4
454 5
455 5
456 5
457 6
458 7
459 7
460 5
461 7
462 7
463 7
464 4
465 5
466 5
467 5
468 6
469 5
470 2
471 3
472 6
473 5
474 6
475 5
476 7
477 5
478 4
479 6
480 6
481 6
482 6
483 6
484 5
485 5
486 5
487 4
488 5
489 5
490 5
491 5
492 6
493 6
494 6
495 6
496 5
497 4
498 3
499 6
500 7
501 6
502 6
503 5
504 2
505 3
506 6
507 6
508 6
509 3
510 5
511 6
512 4
513 4
514 5
515 6
516 7
517 5
518 3
519 2
520 3
521 5
522 6
523 5
524 4
525 6
526 7
527 6
528 6
529 6
530 5
531 7
532 5
533 6
534 6
535 5
536 6
537 5
538 5
539 5
540 6
541 4
542 6
543 5
544 6
545 5
546 6
547 5
548 4
549 4
550 4
551 2
552 4
553 4
554 5
555 5
556 3
557 5
558 4
559 5
560 5
561 7
562 6
563 5
564 6
565 7
566 7
567 7
568 7
569 6
570 6
571 6
572 5
573 7
574 7
575 6
576 6
577 6
578 6
579 6
580 6
581 5
582 3
583 6
584 6
585 3
586 5
587 5
588 4
589 5
590 6
591 5
592 5
593 5
594 6
595 7
596 5
597 7
598 7
599 8
600 8
601 6
602 7
603 7
604 6
605 6
606 4
607 3
608 6
609 6
610 6
611 5
612 6
613 6
614 4
615 5
616 5
617 5
618 6
619 4
620 5
621 6
622 6
623 4
624 5
625 5
626 5
627 5
628 5
629 6
630 7
631 6
632 6
633 4
634 5
635 4
636 5
637 4
638 6
639 6
640 4
641 4
642 4
643 3
644 4
645 4
646 4
647 4
648 4
649 4
650 4
651 4
652 5
653 5
654 6
655 7
656 7
657 6
658 7
659 6
660 7
661 7
662 6
663 7
664 6
665 6
666 5
667 5
668 5
669 5
670 5
671 5
672 5
673 5
674 5
675 5
676 6
677 6
678 5
679 5
680 4
681 5
682 6
683 6
684 6
685 4
686 4
687 5
688 5
689 5
690 3
691 2
692 5
693 6
694 5
695 6
696 6
697 5
698 5
699 5
700 6
701 7
702 6
703 6
704 4
705 3
706 5
707 6
708 5
709 5
710 5
711 6
712 3
713 3
714 5
715 6
716 3
717 5
718 5
719 6
720 6
721 6
722 7
723 5
724 6
725 5
726 5
727 5
728 7
729 5
730 5
731 5
732 5
733 7
734 6
735 4
736 5
737 7
738 6
739 6
740 6
741 5
742 6
743 5
744 6
745 5
746 5
747 5
748 3
749 4
750 5
751 5
752 5
753 4
754 5
755 5
756 6
757 5
758 5
759 7
760 6
761 4
762 6
763 7
764 5
765 4
766 6
767 6
768 6
769 7
770 5
771 5
772 5
773 6
774 7
775 6
776 6
777 6
778 5
779 6
780 5
781 6
782 4
783 5
784 3
785 6
786 6
787 6
788 6
789 6
790 7
791 7
792 5
793 5
794 6
795 5
796 6
797 6
798 6
799 6
800 3
801 4
802 4
803 5
804 6
805 5
806 5
807 6
808 6
809 7
810 5
811 5
812 5
813 5
814 5
815 5
816 6
817 7
818 6
819 5
820 5
821 7
822 6
823 4
824 4
825 5
826 5
827 5
828 6
829 5
830 5
831 5
832 5
833 4
834 6
835 7
836 6
837 6
838 3
839 6
840 6
841 5
842 3
843 4
844 6
845 6
846 6
847 6
848 6
849 6
850 6
851 7
852 7
853 7
854 6
855 6
856 5
857 6
858 5
859 5
860 6
861 4
862 5
863 6
864 6
865 5
866 3
867 4
868 4
869 7
870 4
871 5
872 7
873 5
874 6
875 6
876 6
877 5
878 5
879 4
880 4
881 5
882 3
883 5
884 5
885 4
886 5
887 6
888 6
889 7
890 5
891 8
892 7
893 6
894 5
895 4
896 6
897 5
898 6
899 6
900 6
901 5
902 5
903 7
904 6
905 4
906 5
907 5
908 6
909 5
910 4
911 5
912 5
913 6
914 7
915 7
916 4
917 4
918 4
919 5
920 6
921 5
922 6
923 5
924 6
925 5
926 7
927 6
928 6
929 4
930 4
931 4
932 7
933 4
934 5
935 3
936 3
937 3
938 5
939 6
940 6
941 6
942 5
943 4
944 6
945 5
946 5
947 2
948 5
949 5
950 5
951 5
952 5
953 4
954 5
955 5
956 6
957 6
958 5
959 5
960 5
961 4
962 6
963 6
964 4
965 4
966 5
967 4
968 4
969 4
970 6
971 5
972 7
973 3
974 6
975 5
976 5
977 5
978 5
979 5
980 5
981 5
982 7
983 6
984 5
985 4
986 5
987 6
988 6
989 6
990 5
991 5
992 5
993 6
994 6
995 6
996 5
997 5
998 6
999 6
1000 4
