0 10
1 8
2 7
3 4
4 7
5 5
6 3
7 6
8 7
9 6
10 5
11 6
12 7
13 8
14 8
15 8
16 7
17 6
18 7
19 5
20 4
21 5
22 6
23 7
24 5
25 7
26 7
27 6
28 5
29 7
30 8
31 6
32 8
33 6
34 4
35 6
36 6
37 5
38 5
39 6
40 6
41 7
42 6
43 7
44 7
45 6
46 5
47 7
48 5
49 7
50 6
51 6
52 5
53 7
54 7
55 4
56 5
57 5
58 7
59 8
60 7
61 6
62 8
63 7
64 7
65 7
66 6
67 6
68 7
69 6
70 6
71 6
72 7
73 8
74 7
75 5
76 7
77 6
78 7
79 8
80 6
81 7
82 6
83 7
84 5
85 6
86 8
87 6
88 4
89 5
90 5
91 7
92 9
93 8
94 7
95 7
96 6
97 5
98 5
99 4
100 4
101 6
102 8
103 8
104 8
105 9
106 7
107 8
108 4
109 7
110 6
111 6
112 6
113 7
114 7
115 7
116 7
117 6
118 6
119 6
120 4
121 5
122 4
123 4
124 5
125 7
126 8
127 7
128 8
129 8
130 7
131 5
132 6
133 8
134 7
135 8
136 5
137 6
138 8
139 8
140 7
141 4
142 7
143 8
144 7
145 5
146 7
147 6
148 5
149 6
150 5
151 7
152 7
153 7
154 7
155 7
156 6
157 6
158 7
159 6
160 6
161 7
162 6
163 6
164 8
165 6
166 7
167 7
168 7
169 7
170 8
171 8
172 7
173 7
174 7
175 7
176 6
177 3
178 5
179 7
180 7
181 6
182 4
183 7
184 5
185 6
186 6
187 6
188 6
189 7
190 5
191 6
192 6
193 6
194 5
195 4
196 6
197 6
198 7
199 5
200 6
201 7
202 9
203 8
204 7
205 6
206 4
207 7
208 6
209 7
210 6
211 6
212 7
213 7
214 6
215 7
216 8
217 7
218 6
219 7
220 7
221 7
222 7
223 4
224 6
225 7
226 7
227 8
228 8
229 8
230 9
231 8
232 6
233 6
234 7
235 6
236 6
237 4
238 5
239 7
240 8
241 9
242 8
243 9
244 6
245 6
246 5
247 4
248 3
249 4
250 5
251 7
252 7
253 6
254 6
255 7
256 6
257 5
258 4
259 7
260 7
261 7
262 8
263 8
264 5
265 7
266 7
267 5
268 6
269 6
270 6
271 3
272 7
273 6
274 5
275 7
276 6
277 7
278 6
279 7
280 7
281 6
282 7
283 6
284 6
285 4
286 6
287 7
288 7
289 8
290 6
291 7
292 5
293 7
294 9
295 8
296 7
297 8
298 7
299 7
300 9
301 7
302 6
303 6
304 8
305 7
306 7
307 5
308 5
309 6
310 7
311 5
312 6
313 7
314 7
315 7
316 8
317 8
318 7
319 6
320 7
321 7
322 6
323 7
324 8
325 8
326 6
327 6
328 6
329 7
330 5
331 7
332 4
333 4
334 5
335 6
336 6
337 6
338 5
339 3
340 6
341 5
342 5
343 6
344 5
345 5
346 7
347 8
348 8
349 7
350 7
351 8
352 7
353 8
354 5
355 6
356 6
357 7
358 8
359 6
360 5
361 8
362 7
363 6
364 6
365 6
366 7
367 6
368 7
369 5
370 7
371 7
372 8
373 7
374 7
375 6
376 5
377 6
378 5
379 6
380 5
381 8
382 7
383 7
384 7
385 5
386 7
387 5
388 4
389 5
390 5
391 4
392 6
393 7
394 6
395 6
396 8
397 6
398 7
399 8
400 5
401 6
402 6
403 5
404 7
405 7
406 5
407 6
408 7
409 7
410 7
411 7
412 7
413 6
414 5
415 4
416 4
417 5
418 5
419 6
420 7
421 7
422 5
423 7
424 8
425 7
426 7
427 8
428 5
429 6
430 6
431 6
432 4
433 8
434 6
435 5
436 7
437 7
438 5
439 6
440 6
441 6
442 3
443 5
444 8
445 8
446 8
447 9
448 8
449 7
450 8
451 7
452 5
453 6
454 8
455 8
456 8
457 7
458 8
459 6
460 6
461 8
462 4
463 4
464 5
465 6
466 4
467 8
468 8
469 9
470 7
471 6
472 5
473 6
474 6
475 8
476 8
477 7
478 7
479 8
480 7
481 9
482 6
483 6
484 6
485 6
486 7
487 8
488 6
489 4
490 7
491 8
492 7
493 6
494 4
495 6
496 6
497 8
498 8
499 6
500 7
501 6
502 7
503 7
504 8
505 7
506 6
507 8
508 8
509 7
510 5
511 5
512 5
513 3
514 4
515 4
516 6
517 6
518 5
519 6
520 5
521 5
522 7
523 8
524 7
525 7
526 5
527 5
528 5
529 6
530 6
531 7
532 6
533 7
534 6
535 5
536 7
537 5
538 5
539 4
540 6
541 5
542 4
543 2
544 6
545 6
546 7
547 8
548 8
549 8
550 7
551 6
552 6
553 5
554 4
555 5
556 6
557 6
558 9
559 8
560 7
561 6
562 8
563 8
564 7
565 6
566 6
567 4
568 5
569 6
570 5
571 5
572 7
573 8
574 6
575 6
576 7
577 8
578 5
579 5
580 6
581 6
582 5
583 6
584 7
585 7
586 7
587 7
588 7
589 8
590 8
591 6
592 5
593 5
594 4
595 6
596 7
597 6
598 4
599 5
600 7
601 8
602 7
603 7
604 6
605 6
606 6
607 9
608 7
609 7
610 6
611 6
612 7
613 6
614 5
615 4
616 6
617 6
618 7
619 7
620 6
621 6
622 7
623 6
624 8
625 9
626 7
627 7
628 6
629 3
630 7
631 7
632 7
633 8
634 7
635 7
636 6
637 8
638 7
639 6
640 7
641 6
642 5
643 5
644 6
645 6
646 8
647 7
648 7
649 6
650 7
651 8
652 5
653 5
654 7
655 6
656 6
657 6
658 7
659 6
660 4
661 7
662 5
663 4
664 5
665 6
666 8
667 8
668 8
669 10
670 7
671 7
672 5
673 6
674 6
675 5
676 5
677 8
678 7
679 6
680 4
681 6
682 7
683 6
684 8
685 7
686 7
687 5
688 7
689 6
690 5
691 7
692 7
693 8
694 9
695 6
696 8
697 8
698 7
699 8
700 6
701 5
702 4
703 7
704 7
705 7
706 7
707 4
708 6
709 6
710 5
711 5
712 7
713 7
714 7
715 7
716 8
717 6
718 7
719 5
720 6
721 6
722 5
723 7
724 6
725 5
726 7
727 8
728 6
729 7
730 6
731 6
732 7
733 7
734 7
735 6
736 8
737 7
738 7
739 6
740 7
741 5
742 5
743 6
744 5
745 5
746 4
747 4
748 4
749 6
750 5
751 4
752 4
753 4
754 5
755 6
756 6
757 7
758 7
759 6
760 5
761 7
762 8
763 8
764 9
765 7
766 7
767 4
768 5
769 5
770 7
771 6
772 7
773 8
774 8
775 9
776 6
777 5
778 5
779 7
780 5
781 8
782 6
783 6
784 6
785 7
786 5
787 8
788 6
789 5
790 4
791 4
792 4
793 4
794 5
795 6
796 6
797 6
798 5
799 7
800 7
801 4
802 5
803 7
804 7
805 6
806 8
807 7
808 9
809 7
810 6
811 5
812 3
813 4
814 6
815 5
816 3
817 6
818 6
819 7
820 5
821 5
822 6
823 8
824 8
825 8
826 7
827 6
828 6
829 6
830 7
831 8
832 8
833 7
834 8
835 7
836 8
837 8
838 6
839 5
840 7
841 5
842 7
843 5
844 8
845 9
846 8
847 7
848 6
849 7
850 7
851 7
852 7
853 5
854 6
855 6
856 7
857 6
858 7
859 6
860 5
861 6
862 6
863 7
864 8
865 7
866 6
867 7
868 8
869 7
870 8
871 7
872 6
873 6
874 5
875 6
876 6
877 7
878 8
879 8
880 8
881 9
882 7
883 6
884 7
885 7
886 7
887 6
888 6
889 5
890 4
891 5
892 6
893 5
894 5
895 5
896 6
897 5
898 5
899 6
900 4
901 5
902 5
903 4
904 5
905 5
906 5
907 4
908 4
909 5
910 6
911 7
912 6
913 6
914 6
915 8
916 7
917 7
918 7
919 7
920 6
921 7
922 6
923 6
924 6
925 5
926 5
927 3
928 6
929 5
930 5
931 5
932 8
933 8
934 7
935 6
936 8
937 7
938 7
939 7
940 8
941 8
942 8
943 8
944 8
945 8
946 4
947 3
948 5
949 5
950 5
951 5
952 6
953 7
954 6
955 6
956 6
957 7
958 7
959 7
960 7
961 6
962 8
963 7
964 8
965 6
966 7
967 8
968 7
969 6
970 7
971 8
972 8
973 7
974 7
975 7
976 8
977 8
978 7
979 7
980 6
981 7
982 6
983 5
984 6
985 4
986 5
987 7
988 6
989 5
990 6
991 8
992 8
993 6
994 7
995 7
996 6
997 8
998 6
999 7
1000 4
