0 20
1 14
2 12
3 11
4 12
5 11
6 11
7 10
8 12
9 10
10 12
11 13
12 11
13 11
14 12
15 13
16 13
17 13
18 12
19 12
20 12
21 12
22 12
23 12
24 10
25 11
26 12
27 9
28 12
29 11
30 11
31 10
32 10
33 12
34 13
35 12
36 11
37 12
38 13
39 10
40 13
41 10
42 11
43 12
44 11
45 12
46 13
47 11
48 11
49 12
50 12
51 12
52 13
53 12
54 12
55 12
56 10
57 13
58 12
59 11
60 12
61 11
62 10
63 12
64 12
65 13
66 13
67 11
68 11
69 12
70 12
71 13
72 13
73 12
74 12
75 15
76 9
77 8
78 11
79 11
80 13
81 12
82 10
83 11
84 11
85 13
86 12
87 11
88 11
89 12
90 10
91 12
92 13
93 13
94 14
95 11
96 13
97 14
98 12
99 11
100 14
101 13
102 12
103 10
104 11
105 11
106 13
107 11
108 12
109 11
110 13
111 12
112 13
113 11
114 11
115 14
116 12
117 13
118 12
119 12
120 12
121 14
122 14
123 13
124 10
125 12
126 13
127 11
128 12
129 11
130 13
131 13
132 11
133 12
134 12
135 9
136 13
137 12
138 10
139 11
140 12
141 14
142 9
143 11
144 9
145 12
146 14
147 12
148 13
149 11
150 9
151 10
152 13
153 12
154 10
155 11
156 13
157 10
158 13
159 13
160 10
161 10
162 12
163 14
164 12
165 11
166 13
167 12
168 9
169 13
170 13
171 12
172 11
173 11
174 13
175 12
176 12
177 11
178 12
179 9
180 13
181 13
182 11
183 13
184 13
185 11
186 11
187 13
188 13
189 12
190 11
191 13
192 12
193 12
194 12
195 13
196 12
197 12
198 12
199 11
200 13
201 11
202 11
203 11
204 10
205 13
206 12
207 12
208 13
209 10
210 11
211 9
212 12
213 12
214 11
215 13
216 12
217 12
218 14
219 14
220 11
221 12
222 11
223 12
224 12
225 12
226 14
227 12
228 14
229 14
230 12
231 12
232 11
233 11
234 12
235 13
236 11
237 11
238 12
239 12
240 12
241 13
242 11
243 13
244 11
245 8
246 10
247 12
248 12
249 12
250 13
251 12
252 11
253 12
254 13
255 10
256 12
257 13
258 13
259 11
260 12
261 11
262 12
263 11
264 12
265 13
266 12
267 12
268 13
269 14
270 13
271 11
272 12
273 13
274 12
275 11
276 13
277 11
278 12
279 13
280 13
281 11
282 12
283 12
284 14
285 14
286 12
287 13
288 14
289 8
290 12
291 14
292 12
293 10
294 12
295 11
296 13
297 11
298 12
299 12
300 11
301 13
302 12
303 10
304 11
305 10
306 12
307 12
308 13
309 12
310 13
311 10
312 12
313 13
314 13
315 10
316 12
317 12
318 12
319 11
320 11
321 14
322 12
323 11
324 11
325 13
326 10
327 11
328 11
329 12
330 11
331 13
332 12
333 13
334 10
335 12
336 14
337 12
338 13
339 12
340 12
341 14
342 13
343 13
344 12
345 13
346 8
347 13
348 12
349 9
350 12
351 12
352 14
353 11
354 10
355 12
356 10
357 11
358 13
359 14
360 13
361 10
362 14
363 9
364 12
365 11
366 14
367 11
368 12
369 11
370 13
371 13
372 14
373 12
374 13
375 13
376 12
377 11
378 12
379 13
380 11
381 12
382 13
383 11
384 12
385 14
386 12
387 11
388 12
389 11
390 11
391 13
392 12
393 11
394 11
395 15
396 11
397 12
398 12
399 11
400 11
401 13
402 14
403 12
404 10
405 12
406 13
407 10
408 12
409 10
410 14
411 13
412 9
413 9
414 12
415 12
416 12
417 11
418 9
419 12
420 12
421 13
422 11
423 14
424 14
425 12
426 14
427 13
428 10
429 9
430 10
431 12
432 12
433 10
434 10
435 10
436 12
437 11
438 11
439 11
440 13
441 10
442 11
443 12
444 14
445 13
446 13
447 13
448 12
449 12
450 12
451 13
452 12
453 13
454 14
455 13
456 13
457 13
458 12
459 13
460 12
461 13
462 12
463 12
464 12
465 13
466 12
467 9
468 10
469 6
470 11
471 11
472 10
473 11
474 11
475 13
476 13
477 8
478 11
479 13
480 12
481 13
482 11
483 13
484 12
485 14
486 12
487 12
488 12
489 13
490 13
491 10
492 11
493 11
494 12
495 13
496 11
497 12
498 12
499 15
500 9
501 12
502 12
503 12
504 12
505 11
506 11
507 12
508 11
509 12
510 11
511 11
512 13
513 13
514 9
515 9
516 14
517 14
518 12
519 13
520 10
521 14
522 11
523 11
524 12
525 10
526 10
527 11
528 12
529 12
530 11
531 11
532 12
533 11
534 14
535 9
536 12
537 13
538 12
539 11
540 8
541 11
542 12
543 9
544 8
545 11
546 12
547 9
548 11
549 11
550 12
551 13
552 14
553 13
554 10
555 10
556 11
557 10
558 11
559 12
560 14
561 12
562 12
563 13
564 13
565 11
566 12
567 15
568 14
569 12
570 12
571 11
572 13
573 13
574 11
575 11
576 12
577 11
578 12
579 12
580 13
581 13
582 13
583 10
584 13
585 13
586 12
587 12
588 10
589 13
590 11
591 11
592 12
593 8
594 11
595 12
596 13
597 12
598 13
599 13
600 12
601 13
602 12
603 11
604 11
605 14
606 11
607 12
608 10
609 11
610 12
611 12
612 10
613 14
614 11
615 11
616 10
617 12
618 12
619 12
620 11
621 12
622 11
623 14
624 12
625 13
626 14
627 11
628 9
629 11
630 12
631 10
632 11
633 14
634 13
635 13
636 12
637 14
638 13
639 11
640 11
641 12
642 12
643 11
644 13
645 13
646 12
647 14
648 13
649 13
650 12
651 11
652 10
653 12
654 13
655 11
656 12
657 12
658 14
659 13
660 14
661 13
662 12
663 12
664 10
665 12
666 13
667 12
668 12
669 13
670 13
671 11
672 10
673 12
674 12
675 11
676 11
677 11
678 14
679 12
680 9
681 13
682 13
683 13
684 11
685 10
686 11
687 14
688 11
689 13
690 7
691 11
692 12
693 9
694 11
695 13
696 15
697 14
698 12
699 12
700 14
701 13
702 12
703 12
704 11
705 11
706 13
707 11
708 13
709 11
710 10
711 12
712 10
713 11
714 11
715 12
716 13
717 11
718 11
719 14
720 12
721 13
722 12
723 14
724 11
725 12
726 10
727 12
728 14
729 12
730 10
731 12
732 8
733 12
734 12
735 12
736 13
737 14
738 13
739 12
740 12
741 14
742 12
743 12
744 12
745 11
746 11
747 11
748 12
749 11
750 12
751 12
752 12
753 13
754 14
755 12
756 12
757 10
758 11
759 10
760 10
761 11
762 13
763 12
764 13
765 12
766 10
767 11
768 13
769 9
770 11
771 11
772 11
773 11
774 12
775 11
776 11
777 12
778 13
779 13
780 13
781 13
782 14
783 11
784 11
785 12
786 12
787 13
788 10
789 10
790 13
791 12
792 11
793 11
794 13
795 13
796 12
797 9
798 10
799 8
800 12
801 13
802 12
803 11
804 13
805 13
806 12
807 11
808 13
809 11
810 7
811 12
812 13
813 12
814 11
815 11
816 11
817 12
818 14
819 13
820 13
821 14
822 11
823 12
824 13
825 15
826 8
827 10
828 10
829 12
830 11
831 14
832 14
833 11
834 9
835 13
836 10
837 13
838 12
839 11
840 12
841 12
842 12
843 12
844 12
845 11
846 12
847 10
848 10
849 13
850 13
851 12
852 11
853 12
854 12
855 11
856 14
857 12
858 14
859 11
860 13
861 9
862 13
863 11
864 10
865 11
866 12
867 13
868 12
869 11
870 12
871 14
872 12
873 11
874 11
875 12
876 13
877 12
878 11
879 11
880 11
881 12
882 12
883 12
884 12
885 14
886 12
887 12
888 12
889 12
890 12
891 12
892 12
893 11
894 11
895 13
896 13
897 11
898 14
899 12
900 13
901 9
902 11
903 10
904 9
905 11
906 11
907 10
908 9
909 10
910 9
911 14
912 10
913 13
914 13
915 14
916 12
917 10
918 12
919 12
920 11
921 12
922 11
923 12
924 12
925 13
926 11
927 12
928 11
929 11
930 12
931 11
932 12
933 13
934 11
935 11
936 11
937 10
938 12
939 13
940 12
941 12
942 11
943 12
944 12
945 12
946 13
947 13
948 14
949 11
950 13
951 10
952 13
953 12
954 12
955 10
956 9
957 12
958 12
959 10
960 11
961 13
962 12
963 11
964 9
965 13
966 12
967 10
968 13
969 13
970 10
971 12
972 13
973 13
974 11
975 12
976 14
977 13
978 12
979 10
980 10
981 12
982 13
983 13
984 13
985 14
986 12
987 13
988 12
989 12
990 10
991 13
992 12
993 11
994 13
995 14
996 11
997 13
998 12
999 11
1000 12
