0 65
1 52
2 47
3 41
4 43
5 42
6 42
7 43
8 38
9 42
10 41
11 42
12 43
13 40
14 40
15 41
16 42
17 41
18 40
19 42
20 41
21 41
22 41
23 40
24 39
25 42
26 43
27 44
28 43
29 41
30 38
31 38
32 42
33 41
34 40
35 45
36 46
37 42
38 41
39 43
40 41
41 43
42 41
43 45
44 42
45 42
46 43
47 38
48 40
49 41
50 42
51 42
52 45
53 46
54 44
55 46
56 45
57 42
58 42
59 43
60 42
61 42
62 38
63 40
64 39
65 40
66 40
67 43
68 41
69 41
70 42
71 40
72 36
73 37
74 41
75 37
76 41
77 43
78 42
79 42
80 38
81 38
82 38
83 36
84 40
85 42
86 45
87 43
88 40
89 38
90 40
91 41
92 38
93 40
94 43
95 37
96 39
97 39
98 40
99 38
100 41
101 37
102 37
103 38
104 42
105 43
106 41
107 41
108 42
109 39
110 43
111 42
112 43
113 45
114 45
115 41
116 40
117 42
118 41
119 38
120 38
121 38
122 32
123 38
124 39
125 41
126 45
127 41
128 36
129 38
130 37
131 41
132 41
133 41
134 41
135 40
136 37
137 40
138 41
139 39
140 41
141 43
142 43
143 40
144 41
145 40
146 44
147 44
148 46
149 45
150 44
151 43
152 39
153 40
154 38
155 38
156 41
157 44
158 38
159 38
160 40
161 44
162 43
163 43
164 43
165 44
166 45
167 45
168 46
169 46
170 44
171 45
172 41
173 41
174 42
175 43
176 41
177 41
178 34
179 38
180 42
181 38
182 40
183 42
184 42
185 35
186 41
187 42
188 44
189 45
190 41
191 44
192 46
193 44
194 38
195 39
196 42
197 44
198 41
199 37
200 40
201 43
202 41
203 40
204 34
205 35
206 39
207 41
208 41
209 39
210 41
211 41
212 42
213 42
214 41
215 43
216 40
217 41
218 42
219 42
220 41
221 44
222 44
223 39
224 42
225 43
226 40
227 39
228 37
229 39
230 37
231 37
232 37
233 36
234 38
235 43
236 47
237 38
238 40
239 42
240 42
241 40
242 38
243 40
244 40
245 42
246 40
247 42
248 40
249 40
250 39
251 41
252 43
253 45
254 44
255 42
256 40
257 43
258 41
259 38
260 39
261 40
262 39
263 38
264 37
265 36
266 39
267 38
268 41
269 43
270 39
271 37
272 41
273 44
274 42
275 43
276 45
277 43
278 42
279 41
280 41
281 47
282 45
283 41
284 42
285 42
286 40
287 42
288 40
289 38
290 42
291 42
292 39
293 41
294 42
295 42
296 41
297 39
298 42
299 43
300 43
301 44
302 44
303 45
304 46
305 38
306 36
307 36
308 37
309 38
310 40
311 42
312 37
313 42
314 38
315 40
316 35
317 38
318 37
319 38
320 40
321 45
322 44
323 44
324 36
325 39
326 39
327 41
328 45
329 48
330 44
331 45
332 43
333 42
334 44
335 37
336 41
337 40
338 41
339 40
340 41
341 43
342 44
343 42
344 38
345 42
346 39
347 40
348 41
349 41
350 42
351 40
352 42
353 43
354 37
355 38
356 40
357 38
358 40
359 44
360 41
361 40
362 43
363 41
364 41
365 40
366 43
367 38
368 38
369 32
370 37
371 39
372 40
373 41
374 43
375 43
376 41
377 45
378 42
379 41
380 42
381 43
382 41
383 38
384 39
385 41
386 40
387 41
388 40
389 42
390 42
391 39
392 38
393 41
394 38
395 41
396 43
397 41
398 39
399 41
400 37
401 37
402 36
403 36
404 39
405 38
406 39
407 40
408 42
409 44
410 39
411 42
412 39
413 40
414 41
415 44
416 44
417 46
418 43
419 42
420 40
421 41
422 41
423 45
424 46
425 44
426 46
427 41
428 44
429 40
430 42
431 41
432 43
433 45
434 45
435 47
436 42
437 41
438 43
439 42
440 42
441 40
442 41
443 43
444 43
445 43
446 39
447 40
448 38
449 38
450 39
451 42
452 41
453 40
454 42
455 39
456 38
457 38
458 39
459 41
460 38
461 38
462 38
463 42
464 43
465 38
466 43
467 41
468 45
469 41
470 40
471 39
472 42
473 40
474 41
475 40
476 42
477 40
478 42
479 39
480 42
481 38
482 39
483 42
484 39
485 39
486 39
487 38
488 40
489 39
490 42
491 39
492 38
493 42
494 44
495 47
496 45
497 43
498 42
499 41
500 42
501 39
502 38
503 40
504 44
505 41
506 40
507 43
508 42
509 46
510 40
511 38
512 40
513 36
514 36
515 42
516 41
517 39
518 37
519 40
520 40
521 42
522 45
523 41
524 42
525 39
526 40
527 41
528 41
529 39
530 37
531 37
532 38
533 40
534 38
535 38
536 37
537 38
538 41
539 40
540 39
541 41
542 42
543 42
544 45
545 42
546 42
547 40
548 39
549 38
550 39
551 41
552 43
553 39
554 40
555 41
556 38
557 38
558 40
559 43
560 43
561 44
562 39
563 39
564 41
565 41
566 37
567 35
568 39
569 42
570 40
571 38
572 40
573 40
574 42
575 42
576 35
577 39
578 40
579 37
580 39
581 39
582 38
583 39
584 39
585 37
586 39
587 43
588 43
589 44
590 37
591 40
592 39
593 38
594 39
595 40
596 41
597 44
598 42
599 46
600 42
601 38
602 40
603 39
604 39
605 39
606 39
607 40
608 43
609 42
610 41
611 43
612 41
613 42
614 44
615 38
616 38
617 39
618 43
619 43
620 42
621 41
622 41
623 37
624 41
625 40
626 40
627 39
628 37
629 38
630 40
631 38
632 38
633 40
634 35
635 39
636 40
637 40
638 41
639 44
640 41
641 42
642 42
643 42
644 36
645 39
646 36
647 36
648 39
649 42
650 44
651 42
652 41
653 35
654 39
655 39
656 39
657 39
658 37
659 40
660 38
661 37
662 40
663 40
664 38
665 39
666 42
667 41
668 44
669 44
670 37
671 34
672 37
673 38
674 41
675 40
676 36
677 36
678 34
679 42
680 45
681 43
682 42
683 40
684 37
685 40
686 40
687 40
688 41
689 40
690 37
691 41
692 42
693 42
694 43
695 45
696 42
697 41
698 38
699 35
700 41
701 38
702 38
703 39
704 37
705 36
706 39
707 42
708 40
709 38
710 40
711 41
712 40
713 37
714 37
715 39
716 39
717 40
718 42
719 42
720 37
721 36
722 40
723 39
724 40
725 43
726 40
727 44
728 42
729 40
730 36
731 39
732 37
733 40
734 41
735 42
736 44
737 40
738 41
739 43
740 40
741 38
742 42
743 41
744 44
745 42
746 37
747 36
748 38
749 40
750 32
751 38
752 38
753 41
754 38
755 41
756 43
757 39
758 43
759 43
760 43
761 43
762 42
763 45
764 42
765 42
766 40
767 41
768 41
769 37
770 33
771 36
772 40
773 40
774 42
775 38
776 39
777 40
778 42
779 40
780 37
781 40
782 39
783 42
784 39
785 43
786 43
787 40
788 40
789 39
790 44
791 42
792 46
793 43
794 41
795 42
796 41
797 43
798 45
799 44
800 41
801 40
802 42
803 42
804 38
805 38
806 42
807 42
808 44
809 43
810 43
811 39
812 38
813 43
814 42
815 44
816 40
817 39
818 37
819 38
820 39
821 43
822 42
823 44
824 41
825 40
826 38
827 39
828 41
829 38
830 40
831 41
832 39
833 42
834 42
835 41
836 43
837 43
838 44
839 42
840 39
841 41
842 38
843 37
844 41
845 44
846 44
847 40
848 36
849 36
850 39
851 39
852 40
853 37
854 40
855 37
856 35
857 37
858 38
859 38
860 44
861 44
862 42
863 44
864 43
865 43
866 44
867 42
868 44
869 42
870 40
871 43
872 41
873 40
874 40
875 41
876 40
877 41
878 41
879 40
880 44
881 44
882 37
883 40
884 39
885 43
886 40
887 38
888 40
889 40
890 40
891 41
892 42
893 41
894 38
895 37
896 40
897 40
898 41
899 40
900 41
901 42
902 43
903 41
904 42
905 38
906 38
907 41
908 43
909 42
910 41
911 42
912 44
913 42
914 44
915 40
916 35
917 42
918 41
919 43
920 38
921 40
922 36
923 35
924 40
925 41
926 39
927 41
928 40
929 40
930 42
931 40
932 41
933 41
934 43
935 40
936 40
937 41
938 39
939 41
940 36
941 41
942 40
943 41
944 44
945 43
946 40
947 43
948 43
949 43
950 43
951 41
952 39
953 39
954 41
955 39
956 39
957 42
958 38
959 38
960 43
961 41
962 42
963 37
964 39
965 43
966 41
967 41
968 41
969 41
970 40
971 43
972 44
973 43
974 42
975 43
976 40
977 40
978 38
979 39
980 38
981 39
982 42
983 42
984 46
985 45
986 35
987 40
988 40
989 42
990 42
991 42
992 41
993 40
994 41
995 39
996 40
997 43
998 40
999 42
1000 41
