0 50
1 34
2 37
3 32
4 35
5 38
6 35
7 40
8 33
9 34
10 33
11 36
12 32
13 35
14 34
15 31
16 34
17 35
18 30
19 33
20 34
21 35
22 37
23 32
24 34
25 32
26 34
27 35
28 39
29 34
30 32
31 33
32 36
33 32
34 34
35 30
36 35
37 36
38 34
39 37
40 36
41 34
42 35
43 35
44 28
45 35
46 34
47 33
48 37
49 36
50 35
51 36
52 36
53 39
54 33
55 34
56 37
57 36
58 34
59 33
60 34
61 35
62 35
63 37
64 38
65 30
66 37
67 32
68 30
69 34
70 34
71 33
72 35
73 33
74 35
75 33
76 35
77 34
78 37
79 32
80 35
81 33
82 32
83 36
84 36
85 34
86 35
87 35
88 37
89 34
90 33
91 37
92 37
93 33
94 33
95 33
96 31
97 35
98 34
99 36
100 32
101 39
102 34
103 33
104 34
105 36
106 35
107 35
108 35
109 37
110 33
111 35
112 31
113 36
114 35
115 36
116 33
117 30
118 35
119 35
120 30
121 34
122 34
123 33
124 32
125 32
126 34
127 34
128 34
129 34
130 35
131 32
132 33
133 37
134 36
135 33
136 37
137 35
138 31
139 32
140 35
141 35
142 33
143 30
144 36
145 36
146 34
147 31
148 36
149 36
150 33
151 37
152 37
153 33
154 32
155 35
156 31
157 33
158 32
159 35
160 37
161 36
162 37
163 33
164 35
165 35
166 32
167 37
168 33
169 31
170 33
171 35
172 37
173 35
174 34
175 35
176 34
177 33
178 34
179 33
180 35
181 38
182 38
183 35
184 35
185 33
186 33
187 38
188 35
189 36
190 36
191 36
192 34
193 33
194 34
195 33
196 36
197 33
198 32
199 35
200 31
201 37
202 34
203 36
204 37
205 36
206 40
207 38
208 33
209 30
210 34
211 33
212 33
213 37
214 35
215 34
216 35
217 33
218 33
219 36
220 36
221 37
222 35
223 29
224 36
225 28
226 33
227 32
228 33
229 40
230 33
231 35
232 32
233 36
234 37
235 33
236 33
237 34
238 37
239 36
240 33
241 33
242 35
243 35
244 35
245 36
246 31
247 30
248 31
249 36
250 27
251 31
252 36
253 33
254 35
255 37
256 33
257 35
258 31
259 35
260 34
261 34
262 31
263 37
264 31
265 35
266 33
267 34
268 37
269 34
270 32
271 34
272 33
273 36
274 36
275 35
276 33
277 33
278 31
279 35
280 32
281 34
282 33
283 32
284 37
285 30
286 34
287 36
288 35
289 37
290 33
291 36
292 34
293 34
294 37
295 35
296 35
297 33
298 35
299 39
300 37
301 33
302 34
303 32
304 33
305 34
306 30
307 33
308 35
309 33
310 32
311 34
312 32
313 35
314 34
315 38
316 32
317 30
318 35
319 37
320 35
321 35
322 35
323 33
324 35
325 34
326 32
327 32
328 35
329 34
330 33
331 35
332 35
333 32
334 33
335 33
336 34
337 38
338 37
339 33
340 37
341 34
342 35
343 35
344 34
345 35
346 34
347 33
348 32
349 35
350 32
351 35
352 32
353 36
354 36
355 36
356 31
357 37
358 32
359 35
360 31
361 36
362 37
363 37
364 33
365 35
366 36
367 34
368 35
369 37
370 36
371 34
372 34
373 33
374 33
375 35
376 35
377 32
378 32
379 32
380 35
381 36
382 35
383 31
384 33
385 34
386 34
387 33
388 34
389 38
390 29
391 34
392 33
393 33
394 34
395 30
396 36
397 35
398 36
399 33
400 37
401 36
402 30
403 31
404 32
405 36
406 32
407 31
408 33
409 35
410 36
411 38
412 36
413 30
414 34
415 37
416 27
417 31
418 34
419 41
420 36
421 35
422 34
423 33
424 36
425 35
426 32
427 36
428 38
429 36
430 35
431 37
432 35
433 35
434 32
435 34
436 36
437 38
438 36
439 33
440 31
441 37
442 30
443 33
444 33
445 33
446 34
447 32
448 30
449 32
450 36
451 33
452 33
453 34
454 33
455 35
456 32
457 35
458 32
459 36
460 36
461 34
462 34
463 37
464 35
465 32
466 34
467 31
468 36
469 34
470 31
471 36
472 32
473 36
474 32
475 32
476 35
477 34
478 32
479 36
480 32
481 37
482 37
483 33
484 37
485 33
486 36
487 37
488 32
489 32
490 37
491 33
492 34
493 35
494 36
495 34
496 35
497 37
498 36
499 34
500 34
501 34
502 33
503 34
504 31
505 34
506 36
507 36
508 34
509 36
510 32
511 34
512 36
513 31
514 31
515 35
516 32
517 35
518 33
519 39
520 37
521 33
522 38
523 31
524 36
525 31
526 36
527 38
528 32
529 34
530 38
531 33
532 34
533 34
534 35
535 33
536 39
537 34
538 36
539 33
540 34
541 32
542 33
543 34
544 37
545 35
546 37
547 37
548 34
549 33
550 31
551 34
552 35
553 35
554 37
555 38
556 35
557 33
558 35
559 35
560 32
561 35
562 35
563 36
564 35
565 34
566 34
567 31
568 26
569 35
570 37
571 36
572 28
573 36
574 36
575 35
576 32
577 37
578 35
579 33
580 37
581 34
582 35
583 32
584 36
585 36
586 35
587 34
588 35
589 35
590 35
591 37
592 33
593 35
594 33
595 34
596 33
597 36
598 33
599 38
600 31
601 35
602 33
603 32
604 36
605 35
606 32
607 33
608 37
609 36
610 35
611 36
612 35
613 34
614 33
615 35
616 34
617 34
618 35
619 35
620 32
621 35
622 34
623 31
624 30
625 36
626 35
627 36
628 34
629 33
630 37
631 34
632 32
633 34
634 35
635 30
636 31
637 34
638 35
639 33
640 34
641 35
642 34
643 36
644 37
645 36
646 33
647 35
648 37
649 35
650 35
651 37
652 38
653 35
654 34
655 36
656 36
657 35
658 33
659 37
660 38
661 36
662 32
663 37
664 35
665 33
666 35
667 34
668 31
669 33
670 35
671 32
672 37
673 34
674 31
675 34
676 35
677 33
678 37
679 37
680 36
681 31
682 36
683 31
684 36
685 36
686 33
687 32
688 34
689 34
690 37
691 37
692 35
693 32
694 32
695 34
696 36
697 37
698 36
699 36
700 37
701 36
702 35
703 35
704 37
705 33
706 34
707 35
708 32
709 36
710 35
711 33
712 35
713 37
714 34
715 32
716 34
717 36
718 37
719 38
720 34
721 37
722 34
723 35
724 31
725 33
726 34
727 34
728 35
729 35
730 35
731 36
732 35
733 31
734 36
735 38
736 37
737 36
738 34
739 35
740 35
741 31
742 37
743 33
744 33
745 33
746 37
747 35
748 31
749 36
750 33
751 36
752 32
753 35
754 34
755 38
756 34
757 36
758 33
759 32
760 33
761 36
762 33
763 33
764 31
765 32
766 30
767 38
768 34
769 35
770 35
771 37
772 36
773 36
774 35
775 37
776 39
777 37
778 35
779 34
780 27
781 34
782 37
783 37
784 38
785 32
786 32
787 33
788 35
789 28
790 28
791 35
792 35
793 35
794 35
795 34
796 31
797 33
798 35
799 36
800 36
801 36
802 32
803 37
804 34
805 35
806 34
807 33
808 36
809 30
810 33
811 36
812 36
813 35
814 34
815 31
816 38
817 36
818 36
819 32
820 36
821 34
822 38
823 39
824 34
825 34
826 36
827 35
828 34
829 31
830 37
831 32
832 32
833 33
834 36
835 32
836 38
837 31
838 34
839 39
840 32
841 35
842 35
843 35
844 33
845 33
846 36
847 36
848 34
849 36
850 38
851 38
852 37
853 34
854 37
855 33
856 35
857 33
858 33
859 37
860 32
861 35
862 34
863 37
864 37
865 32
866 34
867 35
868 35
869 37
870 36
871 34
872 31
873 33
874 35
875 35
876 34
877 36
878 33
879 33
880 35
881 27
882 35
883 35
884 37
885 36
886 34
887 38
888 35
889 34
890 36
891 35
892 34
893 34
894 35
895 30
896 38
897 37
898 33
899 36
900 33
901 37
902 34
903 33
904 35
905 29
906 33
907 32
908 36
909 30
910 35
911 38
912 37
913 37
914 37
915 31
916 35
917 39
918 33
919 32
920 39
921 34
922 34
923 33
924 35
925 36
926 32
927 36
928 35
929 31
930 29
931 31
932 35
933 31
934 38
935 33
936 36
937 33
938 30
939 36
940 33
941 35
942 31
943 37
944 34
945 28
946 34
947 35
948 36
949 35
950 38
951 36
952 35
953 37
954 27
955 31
956 40
957 39
958 34
959 38
960 35
961 36
962 34
963 35
964 34
965 34
966 31
967 37
968 35
969 31
970 34
971 36
972 36
973 36
974 33
975 32
976 39
977 37
978 33
979 28
980 35
981 33
982 34
983 36
984 32
985 32
986 38
987 31
988 32
989 32
990 32
991 35
992 31
993 34
994 35
995 32
996 35
997 34
998 33
999 31
1000 32
