0 50
1 40
2 38
3 30
4 30
5 30
6 31
7 31
8 29
9 28
10 31
11 28
12 29
13 26
14 28
15 32
16 30
17 34
18 34
19 35
20 32
21 32
22 33
23 32
24 30
25 32
26 30
27 31
28 28
29 31
30 32
31 27
32 30
33 28
34 27
35 26
36 28
37 31
38 28
39 27
40 29
41 27
42 25
43 27
44 29
45 28
46 28
47 31
48 30
49 28
50 31
51 27
52 30
53 28
54 27
55 27
56 29
57 31
58 30
59 28
60 29
61 28
62 29
63 29
64 32
65 32
66 31
67 31
68 27
69 27
70 30
71 29
72 31
73 32
74 32
75 30
76 30
77 30
78 31
79 33
80 32
81 33
82 30
83 33
84 30
85 30
86 31
87 31
88 32
89 30
90 29
91 32
92 32
93 31
94 32
95 33
96 30
97 29
98 31
99 29
100 31
101 33
102 30
103 30
104 30
105 30
106 32
107 31
108 29
109 32
110 30
111 28
112 28
113 30
114 32
115 30
116 28
117 30
118 31
119 30
120 27
121 29
122 29
123 30
124 30
125 30
126 33
127 32
128 31
129 28
130 30
131 30
132 32
133 31
134 30
135 32
136 32
137 31
138 31
139 32
140 31
141 31
142 29
143 30
144 30
145 29
146 29
147 32
148 28
149 30
150 29
151 30
152 30
153 29
154 32
155 30
156 27
157 25
158 28
159 28
160 30
161 27
162 28
163 27
164 30
165 27
166 31
167 32
168 29
169 29
170 30
171 30
172 30
173 30
174 29
175 29
176 28
177 32
178 31
179 33
180 29
181 30
182 29
183 29
184 31
185 29
186 25
187 26
188 30
189 28
190 27
191 27
192 28
193 31
194 26
195 30
196 29
197 30
198 28
199 25
200 25
201 26
202 30
203 29
204 32
205 29
206 28
207 27
208 30
209 29
210 31
211 30
212 32
213 31
214 32
215 31
216 31
217 33
218 30
219 32
220 31
221 31
222 31
223 25
224 29
225 30
226 29
227 27
228 28
229 31
230 31
231 30
232 28
233 30
234 31
235 32
236 32
237 29
238 29
239 31
240 32
241 31
242 27
243 30
244 27
245 25
246 27
247 30
248 28
249 27
250 31
251 29
252 25
253 27
254 27
255 30
256 27
257 28
258 31
259 29
260 29
261 31
262 29
263 32
264 30
265 32
266 29
267 31
268 32
269 31
270 29
271 30
272 31
273 31
274 31
275 31
276 24
277 29
278 26
279 30
280 31
281 30
282 30
283 29
284 28
285 29
286 27
287 30
288 32
289 28
290 28
291 30
292 30
293 29
294 30
295 28
296 30
297 31
298 33
299 32
300 28
301 29
302 31
303 28
304 31
305 30
306 27
307 28
308 28
309 32
310 28
311 28
312 29
313 31
314 27
315 28
316 28
317 27
318 27
319 28
320 28
321 30
322 30
323 30
324 30
325 29
326 31
327 34
328 30
329 31
330 32
331 32
332 29
333 30
334 30
335 29
336 32
337 33
338 30
339 31
340 30
341 31
342 32
343 26
344 28
345 27
346 27
347 28
348 30
349 31
350 31
351 30
352 30
353 28
354 28
355 28
356 31
357 29
358 32
359 33
360 30
361 33
362 33
363 28
364 29
365 33
366 33
367 35
368 31
369 32
370 32
371 32
372 30
373 31
374 31
375 30
376 29
377 29
378 28
379 30
380 29
381 28
382 29
383 26
384 28
385 29
386 29
387 22
388 28
389 30
390 27
391 27
392 29
393 26
394 26
395 30
396 33
397 32
398 33
399 32
400 31
401 31
402 32
403 30
404 30
405 31
406 31
407 33
408 34
409 30
410 29
411 29
412 29
413 29
414 28
415 31
416 25
417 27
418 30
419 27
420 25
421 26
422 30
423 30
424 30
425 31
426 32
427 26
428 30
429 30
430 29
431 30
432 31
433 29
434 29
435 26
436 29
437 29
438 30
439 26
440 29
441 27
442 29
443 27
444 30
445 30
446 28
447 29
448 30
449 32
450 29
451 26
452 29
453 32
454 26
455 30
456 31
457 26
458 27
459 29
460 29
461 30
462 31
463 32
464 32
465 31
466 30
467 29
468 26
469 26
470 31
471 31
472 32
473 28
474 29
475 26
476 30
477 30
478 27
479 27
480 28
481 30
482 30
483 28
484 29
485 30
486 26
487 29
488 30
489 31
490 32
491 29
492 28
493 28
494 27
495 29
496 27
497 30
498 31
499 30
500 29
501 29
502 29
503 27
504 28
505 29
506 26
507 27
508 29
509 30
510 31
511 30
512 28
513 26
514 27
515 26
516 29
517 25
518 27
519 31
520 28
521 29
522 29
523 28
524 28
525 28
526 25
527 29
528 30
529 32
530 32
531 29
532 31
533 28
534 31
535 32
536 33
537 34
538 35
539 31
540 30
541 29
542 31
543 31
544 31
545 31
546 26
547 28
548 27
549 28
550 26
551 27
552 27
553 29
554 30
555 29
556 31
557 29
558 28
559 27
560 29
561 29
562 30
563 26
564 29
565 28
566 31
567 31
568 30
569 31
570 30
571 30
572 29
573 30
574 27
575 27
576 28
577 30
578 32
579 33
580 33
581 32
582 31
583 33
584 35
585 31
586 31
587 26
588 29
589 31
590 32
591 31
592 28
593 29
594 31
595 31
596 29
597 28
598 29
599 29
600 28
601 25
602 27
603 28
604 31
605 30
606 31
607 32
608 29
609 28
610 28
611 31
612 30
613 31
614 26
615 27
616 32
617 31
618 28
619 29
620 31
621 33
622 31
623 31
624 32
625 31
626 25
627 26
628 27
629 29
630 30
631 29
632 26
633 28
634 31
635 31
636 30
637 26
638 24
639 27
640 27
641 31
642 33
643 32
644 31
645 32
646 30
647 31
648 33
649 34
650 33
651 32
652 32
653 30
654 30
655 32
656 27
657 27
658 29
659 30
660 30
661 30
662 26
663 30
664 33
665 32
666 29
667 30
668 28
669 30
670 25
671 26
672 26
673 29
674 28
675 26
676 21
677 23
678 27
679 28
680 28
681 30
682 27
683 27
684 27
685 29
686 27
687 32
688 33
689 28
690 29
691 30
692 28
693 30
694 29
695 27
696 26
697 25
698 30
699 31
700 29
701 29
702 30
703 30
704 35
705 34
706 29
707 24
708 30
709 30
710 28
711 25
712 27
713 27
714 29
715 28
716 30
717 31
718 29
719 29
720 28
721 31
722 31
723 34
724 32
725 26
726 32
727 29
728 28
729 29
730 30
731 27
732 29
733 29
734 30
735 28
736 29
737 28
738 30
739 30
740 29
741 31
742 30
743 28
744 28
745 27
746 29
747 27
748 30
749 31
750 31
751 33
752 32
753 32
754 29
755 31
756 30
757 30
758 30
759 32
760 32
761 32
762 30
763 31
764 30
765 31
766 30
767 30
768 32
769 33
770 30
771 30
772 31
773 28
774 30
775 30
776 32
777 30
778 28
779 30
780 30
781 31
782 28
783 30
784 30
785 29
786 29
787 31
788 32
789 29
790 31
791 32
792 31
793 32
794 32
795 32
796 30
797 30
798 29
799 30
800 30
801 30
802 30
803 31
804 27
805 31
806 33
807 34
808 30
809 33
810 32
811 29
812 30
813 30
814 29
815 32
816 32
817 31
818 28
819 29
820 28
821 30
822 29
823 29
824 27
825 27
826 28
827 28
828 30
829 29
830 28
831 28
832 27
833 27
834 28
835 30
836 32
837 31
838 32
839 32
840 34
841 33
842 32
843 32
844 31
845 27
846 30
847 31
848 32
849 29
850 29
851 32
852 32
853 31
854 33
855 30
856 31
857 31
858 30
859 26
860 28
861 29
862 29
863 30
864 32
865 30
866 31
867 31
868 30
869 32
870 27
871 30
872 29
873 29
874 28
875 30
876 26
877 27
878 25
879 28
880 31
881 31
882 29
883 31
884 32
885 30
886 31
887 30
888 31
889 28
890 30
891 30
892 33
893 33
894 33
895 29
896 32
897 31
898 30
899 29
900 28
901 30
902 30
903 31
904 31
905 31
906 31
907 32
908 33
909 33
910 30
911 26
912 32
913 31
914 31
915 31
916 30
917 31
918 34
919 30
920 28
921 29
922 28
923 29
924 32
925 34
926 32
927 32
928 29
929 30
930 30
931 30
932 26
933 28
934 30
935 31
936 30
937 25
938 26
939 28
940 27
941 29
942 28
943 27
944 30
945 29
946 28
947 29
948 31
949 34
950 32
951 31
952 29
953 31
954 34
955 32
956 33
957 32
958 28
959 29
960 30
961 28
962 27
963 30
964 31
965 28
966 27
967 27
968 28
969 30
970 30
971 31
972 31
973 33
974 30
975 31
976 30
977 30
978 27
979 29
980 27
981 29
982 29
983 30
984 28
985 28
986 27
987 26
988 31
989 30
990 30
991 33
992 30
993 31
994 26
995 25
996 28
997 25
998 29
999 29
1000 31
