0 85
1 63
2 62
3 64
4 64
5 61
6 59
7 60
8 61
9 57
10 61
11 62
12 66
13 58
14 60
15 62
16 64
17 59
18 65
19 62
20 61
21 62
22 63
23 62
24 60
25 59
26 65
27 62
28 57
29 60
30 62
31 57
32 59
33 66
34 62
35 56
36 65
37 54
38 63
39 64
40 65
41 62
42 62
43 71
44 65
45 62
46 53
47 59
48 63
49 64
50 63
51 61
52 68
53 59
54 64
55 55
56 62
57 57
58 59
59 67
60 56
61 66
62 59
63 64
64 67
65 59
66 62
67 63
68 66
69 65
70 61
71 63
72 57
73 58
74 65
75 60
76 55
77 69
78 64
79 60
80 61
81 56
82 64
83 60
84 63
85 65
86 65
87 66
88 62
89 60
90 56
91 66
92 59
93 60
94 53
95 57
96 65
97 57
98 63
99 67
100 56
101 64
102 65
103 64
104 62
105 64
106 61
107 66
108 62
109 60
110 60
111 64
112 63
113 58
114 72
115 62
116 61
117 65
118 56
119 66
120 61
121 58
122 67
123 61
124 65
125 61
126 63
127 61
128 60
129 62
130 64
131 66
132 62
133 61
134 63
135 64
136 65
137 60
138 68
139 59
140 63
141 58
142 60
143 53
144 60
145 61
146 56
147 62
148 55
149 60
150 62
151 60
152 61
153 58
154 59
155 57
156 58
157 64
158 55
159 60
160 68
161 61
162 64
163 67
164 63
165 61
166 63
167 54
168 64
169 61
170 57
171 61
172 62
173 67
174 59
175 64
176 65
177 62
178 65
179 61
180 62
181 59
182 61
183 64
184 65
185 66
186 66
187 62
188 61
189 62
190 61
191 65
192 64
193 65
194 61
195 61
196 57
197 58
198 65
199 56
200 68
201 69
202 61
203 62
204 60
205 64
206 59
207 53
208 62
209 64
210 59
211 60
212 62
213 62
214 63
215 60
216 58
217 61
218 64
219 61
220 61
221 63
222 58
223 62
224 64
225 59
226 60
227 69
228 63
229 61
230 63
231 63
232 62
233 65
234 65
235 59
236 58
237 65
238 61
239 65
240 64
241 65
242 64
243 61
244 60
245 63
246 61
247 58
248 58
249 57
250 66
251 57
252 57
253 59
254 64
255 56
256 67
257 62
258 62
259 60
260 65
261 59
262 65
263 60
264 61
265 56
266 72
267 62
268 61
269 65
270 68
271 60
272 56
273 55
274 63
275 52
276 60
277 63
278 58
279 64
280 60
281 59
282 63
283 63
284 62
285 61
286 61
287 62
288 64
289 68
290 64
291 61
292 63
293 65
294 55
295 57
296 63
297 63
298 62
299 64
300 55
301 63
302 65
303 62
304 65
305 61
306 60
307 61
308 61
309 60
310 60
311 64
312 62
313 61
314 61
315 64
316 64
317 63
318 51
319 59
320 62
321 65
322 60
323 59
324 59
325 62
326 62
327 63
328 59
329 60
330 64
331 65
332 51
333 60
334 60
335 61
336 64
337 59
338 60
339 61
340 62
341 60
342 62
343 59
344 58
345 66
346 62
347 67
348 66
349 59
350 56
351 67
352 57
353 60
354 59
355 64
356 63
357 67
358 71
359 58
360 60
361 61
362 62
363 67
364 62
365 59
366 65
367 60
368 60
369 64
370 57
371 62
372 57
373 55
374 61
375 58
376 66
377 65
378 58
379 57
380 64
381 64
382 61
383 60
384 59
385 59
386 62
387 59
388 64
389 65
390 61
391 63
392 64
393 60
394 63
395 62
396 60
397 59
398 58
399 62
400 61
401 67
402 62
403 60
404 61
405 63
406 61
407 59
408 61
409 55
410 60
411 52
412 60
413 62
414 68
415 63
416 60
417 62
418 64
419 65
420 68
421 63
422 61
423 61
424 60
425 61
426 59
427 63
428 61
429 59
430 62
431 54
432 63
433 60
434 65
435 61
436 64
437 61
438 64
439 59
440 54
441 61
442 60
443 58
444 65
445 61
446 64
447 63
448 65
449 59
450 64
451 66
452 63
453 58
454 60
455 57
456 62
457 61
458 56
459 68
460 62
461 56
462 62
463 58
464 61
465 62
466 62
467 60
468 66
469 62
470 68
471 56
472 59
473 65
474 65
475 61
476 62
477 68
478 60
479 62
480 63
481 65
482 64
483 63
484 62
485 63
486 56
487 55
488 60
489 57
490 59
491 59
492 61
493 63
494 65
495 54
496 62
497 60
498 61
499 66
500 63
501 62
502 66
503 58
504 60
505 61
506 65
507 54
508 61
509 59
510 66
511 64
512 63
513 60
514 61
515 63
516 62
517 66
518 64
519 66
520 65
521 60
522 64
523 57
524 59
525 64
526 63
527 63
528 68
529 60
530 61
531 64
532 62
533 65
534 66
535 61
536 62
537 58
538 63
539 55
540 53
541 66
542 63
543 65
544 67
545 61
546 62
547 58
548 65
549 59
550 62
551 60
552 60
553 66
554 64
555 61
556 63
557 63
558 61
559 55
560 61
561 59
562 61
563 61
564 56
565 64
566 57
567 68
568 61
569 58
570 60
571 61
572 59
573 58
574 64
575 57
576 62
577 69
578 62
579 57
580 65
581 58
582 61
583 64
584 61
585 65
586 67
587 63
588 64
589 63
590 59
591 60
592 68
593 60
594 63
595 57
596 58
597 55
598 63
599 61
600 64
601 65
602 59
603 64
604 62
605 59
606 68
607 65
608 61
609 66
610 60
611 55
612 62
613 57
614 60
615 60
616 60
617 56
618 61
619 63
620 64
621 62
622 57
623 58
624 56
625 64
626 61
627 56
628 61
629 66
630 62
631 62
632 58
633 60
634 57
635 59
636 59
637 60
638 62
639 59
640 54
641 59
642 65
643 62
644 68
645 62
646 55
647 64
648 58
649 56
650 59
651 60
652 64
653 63
654 67
655 62
656 63
657 66
658 64
659 57
660 60
661 60
662 61
663 70
664 61
665 62
666 59
667 60
668 61
669 64
670 61
671 62
672 61
673 64
674 57
675 65
676 62
677 59
678 56
679 59
680 66
681 70
682 60
683 63
684 65
685 53
686 60
687 61
688 55
689 59
690 63
691 62
692 60
693 59
694 59
695 63
696 63
697 57
698 60
699 65
700 58
701 62
702 64
703 62
704 62
705 61
706 63
707 64
708 62
709 65
710 68
711 62
712 61
713 66
714 61
715 64
716 61
717 66
718 66
719 62
720 60
721 64
722 63
723 60
724 58
725 67
726 61
727 64
728 65
729 59
730 59
731 62
732 63
733 64
734 63
735 63
736 63
737 60
738 61
739 64
740 64
741 62
742 63
743 58
744 61
745 64
746 61
747 54
748 66
749 65
750 60
751 64
752 63
753 67
754 63
755 59
756 63
757 62
758 60
759 61
760 65
761 61
762 62
763 60
764 62
765 63
766 61
767 53
768 55
769 58
770 62
771 62
772 61
773 63
774 64
775 65
776 58
777 62
778 61
779 65
780 66
781 60
782 63
783 60
784 66
785 61
786 65
787 62
788 56
789 65
790 61
791 59
792 57
793 59
794 63
795 62
796 63
797 61
798 61
799 65
800 61
801 59
802 62
803 59
804 54
805 64
806 58
807 59
808 66
809 62
810 62
811 63
812 63
813 70
814 64
815 60
816 58
817 62
818 61
819 66
820 56
821 61
822 58
823 54
824 59
825 62
826 63
827 64
828 59
829 61
830 63
831 64
832 60
833 62
834 66
835 56
836 59
837 59
838 60
839 60
840 63
841 61
842 55
843 63
844 54
845 59
846 61
847 66
848 64
849 55
850 61
851 64
852 66
853 53
854 56
855 60
856 63
857 59
858 59
859 61
860 57
861 64
862 64
863 61
864 62
865 66
866 64
867 54
868 59
869 63
870 56
871 65
872 60
873 65
874 59
875 65
876 62
877 58
878 58
879 63
880 58
881 62
882 60
883 63
884 61
885 64
886 61
887 56
888 57
889 63
890 56
891 59
892 58
893 64
894 61
895 65
896 66
897 55
898 54
899 64
900 64
901 61
902 59
903 63
904 62
905 61
906 62
907 63
908 64
909 54
910 64
911 61
912 65
913 58
914 64
915 62
916 62
917 60
918 62
919 64
920 66
921 61
922 57
923 56
924 64
925 65
926 64
927 61
928 66
929 62
930 58
931 55
932 62
933 62
934 53
935 61
936 62
937 62
938 59
939 66
940 61
941 66
942 61
943 63
944 64
945 62
946 57
947 55
948 64
949 60
950 61
951 64
952 61
953 64
954 68
955 62
956 64
957 60
958 62
959 61
960 65
961 64
962 66
963 59
964 60
965 65
966 65
967 60
968 63
969 58
970 66
971 58
972 63
973 61
974 64
975 60
976 64
977 64
978 69
979 55
980 71
981 64
982 64
983 62
984 57
985 65
986 60
987 62
988 66
989 60
990 67
991 66
992 64
993 64
994 54
995 58
996 58
997 60
998 63
999 68
1000 66
