0 55
1 50
2 47
3 44
4 44
5 41
6 38
7 37
8 34
9 31
10 32
11 31
12 33
13 30
14 30
15 31
16 28
17 29
18 29
19 25
20 27
21 28
22 31
23 33
24 33
25 31
26 31
27 29
28 32
29 31
30 32
31 30
32 27
33 26
34 28
35 28
36 28
37 28
38 27
39 29
40 29
41 31
42 27
43 28
44 28
45 32
46 34
47 33
48 32
49 30
50 31
51 31
52 31
53 32
54 32
55 30
56 31
57 31
58 33
59 27
60 32
61 27
62 30
63 30
64 31
65 29
66 31
67 30
68 30
69 29
70 30
71 29
72 30
73 32
74 31
75 32
76 32
77 32
78 32
79 32
80 29
81 30
82 30
83 29
84 29
85 31
86 31
87 31
88 33
89 31
90 26
91 27
92 26
93 25
94 28
95 28
96 29
97 29
98 31
99 32
100 28
101 28
102 31
103 29
104 29
105 29
106 30
107 32
108 33
109 30
110 30
111 32
112 31
113 32
114 31
115 30
116 29
117 28
118 31
119 33
120 32
121 30
122 32
123 32
124 29
125 29
126 26
127 27
128 28
129 28
130 29
131 29
132 31
133 32
134 32
135 34
136 31
137 30
138 29
139 30
140 33
141 31
142 31
143 33
144 32
145 30
146 30
147 30
148 32
149 32
150 32
151 30
152 29
153 29
154 31
155 30
156 27
157 28
158 29
159 26
160 24
161 22
162 24
163 30
164 29
165 26
166 28
167 29
168 29
169 29
170 30
171 31
172 30
173 28
174 26
175 23
176 27
177 28
178 28
179 29
180 29
181 31
182 34
183 30
184 28
185 31
186 33
187 32
188 34
189 31
190 30
191 34
192 33
193 31
194 31
195 32
196 33
197 30
198 30
199 28
200 30
201 32
202 34
203 33
204 33
205 32
206 33
207 30
208 28
209 29
210 30
211 29
212 29
213 30
214 29
215 32
216 33
217 33
218 33
219 32
220 31
221 33
222 33
223 33
224 31
225 33
226 32
227 31
228 34
229 34
230 29
231 30
232 30
233 31
234 31
235 30
236 29
237 29
238 30
239 31
240 32
241 27
242 27
243 27
244 26
245 28
246 28
247 29
248 29
249 32
250 33
251 33
252 34
253 34
254 33
255 33
256 36
257 34
258 35
259 35
260 34
261 31
262 31
263 29
264 26
265 29
266 31
267 30
268 31
269 30
270 31
271 31
272 31
273 31
274 30
275 32
276 33
277 33
278 30
279 31
280 31
281 29
282 27
283 27
284 30
285 33
286 34
287 33
288 33
289 31
290 29
291 29
292 27
293 27
294 27
295 27
296 25
297 25
298 27
299 27
300 25
301 28
302 28
303 32
304 32
305 31
306 30
307 32
308 27
309 30
310 25
311 28
312 27
313 24
314 24
315 27
316 24
317 26
318 28
319 28
320 29
321 29
322 30
323 31
324 32
325 31
326 33
327 34
328 34
329 31
330 29
331 28
332 30
333 30
334 32
335 32
336 32
337 33
338 36
339 33
340 34
341 31
342 30
343 27
344 29
345 26
346 27
347 30
348 25
349 25
350 27
351 30
352 30
353 33
354 34
355 33
356 30
357 32
358 31
359 30
360 27
361 26
362 29
363 31
364 31
365 31
366 30
367 32
368 31
369 31
370 29
371 30
372 30
373 32
374 31
375 31
376 26
377 28
378 28
379 27
380 27
381 28
382 29
383 31
384 32
385 33
386 31
387 33
388 32
389 31
390 29
391 28
392 26
393 26
394 28
395 30
396 32
397 32
398 31
399 33
400 34
401 34
402 32
403 33
404 34
405 34
406 34
407 34
408 31
409 34
410 31
411 32
412 30
413 30
414 29
415 27
416 30
417 32
418 31
419 32
420 32
421 31
422 29
423 29
424 29
425 28
426 28
427 29
428 28
429 28
430 29
431 28
432 29
433 28
434 29
435 29
436 29
437 31
438 31
439 31
440 30
441 31
442 31
443 32
444 31
445 31
446 30
447 30
448 30
449 29
450 28
451 28
452 32
453 33
454 31
455 33
456 32
457 26
458 25
459 28
460 27
461 25
462 31
463 32
464 30
465 28
466 29
467 28
468 27
469 28
470 29
471 32
472 31
473 30
474 33
475 31
476 31
477 31
478 31
479 29
480 31
481 32
482 33
483 29
484 29
485 31
486 34
487 34
488 35
489 35
490 34
491 34
492 35
493 34
494 32
495 30
496 27
497 28
498 31
499 29
500 30
501 29
502 31
503 30
504 31
505 29
506 30
507 30
508 28
509 28
510 29
511 28
512 28
513 28
514 28
515 28
516 28
517 27
518 27
519 25
520 30
521 29
522 27
523 28
524 28
525 30
526 29
527 30
528 32
529 33
530 32
531 27
532 29
533 29
534 29
535 31
536 26
537 26
538 26
539 25
540 25
541 28
542 29
543 32
544 29
545 28
546 29
547 32
548 32
549 31
550 32
551 32
552 32
553 29
554 30
555 29
556 29
557 29
558 31
559 32
560 32
561 32
562 31
563 30
564 28
565 29
566 27
567 27
568 31
569 34
570 32
571 33
572 33
573 35
574 33
575 30
576 32
577 31
578 30
579 30
580 29
581 31
582 27
583 29
584 27
585 28
586 30
587 30
588 31
589 30
590 32
591 34
592 32
593 30
594 29
595 30
596 31
597 30
598 31
599 32
600 33
601 31
602 30
603 31
604 30
605 31
606 28
607 30
608 27
609 29
610 29
611 28
612 28
613 30
614 27
615 29
616 29
617 30
618 31
619 30
620 30
621 29
622 29
623 29
624 28
625 31
626 32
627 32
628 30
629 31
630 30
631 29
632 32
633 29
634 29
635 27
636 27
637 29
638 29
639 31
640 34
641 35
642 33
643 32
644 32
645 33
646 31
647 28
648 26
649 28
650 28
651 29
652 30
653 31
654 30
655 30
656 29
657 27
658 30
659 33
660 34
661 32
662 32
663 30
664 29
665 31
666 32
667 33
668 31
669 32
670 33
671 36
672 33
673 33
674 34
675 36
676 33
677 32
678 31
679 31
680 29
681 26
682 25
683 27
684 28
685 27
686 28
687 31
688 30
689 30
690 30
691 31
692 30
693 30
694 29
695 31
696 29
697 29
698 29
699 30
700 29
701 29
702 31
703 27
704 31
705 31
706 31
707 30
708 29
709 29
710 30
711 30
712 32
713 32
714 33
715 33
716 33
717 32
718 27
719 29
720 30
721 30
722 30
723 32
724 31
725 31
726 31
727 32
728 32
729 32
730 31
731 32
732 31
733 31
734 29
735 30
736 31
737 31
738 30
739 29
740 31
741 30
742 29
743 30
744 31
745 30
746 30
747 30
748 33
749 33
750 33
751 31
752 31
753 30
754 29
755 29
756 29
757 29
758 29
759 27
760 28
761 33
762 30
763 32
764 34
765 35
766 31
767 31
768 31
769 31
770 29
771 30
772 31
773 31
774 31
775 32
776 33
777 31
778 28
779 28
780 26
781 25
782 26
783 27
784 27
785 27
786 26
787 28
788 29
789 31
790 30
791 31
792 32
793 30
794 32
795 35
796 33
797 34
798 34
799 33
800 31
801 29
802 29
803 28
804 29
805 28
806 27
807 28
808 27
809 29
810 29
811 27
812 28
813 29
814 30
815 30
816 28
817 26
818 27
819 25
820 28
821 30
822 30
823 30
824 29
825 32
826 33
827 34
828 36
829 36
830 35
831 36
832 35
833 34
834 33
835 32
836 31
837 32
838 33
839 33
840 35
841 34
842 34
843 34
844 33
845 34
846 32
847 32
848 33
849 34
850 35
851 35
852 32
853 31
854 28
855 29
856 28
857 30
858 33
859 32
860 32
861 34
862 31
863 32
864 33
865 30
866 32
867 31
868 33
869 32
870 32
871 34
872 35
873 32
874 33
875 31
876 29
877 28
878 28
879 29
880 29
881 30
882 29
883 29
884 30
885 31
886 31
887 32
888 34
889 31
890 29
891 26
892 28
893 31
894 33
895 31
896 30
897 32
898 30
899 30
900 31
901 33
902 32
903 33
904 31
905 31
906 33
907 33
908 30
909 31
910 28
911 29
912 31
913 33
914 32
915 30
916 32
917 30
918 31
919 31
920 29
921 27
922 30
923 28
924 28
925 29
926 30
927 30
928 31
929 34
930 32
931 31
932 32
933 30
934 29
935 30
936 31
937 33
938 33
939 29
940 30
941 31
942 32
943 32
944 33
945 32
946 31
947 33
948 31
949 30
950 28
951 31
952 31
953 31
954 31
955 33
956 34
957 36
958 35
959 33
960 33
961 33
962 29
963 31
964 33
965 31
966 32
967 30
968 27
969 30
970 30
971 29
972 31
973 29
974 28
975 28
976 29
977 27
978 30
979 26
980 27
981 28
982 28
983 30
984 33
985 32
986 31
987 31
988 31
989 32
990 29
991 26
992 24
993 26
994 26
995 28
996 29
997 30
998 32
999 32
1000 32
