0 45
1 43
2 41
3 40
4 38
5 37
6 36
7 35
8 34
9 33
10 32
11 31
12 30
13 29
14 27
15 27
16 26
17 26
18 25
19 24
20 23
21 23
22 23
23 23
24 23
25 22
26 21
27 19
28 18
29 17
30 18
31 18
32 17
33 16
34 16
35 16
36 16
37 16
38 16
39 16
40 15
41 15
42 14
43 14
44 14
45 14
46 14
47 15
48 14
49 14
50 14
51 14
52 14
53 14
54 13
55 13
56 13
57 13
58 14
59 13
60 13
61 13
62 13
63 12
64 11
65 11
66 10
67 10
68 10
69 9
70 10
71 10
72 11
73 11
74 11
75 11
76 10
77 9
78 10
79 9
80 10
81 10
82 10
83 10
84 10
85 11
86 11
87 11
88 10
89 10
90 10
91 10
92 10
93 10
94 10
95 10
96 10
97 10
98 10
99 10
100 10
101 9
102 9
103 9
104 9
105 9
106 8
107 8
108 8
109 7
110 8
111 9
112 9
113 10
114 10
115 10
116 10
117 10
118 9
119 9
120 8
121 8
122 9
123 10
124 9
125 9
126 9
127 8
128 9
129 9
130 8
131 7
132 7
133 7
134 7
135 7
136 6
137 6
138 6
139 6
140 5
141 5
142 5
143 5
144 6
145 6
146 7
147 7
148 7
149 7
150 8
151 8
152 8
153 8
154 8
155 8
156 8
157 9
158 9
159 9
160 8
161 8
162 8
163 7
164 7
165 7
166 7
167 7
168 7
169 6
170 6
171 7
172 8
173 8
174 8
175 8
176 7
177 7
178 7
179 7
180 6
181 7
182 7
183 7
184 8
185 8
186 9
187 8
188 7
189 7
190 7
191 6
192 6
193 7
194 7
195 7
196 7
197 7
198 7
199 7
200 7
201 7
202 7
203 6
204 6
205 6
206 5
207 4
208 4
209 4
210 4
211 3
212 3
213 3
214 3
215 3
216 3
217 3
218 3
219 3
220 3
221 3
222 2
223 2
224 2
225 4
226 3
227 3
228 3
229 3
230 3
231 3
232 3
233 3
234 3
235 3
236 3
237 3
238 4
239 4
240 4
241 5
242 6
243 6
244 6
245 6
246 5
247 5
248 5
249 5
250 5
251 5
252 5
253 5
254 5
255 5
256 5
257 5
258 5
259 5
260 5
261 5
262 4
263 4
264 4
265 4
266 4
267 4
268 4
269 4
270 4
271 4
272 4
273 4
274 5
275 6
276 6
277 6
278 6
279 6
280 6
281 6
282 7
283 7
284 7
285 7
286 7
287 7
288 7
289 6
290 6
291 6
292 6
293 6
294 6
295 5
296 5
297 5
298 5
299 5
300 5
301 5
302 4
303 4
304 4
305 5
306 5
307 5
308 5
309 5
310 5
311 5
312 5
313 5
314 5
315 5
316 6
317 6
318 6
319 6
320 5
321 5
322 6
323 6
324 7
325 6
326 6
327 6
328 6
329 6
330 6
331 6
332 6
333 6
334 6
335 6
336 6
337 7
338 7
339 7
340 7
341 7
342 7
343 6
344 6
345 6
346 7
347 7
348 7
349 7
350 6
351 6
352 6
353 6
354 5
355 5
356 5
357 5
358 5
359 5
360 5
361 5
362 4
363 4
364 4
365 5
366 5
367 6
368 6
369 6
370 6
371 6
372 6
373 6
374 6
375 6
376 7
377 7
378 7
379 7
380 7
381 7
382 7
383 7
384 7
385 7
386 7
387 7
388 7
389 7
390 7
391 7
392 7
393 6
394 6
395 7
396 6
397 6
398 6
399 6
400 6
401 6
402 6
403 5
404 5
405 5
406 5
407 6
408 6
409 6
410 6
411 6
412 6
413 6
414 7
415 7
416 7
417 7
418 7
419 6
420 6
421 6
422 6
423 6
424 6
425 6
426 6
427 6
428 7
429 8
430 8
431 9
432 9
433 9
434 9
435 8
436 8
437 8
438 7
439 7
440 6
441 6
442 6
443 5
444 5
445 5
446 5
447 5
448 5
449 5
450 5
451 5
452 5
453 5
454 5
455 5
456 5
457 4
458 4
459 4
460 4
461 4
462 4
463 4
464 4
465 5
466 5
467 5
468 5
469 5
470 6
471 6
472 6
473 5
474 5
475 5
476 4
477 4
478 5
479 5
480 5
481 5
482 5
483 5
484 5
485 5
486 5
487 5
488 5
489 5
490 5
491 4
492 5
493 5
494 6
495 6
496 6
497 7
498 8
499 8
500 7
501 8
502 8
503 7
504 7
505 7
506 7
507 7
508 7
509 7
510 7
511 7
512 7
513 8
514 7
515 7
516 7
517 7
518 7
519 7
520 6
521 7
522 7
523 7
524 7
525 7
526 7
527 7
528 7
529 7
530 8
531 8
532 8
533 8
534 8
535 8
536 8
537 8
538 8
539 8
540 8
541 8
542 8
543 8
544 8
545 9
546 9
547 9
548 8
549 8
550 8
551 9
552 9
553 9
554 9
555 9
556 9
557 9
558 8
559 8
560 8
561 8
562 7
563 7
564 7
565 7
566 6
567 6
568 5
569 5
570 5
571 5
572 5
573 5
574 5
575 5
576 5
577 6
578 6
579 7
580 7
581 7
582 7
583 7
584 7
585 7
586 7
587 7
588 7
589 7
590 8
591 8
592 8
593 9
594 9
595 9
596 9
597 8
598 8
599 8
600 8
601 8
602 8
603 9
604 9
605 9
606 9
607 10
608 10
609 10
610 10
611 10
612 10
613 10
614 10
615 9
616 8
617 7
618 7
619 7
620 8
621 8
622 8
623 8
624 8
625 8
626 7
627 7
628 7
629 7
630 7
631 7
632 7
633 7
634 7
635 6
636 6
637 6
638 6
639 5
640 5
641 5
642 5
643 5
644 5
645 5
646 5
647 6
648 6
649 6
650 6
651 6
652 6
653 6
654 6
655 6
656 7
657 7
658 6
659 5
660 5
661 5
662 5
663 5
664 5
665 4
666 4
667 4
668 4
669 4
670 4
671 4
672 4
673 5
674 6
675 5
676 5
677 5
678 5
679 5
680 5
681 5
682 5
683 5
684 5
685 5
686 5
687 5
688 5
689 4
690 4
691 4
692 4
693 4
694 5
695 5
696 5
697 5
698 5
699 5
700 5
701 5
702 5
703 5
704 5
705 5
706 5
707 5
708 5
709 5
710 5
711 6
712 6
713 6
714 6
715 6
716 6
717 5
718 5
719 5
720 6
721 6
722 6
723 6
724 6
725 5
726 5
727 5
728 6
729 6
730 6
731 6
732 6
733 7
734 6
735 6
736 6
737 7
738 7
739 7
740 6
741 5
742 5
743 5
744 5
745 4
746 4
747 5
748 5
749 5
750 5
751 5
752 5
753 5
754 5
755 5
756 5
757 5
758 5
759 5
760 5
761 5
762 4
763 4
764 4
765 4
766 5
767 5
768 5
769 5
770 5
771 5
772 5
773 5
774 5
775 5
776 5
777 5
778 5
779 5
780 5
781 5
782 5
783 5
784 4
785 4
786 4
787 4
788 4
789 4
790 4
791 4
792 4
793 4
794 4
795 5
796 6
797 6
798 6
799 5
800 5
801 5
802 4
803 4
804 4
805 4
806 4
807 4
808 4
809 4
810 4
811 4
812 5
813 5
814 5
815 5
816 5
817 5
818 5
819 4
820 4
821 4
822 4
823 4
824 4
825 4
826 4
827 4
828 4
829 3
830 3
831 3
832 3
833 4
834 4
835 4
836 4
837 4
838 4
839 4
840 3
841 3
842 3
843 3
844 3
845 3
846 3
847 4
848 4
849 5
850 5
851 5
852 5
853 5
854 5
855 5
856 4
857 4
858 4
859 4
860 4
861 4
862 5
863 5
864 5
865 5
866 4
867 5
868 5
869 5
870 5
871 5
872 5
873 4
874 4
875 3
876 3
877 4
878 4
879 5
880 5
881 5
882 5
883 5
884 5
885 5
886 5
887 5
888 4
889 3
890 3
891 2
892 2
893 2
894 2
895 2
896 2
897 2
898 2
899 2
900 2
901 3
902 3
903 3
904 3
905 3
906 3
907 3
908 3
909 3
910 3
911 4
912 4
913 4
914 4
915 4
916 4
917 4
918 4
919 4
920 4
921 4
922 4
923 4
924 4
925 4
926 5
927 5
928 5
929 6
930 5
931 5
932 5
933 5
934 5
935 5
936 5
937 5
938 5
939 5
940 5
941 5
942 6
943 6
944 7
945 7
946 7
947 7
948 7
949 7
950 7
951 7
952 7
953 7
954 7
955 7
956 7
957 7
958 7
959 7
960 7
961 7
962 7
963 7
964 8
965 8
966 7
967 8
968 8
969 8
970 8
971 8
972 8
973 8
974 8
975 7
976 7
977 7
978 7
979 7
980 7
981 6
982 6
983 6
984 6
985 6
986 6
987 5
988 4
989 4
990 4
991 4
992 4
993 4
994 5
995 5
996 5
997 5
998 5
999 5
1000 5
