0 20
1 11
2 16
3 12
4 9
5 12
6 12
7 13
8 11
9 10
10 11
11 13
12 12
13 11
14 12
15 13
16 12
17 12
18 13
19 12
20 12
21 12
22 12
23 14
24 12
25 11
26 11
27 12
28 9
29 10
30 10
31 12
32 12
33 12
34 13
35 13
36 12
37 12
38 15
39 15
40 13
41 13
42 12
43 13
44 11
45 11
46 14
47 14
48 12
49 13
50 9
51 14
52 13
53 12
54 12
55 10
56 14
57 12
58 9
59 12
60 11
61 9
62 12
63 11
64 12
65 13
66 11
67 10
68 12
69 12
70 12
71 11
72 14
73 10
74 12
75 10
76 10
77 14
78 11
79 12
80 11
81 12
82 12
83 13
84 12
85 12
86 11
87 13
88 14
89 11
90 10
91 13
92 11
93 11
94 13
95 13
96 11
97 11
98 14
99 12
100 12
101 7
102 13
103 9
104 12
105 12
106 11
107 13
108 12
109 12
110 15
111 10
112 10
113 12
114 13
115 13
116 13
117 12
118 14
119 10
120 12
121 12
122 13
123 11
124 12
125 11
126 12
127 13
128 12
129 11
130 14
131 13
132 11
133 13
134 13
135 14
136 10
137 10
138 12
139 13
140 12
141 11
142 13
143 14
144 11
145 13
146 13
147 14
148 14
149 13
150 13
151 14
152 13
153 14
154 13
155 15
156 11
157 11
158 13
159 14
160 14
161 11
162 12
163 13
164 14
165 13
166 14
167 13
168 12
169 15
170 10
171 11
172 12
173 13
174 13
175 13
176 11
177 12
178 14
179 15
180 11
181 12
182 11
183 13
184 12
185 12
186 12
187 14
188 11
189 13
190 14
191 13
192 10
193 10
194 14
195 13
196 14
197 11
198 13
199 13
200 13
201 14
202 11
203 13
204 11
205 14
206 14
207 12
208 11
209 13
210 12
211 11
212 12
213 11
214 10
215 11
216 12
217 12
218 14
219 11
220 12
221 13
222 12
223 13
224 15
225 12
226 11
227 12
228 13
229 13
230 13
231 12
232 12
233 13
234 14
235 11
236 12
237 12
238 8
239 13
240 10
241 13
242 13
243 11
244 11
245 9
246 13
247 12
248 14
249 14
250 10
251 12
252 12
253 14
254 15
255 11
256 11
257 12
258 13
259 13
260 13
261 13
262 12
263 11
264 12
265 12
266 12
267 11
268 13
269 11
270 16
271 14
272 13
273 11
274 10
275 12
276 13
277 13
278 13
279 13
280 12
281 11
282 13
283 12
284 10
285 12
286 11
287 13
288 13
289 11
290 12
291 13
292 11
293 11
294 14
295 9
296 12
297 11
298 14
299 9
300 14
301 13
302 13
303 12
304 13
305 11
306 12
307 14
308 13
309 12
310 13
311 11
312 12
313 12
314 11
315 11
316 13
317 12
318 14
319 12
320 13
321 12
322 14
323 13
324 12
325 11
326 13
327 11
328 10
329 13
330 12
331 14
332 11
333 14
334 12
335 13
336 13
337 13
338 14
339 12
340 15
341 12
342 11
343 14
344 13
345 13
346 11
347 15
348 11
349 13
350 10
351 14
352 13
353 13
354 12
355 13
356 9
357 13
358 12
359 13
360 14
361 12
362 13
363 10
364 11
365 9
366 11
367 12
368 9
369 12
370 14
371 11
372 10
373 13
374 10
375 12
376 14
377 13
378 12
379 11
380 13
381 12
382 12
383 11
384 13
385 14
386 13
387 14
388 12
389 12
390 11
391 13
392 13
393 14
394 13
395 13
396 11
397 11
398 15
399 12
400 14
401 13
402 10
403 13
404 13
405 14
406 12
407 12
408 13
409 9
410 14
411 11
412 14
413 14
414 13
415 11
416 12
417 12
418 11
419 11
420 12
421 11
422 13
423 13
424 12
425 13
426 14
427 12
428 14
429 13
430 11
431 11
432 13
433 11
434 14
435 11
436 11
437 11
438 11
439 8
440 12
441 11
442 13
443 10
444 13
445 13
446 12
447 15
448 13
449 13
450 10
451 12
452 13
453 13
454 10
455 13
456 12
457 14
458 11
459 13
460 14
461 12
462 10
463 11
464 11
465 11
466 14
467 11
468 12
469 11
470 12
471 12
472 13
473 11
474 13
475 14
476 12
477 11
478 10
479 10
480 13
481 11
482 14
483 13
484 10
485 13
486 13
487 12
488 13
489 12
490 11
491 11
492 10
493 13
494 14
495 13
496 11
497 12
498 13
499 13
500 13
501 13
502 13
503 15
504 14
505 14
506 12
507 12
508 13
509 13
510 11
511 9
512 12
513 13
514 14
515 12
516 11
517 13
518 13
519 13
520 12
521 12
522 13
523 12
524 13
525 12
526 11
527 13
528 9
529 12
530 13
531 12
532 12
533 10
534 12
535 12
536 13
537 10
538 11
539 12
540 14
541 10
542 12
543 12
544 11
545 10
546 12
547 12
548 13
549 13
550 13
551 12
552 11
553 13
554 10
555 11
556 11
557 12
558 11
559 12
560 12
561 11
562 13
563 12
564 12
565 12
566 12
567 13
568 13
569 13
570 11
571 11
572 13
573 14
574 11
575 13
576 14
577 10
578 12
579 13
580 15
581 11
582 13
583 13
584 11
585 13
586 12
587 14
588 13
589 13
590 13
591 10
592 11
593 11
594 13
595 12
596 13
597 15
598 14
599 11
600 14
601 13
602 14
603 13
604 12
605 9
606 11
607 14
608 12
609 14
610 11
611 11
612 11
613 11
614 12
615 10
616 12
617 15
618 14
619 14
620 13
621 11
622 13
623 13
624 12
625 12
626 9
627 14
628 12
629 9
630 13
631 14
632 13
633 13
634 13
635 12
636 11
637 13
638 13
639 12
640 9
641 13
642 12
643 11
644 14
645 10
646 13
647 12
648 16
649 11
650 12
651 13
652 11
653 8
654 13
655 11
656 13
657 11
658 12
659 10
660 11
661 13
662 13
663 14
664 13
665 10
666 13
667 13
668 13
669 12
670 13
671 11
672 11
673 12
674 13
675 15
676 11
677 12
678 10
679 14
680 10
681 13
682 14
683 11
684 13
685 10
686 13
687 13
688 12
689 13
690 12
691 13
692 11
693 12
694 10
695 10
696 11
697 12
698 12
699 12
700 12
701 13
702 12
703 13
704 14
705 12
706 11
707 14
708 13
709 11
710 12
711 11
712 12
713 13
714 14
715 10
716 13
717 12
718 13
719 11
720 14
721 11
722 11
723 14
724 12
725 13
726 13
727 11
728 12
729 13
730 12
731 13
732 14
733 13
734 13
735 13
736 14
737 11
738 14
739 13
740 13
741 12
742 12
743 14
744 11
745 12
746 11
747 14
748 13
749 12
750 12
751 13
752 11
753 8
754 10
755 13
756 12
757 12
758 10
759 14
760 12
761 11
762 13
763 12
764 12
765 14
766 12
767 13
768 12
769 10
770 12
771 10
772 13
773 12
774 12
775 12
776 13
777 12
778 11
779 11
780 10
781 12
782 12
783 13
784 12
785 13
786 14
787 9
788 13
789 12
790 12
791 13
792 10
793 12
794 10
795 10
796 13
797 13
798 12
799 12
800 12
801 10
802 15
803 13
804 10
805 14
806 13
807 12
808 13
809 11
810 12
811 14
812 15
813 12
814 14
815 12
816 13
817 13
818 11
819 11
820 13
821 12
822 12
823 13
824 12
825 12
826 14
827 13
828 13
829 12
830 11
831 13
832 11
833 12
834 11
835 14
836 11
837 12
838 13
839 10
840 13
841 14
842 10
843 11
844 12
845 8
846 13
847 13
848 13
849 12
850 11
851 11
852 12
853 11
854 11
855 13
856 11
857 12
858 12
859 10
860 14
861 13
862 10
863 14
864 14
865 13
866 12
867 13
868 10
869 11
870 13
871 13
872 11
873 12
874 13
875 13
876 13
877 13
878 14
879 11
880 10
881 12
882 9
883 12
884 13
885 12
886 13
887 9
888 11
889 13
890 12
891 12
892 12
893 12
894 12
895 11
896 12
897 10
898 11
899 11
900 12
901 13
902 14
903 11
904 12
905 11
906 13
907 12
908 11
909 12
910 13
911 9
912 12
913 13
914 13
915 11
916 12
917 13
918 13
919 11
920 13
921 12
922 12
923 11
924 10
925 13
926 13
927 13
928 13
929 11
930 12
931 11
932 13
933 12
934 11
935 13
936 14
937 12
938 13
939 12
940 13
941 13
942 10
943 14
944 10
945 12
946 12
947 12
948 12
949 9
950 11
951 13
952 12
953 10
954 10
955 11
956 10
957 12
958 13
959 13
960 12
961 12
962 13
963 12
964 12
965 12
966 12
967 12
968 13
969 12
970 15
971 12
972 13
973 15
974 13
975 12
976 12
977 12
978 11
979 12
980 14
981 11
982 15
983 11
984 13
985 10
986 12
987 7
988 10
989 13
990 11
991 10
992 12
993 13
994 14
995 15
996 10
997 14
998 9
999 13
1000 11
