0 35
1 23
2 22
3 21
4 17
5 21
6 24
7 22
8 18
9 23
10 24
11 24
12 21
13 21
14 25
15 23
16 24
17 21
18 22
19 23
20 18
21 22
22 24
23 23
24 25
25 21
26 24
27 24
28 22
29 24
30 23
31 21
32 20
33 22
34 21
35 24
36 23
37 22
38 24
39 24
40 24
41 24
42 22
43 19
44 21
45 21
46 24
47 21
48 22
49 18
50 21
51 24
52 23
53 21
54 25
55 24
56 24
57 23
58 22
59 23
60 22
61 22
62 23
63 21
64 19
65 23
66 21
67 23
68 23
69 24
70 22
71 24
72 19
73 21
74 22
75 23
76 23
77 22
78 22
79 21
80 24
81 22
82 20
83 21
84 20
85 25
86 24
87 23
88 22
89 20
90 22
91 22
92 18
93 22
94 25
95 22
96 22
97 21
98 22
99 21
100 22
101 21
102 21
103 21
104 25
105 24
106 23
107 21
108 24
109 21
110 23
111 21
112 23
113 19
114 24
115 23
116 19
117 22
118 22
119 24
120 24
121 23
122 23
123 24
124 22
125 21
126 25
127 20
128 24
129 23
130 22
131 24
132 24
133 23
134 20
135 25
136 24
137 22
138 24
139 22
140 22
141 26
142 20
143 22
144 21
145 23
146 24
147 22
148 23
149 23
150 21
151 22
152 25
153 23
154 24
155 24
156 23
157 23
158 20
159 22
160 25
161 23
162 24
163 20
164 26
165 17
166 22
167 25
168 24
169 23
170 23
171 21
172 26
173 22
174 24
175 22
176 23
177 21
178 23
179 23
180 21
181 20
182 22
183 24
184 21
185 24
186 22
187 23
188 22
189 24
190 24
191 25
192 24
193 25
194 24
195 21
196 23
197 22
198 22
199 24
200 23
201 21
202 23
203 25
204 22
205 25
206 22
207 22
208 24
209 22
210 20
211 24
212 20
213 24
214 26
215 24
216 23
217 21
218 19
219 20
220 23
221 19
222 24
223 22
224 24
225 24
226 22
227 23
228 22
229 23
230 23
231 22
232 22
233 24
234 23
235 25
236 23
237 22
238 25
239 23
240 22
241 23
242 23
243 23
244 23
245 22
246 25
247 24
248 23
249 25
250 22
251 23
252 23
253 24
254 25
255 24
256 22
257 22
258 22
259 24
260 24
261 24
262 25
263 23
264 24
265 23
266 24
267 21
268 24
269 20
270 25
271 21
272 22
273 26
274 24
275 23
276 25
277 23
278 22
279 25
280 22
281 24
282 23
283 24
284 23
285 21
286 20
287 25
288 20
289 24
290 25
291 19
292 20
293 23
294 24
295 22
296 21
297 23
298 27
299 24
300 22
301 21
302 24
303 21
304 22
305 24
306 22
307 21
308 25
309 23
310 22
311 23
312 24
313 21
314 23
315 19
316 24
317 25
318 26
319 24
320 24
321 23
322 25
323 20
324 18
325 24
326 23
327 20
328 20
329 22
330 21
331 24
332 21
333 24
334 22
335 23
336 25
337 25
338 23
339 22
340 25
341 25
342 24
343 20
344 24
345 22
346 25
347 23
348 21
349 23
350 24
351 25
352 22
353 23
354 21
355 20
356 23
357 23
358 21
359 22
360 23
361 24
362 23
363 18
364 22
365 22
366 23
367 22
368 22
369 23
370 23
371 19
372 22
373 24
374 21
375 23
376 22
377 23
378 22
379 24
380 22
381 21
382 21
383 25
384 20
385 22
386 25
387 22
388 21
389 21
390 21
391 23
392 24
393 22
394 20
395 22
396 24
397 22
398 23
399 22
400 24
401 23
402 21
403 22
404 24
405 19
406 23
407 17
408 19
409 23
410 21
411 21
412 22
413 25
414 26
415 24
416 24
417 22
418 21
419 19
420 22
421 23
422 21
423 23
424 24
425 24
426 20
427 24
428 22
429 22
430 25
431 20
432 23
433 23
434 21
435 23
436 22
437 22
438 22
439 23
440 22
441 24
442 23
443 25
444 23
445 23
446 23
447 22
448 20
449 18
450 21
451 24
452 24
453 25
454 21
455 23
456 24
457 22
458 21
459 22
460 22
461 24
462 24
463 21
464 22
465 24
466 16
467 21
468 20
469 21
470 22
471 21
472 21
473 20
474 24
475 22
476 21
477 25
478 21
479 22
480 24
481 24
482 22
483 23
484 18
485 22
486 19
487 24
488 23
489 22
490 19
491 22
492 22
493 21
494 25
495 23
496 23
497 21
498 20
499 22
500 23
501 25
502 23
503 24
504 24
505 23
506 21
507 21
508 25
509 25
510 23
511 22
512 21
513 22
514 22
515 22
516 24
517 19
518 20
519 21
520 22
521 19
522 20
523 22
524 21
525 19
526 22
527 22
528 24
529 23
530 22
531 21
532 21
533 22
534 21
535 24
536 23
537 22
538 23
539 24
540 24
541 22
542 23
543 22
544 23
545 21
546 23
547 21
548 22
549 22
550 21
551 22
552 21
553 24
554 22
555 24
556 23
557 22
558 20
559 22
560 22
561 21
562 24
563 23
564 19
565 26
566 23
567 22
568 24
569 23
570 20
571 22
572 24
573 24
574 22
575 25
576 25
577 23
578 25
579 23
580 23
581 21
582 22
583 26
584 24
585 23
586 22
587 24
588 23
589 23
590 22
591 25
592 25
593 22
594 22
595 25
596 22
597 20
598 20
599 25
600 22
601 21
602 22
603 23
604 23
605 20
606 22
607 20
608 21
609 23
610 23
611 23
612 23
613 21
614 24
615 24
616 22
617 24
618 24
619 23
620 18
621 17
622 22
623 22
624 22
625 23
626 23
627 23
628 24
629 22
630 22
631 21
632 22
633 24
634 23
635 24
636 21
637 27
638 23
639 23
640 20
641 20
642 25
643 20
644 23
645 23
646 20
647 24
648 27
649 21
650 20
651 24
652 20
653 22
654 20
655 22
656 19
657 22
658 23
659 23
660 22
661 22
662 21
663 25
664 24
665 22
666 25
667 24
668 22
669 21
670 23
671 23
672 20
673 25
674 25
675 23
676 23
677 25
678 23
679 22
680 27
681 16
682 25
683 23
684 24
685 23
686 20
687 24
688 22
689 24
690 23
691 25
692 22
693 25
694 22
695 23
696 24
697 24
698 20
699 23
700 24
701 21
702 22
703 23
704 21
705 20
706 24
707 25
708 22
709 23
710 24
711 23
712 22
713 22
714 22
715 22
716 20
717 20
718 20
719 22
720 25
721 21
722 25
723 23
724 23
725 24
726 22
727 25
728 26
729 22
730 22
731 24
732 24
733 24
734 20
735 19
736 21
737 21
738 23
739 23
740 21
741 24
742 23
743 22
744 21
745 23
746 23
747 22
748 21
749 23
750 22
751 25
752 22
753 23
754 23
755 18
756 23
757 22
758 20
759 24
760 21
761 20
762 22
763 21
764 24
765 23
766 21
767 21
768 25
769 24
770 24
771 25
772 23
773 21
774 18
775 23
776 24
777 22
778 24
779 23
780 24
781 24
782 25
783 25
784 24
785 21
786 20
787 24
788 22
789 22
790 23
791 21
792 21
793 25
794 18
795 24
796 24
797 23
798 24
799 23
800 23
801 23
802 19
803 23
804 24
805 23
806 23
807 21
808 23
809 22
810 22
811 22
812 22
813 20
814 26
815 19
816 22
817 23
818 24
819 22
820 20
821 24
822 22
823 21
824 26
825 20
826 20
827 24
828 22
829 24
830 21
831 22
832 22
833 21
834 23
835 23
836 22
837 23
838 21
839 23
840 23
841 23
842 22
843 22
844 25
845 22
846 23
847 21
848 23
849 24
850 22
851 26
852 24
853 21
854 21
855 24
856 25
857 24
858 19
859 20
860 23
861 25
862 24
863 23
864 24
865 19
866 23
867 23
868 22
869 22
870 24
871 21
872 24
873 21
874 21
875 20
876 24
877 21
878 20
879 23
880 24
881 24
882 24
883 22
884 23
885 20
886 23
887 24
888 22
889 23
890 21
891 23
892 22
893 17
894 22
895 22
896 19
897 23
898 21
899 24
900 24
901 23
902 22
903 23
904 24
905 23
906 20
907 24
908 23
909 25
910 18
911 23
912 23
913 23
914 23
915 23
916 23
917 20
918 21
919 22
920 24
921 24
922 21
923 20
924 23
925 24
926 23
927 22
928 24
929 23
930 22
931 21
932 22
933 22
934 21
935 22
936 24
937 20
938 23
939 23
940 22
941 21
942 20
943 19
944 25
945 20
946 24
947 25
948 23
949 22
950 23
951 24
952 23
953 22
954 21
955 21
956 23
957 24
958 21
959 22
960 22
961 25
962 26
963 23
964 22
965 22
966 22
967 19
968 21
969 21
970 23
971 21
972 23
973 21
974 23
975 22
976 21
977 21
978 25
979 25
980 25
981 22
982 23
983 23
984 24
985 25
986 23
987 23
988 22
989 21
990 24
991 23
992 24
993 23
994 24
995 24
996 20
997 25
998 22
999 24
1000 23
