0 80
1 75
2 72
3 70
4 66
5 64
6 63
7 61
8 60
9 60
10 60
11 60
12 56
13 58
14 55
15 57
16 58
17 54
18 55
19 53
20 52
21 51
22 50
23 50
24 50
25 52
26 52
27 54
28 52
29 54
30 54
31 51
32 50
33 50
34 46
35 43
36 42
37 44
38 41
39 44
40 47
41 48
42 49
43 53
44 54
45 52
46 51
47 51
48 51
49 50
50 49
51 49
52 47
53 49
54 47
55 52
56 53
57 52
58 54
59 53
60 51
61 52
62 54
63 54
64 55
65 56
66 55
67 56
68 56
69 55
70 54
71 53
72 52
73 52
74 48
75 50
76 50
77 50
78 53
79 52
80 50
81 50
82 48
83 46
84 47
85 49
86 48
87 47
88 45
89 46
90 48
91 49
92 51
93 52
94 49
95 50
96 51
97 51
98 49
99 49
100 52
101 50
102 51
103 49
104 51
105 49
106 51
107 52
108 53
109 52
110 53
111 48
112 49
113 49
114 49
115 47
116 48
117 49
118 45
119 51
120 52
121 55
122 53
123 53
124 53
125 54
126 53
127 51
128 53
129 53
130 49
131 50
132 52
133 54
134 55
135 53
136 53
137 54
138 56
139 55
140 51
141 51
142 50
143 47
144 46
145 47
146 46
147 47
148 47
149 48
150 48
151 48
152 50
153 48
154 49
155 53
156 54
157 53
158 51
159 50
160 48
161 49
162 51
163 52
164 52
165 49
166 54
167 54
168 56
169 58
170 54
171 51
172 52
173 50
174 49
175 48
176 48
177 49
178 49
179 48
180 50
181 50
182 49
183 47
184 52
185 52
186 55
187 55
188 57
189 59
190 59
191 60
192 57
193 55
194 52
195 50
196 50
197 52
198 53
199 52
200 50
201 52
202 54
203 55
204 59
205 56
206 57
207 57
208 56
209 57
210 59
211 59
212 58
213 56
214 53
215 51
216 49
217 52
218 52
219 52
220 51
221 51
222 51
223 51
224 50
225 50
226 49
227 51
228 52
229 53
230 55
231 55
232 53
233 53
234 53
235 50
236 49
237 50
238 51
239 53
240 54
241 53
242 53
243 55
244 54
245 54
246 51
247 53
248 54
249 52
250 48
251 49
252 51
253 51
254 54
255 54
256 52
257 53
258 52
259 53
260 51
261 53
262 54
263 53
264 53
265 54
266 54
267 55
268 56
269 52
270 54
271 52
272 53
273 54
274 52
275 51
276 47
277 48
278 50
279 49
280 48
281 49
282 50
283 51
284 51
285 51
286 51
287 48
288 48
289 50
290 48
291 49
292 49
293 49
294 48
295 46
296 47
297 48
298 50
299 53
300 52
301 52
302 51
303 50
304 49
305 51
306 50
307 50
308 50
309 53
310 56
311 56
312 58
313 56
314 55
315 56
316 54
317 57
318 56
319 54
320 54
321 57
322 58
323 54
324 54
325 56
326 53
327 51
328 52
329 54
330 52
331 54
332 52
333 51
334 52
335 49
336 51
337 51
338 52
339 50
340 49
341 50
342 49
343 50
344 51
345 50
346 53
347 55
348 55
349 56
350 58
351 56
352 58
353 56
354 55
355 56
356 54
357 53
358 53
359 55
360 55
361 53
362 54
363 52
364 48
365 45
366 42
367 45
368 43
369 45
370 48
371 48
372 48
373 48
374 48
375 48
376 48
377 46
378 43
379 44
380 43
381 44
382 42
383 43
384 45
385 49
386 48
387 52
388 54
389 55
390 55
391 54
392 54
393 51
394 53
395 54
396 54
397 52
398 51
399 50
400 47
401 49
402 48
403 47
404 48
405 49
406 48
407 52
408 53
409 54
410 52
411 52
412 53
413 52
414 51
415 52
416 54
417 52
418 53
419 52
420 52
421 50
422 49
423 50
424 50
425 51
426 51
427 48
428 49
429 47
430 47
431 48
432 50
433 46
434 46
435 47
436 51
437 52
438 54
439 55
440 57
441 57
442 56
443 57
444 55
445 56
446 58
447 57
448 57
449 58
450 56
451 55
452 53
453 55
454 54
455 55
456 57
457 57
458 55
459 56
460 53
461 51
462 52
463 53
464 51
465 51
466 51
467 54
468 53
469 49
470 52
471 53
472 54
473 53
474 52
475 49
476 51
477 50
478 51
479 52
480 51
481 52
482 49
483 49
484 51
485 51
486 51
487 52
488 50
489 48
490 51
491 52
492 52
493 53
494 52
495 50
496 51
497 48
498 48
499 50
500 47
501 51
502 51
503 50
504 51
505 53
506 50
507 51
508 46
509 46
510 48
511 47
512 47
513 51
514 52
515 50
516 49
517 46
518 48
519 45
520 48
521 50
522 51
523 54
524 54
525 55
526 56
527 55
528 55
529 57
530 58
531 59
532 60
533 56
534 56
535 59
536 60
537 58
538 56
539 57
540 55
541 58
542 60
543 57
544 58
545 59
546 59
547 58
548 59
549 58
550 60
551 60
552 59
553 57
554 58
555 55
556 54
557 54
558 54
559 56
560 54
561 55
562 54
563 56
564 53
565 54
566 52
567 54
568 53
569 54
570 54
571 53
572 54
573 54
574 52
575 53
576 55
577 55
578 54
579 55
580 53
581 54
582 51
583 52
584 51
585 54
586 56
587 56
588 54
589 55
590 56
591 57
592 57
593 56
594 57
595 54
596 52
597 50
598 54
599 53
600 54
601 53
602 51
603 54
604 54
605 54
606 54
607 52
608 50
609 49
610 49
611 50
612 49
613 45
614 47
615 46
616 49
617 50
618 51
619 47
620 49
621 49
622 49
623 49
624 50
625 51
626 51
627 46
628 46
629 47
630 47
631 46
632 48
633 49
634 49
635 48
636 50
637 51
638 53
639 52
640 49
641 49
642 49
643 49
644 47
645 51
646 49
647 49
648 51
649 50
650 51
651 53
652 56
653 57
654 57
655 55
656 53
657 55
658 52
659 48
660 48
661 51
662 52
663 55
664 51
665 52
666 53
667 54
668 52
669 52
670 55
671 58
672 58
673 56
674 53
675 54
676 52
677 52
678 50
679 50
680 53
681 54
682 54
683 54
684 52
685 51
686 50
687 49
688 52
689 52
690 46
691 48
692 48
693 49
694 52
695 54
696 56
697 56
698 58
699 55
700 54
701 54
702 56
703 54
704 55
705 52
706 53
707 48
708 49
709 50
710 48
711 49
712 50
713 50
714 50
715 49
716 49
717 49
718 49
719 49
720 52
721 53
722 47
723 45
724 48
725 48
726 47
727 48
728 46
729 47
730 46
731 47
732 48
733 49
734 48
735 49
736 50
737 47
738 48
739 49
740 49
741 49
742 49
743 51
744 52
745 52
746 50
747 50
748 50
749 49
750 49
751 48
752 46
753 45
754 49
755 50
756 50
757 47
758 50
759 49
760 48
761 50
762 51
763 52
764 53
765 54
766 55
767 53
768 54
769 55
770 56
771 56
772 56
773 54
774 49
775 49
776 49
777 49
778 49
779 54
780 56
781 54
782 52
783 51
784 53
785 53
786 54
787 50
788 49
789 50
790 51
791 50
792 52
793 52
794 50
795 52
796 52
797 51
798 53
799 53
800 55
801 55
802 54
803 51
804 52
805 52
806 56
807 53
808 49
809 50
810 48
811 52
812 56
813 56
814 57
815 56
816 55
817 53
818 56
819 53
820 53
821 55
822 53
823 55
824 54
825 57
826 54
827 54
828 56
829 54
830 57
831 56
832 53
833 53
834 52
835 51
836 52
837 51
838 51
839 54
840 53
841 53
842 54
843 57
844 52
845 53
846 51
847 50
848 48
849 51
850 52
851 50
852 50
853 51
854 51
855 51
856 50
857 51
858 54
859 52
860 54
861 54
862 55
863 57
864 56
865 58
866 57
867 57
868 57
869 58
870 56
871 55
872 54
873 55
874 53
875 53
876 51
877 48
878 47
879 47
880 50
881 49
882 54
883 58
884 60
885 59
886 59
887 62
888 59
889 58
890 56
891 56
892 55
893 52
894 51
895 52
896 52
897 57
898 59
899 56
900 57
901 53
902 53
903 52
904 53
905 51
906 52
907 51
908 51
909 49
910 48
911 49
912 49
913 51
914 53
915 53
916 53
917 54
918 52
919 54
920 55
921 58
922 58
923 57
924 55
925 55
926 55
927 55
928 55
929 57
930 58
931 56
932 57
933 52
934 52
935 52
936 51
937 48
938 47
939 50
940 50
941 47
942 49
943 46
944 45
945 47
946 50
947 51
948 50
949 53
950 53
951 54
952 56
953 57
954 55
955 56
956 52
957 51
958 51
959 50
960 54
961 52
962 52
963 57
964 58
965 59
966 59
967 57
968 58
969 54
970 54
971 56
972 55
973 54
974 55
975 56
976 54
977 53
978 51
979 50
980 50
981 50
982 50
983 49
984 49
985 51
986 50
987 53
988 55
989 55
990 54
991 50
992 50
993 50
994 50
995 49
996 50
997 50
998 53
999 55
1000 53
