0 25
1 22
2 19
3 18
4 17
5 15
6 15
7 14
8 15
9 14
10 14
11 13
12 12
13 12
14 12
15 11
16 10
17 9
18 9
19 10
20 10
21 9
22 9
23 9
24 9
25 10
26 10
27 10
28 9
29 9
30 10
31 10
32 10
33 9
34 9
35 9
36 9
37 8
38 8
39 7
40 6
41 6
42 6
43 6
44 6
45 6
46 7
47 7
48 7
49 6
50 6
51 7
52 7
53 8
54 7
55 8
56 8
57 7
58 7
59 7
60 7
61 8
62 10
63 9
64 9
65 9
66 8
67 8
68 6
69 6
70 7
71 7
72 7
73 7
74 6
75 6
76 6
77 6
78 7
79 6
80 6
81 6
82 6
83 6
84 5
85 6
86 5
87 5
88 5
89 6
90 7
91 8
92 9
93 9
94 9
95 9
96 8
97 7
98 7
99 7
100 7
101 7
102 7
103 6
104 6
105 5
106 5
107 5
108 6
109 5
110 4
111 3
112 5
113 6
114 6
115 6
116 7
117 6
118 6
119 7
120 6
121 5
122 5
123 5
124 5
125 6
126 7
127 7
128 7
129 7
130 7
131 6
132 7
133 6
134 7
135 8
136 8
137 8
138 9
139 7
140 7
141 8
142 8
143 9
144 10
145 9
146 9
147 10
148 9
149 9
150 8
151 9
152 9
153 8
154 7
155 8
156 7
157 8
158 7
159 7
160 6
161 6
162 6
163 7
164 8
165 8
166 10
167 9
168 9
169 10
170 10
171 9
172 9
173 10
174 10
175 10
176 10
177 9
178 9
179 10
180 10
181 10
182 10
183 9
184 9
185 9
186 10
187 10
188 11
189 12
190 12
191 11
192 11
193 11
194 10
195 11
196 10
197 9
198 9
199 9
200 9
201 10
202 11
203 11
204 10
205 11
206 10
207 9
208 9
209 9
210 10
211 10
212 8
213 8
214 9
215 9
216 10
217 7
218 7
219 7
220 7
221 8
222 7
223 9
224 10
225 10
226 10
227 10
228 10
229 10
230 10
231 10
232 11
233 10
234 8
235 8
236 8
237 7
238 7
239 8
240 8
241 9
242 8
243 7
244 8
245 9
246 8
247 7
248 8
249 9
250 8
251 8
252 7
253 7
254 7
255 6
256 6
257 6
258 6
259 7
260 7
261 7
262 6
263 5
264 5
265 6
266 7
267 7
268 9
269 10
270 10
271 10
272 10
273 10
274 10
275 10
276 9
277 9
278 9
279 10
280 10
281 9
282 8
283 9
284 8
285 8
286 7
287 8
288 8
289 8
290 8
291 8
292 8
293 8
294 8
295 8
296 8
297 8
298 7
299 8
300 7
301 7
302 7
303 7
304 7
305 7
306 7
307 6
308 6
309 7
310 8
311 9
312 8
313 8
314 8
315 8
316 8
317 9
318 8
319 8
320 9
321 8
322 9
323 8
324 9
325 9
326 8
327 8
328 6
329 6
330 7
331 6
332 6
333 5
334 5
335 5
336 6
337 6
338 6
339 6
340 6
341 7
342 7
343 7
344 7
345 7
346 8
347 7
348 8
349 8
350 8
351 8
352 8
353 7
354 7
355 6
356 7
357 7
358 7
359 7
360 8
361 8
362 8
363 7
364 8
365 9
366 9
367 10
368 10
369 8
370 6
371 6
372 7
373 6
374 7
375 6
376 6
377 6
378 6
379 7
380 7
381 8
382 8
383 8
384 9
385 9
386 11
387 10
388 10
389 10
390 10
391 11
392 9
393 9
394 9
395 9
396 9
397 10
398 10
399 11
400 10
401 11
402 10
403 9
404 9
405 9
406 9
407 9
408 9
409 8
410 8
411 8
412 9
413 9
414 10
415 9
416 7
417 7
418 8
419 8
420 8
421 9
422 9
423 8
424 8
425 9
426 8
427 8
428 8
429 9
430 9
431 8
432 9
433 8
434 9
435 7
436 7
437 7
438 6
439 6
440 6
441 6
442 7
443 8
444 8
445 8
446 10
447 10
448 10
449 8
450 8
451 9
452 9
453 8
454 9
455 8
456 9
457 10
458 10
459 11
460 11
461 11
462 10
463 9
464 8
465 8
466 9
467 7
468 6
469 6
470 7
471 6
472 8
473 6
474 4
475 3
476 3
477 3
478 3
479 4
480 3
481 3
482 4
483 4
484 6
485 6
486 7
487 6
488 7
489 6
490 6
491 7
492 7
493 8
494 8
495 7
496 7
497 7
498 7
499 9
500 10
501 10
502 10
503 10
504 10
505 9
506 8
507 9
508 10
509 10
510 10
511 9
512 10
513 9
514 9
515 8
516 8
517 7
518 8
519 8
520 8
521 8
522 9
523 9
524 9
525 9
526 8
527 8
528 7
529 8
530 8
531 8
532 9
533 10
534 10
535 9
536 10
537 10
538 10
539 10
540 10
541 11
542 9
543 9
544 9
545 9
546 8
547 8
548 9
549 10
550 11
551 9
552 7
553 7
554 7
555 8
556 9
557 9
558 9
559 8
560 8
561 8
562 9
563 9
564 9
565 7
566 7
567 7
568 7
569 8
570 8
571 9
572 10
573 9
574 8
575 8
576 9
577 9
578 9
579 11
580 10
581 9
582 9
583 8
584 8
585 8
586 8
587 8
588 9
589 9
590 10
591 9
592 9
593 9
594 9
595 10
596 9
597 7
598 7
599 7
600 6
601 7
602 8
603 9
604 9
605 9
606 9
607 11
608 11
609 10
610 10
611 9
612 9
613 9
614 9
615 8
616 6
617 6
618 6
619 7
620 7
621 8
622 9
623 10
624 8
625 9
626 9
627 9
628 10
629 8
630 8
631 8
632 9
633 10
634 11
635 11
636 10
637 11
638 11
639 10
640 11
641 11
642 12
643 13
644 14
645 14
646 13
647 13
648 12
649 12
650 11
651 11
652 8
653 8
654 8
655 8
656 8
657 9
658 11
659 11
660 11
661 10
662 7
663 7
664 7
665 8
666 7
667 6
668 6
669 7
670 6
671 5
672 4
673 4
674 4
675 4
676 5
677 5
678 6
679 6
680 7
681 7
682 9
683 9
684 8
685 9
686 9
687 7
688 9
689 9
690 8
691 8
692 9
693 10
694 9
695 9
696 7
697 8
698 9
699 7
700 7
701 7
702 8
703 9
704 8
705 8
706 8
707 7
708 7
709 8
710 8
711 8
712 8
713 8
714 8
715 8
716 8
717 8
718 9
719 9
720 9
721 9
722 9
723 8
724 9
725 10
726 10
727 8
728 9
729 8
730 8
731 8
732 8
733 9
734 10
735 10
736 10
737 11
738 12
739 12
740 11
741 11
742 11
743 10
744 11
745 11
746 11
747 11
748 11
749 12
750 12
751 12
752 12
753 10
754 10
755 10
756 10
757 11
758 11
759 10
760 10
761 11
762 12
763 10
764 9
765 9
766 9
767 9
768 10
769 10
770 10
771 11
772 9
773 9
774 10
775 11
776 10
777 11
778 12
779 11
780 11
781 10
782 10
783 11
784 11
785 10
786 10
787 8
788 9
789 8
790 8
791 8
792 8
793 8
794 7
795 7
796 7
797 8
798 7
799 7
800 4
801 4
802 6
803 6
804 6
805 7
806 6
807 6
808 7
809 6
810 7
811 6
812 7
813 7
814 6
815 5
816 6
817 6
818 7
819 7
820 7
821 7
822 7
823 8
824 8
825 8
826 7
827 8
828 9
829 7
830 7
831 8
832 7
833 7
834 8
835 8
836 8
837 8
838 5
839 5
840 6
841 6
842 6
843 7
844 7
845 9
846 10
847 10
848 9
849 10
850 9
851 8
852 9
853 8
854 9
855 9
856 8
857 9
858 10
859 10
860 10
861 10
862 10
863 11
864 9
865 9
866 9
867 10
868 7
869 8
870 8
871 7
872 8
873 9
874 9
875 8
876 8
877 8
878 9
879 9
880 9
881 10
882 10
883 9
884 10
885 9
886 9
887 10
888 9
889 9
890 7
891 9
892 9
893 9
894 10
895 12
896 12
897 13
898 13
899 12
900 11
901 10
902 10
903 10
904 10
905 9
906 10
907 10
908 11
909 10
910 10
911 9
912 10
913 10
914 9
915 9
916 9
917 8
918 8
919 9
920 10
921 9
922 9
923 9
924 8
925 8
926 8
927 7
928 8
929 8
930 9
931 9
932 9
933 10
934 9
935 7
936 8
937 8
938 8
939 9
940 9
941 9
942 9
943 9
944 10
945 10
946 10
947 10
948 9
949 9
950 9
951 9
952 9
953 10
954 10
955 10
956 10
957 10
958 10
959 10
960 8
961 9
962 10
963 11
964 10
965 10
966 11
967 10
968 9
969 9
970 8
971 8
972 7
973 7
974 8
975 8
976 8
977 8
978 8
979 8
980 9
981 8
982 8
983 9
984 9
985 8
986 8
987 8
988 7
989 8
990 8
991 8
992 8
993 8
994 7
995 6
996 7
997 7
998 8
999 8
1000 8
