0 90
1 62
2 59
3 60
4 61
5 62
6 59
7 66
8 64
9 60
10 64
11 59
12 62
13 61
14 62
15 62
16 61
17 62
18 66
19 63
20 63
21 64
22 64
23 65
24 63
25 59
26 54
27 63
28 65
29 59
30 63
31 60
32 59
33 67
34 62
35 61
36 64
37 67
38 61
39 62
40 62
41 62
42 65
43 57
44 65
45 60
46 64
47 58
48 60
49 58
50 65
51 65
52 61
53 61
54 61
55 66
56 61
57 66
58 61
59 63
60 62
61 65
62 59
63 63
64 65
65 61
66 65
67 59
68 61
69 63
70 60
71 57
72 59
73 57
74 55
75 62
76 51
77 62
78 61
79 63
80 57
81 61
82 67
83 57
84 61
85 58
86 59
87 62
88 61
89 63
90 59
91 60
92 62
93 60
94 60
95 63
96 61
97 60
98 64
99 63
100 63
101 61
102 65
103 66
104 60
105 57
106 61
107 57
108 58
109 63
110 60
111 64
112 62
113 60
114 58
115 61
116 64
117 58
118 61
119 58
120 53
121 59
122 59
123 61
124 63
125 64
126 64
127 63
128 62
129 62
130 63
131 62
132 61
133 63
134 60
135 59
136 63
137 62
138 59
139 64
140 55
141 63
142 59
143 63
144 63
145 66
146 61
147 59
148 61
149 59
150 61
151 66
152 58
153 64
154 55
155 66
156 65
157 61
158 64
159 59
160 62
161 58
162 61
163 55
164 63
165 62
166 63
167 64
168 61
169 64
170 59
171 54
172 64
173 62
174 65
175 63
176 64
177 53
178 58
179 62
180 59
181 63
182 63
183 62
184 63
185 63
186 65
187 61
188 62
189 60
190 63
191 62
192 62
193 59
194 56
195 62
196 64
197 64
198 62
199 61
200 57
201 62
202 54
203 60
204 64
205 61
206 62
207 59
208 63
209 65
210 62
211 63
212 58
213 60
214 60
215 61
216 61
217 62
218 63
219 61
220 62
221 64
222 59
223 66
224 65
225 59
226 60
227 61
228 64
229 61
230 64
231 60
232 60
233 62
234 62
235 61
236 63
237 65
238 65
239 64
240 63
241 61
242 62
243 58
244 66
245 63
246 60
247 62
248 59
249 60
250 64
251 60
252 62
253 59
254 63
255 65
256 60
257 60
258 58
259 57
260 65
261 59
262 63
263 61
264 64
265 58
266 66
267 62
268 60
269 65
270 63
271 63
272 61
273 62
274 62
275 61
276 61
277 63
278 64
279 60
280 61
281 63
282 57
283 56
284 64
285 62
286 60
287 62
288 63
289 64
290 61
291 64
292 60
293 58
294 68
295 64
296 64
297 61
298 64
299 57
300 61
301 64
302 61
303 63
304 66
305 66
306 65
307 59
308 60
309 61
310 64
311 64
312 61
313 62
314 59
315 59
316 58
317 62
318 57
319 64
320 61
321 61
322 64
323 63
324 62
325 61
326 62
327 62
328 62
329 63
330 54
331 63
332 64
333 62
334 60
335 58
336 62
337 63
338 64
339 57
340 58
341 62
342 61
343 62
344 61
345 60
346 63
347 61
348 56
349 61
350 57
351 62
352 60
353 58
354 62
355 62
356 59
357 63
358 66
359 60
360 63
361 65
362 64
363 64
364 59
365 62
366 66
367 61
368 65
369 62
370 59
371 60
372 61
373 66
374 60
375 61
376 62
377 57
378 64
379 64
380 64
381 62
382 61
383 66
384 62
385 59
386 63
387 62
388 65
389 61
390 66
391 64
392 64
393 61
394 59
395 64
396 59
397 63
398 63
399 65
400 62
401 59
402 60
403 62
404 64
405 60
406 62
407 67
408 64
409 61
410 64
411 64
412 60
413 58
414 56
415 59
416 64
417 63
418 65
419 65
420 59
421 62
422 64
423 60
424 64
425 61
426 56
427 58
428 62
429 65
430 62
431 62
432 59
433 62
434 62
435 63
436 58
437 63
438 63
439 65
440 52
441 64
442 57
443 64
444 56
445 61
446 61
447 59
448 65
449 63
450 65
451 61
452 63
453 63
454 64
455 61
456 64
457 55
458 64
459 63
460 60
461 63
462 62
463 60
464 58
465 62
466 62
467 61
468 63
469 64
470 63
471 64
472 60
473 63
474 58
475 61
476 63
477 62
478 60
479 62
480 60
481 66
482 62
483 66
484 64
485 58
486 64
487 61
488 58
489 62
490 61
491 65
492 59
493 62
494 53
495 59
496 66
497 56
498 60
499 66
500 59
501 67
502 61
503 54
504 58
505 63
506 63
507 64
508 61
509 62
510 61
511 64
512 56
513 59
514 66
515 64
516 61
517 58
518 64
519 60
520 57
521 62
522 62
523 66
524 64
525 64
526 65
527 60
528 59
529 54
530 63
531 61
532 61
533 63
534 60
535 58
536 59
537 63
538 65
539 64
540 60
541 63
542 63
543 62
544 64
545 61
546 62
547 63
548 62
549 63
550 63
551 60
552 62
553 62
554 62
555 60
556 64
557 57
558 58
559 64
560 61
561 65
562 60
563 67
564 62
565 60
566 58
567 62
568 61
569 69
570 63
571 60
572 56
573 61
574 61
575 62
576 66
577 59
578 57
579 62
580 64
581 61
582 63
583 58
584 65
585 64
586 63
587 61
588 57
589 62
590 63
591 62
592 63
593 65
594 61
595 64
596 62
597 61
598 60
599 58
600 60
601 61
602 64
603 63
604 61
605 59
606 61
607 63
608 62
609 63
610 58
611 64
612 62
613 64
614 59
615 63
616 60
617 61
618 62
619 61
620 60
621 62
622 62
623 63
624 66
625 64
626 63
627 59
628 65
629 61
630 61
631 56
632 63
633 62
634 62
635 62
636 61
637 59
638 62
639 58
640 57
641 64
642 60
643 62
644 67
645 58
646 63
647 62
648 60
649 58
650 63
651 59
652 61
653 61
654 60
655 61
656 60
657 61
658 58
659 64
660 60
661 62
662 61
663 63
664 61
665 63
666 63
667 63
668 63
669 62
670 60
671 60
672 59
673 66
674 65
675 65
676 61
677 64
678 64
679 63
680 62
681 65
682 62
683 61
684 65
685 61
686 61
687 60
688 58
689 65
690 62
691 60
692 61
693 64
694 57
695 59
696 58
697 62
698 64
699 66
700 63
701 60
702 62
703 59
704 61
705 63
706 62
707 60
708 65
709 61
710 60
711 64
712 60
713 60
714 63
715 67
716 62
717 61
718 58
719 62
720 63
721 64
722 62
723 62
724 60
725 62
726 62
727 65
728 62
729 61
730 64
731 58
732 64
733 62
734 54
735 63
736 64
737 60
738 59
739 62
740 65
741 66
742 59
743 63
744 68
745 59
746 62
747 61
748 63
749 61
750 61
751 58
752 60
753 61
754 59
755 53
756 59
757 62
758 62
759 62
760 64
761 60
762 60
763 63
764 63
765 65
766 64
767 64
768 60
769 60
770 60
771 64
772 64
773 61
774 62
775 58
776 61
777 65
778 62
779 60
780 60
781 54
782 66
783 65
784 62
785 61
786 58
787 63
788 61
789 63
790 60
791 61
792 63
793 53
794 60
795 60
796 59
797 62
798 61
799 64
800 59
801 62
802 65
803 56
804 55
805 58
806 65
807 65
808 65
809 59
810 57
811 58
812 61
813 63
814 57
815 67
816 66
817 66
818 61
819 59
820 63
821 62
822 59
823 60
824 54
825 57
826 60
827 65
828 65
829 64
830 64
831 59
832 63
833 57
834 64
835 63
836 61
837 65
838 60
839 60
840 59
841 58
842 61
843 55
844 61
845 59
846 64
847 61
848 63
849 62
850 62
851 63
852 61
853 62
854 60
855 59
856 62
857 65
858 61
859 66
860 63
861 63
862 61
863 60
864 64
865 64
866 63
867 64
868 65
869 63
870 59
871 63
872 61
873 59
874 61
875 62
876 63
877 55
878 62
879 55
880 60
881 56
882 64
883 57
884 59
885 63
886 58
887 58
888 60
889 64
890 59
891 60
892 63
893 62
894 63
895 65
896 65
897 62
898 62
899 63
900 61
901 63
902 64
903 61
904 51
905 61
906 61
907 59
908 57
909 61
910 62
911 62
912 58
913 61
914 64
915 63
916 64
917 62
918 57
919 62
920 61
921 58
922 61
923 60
924 64
925 63
926 58
927 62
928 60
929 66
930 61
931 60
932 61
933 64
934 59
935 63
936 61
937 61
938 63
939 62
940 58
941 60
942 62
943 62
944 58
945 56
946 63
947 67
948 64
949 63
950 56
951 58
952 62
953 62
954 65
955 58
956 60
957 64
958 60
959 65
960 64
961 62
962 66
963 60
964 59
965 65
966 60
967 60
968 63
969 64
970 63
971 60
972 58
973 62
974 58
975 63
976 65
977 62
978 61
979 62
980 60
981 59
982 60
983 63
984 64
985 61
986 62
987 60
988 65
989 59
990 67
991 55
992 57
993 56
994 63
995 66
996 58
997 63
998 64
999 62
1000 65
