0 15
1 12
2 11
3 10
4 8
5 8
6 6
7 7
8 9
9 7
10 7
11 6
12 6
13 7
14 9
15 7
16 8
17 7
18 7
19 6
20 8
21 8
22 7
23 5
24 6
25 9
26 8
27 7
28 7
29 9
30 9
31 9
32 10
33 10
34 10
35 9
36 9
37 8
38 9
39 7
40 7
41 7
42 7
43 6
44 7
45 6
46 5
47 5
48 6
49 8
50 8
51 9
52 8
53 6
54 6
55 8
56 10
57 11
58 9
59 10
60 9
61 9
62 9
63 9
64 10
65 9
66 9
67 8
68 9
69 8
70 7
71 8
72 8
73 8
74 8
75 8
76 8
77 6
78 6
79 6
80 7
81 9
82 10
83 10
84 8
85 9
86 7
87 7
88 7
89 8
90 8
91 7
92 8
93 7
94 7
95 9
96 9
97 10
98 9
99 9
100 5
101 7
102 6
103 5
104 6
105 7
106 8
107 9
108 8
109 7
110 8
111 8
112 8
113 7
114 6
115 8
116 8
117 8
118 8
119 7
120 8
121 6
122 8
123 7
124 5
125 6
126 6
127 6
128 8
129 6
130 6
131 7
132 6
133 7
134 5
135 7
136 7
137 8
138 9
139 7
140 5
141 5
142 7
143 8
144 7
145 7
146 8
147 8
148 7
149 6
150 5
151 6
152 7
153 5
154 5
155 7
156 8
157 9
158 8
159 8
160 8
161 8
162 11
163 11
164 10
165 7
166 7
167 8
168 7
169 8
170 7
171 8
172 8
173 7
174 7
175 6
176 8
177 7
178 6
179 7
180 7
181 6
182 8
183 8
184 9
185 9
186 9
187 9
188 10
189 8
190 9
191 9
192 8
193 7
194 7
195 7
196 6
197 7
198 8
199 7
200 8
201 8
202 8
203 9
204 10
205 8
206 8
207 7
208 8
209 7
210 8
211 8
212 7
213 8
214 6
215 6
216 7
217 7
218 7
219 10
220 10
221 8
222 5
223 5
224 7
225 7
226 8
227 5
228 5
229 7
230 8
231 6
232 7
233 7
234 7
235 8
236 8
237 8
238 8
239 7
240 8
241 8
242 9
243 10
244 8
245 9
246 7
247 7
248 6
249 6
250 6
251 6
252 6
253 7
254 7
255 8
256 7
257 6
258 6
259 6
260 7
261 8
262 9
263 8
264 7
265 6
266 7
267 7
268 7
269 8
270 8
271 10
272 9
273 10
274 9
275 7
276 7
277 8
278 9
279 9
280 6
281 6
282 7
283 7
284 7
285 6
286 7
287 8
288 8
289 7
290 8
291 9
292 8
293 8
294 7
295 8
296 8
297 7
298 7
299 10
300 10
301 8
302 7
303 7
304 8
305 7
306 9
307 10
308 7
309 6
310 7
311 9
312 9
313 9
314 8
315 9
316 8
317 8
318 9
319 7
320 10
321 10
322 10
323 10
324 8
325 10
326 9
327 9
328 10
329 8
330 9
331 7
332 7
333 7
334 8
335 7
336 5
337 6
338 7
339 9
340 9
341 10
342 9
343 10
344 10
345 8
346 8
347 9
348 9
349 9
350 9
351 7
352 7
353 6
354 7
355 7
356 8
357 7
358 7
359 8
360 5
361 4
362 5
363 6
364 8
365 6
366 7
367 6
368 7
369 6
370 8
371 8
372 9
373 9
374 10
375 9
376 5
377 7
378 7
379 7
380 7
381 7
382 7
383 7
384 7
385 8
386 6
387 6
388 7
389 7
390 6
391 7
392 6
393 8
394 7
395 7
396 6
397 7
398 8
399 9
400 9
401 9
402 9
403 10
404 7
405 5
406 7
407 8
408 9
409 8
410 10
411 8
412 7
413 7
414 8
415 8
416 7
417 7
418 8
419 9
420 7
421 8
422 7
423 5
424 8
425 7
426 7
427 6
428 6
429 6
430 6
431 7
432 7
433 7
434 7
435 6
436 6
437 6
438 6
439 8
440 7
441 7
442 7
443 9
444 8
445 7
446 8
447 8
448 10
449 8
450 7
451 7
452 8
453 8
454 8
455 7
456 7
457 5
458 5
459 6
460 6
461 5
462 6
463 5
464 8
465 8
466 8
467 8
468 8
469 8
470 6
471 7
472 8
473 7
474 7
475 8
476 8
477 9
478 8
479 8
480 7
481 6
482 7
483 8
484 9
485 8
486 8
487 8
488 8
489 7
490 7
491 8
492 8
493 7
494 8
495 6
496 5
497 6
498 7
499 6
500 7
501 7
502 7
503 7
504 7
505 7
506 7
507 8
508 8
509 8
510 8
511 8
512 7
513 8
514 8
515 8
516 5
517 6
518 6
519 7
520 7
521 7
522 6
523 7
524 7
525 7
526 6
527 7
528 8
529 8
530 5
531 6
532 8
533 8
534 8
535 7
536 6
537 5
538 5
539 5
540 8
541 7
542 9
543 8
544 9
545 9
546 7
547 8
548 8
549 8
550 8
551 8
552 8
553 8
554 6
555 7
556 8
557 8
558 8
559 8
560 8
561 9
562 8
563 8
564 5
565 6
566 8
567 7
568 6
569 7
570 7
571 6
572 8
573 9
574 7
575 8
576 8
577 9
578 10
579 8
580 6
581 5
582 7
583 8
584 8
585 7
586 7
587 6
588 5
589 6
590 6
591 8
592 6
593 4
594 4
595 6
596 6
597 7
598 8
599 8
600 8
601 9
602 8
603 8
604 8
605 10
606 11
607 9
608 11
609 10
610 8
611 9
612 9
613 11
614 11
615 9
616 9
617 8
618 8
619 8
620 8
621 9
622 9
623 9
624 7
625 6
626 6
627 7
628 6
629 6
630 6
631 8
632 8
633 8
634 5
635 5
636 6
637 7
638 8
639 7
640 7
641 5
642 6
643 6
644 4
645 5
646 6
647 6
648 5
649 5
650 8
651 5
652 7
653 7
654 5
655 7
656 6
657 6
658 5
659 6
660 6
661 7
662 8
663 8
664 8
665 7
666 7
667 8
668 8
669 7
670 8
671 6
672 7
673 8
674 8
675 8
676 8
677 8
678 9
679 8
680 9
681 8
682 7
683 8
684 8
685 6
686 7
687 9
688 9
689 9
690 10
691 8
692 7
693 6
694 7
695 7
696 9
697 7
698 9
699 8
700 8
701 8
702 10
703 9
704 9
705 9
706 7
707 6
708 8
709 8
710 6
711 7
712 9
713 10
714 11
715 10
716 7
717 8
718 7
719 8
720 7
721 7
722 8
723 8
724 10
725 10
726 8
727 8
728 8
729 7
730 9
731 10
732 10
733 10
734 10
735 10
736 8
737 8
738 7
739 6
740 6
741 6
742 8
743 8
744 7
745 7
746 9
747 9
748 7
749 7
750 6
751 7
752 8
753 7
754 7
755 8
756 8
757 8
758 9
759 7
760 7
761 7
762 8
763 8
764 9
765 8
766 7
767 7
768 8
769 9
770 7
771 8
772 7
773 5
774 5
775 4
776 7
777 6
778 6
779 7
780 8
781 6
782 5
783 6
784 7
785 7
786 7
787 7
788 6
789 7
790 6
791 6
792 6
793 8
794 7
795 4
796 7
797 8
798 9
799 10
800 8
801 8
802 9
803 10
804 10
805 9
806 8
807 8
808 8
809 9
810 9
811 8
812 8
813 8
814 7
815 7
816 5
817 5
818 5
819 6
820 7
821 5
822 8
823 8
824 6
825 7
826 7
827 7
828 8
829 7
830 9
831 9
832 7
833 7
834 6
835 7
836 8
837 8
838 10
839 11
840 7
841 9
842 8
843 8
844 9
845 8
846 6
847 7
848 7
849 7
850 8
851 9
852 9
853 9
854 9
855 9
856 10
857 7
858 9
859 9
860 9
861 9
862 7
863 9
864 7
865 7
866 8
867 6
868 7
869 8
870 9
871 8
872 9
873 8
874 6
875 7
876 7
877 8
878 8
879 8
880 7
881 7
882 6
883 7
884 6
885 6
886 8
887 8
888 8
889 7
890 7
891 6
892 7
893 8
894 8
895 8
896 7
897 7
898 7
899 8
900 8
901 7
902 7
903 8
904 9
905 8
906 8
907 10
908 8
909 6
910 8
911 10
912 11
913 9
914 9
915 8
916 8
917 9
918 7
919 6
920 6
921 6
922 8
923 6
924 6
925 5
926 6
927 7
928 7
929 6
930 7
931 7
932 6
933 7
934 9
935 8
936 8
937 9
938 9
939 8
940 9
941 7
942 8
943 9
944 9
945 8
946 8
947 7
948 5
949 6
950 8
951 8
952 8
953 8
954 8
955 9
956 9
957 8
958 9
959 9
960 9
961 7
962 8
963 7
964 7
965 6
966 7
967 7
968 6
969 4
970 4
971 5
972 5
973 5
974 5
975 6
976 7
977 8
978 7
979 8
980 7
981 8
982 10
983 10
984 8
985 7
986 6
987 5
988 6
989 8
990 8
991 7
992 8
993 8
994 7
995 6
996 5
997 6
998 7
999 8
1000 10
