0 90
1 65
2 66
3 62
4 57
5 60
6 65
7 63
8 63
9 59
10 65
11 66
12 66
13 61
14 62
15 63
16 65
17 62
18 61
19 60
20 56
21 63
22 60
23 56
24 63
25 63
26 60
27 59
28 64
29 61
30 59
31 63
32 60
33 62
34 62
35 59
36 61
37 60
38 61
39 58
40 57
41 57
42 58
43 51
44 62
45 64
46 60
47 61
48 64
49 65
50 65
51 61
52 63
53 61
54 61
55 62
56 60
57 60
58 60
59 59
60 60
61 63
62 62
63 60
64 61
65 57
66 61
67 60
68 59
69 60
70 65
71 61
72 59
73 64
74 65
75 66
76 64
77 63
78 62
79 55
80 64
81 64
82 59
83 65
84 66
85 62
86 64
87 65
88 66
89 61
90 67
91 63
92 58
93 65
94 58
95 62
96 63
97 58
98 62
99 62
100 65
101 64
102 64
103 63
104 59
105 65
106 62
107 62
108 62
109 61
110 64
111 57
112 63
113 64
114 58
115 60
116 64
117 61
118 62
119 64
120 62
121 60
122 62
123 62
124 64
125 61
126 61
127 62
128 64
129 63
130 66
131 61
132 64
133 63
134 63
135 61
136 61
137 63
138 67
139 63
140 61
141 58
142 60
143 62
144 61
145 59
146 62
147 61
148 64
149 58
150 64
151 64
152 56
153 56
154 62
155 57
156 64
157 61
158 58
159 60
160 57
161 62
162 60
163 62
164 64
165 59
166 63
167 58
168 63
169 57
170 60
171 65
172 65
173 62
174 60
175 60
176 65
177 59
178 60
179 60
180 60
181 64
182 64
183 66
184 65
185 60
186 60
187 64
188 65
189 61
190 60
191 59
192 61
193 59
194 61
195 55
196 64
197 57
198 63
199 59
200 58
201 59
202 67
203 56
204 56
205 60
206 61
207 65
208 63
209 66
210 65
211 61
212 62
213 59
214 60
215 65
216 62
217 66
218 61
219 58
220 58
221 62
222 60
223 60
224 63
225 66
226 61
227 59
228 60
229 61
230 63
231 61
232 61
233 60
234 62
235 63
236 58
237 62
238 56
239 60
240 61
241 64
242 63
243 62
244 64
245 58
246 64
247 61
248 61
249 56
250 62
251 61
252 67
253 68
254 57
255 62
256 59
257 60
258 56
259 63
260 63
261 57
262 66
263 58
264 61
265 62
266 61
267 64
268 61
269 57
270 62
271 60
272 62
273 62
274 56
275 65
276 59
277 59
278 60
279 65
280 64
281 58
282 61
283 56
284 63
285 66
286 68
287 58
288 66
289 65
290 65
291 64
292 56
293 63
294 64
295 62
296 60
297 59
298 61
299 62
300 63
301 61
302 65
303 65
304 59
305 61
306 66
307 62
308 63
309 63
310 63
311 63
312 56
313 63
314 67
315 62
316 60
317 59
318 63
319 58
320 63
321 59
322 59
323 62
324 64
325 60
326 67
327 65
328 63
329 64
330 60
331 62
332 65
333 64
334 61
335 54
336 62
337 58
338 66
339 64
340 55
341 66
342 66
343 62
344 62
345 62
346 67
347 62
348 62
349 62
350 64
351 64
352 66
353 63
354 59
355 60
356 63
357 64
358 59
359 60
360 63
361 63
362 65
363 60
364 59
365 62
366 60
367 57
368 63
369 66
370 62
371 64
372 57
373 58
374 59
375 61
376 64
377 65
378 65
379 62
380 58
381 61
382 61
383 63
384 63
385 64
386 61
387 62
388 58
389 60
390 59
391 66
392 64
393 62
394 63
395 60
396 62
397 63
398 58
399 61
400 59
401 62
402 59
403 58
404 57
405 60
406 62
407 60
408 61
409 62
410 59
411 66
412 61
413 62
414 63
415 63
416 60
417 60
418 62
419 61
420 62
421 63
422 59
423 64
424 60
425 66
426 61
427 64
428 64
429 66
430 63
431 64
432 64
433 59
434 62
435 65
436 65
437 61
438 63
439 59
440 63
441 61
442 57
443 65
444 63
445 61
446 58
447 63
448 65
449 67
450 59
451 63
452 61
453 64
454 62
455 64
456 63
457 63
458 61
459 61
460 61
461 60
462 66
463 63
464 60
465 60
466 66
467 58
468 59
469 61
470 60
471 62
472 63
473 59
474 63
475 62
476 62
477 64
478 64
479 64
480 63
481 62
482 60
483 58
484 69
485 63
486 63
487 60
488 57
489 64
490 59
491 61
492 65
493 57
494 59
495 63
496 56
497 59
498 60
499 62
500 60
501 64
502 61
503 67
504 66
505 64
506 65
507 65
508 59
509 59
510 60
511 61
512 51
513 64
514 64
515 61
516 63
517 55
518 65
519 57
520 56
521 55
522 58
523 59
524 61
525 63
526 60
527 60
528 60
529 62
530 62
531 64
532 63
533 62
534 58
535 58
536 59
537 60
538 59
539 58
540 56
541 64
542 62
543 64
544 57
545 57
546 59
547 58
548 62
549 62
550 58
551 62
552 68
553 64
554 60
555 61
556 64
557 59
558 59
559 62
560 64
561 62
562 65
563 60
564 63
565 60
566 63
567 58
568 57
569 62
570 60
571 59
572 66
573 63
574 54
575 61
576 60
577 65
578 65
579 63
580 59
581 62
582 56
583 59
584 64
585 61
586 62
587 60
588 65
589 61
590 59
591 61
592 64
593 63
594 64
595 59
596 64
597 62
598 61
599 58
600 63
601 62
602 63
603 59
604 57
605 55
606 64
607 62
608 66
609 55
610 59
611 64
612 62
613 60
614 63
615 59
616 58
617 63
618 64
619 59
620 60
621 64
622 58
623 61
624 59
625 63
626 67
627 63
628 60
629 62
630 58
631 60
632 59
633 61
634 64
635 64
636 62
637 60
638 61
639 62
640 61
641 63
642 65
643 63
644 63
645 56
646 62
647 63
648 60
649 62
650 63
651 64
652 68
653 64
654 59
655 56
656 65
657 59
658 62
659 53
660 62
661 60
662 64
663 62
664 64
665 61
666 60
667 62
668 57
669 60
670 64
671 61
672 59
673 65
674 62
675 60
676 61
677 61
678 61
679 60
680 57
681 60
682 60
683 59
684 65
685 67
686 61
687 60
688 60
689 60
690 64
691 63
692 59
693 64
694 64
695 66
696 62
697 59
698 61
699 56
700 54
701 58
702 68
703 62
704 60
705 62
706 58
707 59
708 62
709 59
710 62
711 65
712 61
713 62
714 58
715 58
716 64
717 64
718 56
719 61
720 64
721 63
722 60
723 62
724 60
725 59
726 63
727 60
728 60
729 60
730 63
731 63
732 64
733 57
734 63
735 64
736 63
737 65
738 66
739 55
740 61
741 65
742 58
743 59
744 64
745 61
746 64
747 66
748 61
749 61
750 60
751 60
752 62
753 62
754 61
755 63
756 62
757 62
758 62
759 62
760 65
761 66
762 66
763 65
764 60
765 62
766 58
767 60
768 55
769 61
770 64
771 57
772 64
773 57
774 61
775 56
776 63
777 63
778 63
779 61
780 63
781 61
782 62
783 57
784 64
785 63
786 59
787 67
788 62
789 60
790 60
791 62
792 64
793 60
794 64
795 58
796 63
797 60
798 60
799 56
800 59
801 58
802 64
803 65
804 62
805 63
806 62
807 60
808 63
809 55
810 56
811 64
812 54
813 62
814 61
815 60
816 61
817 57
818 61
819 66
820 66
821 65
822 61
823 63
824 66
825 54
826 62
827 63
828 57
829 60
830 59
831 60
832 59
833 61
834 61
835 60
836 68
837 66
838 62
839 60
840 59
841 66
842 65
843 59
844 62
845 64
846 65
847 61
848 56
849 65
850 64
851 59
852 60
853 63
854 58
855 62
856 64
857 65
858 60
859 57
860 55
861 60
862 64
863 63
864 62
865 58
866 60
867 61
868 62
869 63
870 61
871 63
872 61
873 60
874 61
875 61
876 61
877 63
878 64
879 68
880 65
881 63
882 59
883 60
884 61
885 62
886 63
887 62
888 62
889 64
890 60
891 65
892 64
893 63
894 60
895 58
896 61
897 62
898 59
899 62
900 65
901 62
902 60
903 64
904 66
905 62
906 61
907 60
908 58
909 61
910 60
911 62
912 64
913 62
914 61
915 68
916 62
917 58
918 59
919 65
920 61
921 59
922 62
923 64
924 62
925 64
926 58
927 60
928 60
929 62
930 58
931 61
932 59
933 56
934 60
935 64
936 64
937 58
938 62
939 59
940 62
941 61
942 63
943 61
944 67
945 59
946 62
947 62
948 63
949 55
950 61
951 61
952 60
953 65
954 62
955 64
956 56
957 61
958 61
959 66
960 66
961 66
962 65
963 60
964 56
965 63
966 65
967 62
968 59
969 62
970 61
971 59
972 62
973 62
974 62
975 63
976 61
977 59
978 63
979 61
980 58
981 65
982 60
983 65
984 62
985 62
986 64
987 62
988 62
989 64
990 62
991 67
992 59
993 61
994 59
995 66
996 65
997 56
998 59
999 58
1000 61
