0 55
1 44
2 38
3 35
4 32
5 32
6 32
7 33
8 32
9 33
10 31
11 33
12 34
13 31
14 32
15 32
16 31
17 33
18 34
19 35
20 35
21 35
22 33
23 32
24 33
25 33
26 30
27 29
28 31
29 28
30 30
31 32
32 32
33 32
34 30
35 28
36 29
37 33
38 34
39 31
40 29
41 31
42 33
43 33
44 31
45 30
46 27
47 31
48 30
49 30
50 31
51 27
52 32
53 30
54 32
55 33
56 29
57 28
58 28
59 29
60 31
61 33
62 31
63 33
64 31
65 32
66 33
67 33
68 34
69 33
70 32
71 31
72 33
73 32
74 29
75 29
76 28
77 30
78 32
79 34
80 33
81 32
82 32
83 35
84 37
85 35
86 35
87 33
88 32
89 33
90 33
91 33
92 31
93 31
94 30
95 28
96 26
97 29
98 31
99 31
100 33
101 31
102 33
103 33
104 34
105 36
106 36
107 37
108 35
109 33
110 32
111 32
112 32
113 32
114 34
115 33
116 32
117 33
118 32
119 35
120 35
121 35
122 34
123 33
124 35
125 32
126 34
127 33
128 35
129 35
130 33
131 32
132 33
133 32
134 31
135 33
136 35
137 36
138 34
139 33
140 32
141 31
142 29
143 30
144 30
145 32
146 32
147 33
148 31
149 30
150 29
151 30
152 31
153 31
154 32
155 31
156 31
157 32
158 32
159 32
160 33
161 34
162 34
163 34
164 33
165 33
166 29
167 29
168 31
169 30
170 30
171 30
172 32
173 29
174 28
175 29
176 27
177 24
178 27
179 29
180 29
181 31
182 28
183 29
184 29
185 30
186 27
187 30
188 34
189 34
190 32
191 33
192 34
193 32
194 32
195 33
196 33
197 32
198 33
199 31
200 30
201 32
202 34
203 32
204 31
205 31
206 32
207 33
208 33
209 33
210 36
211 35
212 35
213 33
214 30
215 29
216 30
217 30
218 30
219 33
220 35
221 33
222 29
223 26
224 27
225 28
226 29
227 31
228 30
229 29
230 30
231 29
232 28
233 30
234 32
235 33
236 34
237 30
238 28
239 29
240 31
241 34
242 31
243 31
244 32
245 32
246 30
247 31
248 31
249 33
250 28
251 23
252 28
253 29
254 27
255 28
256 32
257 31
258 30
259 32
260 32
261 32
262 31
263 31
264 32
265 32
266 30
267 28
268 26
269 26
270 28
271 28
272 30
273 29
274 30
275 31
276 29
277 31
278 30
279 32
280 30
281 33
282 33
283 31
284 30
285 32
286 32
287 34
288 34
289 31
290 33
291 34
292 31
293 33
294 34
295 33
296 34
297 32
298 33
299 32
300 33
301 32
302 30
303 31
304 30
305 30
306 32
307 32
308 33
309 30
310 27
311 30
312 32
313 32
314 33
315 32
316 31
317 33
318 34
319 29
320 32
321 32
322 33
323 34
324 36
325 35
326 36
327 36
328 33
329 31
330 31
331 31
332 33
333 30
334 31
335 31
336 30
337 28
338 28
339 29
340 32
341 32
342 33
343 34
344 35
345 33
346 34
347 31
348 31
349 29
350 28
351 28
352 30
353 31
354 31
355 32
356 33
357 33
358 32
359 28
360 28
361 30
362 31
363 32
364 30
365 29
366 31
367 32
368 30
369 29
370 33
371 33
372 31
373 34
374 33
375 30
376 31
377 32
378 31
379 27
380 28
381 31
382 32
383 29
384 30
385 30
386 32
387 33
388 33
389 36
390 37
391 37
392 35
393 31
394 31
395 31
396 32
397 29
398 31
399 33
400 32
401 30
402 30
403 33
404 32
405 29
406 30
407 33
408 34
409 34
410 31
411 32
412 32
413 29
414 31
415 32
416 31
417 32
418 32
419 33
420 33
421 32
422 31
423 31
424 29
425 30
426 30
427 29
428 28
429 29
430 28
431 27
432 28
433 30
434 29
435 28
436 32
437 33
438 31
439 35
440 34
441 33
442 34
443 33
444 32
445 34
446 32
447 32
448 29
449 31
450 32
451 33
452 31
453 30
454 30
455 30
456 30
457 32
458 31
459 31
460 32
461 31
462 32
463 34
464 33
465 32
466 29
467 31
468 31
469 32
470 33
471 24
472 31
473 33
474 33
475 35
476 33
477 32
478 31
479 27
480 29
481 32
482 33
483 33
484 35
485 32
486 34
487 32
488 32
489 31
490 31
491 34
492 34
493 32
494 30
495 30
496 30
497 34
498 34
499 33
500 30
501 30
502 33
503 33
504 34
505 29
506 32
507 30
508 31
509 33
510 34
511 35
512 33
513 34
514 31
515 32
516 28
517 29
518 31
519 28
520 31
521 29
522 32
523 33
524 32
525 32
526 30
527 28
528 31
529 28
530 32
531 33
532 35
533 32
534 30
535 31
536 32
537 33
538 33
539 35
540 31
541 32
542 33
543 36
544 33
545 34
546 34
547 33
548 32
549 31
550 31
551 33
552 31
553 27
554 28
555 31
556 31
557 31
558 29
559 28
560 29
561 29
562 29
563 29
564 32
565 32
566 30
567 31
568 34
569 30
570 31
571 29
572 32
573 28
574 29
575 29
576 29
577 30
578 31
579 30
580 30
581 30
582 27
583 22
584 27
585 30
586 34
587 34
588 33
589 33
590 32
591 33
592 34
593 32
594 33
595 33
596 33
597 31
598 30
599 30
600 31
601 32
602 30
603 31
604 33
605 32
606 33
607 33
608 33
609 31
610 33
611 32
612 34
613 32
614 31
615 31
616 32
617 29
618 25
619 28
620 26
621 29
622 32
623 30
624 26
625 28
626 29
627 31
628 31
629 32
630 33
631 33
632 32
633 28
634 27
635 30
636 31
637 28
638 30
639 34
640 29
641 29
642 29
643 29
644 29
645 29
646 27
647 29
648 29
649 29
650 28
651 29
652 27
653 26
654 29
655 29
656 29
657 30
658 29
659 30
660 31
661 32
662 30
663 29
664 30
665 28
666 32
667 30
668 31
669 31
670 31
671 29
672 28
673 29
674 30
675 31
676 31
677 25
678 28
679 25
680 27
681 31
682 31
683 35
684 35
685 34
686 32
687 30
688 31
689 32
690 33
691 31
692 33
693 35
694 32
695 33
696 32
697 31
698 34
699 33
700 34
701 34
702 30
703 29
704 30
705 30
706 31
707 32
708 32
709 31
710 33
711 33
712 31
713 31
714 33
715 33
716 35
717 35
718 34
719 35
720 33
721 30
722 28
723 29
724 31
725 34
726 33
727 34
728 35
729 33
730 31
731 30
732 28
733 29
734 31
735 30
736 32
737 35
738 35
739 33
740 30
741 29
742 30
743 33
744 31
745 32
746 26
747 27
748 25
749 28
750 27
751 25
752 26
753 29
754 31
755 29
756 30
757 33
758 30
759 30
760 31
761 31
762 30
763 33
764 31
765 32
766 30
767 30
768 30
769 31
770 29
771 30
772 31
773 29
774 29
775 31
776 32
777 32
778 29
779 31
780 34
781 32
782 33
783 33
784 32
785 33
786 34
787 33
788 33
789 31
790 28
791 31
792 32
793 33
794 35
795 34
796 35
797 34
798 35
799 37
800 35
801 35
802 36
803 36
804 33
805 34
806 37
807 36
808 34
809 29
810 31
811 28
812 29
813 30
814 32
815 31
816 29
817 31
818 32
819 34
820 34
821 30
822 27
823 32
824 34
825 34
826 32
827 32
828 32
829 31
830 30
831 29
832 33
833 30
834 31
835 30
836 33
837 35
838 33
839 35
840 34
841 34
842 33
843 31
844 30
845 32
846 32
847 30
848 31
849 32
850 31
851 33
852 32
853 30
854 28
855 30
856 32
857 32
858 32
859 34
860 35
861 35
862 34
863 32
864 33
865 35
866 33
867 31
868 34
869 32
870 28
871 31
872 27
873 29
874 29
875 30
876 31
877 31
878 31
879 32
880 31
881 34
882 28
883 31
884 33
885 31
886 32
887 32
888 30
889 31
890 31
891 27
892 27
893 33
894 33
895 33
896 32
897 30
898 31
899 26
900 31
901 34
902 36
903 32
904 31
905 31
906 30
907 31
908 32
909 33
910 34
911 34
912 29
913 31
914 27
915 29
916 32
917 33
918 32
919 32
920 34
921 34
922 32
923 31
924 32
925 32
926 31
927 28
928 29
929 27
930 29
931 28
932 31
933 33
934 36
935 33
936 32
937 29
938 30
939 31
940 30
941 32
942 33
943 32
944 33
945 33
946 34
947 31
948 32
949 34
950 34
951 34
952 34
953 33
954 32
955 33
956 35
957 34
958 31
959 33
960 33
961 33
962 34
963 31
964 32
965 33
966 34
967 30
968 30
969 28
970 29
971 31
972 33
973 30
974 30
975 29
976 29
977 31
978 32
979 29
980 30
981 30
982 31
983 33
984 32
985 32
986 32
987 34
988 30
989 30
990 32
991 31
992 30
993 32
994 32
995 31
996 29
997 26
998 29
999 30
1000 27
