0 100
1 73
2 69
3 64
4 61
5 67
6 68
7 67
8 69
9 67
10 68
11 68
12 65
13 67
14 63
15 68
16 62
17 69
18 71
19 61
20 68
21 68
22 66
23 66
24 71
25 68
26 71
27 66
28 70
29 65
30 65
31 63
32 66
33 67
34 69
35 67
36 65
37 70
38 66
39 63
40 62
41 65
42 67
43 66
44 65
45 69
46 67
47 66
48 64
49 66
50 69
51 71
52 68
53 64
54 67
55 66
56 67
57 63
58 68
59 67
60 67
61 66
62 67
63 64
64 66
65 69
66 68
67 70
68 65
69 69
70 70
71 65
72 66
73 69
74 66
75 71
76 65
77 66
78 68
79 65
80 66
81 60
82 64
83 64
84 69
85 67
86 68
87 68
88 62
89 65
90 60
91 66
92 71
93 69
94 63
95 65
96 65
97 67
98 70
99 66
100 61
101 63
102 61
103 65
104 64
105 65
106 65
107 66
108 70
109 66
110 65
111 63
112 66
113 68
114 69
115 67
116 65
117 65
118 62
119 63
120 68
121 68
122 62
123 65
124 67
125 65
126 67
127 65
128 62
129 64
130 67
131 64
132 63
133 61
134 62
135 68
136 69
137 71
138 70
139 67
140 62
141 64
142 70
143 65
144 67
145 67
146 65
147 71
148 69
149 61
150 61
151 64
152 66
153 72
154 69
155 67
156 66
157 69
158 70
159 70
160 65
161 68
162 65
163 68
164 67
165 65
166 69
167 66
168 64
169 69
170 69
171 64
172 65
173 64
174 66
175 66
176 65
177 70
178 68
179 67
180 68
181 62
182 68
183 70
184 68
185 68
186 70
187 63
188 65
189 66
190 69
191 69
192 73
193 68
194 67
195 63
196 68
197 68
198 62
199 67
200 64
201 67
202 64
203 72
204 70
205 66
206 63
207 68
208 71
209 66
210 67
211 69
212 66
213 69
214 71
215 65
216 65
217 68
218 68
219 66
220 61
221 68
222 65
223 65
224 68
225 69
226 72
227 70
228 70
229 68
230 69
231 69
232 67
233 68
234 63
235 63
236 64
237 67
238 68
239 65
240 66
241 68
242 68
243 66
244 62
245 68
246 64
247 62
248 68
249 65
250 63
251 65
252 69
253 63
254 60
255 61
256 65
257 65
258 70
259 72
260 70
261 71
262 64
263 67
264 68
265 70
266 72
267 70
268 71
269 70
270 73
271 69
272 68
273 68
274 68
275 69
276 71
277 66
278 68
279 60
280 69
281 70
282 65
283 70
284 69
285 63
286 63
287 62
288 64
289 67
290 64
291 67
292 66
293 67
294 68
295 65
296 63
297 68
298 65
299 69
300 68
301 68
302 67
303 67
304 71
305 70
306 68
307 68
308 70
309 73
310 71
311 70
312 72
313 71
314 70
315 69
316 68
317 71
318 64
319 65
320 63
321 67
322 68
323 71
324 66
325 64
326 63
327 69
328 68
329 70
330 67
331 63
332 69
333 68
334 70
335 66
336 73
337 64
338 65
339 72
340 67
341 68
342 67
343 63
344 67
345 67
346 67
347 68
348 65
349 69
350 65
351 64
352 71
353 64
354 66
355 64
356 62
357 61
358 65
359 67
360 71
361 70
362 67
363 67
364 62
365 64
366 67
367 66
368 70
369 63
370 69
371 70
372 67
373 70
374 64
375 66
376 65
377 66
378 67
379 66
380 64
381 65
382 69
383 68
384 66
385 62
386 64
387 65
388 63
389 65
390 67
391 67
392 66
393 63
394 58
395 66
396 68
397 70
398 63
399 65
400 61
401 65
402 64
403 62
404 68
405 68
406 71
407 63
408 63
409 63
410 67
411 68
412 70
413 70
414 67
415 62
416 67
417 63
418 66
419 72
420 69
421 68
422 68
423 66
424 66
425 65
426 70
427 68
428 66
429 68
430 68
431 59
432 66
433 60
434 68
435 68
436 66
437 64
438 69
439 68
440 66
441 66
442 71
443 72
444 66
445 69
446 65
447 62
448 69
449 65
450 71
451 64
452 70
453 66
454 67
455 69
456 68
457 66
458 65
459 69
460 72
461 63
462 67
463 63
464 64
465 68
466 66
467 62
468 68
469 69
470 66
471 69
472 67
473 68
474 67
475 65
476 69
477 67
478 70
479 65
480 66
481 64
482 67
483 67
484 65
485 66
486 65
487 63
488 59
489 65
490 68
491 65
492 66
493 72
494 72
495 68
496 67
497 69
498 69
499 66
500 63
501 60
502 64
503 70
504 66
505 67
506 65
507 65
508 65
509 62
510 70
511 64
512 70
513 67
514 65
515 66
516 70
517 65
518 70
519 70
520 68
521 67
522 72
523 70
524 70
525 70
526 68
527 70
528 67
529 65
530 66
531 68
532 71
533 64
534 66
535 67
536 65
537 69
538 69
539 66
540 64
541 65
542 68
543 69
544 66
545 62
546 70
547 66
548 65
549 63
550 71
551 69
552 66
553 63
554 66
555 68
556 68
557 61
558 64
559 71
560 69
561 65
562 65
563 65
564 66
565 65
566 64
567 63
568 64
569 63
570 65
571 67
572 67
573 69
574 66
575 62
576 67
577 69
578 66
579 70
580 70
581 72
582 69
583 70
584 64
585 64
586 70
587 65
588 62
589 69
590 70
591 66
592 67
593 70
594 68
595 67
596 68
597 69
598 69
599 69
600 68
601 67
602 68
603 67
604 72
605 67
606 64
607 63
608 64
609 68
610 65
611 68
612 67
613 70
614 64
615 66
616 70
617 70
618 65
619 69
620 64
621 70
622 69
623 67
624 69
625 65
626 61
627 63
628 69
629 70
630 71
631 69
632 63
633 69
634 63
635 68
636 63
637 63
638 65
639 65
640 67
641 57
642 66
643 62
644 62
645 68
646 62
647 64
648 67
649 63
650 64
651 61
652 69
653 59
654 65
655 67
656 65
657 66
658 67
659 63
660 63
661 66
662 73
663 68
664 73
665 69
666 66
667 68
668 68
669 68
670 60
671 65
672 68
673 67
674 66
675 68
676 71
677 69
678 68
679 66
680 70
681 67
682 64
683 68
684 65
685 64
686 68
687 68
688 67
689 66
690 66
691 67
692 65
693 69
694 63
695 64
696 68
697 66
698 69
699 67
700 68
701 67
702 69
703 71
704 71
705 74
706 64
707 68
708 71
709 71
710 73
711 70
712 71
713 68
714 66
715 66
716 63
717 68
718 67
719 68
720 65
721 69
722 69
723 68
724 70
725 68
726 67
727 67
728 61
729 69
730 70
731 68
732 70
733 68
734 65
735 69
736 68
737 69
738 68
739 67
740 73
741 66
742 70
743 63
744 69
745 70
746 69
747 70
748 67
749 67
750 66
751 68
752 64
753 66
754 67
755 63
756 62
757 69
758 64
759 65
760 68
761 73
762 65
763 65
764 67
765 66
766 67
767 63
768 64
769 67
770 70
771 72
772 61
773 62
774 67
775 68
776 72
777 67
778 68
779 65
780 64
781 67
782 62
783 66
784 68
785 69
786 65
787 65
788 68
789 64
790 63
791 68
792 69
793 68
794 67
795 68
796 70
797 60
798 63
799 63
800 61
801 64
802 66
803 68
804 65
805 65
806 67
807 65
808 72
809 68
810 65
811 62
812 66
813 69
814 69
815 72
816 69
817 64
818 67
819 69
820 72
821 64
822 69
823 71
824 71
825 69
826 70
827 72
828 69
829 66
830 70
831 68
832 64
833 65
834 70
835 69
836 65
837 67
838 61
839 64
840 59
841 66
842 67
843 61
844 67
845 70
846 71
847 73
848 71
849 69
850 69
851 68
852 67
853 67
854 65
855 68
856 66
857 70
858 70
859 68
860 66
861 65
862 67
863 68
864 66
865 66
866 65
867 67
868 61
869 67
870 65
871 68
872 66
873 66
874 67
875 62
876 66
877 64
878 68
879 67
880 66
881 63
882 68
883 63
884 69
885 70
886 70
887 72
888 70
889 68
890 63
891 68
892 67
893 67
894 66
895 67
896 71
897 68
898 66
899 62
900 68
901 64
902 63
903 65
904 63
905 65
906 69
907 71
908 65
909 66
910 64
911 67
912 69
913 68
914 69
915 66
916 64
917 66
918 71
919 63
920 69
921 70
922 66
923 66
924 68
925 67
926 67
927 67
928 68
929 70
930 66
931 65
932 66
933 66
934 70
935 68
936 67
937 69
938 71
939 63
940 64
941 70
942 70
943 68
944 64
945 65
946 64
947 68
948 67
949 68
950 68
951 68
952 66
953 68
954 68
955 65
956 66
957 69
958 66
959 66
960 67
961 67
962 70
963 68
964 69
965 62
966 58
967 63
968 66
969 70
970 67
971 66
972 55
973 60
974 67
975 67
976 68
977 69
978 64
979 65
980 67
981 68
982 67
983 65
984 68
985 66
986 69
987 66
988 63
989 69
990 69
991 70
992 61
993 67
994 69
995 70
996 64
997 67
998 71
999 70
1000 67
