0 80
1 67
2 67
3 61
4 56
5 58
6 55
7 52
8 51
9 52
10 55
11 59
12 58
13 60
14 55
15 53
16 53
17 56
18 54
19 57
20 56
21 55
22 56
23 53
24 61
25 57
26 57
27 51
28 50
29 49
30 51
31 52
32 62
33 55
34 55
35 56
36 56
37 57
38 50
39 53
40 57
41 53
42 60
43 59
44 57
45 50
46 55
47 57
48 59
49 61
50 58
51 62
52 57
53 52
54 56
55 58
56 57
57 57
58 60
59 55
60 49
61 52
62 53
63 57
64 56
65 54
66 56
67 56
68 54
69 52
70 49
71 57
72 63
73 56
74 58
75 61
76 59
77 55
78 52
79 56
80 56
81 60
82 59
83 59
84 57
85 54
86 61
87 64
88 54
89 52
90 51
91 58
92 59
93 56
94 60
95 58
96 63
97 59
98 59
99 48
100 51
101 53
102 58
103 59
104 62
105 65
106 61
107 58
108 64
109 58
110 57
111 55
112 54
113 57
114 58
115 61
116 58
117 57
118 57
119 58
120 62
121 59
122 61
123 54
124 52
125 49
126 55
127 59
128 54
129 54
130 57
131 58
132 61
133 58
134 59
135 52
136 56
137 51
138 56
139 60
140 63
141 56
142 52
143 55
144 57
145 56
146 60
147 60
148 47
149 53
150 52
151 55
152 55
153 56
154 59
155 59
156 63
157 60
158 62
159 58
160 60
161 61
162 60
163 51
164 55
165 53
166 57
167 57
168 54
169 52
170 55
171 57
172 59
173 60
174 54
175 58
176 58
177 57
178 63
179 58
180 57
181 59
182 57
183 55
184 53
185 51
186 57
187 56
188 56
189 57
190 52
191 57
192 58
193 57
194 64
195 58
196 57
197 54
198 59
199 59
200 60
201 58
202 58
203 57
204 57
205 54
206 54
207 56
208 53
209 57
210 51
211 57
212 60
213 61
214 57
215 60
216 59
217 60
218 63
219 61
220 60
221 54
222 58
223 53
224 59
225 58
226 58
227 59
228 57
229 55
230 59
231 52
232 53
233 47
234 53
235 52
236 51
237 55
238 53
239 53
240 55
241 49
242 48
243 54
244 59
245 55
246 60
247 60
248 59
249 60
250 55
251 55
252 59
253 62
254 60
255 56
256 53
257 50
258 56
259 55
260 55
261 56
262 62
263 56
264 51
265 52
266 51
267 50
268 57
269 58
270 59
271 58
272 58
273 54
274 57
275 62
276 61
277 59
278 61
279 57
280 60
281 56
282 47
283 53
284 54
285 53
286 51
287 58
288 58
289 59
290 58
291 58
292 56
293 55
294 59
295 56
296 56
297 50
298 51
299 51
300 54
301 57
302 62
303 62
304 55
305 53
306 55
307 60
308 58
309 58
310 55
311 55
312 56
313 55
314 61
315 55
316 52
317 61
318 63
319 58
320 58
321 54
322 54
323 53
324 53
325 54
326 53
327 52
328 57
329 59
330 60
331 57
332 52
333 62
334 57
335 54
336 56
337 58
338 60
339 60
340 59
341 55
342 63
343 62
344 57
345 64
346 56
347 57
348 56
349 56
350 60
351 59
352 56
353 58
354 57
355 58
356 54
357 55
358 59
359 54
360 57
361 56
362 64
363 57
364 51
365 52
366 59
367 59
368 54
369 56
370 52
371 56
372 56
373 57
374 60
375 57
376 54
377 52
378 59
379 56
380 58
381 52
382 57
383 60
384 58
385 63
386 62
387 61
388 53
389 54
390 56
391 60
392 55
393 60
394 60
395 60
396 53
397 59
398 66
399 56
400 57
401 60
402 62
403 59
404 55
405 57
406 59
407 55
408 57
409 56
410 60
411 58
412 51
413 58
414 60
415 61
416 51
417 51
418 57
419 57
420 58
421 58
422 58
423 60
424 59
425 58
426 59
427 62
428 57
429 52
430 57
431 54
432 59
433 60
434 59
435 63
436 63
437 60
438 59
439 57
440 57
441 57
442 50
443 54
444 56
445 59
446 62
447 61
448 57
449 53
450 52
451 49
452 51
453 52
454 56
455 60
456 58
457 56
458 54
459 57
460 52
461 57
462 53
463 54
464 51
465 55
466 59
467 53
468 53
469 53
470 57
471 58
472 61
473 60
474 55
475 58
476 55
477 55
478 60
479 53
480 53
481 59
482 50
483 56
484 53
485 54
486 57
487 61
488 56
489 53
490 54
491 59
492 51
493 57
494 51
495 54
496 55
497 61
498 57
499 55
500 59
501 52
502 53
503 52
504 57
505 59
506 55
507 56
508 56
509 57
510 61
511 58
512 58
513 60
514 59
515 60
516 59
517 59
518 57
519 55
520 59
521 59
522 60
523 59
524 59
525 57
526 57
527 59
528 53
529 52
530 57
531 54
532 52
533 59
534 55
535 55
536 57
537 54
538 57
539 56
540 59
541 58
542 60
543 65
544 60
545 60
546 58
547 59
548 55
549 56
550 56
551 57
552 57
553 58
554 57
555 58
556 58
557 57
558 45
559 48
560 53
561 57
562 54
563 56
564 55
565 50
566 53
567 58
568 59
569 60
570 56
571 54
572 59
573 59
574 59
575 53
576 52
577 56
578 55
579 56
580 56
581 58
582 57
583 52
584 62
585 54
586 61
587 56
588 53
589 54
590 52
591 54
592 59
593 59
594 61
595 61
596 61
597 60
598 60
599 61
600 60
601 59
602 55
603 58
604 56
605 54
606 58
607 62
608 57
609 60
610 58
611 58
612 52
613 61
614 53
615 55
616 58
617 54
618 58
619 61
620 62
621 61
622 59
623 57
624 58
625 56
626 57
627 53
628 50
629 57
630 58
631 58
632 58
633 53
634 60
635 61
636 60
637 60
638 52
639 54
640 54
641 48
642 52
643 52
644 51
645 57
646 55
647 62
648 59
649 56
650 52
651 57
652 57
653 60
654 59
655 55
656 55
657 54
658 56
659 54
660 55
661 57
662 55
663 60
664 54
665 56
666 54
667 55
668 59
669 53
670 50
671 55
672 55
673 57
674 55
675 60
676 55
677 56
678 57
679 55
680 56
681 57
682 55
683 51
684 55
685 60
686 53
687 51
688 58
689 58
690 60
691 59
692 50
693 50
694 47
695 52
696 59
697 54
698 56
699 53
700 61
701 51
702 48
703 48
704 54
705 54
706 51
707 56
708 61
709 61
710 55
711 55
712 55
713 54
714 54
715 57
716 60
717 53
718 57
719 58
720 59
721 56
722 55
723 50
724 55
725 56
726 50
727 52
728 54
729 55
730 55
731 57
732 56
733 58
734 61
735 57
736 60
737 55
738 56
739 54
740 58
741 54
742 57
743 59
744 56
745 56
746 57
747 62
748 60
749 60
750 56
751 52
752 59
753 51
754 62
755 56
756 59
757 55
758 56
759 51
760 60
761 50
762 53
763 57
764 55
765 49
766 51
767 58
768 60
769 59
770 57
771 57
772 56
773 57
774 61
775 57
776 59
777 53
778 59
779 60
780 52
781 58
782 60
783 59
784 60
785 58
786 49
787 54
788 58
789 57
790 58
791 54
792 58
793 63
794 59
795 55
796 65
797 63
798 60
799 64
800 60
801 61
802 61
803 55
804 54
805 60
806 57
807 53
808 55
809 49
810 53
811 57
812 55
813 59
814 62
815 61
816 57
817 58
818 54
819 52
820 59
821 62
822 59
823 60
824 55
825 57
826 56
827 59
828 60
829 60
830 58
831 59
832 54
833 53
834 58
835 53
836 55
837 56
838 57
839 58
840 60
841 61
842 58
843 54
844 59
845 60
846 58
847 58
848 61
849 55
850 61
851 59
852 58
853 60
854 59
855 56
856 54
857 57
858 56
859 58
860 58
861 57
862 55
863 57
864 58
865 58
866 57
867 55
868 58
869 59
870 60
871 56
872 57
873 57
874 57
875 61
876 57
877 58
878 54
879 54
880 61
881 57
882 61
883 55
884 56
885 54
886 60
887 53
888 55
889 56
890 65
891 60
892 60
893 64
894 61
895 61
896 55
897 58
898 61
899 59
900 52
901 53
902 57
903 56
904 57
905 56
906 63
907 65
908 60
909 57
910 53
911 58
912 53
913 51
914 53
915 59
916 57
917 51
918 58
919 53
920 53
921 55
922 57
923 60
924 58
925 63
926 58
927 50
928 56
929 52
930 57
931 59
932 60
933 56
934 64
935 58
936 58
937 56
938 55
939 56
940 54
941 57
942 55
943 54
944 56
945 54
946 58
947 62
948 61
949 63
950 59
951 58
952 60
953 59
954 58
955 55
956 53
957 60
958 58
959 61
960 57
961 53
962 53
963 57
964 57
965 54
966 53
967 58
968 55
969 57
970 59
971 55
972 54
973 61
974 60
975 59
976 58
977 58
978 64
979 56
980 58
981 56
982 61
983 58
984 59
985 60
986 58
987 56
988 58
989 54
990 54
991 59
992 58
993 59
994 60
995 56
996 57
997 57
998 51
999 54
1000 61
