0 30
1 23
2 20
3 20
4 21
5 22
6 23
7 22
8 20
9 19
10 16
11 16
12 20
13 21
14 19
15 20
16 20
17 21
18 21
19 20
20 22
21 22
22 18
23 22
24 19
25 21
26 22
27 20
28 17
29 19
30 22
31 20
32 21
33 20
34 21
35 19
36 20
37 20
38 19
39 21
40 20
41 20
42 23
43 18
44 20
45 21
46 20
47 19
48 20
49 21
50 17
51 18
52 25
53 22
54 20
55 18
56 20
57 17
58 18
59 20
60 22
61 23
62 21
63 22
64 23
65 20
66 16
67 19
68 21
69 18
70 19
71 20
72 18
73 20
74 20
75 20
76 21
77 22
78 18
79 17
80 21
81 23
82 21
83 14
84 19
85 18
86 21
87 21
88 21
89 18
90 19
91 20
92 24
93 20
94 19
95 19
96 18
97 20
98 19
99 22
100 23
101 24
102 18
103 19
104 20
105 19
106 22
107 21
108 17
109 21
110 22
111 19
112 21
113 18
114 20
115 22
116 18
117 19
118 22
119 20
120 20
121 18
122 19
123 17
124 19
125 18
126 21
127 22
128 21
129 20
130 24
131 18
132 17
133 23
134 21
135 21
136 19
137 18
138 19
139 23
140 19
141 20
142 19
143 20
144 22
145 19
146 20
147 22
148 19
149 19
150 18
151 19
152 17
153 22
154 17
155 21
156 24
157 20
158 22
159 22
160 20
161 21
162 21
163 20
164 21
165 20
166 21
167 20
168 20
169 22
170 21
171 22
172 21
173 19
174 21
175 20
176 20
177 21
178 22
179 19
180 21
181 19
182 18
183 19
184 20
185 20
186 20
187 21
188 21
189 20
190 22
191 22
192 20
193 18
194 19
195 20
196 21
197 19
198 22
199 20
200 20
201 15
202 22
203 22
204 16
205 17
206 18
207 21
208 21
209 22
210 20
211 19
212 18
213 21
214 23
215 22
216 22
217 19
218 22
219 21
220 18
221 19
222 18
223 21
224 19
225 17
226 21
227 18
228 18
229 22
230 21
231 21
232 19
233 22
234 20
235 16
236 18
237 20
238 16
239 19
240 19
241 21
242 19
243 16
244 19
245 20
246 17
247 19
248 19
249 19
250 22
251 21
252 20
253 22
254 22
255 17
256 20
257 23
258 17
259 21
260 22
261 22
262 21
263 16
264 21
265 18
266 20
267 23
268 19
269 23
270 22
271 22
272 20
273 20
274 24
275 20
276 20
277 22
278 19
279 20
280 20
281 18
282 20
283 21
284 20
285 15
286 19
287 19
288 20
289 19
290 19
291 21
292 19
293 20
294 22
295 19
296 20
297 21
298 20
299 24
300 20
301 13
302 18
303 16
304 19
305 22
306 21
307 20
308 19
309 20
310 21
311 20
312 21
313 20
314 20
315 20
316 19
317 23
318 22
319 19
320 21
321 19
322 20
323 17
324 21
325 17
326 21
327 20
328 17
329 20
330 15
331 19
332 21
333 21
334 19
335 22
336 19
337 19
338 20
339 22
340 20
341 20
342 21
343 19
344 21
345 18
346 22
347 20
348 21
349 22
350 18
351 21
352 21
353 20
354 19
355 22
356 21
357 20
358 22
359 20
360 19
361 18
362 21
363 16
364 22
365 21
366 20
367 22
368 21
369 21
370 17
371 20
372 19
373 17
374 20
375 24
376 18
377 21
378 20
379 22
380 21
381 20
382 23
383 22
384 22
385 20
386 23
387 20
388 22
389 21
390 19
391 19
392 21
393 17
394 20
395 18
396 21
397 16
398 20
399 21
400 21
401 20
402 19
403 19
404 21
405 21
406 20
407 19
408 20
409 21
410 17
411 20
412 20
413 20
414 24
415 21
416 19
417 20
418 22
419 20
420 21
421 19
422 20
423 21
424 20
425 17
426 20
427 21
428 21
429 19
430 17
431 20
432 20
433 19
434 20
435 20
436 21
437 20
438 19
439 22
440 19
441 19
442 19
443 15
444 20
445 21
446 18
447 18
448 22
449 21
450 18
451 22
452 21
453 23
454 21
455 15
456 22
457 22
458 20
459 18
460 21
461 24
462 18
463 20
464 24
465 19
466 19
467 21
468 21
469 21
470 21
471 20
472 21
473 15
474 21
475 17
476 23
477 21
478 20
479 22
480 21
481 16
482 22
483 20
484 22
485 21
486 20
487 17
488 22
489 20
490 21
491 19
492 20
493 18
494 19
495 20
496 20
497 20
498 19
499 22
500 21
501 19
502 22
503 18
504 23
505 20
506 22
507 20
508 20
509 21
510 21
511 19
512 21
513 21
514 23
515 18
516 23
517 17
518 18
519 22
520 16
521 20
522 23
523 19
524 22
525 21
526 24
527 19
528 20
529 23
530 21
531 19
532 21
533 18
534 24
535 22
536 18
537 21
538 20
539 19
540 21
541 19
542 20
543 20
544 19
545 22
546 20
547 21
548 20
549 20
550 21
551 21
552 20
553 18
554 18
555 19
556 23
557 19
558 17
559 17
560 20
561 19
562 18
563 18
564 21
565 17
566 18
567 22
568 21
569 22
570 20
571 19
572 20
573 21
574 17
575 23
576 21
577 19
578 20
579 20
580 20
581 19
582 19
583 21
584 23
585 20
586 21
587 20
588 19
589 17
590 23
591 23
592 22
593 21
594 19
595 20
596 22
597 21
598 17
599 17
600 21
601 22
602 22
603 22
604 19
605 14
606 18
607 20
608 21
609 19
610 20
611 20
612 20
613 16
614 20
615 23
616 18
617 17
618 19
619 18
620 18
621 23
622 19
623 19
624 18
625 21
626 20
627 22
628 20
629 22
630 23
631 19
632 20
633 20
634 21
635 22
636 22
637 22
638 19
639 21
640 17
641 17
642 23
643 19
644 22
645 22
646 18
647 19
648 23
649 20
650 20
651 20
652 21
653 18
654 19
655 21
656 22
657 21
658 25
659 21
660 19
661 21
662 18
663 21
664 20
665 21
666 20
667 20
668 19
669 17
670 18
671 23
672 21
673 18
674 20
675 19
676 23
677 22
678 18
679 21
680 21
681 20
682 18
683 16
684 19
685 18
686 20
687 17
688 20
689 20
690 18
691 17
692 17
693 17
694 19
695 21
696 18
697 20
698 15
699 18
700 19
701 17
702 19
703 21
704 21
705 19
706 16
707 18
708 19
709 21
710 18
711 19
712 22
713 17
714 24
715 19
716 19
717 20
718 20
719 19
720 24
721 24
722 20
723 21
724 20
725 19
726 16
727 20
728 19
729 19
730 22
731 18
732 19
733 21
734 20
735 19
736 20
737 21
738 19
739 16
740 16
741 21
742 18
743 17
744 19
745 20
746 20
747 21
748 20
749 20
750 18
751 19
752 21
753 22
754 22
755 21
756 21
757 21
758 21
759 20
760 20
761 21
762 20
763 20
764 23
765 24
766 19
767 19
768 23
769 18
770 19
771 21
772 20
773 20
774 19
775 17
776 21
777 21
778 21
779 19
780 21
781 21
782 20
783 21
784 18
785 20
786 20
787 21
788 22
789 20
790 22
791 19
792 17
793 23
794 20
795 20
796 22
797 18
798 17
799 20
800 21
801 21
802 22
803 20
804 21
805 19
806 20
807 23
808 20
809 22
810 22
811 20
812 21
813 21
814 21
815 20
816 20
817 19
818 21
819 19
820 23
821 19
822 18
823 19
824 21
825 21
826 20
827 21
828 20
829 20
830 21
831 22
832 20
833 21
834 22
835 22
836 23
837 21
838 22
839 21
840 18
841 20
842 20
843 20
844 20
845 21
846 23
847 19
848 18
849 22
850 22
851 20
852 18
853 22
854 19
855 16
856 21
857 20
858 22
859 20
860 22
861 16
862 18
863 21
864 21
865 18
866 19
867 23
868 21
869 17
870 19
871 19
872 20
873 21
874 19
875 17
876 22
877 18
878 20
879 20
880 23
881 18
882 22
883 22
884 23
885 22
886 21
887 18
888 18
889 20
890 21
891 21
892 21
893 20
894 20
895 21
896 19
897 23
898 20
899 21
900 24
901 16
902 21
903 23
904 20
905 23
906 19
907 24
908 21
909 21
910 21
911 21
912 20
913 21
914 19
915 19
916 21
917 21
918 20
919 20
920 24
921 19
922 21
923 20
924 18
925 20
926 21
927 16
928 21
929 18
930 19
931 21
932 23
933 22
934 22
935 19
936 20
937 19
938 19
939 23
940 18
941 19
942 20
943 22
944 20
945 21
946 19
947 19
948 21
949 23
950 21
951 19
952 19
953 24
954 17
955 18
956 21
957 17
958 20
959 21
960 15
961 22
962 20
963 22
964 22
965 22
966 19
967 21
968 20
969 19
970 22
971 22
972 20
973 22
974 19
975 21
976 21
977 18
978 17
979 20
980 23
981 21
982 21
983 19
984 24
985 19
986 22
987 19
988 19
989 16
990 18
991 21
992 20
993 20
994 18
995 18
996 20
997 20
998 20
999 21
1000 21
