0 70
1 65
2 63
3 59
4 55
5 50
6 46
7 44
8 43
9 40
10 36
11 38
12 37
13 38
14 38
15 38
16 41
17 38
18 37
19 35
20 35
21 35
22 32
23 33
24 33
25 34
26 33
27 32
28 33
29 33
30 36
31 35
32 36
33 36
34 35
35 34
36 35
37 35
38 36
39 36
40 36
41 37
42 37
43 36
44 34
45 34
46 36
47 34
48 33
49 33
50 32
51 33
52 33
53 32
54 34
55 33
56 35
57 35
58 34
59 35
60 35
61 33
62 34
63 35
64 35
65 34
66 35
67 36
68 38
69 37
70 35
71 34
72 34
73 31
74 32
75 31
76 30
77 32
78 32
79 33
80 31
81 34
82 31
83 32
84 31
85 32
86 32
87 31
88 30
89 30
90 28
91 29
92 28
93 26
94 27
95 26
96 27
97 26
98 28
99 31
100 33
101 36
102 36
103 36
104 36
105 35
106 33
107 34
108 35
109 35
110 37
111 35
112 34
113 33
114 34
115 32
116 30
117 31
118 32
119 33
120 33
121 34
122 33
123 34
124 32
125 31
126 32
127 29
128 31
129 30
130 32
131 32
132 33
133 32
134 35
135 35
136 33
137 33
138 32
139 32
140 32
141 32
142 32
143 29
144 28
145 31
146 33
147 34
148 33
149 35
150 34
151 34
152 33
153 32
154 34
155 34
156 35
157 34
158 35
159 35
160 36
161 37
162 36
163 38
164 34
165 36
166 35
167 35
168 33
169 32
170 31
171 33
172 32
173 30
174 29
175 29
176 29
177 30
178 30
179 32
180 33
181 34
182 34
183 35
184 34
185 34
186 33
187 33
188 30
189 31
190 31
191 32
192 33
193 36
194 37
195 35
196 34
197 33
198 35
199 35
200 34
201 35
202 36
203 36
204 36
205 38
206 38
207 37
208 37
209 37
210 35
211 33
212 32
213 32
214 31
215 30
216 32
217 34
218 35
219 35
220 33
221 35
222 37
223 36
224 37
225 36
226 37
227 37
228 37
229 36
230 35
231 36
232 35
233 33
234 31
235 30
236 30
237 30
238 31
239 31
240 32
241 34
242 34
243 33
244 33
245 33
246 33
247 36
248 38
249 37
250 35
251 35
252 37
253 36
254 35
255 34
256 34
257 34
258 31
259 31
260 32
261 32
262 33
263 33
264 32
265 34
266 35
267 33
268 33
269 33
270 32
271 32
272 32
273 29
274 30
275 29
276 30
277 31
278 31
279 32
280 36
281 36
282 34
283 34
284 35
285 37
286 38
287 36
288 36
289 37
290 38
291 37
292 37
293 36
294 34
295 34
296 34
297 32
298 33
299 32
300 34
301 32
302 33
303 34
304 32
305 33
306 33
307 30
308 31
309 33
310 31
311 32
312 33
313 31
314 31
315 33
316 33
317 34
318 36
319 35
320 33
321 31
322 32
323 32
324 32
325 31
326 34
327 35
328 36
329 36
330 36
331 35
332 35
333 35
334 36
335 35
336 35
337 33
338 33
339 33
340 34
341 33
342 35
343 37
344 35
345 35
346 35
347 36
348 35
349 35
350 34
351 34
352 33
353 35
354 33
355 35
356 36
357 35
358 36
359 37
360 36
361 35
362 35
363 35
364 35
365 34
366 34
367 34
368 35
369 34
370 32
371 33
372 34
373 34
374 32
375 32
376 35
377 35
378 35
379 34
380 34
381 34
382 33
383 33
384 33
385 34
386 35
387 35
388 36
389 36
390 37
391 36
392 36
393 36
394 36
395 37
396 35
397 32
398 33
399 33
400 32
401 35
402 36
403 34
404 33
405 31
406 31
407 32
408 34
409 34
410 34
411 34
412 33
413 32
414 32
415 33
416 34
417 36
418 37
419 37
420 34
421 34
422 34
423 36
424 37
425 35
426 33
427 33
428 32
429 33
430 34
431 35
432 35
433 35
434 34
435 33
436 33
437 34
438 35
439 35
440 33
441 34
442 32
443 34
444 35
445 36
446 36
447 34
448 33
449 33
450 35
451 35
452 33
453 33
454 33
455 34
456 34
457 33
458 33
459 34
460 35
461 34
462 34
463 35
464 36
465 35
466 33
467 33
468 34
469 36
470 37
471 35
472 38
473 37
474 37
475 36
476 34
477 33
478 33
479 34
480 30
481 30
482 32
483 31
484 32
485 34
486 34
487 35
488 36
489 35
490 35
491 35
492 35
493 36
494 35
495 36
496 33
497 36
498 33
499 34
500 36
501 36
502 35
503 35
504 33
505 31
506 30
507 32
508 34
509 35
510 36
511 35
512 34
513 33
514 33
515 33
516 33
517 34
518 33
519 32
520 30
521 30
522 30
523 30
524 31
525 31
526 29
527 31
528 32
529 32
530 33
531 34
532 34
533 32
534 31
535 31
536 31
537 33
538 33
539 32
540 33
541 30
542 32
543 31
544 32
545 30
546 32
547 33
548 33
549 32
550 33
551 35
552 33
553 35
554 35
555 36
556 33
557 35
558 34
559 35
560 37
561 35
562 35
563 36
564 36
565 35
566 35
567 34
568 34
569 34
570 34
571 33
572 32
573 33
574 31
575 32
576 31
577 33
578 33
579 34
580 35
581 35
582 36
583 35
584 34
585 35
586 35
587 36
588 37
589 37
590 36
591 35
592 36
593 34
594 33
595 35
596 34
597 34
598 34
599 34
600 34
601 35
602 34
603 36
604 36
605 35
606 33
607 32
608 33
609 32
610 33
611 35
612 36
613 36
614 36
615 37
616 37
617 37
618 38
619 38
620 39
621 37
622 34
623 34
624 33
625 34
626 34
627 33
628 32
629 33
630 35
631 36
632 36
633 39
634 39
635 38
636 37
637 39
638 39
639 38
640 37
641 35
642 36
643 37
644 39
645 39
646 35
647 31
648 29
649 31
650 32
651 31
652 31
653 33
654 33
655 33
656 33
657 32
658 32
659 31
660 32
661 34
662 33
663 31
664 33
665 34
666 36
667 36
668 35
669 34
670 34
671 34
672 36
673 34
674 33
675 35
676 36
677 38
678 38
679 37
680 36
681 36
682 35
683 32
684 30
685 30
686 31
687 29
688 31
689 31
690 30
691 30
692 31
693 32
694 31
695 33
696 34
697 33
698 34
699 33
700 32
701 33
702 33
703 33
704 33
705 35
706 35
707 35
708 31
709 31
710 32
711 30
712 31
713 30
714 31
715 29
716 30
717 30
718 31
719 30
720 29
721 28
722 29
723 29
724 30
725 32
726 32
727 31
728 32
729 34
730 34
731 34
732 35
733 34
734 35
735 33
736 32
737 33
738 33
739 34
740 33
741 30
742 29
743 30
744 31
745 30
746 30
747 30
748 31
749 33
750 33
751 32
752 33
753 30
754 28
755 30
756 30
757 31
758 32
759 31
760 31
761 33
762 32
763 33
764 33
765 32
766 32
767 32
768 32
769 33
770 35
771 34
772 36
773 36
774 37
775 36
776 34
777 34
778 34
779 33
780 32
781 32
782 32
783 33
784 34
785 32
786 32
787 33
788 34
789 35
790 36
791 36
792 37
793 36
794 35
795 36
796 36
797 36
798 36
799 36
800 36
801 36
802 36
803 37
804 37
805 38
806 39
807 40
808 38
809 37
810 36
811 36
812 37
813 37
814 38
815 39
816 38
817 36
818 35
819 35
820 35
821 32
822 34
823 33
824 32
825 32
826 31
827 33
828 33
829 33
830 31
831 33
832 31
833 32
834 34
835 34
836 32
837 28
838 28
839 26
840 27
841 28
842 29
843 31
844 31
845 32
846 31
847 29
848 29
849 29
850 30
851 30
852 31
853 31
854 32
855 30
856 31
857 32
858 33
859 34
860 34
861 35
862 35
863 35
864 33
865 33
866 31
867 31
868 33
869 32
870 32
871 33
872 33
873 32
874 32
875 34
876 34
877 34
878 33
879 32
880 32
881 32
882 32
883 29
884 27
885 25
886 28
887 28
888 29
889 32
890 32
891 35
892 36
893 38
894 37
895 37
896 38
897 37
898 36
899 36
900 35
901 34
902 34
903 35
904 33
905 32
906 32
907 33
908 33
909 32
910 31
911 30
912 30
913 30
914 32
915 33
916 33
917 35
918 32
919 31
920 31
921 31
922 30
923 29
924 26
925 25
926 27
927 29
928 30
929 31
930 32
931 32
932 32
933 33
934 34
935 34
936 34
937 33
938 33
939 31
940 30
941 30
942 29
943 31
944 32
945 30
946 32
947 31
948 31
949 32
950 32
951 29
952 28
953 30
954 31
955 31
956 33
957 33
958 35
959 33
960 31
961 32
962 33
963 34
964 34
965 35
966 33
967 32
968 33
969 34
970 35
971 35
972 36
973 37
974 36
975 34
976 35
977 35
978 36
979 32
980 32
981 32
982 33
983 36
984 35
985 34
986 33
987 32
988 32
989 32
990 30
991 31
992 31
993 33
994 33
995 34
996 34
997 35
998 35
999 33
1000 31
