0 40
1 39
2 36
3 35
4 34
5 32
6 30
7 29
8 28
9 27
10 26
11 26
12 28
13 29
14 28
15 27
16 26
17 26
18 28
19 26
20 26
21 26
22 26
23 26
24 23
25 21
26 20
27 20
28 20
29 20
30 19
31 20
32 22
33 22
34 21
35 20
36 21
37 22
38 20
39 19
40 20
41 23
42 22
43 23
44 23
45 23
46 24
47 26
48 26
49 26
50 26
51 27
52 26
53 26
54 23
55 24
56 23
57 23
58 23
59 26
60 26
61 26
62 23
63 25
64 25
65 26
66 26
67 27
68 27
69 29
70 30
71 30
72 28
73 29
74 28
75 28
76 29
77 28
78 24
79 23
80 25
81 26
82 27
83 26
84 27
85 27
86 26
87 27
88 26
89 26
90 26
91 26
92 24
93 25
94 27
95 27
96 25
97 26
98 27
99 25
100 26
101 25
102 27
103 26
104 25
105 27
106 28
107 25
108 27
109 27
110 25
111 22
112 23
113 25
114 26
115 25
116 25
117 24
118 25
119 24
120 25
121 25
122 26
123 27
124 28
125 28
126 29
127 28
128 28
129 28
130 24
131 26
132 25
133 26
134 24
135 25
136 25
137 25
138 26
139 26
140 26
141 26
142 26
143 27
144 27
145 29
146 27
147 26
148 28
149 27
150 26
151 27
152 25
153 26
154 25
155 24
156 25
157 25
158 26
159 24
160 26
161 24
162 24
163 25
164 25
165 26
166 26
167 28
168 28
169 28
170 27
171 26
172 24
173 24
174 24
175 26
176 26
177 28
178 29
179 28
180 30
181 28
182 28
183 27
184 24
185 24
186 22
187 22
188 22
189 23
190 24
191 24
192 26
193 26
194 27
195 28
196 27
197 26
198 24
199 24
200 25
201 26
202 28
203 28
204 27
205 27
206 27
207 26
208 26
209 24
210 23
211 22
212 22
213 25
214 25
215 25
216 26
217 29
218 28
219 28
220 26
221 23
222 24
223 24
224 23
225 23
226 25
227 24
228 23
229 23
230 23
231 23
232 25
233 24
234 24
235 23
236 23
237 23
238 24
239 25
240 24
241 23
242 24
243 22
244 24
245 24
246 24
247 23
248 23
249 24
250 24
251 25
252 26
253 27
254 27
255 27
256 28
257 30
258 32
259 32
260 32
261 30
262 30
263 29
264 29
265 28
266 27
267 27
268 26
269 25
270 24
271 25
272 26
273 26
274 28
275 27
276 27
277 26
278 25
279 26
280 25
281 23
282 24
283 25
284 23
285 25
286 26
287 26
288 25
289 25
290 26
291 25
292 25
293 24
294 25
295 25
296 23
297 24
298 25
299 27
300 26
301 25
302 27
303 21
304 22
305 24
306 27
307 26
308 25
309 25
310 24
311 24
312 25
313 25
314 26
315 27
316 28
317 27
318 28
319 27
320 28
321 28
322 27
323 25
324 24
325 22
326 23
327 21
328 18
329 17
330 19
331 22
332 23
333 23
334 23
335 23
336 23
337 23
338 23
339 25
340 25
341 25
342 26
343 25
344 23
345 22
346 23
347 25
348 25
349 25
350 24
351 24
352 24
353 25
354 26
355 25
356 26
357 27
358 28
359 29
360 29
361 27
362 28
363 28
364 26
365 26
366 25
367 24
368 24
369 26
370 27
371 27
372 26
373 25
374 25
375 24
376 21
377 18
378 19
379 20
380 21
381 23
382 23
383 25
384 23
385 25
386 26
387 26
388 24
389 24
390 24
391 27
392 26
393 24
394 23
395 24
396 25
397 26
398 27
399 28
400 28
401 26
402 25
403 25
404 25
405 24
406 22
407 23
408 24
409 25
410 24
411 25
412 23
413 23
414 23
415 23
416 21
417 22
418 21
419 21
420 24
421 24
422 23
423 19
424 20
425 20
426 21
427 23
428 23
429 20
430 20
431 20
432 20
433 20
434 20
435 23
436 24
437 24
438 25
439 25
440 26
441 27
442 27
443 26
444 25
445 24
446 24
447 23
448 21
449 21
450 20
451 22
452 20
453 20
454 22
455 21
456 22
457 21
458 20
459 23
460 24
461 23
462 23
463 25
464 25
465 25
466 24
467 22
468 22
469 22
470 23
471 23
472 23
473 22
474 23
475 19
476 21
477 21
478 22
479 20
480 21
481 23
482 22
483 22
484 23
485 22
486 22
487 21
488 23
489 26
490 24
491 27
492 28
493 28
494 27
495 29
496 28
497 29
498 33
499 32
500 31
501 31
502 29
503 31
504 30
505 29
506 29
507 29
508 28
509 29
510 31
511 31
512 30
513 29
514 27
515 28
516 27
517 26
518 25
519 23
520 24
521 24
522 24
523 25
524 26
525 25
526 25
527 25
528 26
529 26
530 24
531 25
532 25
533 25
534 26
535 26
536 25
537 24
538 24
539 24
540 24
541 26
542 25
543 24
544 25
545 25
546 25
547 26
548 26
549 22
550 20
551 20
552 21
553 23
554 22
555 24
556 23
557 23
558 23
559 23
560 23
561 23
562 24
563 26
564 26
565 26
566 28
567 28
568 27
569 25
570 26
571 26
572 25
573 28
574 25
575 25
576 23
577 24
578 26
579 24
580 25
581 27
582 28
583 28
584 28
585 29
586 28
587 28
588 29
589 28
590 28
591 27
592 25
593 25
594 26
595 23
596 23
597 24
598 21
599 21
600 21
601 23
602 23
603 25
604 26
605 27
606 26
607 25
608 25
609 25
610 27
611 26
612 27
613 28
614 30
615 28
616 29
617 27
618 26
619 25
620 25
621 28
622 28
623 28
624 29
625 29
626 28
627 29
628 29
629 27
630 26
631 26
632 25
633 26
634 25
635 26
636 27
637 27
638 28
639 26
640 27
641 29
642 29
643 30
644 28
645 25
646 23
647 24
648 24
649 23
650 22
651 20
652 22
653 22
654 23
655 23
656 25
657 25
658 26
659 25
660 25
661 24
662 23
663 21
664 23
665 21
666 22
667 23
668 26
669 25
670 25
671 28
672 29
673 27
674 28
675 27
676 28
677 29
678 27
679 28
680 29
681 31
682 32
683 33
684 33
685 30
686 28
687 27
688 28
689 28
690 25
691 26
692 25
693 26
694 27
695 27
696 26
697 27
698 25
699 25
700 23
701 25
702 25
703 27
704 28
705 25
706 24
707 27
708 28
709 29
710 29
711 29
712 28
713 28
714 26
715 26
716 24
717 23
718 23
719 24
720 25
721 25
722 23
723 23
724 25
725 26
726 26
727 26
728 25
729 27
730 27
731 24
732 23
733 25
734 25
735 25
736 24
737 23
738 24
739 23
740 22
741 20
742 23
743 25
744 23
745 24
746 24
747 23
748 23
749 23
750 25
751 26
752 27
753 26
754 26
755 26
756 28
757 29
758 29
759 28
760 26
761 28
762 27
763 26
764 25
765 25
766 27
767 28
768 27
769 26
770 27
771 27
772 24
773 24
774 24
775 25
776 23
777 23
778 24
779 24
780 26
781 25
782 23
783 22
784 20
785 20
786 21
787 23
788 23
789 24
790 24
791 26
792 23
793 23
794 24
795 24
796 22
797 23
798 20
799 20
800 20
801 22
802 23
803 22
804 21
805 20
806 21
807 25
808 23
809 22
810 23
811 24
812 23
813 25
814 24
815 23
816 23
817 22
818 23
819 21
820 21
821 23
822 23
823 25
824 26
825 27
826 27
827 27
828 29
829 30
830 30
831 28
832 27
833 26
834 26
835 26
836 28
837 29
838 27
839 26
840 25
841 26
842 26
843 26
844 26
845 27
846 25
847 25
848 26
849 26
850 25
851 23
852 26
853 27
854 27
855 27
856 27
857 27
858 28
859 28
860 26
861 26
862 26
863 25
864 24
865 25
866 23
867 24
868 21
869 23
870 21
871 22
872 23
873 24
874 24
875 25
876 25
877 25
878 26
879 26
880 27
881 26
882 28
883 26
884 25
885 22
886 22
887 21
888 21
889 24
890 22
891 24
892 25
893 24
894 25
895 24
896 27
897 27
898 26
899 25
900 23
901 26
902 24
903 22
904 23
905 22
906 22
907 23
908 23
909 25
910 26
911 27
912 26
913 26
914 26
915 27
916 29
917 28
918 25
919 26
920 25
921 25
922 25
923 24
924 26
925 26
926 25
927 27
928 26
929 28
930 28
931 26
932 26
933 26
934 27
935 28
936 27
937 28
938 27
939 26
940 25
941 25
942 26
943 24
944 23
945 24
946 24
947 23
948 22
949 24
950 24
951 24
952 22
953 22
954 23
955 26
956 25
957 26
958 24
959 24
960 24
961 22
962 22
963 21
964 23
965 22
966 21
967 23
968 25
969 25
970 25
971 25
972 25
973 28
974 29
975 27
976 28
977 28
978 28
979 28
980 29
981 29
982 29
983 29
984 27
985 29
986 28
987 25
988 25
989 29
990 29
991 30
992 26
993 25
994 25
995 25
996 24
997 24
998 24
999 23
1000 25
