0 95
1 70
2 66
3 70
4 62
5 63
6 63
7 64
8 64
9 62
10 65
11 67
12 71
13 66
14 71
15 65
16 65
17 70
18 67
19 61
20 63
21 62
22 62
23 57
24 65
25 64
26 67
27 64
28 65
29 67
30 66
31 57
32 67
33 67
34 67
35 69
36 63
37 69
38 69
39 70
40 65
41 65
42 64
43 60
44 62
45 65
46 68
47 62
48 57
49 67
50 65
51 65
52 63
53 66
54 61
55 64
56 65
57 71
58 68
59 58
60 65
61 65
62 66
63 65
64 63
65 63
66 66
67 70
68 68
69 66
70 70
71 65
72 64
73 61
74 63
75 67
76 63
77 61
78 68
79 68
80 66
81 65
82 65
83 67
84 67
85 63
86 69
87 67
88 65
89 64
90 62
91 69
92 68
93 67
94 67
95 67
96 67
97 69
98 63
99 61
100 61
101 65
102 69
103 70
104 67
105 64
106 65
107 64
108 65
109 64
110 64
111 65
112 64
113 68
114 60
115 71
116 66
117 63
118 64
119 61
120 62
121 62
122 65
123 63
124 67
125 63
126 70
127 70
128 68
129 69
130 68
131 67
132 70
133 66
134 65
135 62
136 66
137 68
138 66
139 60
140 67
141 70
142 70
143 71
144 68
145 70
146 69
147 58
148 66
149 68
150 68
151 66
152 63
153 68
154 67
155 67
156 62
157 64
158 67
159 67
160 65
161 65
162 68
163 67
164 69
165 61
166 68
167 63
168 68
169 65
170 63
171 70
172 66
173 64
174 64
175 67
176 63
177 65
178 67
179 65
180 70
181 68
182 64
183 66
184 70
185 69
186 68
187 68
188 68
189 67
190 65
191 66
192 68
193 67
194 69
195 66
196 67
197 61
198 58
199 65
200 63
201 63
202 65
203 67
204 66
205 66
206 64
207 69
208 68
209 64
210 67
211 64
212 67
213 70
214 66
215 66
216 61
217 59
218 63
219 62
220 68
221 69
222 68
223 69
224 67
225 69
226 66
227 70
228 69
229 64
230 70
231 67
232 68
233 65
234 70
235 65
236 68
237 67
238 64
239 63
240 64
241 67
242 70
243 65
244 65
245 66
246 65
247 58
248 61
249 69
250 68
251 66
252 68
253 72
254 69
255 60
256 66
257 66
258 62
259 59
260 67
261 60
262 55
263 58
264 65
265 69
266 68
267 73
268 69
269 64
270 71
271 69
272 63
273 60
274 64
275 62
276 63
277 67
278 68
279 69
280 57
281 64
282 64
283 68
284 69
285 69
286 72
287 71
288 69
289 67
290 65
291 70
292 58
293 59
294 63
295 66
296 65
297 65
298 67
299 65
300 65
301 65
302 67
303 62
304 63
305 67
306 60
307 63
308 62
309 71
310 66
311 70
312 69
313 61
314 65
315 69
316 68
317 64
318 69
319 64
320 65
321 65
322 73
323 65
324 64
325 68
326 68
327 63
328 64
329 55
330 61
331 66
332 64
333 66
334 69
335 65
336 59
337 65
338 69
339 62
340 67
341 64
342 67
343 68
344 63
345 64
346 67
347 71
348 66
349 67
350 66
351 66
352 61
353 68
354 64
355 68
356 62
357 66
358 62
359 65
360 70
361 66
362 65
363 68
364 68
365 63
366 60
367 63
368 67
369 68
370 65
371 64
372 61
373 68
374 60
375 70
376 70
377 63
378 67
379 67
380 65
381 58
382 67
383 59
384 61
385 69
386 67
387 63
388 71
389 67
390 68
391 61
392 63
393 68
394 70
395 68
396 65
397 71
398 65
399 68
400 69
401 64
402 65
403 66
404 62
405 59
406 65
407 67
408 62
409 63
410 67
411 68
412 68
413 66
414 59
415 69
416 68
417 66
418 69
419 65
420 64
421 67
422 64
423 65
424 66
425 69
426 68
427 64
428 66
429 65
430 66
431 71
432 72
433 67
434 64
435 65
436 65
437 64
438 70
439 64
440 70
441 64
442 67
443 63
444 69
445 64
446 66
447 66
448 64
449 69
450 71
451 67
452 71
453 67
454 73
455 73
456 60
457 61
458 67
459 64
460 66
461 62
462 66
463 66
464 70
465 70
466 70
467 72
468 67
469 65
470 59
471 66
472 65
473 61
474 62
475 55
476 60
477 69
478 68
479 69
480 68
481 72
482 63
483 70
484 66
485 62
486 69
487 66
488 67
489 65
490 66
491 64
492 67
493 64
494 65
495 63
496 64
497 66
498 63
499 64
500 61
501 65
502 68
503 66
504 65
505 70
506 66
507 66
508 68
509 69
510 69
511 66
512 64
513 68
514 65
515 65
516 63
517 64
518 59
519 61
520 71
521 64
522 58
523 64
524 67
525 66
526 64
527 64
528 64
529 68
530 70
531 68
532 66
533 68
534 67
535 67
536 67
537 67
538 71
539 66
540 66
541 73
542 68
543 70
544 64
545 67
546 70
547 64
548 66
549 67
550 70
551 68
552 64
553 65
554 63
555 66
556 65
557 69
558 69
559 67
560 67
561 56
562 64
563 57
564 61
565 66
566 64
567 60
568 67
569 65
570 62
571 62
572 66
573 65
574 66
575 61
576 66
577 66
578 68
579 66
580 64
581 64
582 66
583 65
584 68
585 68
586 65
587 68
588 66
589 59
590 63
591 68
592 61
593 67
594 68
595 68
596 60
597 67
598 67
599 68
600 63
601 66
602 71
603 66
604 66
605 59
606 63
607 64
608 65
609 66
610 68
611 69
612 72
613 66
614 61
615 67
616 60
617 68
618 64
619 68
620 65
621 71
622 67
623 67
624 64
625 65
626 64
627 66
628 70
629 59
630 64
631 64
632 61
633 62
634 65
635 69
636 62
637 63
638 65
639 60
640 66
641 64
642 70
643 67
644 68
645 72
646 61
647 65
648 70
649 63
650 66
651 68
652 69
653 69
654 72
655 58
656 60
657 62
658 66
659 62
660 67
661 69
662 67
663 62
664 65
665 68
666 69
667 69
668 63
669 62
670 63
671 64
672 63
673 68
674 69
675 71
676 58
677 63
678 65
679 64
680 65
681 67
682 68
683 67
684 66
685 62
686 67
687 62
688 61
689 68
690 63
691 64
692 59
693 67
694 68
695 66
696 67
697 62
698 72
699 70
700 67
701 67
702 62
703 58
704 61
705 67
706 65
707 64
708 71
709 69
710 67
711 68
712 70
713 66
714 70
715 65
716 62
717 67
718 61
719 68
720 61
721 54
722 66
723 64
724 67
725 69
726 67
727 66
728 67
729 65
730 64
731 65
732 63
733 66
734 68
735 64
736 61
737 64
738 62
739 66
740 64
741 66
742 66
743 65
744 63
745 63
746 61
747 67
748 63
749 63
750 60
751 63
752 63
753 65
754 65
755 72
756 67
757 68
758 65
759 67
760 72
761 71
762 65
763 64
764 68
765 63
766 62
767 68
768 64
769 68
770 65
771 65
772 63
773 66
774 66
775 68
776 65
777 66
778 67
779 70
780 68
781 71
782 61
783 67
784 68
785 60
786 61
787 66
788 63
789 65
790 65
791 66
792 58
793 65
794 65
795 71
796 70
797 67
798 65
799 63
800 62
801 65
802 69
803 69
804 71
805 64
806 66
807 69
808 69
809 63
810 63
811 64
812 64
813 66
814 67
815 69
816 69
817 71
818 69
819 64
820 63
821 62
822 60
823 58
824 61
825 63
826 64
827 68
828 60
829 64
830 66
831 68
832 59
833 65
834 63
835 54
836 62
837 69
838 61
839 64
840 66
841 66
842 70
843 70
844 68
845 64
846 68
847 67
848 60
849 66
850 69
851 68
852 67
853 63
854 65
855 70
856 72
857 70
858 60
859 64
860 66
861 66
862 69
863 66
864 64
865 60
866 62
867 61
868 65
869 67
870 65
871 65
872 66
873 63
874 68
875 62
876 60
877 61
878 59
879 63
880 68
881 69
882 66
883 67
884 66
885 65
886 60
887 65
888 68
889 71
890 66
891 66
892 67
893 57
894 62
895 63
896 65
897 61
898 67
899 66
900 61
901 56
902 62
903 62
904 65
905 63
906 63
907 64
908 65
909 61
910 65
911 65
912 68
913 59
914 64
915 65
916 65
917 66
918 63
919 58
920 65
921 69
922 67
923 61
924 65
925 68
926 62
927 61
928 70
929 71
930 70
931 64
932 72
933 65
934 65
935 62
936 62
937 66
938 68
939 67
940 66
941 64
942 70
943 66
944 66
945 62
946 61
947 69
948 68
949 63
950 60
951 62
952 59
953 68
954 68
955 67
956 66
957 68
958 66
959 69
960 69
961 66
962 67
963 66
964 57
965 63
966 67
967 67
968 68
969 61
970 67
971 60
972 67
973 65
974 68
975 66
976 62
977 64
978 64
979 69
980 68
981 69
982 64
983 65
984 63
985 63
986 66
987 65
988 67
989 66
990 57
991 59
992 64
993 64
994 62
995 64
996 63
997 67
998 69
999 66
1000 67
