0 80
1 59
2 59
3 55
4 55
5 56
6 57
7 55
8 55
9 52
10 54
11 58
12 62
13 58
14 54
15 52
16 56
17 57
18 56
19 55
20 49
21 55
22 56
23 53
24 54
25 57
26 54
27 54
28 50
29 51
30 57
31 55
32 52
33 55
34 55
35 53
36 57
37 58
38 58
39 57
40 58
41 61
42 58
43 57
44 50
45 56
46 55
47 55
48 56
49 56
50 53
51 49
52 49
53 52
54 51
55 51
56 59
57 60
58 60
59 56
60 55
61 58
62 54
63 56
64 53
65 52
66 55
67 56
68 58
69 56
70 58
71 53
72 57
73 52
74 53
75 55
76 54
77 47
78 55
79 53
80 58
81 52
82 49
83 53
84 55
85 52
86 54
87 52
88 55
89 53
90 55
91 55
92 57
93 59
94 54
95 56
96 57
97 59
98 55
99 49
100 53
101 55
102 56
103 59
104 60
105 56
106 58
107 57
108 55
109 54
110 54
111 55
112 57
113 52
114 52
115 51
116 51
117 51
118 57
119 54
120 53
121 53
122 52
123 54
124 58
125 56
126 57
127 53
128 53
129 53
130 55
131 55
132 55
133 58
134 59
135 58
136 53
137 51
138 53
139 50
140 55
141 51
142 52
143 53
144 53
145 52
146 52
147 57
148 53
149 54
150 54
151 48
152 51
153 54
154 50
155 52
156 55
157 50
158 54
159 57
160 55
161 55
162 52
163 49
164 50
165 56
166 56
167 51
168 56
169 56
170 62
171 48
172 53
173 58
174 61
175 56
176 55
177 57
178 53
179 55
180 54
181 52
182 59
183 55
184 53
185 51
186 56
187 58
188 57
189 57
190 60
191 48
192 46
193 49
194 52
195 57
196 55
197 57
198 58
199 56
200 55
201 55
202 53
203 55
204 55
205 56
206 59
207 56
208 53
209 53
210 58
211 58
212 60
213 56
214 57
215 52
216 54
217 56
218 56
219 57
220 51
221 55
222 55
223 62
224 59
225 57
226 59
227 60
228 51
229 52
230 52
231 49
232 45
233 54
234 56
235 54
236 54
237 54
238 51
239 50
240 52
241 52
242 55
243 56
244 53
245 56
246 51
247 55
248 59
249 60
250 59
251 54
252 56
253 56
254 51
255 50
256 50
257 55
258 53
259 55
260 50
261 55
262 57
263 58
264 55
265 51
266 55
267 48
268 52
269 53
270 52
271 56
272 55
273 55
274 48
275 53
276 47
277 50
278 53
279 53
280 53
281 55
282 54
283 52
284 54
285 58
286 57
287 51
288 53
289 53
290 55
291 49
292 49
293 56
294 56
295 56
296 57
297 58
298 52
299 49
300 50
301 44
302 52
303 51
304 53
305 49
306 52
307 53
308 56
309 55
310 54
311 51
312 51
313 57
314 59
315 55
316 56
317 53
318 51
319 47
320 52
321 53
322 55
323 57
324 53
325 48
326 49
327 50
328 54
329 55
330 50
331 57
332 53
333 52
334 60
335 56
336 55
337 53
338 51
339 57
340 49
341 53
342 57
343 60
344 56
345 57
346 56
347 56
348 55
349 59
350 55
351 53
352 52
353 53
354 55
355 57
356 56
357 51
358 52
359 50
360 48
361 53
362 55
363 51
364 56
365 56
366 58
367 53
368 54
369 52
370 55
371 58
372 58
373 57
374 57
375 54
376 56
377 54
378 57
379 53
380 58
381 50
382 49
383 55
384 58
385 51
386 54
387 52
388 51
389 56
390 50
391 54
392 57
393 55
394 58
395 55
396 58
397 54
398 51
399 47
400 52
401 50
402 53
403 52
404 52
405 53
406 54
407 55
408 58
409 56
410 58
411 55
412 53
413 52
414 52
415 56
416 49
417 49
418 50
419 50
420 52
421 52
422 56
423 60
424 58
425 55
426 52
427 45
428 58
429 54
430 49
431 53
432 52
433 55
434 55
435 57
436 54
437 48
438 54
439 54
440 55
441 56
442 51
443 52
444 55
445 59
446 56
447 53
448 52
449 55
450 54
451 56
452 54
453 57
454 54
455 52
456 52
457 53
458 53
459 55
460 56
461 52
462 54
463 57
464 60
465 58
466 59
467 55
468 49
469 51
470 56
471 57
472 57
473 56
474 51
475 50
476 46
477 56
478 55
479 52
480 52
481 50
482 53
483 51
484 51
485 53
486 48
487 57
488 56
489 55
490 53
491 52
492 53
493 54
494 54
495 57
496 56
497 54
498 55
499 49
500 52
501 56
502 53
503 52
504 52
505 60
506 61
507 52
508 56
509 55
510 53
511 53
512 50
513 47
514 51
515 53
516 54
517 56
518 50
519 51
520 54
521 57
522 55
523 56
524 55
525 54
526 56
527 54
528 52
529 52
530 52
531 53
532 49
533 50
534 52
535 46
536 51
537 53
538 53
539 55
540 58
541 59
542 57
543 53
544 58
545 57
546 54
547 54
548 55
549 53
550 56
551 54
552 55
553 49
554 56
555 61
556 59
557 56
558 53
559 55
560 55
561 55
562 58
563 56
564 56
565 50
566 55
567 52
568 55
569 57
570 56
571 51
572 50
573 52
574 57
575 57
576 57
577 58
578 52
579 55
580 55
581 53
582 53
583 52
584 53
585 52
586 52
587 56
588 54
589 54
590 54
591 56
592 54
593 56
594 56
595 58
596 53
597 53
598 55
599 50
600 50
601 55
602 56
603 48
604 52
605 54
606 46
607 49
608 49
609 53
610 57
611 55
612 57
613 56
614 55
615 56
616 58
617 57
618 52
619 47
620 50
621 53
622 56
623 53
624 52
625 56
626 56
627 52
628 51
629 56
630 54
631 55
632 55
633 59
634 53
635 51
636 52
637 55
638 57
639 56
640 54
641 57
642 55
643 54
644 58
645 56
646 56
647 58
648 57
649 55
650 54
651 54
652 58
653 58
654 55
655 53
656 51
657 50
658 58
659 54
660 58
661 57
662 53
663 49
664 55
665 56
666 55
667 56
668 53
669 52
670 53
671 55
672 55
673 54
674 58
675 49
676 48
677 51
678 51
679 55
680 55
681 57
682 58
683 54
684 54
685 50
686 54
687 51
688 53
689 51
690 55
691 54
692 52
693 55
694 54
695 52
696 52
697 57
698 53
699 52
700 55
701 51
702 53
703 56
704 54
705 53
706 54
707 51
708 55
709 54
710 53
711 56
712 55
713 59
714 54
715 51
716 47
717 53
718 53
719 56
720 53
721 53
722 50
723 54
724 51
725 56
726 57
727 56
728 53
729 51
730 52
731 55
732 55
733 60
734 59
735 60
736 53
737 51
738 52
739 56
740 58
741 59
742 55
743 57
744 52
745 55
746 53
747 58
748 56
749 54
750 51
751 53
752 58
753 50
754 54
755 52
756 55
757 54
758 54
759 56
760 57
761 54
762 51
763 52
764 53
765 52
766 55
767 49
768 51
769 46
770 44
771 54
772 54
773 53
774 56
775 55
776 55
777 58
778 60
779 60
780 57
781 56
782 54
783 55
784 54
785 58
786 53
787 59
788 53
789 52
790 45
791 48
792 50
793 53
794 61
795 60
796 55
797 54
798 50
799 49
800 55
801 49
802 52
803 57
804 54
805 50
806 54
807 54
808 57
809 57
810 55
811 53
812 55
813 51
814 46
815 52
816 52
817 56
818 52
819 54
820 50
821 55
822 52
823 55
824 49
825 55
826 54
827 56
828 56
829 56
830 57
831 58
832 60
833 60
834 55
835 57
836 55
837 53
838 51
839 54
840 53
841 54
842 54
843 54
844 56
845 54
846 49
847 47
848 49
849 55
850 56
851 53
852 46
853 56
854 55
855 55
856 57
857 53
858 57
859 59
860 52
861 53
862 57
863 57
864 59
865 59
866 58
867 50
868 49
869 51
870 51
871 52
872 51
873 54
874 57
875 51
876 51
877 49
878 49
879 55
880 56
881 57
882 58
883 55
884 53
885 54
886 57
887 54
888 53
889 54
890 51
891 53
892 54
893 57
894 54
895 55
896 55
897 55
898 56
899 48
900 54
901 50
902 51
903 50
904 50
905 51
906 52
907 49
908 54
909 52
910 53
911 55
912 57
913 56
914 56
915 57
916 57
917 57
918 58
919 56
920 52
921 51
922 52
923 54
924 59
925 55
926 58
927 58
928 52
929 55
930 50
931 53
932 51
933 49
934 52
935 52
936 56
937 53
938 56
939 55
940 53
941 49
942 52
943 52
944 48
945 51
946 53
947 59
948 59
949 55
950 59
951 51
952 58
953 51
954 48
955 58
956 54
957 56
958 53
959 51
960 50
961 50
962 52
963 54
964 54
965 52
966 55
967 58
968 61
969 58
970 59
971 53
972 48
973 56
974 51
975 55
976 53
977 53
978 55
979 57
980 54
981 52
982 53
983 54
984 52
985 54
986 56
987 56
988 57
989 57
990 54
991 54
992 53
993 57
994 56
995 55
996 55
997 52
998 51
999 53
1000 47
