0 15
1 14
2 11
3 11
4 10
5 11
6 11
7 11
8 9
9 9
10 10
11 11
12 10
13 11
14 9
15 8
16 9
17 8
18 9
19 10
20 10
21 7
22 7
23 8
24 9
25 10
26 9
27 10
28 12
29 9
30 11
31 8
32 11
33 12
34 13
35 13
36 10
37 10
38 11
39 10
40 10
41 10
42 10
43 6
44 7
45 8
46 10
47 11
48 10
49 9
50 9
51 9
52 9
53 8
54 10
55 9
56 10
57 10
58 10
59 10
60 10
61 10
62 11
63 13
64 11
65 12
66 12
67 12
68 12
69 11
70 9
71 10
72 11
73 10
74 11
75 13
76 12
77 11
78 13
79 10
80 10
81 9
82 10
83 10
84 10
85 12
86 11
87 10
88 10
89 11
90 8
91 10
92 10
93 12
94 10
95 9
96 8
97 9
98 9
99 7
100 10
101 11
102 12
103 10
104 10
105 9
106 11
107 10
108 9
109 8
110 9
111 10
112 7
113 8
114 5
115 9
116 8
117 9
118 8
119 10
120 8
121 8
122 10
123 10
124 10
125 11
126 10
127 11
128 10
129 8
130 8
131 6
132 7
133 8
134 8
135 9
136 9
137 9
138 9
139 9
140 11
141 11
142 9
143 10
144 7
145 8
146 10
147 10
148 8
149 9
150 9
151 10
152 10
153 10
154 10
155 9
156 8
157 8
158 7
159 7
160 6
161 9
162 10
163 9
164 11
165 11
166 12
167 11
168 11
169 11
170 11
171 10
172 9
173 10
174 10
175 9
176 8
177 8
178 8
179 9
180 11
181 11
182 10
183 11
184 11
185 10
186 8
187 11
188 9
189 10
190 11
191 9
192 7
193 8
194 8
195 9
196 9
197 8
198 9
199 9
200 9
201 9
202 8
203 7
204 9
205 8
206 7
207 9
208 10
209 11
210 9
211 8
212 11
213 10
214 11
215 11
216 11
217 11
218 10
219 10
220 7
221 8
222 9
223 7
224 9
225 9
226 8
227 6
228 9
229 9
230 8
231 10
232 11
233 9
234 7
235 8
236 8
237 11
238 10
239 8
240 9
241 5
242 8
243 10
244 7
245 9
246 8
247 8
248 9
249 11
250 9
251 10
252 11
253 11
254 10
255 10
256 10
257 10
258 10
259 11
260 11
261 12
262 12
263 10
264 9
265 10
266 11
267 12
268 12
269 12
270 13
271 14
272 12
273 10
274 10
275 8
276 8
277 9
278 11
279 12
280 11
281 9
282 11
283 10
284 10
285 8
286 9
287 8
288 9
289 10
290 9
291 8
292 7
293 7
294 6
295 10
296 9
297 8
298 8
299 8
300 9
301 9
302 10
303 9
304 8
305 7
306 9
307 11
308 12
309 11
310 10
311 8
312 9
313 10
314 10
315 10
316 9
317 9
318 11
319 10
320 10
321 9
322 9
323 11
324 12
325 12
326 11
327 10
328 10
329 11
330 10
331 10
332 10
333 11
334 9
335 6
336 8
337 7
338 7
339 8
340 9
341 10
342 9
343 10
344 11
345 10
346 8
347 10
348 9
349 11
350 9
351 10
352 10
353 11
354 11
355 13
356 12
357 12
358 12
359 10
360 12
361 11
362 9
363 10
364 11
365 11
366 9
367 9
368 9
369 7
370 6
371 7
372 10
373 10
374 8
375 8
376 9
377 9
378 10
379 10
380 9
381 10
382 9
383 10
384 11
385 10
386 10
387 9
388 9
389 9
390 9
391 8
392 7
393 9
394 8
395 10
396 9
397 8
398 10
399 12
400 10
401 11
402 9
403 10
404 11
405 10
406 9
407 8
408 10
409 12
410 11
411 10
412 8
413 9
414 10
415 10
416 10
417 9
418 10
419 9
420 9
421 10
422 11
423 11
424 10
425 9
426 9
427 9
428 9
429 9
430 8
431 7
432 8
433 10
434 10
435 7
436 11
437 10
438 11
439 11
440 12
441 11
442 11
443 11
444 11
445 11
446 11
447 8
448 9
449 10
450 10
451 9
452 9
453 8
454 5
455 6
456 7
457 9
458 9
459 9
460 9
461 10
462 9
463 9
464 9
465 9
466 10
467 9
468 10
469 8
470 9
471 11
472 9
473 9
474 10
475 10
476 10
477 10
478 11
479 9
480 11
481 11
482 10
483 10
484 12
485 11
486 11
487 12
488 12
489 11
490 10
491 9
492 10
493 8
494 9
495 9
496 9
497 8
498 8
499 7
500 8
501 10
502 8
503 8
504 8
505 8
506 8
507 8
508 9
509 11
510 11
511 9
512 11
513 12
514 12
515 10
516 10
517 11
518 10
519 10
520 11
521 9
522 8
523 8
524 8
525 9
526 9
527 10
528 10
529 10
530 9
531 11
532 9
533 11
534 10
535 11
536 5
537 7
538 6
539 6
540 7
541 9
542 7
543 7
544 7
545 10
546 11
547 10
548 8
549 8
550 7
551 7
552 7
553 7
554 7
555 8
556 8
557 9
558 9
559 8
560 7
561 8
562 9
563 8
564 9
565 9
566 12
567 12
568 13
569 12
570 11
571 12
572 10
573 9
574 7
575 9
576 8
577 9
578 10
579 9
580 9
581 9
582 9
583 9
584 10
585 9
586 8
587 11
588 9
589 9
590 8
591 10
592 11
593 12
594 10
595 10
596 11
597 11
598 11
599 12
600 11
601 10
602 11
603 10
604 10
605 11
606 9
607 10
608 7
609 9
610 10
611 8
612 8
613 10
614 9
615 10
616 8
617 9
618 10
619 10
620 11
621 10
622 9
623 10
624 10
625 9
626 8
627 8
628 9
629 7
630 7
631 8
632 8
633 7
634 8
635 8
636 7
637 7
638 9
639 8
640 9
641 7
642 6
643 8
644 9
645 9
646 9
647 7
648 7
649 5
650 7
651 7
652 9
653 10
654 10
655 10
656 10
657 11
658 9
659 8
660 9
661 8
662 11
663 10
664 11
665 11
666 11
667 11
668 10
669 9
670 8
671 8
672 10
673 9
674 9
675 11
676 11
677 11
678 11
679 12
680 13
681 12
682 10
683 9
684 10
685 9
686 10
687 11
688 11
689 12
690 11
691 12
692 10
693 12
694 10
695 10
696 10
697 11
698 11
699 10
700 10
701 8
702 9
703 10
704 10
705 9
706 11
707 9
708 10
709 10
710 11
711 9
712 10
713 9
714 8
715 8
716 9
717 9
718 10
719 9
720 8
721 9
722 9
723 9
724 8
725 8
726 8
727 9
728 9
729 6
730 8
731 6
732 7
733 9
734 8
735 8
736 9
737 10
738 9
739 10
740 11
741 11
742 11
743 9
744 9
745 10
746 10
747 9
748 7
749 8
750 11
751 10
752 8
753 6
754 8
755 7
756 8
757 9
758 9
759 9
760 11
761 11
762 10
763 8
764 8
765 8
766 6
767 7
768 9
769 8
770 9
771 10
772 8
773 9
774 9
775 9
776 9
777 9
778 9
779 8
780 10
781 10
782 9
783 9
784 11
785 10
786 10
787 10
788 11
789 9
790 9
791 8
792 7
793 8
794 8
795 8
796 8
797 7
798 7
799 7
800 9
801 9
802 8
803 9
804 9
805 8
806 7
807 6
808 5
809 5
810 5
811 6
812 4
813 8
814 11
815 12
816 10
817 10
818 11
819 10
820 8
821 7
822 8
823 9
824 8
825 8
826 8
827 8
828 10
829 11
830 10
831 8
832 7
833 9
834 10
835 10
836 9
837 9
838 9
839 8
840 9
841 8
842 8
843 9
844 8
845 6
846 7
847 8
848 9
849 12
850 11
851 10
852 12
853 12
854 12
855 9
856 9
857 11
858 12
859 10
860 12
861 12
862 13
863 14
864 13
865 13
866 13
867 10
868 11
869 11
870 11
871 11
872 10
873 10
874 8
875 10
876 9
877 9
878 8
879 8
880 9
881 9
882 10
883 10
884 7
885 7
886 8
887 10
888 10
889 10
890 10
891 9
892 10
893 9
894 9
895 8
896 10
897 10
898 11
899 10
900 11
901 9
902 10
903 8
904 8
905 9
906 11
907 9
908 9
909 7
910 8
911 9
912 9
913 10
914 9
915 9
916 9
917 7
918 8
919 9
920 9
921 8
922 9
923 7
924 9
925 9
926 11
927 10
928 10
929 10
930 10
931 10
932 10
933 10
934 7
935 7
936 7
937 6
938 6
939 9
940 10
941 10
942 10
943 10
944 9
945 11
946 10
947 9
948 11
949 7
950 7
951 9
952 9
953 8
954 10
955 10
956 10
957 12
958 11
959 10
960 9
961 10
962 10
963 9
964 8
965 10
966 8
967 10
968 11
969 11
970 10
971 6
972 8
973 7
974 7
975 7
976 9
977 12
978 12
979 12
980 11
981 10
982 11
983 10
984 11
985 11
986 10
987 9
988 9
989 9
990 8
991 8
992 9
993 7
994 8
995 8
996 6
997 8
998 8
999 9
1000 6
