0 60
1 50
2 40
3 39
4 38
5 43
6 41
7 45
8 42
9 46
10 40
11 44
12 41
13 45
14 40
15 38
16 38
17 40
18 42
19 43
20 45
21 47
22 44
23 42
24 44
25 43
26 46
27 43
28 42
29 43
30 43
31 42
32 37
33 42
34 44
35 43
36 46
37 42
38 42
39 41
40 36
41 38
42 41
43 42
44 35
45 39
46 40
47 38
48 44
49 46
50 43
51 40
52 41
53 41
54 40
55 39
56 42
57 42
58 44
59 38
60 39
61 42
62 42
63 42
64 39
65 41
66 42
67 45
68 45
69 45
70 39
71 39
72 45
73 41
74 44
75 45
76 41
77 44
78 45
79 42
80 46
81 31
82 36
83 43
84 39
85 40
86 43
87 43
88 47
89 44
90 45
91 46
92 41
93 45
94 43
95 46
96 44
97 40
98 43
99 45
100 45
101 47
102 44
103 49
104 47
105 44
106 45
107 47
108 49
109 43
110 44
111 47
112 46
113 41
114 44
115 42
116 40
117 42
118 42
119 40
120 40
121 38
122 46
123 47
124 43
125 43
126 37
127 36
128 44
129 41
130 47
131 44
132 38
133 42
134 40
135 46
136 45
137 41
138 43
139 42
140 43
141 40
142 38
143 46
144 45
145 43
146 41
147 44
148 41
149 40
150 44
151 45
152 40
153 43
154 39
155 44
156 46
157 45
158 43
159 41
160 44
161 41
162 47
163 45
164 45
165 44
166 45
167 44
168 43
169 36
170 40
171 44
172 44
173 40
174 43
175 41
176 44
177 39
178 37
179 43
180 49
181 49
182 49
183 46
184 42
185 45
186 43
187 40
188 41
189 41
190 45
191 41
192 39
193 43
194 43
195 40
196 40
197 43
198 47
199 45
200 46
201 43
202 42
203 42
204 40
205 44
206 42
207 40
208 46
209 45
210 42
211 44
212 40
213 43
214 42
215 43
216 40
217 41
218 44
219 48
220 42
221 44
222 38
223 38
224 41
225 43
226 45
227 42
228 41
229 44
230 43
231 42
232 45
233 44
234 42
235 43
236 40
237 47
238 48
239 44
240 40
241 41
242 42
243 40
244 42
245 46
246 42
247 43
248 44
249 39
250 41
251 40
252 41
253 39
254 47
255 44
256 42
257 41
258 43
259 41
260 39
261 39
262 44
263 42
264 42
265 40
266 41
267 40
268 40
269 43
270 42
271 46
272 44
273 45
274 47
275 40
276 38
277 43
278 43
279 45
280 42
281 42
282 41
283 45
284 42
285 42
286 43
287 44
288 45
289 41
290 39
291 44
292 46
293 43
294 45
295 41
296 43
297 42
298 40
299 40
300 42
301 46
302 44
303 39
304 44
305 43
306 42
307 41
308 41
309 44
310 41
311 38
312 41
313 41
314 42
315 43
316 44
317 40
318 43
319 41
320 45
321 44
322 44
323 42
324 38
325 39
326 41
327 42
328 43
329 43
330 42
331 44
332 46
333 40
334 40
335 44
336 43
337 42
338 40
339 42
340 43
341 44
342 44
343 45
344 45
345 39
346 39
347 34
348 40
349 38
350 43
351 44
352 41
353 41
354 40
355 41
356 42
357 43
358 38
359 34
360 34
361 41
362 40
363 44
364 40
365 42
366 37
367 43
368 43
369 39
370 41
371 38
372 42
373 42
374 42
375 42
376 45
377 41
378 37
379 38
380 46
381 41
382 43
383 43
384 39
385 35
386 34
387 36
388 40
389 39
390 37
391 44
392 44
393 46
394 42
395 42
396 41
397 45
398 40
399 43
400 45
401 47
402 42
403 44
404 43
405 40
406 41
407 41
408 40
409 40
410 40
411 49
412 47
413 43
414 48
415 44
416 42
417 46
418 43
419 41
420 41
421 39
422 36
423 39
424 42
425 46
426 44
427 42
428 46
429 46
430 44
431 42
432 43
433 46
434 44
435 46
436 43
437 43
438 44
439 46
440 46
441 45
442 41
443 44
444 46
445 48
446 46
447 48
448 37
449 41
450 45
451 41
452 43
453 44
454 40
455 39
456 43
457 44
458 43
459 45
460 38
461 47
462 44
463 42
464 44
465 43
466 44
467 45
468 45
469 41
470 46
471 47
472 44
473 47
474 45
475 45
476 43
477 45
478 47
479 43
480 42
481 41
482 40
483 40
484 41
485 44
486 43
487 45
488 45
489 45
490 46
491 48
492 45
493 46
494 45
495 45
496 43
497 43
498 40
499 41
500 40
501 42
502 44
503 37
504 43
505 45
506 44
507 43
508 42
509 41
510 44
511 36
512 39
513 45
514 43
515 43
516 41
517 38
518 34
519 41
520 40
521 38
522 45
523 44
524 42
525 39
526 46
527 48
528 43
529 46
530 42
531 44
532 40
533 34
534 37
535 41
536 41
537 41
538 45
539 41
540 45
541 41
542 35
543 36
544 42
545 40
546 42
547 40
548 40
549 40
550 40
551 41
552 40
553 44
554 41
555 40
556 39
557 41
558 40
559 41
560 45
561 43
562 38
563 37
564 45
565 43
566 47
567 42
568 44
569 45
570 41
571 45
572 43
573 36
574 37
575 38
576 41
577 41
578 36
579 39
580 41
581 41
582 44
583 43
584 44
585 43
586 46
587 41
588 42
589 44
590 41
591 39
592 40
593 44
594 45
595 46
596 48
597 43
598 44
599 42
600 41
601 45
602 41
603 40
604 42
605 41
606 42
607 42
608 44
609 36
610 39
611 43
612 45
613 38
614 43
615 44
616 44
617 42
618 42
619 44
620 41
621 40
622 46
623 43
624 44
625 40
626 44
627 42
628 47
629 42
630 43
631 44
632 48
633 45
634 46
635 42
636 44
637 37
638 43
639 40
640 36
641 37
642 40
643 40
644 44
645 43
646 42
647 42
648 47
649 46
650 46
651 45
652 43
653 41
654 45
655 48
656 45
657 45
658 42
659 46
660 45
661 46
662 45
663 43
664 50
665 46
666 43
667 42
668 40
669 44
670 43
671 38
672 39
673 39
674 44
675 41
676 42
677 42
678 43
679 43
680 42
681 44
682 44
683 42
684 44
685 44
686 42
687 43
688 44
689 36
690 36
691 39
692 43
693 46
694 45
695 44
696 43
697 43
698 41
699 42
700 44
701 44
702 43
703 44
704 45
705 46
706 43
707 44
708 44
709 47
710 40
711 44
712 48
713 40
714 35
715 42
716 39
717 43
718 43
719 43
720 41
721 38
722 40
723 38
724 42
725 41
726 43
727 46
728 45
729 43
730 43
731 45
732 39
733 44
734 42
735 42
736 42
737 41
738 42
739 44
740 43
741 47
742 46
743 42
744 45
745 45
746 46
747 42
748 42
749 42
750 47
751 46
752 41
753 43
754 43
755 42
756 38
757 41
758 42
759 44
760 50
761 44
762 44
763 43
764 42
765 41
766 42
767 40
768 44
769 42
770 42
771 42
772 44
773 43
774 41
775 38
776 37
777 42
778 41
779 38
780 43
781 43
782 40
783 40
784 41
785 41
786 41
787 46
788 45
789 42
790 42
791 43
792 41
793 43
794 40
795 42
796 46
797 41
798 44
799 43
800 49
801 45
802 38
803 39
804 42
805 42
806 49
807 46
808 42
809 44
810 43
811 41
812 46
813 49
814 44
815 39
816 43
817 43
818 46
819 43
820 46
821 40
822 41
823 42
824 39
825 38
826 40
827 44
828 46
829 41
830 42
831 39
832 45
833 41
834 42
835 49
836 44
837 46
838 43
839 43
840 43
841 41
842 38
843 37
844 39
845 42
846 43
847 44
848 48
849 46
850 46
851 42
852 47
853 42
854 45
855 43
856 43
857 44
858 44
859 42
860 42
861 44
862 44
863 45
864 40
865 39
866 40
867 38
868 44
869 44
870 39
871 45
872 42
873 43
874 42
875 43
876 43
877 40
878 40
879 43
880 42
881 41
882 43
883 46
884 40
885 36
886 36
887 39
888 44
889 43
890 47
891 43
892 44
893 42
894 42
895 39
896 42
897 40
898 44
899 43
900 40
901 40
902 37
903 37
904 43
905 42
906 40
907 43
908 43
909 45
910 40
911 41
912 41
913 44
914 46
915 45
916 51
917 41
918 45
919 46
920 42
921 44
922 42
923 42
924 44
925 40
926 41
927 44
928 43
929 40
930 40
931 40
932 42
933 44
934 44
935 39
936 40
937 40
938 42
939 41
940 42
941 38
942 46
943 44
944 46
945 46
946 43
947 42
948 41
949 40
950 44
951 39
952 43
953 45
954 46
955 42
956 45
957 43
958 36
959 42
960 42
961 43
962 43
963 44
964 48
965 41
966 42
967 41
968 41
969 39
970 41
971 41
972 41
973 42
974 40
975 39
976 36
977 38
978 42
979 43
980 43
981 44
982 44
983 45
984 43
985 44
986 42
987 41
988 38
989 45
990 43
991 37
992 38
993 35
994 41
995 39
996 43
997 43
998 35
999 46
1000 47
