0 30
1 17
2 17
3 18
4 17
5 19
6 19
7 20
8 21
9 20
10 18
11 19
12 19
13 20
14 20
15 21
16 20
17 17
18 18
19 21
20 18
21 20
22 19
23 19
24 20
25 20
26 21
27 18
28 20
29 20
30 18
31 18
32 15
33 19
34 19
35 18
36 16
37 18
38 21
39 20
40 17
41 20
42 18
43 20
44 18
45 17
46 20
47 19
48 17
49 21
50 20
51 18
52 18
53 20
54 21
55 16
56 20
57 21
58 21
59 21
60 19
61 16
62 21
63 17
64 17
65 19
66 19
67 21
68 21
69 20
70 20
71 17
72 21
73 19
74 20
75 19
76 20
77 20
78 18
79 19
80 18
81 17
82 20
83 17
84 16
85 15
86 17
87 18
88 20
89 19
90 19
91 20
92 19
93 17
94 20
95 18
96 20
97 20
98 19
99 21
100 21
101 20
102 20
103 20
104 22
105 17
106 19
107 19
108 15
109 17
110 19
111 20
112 20
113 20
114 19
115 20
116 19
117 16
118 18
119 20
120 19
121 19
122 18
123 20
124 17
125 20
126 20
127 16
128 17
129 19
130 19
131 19
132 21
133 20
134 18
135 19
136 20
137 20
138 16
139 20
140 21
141 18
142 16
143 19
144 18
145 19
146 16
147 17
148 19
149 22
150 18
151 18
152 17
153 20
154 21
155 21
156 20
157 22
158 19
159 18
160 16
161 18
162 16
163 17
164 17
165 17
166 20
167 20
168 21
169 19
170 19
171 18
172 21
173 21
174 20
175 20
176 21
177 22
178 21
179 20
180 20
181 19
182 19
183 15
184 17
185 19
186 21
187 19
188 19
189 19
190 21
191 21
192 19
193 19
194 18
195 21
196 16
197 21
198 20
199 20
200 17
201 19
202 22
203 19
204 21
205 19
206 20
207 20
208 17
209 19
210 17
211 15
212 21
213 19
214 18
215 19
216 18
217 19
218 21
219 19
220 18
221 20
222 18
223 21
224 19
225 18
226 19
227 18
228 20
229 18
230 18
231 20
232 21
233 17
234 21
235 19
236 18
237 19
238 19
239 18
240 20
241 19
242 22
243 18
244 18
245 18
246 18
247 18
248 18
249 20
250 19
251 20
252 20
253 16
254 18
255 19
256 19
257 21
258 19
259 20
260 18
261 19
262 18
263 21
264 20
265 19
266 22
267 21
268 23
269 19
270 20
271 19
272 19
273 21
274 20
275 17
276 20
277 19
278 19
279 19
280 20
281 20
282 21
283 20
284 22
285 20
286 19
287 17
288 18
289 21
290 20
291 19
292 19
293 17
294 19
295 20
296 16
297 18
298 16
299 19
300 22
301 21
302 19
303 17
304 16
305 18
306 18
307 19
308 19
309 18
310 18
311 20
312 20
313 20
314 20
315 20
316 18
317 20
318 21
319 21
320 18
321 20
322 17
323 17
324 16
325 18
326 18
327 20
328 16
329 18
330 19
331 18
332 20
333 21
334 20
335 18
336 18
337 19
338 18
339 22
340 19
341 19
342 18
343 18
344 22
345 19
346 21
347 17
348 18
349 18
350 21
351 19
352 21
353 20
354 20
355 19
356 20
357 16
358 18
359 20
360 21
361 21
362 18
363 19
364 19
365 20
366 22
367 20
368 20
369 20
370 19
371 20
372 18
373 20
374 22
375 18
376 19
377 20
378 17
379 15
380 20
381 16
382 21
383 22
384 19
385 18
386 19
387 16
388 16
389 19
390 22
391 20
392 20
393 16
394 15
395 17
396 19
397 20
398 18
399 18
400 20
401 19
402 18
403 20
404 20
405 16
406 18
407 18
408 18
409 21
410 22
411 18
412 19
413 18
414 22
415 19
416 18
417 18
418 21
419 17
420 18
421 20
422 20
423 20
424 20
425 19
426 19
427 17
428 17
429 20
430 19
431 17
432 16
433 19
434 20
435 19
436 20
437 17
438 18
439 20
440 19
441 19
442 21
443 22
444 18
445 19
446 21
447 20
448 17
449 16
450 19
451 21
452 20
453 18
454 19
455 20
456 19
457 19
458 18
459 20
460 18
461 20
462 16
463 17
464 19
465 18
466 18
467 21
468 19
469 19
470 19
471 20
472 18
473 18
474 20
475 21
476 20
477 20
478 21
479 15
480 20
481 18
482 18
483 20
484 19
485 19
486 19
487 17
488 18
489 19
490 18
491 18
492 15
493 19
494 18
495 19
496 22
497 19
498 21
499 20
500 18
501 20
502 20
503 20
504 18
505 20
506 19
507 20
508 18
509 17
510 21
511 19
512 22
513 21
514 20
515 19
516 20
517 20
518 19
519 18
520 19
521 20
522 21
523 21
524 20
525 19
526 19
527 16
528 20
529 19
530 17
531 19
532 19
533 19
534 20
535 16
536 21
537 21
538 21
539 21
540 21
541 20
542 20
543 21
544 20
545 21
546 17
547 19
548 20
549 22
550 21
551 17
552 22
553 19
554 18
555 21
556 20
557 20
558 18
559 19
560 21
561 20
562 20
563 20
564 18
565 20
566 22
567 22
568 21
569 22
570 20
571 21
572 19
573 17
574 23
575 20
576 18
577 19
578 18
579 18
580 16
581 19
582 18
583 21
584 21
585 20
586 19
587 19
588 19
589 14
590 19
591 18
592 19
593 19
594 20
595 20
596 18
597 17
598 21
599 21
600 18
601 22
602 16
603 16
604 17
605 20
606 16
607 19
608 20
609 18
610 19
611 20
612 22
613 17
614 17
615 18
616 18
617 21
618 19
619 19
620 19
621 20
622 16
623 20
624 19
625 20
626 20
627 20
628 20
629 19
630 18
631 19
632 17
633 20
634 21
635 18
636 19
637 21
638 22
639 21
640 19
641 15
642 18
643 20
644 18
645 19
646 21
647 18
648 20
649 21
650 20
651 19
652 16
653 20
654 21
655 21
656 19
657 21
658 20
659 18
660 19
661 19
662 19
663 20
664 17
665 22
666 18
667 16
668 18
669 16
670 17
671 20
672 19
673 21
674 19
675 18
676 21
677 20
678 21
679 18
680 20
681 20
682 18
683 18
684 19
685 19
686 20
687 18
688 17
689 18
690 19
691 20
692 19
693 14
694 16
695 19
696 22
697 22
698 19
699 18
700 21
701 18
702 20
703 19
704 20
705 21
706 20
707 21
708 19
709 20
710 20
711 20
712 15
713 18
714 17
715 18
716 19
717 21
718 21
719 21
720 21
721 21
722 21
723 17
724 18
725 20
726 17
727 17
728 18
729 19
730 20
731 19
732 21
733 17
734 21
735 18
736 19
737 20
738 20
739 19
740 20
741 21
742 19
743 21
744 21
745 17
746 20
747 16
748 18
749 17
750 17
751 18
752 20
753 20
754 21
755 18
756 17
757 20
758 19
759 19
760 17
761 19
762 16
763 19
764 17
765 19
766 19
767 19
768 20
769 22
770 20
771 19
772 19
773 15
774 18
775 20
776 15
777 18
778 17
779 17
780 21
781 22
782 21
783 18
784 19
785 22
786 18
787 19
788 20
789 19
790 18
791 20
792 17
793 14
794 20
795 15
796 17
797 19
798 21
799 19
800 16
801 17
802 19
803 18
804 19
805 19
806 17
807 20
808 16
809 19
810 18
811 20
812 21
813 19
814 16
815 15
816 18
817 15
818 17
819 16
820 18
821 16
822 20
823 18
824 20
825 20
826 18
827 20
828 20
829 20
830 20
831 19
832 20
833 17
834 17
835 19
836 18
837 17
838 19
839 18
840 18
841 19
842 19
843 20
844 19
845 19
846 19
847 20
848 21
849 19
850 18
851 19
852 21
853 18
854 21
855 20
856 18
857 17
858 22
859 15
860 19
861 21
862 21
863 22
864 19
865 18
866 21
867 18
868 20
869 18
870 19
871 17
872 21
873 16
874 18
875 19
876 20
877 20
878 22
879 18
880 18
881 18
882 18
883 19
884 18
885 21
886 21
887 20
888 20
889 18
890 19
891 19
892 18
893 20
894 19
895 20
896 21
897 20
898 21
899 18
900 16
901 19
902 19
903 21
904 21
905 19
906 20
907 18
908 21
909 16
910 18
911 20
912 19
913 18
914 21
915 19
916 18
917 18
918 18
919 20
920 19
921 18
922 17
923 23
924 18
925 20
926 21
927 19
928 18
929 17
930 20
931 19
932 17
933 17
934 19
935 21
936 19
937 19
938 17
939 17
940 20
941 20
942 19
943 21
944 20
945 18
946 15
947 21
948 22
949 19
950 19
951 21
952 17
953 18
954 17
955 15
956 17
957 19
958 19
959 19
960 20
961 17
962 18
963 16
964 18
965 19
966 18
967 21
968 19
969 16
970 19
971 22
972 19
973 19
974 21
975 16
976 19
977 20
978 20
979 21
980 19
981 14
982 21
983 20
984 19
985 17
986 19
987 22
988 19
989 18
990 16
991 19
992 21
993 20
994 18
995 21
996 19
997 19
998 18
999 18
1000 18
