0 95
1 77
2 72
3 66
4 58
5 70
6 71
7 68
8 76
9 67
10 73
11 75
12 71
13 70
14 71
15 71
16 66
17 71
18 69
19 74
20 70
21 68
22 65
23 67
24 70
25 66
26 70
27 74
28 68
29 68
30 63
31 65
32 72
33 62
34 66
35 75
36 73
37 73
38 69
39 62
40 67
41 62
42 66
43 67
44 70
45 67
46 66
47 66
48 63
49 72
50 63
51 65
52 70
53 66
54 65
55 71
56 64
57 70
58 68
59 67
60 71
61 68
62 70
63 62
64 71
65 74
66 68
67 70
68 67
69 70
70 66
71 69
72 65
73 61
74 76
75 70
76 64
77 73
78 70
79 71
80 67
81 66
82 67
83 64
84 70
85 69
86 65
87 72
88 68
89 65
90 58
91 66
92 63
93 70
94 60
95 70
96 68
97 68
98 74
99 72
100 67
101 67
102 65
103 71
104 73
105 67
106 70
107 60
108 69
109 70
110 71
111 71
112 67
113 65
114 69
115 74
116 69
117 68
118 69
119 64
120 66
121 66
122 76
123 69
124 71
125 65
126 73
127 69
128 69
129 69
130 69
131 66
132 71
133 65
134 67
135 64
136 67
137 69
138 64
139 69
140 67
141 71
142 67
143 71
144 63
145 65
146 71
147 76
148 78
149 64
150 67
151 72
152 70
153 66
154 74
155 67
156 71
157 72
158 71
159 71
160 70
161 70
162 74
163 65
164 78
165 74
166 72
167 66
168 71
169 71
170 66
171 73
172 64
173 64
174 71
175 64
176 65
177 65
178 68
179 71
180 69
181 72
182 77
183 72
184 69
185 72
186 68
187 59
188 65
189 75
190 73
191 73
192 70
193 73
194 68
195 75
196 74
197 72
198 68
199 65
200 68
201 66
202 70
203 72
204 70
205 66
206 69
207 67
208 66
209 67
210 68
211 71
212 64
213 66
214 72
215 70
216 71
217 64
218 65
219 70
220 74
221 69
222 73
223 71
224 70
225 68
226 62
227 71
228 72
229 65
230 67
231 73
232 69
233 73
234 74
235 69
236 66
237 72
238 69
239 69
240 69
241 69
242 69
243 68
244 70
245 57
246 62
247 71
248 75
249 71
250 67
251 72
252 68
253 66
254 71
255 66
256 72
257 70
258 65
259 67
260 68
261 72
262 72
263 72
264 62
265 69
266 69
267 66
268 68
269 59
270 71
271 72
272 74
273 66
274 66
275 65
276 69
277 67
278 71
279 65
280 63
281 68
282 70
283 67
284 73
285 70
286 68
287 64
288 59
289 65
290 71
291 68
292 70
293 66
294 69
295 66
296 69
297 69
298 73
299 63
300 66
301 59
302 67
303 67
304 67
305 63
306 71
307 78
308 67
309 71
310 75
311 69
312 66
313 72
314 72
315 64
316 68
317 70
318 67
319 71
320 69
321 71
322 67
323 70
324 68
325 63
326 66
327 66
328 68
329 66
330 65
331 72
332 69
333 71
334 68
335 68
336 71
337 68
338 68
339 63
340 67
341 70
342 70
343 68
344 71
345 67
346 65
347 69
348 65
349 65
350 68
351 68
352 68
353 72
354 72
355 68
356 71
357 70
358 71
359 69
360 68
361 71
362 71
363 66
364 71
365 66
366 70
367 66
368 68
369 66
370 62
371 68
372 68
373 67
374 70
375 67
376 69
377 69
378 68
379 73
380 71
381 61
382 65
383 67
384 66
385 70
386 71
387 65
388 68
389 71
390 70
391 68
392 70
393 71
394 75
395 66
396 63
397 68
398 67
399 69
400 71
401 74
402 68
403 69
404 71
405 67
406 73
407 65
408 73
409 73
410 70
411 72
412 64
413 63
414 68
415 67
416 70
417 69
418 75
419 72
420 70
421 71
422 75
423 71
424 68
425 72
426 65
427 68
428 68
429 71
430 66
431 71
432 71
433 73
434 70
435 72
436 70
437 69
438 70
439 68
440 70
441 69
442 68
443 70
444 71
445 62
446 67
447 60
448 69
449 68
450 65
451 72
452 67
453 74
454 68
455 74
456 65
457 75
458 70
459 71
460 69
461 68
462 68
463 74
464 71
465 71
466 65
467 65
468 72
469 65
470 70
471 70
472 73
473 64
474 67
475 69
476 73
477 68
478 70
479 63
480 71
481 69
482 66
483 65
484 64
485 67
486 64
487 71
488 68
489 65
490 59
491 66
492 68
493 70
494 63
495 74
496 67
497 68
498 65
499 71
500 70
501 71
502 72
503 69
504 64
505 63
506 68
507 65
508 67
509 70
510 70
511 66
512 69
513 71
514 68
515 68
516 72
517 68
518 62
519 65
520 64
521 72
522 68
523 68
524 67
525 64
526 73
527 74
528 74
529 66
530 65
531 69
532 69
533 69
534 68
535 62
536 67
537 71
538 66
539 63
540 74
541 69
542 69
543 68
544 67
545 66
546 75
547 74
548 71
549 61
550 68
551 68
552 66
553 60
554 68
555 67
556 75
557 70
558 69
559 70
560 75
561 72
562 67
563 71
564 67
565 64
566 71
567 75
568 74
569 67
570 67
571 72
572 75
573 67
574 64
575 71
576 71
577 71
578 70
579 70
580 72
581 70
582 74
583 71
584 65
585 67
586 68
587 61
588 65
589 67
590 74
591 67
592 70
593 71
594 65
595 69
596 76
597 70
598 67
599 70
600 72
601 65
602 71
603 72
604 63
605 66
606 62
607 77
608 64
609 73
610 66
611 69
612 70
613 71
614 72
615 67
616 68
617 67
618 65
619 71
620 74
621 73
622 67
623 69
624 70
625 68
626 73
627 66
628 73
629 79
630 66
631 67
632 68
633 73
634 63
635 74
636 75
637 71
638 62
639 71
640 63
641 71
642 72
643 69
644 72
645 61
646 71
647 68
648 61
649 66
650 66
651 69
652 64
653 77
654 66
655 63
656 63
657 71
658 64
659 70
660 68
661 70
662 70
663 69
664 69
665 71
666 65
667 72
668 70
669 70
670 68
671 71
672 72
673 64
674 70
675 75
676 69
677 69
678 69
679 68
680 70
681 66
682 75
683 61
684 68
685 72
686 63
687 68
688 67
689 70
690 67
691 62
692 68
693 67
694 66
695 70
696 59
697 66
698 70
699 67
700 71
701 72
702 73
703 70
704 75
705 71
706 71
707 69
708 74
709 71
710 76
711 69
712 68
713 62
714 70
715 71
716 65
717 58
718 67
719 70
720 71
721 69
722 69
723 66
724 64
725 68
726 68
727 63
728 67
729 67
730 70
731 72
732 72
733 72
734 76
735 62
736 71
737 66
738 71
739 65
740 70
741 70
742 67
743 67
744 68
745 66
746 69
747 69
748 67
749 76
750 65
751 64
752 69
753 62
754 69
755 71
756 70
757 70
758 76
759 72
760 73
761 70
762 74
763 73
764 68
765 70
766 63
767 67
768 60
769 66
770 66
771 67
772 70
773 71
774 71
775 68
776 69
777 71
778 72
779 70
780 73
781 68
782 70
783 64
784 69
785 74
786 72
787 70
788 66
789 72
790 73
791 72
792 63
793 72
794 68
795 63
796 70
797 70
798 71
799 75
800 68
801 70
802 67
803 63
804 61
805 63
806 68
807 67
808 66
809 66
810 70
811 71
812 66
813 66
814 66
815 70
816 62
817 62
818 67
819 67
820 67
821 72
822 67
823 68
824 65
825 75
826 69
827 66
828 71
829 66
830 66
831 65
832 69
833 71
834 61
835 69
836 65
837 69
838 69
839 70
840 67
841 72
842 68
843 64
844 74
845 67
846 69
847 71
848 66
849 75
850 76
851 68
852 69
853 61
854 71
855 69
856 72
857 69
858 70
859 69
860 64
861 68
862 65
863 68
864 66
865 71
866 66
867 61
868 70
869 64
870 64
871 68
872 69
873 68
874 69
875 69
876 68
877 71
878 62
879 67
880 70
881 72
882 62
883 63
884 71
885 71
886 66
887 68
888 63
889 69
890 71
891 63
892 65
893 70
894 62
895 69
896 75
897 69
898 66
899 73
900 67
901 65
902 73
903 71
904 72
905 68
906 69
907 72
908 67
909 67
910 66
911 64
912 66
913 65
914 64
915 73
916 67
917 75
918 69
919 64
920 67
921 73
922 70
923 70
924 64
925 70
926 67
927 63
928 69
929 74
930 74
931 69
932 71
933 69
934 71
935 69
936 69
937 67
938 70
939 68
940 69
941 68
942 72
943 70
944 70
945 72
946 65
947 67
948 71
949 73
950 68
951 70
952 67
953 76
954 70
955 72
956 64
957 70
958 71
959 69
960 71
961 70
962 71
963 71
964 68
965 72
966 67
967 63
968 68
969 65
970 66
971 64
972 75
973 66
974 67
975 68
976 64
977 74
978 72
979 65
980 65
981 70
982 67
983 65
984 64
985 71
986 68
987 65
988 63
989 70
990 69
991 72
992 67
993 75
994 73
995 69
996 72
997 76
998 68
999 66
1000 69
