0 5
1 3
2 2
3 3
4 3
5 3
6 2
7 2
8 2
9 1
10 2
11 2
12 2
13 2
14 3
15 2
16 3
17 2
18 2
19 3
20 3
21 3
22 1
23 2
24 2
25 2
26 2
27 2
28 2
29 2
30 2
31 3
32 2
33 2
34 3
35 2
36 2
37 2
38 1
39 1
40 1
41 1
42 3
43 1
44 1
45 2
46 3
47 2
48 1
49 2
50 0
51 2
52 2
53 2
54 2
55 2
56 3
57 2
58 2
59 1
60 1
61 1
62 1
63 2
64 2
65 1
66 1
67 1
68 2
69 2
70 2
71 2
72 2
73 2
74 1
75 2
76 0
77 1
78 1
79 2
80 1
81 2
82 2
83 0
84 1
85 2
86 2
87 1
88 2
89 2
90 2
91 2
92 2
93 1
94 1
95 2
96 2
97 3
98 2
99 2
100 1
101 1
102 2
103 2
104 2
105 2
106 2
107 2
108 3
109 1
110 1
111 2
112 2
113 2
114 2
115 2
116 3
117 2
118 2
119 3
120 2
121 2
122 3
123 3
124 2
125 1
126 2
127 2
128 2
129 1
130 2
131 2
132 3
133 2
134 2
135 2
136 2
137 1
138 2
139 2
140 2
141 2
142 1
143 2
144 3
145 3
146 2
147 2
148 1
149 2
150 3
151 2
152 2
153 2
154 3
155 2
156 2
157 2
158 2
159 1
160 1
161 2
162 2
163 3
164 2
165 2
166 2
167 1
168 1
169 1
170 3
171 3
172 2
173 3
174 3
175 2
176 2
177 2
178 1
179 1
180 1
181 1
182 3
183 2
184 1
185 2
186 2
187 1
188 3
189 2
190 3
191 3
192 2
193 2
194 2
195 2
196 2
197 0
198 2
199 1
200 2
201 3
202 2
203 1
204 1
205 2
206 2
207 2
208 1
209 2
210 2
211 1
212 1
213 1
214 2
215 3
216 1
217 2
218 2
219 2
220 2
221 3
222 3
223 2
224 2
225 2
226 2
227 2
228 2
229 1
230 1
231 1
232 2
233 0
234 2
235 2
236 2
237 1
238 2
239 3
240 1
241 2
242 2
243 2
244 2
245 2
246 1
247 3
248 1
249 2
250 2
251 2
252 2
253 2
254 2
255 1
256 0
257 0
258 3
259 2
260 3
261 2
262 3
263 3
264 1
265 3
266 2
267 2
268 3
269 3
270 1
271 2
272 2
273 2
274 2
275 1
276 1
277 1
278 2
279 3
280 2
281 1
282 2
283 2
284 1
285 1
286 2
287 2
288 3
289 1
290 1
291 2
292 3
293 3
294 2
295 2
296 2
297 2
298 2
299 1
300 1
301 2
302 2
303 2
304 1
305 1
306 1
307 2
308 2
309 3
310 2
311 1
312 2
313 2
314 2
315 1
316 1
317 2
318 2
319 2
320 1
321 2
322 2
323 3
324 3
325 2
326 2
327 1
328 2
329 1
330 1
331 2
332 2
333 2
334 2
335 1
336 1
337 2
338 3
339 3
340 3
341 2
342 1
343 2
344 2
345 2
346 1
347 1
348 1
349 1
350 2
351 2
352 3
353 3
354 3
355 2
356 1
357 1
358 1
359 2
360 1
361 2
362 3
363 2
364 2
365 2
366 3
367 2
368 3
369 3
370 2
371 2
372 1
373 0
374 2
375 2
376 2
377 1
378 2
379 2
380 2
381 2
382 1
383 2
384 2
385 2
386 2
387 2
388 2
389 2
390 2
391 2
392 3
393 2
394 3
395 2
396 2
397 1
398 1
399 2
400 2
401 3
402 3
403 2
404 2
405 2
406 2
407 3
408 2
409 2
410 2
411 0
412 1
413 1
414 2
415 1
416 1
417 1
418 2
419 2
420 2
421 2
422 1
423 2
424 0
425 0
426 1
427 1
428 2
429 2
430 2
431 3
432 2
433 2
434 3
435 3
436 3
437 3
438 1
439 2
440 2
441 2
442 2
443 1
444 2
445 1
446 2
447 1
448 2
449 0
450 0
451 1
452 1
453 1
454 1
455 1
456 2
457 1
458 1
459 2
460 2
461 1
462 2
463 2
464 3
465 1
466 1
467 2
468 1
469 2
470 1
471 2
472 2
473 2
474 1
475 2
476 1
477 2
478 2
479 2
480 2
481 1
482 3
483 1
484 3
485 3
486 2
487 3
488 3
489 2
490 3
491 2
492 3
493 3
494 3
495 1
496 2
497 1
498 2
499 2
500 2
501 2
502 3
503 2
504 3
505 3
506 3
507 4
508 2
509 2
510 2
511 2
512 1
513 2
514 2
515 1
516 0
517 2
518 2
519 1
520 1
521 2
522 2
523 2
524 2
525 2
526 1
527 1
528 1
529 1
530 1
531 2
532 2
533 2
534 1
535 1
536 1
537 1
538 1
539 2
540 3
541 3
542 2
543 1
544 2
545 2
546 2
547 2
548 2
549 2
550 2
551 2
552 2
553 2
554 2
555 2
556 3
557 2
558 2
559 2
560 2
561 2
562 2
563 2
564 1
565 2
566 2
567 2
568 2
569 2
570 2
571 2
572 1
573 2
574 2
575 2
576 3
577 3
578 1
579 2
580 1
581 1
582 1
583 2
584 1
585 2
586 0
587 2
588 3
589 2
590 3
591 2
592 2
593 3
594 2
595 1
596 2
597 3
598 1
599 2
600 1
601 1
602 2
603 2
604 2
605 1
606 2
607 2
608 2
609 2
610 1
611 1
612 1
613 2
614 2
615 2
616 2
617 3
618 1
619 2
620 2
621 2
622 2
623 2
624 2
625 3
626 3
627 2
628 2
629 1
630 1
631 2
632 2
633 3
634 3
635 3
636 3
637 2
638 2
639 1
640 2
641 1
642 0
643 1
644 1
645 2
646 1
647 1
648 1
649 2
650 2
651 2
652 2
653 2
654 2
655 1
656 2
657 0
658 1
659 2
660 2
661 3
662 2
663 1
664 1
665 1
666 2
667 2
668 2
669 2
670 2
671 2
672 2
673 2
674 2
675 1
676 2
677 3
678 1
679 2
680 3
681 2
682 3
683 3
684 3
685 3
686 2
687 2
688 2
689 1
690 1
691 2
692 1
693 1
694 3
695 3
696 3
697 2
698 2
699 2
700 1
701 1
702 1
703 2
704 2
705 4
706 2
707 2
708 3
709 2
710 1
711 1
712 1
713 1
714 1
715 2
716 2
717 0
718 2
719 1
720 2
721 1
722 2
723 3
724 2
725 2
726 2
727 2
728 1
729 2
730 2
731 2
732 3
733 2
734 3
735 2
736 2
737 2
738 2
739 3
740 3
741 3
742 3
743 2
744 2
745 3
746 2
747 2
748 2
749 3
750 2
751 2
752 3
753 2
754 3
755 2
756 2
757 1
758 0
759 0
760 2
761 2
762 2
763 1
764 2
765 1
766 1
767 2
768 1
769 1
770 2
771 2
772 2
773 2
774 3
775 2
776 2
777 2
778 2
779 1
780 3
781 2
782 2
783 2
784 1
785 1
786 1
787 1
788 0
789 2
790 2
791 2
792 2
793 2
794 1
795 1
796 3
797 2
798 1
799 2
800 3
801 2
802 1
803 2
804 2
805 2
806 3
807 3
808 3
809 3
810 2
811 1
812 2
813 3
814 3
815 2
816 3
817 2
818 2
819 2
820 1
821 1
822 2
823 3
824 2
825 2
826 2
827 3
828 2
829 3
830 3
831 1
832 3
833 3
834 2
835 2
836 3
837 2
838 2
839 1
840 2
841 1
842 1
843 2
844 2
845 3
846 2
847 1
848 2
849 1
850 1
851 2
852 1
853 2
854 0
855 2
856 3
857 3
858 1
859 2
860 2
861 2
862 1
863 1
864 2
865 2
866 2
867 2
868 3
869 3
870 2
871 2
872 2
873 1
874 1
875 2
876 2
877 2
878 2
879 3
880 2
881 0
882 2
883 1
884 1
885 0
886 1
887 2
888 2
889 2
890 2
891 1
892 2
893 2
894 2
895 2
896 1
897 2
898 2
899 2
900 2
901 2
902 2
903 2
904 2
905 1
906 2
907 2
908 1
909 2
910 3
911 1
912 2
913 3
914 2
915 2
916 3
917 3
918 3
919 3
920 3
921 2
922 2
923 3
924 2
925 2
926 2
927 3
928 1
929 2
930 2
931 2
932 1
933 1
934 2
935 2
936 3
937 1
938 2
939 2
940 1
941 1
942 1
943 2
944 1
945 1
946 1
947 1
948 2
949 2
950 1
951 2
952 2
953 1
954 1
955 2
956 1
957 3
958 3
959 1
960 1
961 2
962 2
963 1
964 2
965 2
966 3
967 2
968 1
969 2
970 1
971 1
972 2
973 2
974 3
975 2
976 1
977 1
978 1
979 2
980 2
981 2
982 1
983 2
984 2
985 2
986 1
987 2
988 2
989 1
990 2
991 2
992 2
993 2
994 2
995 2
996 3
997 2
998 1
999 1
1000 2
