0 50
1 48
2 47
3 46
4 44
5 42
6 41
7 40
8 39
9 37
10 36
11 35
12 35
13 33
14 33
15 31
16 30
17 28
18 27
19 27
20 27
21 26
22 25
23 25
24 24
25 23
26 23
27 23
28 23
29 24
30 23
31 23
32 23
33 22
34 22
35 22
36 22
37 21
38 21
39 20
40 19
41 18
42 17
43 17
44 17
45 17
46 17
47 18
48 18
49 17
50 17
51 17
52 17
53 16
54 16
55 16
56 16
57 16
58 16
59 16
60 16
61 16
62 16
63 16
64 16
65 16
66 16
67 16
68 15
69 15
70 16
71 16
72 15
73 15
74 15
75 15
76 14
77 14
78 14
79 14
80 13
81 13
82 13
83 13
84 13
85 13
86 14
87 13
88 13
89 13
90 13
91 13
92 13
93 13
94 13
95 13
96 13
97 13
98 13
99 13
100 13
101 13
102 13
103 13
104 12
105 12
106 11
107 11
108 10
109 11
110 11
111 11
112 11
113 10
114 10
115 10
116 10
117 11
118 10
119 10
120 11
121 11
122 12
123 11
124 12
125 12
126 12
127 12
128 12
129 12
130 12
131 12
132 12
133 11
134 12
135 12
136 12
137 12
138 11
139 11
140 10
141 10
142 10
143 10
144 9
145 9
146 10
147 10
148 10
149 9
150 9
151 9
152 9
153 9
154 9
155 9
156 8
157 8
158 8
159 8
160 9
161 9
162 9
163 9
164 9
165 9
166 9
167 9
168 9
169 9
170 9
171 9
172 9
173 9
174 9
175 9
176 9
177 9
178 9
179 9
180 9
181 10
182 10
183 10
184 10
185 11
186 11
187 11
188 11
189 10
190 10
191 9
192 9
193 9
194 9
195 9
196 9
197 9
198 8
199 9
200 9
201 9
202 9
203 9
204 9
205 9
206 8
207 9
208 8
209 8
210 9
211 9
212 10
213 10
214 9
215 9
216 8
217 8
218 8
219 7
220 7
221 7
222 7
223 7
224 7
225 7
226 7
227 7
228 7
229 8
230 8
231 8
232 8
233 8
234 7
235 7
236 8
237 8
238 8
239 8
240 8
241 8
242 8
243 7
244 7
245 7
246 7
247 8
248 8
249 9
250 9
251 9
252 9
253 8
254 9
255 10
256 10
257 9
258 9
259 9
260 9
261 9
262 9
263 9
264 9
265 9
266 9
267 9
268 9
269 9
270 8
271 7
272 7
273 8
274 8
275 8
276 8
277 8
278 7
279 8
280 8
281 8
282 8
283 9
284 9
285 9
286 8
287 8
288 9
289 9
290 9
291 9
292 8
293 9
294 8
295 8
296 8
297 9
298 9
299 9
300 10
301 10
302 10
303 10
304 9
305 9
306 9
307 9
308 8
309 8
310 9
311 9
312 9
313 9
314 9
315 9
316 9
317 9
318 9
319 8
320 8
321 8
322 8
323 8
324 8
325 7
326 7
327 7
328 7
329 7
330 7
331 7
332 7
333 7
334 7
335 7
336 7
337 7
338 7
339 7
340 7
341 7
342 8
343 8
344 8
345 8
346 8
347 8
348 8
349 8
350 8
351 8
352 8
353 7
354 7
355 7
356 6
357 6
358 6
359 7
360 7
361 7
362 7
363 7
364 7
365 7
366 7
367 7
368 8
369 8
370 9
371 9
372 9
373 10
374 9
375 9
376 8
377 7
378 7
379 7
380 7
381 7
382 7
383 8
384 8
385 8
386 8
387 8
388 8
389 9
390 9
391 10
392 11
393 11
394 10
395 10
396 10
397 10
398 10
399 10
400 10
401 11
402 12
403 12
404 12
405 12
406 11
407 11
408 11
409 12
410 13
411 13
412 11
413 11
414 11
415 11
416 11
417 11
418 11
419 11
420 10
421 10
422 9
423 8
424 7
425 7
426 6
427 6
428 6
429 7
430 7
431 7
432 7
433 7
434 7
435 7
436 7
437 8
438 8
439 9
440 9
441 9
442 9
443 9
444 9
445 9
446 10
447 10
448 9
449 8
450 8
451 9
452 9
453 9
454 8
455 8
456 8
457 7
458 7
459 7
460 7
461 7
462 7
463 7
464 8
465 7
466 7
467 7
468 7
469 7
470 7
471 7
472 6
473 6
474 6
475 6
476 6
477 6
478 6
479 5
480 5
481 6
482 5
483 5
484 5
485 5
486 5
487 7
488 7
489 7
490 7
491 7
492 7
493 7
494 7
495 8
496 8
497 8
498 7
499 8
500 8
501 8
502 8
503 8
504 8
505 8
506 7
507 7
508 6
509 6
510 6
511 6
512 7
513 7
514 7
515 7
516 7
517 7
518 8
519 8
520 8
521 7
522 7
523 7
524 6
525 6
526 6
527 5
528 5
529 5
530 5
531 5
532 5
533 5
534 5
535 5
536 5
537 6
538 7
539 7
540 7
541 7
542 7
543 6
544 6
545 7
546 7
547 6
548 6
549 6
550 6
551 5
552 5
553 5
554 5
555 5
556 5
557 5
558 5
559 5
560 4
561 5
562 5
563 5
564 5
565 5
566 4
567 4
568 5
569 5
570 6
571 6
572 6
573 6
574 6
575 6
576 6
577 7
578 7
579 7
580 7
581 7
582 7
583 7
584 7
585 7
586 7
587 7
588 7
589 7
590 8
591 8
592 7
593 7
594 7
595 7
596 7
597 7
598 6
599 6
600 6
601 6
602 7
603 6
604 5
605 5
606 5
607 5
608 5
609 5
610 5
611 4
612 5
613 5
614 4
615 4
616 5
617 5
618 5
619 5
620 5
621 5
622 5
623 5
624 6
625 6
626 6
627 6
628 6
629 6
630 6
631 6
632 6
633 6
634 6
635 6
636 6
637 6
638 6
639 6
640 6
641 6
642 6
643 6
644 7
645 7
646 7
647 6
648 6
649 6
650 6
651 7
652 7
653 7
654 7
655 7
656 7
657 6
658 6
659 6
660 6
661 6
662 6
663 5
664 5
665 5
666 5
667 5
668 5
669 5
670 5
671 6
672 7
673 7
674 7
675 6
676 7
677 6
678 5
679 5
680 5
681 5
682 5
683 5
684 5
685 5
686 5
687 5
688 4
689 5
690 6
691 6
692 5
693 5
694 6
695 6
696 7
697 6
698 6
699 7
700 6
701 7
702 7
703 7
704 7
705 7
706 7
707 7
708 7
709 7
710 7
711 7
712 7
713 7
714 6
715 6
716 6
717 6
718 7
719 8
720 8
721 9
722 9
723 8
724 7
725 7
726 7
727 8
728 8
729 8
730 8
731 8
732 8
733 6
734 6
735 6
736 6
737 6
738 6
739 6
740 6
741 6
742 6
743 7
744 7
745 7
746 7
747 7
748 6
749 6
750 6
751 6
752 6
753 6
754 6
755 6
756 5
757 5
758 6
759 7
760 7
761 7
762 7
763 7
764 7
765 7
766 7
767 6
768 6
769 5
770 6
771 6
772 7
773 6
774 6
775 6
776 6
777 6
778 6
779 6
780 6
781 6
782 6
783 6
784 5
785 6
786 5
787 4
788 4
789 4
790 4
791 4
792 4
793 4
794 4
795 4
796 5
797 4
798 4
799 4
800 5
801 5
802 5
803 5
804 5
805 6
806 6
807 6
808 6
809 5
810 5
811 6
812 6
813 6
814 6
815 6
816 6
817 6
818 5
819 5
820 5
821 5
822 5
823 5
824 5
825 5
826 5
827 5
828 6
829 6
830 5
831 5
832 5
833 5
834 6
835 6
836 6
837 5
838 6
839 6
840 5
841 5
842 5
843 5
844 5
845 5
846 5
847 5
848 5
849 4
850 4
851 4
852 5
853 6
854 6
855 5
856 5
857 4
858 4
859 4
860 6
861 6
862 6
863 6
864 6
865 7
866 7
867 7
868 7
869 7
870 7
871 6
872 6
873 7
874 7
875 7
876 8
877 9
878 8
879 8
880 8
881 8
882 9
883 9
884 9
885 9
886 8
887 8
888 8
889 8
890 8
891 8
892 8
893 8
894 8
895 7
896 5
897 5
898 5
899 5
900 5
901 5
902 5
903 5
904 5
905 5
906 5
907 5
908 5
909 5
910 5
911 6
912 6
913 6
914 6
915 6
916 6
917 6
918 6
919 6
920 7
921 7
922 7
923 7
924 7
925 7
926 7
927 7
928 6
929 7
930 8
931 8
932 8
933 8
934 7
935 7
936 7
937 7
938 7
939 7
940 7
941 7
942 7
943 7
944 7
945 7
946 7
947 7
948 7
949 7
950 7
951 8
952 8
953 8
954 9
955 9
956 9
957 10
958 11
959 11
960 10
961 10
962 10
963 12
964 12
965 12
966 12
967 12
968 11
969 10
970 10
971 10
972 10
973 10
974 10
975 10
976 10
977 10
978 9
979 9
980 9
981 9
982 9
983 9
984 8
985 8
986 8
987 8
988 8
989 7
990 7
991 7
992 7
993 8
994 8
995 8
996 8
997 8
998 7
999 6
1000 5
