0 100
1 71
2 71
3 68
4 63
5 72
6 71
7 74
8 73
9 71
10 71
11 74
12 74
13 67
14 64
15 76
16 65
17 69
18 69
19 68
20 70
21 80
22 68
23 70
24 75
25 74
26 70
27 73
28 70
29 70
30 70
31 69
32 75
33 69
34 72
35 73
36 74
37 68
38 79
39 71
40 71
41 73
42 64
43 70
44 68
45 71
46 66
47 65
48 74
49 76
50 71
51 72
52 63
53 66
54 68
55 68
56 73
57 72
58 73
59 73
60 68
61 73
62 80
63 70
64 68
65 77
66 66
67 69
68 74
69 67
70 72
71 71
72 71
73 67
74 74
75 69
76 67
77 71
78 65
79 70
80 68
81 71
82 73
83 72
84 70
85 68
86 72
87 71
88 69
89 71
90 69
91 70
92 72
93 72
94 74
95 65
96 70
97 70
98 72
99 73
100 66
101 66
102 68
103 75
104 69
105 73
106 69
107 72
108 70
109 75
110 70
111 75
112 70
113 72
114 67
115 73
116 76
117 66
118 73
119 73
120 69
121 69
122 68
123 63
124 74
125 71
126 67
127 69
128 73
129 71
130 76
131 71
132 73
133 75
134 73
135 70
136 72
137 71
138 75
139 71
140 70
141 77
142 66
143 72
144 71
145 71
146 76
147 72
148 67
149 72
150 67
151 67
152 71
153 75
154 71
155 67
156 74
157 69
158 68
159 69
160 67
161 60
162 72
163 67
164 75
165 71
166 74
167 68
168 72
169 67
170 65
171 70
172 69
173 72
174 67
175 65
176 70
177 74
178 69
179 69
180 71
181 70
182 75
183 69
184 69
185 67
186 70
187 75
188 68
189 74
190 70
191 75
192 75
193 69
194 70
195 72
196 67
197 69
198 73
199 73
200 68
201 76
202 67
203 75
204 74
205 71
206 65
207 66
208 72
209 71
210 72
211 70
212 71
213 68
214 68
215 71
216 71
217 67
218 73
219 73
220 70
221 75
222 72
223 76
224 70
225 69
226 69
227 70
228 75
229 69
230 68
231 75
232 73
233 67
234 69
235 73
236 74
237 66
238 71
239 71
240 69
241 71
242 71
243 65
244 74
245 71
246 75
247 70
248 73
249 69
250 73
251 73
252 68
253 71
254 70
255 71
256 71
257 69
258 74
259 67
260 69
261 67
262 71
263 72
264 67
265 73
266 71
267 71
268 72
269 69
270 70
271 69
272 74
273 75
274 75
275 69
276 75
277 77
278 76
279 75
280 62
281 68
282 70
283 67
284 68
285 73
286 72
287 71
288 69
289 73
290 69
291 74
292 69
293 72
294 71
295 76
296 76
297 70
298 70
299 70
300 72
301 70
302 76
303 72
304 72
305 68
306 69
307 75
308 74
309 72
310 74
311 69
312 70
313 73
314 69
315 72
316 74
317 67
318 70
319 68
320 68
321 68
322 68
323 72
324 69
325 73
326 71
327 72
328 72
329 70
330 70
331 69
332 78
333 71
334 69
335 66
336 74
337 71
338 76
339 70
340 75
341 74
342 69
343 73
344 72
345 73
346 68
347 74
348 68
349 65
350 72
351 71
352 72
353 69
354 67
355 71
356 72
357 71
358 71
359 73
360 67
361 68
362 76
363 77
364 70
365 72
366 75
367 72
368 68
369 71
370 68
371 75
372 76
373 71
374 70
375 67
376 71
377 78
378 70
379 71
380 70
381 72
382 71
383 71
384 67
385 73
386 75
387 71
388 67
389 68
390 70
391 67
392 76
393 71
394 74
395 67
396 67
397 71
398 69
399 69
400 70
401 69
402 70
403 68
404 71
405 67
406 66
407 65
408 69
409 70
410 70
411 69
412 59
413 70
414 71
415 73
416 70
417 71
418 75
419 68
420 66
421 71
422 62
423 75
424 69
425 73
426 76
427 70
428 64
429 71
430 74
431 73
432 67
433 72
434 72
435 73
436 75
437 73
438 72
439 71
440 70
441 71
442 69
443 76
444 70
445 67
446 67
447 74
448 74
449 74
450 72
451 68
452 69
453 71
454 71
455 74
456 71
457 68
458 68
459 72
460 74
461 73
462 73
463 70
464 73
465 75
466 69
467 64
468 73
469 65
470 75
471 73
472 71
473 70
474 66
475 72
476 75
477 71
478 71
479 70
480 74
481 71
482 71
483 70
484 69
485 65
486 70
487 68
488 72
489 75
490 72
491 67
492 71
493 70
494 71
495 66
496 69
497 62
498 70
499 68
500 70
501 70
502 78
503 69
504 73
505 70
506 71
507 72
508 72
509 73
510 70
511 69
512 70
513 71
514 65
515 68
516 71
517 70
518 72
519 71
520 74
521 69
522 67
523 70
524 72
525 69
526 74
527 70
528 72
529 64
530 71
531 69
532 70
533 70
534 74
535 68
536 69
537 67
538 69
539 72
540 72
541 72
542 68
543 71
544 75
545 73
546 70
547 73
548 68
549 70
550 74
551 68
552 70
553 71
554 70
555 71
556 73
557 70
558 66
559 68
560 71
561 72
562 74
563 62
564 74
565 71
566 72
567 73
568 69
569 77
570 72
571 73
572 71
573 72
574 66
575 71
576 68
577 71
578 71
579 70
580 75
581 74
582 71
583 76
584 67
585 72
586 68
587 73
588 69
589 70
590 70
591 72
592 70
593 69
594 70
595 71
596 72
597 63
598 73
599 67
600 72
601 75
602 70
603 70
604 71
605 68
606 68
607 75
608 69
609 69
610 71
611 66
612 73
613 74
614 70
615 70
616 68
617 69
618 68
619 68
620 73
621 65
622 69
623 73
624 65
625 72
626 72
627 74
628 70
629 69
630 72
631 75
632 71
633 71
634 74
635 77
636 72
637 66
638 73
639 71
640 75
641 68
642 71
643 75
644 73
645 70
646 69
647 69
648 69
649 68
650 71
651 72
652 67
653 69
654 70
655 71
656 69
657 70
658 68
659 70
660 74
661 74
662 64
663 74
664 66
665 73
666 69
667 71
668 73
669 69
670 72
671 73
672 75
673 71
674 72
675 68
676 66
677 63
678 71
679 68
680 75
681 73
682 68
683 66
684 70
685 66
686 75
687 68
688 73
689 76
690 69
691 70
692 74
693 72
694 71
695 76
696 74
697 71
698 75
699 70
700 73
701 69
702 72
703 65
704 72
705 72
706 71
707 71
708 71
709 71
710 67
711 72
712 70
713 71
714 74
715 65
716 74
717 70
718 75
719 72
720 67
721 65
722 67
723 69
724 71
725 67
726 71
727 74
728 69
729 63
730 70
731 70
732 71
733 68
734 66
735 72
736 71
737 71
738 69
739 70
740 72
741 69
742 75
743 68
744 74
745 72
746 68
747 75
748 70
749 65
750 73
751 72
752 67
753 69
754 68
755 64
756 70
757 72
758 71
759 74
760 70
761 77
762 71
763 71
764 75
765 74
766 76
767 66
768 75
769 67
770 73
771 71
772 69
773 68
774 71
775 70
776 68
777 72
778 73
779 70
780 72
781 71
782 64
783 70
784 72
785 76
786 70
787 77
788 72
789 69
790 72
791 64
792 67
793 70
794 68
795 69
796 74
797 68
798 74
799 66
800 74
801 68
802 70
803 67
804 68
805 70
806 71
807 76
808 74
809 69
810 76
811 71
812 77
813 67
814 73
815 71
816 64
817 69
818 73
819 73
820 69
821 73
822 74
823 66
824 72
825 74
826 72
827 69
828 65
829 74
830 72
831 71
832 71
833 71
834 68
835 74
836 71
837 78
838 73
839 67
840 69
841 67
842 72
843 64
844 75
845 76
846 67
847 71
848 64
849 69
850 74
851 70
852 69
853 70
854 68
855 69
856 67
857 73
858 75
859 67
860 69
861 73
862 66
863 71
864 71
865 68
866 70
867 72
868 70
869 73
870 65
871 69
872 70
873 67
874 74
875 69
876 74
877 71
878 73
879 73
880 72
881 71
882 72
883 74
884 68
885 70
886 73
887 67
888 73
889 71
890 70
891 74
892 68
893 75
894 75
895 72
896 70
897 64
898 74
899 77
900 76
901 71
902 71
903 76
904 71
905 74
906 74
907 69
908 72
909 68
910 69
911 73
912 70
913 67
914 70
915 70
916 69
917 70
918 73
919 73
920 72
921 67
922 76
923 77
924 69
925 76
926 76
927 73
928 69
929 69
930 74
931 69
932 69
933 72
934 68
935 70
936 71
937 69
938 73
939 74
940 68
941 73
942 74
943 76
944 71
945 72
946 65
947 70
948 70
949 69
950 71
951 73
952 71
953 65
954 63
955 67
956 66
957 65
958 68
959 69
960 68
961 68
962 70
963 64
964 69
965 74
966 72
967 76
968 69
969 72
970 68
971 70
972 64
973 69
974 71
975 68
976 72
977 74
978 77
979 69
980 69
981 66
982 72
983 67
984 73
985 72
986 74
987 65
988 75
989 69
990 64
991 71
992 68
993 63
994 70
995 68
996 70
997 69
998 71
999 64
1000 72
