0 75
1 65
2 57
3 55
4 53
5 46
6 48
7 48
8 50
9 47
10 46
11 46
12 49
13 48
14 50
15 48
16 48
17 48
18 49
19 49
20 51
21 48
22 47
23 46
24 43
25 42
26 45
27 44
28 46
29 42
30 45
31 44
32 43
33 41
34 42
35 38
36 41
37 40
38 43
39 44
40 44
41 46
42 50
43 53
44 53
45 54
46 51
47 47
48 46
49 43
50 45
51 44
52 43
53 43
54 43
55 39
56 40
57 41
58 46
59 45
60 47
61 45
62 46
63 44
64 46
65 48
66 52
67 51
68 49
69 49
70 46
71 43
72 42
73 41
74 44
75 45
76 43
77 43
78 40
79 41
80 47
81 47
82 46
83 44
84 47
85 47
86 43
87 42
88 41
89 40
90 39
91 43
92 43
93 44
94 47
95 44
96 43
97 37
98 38
99 40
100 38
101 40
102 40
103 41
104 43
105 43
106 41
107 38
108 42
109 41
110 42
111 43
112 43
113 41
114 40
115 42
116 42
117 44
118 44
119 44
120 46
121 44
122 46
123 46
124 48
125 50
126 49
127 49
128 48
129 47
130 46
131 47
132 46
133 46
134 45
135 47
136 46
137 47
138 50
139 46
140 44
141 46
142 47
143 45
144 45
145 44
146 43
147 45
148 46
149 47
150 49
151 50
152 51
153 48
154 43
155 45
156 49
157 47
158 46
159 47
160 47
161 45
162 45
163 43
164 42
165 43
166 42
167 46
168 47
169 47
170 46
171 44
172 47
173 46
174 45
175 44
176 41
177 42
178 43
179 43
180 46
181 44
182 43
183 43
184 44
185 47
186 44
187 44
188 48
189 49
190 46
191 45
192 45
193 46
194 43
195 41
196 40
197 43
198 46
199 46
200 45
201 43
202 42
203 46
204 46
205 46
206 44
207 45
208 45
209 44
210 44
211 42
212 44
213 44
214 45
215 44
216 38
217 40
218 42
219 43
220 43
221 43
222 46
223 45
224 43
225 41
226 41
227 44
228 44
229 43
230 45
231 46
232 49
233 51
234 52
235 54
236 53
237 48
238 49
239 46
240 47
241 49
242 52
243 53
244 51
245 52
246 50
247 49
248 50
249 51
250 51
251 47
252 47
253 49
254 45
255 43
256 42
257 45
258 46
259 46
260 46
261 45
262 45
263 44
264 41
265 43
266 45
267 46
268 46
269 47
270 49
271 47
272 46
273 46
274 46
275 42
276 42
277 46
278 44
279 42
280 44
281 47
282 46
283 43
284 40
285 45
286 44
287 46
288 46
289 46
290 46
291 48
292 47
293 45
294 46
295 46
296 43
297 48
298 50
299 48
300 46
301 46
302 45
303 46
304 47
305 50
306 49
307 47
308 48
309 49
310 49
311 47
312 48
313 49
314 47
315 41
316 42
317 42
318 42
319 42
320 44
321 42
322 48
323 48
324 46
325 46
326 42
327 42
328 41
329 42
330 43
331 40
332 40
333 45
334 47
335 44
336 45
337 42
338 46
339 47
340 46
341 47
342 49
343 49
344 48
345 48
346 47
347 48
348 47
349 47
350 48
351 49
352 49
353 48
354 51
355 49
356 47
357 47
358 48
359 50
360 49
361 49
362 48
363 49
364 46
365 48
366 44
367 48
368 47
369 50
370 47
371 47
372 46
373 42
374 44
375 44
376 46
377 44
378 43
379 46
380 40
381 41
382 42
383 43
384 45
385 48
386 43
387 46
388 45
389 45
390 46
391 49
392 49
393 49
394 43
395 43
396 43
397 41
398 38
399 39
400 38
401 37
402 38
403 37
404 41
405 45
406 42
407 41
408 42
409 43
410 44
411 46
412 50
413 45
414 50
415 47
416 45
417 43
418 42
419 44
420 43
421 44
422 40
423 40
424 46
425 48
426 48
427 48
428 45
429 45
430 46
431 46
432 48
433 46
434 45
435 46
436 44
437 42
438 43
439 40
440 40
441 41
442 42
443 42
444 44
445 42
446 44
447 45
448 44
449 43
450 46
451 46
452 43
453 45
454 42
455 44
456 43
457 43
458 44
459 44
460 42
461 42
462 42
463 45
464 46
465 47
466 46
467 44
468 42
469 41
470 43
471 45
472 50
473 49
474 45
475 46
476 49
477 48
478 48
479 49
480 46
481 46
482 43
483 45
484 48
485 49
486 48
487 49
488 46
489 47
490 44
491 44
492 41
493 40
494 42
495 44
496 47
497 50
498 45
499 43
500 45
501 45
502 42
503 43
504 41
505 42
506 42
507 45
508 46
509 45
510 46
511 44
512 43
513 46
514 45
515 47
516 46
517 45
518 45
519 46
520 48
521 52
522 51
523 51
524 48
525 48
526 44
527 49
528 52
529 52
530 51
531 52
532 54
533 52
534 50
535 50
536 47
537 46
538 45
539 46
540 48
541 47
542 46
543 50
544 47
545 49
546 49
547 45
548 41
549 42
550 45
551 44
552 47
553 48
554 47
555 49
556 44
557 43
558 47
559 46
560 46
561 45
562 47
563 44
564 44
565 46
566 48
567 47
568 48
569 45
570 46
571 46
572 45
573 41
574 42
575 43
576 44
577 42
578 44
579 44
580 43
581 45
582 48
583 48
584 47
585 48
586 51
587 50
588 51
589 47
590 47
591 47
592 49
593 46
594 46
595 45
596 47
597 49
598 51
599 47
600 47
601 42
602 43
603 45
604 44
605 43
606 43
607 46
608 43
609 47
610 47
611 50
612 48
613 45
614 49
615 46
616 48
617 49
618 48
619 47
620 44
621 45
622 46
623 47
624 46
625 48
626 47
627 42
628 43
629 42
630 42
631 43
632 45
633 42
634 42
635 43
636 42
637 43
638 43
639 43
640 41
641 43
642 45
643 45
644 46
645 47
646 45
647 46
648 43
649 44
650 42
651 46
652 46
653 43
654 42
655 45
656 46
657 45
658 45
659 42
660 39
661 43
662 43
663 44
664 44
665 45
666 43
667 43
668 45
669 44
670 45
671 45
672 46
673 47
674 48
675 47
676 50
677 53
678 49
679 49
680 50
681 48
682 48
683 48
684 47
685 50
686 48
687 46
688 46
689 44
690 43
691 41
692 42
693 43
694 45
695 42
696 42
697 43
698 43
699 44
700 45
701 46
702 47
703 46
704 46
705 45
706 45
707 46
708 47
709 46
710 46
711 47
712 49
713 50
714 50
715 50
716 50
717 51
718 46
719 47
720 44
721 46
722 44
723 43
724 43
725 43
726 40
727 43
728 47
729 44
730 47
731 45
732 44
733 45
734 45
735 43
736 41
737 42
738 43
739 45
740 42
741 45
742 46
743 46
744 43
745 43
746 45
747 40
748 39
749 38
750 37
751 42
752 44
753 43
754 45
755 44
756 41
757 43
758 45
759 42
760 43
761 45
762 46
763 49
764 47
765 46
766 48
767 48
768 49
769 47
770 46
771 48
772 48
773 46
774 47
775 47
776 47
777 47
778 46
779 46
780 47
781 46
782 47
783 47
784 46
785 44
786 44
787 44
788 48
789 47
790 49
791 49
792 48
793 45
794 46
795 49
796 48
797 46
798 44
799 48
800 50
801 51
802 49
803 46
804 46
805 43
806 44
807 44
808 45
809 45
810 46
811 44
812 45
813 49
814 49
815 49
816 47
817 45
818 45
819 47
820 47
821 49
822 44
823 45
824 44
825 44
826 44
827 44
828 42
829 45
830 45
831 44
832 45
833 41
834 39
835 40
836 40
837 44
838 46
839 46
840 46
841 50
842 52
843 52
844 52
845 50
846 46
847 50
848 47
849 48
850 51
851 49
852 48
853 48
854 46
855 50
856 49
857 51
858 49
859 46
860 46
861 47
862 46
863 46
864 46
865 47
866 49
867 49
868 47
869 45
870 49
871 47
872 50
873 50
874 47
875 48
876 50
877 50
878 50
879 49
880 49
881 47
882 44
883 45
884 45
885 43
886 38
887 40
888 43
889 46
890 46
891 47
892 46
893 42
894 42
895 43
896 43
897 45
898 48
899 48
900 46
901 46
902 48
903 50
904 47
905 48
906 47
907 48
908 47
909 45
910 45
911 44
912 43
913 40
914 42
915 43
916 44
917 46
918 44
919 45
920 47
921 48
922 48
923 47
924 48
925 50
926 52
927 48
928 46
929 44
930 45
931 47
932 46
933 46
934 50
935 51
936 51
937 50
938 47
939 39
940 43
941 44
942 44
943 43
944 47
945 46
946 47
947 46
948 43
949 44
950 42
951 43
952 45
953 45
954 44
955 44
956 47
957 47
958 46
959 46
960 44
961 45
962 45
963 46
964 47
965 48
966 47
967 46
968 49
969 47
970 48
971 45
972 45
973 47
974 46
975 46
976 44
977 44
978 45
979 48
980 49
981 45
982 45
983 46
984 44
985 45
986 46
987 48
988 47
989 44
990 45
991 43
992 45
993 47
994 50
995 50
996 43
997 45
998 42
999 44
1000 46
