0 45
1 42
2 35
3 34
4 34
5 31
6 32
7 32
8 29
9 29
10 29
11 30
12 33
13 29
14 31
15 29
16 34
17 31
18 28
19 31
20 31
21 29
22 31
23 33
24 32
25 33
26 31
27 35
28 34
29 33
30 32
31 30
32 30
33 36
34 36
35 32
36 34
37 32
38 29
39 31
40 32
41 32
42 32
43 30
44 30
45 32
46 30
47 28
48 28
49 27
50 28
51 30
52 31
53 33
54 33
55 35
56 35
57 31
58 34
59 29
60 32
61 35
62 34
63 32
64 34
65 29
66 31
67 31
68 32
69 27
70 29
71 32
72 29
73 30
74 30
75 31
76 31
77 32
78 30
79 22
80 24
81 23
82 23
83 28
84 33
85 30
86 28
87 28
88 31
89 31
90 31
91 30
92 32
93 33
94 32
95 34
96 33
97 30
98 30
99 31
100 31
101 28
102 28
103 29
104 27
105 30
106 28
107 31
108 29
109 28
110 28
111 27
112 31
113 30
114 32
115 30
116 32
117 31
118 32
119 31
120 30
121 32
122 35
123 31
124 34
125 33
126 33
127 34
128 34
129 32
130 35
131 32
132 30
133 32
134 29
135 31
136 33
137 31
138 30
139 32
140 36
141 35
142 33
143 32
144 33
145 35
146 35
147 34
148 31
149 30
150 27
151 29
152 32
153 30
154 33
155 35
156 33
157 28
158 32
159 30
160 31
161 30
162 32
163 34
164 36
165 32
166 33
167 30
168 32
169 33
170 33
171 32
172 31
173 29
174 29
175 31
176 35
177 30
178 28
179 32
180 32
181 30
182 31
183 29
184 31
185 30
186 33
187 34
188 34
189 33
190 30
191 30
192 30
193 31
194 32
195 30
196 34
197 34
198 34
199 34
200 36
201 34
202 29
203 29
204 27
205 30
206 30
207 31
208 35
209 30
210 27
211 28
212 28
213 34
214 32
215 31
216 31
217 29
218 32
219 28
220 31
221 31
222 32
223 34
224 31
225 28
226 31
227 31
228 30
229 29
230 33
231 32
232 31
233 31
234 33
235 34
236 34
237 29
238 28
239 30
240 32
241 30
242 31
243 32
244 30
245 35
246 31
247 32
248 32
249 32
250 31
251 31
252 27
253 27
254 32
255 32
256 30
257 29
258 33
259 33
260 33
261 30
262 33
263 32
264 35
265 31
266 31
267 30
268 32
269 33
270 33
271 32
272 31
273 29
274 29
275 30
276 33
277 31
278 33
279 30
280 30
281 32
282 36
283 33
284 29
285 26
286 32
287 32
288 30
289 29
290 36
291 31
292 29
293 27
294 29
295 28
296 25
297 30
298 31
299 27
300 29
301 28
302 29
303 30
304 32
305 34
306 31
307 32
308 32
309 27
310 28
311 30
312 30
313 28
314 30
315 30
316 30
317 30
318 31
319 36
320 32
321 32
322 30
323 31
324 36
325 32
326 32
327 33
328 34
329 30
330 28
331 28
332 26
333 29
334 29
335 27
336 31
337 29
338 31
339 32
340 30
341 30
342 31
343 32
344 30
345 30
346 31
347 30
348 29
349 30
350 31
351 30
352 25
353 28
354 30
355 30
356 32
357 34
358 33
359 34
360 32
361 32
362 32
363 31
364 26
365 28
366 29
367 32
368 30
369 26
370 29
371 29
372 30
373 29
374 32
375 33
376 33
377 31
378 32
379 31
380 29
381 33
382 34
383 34
384 29
385 28
386 30
387 34
388 33
389 29
390 32
391 33
392 34
393 30
394 30
395 32
396 31
397 29
398 32
399 34
400 34
401 29
402 33
403 29
404 27
405 29
406 29
407 30
408 27
409 26
410 28
411 30
412 29
413 30
414 33
415 29
416 31
417 27
418 28
419 32
420 34
421 29
422 32
423 34
424 34
425 34
426 32
427 31
428 32
429 34
430 32
431 34
432 32
433 31
434 31
435 29
436 28
437 33
438 34
439 35
440 31
441 27
442 31
443 31
444 34
445 30
446 31
447 30
448 34
449 32
450 32
451 34
452 31
453 35
454 32
455 32
456 33
457 33
458 31
459 32
460 32
461 31
462 32
463 30
464 31
465 30
466 32
467 33
468 31
469 28
470 31
471 32
472 33
473 32
474 35
475 35
476 30
477 28
478 24
479 28
480 30
481 33
482 30
483 30
484 29
485 32
486 28
487 31
488 32
489 31
490 28
491 29
492 30
493 31
494 29
495 27
496 31
497 33
498 31
499 33
500 36
501 36
502 33
503 32
504 34
505 33
506 31
507 31
508 30
509 26
510 29
511 31
512 32
513 32
514 32
515 30
516 29
517 31
518 29
519 30
520 28
521 25
522 28
523 36
524 32
525 35
526 32
527 34
528 32
529 34
530 35
531 33
532 29
533 32
534 32
535 32
536 31
537 30
538 29
539 28
540 30
541 31
542 35
543 33
544 33
545 33
546 30
547 29
548 30
549 29
550 31
551 32
552 31
553 31
554 30
555 29
556 30
557 29
558 25
559 26
560 28
561 23
562 25
563 29
564 27
565 31
566 27
567 28
568 29
569 31
570 31
571 31
572 29
573 30
574 29
575 34
576 36
577 32
578 28
579 30
580 31
581 33
582 31
583 29
584 31
585 37
586 33
587 32
588 33
589 33
590 35
591 31
592 33
593 30
594 28
595 31
596 28
597 27
598 33
599 35
600 34
601 32
602 27
603 31
604 31
605 33
606 31
607 28
608 31
609 29
610 30
611 25
612 29
613 33
614 33
615 32
616 29
617 27
618 27
619 29
620 24
621 32
622 33
623 31
624 28
625 31
626 34
627 32
628 29
629 27
630 34
631 34
632 34
633 30
634 28
635 30
636 29
637 31
638 30
639 33
640 31
641 33
642 33
643 30
644 26
645 26
646 23
647 28
648 33
649 33
650 25
651 29
652 25
653 26
654 31
655 32
656 31
657 30
658 28
659 28
660 27
661 30
662 33
663 29
664 30
665 32
666 28
667 28
668 28
669 33
670 35
671 32
672 31
673 28
674 29
675 30
676 32
677 33
678 32
679 34
680 33
681 34
682 32
683 25
684 27
685 29
686 30
687 31
688 30
689 27
690 32
691 30
692 27
693 32
694 31
695 37
696 37
697 35
698 31
699 30
700 32
701 29
702 30
703 33
704 30
705 32
706 32
707 33
708 33
709 31
710 33
711 33
712 32
713 32
714 33
715 33
716 27
717 33
718 29
719 33
720 35
721 30
722 30
723 31
724 29
725 28
726 28
727 29
728 26
729 29
730 30
731 32
732 33
733 36
734 37
735 34
736 29
737 31
738 28
739 26
740 29
741 33
742 34
743 34
744 30
745 32
746 34
747 33
748 31
749 34
750 28
751 33
752 30
753 30
754 33
755 29
756 30
757 30
758 29
759 34
760 30
761 33
762 30
763 32
764 31
765 34
766 30
767 30
768 33
769 26
770 26
771 25
772 29
773 27
774 26
775 27
776 30
777 26
778 31
779 29
780 29
781 31
782 32
783 31
784 32
785 35
786 36
787 37
788 33
789 30
790 32
791 30
792 30
793 33
794 34
795 33
796 35
797 34
798 30
799 30
800 30
801 32
802 33
803 34
804 31
805 29
806 27
807 30
808 28
809 29
810 31
811 29
812 31
813 28
814 31
815 27
816 27
817 29
818 28
819 28
820 30
821 34
822 33
823 34
824 28
825 24
826 26
827 29
828 32
829 33
830 29
831 32
832 29
833 31
834 30
835 29
836 28
837 34
838 34
839 33
840 33
841 32
842 30
843 30
844 34
845 30
846 30
847 28
848 26
849 32
850 33
851 34
852 30
853 30
854 26
855 26
856 29
857 28
858 31
859 35
860 34
861 29
862 31
863 29
864 31
865 32
866 31
867 33
868 32
869 28
870 31
871 28
872 29
873 31
874 33
875 30
876 31
877 28
878 27
879 30
880 32
881 31
882 31
883 28
884 30
885 31
886 29
887 26
888 28
889 29
890 29
891 31
892 30
893 29
894 32
895 30
896 28
897 32
898 32
899 35
900 32
901 30
902 33
903 31
904 28
905 30
906 31
907 33
908 34
909 35
910 28
911 29
912 34
913 31
914 32
915 34
916 32
917 28
918 29
919 32
920 32
921 32
922 33
923 36
924 33
925 32
926 29
927 25
928 30
929 32
930 32
931 31
932 32
933 31
934 26
935 25
936 31
937 33
938 31
939 29
940 33
941 33
942 30
943 29
944 31
945 31
946 29
947 31
948 31
949 25
950 24
951 26
952 29
953 33
954 36
955 33
956 32
957 35
958 36
959 36
960 35
961 34
962 33
963 29
964 28
965 32
966 31
967 30
968 30
969 32
970 31
971 29
972 29
973 27
974 32
975 30
976 30
977 34
978 28
979 32
980 30
981 31
982 31
983 27
984 29
985 28
986 32
987 28
988 30
989 29
990 30
991 29
992 31
993 30
994 32
995 27
996 30
997 30
998 28
999 31
1000 27
