0 60
1 45
2 38
3 37
4 39
5 37
6 38
7 37
8 38
9 38
10 41
11 39
12 39
13 37
14 36
15 40
16 36
17 37
18 37
19 34
20 34
21 34
22 33
23 37
24 40
25 39
26 34
27 38
28 37
29 37
30 38
31 40
32 36
33 36
34 38
35 37
36 40
37 41
38 35
39 40
40 35
41 39
42 39
43 42
44 39
45 36
46 34
47 37
48 37
49 40
50 37
51 37
52 40
53 35
54 32
55 35
56 39
57 40
58 42
59 40
60 40
61 37
62 38
63 40
64 41
65 40
66 40
67 39
68 39
69 34
70 38
71 35
72 37
73 38
74 38
75 39
76 40
77 39
78 28
79 35
80 37
81 38
82 38
83 35
84 35
85 36
86 33
87 37
88 36
89 38
90 33
91 31
92 32
93 37
94 41
95 41
96 36
97 36
98 36
99 36
100 37
101 40
102 39
103 36
104 36
105 37
106 38
107 39
108 41
109 34
110 34
111 36
112 36
113 39
114 39
115 41
116 40
117 37
118 38
119 37
120 37
121 38
122 40
123 40
124 37
125 35
126 36
127 37
128 37
129 36
130 37
131 37
132 37
133 39
134 40
135 40
136 40
137 37
138 37
139 39
140 39
141 36
142 37
143 37
144 38
145 35
146 37
147 32
148 38
149 32
150 38
151 37
152 37
153 34
154 38
155 36
156 37
157 39
158 36
159 38
160 36
161 33
162 35
163 36
164 39
165 39
166 36
167 35
168 37
169 37
170 35
171 36
172 36
173 37
174 36
175 39
176 42
177 41
178 42
179 41
180 40
181 33
182 36
183 37
184 41
185 41
186 40
187 39
188 36
189 36
190 38
191 36
192 37
193 38
194 40
195 37
196 38
197 40
198 36
199 41
200 41
201 38
202 39
203 37
204 37
205 38
206 39
207 30
208 35
209 35
210 39
211 36
212 36
213 36
214 35
215 36
216 35
217 37
218 39
219 40
220 40
221 36
222 35
223 40
224 39
225 38
226 38
227 38
228 38
229 42
230 41
231 41
232 38
233 38
234 39
235 37
236 38
237 37
238 37
239 33
240 36
241 38
242 35
243 36
244 35
245 37
246 39
247 40
248 40
249 40
250 39
251 41
252 37
253 41
254 38
255 37
256 37
257 39
258 39
259 31
260 33
261 35
262 34
263 34
264 36
265 37
266 39
267 41
268 41
269 40
270 38
271 36
272 40
273 41
274 39
275 39
276 38
277 41
278 40
279 36
280 35
281 33
282 37
283 38
284 38
285 37
286 39
287 37
288 33
289 37
290 39
291 37
292 38
293 38
294 37
295 40
296 41
297 40
298 37
299 39
300 42
301 40
302 38
303 39
304 36
305 35
306 34
307 39
308 38
309 37
310 37
311 34
312 36
313 38
314 39
315 36
316 34
317 39
318 37
319 39
320 37
321 33
322 37
323 37
324 38
325 37
326 37
327 36
328 36
329 40
330 39
331 37
332 37
333 35
334 37
335 30
336 35
337 37
338 37
339 39
340 36
341 33
342 37
343 40
344 40
345 38
346 42
347 39
348 37
349 39
350 36
351 36
352 35
353 36
354 35
355 37
356 39
357 39
358 38
359 39
360 38
361 33
362 39
363 37
364 39
365 38
366 39
367 42
368 42
369 43
370 38
371 41
372 42
373 40
374 40
375 38
376 35
377 37
378 40
379 36
380 35
381 38
382 40
383 37
384 37
385 36
386 39
387 40
388 39
389 38
390 36
391 34
392 40
393 39
394 35
395 36
396 32
397 34
398 37
399 36
400 38
401 36
402 39
403 39
404 38
405 37
406 38
407 38
408 39
409 40
410 37
411 39
412 40
413 39
414 40
415 38
416 36
417 37
418 38
419 38
420 37
421 36
422 41
423 41
424 39
425 39
426 36
427 34
428 35
429 35
430 42
431 37
432 40
433 36
434 32
435 30
436 33
437 35
438 38
439 39
440 40
441 41
442 35
443 38
444 41
445 40
446 39
447 34
448 36
449 36
450 34
451 38
452 39
453 38
454 40
455 40
456 40
457 35
458 38
459 40
460 36
461 38
462 39
463 36
464 35
465 39
466 40
467 35
468 36
469 39
470 41
471 40
472 38
473 38
474 39
475 40
476 39
477 38
478 36
479 41
480 39
481 38
482 41
483 37
484 38
485 36
486 34
487 40
488 42
489 39
490 40
491 36
492 37
493 37
494 39
495 38
496 37
497 38
498 39
499 38
500 39
501 36
502 37
503 41
504 37
505 39
506 44
507 39
508 34
509 37
510 36
511 38
512 34
513 37
514 38
515 37
516 36
517 38
518 36
519 37
520 40
521 41
522 42
523 41
524 39
525 37
526 36
527 39
528 39
529 35
530 38
531 40
532 40
533 38
534 41
535 40
536 39
537 35
538 32
539 34
540 38
541 37
542 39
543 38
544 39
545 38
546 36
547 37
548 42
549 40
550 41
551 37
552 36
553 37
554 39
555 37
556 37
557 40
558 43
559 35
560 38
561 38
562 36
563 38
564 35
565 40
566 41
567 35
568 38
569 39
570 40
571 38
572 34
573 34
574 37
575 36
576 40
577 40
578 39
579 42
580 39
581 38
582 37
583 37
584 35
585 33
586 35
587 34
588 39
589 39
590 38
591 33
592 36
593 38
594 40
595 38
596 41
597 37
598 36
599 39
600 36
601 40
602 40
603 40
604 35
605 36
606 39
607 38
608 39
609 38
610 37
611 38
612 41
613 37
614 36
615 32
616 32
617 35
618 38
619 40
620 41
621 37
622 41
623 41
624 38
625 37
626 38
627 38
628 38
629 37
630 40
631 37
632 37
633 39
634 36
635 37
636 37
637 37
638 40
639 37
640 36
641 40
642 36
643 38
644 39
645 42
646 40
647 38
648 37
649 36
650 40
651 37
652 37
653 34
654 36
655 38
656 40
657 39
658 41
659 37
660 38
661 39
662 38
663 38
664 41
665 39
666 41
667 37
668 41
669 39
670 36
671 38
672 39
673 36
674 37
675 37
676 40
677 42
678 41
679 39
680 37
681 38
682 35
683 38
684 36
685 38
686 39
687 38
688 34
689 33
690 37
691 35
692 38
693 37
694 40
695 39
696 37
697 36
698 38
699 32
700 35
701 35
702 36
703 38
704 39
705 43
706 40
707 36
708 33
709 34
710 37
711 37
712 40
713 41
714 34
715 38
716 40
717 41
718 40
719 35
720 36
721 30
722 36
723 39
724 35
725 37
726 38
727 38
728 40
729 36
730 37
731 34
732 36
733 32
734 38
735 39
736 38
737 40
738 38
739 35
740 33
741 37
742 37
743 34
744 39
745 37
746 39
747 43
748 39
749 41
750 41
751 40
752 36
753 39
754 41
755 39
756 37
757 32
758 39
759 39
760 38
761 37
762 40
763 40
764 40
765 32
766 34
767 35
768 37
769 41
770 41
771 39
772 35
773 34
774 39
775 39
776 37
777 36
778 35
779 35
780 35
781 36
782 35
783 37
784 37
785 37
786 38
787 38
788 37
789 40
790 41
791 41
792 37
793 40
794 40
795 36
796 37
797 41
798 35
799 41
800 40
801 37
802 36
803 35
804 37
805 40
806 42
807 42
808 43
809 41
810 38
811 38
812 37
813 36
814 38
815 40
816 39
817 37
818 37
819 42
820 36
821 37
822 39
823 37
824 37
825 33
826 34
827 37
828 36
829 35
830 38
831 39
832 38
833 36
834 36
835 41
836 40
837 38
838 37
839 38
840 39
841 36
842 34
843 34
844 35
845 38
846 42
847 38
848 34
849 32
850 39
851 36
852 35
853 34
854 32
855 35
856 37
857 38
858 37
859 38
860 32
861 38
862 40
863 38
864 36
865 34
866 38
867 36
868 41
869 40
870 39
871 39
872 38
873 40
874 38
875 39
876 41
877 40
878 37
879 38
880 38
881 39
882 33
883 33
884 35
885 36
886 39
887 37
888 43
889 38
890 37
891 41
892 42
893 41
894 39
895 40
896 39
897 40
898 40
899 37
900 42
901 40
902 40
903 41
904 41
905 41
906 35
907 37
908 36
909 40
910 40
911 35
912 35
913 37
914 35
915 35
916 37
917 36
918 34
919 36
920 37
921 36
922 37
923 37
924 36
925 37
926 42
927 37
928 41
929 38
930 38
931 37
932 39
933 39
934 35
935 37
936 35
937 37
938 35
939 37
940 38
941 41
942 40
943 41
944 41
945 40
946 37
947 38
948 37
949 38
950 36
951 39
952 38
953 40
954 38
955 41
956 39
957 35
958 35
959 37
960 35
961 38
962 34
963 40
964 38
965 37
966 38
967 38
968 37
969 41
970 41
971 35
972 33
973 37
974 36
975 38
976 40
977 39
978 39
979 41
980 44
981 38
982 40
983 38
984 34
985 34
986 35
987 34
988 37
989 38
990 41
991 35
992 42
993 42
994 41
995 39
996 41
997 41
998 39
999 37
1000 38
