0 85
1 80
2 77
3 75
4 73
5 68
6 65
7 64
8 63
9 64
10 65
11 63
12 63
13 61
14 62
15 60
16 59
17 57
18 57
19 59
20 58
21 59
22 59
23 58
24 57
25 57
26 54
27 53
28 53
29 57
30 57
31 56
32 58
33 58
34 57
35 59
36 58
37 60
38 61
39 59
40 59
41 62
42 64
43 64
44 62
45 63
46 65
47 63
48 62
49 61
50 63
51 63
52 62
53 62
54 62
55 63
56 62
57 66
58 61
59 60
60 61
61 61
62 61
63 60
64 60
65 61
66 62
67 59
68 60
69 60
70 57
71 53
72 51
73 50
74 51
75 52
76 54
77 57
78 58
79 58
80 58
81 56
82 53
83 54
84 55
85 58
86 62
87 66
88 62
89 62
90 63
91 62
92 62
93 64
94 62
95 60
96 57
97 58
98 57
99 56
100 55
101 52
102 55
103 56
104 57
105 56
106 55
107 53
108 51
109 54
110 52
111 53
112 55
113 56
114 58
115 58
116 55
117 54
118 54
119 54
120 55
121 55
122 53
123 52
124 53
125 54
126 54
127 55
128 56
129 55
130 56
131 54
132 53
133 53
134 53
135 53
136 53
137 54
138 49
139 53
140 59
141 60
142 58
143 58
144 58
145 59
146 57
147 52
148 54
149 53
150 54
151 54
152 54
153 51
154 51
155 51
156 53
157 53
158 54
159 55
160 55
161 54
162 52
163 55
164 55
165 55
166 55
167 57
168 55
169 57
170 62
171 66
172 59
173 58
174 60
175 61
176 59
177 58
178 54
179 54
180 54
181 56
182 58
183 54
184 54
185 51
186 54
187 54
188 56
189 53
190 53
191 51
192 51
193 52
194 54
195 56
196 53
197 54
198 54
199 55
200 55
201 55
202 55
203 51
204 55
205 53
206 52
207 52
208 54
209 51
210 52
211 53
212 54
213 52
214 54
215 58
216 59
217 57
218 57
219 58
220 57
221 56
222 56
223 58
224 57
225 59
226 61
227 60
228 60
229 61
230 62
231 58
232 53
233 53
234 56
235 55
236 55
237 57
238 57
239 59
240 57
241 59
242 61
243 61
244 59
245 59
246 59
247 59
248 58
249 56
250 54
251 52
252 53
253 54
254 52
255 51
256 51
257 57
258 58
259 57
260 57
261 57
262 58
263 58
264 58
265 58
266 58
267 57
268 57
269 53
270 51
271 51
272 52
273 55
274 51
275 49
276 51
277 51
278 52
279 53
280 54
281 54
282 55
283 54
284 55
285 56
286 59
287 58
288 57
289 59
290 55
291 59
292 60
293 60
294 56
295 56
296 58
297 60
298 57
299 57
300 56
301 57
302 57
303 57
304 55
305 57
306 59
307 59
308 56
309 55
310 56
311 54
312 54
313 52
314 52
315 52
316 51
317 53
318 57
319 56
320 55
321 58
322 59
323 60
324 60
325 60
326 59
327 59
328 58
329 57
330 55
331 53
332 56
333 55
334 54
335 52
336 50
337 52
338 54
339 53
340 52
341 53
342 52
343 56
344 56
345 57
346 57
347 56
348 53
349 57
350 57
351 56
352 63
353 60
354 59
355 59
356 57
357 56
358 55
359 56
360 53
361 52
362 53
363 53
364 54
365 52
366 52
367 51
368 51
369 54
370 56
371 55
372 55
373 54
374 56
375 55
376 57
377 55
378 53
379 53
380 54
381 54
382 49
383 49
384 51
385 53
386 55
387 53
388 53
389 55
390 55
391 58
392 55
393 55
394 56
395 54
396 55
397 54
398 52
399 53
400 56
401 56
402 56
403 54
404 53
405 54
406 52
407 52
408 54
409 58
410 60
411 60
412 62
413 57
414 56
415 57
416 58
417 54
418 53
419 50
420 51
421 50
422 51
423 51
424 51
425 53
426 53
427 53
428 57
429 56
430 60
431 59
432 57
433 57
434 56
435 57
436 57
437 56
438 58
439 62
440 58
441 58
442 56
443 55
444 56
445 58
446 58
447 59
448 59
449 58
450 62
451 62
452 62
453 58
454 57
455 57
456 58
457 60
458 59
459 59
460 59
461 63
462 65
463 65
464 64
465 61
466 57
467 58
468 58
469 56
470 56
471 58
472 57
473 60
474 57
475 58
476 57
477 56
478 58
479 58
480 58
481 59
482 60
483 60
484 59
485 60
486 59
487 56
488 55
489 54
490 57
491 54
492 56
493 57
494 56
495 55
496 55
497 50
498 46
499 48
500 49
501 52
502 50
503 49
504 48
505 48
506 50
507 49
508 52
509 53
510 53
511 53
512 54
513 55
514 54
515 53
516 53
517 53
518 56
519 54
520 54
521 53
522 49
523 48
524 53
525 55
526 52
527 53
528 55
529 54
530 55
531 56
532 54
533 51
534 47
535 49
536 51
537 52
538 55
539 57
540 57
541 58
542 58
543 58
544 59
545 57
546 56
547 57
548 57
549 57
550 56
551 54
552 55
553 55
554 54
555 57
556 60
557 56
558 57
559 57
560 58
561 58
562 57
563 59
564 61
565 59
566 59
567 62
568 60
569 64
570 62
571 61
572 62
573 62
574 60
575 62
576 65
577 61
578 62
579 62
580 62
581 62
582 62
583 61
584 61
585 58
586 59
587 58
588 56
589 57
590 55
591 57
592 58
593 59
594 60
595 60
596 57
597 55
598 56
599 56
600 56
601 55
602 58
603 58
604 58
605 58
606 56
607 54
608 54
609 55
610 55
611 52
612 56
613 56
614 57
615 60
616 60
617 62
618 60
619 63
620 61
621 59
622 58
623 56
624 55
625 55
626 53
627 52
628 51
629 52
630 53
631 54
632 53
633 52
634 53
635 52
636 54
637 53
638 52
639 54
640 54
641 52
642 51
643 51
644 57
645 58
646 57
647 59
648 57
649 58
650 58
651 58
652 59
653 59
654 61
655 58
656 58
657 57
658 57
659 56
660 57
661 56
662 51
663 54
664 55
665 57
666 56
667 56
668 56
669 57
670 57
671 56
672 54
673 56
674 53
675 54
676 55
677 53
678 57
679 56
680 55
681 57
682 59
683 56
684 58
685 56
686 61
687 62
688 62
689 61
690 62
691 61
692 64
693 61
694 60
695 61
696 61
697 61
698 62
699 60
700 60
701 61
702 59
703 57
704 59
705 61
706 59
707 57
708 59
709 61
710 56
711 57
712 58
713 56
714 53
715 56
716 53
717 52
718 50
719 48
720 51
721 54
722 54
723 56
724 59
725 60
726 61
727 60
728 61
729 61
730 56
731 57
732 54
733 55
734 51
735 54
736 54
737 57
738 56
739 56
740 58
741 59
742 58
743 57
744 58
745 60
746 64
747 60
748 61
749 57
750 56
751 60
752 60
753 58
754 60
755 61
756 62
757 62
758 62
759 62
760 60
761 62
762 61
763 60
764 61
765 60
766 59
767 54
768 58
769 60
770 59
771 57
772 54
773 55
774 54
775 53
776 55
777 60
778 60
779 60
780 59
781 62
782 64
783 64
784 62
785 62
786 62
787 61
788 62
789 60
790 60
791 57
792 57
793 57
794 57
795 53
796 54
797 55
798 57
799 56
800 56
801 58
802 60
803 57
804 57
805 56
806 55
807 53
808 52
809 54
810 53
811 54
812 56
813 56
814 56
815 57
816 55
817 55
818 55
819 54
820 54
821 53
822 54
823 55
824 58
825 59
826 58
827 56
828 55
829 59
830 59
831 58
832 58
833 57
834 58
835 56
836 55
837 62
838 63
839 61
840 59
841 59
842 61
843 59
844 59
845 57
846 60
847 56
848 55
849 57
850 57
851 56
852 56
853 56
854 56
855 56
856 53
857 57
858 56
859 55
860 58
861 56
862 56
863 59
864 55
865 51
866 51
867 53
868 51
869 53
870 56
871 53
872 53
873 52
874 52
875 56
876 52
877 56
878 59
879 59
880 60
881 62
882 62
883 63
884 62
885 61
886 60
887 61
888 61
889 60
890 61
891 59
892 58
893 60
894 60
895 59
896 57
897 55
898 57
899 59
900 55
901 56
902 56
903 53
904 52
905 55
906 54
907 48
908 50
909 49
910 51
911 56
912 57
913 58
914 57
915 56
916 56
917 58
918 59
919 59
920 54
921 55
922 53
923 53
924 55
925 52
926 55
927 58
928 61
929 56
930 56
931 59
932 59
933 58
934 61
935 59
936 57
937 57
938 55
939 56
940 57
941 58
942 57
943 56
944 56
945 56
946 58
947 59
948 57
949 57
950 57
951 57
952 57
953 58
954 60
955 56
956 59
957 59
958 59
959 60
960 61
961 61
962 58
963 56
964 55
965 56
966 59
967 59
968 60
969 60
970 59
971 59
972 61
973 61
974 62
975 61
976 61
977 59
978 55
979 58
980 60
981 58
982 58
983 56
984 53
985 52
986 50
987 47
988 51
989 50
990 50
991 51
992 53
993 53
994 55
995 55
996 54
997 57
998 57
999 57
1000 59
