0 15
1 15
2 14
3 13
4 13
5 12
6 12
7 12
8 10
9 9
10 8
11 7
12 6
13 6
14 8
15 7
16 7
17 7
18 9
19 8
20 8
21 8
22 9
23 7
24 7
25 8
26 7
27 7
28 7
29 6
30 7
31 7
32 7
33 7
34 7
35 7
36 7
37 8
38 9
39 9
40 8
41 8
42 7
43 6
44 5
45 5
46 7
47 7
48 7
49 7
50 8
51 8
52 8
53 8
54 8
55 8
56 8
57 8
58 8
59 9
60 9
61 10
62 10
63 10
64 9
65 9
66 9
67 9
68 9
69 8
70 8
71 9
72 9
73 10
74 10
75 9
76 9
77 7
78 8
79 7
80 7
81 8
82 8
83 6
84 6
85 7
86 8
87 7
88 7
89 8
90 7
91 8
92 8
93 8
94 9
95 9
96 8
97 8
98 8
99 7
100 7
101 6
102 4
103 4
104 4
105 4
106 4
107 2
108 3
109 3
110 2
111 3
112 3
113 3
114 4
115 5
116 6
117 7
118 8
119 7
120 7
121 7
122 8
123 9
124 8
125 7
126 7
127 7
128 9
129 9
130 8
131 8
132 9
133 8
134 8
135 8
136 8
137 9
138 9
139 9
140 8
141 7
142 7
143 7
144 7
145 7
146 7
147 7
148 8
149 8
150 8
151 8
152 8
153 9
154 8
155 8
156 9
157 9
158 9
159 10
160 11
161 11
162 10
163 8
164 8
165 8
166 8
167 9
168 9
169 10
170 10
171 10
172 10
173 11
174 11
175 10
176 11
177 11
178 11
179 10
180 9
181 9
182 9
183 10
184 9
185 9
186 9
187 10
188 10
189 9
190 8
191 9
192 9
193 9
194 9
195 11
196 11
197 11
198 11
199 10
200 9
201 9
202 8
203 9
204 9
205 9
206 9
207 9
208 9
209 10
210 8
211 8
212 7
213 7
214 8
215 9
216 10
217 10
218 11
219 11
220 11
221 11
222 11
223 10
224 9
225 10
226 11
227 11
228 11
229 10
230 9
231 10
232 8
233 7
234 6
235 8
236 8
237 7
238 8
239 8
240 8
241 8
242 9
243 9
244 8
245 8
246 8
247 8
248 8
249 7
250 8
251 7
252 7
253 7
254 9
255 9
256 9
257 10
258 9
259 9
260 9
261 9
262 9
263 9
264 10
265 10
266 9
267 9
268 8
269 8
270 7
271 7
272 8
273 9
274 8
275 6
276 7
277 8
278 8
279 7
280 6
281 6
282 7
283 7
284 8
285 8
286 8
287 9
288 7
289 7
290 6
291 6
292 7
293 8
294 9
295 9
296 9
297 9
298 10
299 11
300 8
301 9
302 8
303 8
304 8
305 8
306 7
307 7
308 6
309 6
310 6
311 6
312 7
313 7
314 8
315 9
316 9
317 9
318 9
319 8
320 8
321 8
322 9
323 8
324 6
325 6
326 7
327 8
328 8
329 8
330 8
331 7
332 7
333 8
334 8
335 8
336 8
337 8
338 8
339 7
340 7
341 8
342 9
343 10
344 10
345 9
346 9
347 10
348 10
349 10
350 9
351 8
352 8
353 9
354 7
355 5
356 5
357 6
358 5
359 4
360 5
361 3
362 5
363 5
364 6
365 7
366 8
367 7
368 8
369 8
370 8
371 8
372 8
373 7
374 6
375 6
376 6
377 7
378 7
379 6
380 6
381 6
382 5
383 7
384 7
385 7
386 8
387 10
388 9
389 9
390 10
391 9
392 9
393 9
394 9
395 9
396 9
397 9
398 8
399 8
400 8
401 8
402 8
403 8
404 10
405 10
406 10
407 11
408 11
409 10
410 9
411 10
412 10
413 9
414 10
415 10
416 8
417 8
418 9
419 8
420 8
421 8
422 9
423 9
424 10
425 11
426 12
427 12
428 11
429 11
430 10
431 10
432 10
433 10
434 10
435 10
436 9
437 9
438 9
439 8
440 7
441 7
442 7
443 8
444 8
445 8
446 8
447 7
448 5
449 5
450 7
451 7
452 7
453 8
454 8
455 7
456 8
457 9
458 8
459 8
460 8
461 9
462 9
463 9
464 9
465 7
466 7
467 7
468 8
469 8
470 8
471 7
472 8
473 9
474 9
475 9
476 9
477 8
478 8
479 9
480 9
481 8
482 8
483 7
484 7
485 7
486 6
487 6
488 6
489 6
490 7
491 8
492 8
493 10
494 9
495 10
496 10
497 10
498 10
499 11
500 11
501 11
502 10
503 10
504 10
505 10
506 8
507 8
508 7
509 9
510 9
511 10
512 9
513 9
514 9
515 9
516 10
517 10
518 10
519 10
520 10
521 11
522 11
523 12
524 11
525 10
526 9
527 9
528 9
529 8
530 6
531 7
532 7
533 7
534 8
535 7
536 8
537 8
538 7
539 7
540 6
541 7
542 8
543 8
544 8
545 8
546 7
547 7
548 7
549 9
550 9
551 9
552 7
553 7
554 8
555 8
556 7
557 6
558 5
559 4
560 4
561 4
562 5
563 5
564 7
565 7
566 8
567 9
568 8
569 8
570 9
571 8
572 7
573 7
574 7
575 6
576 7
577 7
578 6
579 6
580 7
581 7
582 7
583 7
584 7
585 6
586 7
587 7
588 7
589 8
590 8
591 8
592 9
593 9
594 10
595 9
596 9
597 9
598 9
599 9
600 8
601 9
602 9
603 9
604 10
605 9
606 8
607 7
608 7
609 6
610 6
611 7
612 7
613 7
614 7
615 6
616 7
617 8
618 8
619 8
620 7
621 6
622 6
623 5
624 5
625 5
626 5
627 5
628 5
629 5
630 5
631 5
632 6
633 7
634 8
635 8
636 7
637 7
638 7
639 8
640 8
641 8
642 8
643 8
644 8
645 8
646 9
647 8
648 8
649 8
650 7
651 6
652 6
653 7
654 7
655 7
656 7
657 6
658 6
659 7
660 7
661 6
662 5
663 6
664 6
665 6
666 4
667 5
668 5
669 5
670 8
671 10
672 9
673 9
674 9
675 9
676 8
677 8
678 9
679 9
680 9
681 10
682 11
683 10
684 9
685 9
686 9
687 9
688 9
689 9
690 8
691 9
692 8
693 8
694 8
695 7
696 7
697 6
698 7
699 7
700 8
701 8
702 9
703 8
704 9
705 8
706 8
707 8
708 7
709 5
710 5
711 5
712 5
713 4
714 4
715 6
716 6
717 6
718 6
719 6
720 5
721 4
722 4
723 5
724 5
725 5
726 4
727 4
728 4
729 5
730 5
731 6
732 5
733 5
734 5
735 5
736 5
737 5
738 5
739 5
740 4
741 5
742 6
743 6
744 7
745 7
746 7
747 8
748 8
749 8
750 7
751 5
752 6
753 8
754 6
755 6
756 7
757 7
758 6
759 6
760 6
761 8
762 8
763 8
764 9
765 8
766 7
767 6
768 6
769 6
770 6
771 7
772 6
773 6
774 6
775 7
776 7
777 7
778 7
779 7
780 8
781 8
782 8
783 9
784 8
785 8
786 9
787 9
788 10
789 10
790 10
791 10
792 10
793 10
794 9
795 7
796 7
797 6
798 7
799 6
800 6
801 6
802 7
803 6
804 6
805 6
806 7
807 6
808 6
809 7
810 9
811 9
812 9
813 8
814 7
815 8
816 7
817 6
818 8
819 7
820 6
821 6
822 7
823 7
824 7
825 7
826 7
827 5
828 7
829 7
830 8
831 8
832 8
833 8
834 8
835 8
836 7
837 7
838 7
839 9
840 9
841 9
842 9
843 9
844 9
845 9
846 8
847 8
848 8
849 8
850 7
851 7
852 8
853 8
854 7
855 8
856 8
857 6
858 7
859 8
860 7
861 7
862 5
863 4
864 4
865 4
866 5
867 4
868 3
869 4
870 5
871 5
872 5
873 6
874 7
875 8
876 9
877 9
878 9
879 8
880 8
881 9
882 9
883 9
884 9
885 9
886 10
887 10
888 9
889 10
890 10
891 9
892 9
893 8
894 8
895 7
896 7
897 7
898 7
899 7
900 7
901 7
902 8
903 8
904 7
905 8
906 8
907 8
908 8
909 8
910 7
911 7
912 6
913 6
914 7
915 5
916 7
917 9
918 9
919 9
920 8
921 8
922 8
923 8
924 8
925 8
926 9
927 10
928 10
929 8
930 8
931 7
932 6
933 7
934 7
935 7
936 9
937 9
938 8
939 9
940 9
941 8
942 9
943 8
944 8
945 9
946 8
947 8
948 8
949 7
950 7
951 7
952 7
953 6
954 8
955 8
956 8
957 7
958 7
959 8
960 7
961 7
962 8
963 9
964 10
965 10
966 10
967 10
968 10
969 10
970 10
971 9
972 9
973 8
974 7
975 6
976 7
977 8
978 7
979 8
980 10
981 9
982 10
983 10
984 10
985 9
986 8
987 10
988 10
989 10
990 9
991 9
992 9
993 8
994 8
995 8
996 8
997 7
998 8
999 8
1000 10
