0 50
1 31
2 33
3 31
4 31
5 32
6 32
7 32
8 32
9 30
10 30
11 35
12 32
13 36
14 32
15 31
16 35
17 32
18 37
19 33
20 35
21 39
22 35
23 38
24 35
25 37
26 35
27 37
28 35
29 36
30 32
31 35
32 33
33 33
34 33
35 35
36 36
37 35
38 35
39 34
40 36
41 37
42 31
43 35
44 35
45 36
46 33
47 35
48 38
49 35
50 33
51 33
52 36
53 34
54 33
55 35
56 34
57 32
58 33
59 36
60 33
61 33
62 36
63 31
64 31
65 35
66 30
67 32
68 36
69 33
70 33
71 28
72 30
73 36
74 40
75 34
76 33
77 30
78 32
79 35
80 31
81 29
82 29
83 30
84 36
85 30
86 34
87 34
88 35
89 31
90 34
91 32
92 29
93 29
94 33
95 34
96 30
97 35
98 30
99 35
100 33
101 32
102 35
103 34
104 37
105 33
106 33
107 34
108 36
109 35
110 33
111 33
112 31
113 33
114 33
115 35
116 35
117 34
118 35
119 34
120 37
121 35
122 35
123 33
124 35
125 37
126 35
127 34
128 35
129 34
130 32
131 36
132 32
133 32
134 33
135 34
136 37
137 38
138 36
139 34
140 35
141 36
142 33
143 34
144 36
145 33
146 34
147 37
148 34
149 34
150 35
151 32
152 31
153 35
154 35
155 33
156 33
157 31
158 32
159 33
160 34
161 34
162 33
163 30
164 28
165 29
166 30
167 28
168 37
169 38
170 37
171 35
172 32
173 34
174 33
175 35
176 36
177 30
178 31
179 34
180 32
181 36
182 36
183 36
184 31
185 35
186 33
187 33
188 31
189 31
190 34
191 34
192 37
193 36
194 31
195 36
196 35
197 34
198 35
199 37
200 37
201 34
202 32
203 36
204 35
205 32
206 34
207 32
208 31
209 33
210 34
211 35
212 32
213 35
214 33
215 31
216 34
217 35
218 32
219 32
220 31
221 29
222 34
223 33
224 30
225 32
226 33
227 36
228 34
229 34
230 34
231 32
232 34
233 35
234 35
235 30
236 35
237 37
238 35
239 36
240 35
241 32
242 32
243 34
244 34
245 32
246 31
247 33
248 33
249 35
250 33
251 34
252 38
253 32
254 31
255 32
256 34
257 38
258 32
259 31
260 34
261 32
262 29
263 27
264 32
265 31
266 27
267 33
268 33
269 32
270 36
271 35
272 35
273 36
274 35
275 33
276 32
277 30
278 33
279 33
280 26
281 32
282 33
283 31
284 32
285 34
286 33
287 31
288 27
289 31
290 33
291 36
292 32
293 36
294 32
295 36
296 36
297 35
298 29
299 28
300 32
301 32
302 34
303 33
304 36
305 36
306 31
307 32
308 36
309 37
310 37
311 34
312 36
313 34
314 33
315 35
316 35
317 35
318 30
319 31
320 27
321 27
322 30
323 27
324 33
325 31
326 30
327 33
328 34
329 33
330 36
331 35
332 35
333 35
334 34
335 35
336 34
337 33
338 26
339 32
340 35
341 34
342 31
343 35
344 34
345 26
346 26
347 33
348 35
349 38
350 31
351 33
352 27
353 30
354 34
355 34
356 33
357 36
358 34
359 34
360 34
361 34
362 36
363 36
364 37
365 36
366 34
367 34
368 36
369 37
370 34
371 34
372 33
373 31
374 32
375 35
376 34
377 32
378 36
379 33
380 36
381 37
382 33
383 34
384 35
385 34
386 29
387 35
388 36
389 32
390 34
391 36
392 36
393 35
394 35
395 30
396 37
397 32
398 33
399 32
400 35
401 35
402 34
403 35
404 30
405 33
406 33
407 37
408 33
409 32
410 34
411 34
412 33
413 36
414 32
415 35
416 33
417 37
418 33
419 32
420 34
421 36
422 34
423 31
424 31
425 32
426 36
427 34
428 31
429 34
430 35
431 35
432 30
433 34
434 35
435 37
436 32
437 33
438 33
439 34
440 32
441 35
442 31
443 33
444 34
445 34
446 36
447 35
448 32
449 34
450 29
451 35
452 32
453 35
454 32
455 34
456 34
457 33
458 35
459 38
460 34
461 30
462 35
463 34
464 33
465 36
466 35
467 33
468 34
469 36
470 34
471 35
472 34
473 34
474 37
475 38
476 31
477 33
478 34
479 31
480 35
481 32
482 32
483 35
484 32
485 32
486 32
487 31
488 35
489 31
490 34
491 31
492 29
493 34
494 32
495 34
496 35
497 29
498 33
499 32
500 32
501 32
502 38
503 32
504 35
505 33
506 36
507 28
508 32
509 37
510 36
511 37
512 33
513 33
514 36
515 37
516 37
517 34
518 34
519 35
520 35
521 32
522 32
523 36
524 34
525 34
526 37
527 37
528 35
529 34
530 33
531 34
532 34
533 33
534 33
535 35
536 35
537 31
538 34
539 34
540 36
541 37
542 35
543 35
544 36
545 33
546 37
547 35
548 37
549 35
550 34
551 34
552 35
553 31
554 34
555 33
556 35
557 36
558 34
559 32
560 35
561 39
562 33
563 28
564 33
565 34
566 37
567 34
568 34
569 34
570 33
571 34
572 35
573 35
574 36
575 34
576 34
577 34
578 32
579 33
580 33
581 33
582 32
583 36
584 31
585 31
586 32
587 33
588 33
589 36
590 37
591 35
592 33
593 35
594 33
595 35
596 30
597 32
598 33
599 34
600 31
601 35
602 33
603 34
604 36
605 32
606 33
607 36
608 31
609 34
610 38
611 34
612 32
613 32
614 32
615 31
616 38
617 37
618 38
619 35
620 29
621 29
622 31
623 28
624 30
625 32
626 28
627 32
628 33
629 32
630 34
631 34
632 35
633 35
634 32
635 31
636 31
637 31
638 33
639 36
640 35
641 36
642 34
643 33
644 36
645 39
646 34
647 32
648 29
649 36
650 36
651 30
652 36
653 27
654 35
655 31
656 29
657 30
658 28
659 33
660 32
661 31
662 33
663 32
664 32
665 39
666 33
667 33
668 34
669 24
670 30
671 33
672 33
673 36
674 35
675 34
676 32
677 35
678 32
679 33
680 34
681 31
682 31
683 32
684 33
685 35
686 36
687 34
688 33
689 33
690 33
691 33
692 32
693 32
694 28
695 33
696 36
697 38
698 34
699 35
700 38
701 36
702 36
703 32
704 33
705 35
706 36
707 32
708 34
709 33
710 32
711 34
712 37
713 35
714 31
715 32
716 31
717 33
718 34
719 35
720 33
721 35
722 35
723 35
724 30
725 36
726 35
727 37
728 38
729 32
730 33
731 30
732 33
733 36
734 36
735 33
736 32
737 34
738 31
739 35
740 32
741 37
742 34
743 35
744 35
745 32
746 36
747 29
748 27
749 31
750 33
751 37
752 37
753 34
754 31
755 35
756 33
757 35
758 34
759 35
760 31
761 31
762 32
763 31
764 37
765 34
766 34
767 32
768 31
769 33
770 31
771 33
772 31
773 32
774 32
775 32
776 33
777 31
778 31
779 34
780 34
781 31
782 32
783 34
784 29
785 33
786 38
787 37
788 37
789 33
790 35
791 36
792 35
793 32
794 33
795 36
796 30
797 31
798 26
799 32
800 36
801 33
802 34
803 31
804 30
805 34
806 32
807 35
808 32
809 32
810 31
811 31
812 34
813 36
814 30
815 29
816 36
817 33
818 37
819 33
820 32
821 34
822 36
823 35
824 38
825 36
826 32
827 32
828 33
829 35
830 34
831 30
832 32
833 36
834 32
835 35
836 32
837 33
838 37
839 32
840 33
841 32
842 33
843 37
844 37
845 37
846 35
847 34
848 28
849 32
850 31
851 34
852 33
853 32
854 35
855 34
856 34
857 30
858 34
859 36
860 38
861 33
862 30
863 32
864 32
865 36
866 34
867 28
868 34
869 34
870 34
871 29
872 34
873 34
874 33
875 29
876 33
877 30
878 34
879 33
880 37
881 38
882 34
883 35
884 36
885 29
886 32
887 36
888 31
889 35
890 30
891 35
892 37
893 35
894 36
895 32
896 37
897 36
898 30
899 30
900 37
901 37
902 31
903 32
904 33
905 33
906 35
907 35
908 35
909 31
910 32
911 32
912 33
913 33
914 36
915 33
916 32
917 33
918 34
919 37
920 33
921 33
922 31
923 32
924 34
925 35
926 33
927 32
928 30
929 35
930 35
931 34
932 36
933 31
934 39
935 34
936 32
937 29
938 31
939 34
940 33
941 35
942 35
943 36
944 32
945 30
946 33
947 34
948 33
949 30
950 34
951 30
952 31
953 30
954 31
955 37
956 36
957 28
958 31
959 32
960 33
961 32
962 34
963 36
964 35
965 34
966 33
967 33
968 32
969 34
970 32
971 33
972 32
973 35
974 34
975 35
976 34
977 35
978 35
979 34
980 36
981 31
982 36
983 33
984 32
985 33
986 34
987 33
988 33
989 32
990 32
991 35
992 36
993 33
994 33
995 31
996 33
997 33
998 33
999 33
1000 34
