0 95
1 80
2 74
3 71
4 68
5 65
6 59
7 61
8 69
9 71
10 71
11 65
12 61
13 62
14 62
15 69
16 66
17 74
18 73
19 67
20 68
21 70
22 69
23 71
24 67
25 69
26 69
27 72
28 66
29 66
30 64
31 68
32 66
33 71
34 68
35 68
36 69
37 76
38 75
39 68
40 63
41 68
42 63
43 61
44 64
45 65
46 67
47 63
48 59
49 63
50 68
51 73
52 68
53 73
54 69
55 71
56 65
57 70
58 65
59 68
60 72
61 79
62 76
63 70
64 64
65 68
66 68
67 68
68 72
69 67
70 71
71 71
72 69
73 70
74 73
75 73
76 64
77 66
78 65
79 65
80 63
81 66
82 64
83 61
84 68
85 65
86 69
87 66
88 69
89 76
90 67
91 67
92 59
93 69
94 68
95 67
96 67
97 65
98 68
99 68
100 69
101 70
102 68
103 64
104 63
105 72
106 65
107 68
108 61
109 65
110 72
111 74
112 67
113 68
114 68
115 70
116 68
117 62
118 66
119 69
120 69
121 67
122 70
123 70
124 61
125 65
126 68
127 69
128 66
129 68
130 69
131 65
132 66
133 65
134 60
135 63
136 67
137 65
138 68
139 65
140 67
141 69
142 68
143 68
144 68
145 67
146 72
147 64
148 70
149 70
150 73
151 70
152 66
153 71
154 70
155 72
156 69
157 70
158 68
159 70
160 68
161 68
162 62
163 64
164 66
165 60
166 70
167 70
168 68
169 69
170 71
171 67
172 66
173 65
174 68
175 64
176 62
177 66
178 68
179 66
180 65
181 72
182 70
183 70
184 71
185 66
186 69
187 66
188 66
189 66
190 67
191 64
192 69
193 71
194 67
195 66
196 70
197 64
198 63
199 70
200 66
201 64
202 68
203 70
204 69
205 70
206 75
207 69
208 63
209 64
210 72
211 74
212 72
213 70
214 68
215 65
216 60
217 64
218 64
219 70
220 65
221 59
222 62
223 67
224 68
225 65
226 72
227 70
228 64
229 66
230 73
231 67
232 68
233 73
234 67
235 66
236 68
237 68
238 69
239 66
240 68
241 72
242 73
243 72
244 76
245 73
246 71
247 63
248 64
249 72
250 72
251 74
252 77
253 71
254 69
255 71
256 66
257 67
258 68
259 71
260 71
261 71
262 75
263 69
264 72
265 69
266 67
267 67
268 70
269 72
270 70
271 69
272 67
273 69
274 74
275 72
276 76
277 66
278 65
279 65
280 65
281 69
282 69
283 76
284 69
285 70
286 68
287 70
288 70
289 69
290 70
291 72
292 72
293 75
294 70
295 71
296 75
297 73
298 70
299 71
300 63
301 66
302 64
303 65
304 66
305 70
306 67
307 72
308 69
309 67
310 59
311 63
312 71
313 72
314 69
315 73
316 70
317 67
318 66
319 67
320 66
321 70
322 69
323 67
324 65
325 71
326 73
327 73
328 69
329 70
330 66
331 65
332 70
333 64
334 59
335 64
336 64
337 64
338 61
339 60
340 64
341 64
342 66
343 67
344 69
345 71
346 66
347 72
348 71
349 71
350 71
351 71
352 71
353 72
354 70
355 67
356 68
357 69
358 71
359 63
360 68
361 66
362 69
363 67
364 64
365 68
366 71
367 73
368 70
369 71
370 72
371 67
372 69
373 69
374 66
375 70
376 72
377 67
378 65
379 66
380 64
381 74
382 70
383 71
384 69
385 64
386 62
387 60
388 61
389 64
390 67
391 71
392 66
393 69
394 64
395 73
396 69
397 64
398 62
399 58
400 64
401 63
402 64
403 64
404 65
405 74
406 63
407 67
408 66
409 63
410 60
411 69
412 73
413 74
414 67
415 64
416 73
417 67
418 64
419 66
420 65
421 66
422 71
423 72
424 73
425 74
426 69
427 65
428 67
429 69
430 69
431 68
432 62
433 64
434 72
435 69
436 71
437 63
438 65
439 63
440 66
441 71
442 73
443 74
444 68
445 67
446 67
447 63
448 67
449 67
450 71
451 64
452 71
453 71
454 73
455 74
456 73
457 70
458 69
459 66
460 64
461 68
462 62
463 67
464 74
465 68
466 71
467 72
468 65
469 62
470 69
471 65
472 69
473 67
474 68
475 68
476 72
477 73
478 65
479 61
480 60
481 72
482 72
483 68
484 73
485 63
486 68
487 69
488 68
489 66
490 67
491 63
492 70
493 70
494 69
495 67
496 70
497 74
498 70
499 68
500 70
501 70
502 67
503 66
504 70
505 71
506 67
507 67
508 70
509 71
510 70
511 59
512 68
513 65
514 70
515 68
516 62
517 61
518 62
519 67
520 65
521 63
522 68
523 60
524 60
525 60
526 64
527 67
528 69
529 70
530 70
531 69
532 70
533 67
534 66
535 58
536 65
537 66
538 68
539 70
540 71
541 69
542 71
543 72
544 74
545 65
546 64
547 67
548 67
549 73
550 66
551 71
552 69
553 67
554 72
555 74
556 70
557 69
558 67
559 68
560 70
561 70
562 67
563 73
564 69
565 69
566 75
567 68
568 69
569 67
570 68
571 72
572 67
573 61
574 68
575 70
576 71
577 70
578 68
579 69
580 71
581 75
582 72
583 65
584 67
585 63
586 68
587 61
588 68
589 74
590 72
591 67
592 66
593 70
594 64
595 70
596 67
597 73
598 73
599 76
600 67
601 64
602 69
603 72
604 68
605 70
606 72
607 71
608 70
609 66
610 66
611 71
612 68
613 70
614 67
615 70
616 71
617 66
618 65
619 70
620 70
621 69
622 69
623 69
624 73
625 70
626 70
627 64
628 74
629 71
630 69
631 64
632 64
633 62
634 64
635 68
636 67
637 66
638 59
639 65
640 66
641 67
642 63
643 70
644 68
645 66
646 73
647 69
648 68
649 67
650 70
651 70
652 74
653 67
654 72
655 74
656 74
657 70
658 62
659 65
660 67
661 69
662 65
663 70
664 69
665 69
666 65
667 72
668 70
669 68
670 69
671 66
672 67
673 66
674 64
675 61
676 59
677 65
678 56
679 58
680 63
681 67
682 67
683 71
684 67
685 70
686 70
687 66
688 71
689 72
690 71
691 64
692 67
693 69
694 67
695 66
696 69
697 65
698 65
699 68
700 67
701 65
702 73
703 67
704 67
705 70
706 66
707 66
708 69
709 65
710 63
711 68
712 66
713 68
714 65
715 65
716 67
717 72
718 65
719 68
720 65
721 62
722 68
723 68
724 70
725 73
726 67
727 73
728 73
729 67
730 70
731 65
732 68
733 68
734 63
735 59
736 61
737 66
738 74
739 68
740 68
741 64
742 69
743 75
744 63
745 68
746 67
747 71
748 64
749 66
750 65
751 65
752 62
753 68
754 64
755 64
756 65
757 69
758 67
759 65
760 69
761 68
762 74
763 75
764 73
765 66
766 67
767 64
768 66
769 68
770 73
771 75
772 69
773 69
774 63
775 59
776 63
777 69
778 64
779 63
780 70
781 70
782 74
783 70
784 69
785 59
786 64
787 62
788 74
789 69
790 70
791 72
792 69
793 66
794 62
795 67
796 66
797 70
798 66
799 67
800 67
801 73
802 68
803 74
804 74
805 67
806 70
807 71
808 62
809 64
810 72
811 64
812 71
813 64
814 61
815 65
816 60
817 60
818 60
819 65
820 70
821 69
822 68
823 73
824 68
825 70
826 75
827 70
828 74
829 67
830 66
831 67
832 65
833 64
834 66
835 65
836 70
837 68
838 66
839 66
840 68
841 67
842 71
843 68
844 67
845 66
846 65
847 65
848 68
849 69
850 68
851 62
852 62
853 63
854 73
855 64
856 67
857 66
858 72
859 65
860 58
861 66
862 67
863 68
864 68
865 69
866 66
867 65
868 67
869 69
870 63
871 66
872 62
873 62
874 67
875 62
876 63
877 69
878 67
879 68
880 69
881 67
882 69
883 68
884 68
885 69
886 70
887 74
888 70
889 71
890 71
891 68
892 65
893 69
894 60
895 70
896 71
897 71
898 69
899 73
900 73
901 73
902 73
903 66
904 67
905 66
906 69
907 73
908 68
909 69
910 71
911 68
912 73
913 63
914 67
915 67
916 72
917 74
918 68
919 64
920 63
921 64
922 62
923 67
924 69
925 69
926 73
927 67
928 68
929 68
930 65
931 66
932 67
933 72
934 65
935 63
936 64
937 68
938 68
939 72
940 70
941 69
942 67
943 74
944 70
945 72
946 72
947 73
948 69
949 67
950 69
951 70
952 72
953 73
954 72
955 63
956 69
957 63
958 62
959 66
960 67
961 65
962 68
963 65
964 63
965 67
966 73
967 68
968 70
969 64
970 66
971 63
972 68
973 73
974 80
975 75
976 71
977 72
978 65
979 71
980 70
981 71
982 69
983 70
984 69
985 64
986 63
987 62
988 66
989 70
990 67
991 70
992 67
993 68
994 70
995 73
996 69
997 70
998 70
999 70
1000 69
