0 100
1 90
2 83
3 78
4 71
5 69
6 65
7 59
8 57
9 59
10 60
11 58
12 60
13 64
14 62
15 60
16 59
17 57
18 59
19 60
20 61
21 64
22 62
23 60
24 61
25 61
26 62
27 62
28 63
29 62
30 64
31 64
32 63
33 64
34 68
35 64
36 62
37 62
38 58
39 58
40 56
41 58
42 60
43 57
44 59
45 60
46 58
47 60
48 58
49 57
50 54
51 55
52 60
53 59
54 60
55 61
56 61
57 60
58 58
59 59
60 59
61 59
62 59
63 59
64 62
65 63
66 61
67 55
68 56
69 59
70 59
71 57
72 61
73 59
74 58
75 58
76 58
77 58
78 59
79 58
80 58
81 57
82 62
83 59
84 59
85 54
86 59
87 56
88 52
89 57
90 60
91 59
92 58
93 57
94 60
95 61
96 59
97 55
98 54
99 53
100 57
101 52
102 56
103 57
104 58
105 59
106 61
107 61
108 63
109 64
110 64
111 65
112 64
113 64
114 65
115 61
116 61
117 59
118 56
119 56
120 57
121 59
122 59
123 60
124 59
125 57
126 57
127 56
128 57
129 59
130 59
131 57
132 56
133 59
134 60
135 61
136 62
137 62
138 59
139 60
140 60
141 58
142 61
143 60
144 61
145 61
146 58
147 59
148 58
149 58
150 61
151 64
152 60
153 58
154 59
155 60
156 61
157 62
158 63
159 59
160 62
161 60
162 61
163 63
164 64
165 61
166 62
167 64
168 64
169 62
170 63
171 60
172 59
173 64
174 66
175 68
176 64
177 67
178 69
179 65
180 63
181 64
182 62
183 63
184 60
185 63
186 62
187 61
188 61
189 58
190 58
191 60
192 53
193 56
194 58
195 63
196 65
197 62
198 64
199 61
200 62
201 62
202 59
203 59
204 62
205 62
206 57
207 55
208 59
209 58
210 61
211 61
212 62
213 64
214 64
215 64
216 63
217 63
218 65
219 64
220 64
221 63
222 64
223 63
224 61
225 61
226 60
227 58
228 59
229 59
230 60
231 57
232 58
233 59
234 54
235 55
236 56
237 57
238 58
239 59
240 58
241 60
242 61
243 61
244 57
245 61
246 63
247 63
248 62
249 63
250 63
251 60
252 62
253 62
254 65
255 63
256 63
257 64
258 62
259 63
260 58
261 59
262 59
263 60
264 61
265 53
266 55
267 59
268 58
269 59
270 60
271 59
272 61
273 61
274 60
275 61
276 63
277 60
278 59
279 60
280 64
281 64
282 61
283 61
284 64
285 65
286 63
287 63
288 59
289 59
290 60
291 62
292 60
293 60
294 60
295 61
296 63
297 63
298 63
299 66
300 62
301 64
302 60
303 60
304 60
305 61
306 63
307 65
308 64
309 62
310 63
311 64
312 63
313 58
314 59
315 55
316 56
317 58
318 59
319 61
320 61
321 64
322 66
323 67
324 66
325 67
326 65
327 61
328 63
329 63
330 61
331 62
332 66
333 61
334 61
335 60
336 59
337 59
338 59
339 58
340 57
341 56
342 57
343 56
344 57
345 58
346 59
347 58
348 59
349 62
350 61
351 62
352 60
353 58
354 61
355 62
356 59
357 58
358 56
359 60
360 61
361 60
362 59
363 51
364 57
365 55
366 59
367 61
368 60
369 60
370 61
371 59
372 62
373 62
374 60
375 61
376 62
377 63
378 62
379 63
380 62
381 65
382 65
383 64
384 62
385 61
386 62
387 63
388 62
389 66
390 66
391 58
392 60
393 61
394 57
395 52
396 55
397 56
398 57
399 54
400 54
401 52
402 51
403 55
404 56
405 59
406 60
407 60
408 61
409 61
410 60
411 61
412 58
413 61
414 61
415 64
416 61
417 62
418 61
419 57
420 56
421 57
422 58
423 59
424 60
425 61
426 60
427 64
428 62
429 66
430 63
431 60
432 57
433 59
434 58
435 61
436 60
437 58
438 59
439 61
440 62
441 62
442 61
443 59
444 62
445 66
446 62
447 64
448 65
449 60
450 62
451 64
452 64
453 60
454 61
455 62
456 63
457 62
458 64
459 62
460 60
461 63
462 64
463 64
464 65
465 64
466 63
467 60
468 61
469 62
470 64
471 65
472 64
473 64
474 65
475 60
476 58
477 58
478 63
479 60
480 61
481 63
482 64
483 65
484 67
485 66
486 62
487 59
488 62
489 65
490 65
491 64
492 61
493 63
494 60
495 59
496 61
497 61
498 59
499 61
500 60
501 61
502 55
503 59
504 59
505 62
506 56
507 58
508 59
509 59
510 58
511 55
512 55
513 54
514 56
515 58
516 57
517 58
518 59
519 62
520 60
521 64
522 64
523 65
524 62
525 62
526 64
527 64
528 62
529 63
530 60
531 61
532 64
533 64
534 64
535 63
536 62
537 57
538 58
539 59
540 57
541 60
542 64
543 63
544 60
545 57
546 57
547 60
548 60
549 59
550 59
551 58
552 59
553 60
554 61
555 63
556 61
557 59
558 62
559 63
560 62
561 63
562 64
563 63
564 59
565 61
566 60
567 58
568 61
569 57
570 60
571 61
572 61
573 57
574 59
575 57
576 58
577 59
578 56
579 56
580 59
581 60
582 61
583 59
584 58
585 60
586 60
587 62
588 60
589 60
590 60
591 64
592 67
593 66
594 62
595 63
596 64
597 63
598 60
599 58
600 61
601 60
602 61
603 61
604 60
605 62
606 61
607 64
608 66
609 64
610 65
611 68
612 67
613 67
614 66
615 63
616 63
617 61
618 62
619 62
620 63
621 61
622 62
623 60
624 56
625 52
626 55
627 59
628 62
629 62
630 64
631 65
632 66
633 68
634 64
635 65
636 60
637 55
638 57
639 59
640 59
641 61
642 59
643 60
644 62
645 60
646 62
647 63
648 62
649 63
650 62
651 58
652 60
653 64
654 64
655 59
656 63
657 63
658 64
659 64
660 64
661 65
662 63
663 63
664 61
665 60
666 63
667 64
668 62
669 60
670 59
671 59
672 57
673 64
674 63
675 62
676 62
677 62
678 62
679 61
680 62
681 61
682 62
683 63
684 66
685 66
686 58
687 60
688 62
689 63
690 65
691 63
692 59
693 60
694 60
695 61
696 61
697 62
698 60
699 59
700 58
701 57
702 58
703 59
704 59
705 56
706 58
707 57
708 56
709 58
710 58
711 60
712 60
713 60
714 57
715 59
716 60
717 63
718 58
719 52
720 56
721 54
722 56
723 56
724 58
725 56
726 56
727 56
728 61
729 63
730 63
731 64
732 61
733 58
734 61
735 62
736 66
737 68
738 67
739 69
740 66
741 65
742 65
743 63
744 63
745 56
746 57
747 56
748 56
749 57
750 58
751 57
752 58
753 60
754 61
755 61
756 57
757 59
758 58
759 58
760 59
761 60
762 58
763 59
764 61
765 64
766 63
767 63
768 61
769 62
770 62
771 63
772 64
773 61
774 63
775 62
776 60
777 62
778 62
779 66
780 64
781 62
782 62
783 61
784 61
785 56
786 58
787 61
788 63
789 60
790 61
791 62
792 58
793 60
794 60
795 61
796 64
797 66
798 63
799 65
800 65
801 66
802 66
803 66
804 66
805 65
806 67
807 65
808 63
809 66
810 63
811 58
812 58
813 57
814 60
815 59
816 59
817 57
818 59
819 56
820 57
821 58
822 60
823 62
824 63
825 62
826 62
827 61
828 64
829 62
830 59
831 61
832 63
833 64
834 62
835 62
836 62
837 60
838 60
839 62
840 60
841 59
842 63
843 64
844 65
845 66
846 63
847 62
848 63
849 65
850 61
851 61
852 58
853 60
854 63
855 64
856 64
857 64
858 60
859 61
860 64
861 65
862 61
863 62
864 60
865 58
866 62
867 62
868 64
869 63
870 64
871 63
872 61
873 60
874 59
875 61
876 62
877 58
878 60
879 57
880 60
881 62
882 62
883 63
884 58
885 61
886 61
887 60
888 61
889 64
890 59
891 62
892 60
893 62
894 63
895 62
896 60
897 58
898 60
899 63
900 65
901 60
902 60
903 61
904 59
905 58
906 62
907 63
908 59
909 60
910 57
911 60
912 60
913 60
914 59
915 57
916 57
917 58
918 61
919 64
920 64
921 65
922 59
923 59
924 59
925 61
926 63
927 61
928 62
929 63
930 62
931 59
932 62
933 61
934 60
935 55
936 56
937 60
938 60
939 60
940 61
941 59
942 60
943 58
944 62
945 62
946 61
947 61
948 61
949 61
950 57
951 55
952 61
953 61
954 63
955 66
956 63
957 61
958 64
959 66
960 67
961 66
962 66
963 66
964 62
965 63
966 55
967 54
968 56
969 57
970 57
971 58
972 59
973 58
974 57
975 60
976 60
977 65
978 64
979 59
980 60
981 60
982 61
983 66
984 64
985 66
986 67
987 64
988 57
989 55
990 56
991 55
992 55
993 60
994 60
995 61
996 61
997 63
998 65
999 64
1000 65
