0 75
1 54
2 55
3 53
4 51
5 54
6 55
7 47
8 49
9 51
10 55
11 54
12 55
13 53
14 54
15 47
16 51
17 54
18 51
19 57
20 51
21 51
22 53
23 54
24 59
25 53
26 55
27 53
28 47
29 50
30 50
31 55
32 53
33 53
34 51
35 55
36 48
37 55
38 53
39 52
40 50
41 49
42 52
43 52
44 52
45 57
46 52
47 55
48 51
49 55
50 54
51 47
52 48
53 48
54 52
55 54
56 52
57 47
58 51
59 54
60 56
61 53
62 53
63 49
64 52
65 50
66 51
67 51
68 55
69 52
70 52
71 55
72 42
73 56
74 50
75 54
76 54
77 52
78 51
79 51
80 54
81 55
82 53
83 52
84 52
85 52
86 52
87 52
88 52
89 48
90 51
91 53
92 54
93 51
94 48
95 52
96 45
97 53
98 56
99 53
100 51
101 53
102 52
103 51
104 52
105 52
106 51
107 53
108 55
109 45
110 50
111 53
112 47
113 52
114 53
115 53
116 55
117 56
118 51
119 52
120 56
121 57
122 55
123 57
124 49
125 56
126 52
127 53
128 57
129 51
130 54
131 55
132 54
133 53
134 51
135 53
136 54
137 56
138 53
139 49
140 53
141 55
142 54
143 49
144 53
145 54
146 53
147 58
148 51
149 49
150 52
151 52
152 49
153 54
154 51
155 50
156 54
157 53
158 54
159 50
160 54
161 49
162 55
163 50
164 55
165 47
166 47
167 52
168 54
169 57
170 56
171 48
172 59
173 52
174 50
175 54
176 53
177 57
178 50
179 52
180 50
181 52
182 49
183 52
184 54
185 51
186 51
187 54
188 50
189 54
190 52
191 55
192 49
193 53
194 43
195 57
196 52
197 50
198 52
199 51
200 50
201 55
202 53
203 55
204 52
205 56
206 50
207 50
208 50
209 49
210 53
211 51
212 49
213 52
214 51
215 53
216 57
217 51
218 52
219 53
220 52
221 53
222 55
223 50
224 56
225 55
226 51
227 52
228 54
229 48
230 54
231 56
232 48
233 55
234 52
235 53
236 54
237 50
238 50
239 55
240 51
241 53
242 57
243 52
244 52
245 52
246 54
247 54
248 56
249 51
250 54
251 57
252 53
253 47
254 48
255 51
256 53
257 53
258 51
259 56
260 50
261 56
262 56
263 54
264 53
265 55
266 52
267 56
268 53
269 53
270 54
271 50
272 55
273 57
274 52
275 55
276 56
277 54
278 56
279 50
280 42
281 57
282 53
283 54
284 47
285 54
286 52
287 51
288 51
289 54
290 48
291 55
292 50
293 48
294 52
295 53
296 47
297 50
298 55
299 52
300 53
301 58
302 51
303 53
304 54
305 48
306 52
307 55
308 52
309 54
310 58
311 54
312 50
313 55
314 54
315 56
316 50
317 55
318 51
319 51
320 53
321 51
322 53
323 57
324 58
325 56
326 54
327 51
328 51
329 56
330 49
331 54
332 49
333 53
334 53
335 52
336 51
337 53
338 54
339 51
340 53
341 52
342 50
343 51
344 51
345 54
346 51
347 51
348 51
349 50
350 55
351 52
352 50
353 51
354 53
355 53
356 43
357 52
358 58
359 49
360 54
361 55
362 50
363 46
364 53
365 54
366 48
367 56
368 51
369 52
370 53
371 49
372 52
373 50
374 56
375 49
376 48
377 50
378 55
379 56
380 51
381 54
382 53
383 49
384 51
385 45
386 55
387 56
388 52
389 56
390 53
391 53
392 54
393 53
394 52
395 54
396 49
397 50
398 51
399 50
400 54
401 51
402 56
403 52
404 54
405 50
406 45
407 52
408 53
409 51
410 57
411 55
412 51
413 55
414 48
415 48
416 47
417 52
418 56
419 49
420 53
421 58
422 55
423 51
424 53
425 50
426 54
427 47
428 56
429 52
430 55
431 48
432 51
433 51
434 58
435 52
436 55
437 57
438 53
439 48
440 53
441 52
442 53
443 54
444 55
445 52
446 48
447 53
448 55
449 48
450 55
451 53
452 54
453 54
454 55
455 49
456 54
457 54
458 51
459 57
460 50
461 58
462 53
463 52
464 52
465 49
466 54
467 46
468 52
469 50
470 52
471 59
472 46
473 54
474 53
475 52
476 49
477 51
478 51
479 51
480 50
481 51
482 55
483 56
484 58
485 57
486 52
487 51
488 52
489 57
490 52
491 54
492 48
493 56
494 54
495 52
496 48
497 49
498 53
499 50
500 52
501 47
502 50
503 55
504 52
505 51
506 53
507 49
508 53
509 51
510 53
511 53
512 45
513 56
514 52
515 58
516 53
517 53
518 51
519 50
520 57
521 56
522 52
523 53
524 54
525 57
526 51
527 53
528 46
529 43
530 52
531 49
532 55
533 51
534 51
535 56
536 52
537 55
538 48
539 57
540 52
541 55
542 51
543 52
544 56
545 51
546 53
547 53
548 53
549 54
550 57
551 52
552 54
553 46
554 55
555 52
556 47
557 50
558 52
559 53
560 55
561 54
562 53
563 56
564 53
565 56
566 50
567 55
568 47
569 53
570 54
571 56
572 54
573 46
574 55
575 54
576 53
577 48
578 51
579 48
580 57
581 55
582 53
583 53
584 56
585 56
586 53
587 50
588 54
589 53
590 52
591 54
592 51
593 51
594 50
595 49
596 53
597 53
598 53
599 52
600 49
601 55
602 51
603 53
604 55
605 56
606 56
607 52
608 51
609 50
610 52
611 54
612 48
613 51
614 49
615 52
616 54
617 53
618 56
619 47
620 48
621 56
622 54
623 50
624 60
625 53
626 52
627 50
628 52
629 49
630 52
631 50
632 54
633 56
634 51
635 52
636 52
637 51
638 52
639 54
640 50
641 56
642 53
643 56
644 49
645 50
646 56
647 46
648 53
649 54
650 46
651 47
652 52
653 55
654 55
655 48
656 44
657 47
658 55
659 53
660 53
661 53
662 56
663 53
664 48
665 46
666 53
667 51
668 52
669 52
670 55
671 55
672 53
673 54
674 50
675 46
676 53
677 51
678 50
679 50
680 51
681 53
682 52
683 52
684 51
685 52
686 56
687 54
688 53
689 49
690 54
691 57
692 56
693 51
694 55
695 53
696 52
697 53
698 55
699 52
700 56
701 55
702 52
703 54
704 55
705 58
706 54
707 57
708 52
709 51
710 52
711 51
712 49
713 51
714 52
715 55
716 55
717 54
718 52
719 52
720 49
721 54
722 58
723 59
724 51
725 52
726 55
727 52
728 53
729 53
730 52
731 48
732 51
733 54
734 55
735 49
736 54
737 48
738 54
739 50
740 52
741 56
742 54
743 49
744 59
745 52
746 53
747 53
748 51
749 47
750 47
751 55
752 52
753 51
754 54
755 53
756 54
757 51
758 53
759 54
760 59
761 55
762 46
763 52
764 55
765 50
766 54
767 49
768 55
769 57
770 52
771 52
772 52
773 50
774 50
775 52
776 59
777 53
778 51
779 53
780 52
781 51
782 55
783 52
784 52
785 49
786 51
787 54
788 53
789 59
790 53
791 54
792 47
793 52
794 44
795 51
796 56
797 54
798 52
799 50
800 51
801 52
802 51
803 53
804 55
805 57
806 51
807 54
808 53
809 52
810 56
811 54
812 55
813 52
814 52
815 51
816 58
817 54
818 55
819 56
820 54
821 48
822 48
823 54
824 47
825 56
826 53
827 55
828 43
829 53
830 54
831 53
832 52
833 54
834 55
835 54
836 52
837 51
838 49
839 51
840 56
841 49
842 51
843 54
844 54
845 52
846 55
847 56
848 50
849 52
850 46
851 46
852 51
853 55
854 56
855 52
856 53
857 58
858 55
859 52
860 55
861 57
862 49
863 52
864 53
865 55
866 52
867 55
868 55
869 54
870 52
871 57
872 56
873 54
874 55
875 58
876 48
877 51
878 54
879 56
880 54
881 46
882 52
883 55
884 49
885 55
886 56
887 52
888 50
889 51
890 47
891 47
892 56
893 54
894 56
895 52
896 56
897 52
898 52
899 55
900 51
901 51
902 50
903 55
904 56
905 50
906 56
907 51
908 52
909 50
910 54
911 54
912 56
913 54
914 55
915 53
916 54
917 49
918 53
919 54
920 48
921 53
922 54
923 53
924 51
925 50
926 51
927 50
928 51
929 54
930 55
931 57
932 53
933 48
934 55
935 50
936 51
937 49
938 53
939 53
940 53
941 53
942 51
943 51
944 56
945 53
946 46
947 51
948 55
949 52
950 54
951 52
952 57
953 50
954 52
955 50
956 57
957 43
958 49
959 51
960 52
961 54
962 50
963 54
964 55
965 51
966 50
967 53
968 53
969 51
970 57
971 54
972 53
973 54
974 58
975 56
976 52
977 46
978 56
979 51
980 52
981 53
982 47
983 54
984 55
985 47
986 50
987 51
988 51
989 51
990 49
991 49
992 52
993 54
994 56
995 51
996 55
997 53
998 54
999 49
1000 55
