0 85
1 84
2 83
3 82
4 80
5 78
6 76
7 73
8 71
9 70
10 70
11 69
12 66
13 65
14 64
15 62
16 61
17 60
18 59
19 59
20 59
21 58
22 57
23 56
24 54
25 52
26 49
27 49
28 46
29 44
30 43
31 42
32 42
33 41
34 39
35 39
36 39
37 39
38 39
39 39
40 39
41 38
42 37
43 38
44 36
45 35
46 35
47 35
48 35
49 35
50 35
51 35
52 34
53 34
54 34
55 34
56 34
57 33
58 33
59 32
60 32
61 31
62 31
63 30
64 30
65 29
66 29
67 29
68 29
69 29
70 28
71 28
72 28
73 28
74 28
75 27
76 27
77 28
78 27
79 27
80 28
81 29
82 29
83 29
84 30
85 30
86 30
87 30
88 29
89 29
90 29
91 28
92 27
93 28
94 29
95 28
96 28
97 29
98 29
99 29
100 28
101 28
102 27
103 27
104 27
105 28
106 28
107 27
108 26
109 25
110 25
111 25
112 25
113 24
114 25
115 25
116 27
117 27
118 27
119 28
120 28
121 28
122 29
123 29
124 29
125 29
126 30
127 29
128 29
129 31
130 32
131 31
132 31
133 31
134 31
135 32
136 32
137 31
138 31
139 30
140 30
141 30
142 29
143 27
144 27
145 27
146 27
147 27
148 27
149 27
150 27
151 27
152 28
153 26
154 24
155 24
156 25
157 25
158 25
159 25
160 25
161 25
162 24
163 24
164 26
165 26
166 26
167 25
168 26
169 26
170 26
171 26
172 26
173 26
174 26
175 26
176 26
177 26
178 27
179 27
180 28
181 29
182 29
183 29
184 29
185 29
186 27
187 27
188 28
189 28
190 27
191 26
192 27
193 27
194 27
195 26
196 26
197 25
198 24
199 24
200 25
201 25
202 25
203 24
204 23
205 24
206 25
207 25
208 25
209 25
210 25
211 25
212 24
213 24
214 25
215 24
216 23
217 23
218 23
219 22
220 22
221 22
222 23
223 21
224 21
225 21
226 22
227 23
228 23
229 23
230 23
231 23
232 23
233 24
234 24
235 24
236 22
237 22
238 23
239 23
240 23
241 22
242 22
243 22
244 22
245 23
246 22
247 21
248 20
249 20
250 21
251 19
252 21
253 20
254 20
255 20
256 21
257 21
258 20
259 20
260 20
261 21
262 21
263 22
264 22
265 22
266 21
267 21
268 22
269 22
270 21
271 20
272 20
273 20
274 20
275 20
276 20
277 20
278 20
279 20
280 22
281 23
282 21
283 21
284 21
285 21
286 22
287 23
288 23
289 24
290 23
291 24
292 25
293 25
294 25
295 25
296 25
297 25
298 25
299 24
300 24
301 24
302 24
303 24
304 23
305 22
306 22
307 22
308 22
309 21
310 21
311 22
312 22
313 22
314 22
315 23
316 23
317 23
318 22
319 22
320 22
321 22
322 22
323 23
324 23
325 24
326 25
327 24
328 24
329 24
330 24
331 22
332 21
333 21
334 21
335 22
336 22
337 20
338 20
339 19
340 19
341 19
342 19
343 19
344 19
345 18
346 19
347 19
348 20
349 21
350 22
351 22
352 23
353 23
354 22
355 20
356 22
357 22
358 22
359 23
360 23
361 23
362 22
363 22
364 22
365 22
366 22
367 22
368 22
369 22
370 22
371 21
372 21
373 21
374 21
375 21
376 21
377 20
378 21
379 21
380 22
381 22
382 23
383 22
384 22
385 23
386 23
387 23
388 24
389 25
390 24
391 24
392 23
393 23
394 22
395 21
396 21
397 20
398 19
399 19
400 19
401 19
402 20
403 20
404 21
405 21
406 21
407 22
408 22
409 21
410 22
411 21
412 22
413 22
414 22
415 21
416 20
417 21
418 21
419 21
420 21
421 21
422 22
423 22
424 22
425 23
426 22
427 23
428 23
429 23
430 23
431 22
432 22
433 20
434 22
435 23
436 22
437 21
438 20
439 21
440 21
441 21
442 22
443 22
444 22
445 22
446 23
447 22
448 21
449 20
450 21
451 21
452 21
453 19
454 18
455 17
456 17
457 17
458 18
459 19
460 19
461 20
462 21
463 20
464 19
465 19
466 19
467 17
468 19
469 20
470 21
471 21
472 22
473 22
474 22
475 22
476 21
477 21
478 20
479 20
480 20
481 20
482 21
483 21
484 22
485 22
486 23
487 23
488 23
489 24
490 24
491 25
492 24
493 23
494 22
495 22
496 23
497 23
498 23
499 23
500 24
501 23
502 22
503 23
504 23
505 23
506 23
507 24
508 22
509 22
510 22
511 22
512 22
513 23
514 22
515 21
516 22
517 22
518 22
519 21
520 20
521 20
522 20
523 19
524 18
525 18
526 18
527 20
528 19
529 18
530 19
531 19
532 20
533 19
534 20
535 20
536 20
537 20
538 20
539 20
540 19
541 19
542 20
543 21
544 21
545 22
546 23
547 23
548 23
549 24
550 23
551 23
552 24
553 25
554 25
555 25
556 24
557 24
558 24
559 24
560 25
561 24
562 25
563 25
564 26
565 26
566 26
567 26
568 26
569 26
570 26
571 27
572 27
573 27
574 27
575 27
576 27
577 26
578 27
579 27
580 27
581 28
582 28
583 28
584 28
585 28
586 29
587 28
588 27
589 27
590 28
591 28
592 27
593 27
594 25
595 25
596 25
597 24
598 24
599 24
600 24
601 25
602 26
603 27
604 27
605 26
606 27
607 27
608 27
609 27
610 28
611 28
612 27
613 27
614 26
615 27
616 27
617 27
618 27
619 27
620 27
621 25
622 25
623 25
624 25
625 25
626 26
627 26
628 27
629 27
630 27
631 27
632 27
633 26
634 26
635 26
636 27
637 27
638 27
639 27
640 28
641 28
642 27
643 28
644 27
645 27
646 26
647 25
648 24
649 25
650 26
651 26
652 25
653 25
654 25
655 24
656 24
657 25
658 24
659 24
660 24
661 25
662 25
663 25
664 25
665 25
666 25
667 24
668 24
669 24
670 22
671 21
672 21
673 21
674 20
675 20
676 21
677 21
678 21
679 21
680 22
681 23
682 23
683 23
684 23
685 23
686 23
687 23
688 23
689 22
690 22
691 22
692 22
693 22
694 22
695 22
696 22
697 23
698 23
699 23
700 23
701 23
702 22
703 23
704 23
705 24
706 24
707 24
708 25
709 24
710 25
711 25
712 26
713 25
714 25
715 23
716 23
717 24
718 25
719 23
720 23
721 23
722 22
723 22
724 21
725 21
726 21
727 22
728 21
729 21
730 22
731 21
732 21
733 22
734 23
735 25
736 25
737 25
738 25
739 24
740 23
741 23
742 23
743 23
744 23
745 24
746 22
747 23
748 23
749 24
750 25
751 26
752 26
753 26
754 25
755 25
756 25
757 25
758 25
759 25
760 26
761 26
762 26
763 27
764 27
765 27
766 26
767 25
768 25
769 26
770 26
771 26
772 27
773 26
774 26
775 25
776 23
777 24
778 24
779 22
780 21
781 21
782 21
783 21
784 21
785 21
786 22
787 22
788 22
789 22
790 22
791 22
792 22
793 22
794 22
795 22
796 23
797 23
798 23
799 23
800 24
801 23
802 23
803 24
804 25
805 25
806 25
807 24
808 25
809 25
810 24
811 25
812 24
813 24
814 23
815 22
816 23
817 22
818 22
819 22
820 23
821 23
822 22
823 21
824 21
825 21
826 20
827 20
828 19
829 20
830 20
831 19
832 19
833 20
834 20
835 20
836 21
837 21
838 21
839 20
840 20
841 20
842 20
843 20
844 20
845 20
846 20
847 18
848 18
849 20
850 21
851 21
852 21
853 22
854 23
855 23
856 23
857 23
858 23
859 23
860 22
861 23
862 23
863 23
864 22
865 22
866 22
867 22
868 22
869 23
870 22
871 21
872 21
873 20
874 20
875 19
876 19
877 19
878 18
879 19
880 19
881 20
882 19
883 17
884 18
885 18
886 17
887 17
888 16
889 16
890 18
891 20
892 19
893 17
894 18
895 18
896 19
897 19
898 19
899 19
900 19
901 19
902 19
903 20
904 19
905 20
906 20
907 20
908 19
909 19
910 20
911 21
912 21
913 20
914 20
915 20
916 20
917 21
918 21
919 19
920 20
921 20
922 19
923 19
924 19
925 19
926 19
927 19
928 18
929 18
930 19
931 19
932 19
933 19
934 20
935 20
936 21
937 22
938 23
939 23
940 24
941 24
942 24
943 24
944 24
945 25
946 25
947 25
948 25
949 26
950 26
951 26
952 25
953 24
954 24
955 24
956 25
957 25
958 25
959 25
960 24
961 23
962 25
963 24
964 24
965 24
966 25
967 25
968 25
969 26
970 26
971 26
972 25
973 25
974 24
975 24
976 24
977 24
978 24
979 24
980 25
981 25
982 25
983 26
984 26
985 28
986 29
987 29
988 29
989 28
990 28
991 28
992 28
993 29
994 28
995 27
996 26
997 27
998 27
999 27
1000 27
