0 40
1 31
2 25
3 30
4 29
5 29
6 28
7 29
8 25
9 26
10 25
11 26
12 28
13 27
14 27
15 26
16 26
17 30
18 29
19 27
20 25
21 29
22 32
23 31
24 25
25 28
26 31
27 28
28 26
29 28
30 31
31 30
32 29
33 27
34 29
35 27
36 24
37 25
38 32
39 29
40 30
41 30
42 30
43 33
44 27
45 30
46 29
47 27
48 28
49 28
50 25
51 28
52 28
53 27
54 27
55 31
56 28
57 27
58 24
59 28
60 30
61 30
62 32
63 30
64 29
65 27
66 27
67 27
68 29
69 30
70 27
71 27
72 28
73 28
74 26
75 27
76 35
77 29
78 29
79 25
80 27
81 28
82 28
83 25
84 28
85 27
86 29
87 27
88 26
89 29
90 30
91 29
92 27
93 28
94 28
95 26
96 26
97 25
98 26
99 25
100 23
101 29
102 30
103 27
104 29
105 25
106 27
107 28
108 29
109 32
110 31
111 31
112 27
113 27
114 27
115 29
116 29
117 29
118 28
119 30
120 26
121 28
122 30
123 27
124 28
125 24
126 23
127 22
128 30
129 28
130 30
131 30
132 31
133 26
134 29
135 26
136 26
137 25
138 30
139 32
140 29
141 33
142 26
143 29
144 28
145 27
146 30
147 24
148 30
149 29
150 30
151 27
152 28
153 28
154 27
155 25
156 28
157 22
158 24
159 26
160 25
161 29
162 24
163 29
164 29
165 28
166 29
167 31
168 27
169 27
170 27
171 30
172 27
173 31
174 26
175 29
176 29
177 25
178 28
179 28
180 27
181 26
182 31
183 26
184 30
185 26
186 33
187 27
188 26
189 31
190 29
191 31
192 28
193 28
194 29
195 30
196 25
197 22
198 28
199 31
200 29
201 30
202 29
203 28
204 24
205 27
206 25
207 27
208 29
209 27
210 25
211 30
212 29
213 28
214 25
215 27
216 29
217 29
218 27
219 24
220 25
221 28
222 25
223 28
224 30
225 25
226 26
227 31
228 32
229 27
230 28
231 29
232 29
233 24
234 27
235 28
236 29
237 25
238 32
239 33
240 31
241 30
242 30
243 27
244 27
245 30
246 31
247 30
248 20
249 28
250 30
251 27
252 31
253 31
254 27
255 25
256 32
257 28
258 29
259 30
260 29
261 33
262 31
263 30
264 24
265 27
266 27
267 28
268 26
269 31
270 32
271 30
272 29
273 29
274 26
275 29
276 29
277 32
278 29
279 31
280 29
281 28
282 31
283 32
284 26
285 28
286 30
287 31
288 27
289 28
290 28
291 30
292 32
293 30
294 31
295 27
296 25
297 27
298 26
299 28
300 31
301 30
302 31
303 32
304 29
305 27
306 29
307 29
308 30
309 28
310 28
311 25
312 31
313 31
314 30
315 31
316 30
317 29
318 27
319 30
320 29
321 31
322 34
323 31
324 27
325 27
326 28
327 28
328 30
329 28
330 26
331 23
332 25
333 28
334 33
335 29
336 29
337 25
338 25
339 30
340 29
341 25
342 24
343 24
344 28
345 26
346 30
347 27
348 29
349 24
350 29
351 29
352 28
353 32
354 26
355 26
356 28
357 29
358 26
359 25
360 23
361 30
362 29
363 26
364 32
365 28
366 27
367 25
368 26
369 27
370 28
371 23
372 29
373 30
374 25
375 22
376 20
377 28
378 30
379 27
380 29
381 30
382 23
383 27
384 27
385 27
386 30
387 29
388 28
389 27
390 26
391 27
392 31
393 27
394 30
395 25
396 30
397 27
398 31
399 28
400 27
401 25
402 26
403 30
404 26
405 26
406 26
407 23
408 28
409 32
410 25
411 24
412 29
413 29
414 31
415 27
416 27
417 28
418 27
419 31
420 26
421 28
422 26
423 28
424 23
425 28
426 33
427 27
428 27
429 29
430 31
431 33
432 28
433 28
434 29
435 26
436 23
437 26
438 28
439 24
440 28
441 28
442 32
443 29
444 27
445 28
446 26
447 26
448 29
449 29
450 29
451 30
452 27
453 27
454 30
455 28
456 24
457 25
458 29
459 27
460 29
461 26
462 27
463 26
464 30
465 34
466 27
467 25
468 22
469 24
470 26
471 28
472 33
473 27
474 26
475 27
476 28
477 25
478 28
479 23
480 28
481 29
482 24
483 24
484 27
485 28
486 30
487 28
488 28
489 29
490 26
491 25
492 29
493 30
494 27
495 31
496 30
497 30
498 31
499 26
500 29
501 28
502 23
503 27
504 28
505 26
506 32
507 26
508 31
509 33
510 30
511 28
512 23
513 28
514 26
515 33
516 28
517 30
518 27
519 27
520 28
521 30
522 34
523 31
524 29
525 29
526 28
527 28
528 29
529 27
530 31
531 29
532 31
533 33
534 27
535 29
536 29
537 27
538 29
539 29
540 28
541 27
542 28
543 30
544 26
545 27
546 26
547 28
548 27
549 27
550 28
551 27
552 27
553 31
554 28
555 32
556 27
557 29
558 28
559 28
560 27
561 33
562 28
563 26
564 26
565 26
566 26
567 25
568 23
569 25
570 24
571 27
572 27
573 24
574 27
575 24
576 27
577 25
578 28
579 28
580 28
581 29
582 29
583 26
584 26
585 29
586 28
587 24
588 29
589 25
590 28
591 30
592 27
593 26
594 28
595 28
596 25
597 31
598 28
599 29
600 22
601 24
602 26
603 29
604 30
605 26
606 27
607 26
608 28
609 23
610 27
611 30
612 30
613 26
614 31
615 24
616 23
617 23
618 28
619 27
620 29
621 28
622 23
623 30
624 27
625 32
626 31
627 25
628 27
629 28
630 29
631 29
632 28
633 30
634 31
635 29
636 31
637 36
638 32
639 29
640 27
641 25
642 30
643 23
644 28
645 30
646 26
647 29
648 28
649 29
650 29
651 30
652 28
653 26
654 26
655 26
656 25
657 26
658 31
659 30
660 30
661 28
662 28
663 28
664 22
665 23
666 24
667 23
668 27
669 27
670 26
671 29
672 31
673 27
674 30
675 24
676 26
677 31
678 28
679 29
680 26
681 30
682 26
683 27
684 26
685 27
686 28
687 28
688 27
689 28
690 30
691 30
692 29
693 24
694 25
695 30
696 30
697 31
698 31
699 27
700 20
701 29
702 26
703 30
704 29
705 29
706 28
707 23
708 27
709 31
710 33
711 28
712 28
713 25
714 27
715 30
716 31
717 29
718 27
719 30
720 29
721 28
722 29
723 28
724 28
725 29
726 26
727 31
728 29
729 29
730 26
731 28
732 33
733 33
734 26
735 24
736 24
737 26
738 26
739 28
740 34
741 30
742 30
743 27
744 29
745 29
746 27
747 25
748 29
749 27
750 30
751 27
752 28
753 27
754 26
755 28
756 28
757 31
758 27
759 29
760 28
761 29
762 28
763 29
764 27
765 28
766 28
767 30
768 24
769 24
770 25
771 28
772 28
773 28
774 25
775 24
776 31
777 28
778 33
779 27
780 31
781 26
782 28
783 28
784 22
785 27
786 22
787 25
788 29
789 28
790 29
791 30
792 27
793 25
794 29
795 24
796 29
797 27
798 27
799 30
800 31
801 26
802 29
803 30
804 33
805 29
806 29
807 31
808 32
809 26
810 28
811 30
812 31
813 33
814 29
815 29
816 25
817 26
818 27
819 28
820 31
821 29
822 27
823 28
824 28
825 25
826 27
827 26
828 27
829 27
830 23
831 24
832 29
833 30
834 28
835 28
836 33
837 28
838 31
839 29
840 27
841 29
842 27
843 27
844 27
845 27
846 27
847 28
848 26
849 27
850 30
851 26
852 25
853 28
854 25
855 25
856 26
857 25
858 30
859 29
860 31
861 29
862 29
863 28
864 28
865 29
866 31
867 29
868 29
869 26
870 23
871 23
872 21
873 26
874 29
875 24
876 26
877 31
878 29
879 31
880 25
881 27
882 27
883 29
884 28
885 31
886 28
887 28
888 29
889 29
890 27
891 29
892 32
893 26
894 27
895 31
896 31
897 28
898 32
899 29
900 29
901 34
902 27
903 31
904 29
905 27
906 33
907 29
908 28
909 32
910 24
911 25
912 27
913 28
914 31
915 29
916 29
917 27
918 26
919 24
920 29
921 24
922 26
923 27
924 27
925 28
926 28
927 29
928 27
929 27
930 28
931 26
932 28
933 27
934 29
935 29
936 25
937 28
938 27
939 27
940 27
941 28
942 27
943 30
944 30
945 30
946 29
947 24
948 33
949 28
950 23
951 30
952 28
953 30
954 29
955 32
956 27
957 27
958 28
959 30
960 27
961 27
962 27
963 29
964 26
965 22
966 28
967 28
968 24
969 24
970 26
971 24
972 27
973 26
974 30
975 26
976 28
977 23
978 27
979 29
980 30
981 30
982 30
983 31
984 28
985 31
986 27
987 30
988 27
989 28
990 30
991 28
992 29
993 28
994 24
995 30
996 32
997 32
998 32
999 29
1000 30
