0 90
1 77
2 72
3 68
4 65
5 61
6 60
7 59
8 57
9 59
10 56
11 57
12 51
13 52
14 50
15 52
16 53
17 51
18 52
19 51
20 51
21 54
22 55
23 56
24 55
25 54
26 55
27 51
28 51
29 52
30 51
31 52
32 52
33 54
34 52
35 50
36 48
37 48
38 48
39 50
40 47
41 47
42 48
43 48
44 48
45 50
46 54
47 54
48 55
49 56
50 54
51 54
52 52
53 52
54 56
55 53
56 56
57 54
58 51
59 53
60 53
61 51
62 51
63 50
64 51
65 51
66 50
67 50
68 48
69 50
70 49
71 50
72 50
73 49
74 50
75 51
76 47
77 47
78 47
79 50
80 47
81 50
82 50
83 51
84 50
85 53
86 52
87 51
88 48
89 51
90 53
91 51
92 51
93 54
94 53
95 52
96 48
97 45
98 47
99 49
100 46
101 46
102 48
103 48
104 50
105 49
106 49
107 49
108 51
109 49
110 50
111 54
112 55
113 57
114 52
115 52
116 52
117 54
118 53
119 51
120 51
121 53
122 53
123 54
124 54
125 51
126 53
127 54
128 56
129 56
130 56
131 54
132 54
133 55
134 56
135 56
136 56
137 56
138 55
139 55
140 59
141 57
142 54
143 53
144 51
145 50
146 52
147 56
148 53
149 55
150 57
151 57
152 50
153 50
154 47
155 46
156 46
157 48
158 48
159 51
160 49
161 53
162 52
163 55
164 53
165 53
166 53
167 55
168 56
169 52
170 51
171 51
172 51
173 43
174 46
175 46
176 48
177 50
178 50
179 52
180 50
181 52
182 54
183 55
184 51
185 52
186 56
187 53
188 54
189 55
190 56
191 56
192 54
193 51
194 52
195 52
196 52
197 52
198 51
199 52
200 54
201 50
202 51
203 51
204 50
205 51
206 52
207 50
208 51
209 53
210 53
211 54
212 56
213 55
214 55
215 56
216 52
217 51
218 52
219 47
220 50
221 53
222 52
223 50
224 52
225 52
226 53
227 52
228 53
229 52
230 49
231 52
232 51
233 49
234 49
235 49
236 52
237 54
238 56
239 56
240 56
241 54
242 53
243 51
244 55
245 53
246 55
247 57
248 56
249 54
250 51
251 50
252 53
253 55
254 53
255 53
256 55
257 54
258 55
259 54
260 55
261 54
262 53
263 55
264 57
265 55
266 55
267 53
268 50
269 49
270 50
271 50
272 49
273 51
274 54
275 53
276 53
277 56
278 55
279 50
280 50
281 50
282 53
283 54
284 55
285 57
286 54
287 51
288 50
289 50
290 51
291 48
292 48
293 50
294 50
295 50
296 49
297 45
298 46
299 49
300 48
301 50
302 49
303 52
304 52
305 51
306 52
307 51
308 52
309 50
310 50
311 51
312 51
313 52
314 54
315 54
316 53
317 53
318 53
319 55
320 56
321 54
322 56
323 54
324 56
325 56
326 54
327 55
328 52
329 52
330 55
331 55
332 52
333 52
334 51
335 53
336 52
337 52
338 53
339 53
340 54
341 53
342 52
343 52
344 51
345 51
346 54
347 54
348 54
349 51
350 51
351 50
352 51
353 48
354 50
355 50
356 49
357 52
358 49
359 49
360 54
361 55
362 57
363 56
364 56
365 57
366 54
367 51
368 53
369 52
370 51
371 51
372 51
373 54
374 53
375 51
376 52
377 51
378 52
379 50
380 52
381 50
382 49
383 51
384 50
385 51
386 52
387 53
388 56
389 54
390 55
391 51
392 54
393 52
394 51
395 52
396 52
397 52
398 52
399 54
400 55
401 52
402 49
403 50
404 51
405 53
406 55
407 49
408 51
409 51
410 48
411 49
412 48
413 47
414 51
415 53
416 52
417 52
418 53
419 53
420 53
421 50
422 48
423 49
424 51
425 49
426 48
427 51
428 48
429 48
430 45
431 45
432 48
433 49
434 50
435 49
436 50
437 51
438 48
439 48
440 45
441 45
442 47
443 50
444 52
445 53
446 51
447 50
448 51
449 53
450 54
451 53
452 54
453 52
454 53
455 53
456 51
457 52
458 54
459 55
460 56
461 56
462 56
463 56
464 55
465 54
466 55
467 54
468 52
469 53
470 54
471 51
472 54
473 55
474 53
475 52
476 53
477 53
478 54
479 53
480 51
481 50
482 51
483 53
484 54
485 53
486 56
487 55
488 53
489 50
490 47
491 47
492 47
493 47
494 48
495 49
496 48
497 52
498 52
499 52
500 54
501 53
502 53
503 55
504 54
505 53
506 53
507 52
508 50
509 52
510 53
511 56
512 56
513 57
514 56
515 57
516 57
517 53
518 51
519 51
520 47
521 47
522 49
523 53
524 54
525 54
526 54
527 49
528 47
529 51
530 52
531 50
532 50
533 49
534 52
535 52
536 53
537 52
538 45
539 48
540 50
541 52
542 52
543 51
544 52
545 50
546 51
547 50
548 48
549 48
550 46
551 49
552 47
553 42
554 46
555 43
556 45
557 48
558 49
559 45
560 45
561 47
562 46
563 48
564 48
565 47
566 49
567 47
568 47
569 48
570 49
571 52
572 49
573 51
574 48
575 52
576 53
577 52
578 53
579 53
580 52
581 48
582 52
583 52
584 52
585 50
586 47
587 48
588 50
589 49
590 49
591 48
592 50
593 51
594 53
595 56
596 56
597 55
598 53
599 54
600 56
601 56
602 56
603 55
604 55
605 53
606 53
607 49
608 49
609 47
610 46
611 44
612 44
613 47
614 48
615 49
616 47
617 48
618 48
619 48
620 48
621 49
622 53
623 54
624 55
625 51
626 50
627 52
628 53
629 53
630 53
631 54
632 51
633 46
634 48
635 50
636 50
637 51
638 48
639 49
640 50
641 49
642 50
643 48
644 48
645 48
646 49
647 49
648 51
649 53
650 50
651 50
652 50
653 53
654 53
655 54
656 51
657 49
658 51
659 52
660 51
661 47
662 47
663 49
664 50
665 49
666 54
667 54
668 53
669 50
670 54
671 53
672 51
673 52
674 50
675 50
676 48
677 49
678 52
679 50
680 49
681 49
682 49
683 52
684 53
685 49
686 50
687 49
688 52
689 52
690 54
691 54
692 53
693 54
694 54
695 54
696 55
697 54
698 51
699 51
700 51
701 50
702 52
703 52
704 51
705 51
706 49
707 47
708 45
709 49
710 53
711 54
712 50
713 51
714 49
715 50
716 47
717 48
718 50
719 49
720 49
721 49
722 51
723 50
724 49
725 50
726 49
727 50
728 49
729 51
730 53
731 53
732 51
733 52
734 50
735 51
736 49
737 51
738 51
739 49
740 48
741 47
742 51
743 54
744 54
745 55
746 55
747 56
748 56
749 51
750 53
751 50
752 53
753 52
754 54
755 53
756 55
757 58
758 58
759 54
760 56
761 54
762 53
763 52
764 51
765 48
766 51
767 50
768 50
769 51
770 49
771 54
772 53
773 54
774 54
775 56
776 57
777 57
778 59
779 56
780 57
781 53
782 51
783 52
784 49
785 48
786 49
787 47
788 52
789 53
790 52
791 53
792 53
793 53
794 55
795 57
796 56
797 53
798 54
799 49
800 49
801 46
802 48
803 51
804 54
805 50
806 51
807 52
808 50
809 48
810 49
811 50
812 51
813 50
814 51
815 51
816 52
817 54
818 54
819 51
820 52
821 55
822 56
823 56
824 55
825 52
826 53
827 49
828 47
829 49
830 49
831 50
832 52
833 50
834 50
835 52
836 51
837 48
838 48
839 51
840 49
841 48
842 50
843 50
844 53
845 54
846 54
847 53
848 53
849 48
850 49
851 50
852 49
853 49
854 50
855 46
856 48
857 50
858 50
859 50
860 51
861 53
862 54
863 50
864 53
865 51
866 53
867 52
868 51
869 50
870 50
871 49
872 53
873 49
874 50
875 49
876 50
877 52
878 52
879 51
880 52
881 55
882 56
883 55
884 54
885 51
886 54
887 57
888 57
889 57
890 57
891 54
892 53
893 48
894 50
895 50
896 50
897 48
898 49
899 48
900 45
901 48
902 49
903 49
904 49
905 51
906 52
907 49
908 49
909 54
910 53
911 53
912 56
913 53
914 54
915 55
916 57
917 54
918 52
919 55
920 54
921 55
922 53
923 51
924 48
925 51
926 51
927 51
928 51
929 51
930 51
931 53
932 51
933 50
934 51
935 51
936 53
937 50
938 51
939 52
940 52
941 48
942 49
943 50
944 49
945 48
946 51
947 52
948 52
949 53
950 56
951 55
952 54
953 54
954 51
955 53
956 58
957 58
958 56
959 51
960 51
961 51
962 51
963 53
964 53
965 53
966 51
967 51
968 48
969 52
970 49
971 50
972 48
973 49
974 51
975 49
976 49
977 48
978 48
979 50
980 48
981 48
982 47
983 48
984 51
985 51
986 48
987 46
988 47
989 47
990 50
991 49
992 47
993 48
994 48
995 47
996 49
997 51
998 50
999 51
1000 49
