0 90
1 65
2 64
3 68
4 65
5 66
6 68
7 61
8 65
9 63
10 61
11 62
12 54
13 66
14 63
15 68
16 65
17 66
18 67
19 62
20 59
21 57
22 56
23 59
24 62
25 61
26 65
27 59
28 61
29 62
30 62
31 64
32 59
33 61
34 66
35 67
36 63
37 60
38 63
39 67
40 64
41 61
42 66
43 66
44 60
45 67
46 64
47 64
48 61
49 67
50 68
51 64
52 61
53 65
54 63
55 62
56 64
57 60
58 59
59 61
60 63
61 56
62 62
63 64
64 58
65 62
66 65
67 68
68 64
69 66
70 67
71 57
72 60
73 61
74 61
75 58
76 69
77 67
78 62
79 66
80 64
81 61
82 64
83 62
84 63
85 60
86 64
87 65
88 63
89 62
90 66
91 70
92 61
93 61
94 61
95 72
96 61
97 65
98 53
99 60
100 62
101 62
102 62
103 68
104 65
105 64
106 62
107 64
108 63
109 65
110 61
111 55
112 65
113 66
114 58
115 63
116 65
117 65
118 65
119 57
120 64
121 64
122 63
123 64
124 63
125 60
126 60
127 67
128 59
129 65
130 64
131 58
132 56
133 61
134 63
135 62
136 63
137 62
138 60
139 63
140 62
141 61
142 63
143 61
144 65
145 62
146 67
147 64
148 61
149 63
150 64
151 66
152 66
153 62
154 58
155 63
156 63
157 67
158 65
159 58
160 60
161 62
162 63
163 66
164 64
165 68
166 65
167 68
168 62
169 65
170 67
171 61
172 61
173 56
174 65
175 63
176 65
177 64
178 60
179 59
180 65
181 60
182 66
183 65
184 64
185 67
186 65
187 59
188 66
189 64
190 67
191 66
192 66
193 63
194 63
195 62
196 59
197 62
198 61
199 63
200 66
201 60
202 65
203 60
204 66
205 63
206 60
207 62
208 62
209 64
210 64
211 61
212 63
213 61
214 64
215 64
216 65
217 53
218 63
219 63
220 60
221 58
222 59
223 62
224 63
225 64
226 61
227 63
228 65
229 69
230 68
231 61
232 64
233 65
234 61
235 65
236 61
237 63
238 66
239 60
240 62
241 64
242 63
243 65
244 65
245 67
246 67
247 61
248 62
249 68
250 63
251 68
252 64
253 57
254 59
255 63
256 62
257 62
258 67
259 61
260 65
261 66
262 67
263 65
264 64
265 64
266 69
267 63
268 64
269 61
270 69
271 66
272 57
273 61
274 61
275 63
276 68
277 65
278 62
279 62
280 60
281 65
282 66
283 63
284 65
285 66
286 66
287 61
288 63
289 65
290 62
291 68
292 62
293 62
294 60
295 61
296 64
297 59
298 63
299 64
300 62
301 53
302 63
303 60
304 63
305 67
306 63
307 63
308 61
309 66
310 66
311 65
312 61
313 63
314 63
315 62
316 64
317 64
318 64
319 62
320 59
321 61
322 65
323 64
324 67
325 64
326 70
327 67
328 61
329 61
330 60
331 62
332 61
333 66
334 62
335 61
336 68
337 70
338 61
339 64
340 65
341 64
342 62
343 59
344 65
345 66
346 66
347 65
348 63
349 59
350 63
351 55
352 51
353 63
354 63
355 61
356 61
357 60
358 61
359 58
360 63
361 68
362 66
363 65
364 58
365 63
366 64
367 67
368 63
369 61
370 57
371 62
372 57
373 61
374 60
375 60
376 63
377 58
378 62
379 61
380 65
381 65
382 64
383 59
384 62
385 60
386 63
387 56
388 68
389 59
390 63
391 65
392 66
393 63
394 63
395 61
396 60
397 56
398 57
399 64
400 62
401 63
402 60
403 61
404 61
405 64
406 65
407 61
408 57
409 58
410 67
411 60
412 66
413 60
414 64
415 61
416 63
417 65
418 62
419 65
420 62
421 60
422 66
423 64
424 62
425 64
426 65
427 60
428 58
429 64
430 62
431 62
432 63
433 63
434 64
435 68
436 60
437 60
438 63
439 66
440 65
441 62
442 62
443 60
444 65
445 69
446 59
447 63
448 65
449 63
450 65
451 66
452 61
453 64
454 60
455 60
456 64
457 63
458 64
459 64
460 64
461 66
462 64
463 62
464 62
465 59
466 67
467 62
468 61
469 63
470 65
471 64
472 64
473 62
474 67
475 64
476 67
477 65
478 58
479 66
480 63
481 65
482 65
483 61
484 64
485 63
486 62
487 64
488 69
489 63
490 64
491 64
492 55
493 57
494 65
495 63
496 66
497 61
498 69
499 63
500 66
501 66
502 61
503 71
504 67
505 60
506 58
507 63
508 62
509 60
510 65
511 66
512 67
513 61
514 61
515 59
516 64
517 61
518 61
519 63
520 65
521 64
522 63
523 66
524 60
525 64
526 59
527 63
528 61
529 64
530 70
531 63
532 66
533 65
534 62
535 65
536 68
537 66
538 65
539 68
540 61
541 65
542 64
543 61
544 65
545 62
546 56
547 63
548 59
549 65
550 58
551 63
552 57
553 62
554 64
555 66
556 64
557 67
558 66
559 62
560 60
561 63
562 68
563 70
564 61
565 61
566 63
567 55
568 60
569 65
570 62
571 59
572 54
573 64
574 63
575 62
576 63
577 64
578 64
579 65
580 60
581 67
582 62
583 64
584 65
585 60
586 62
587 64
588 62
589 63
590 61
591 61
592 61
593 56
594 61
595 62
596 65
597 63
598 64
599 72
600 62
601 60
602 68
603 60
604 59
605 65
606 66
607 66
608 63
609 64
610 66
611 65
612 64
613 60
614 61
615 62
616 63
617 62
618 56
619 53
620 60
621 60
622 63
623 61
624 64
625 58
626 63
627 62
628 65
629 62
630 54
631 65
632 63
633 61
634 57
635 61
636 66
637 65
638 63
639 63
640 65
641 61
642 57
643 63
644 66
645 64
646 58
647 67
648 63
649 62
650 63
651 60
652 60
653 65
654 65
655 60
656 61
657 61
658 66
659 63
660 67
661 64
662 64
663 64
664 64
665 60
666 63
667 61
668 69
669 56
670 60
671 65
672 61
673 62
674 66
675 63
676 61
677 55
678 56
679 60
680 62
681 64
682 63
683 63
684 68
685 63
686 57
687 66
688 70
689 58
690 68
691 58
692 62
693 67
694 64
695 60
696 58
697 52
698 62
699 69
700 64
701 60
702 66
703 61
704 58
705 60
706 60
707 56
708 60
709 53
710 61
711 61
712 62
713 59
714 67
715 66
716 61
717 64
718 66
719 63
720 61
721 63
722 69
723 63
724 64
725 67
726 64
727 64
728 62
729 64
730 59
731 66
732 64
733 66
734 66
735 62
736 60
737 63
738 65
739 61
740 53
741 62
742 65
743 62
744 64
745 63
746 68
747 66
748 60
749 58
750 62
751 60
752 62
753 65
754 63
755 66
756 65
757 58
758 62
759 59
760 62
761 63
762 65
763 64
764 65
765 58
766 60
767 55
768 58
769 58
770 61
771 59
772 61
773 64
774 64
775 69
776 65
777 65
778 62
779 60
780 63
781 65
782 59
783 63
784 64
785 60
786 63
787 66
788 60
789 63
790 65
791 62
792 63
793 65
794 64
795 64
796 68
797 60
798 64
799 65
800 60
801 58
802 62
803 61
804 63
805 64
806 65
807 63
808 61
809 58
810 58
811 67
812 63
813 59
814 60
815 63
816 61
817 60
818 62
819 69
820 59
821 62
822 59
823 60
824 61
825 60
826 64
827 65
828 67
829 67
830 66
831 64
832 61
833 60
834 65
835 62
836 60
837 64
838 66
839 62
840 61
841 65
842 67
843 60
844 63
845 60
846 66
847 67
848 67
849 59
850 65
851 66
852 68
853 62
854 63
855 62
856 60
857 61
858 65
859 57
860 65
861 60
862 70
863 61
864 61
865 63
866 70
867 59
868 57
869 66
870 65
871 56
872 66
873 66
874 66
875 59
876 61
877 59
878 58
879 62
880 65
881 61
882 61
883 63
884 63
885 59
886 64
887 67
888 66
889 62
890 67
891 67
892 61
893 60
894 61
895 61
896 71
897 68
898 63
899 59
900 60
901 59
902 63
903 63
904 64
905 60
906 60
907 62
908 64
909 64
910 69
911 63
912 64
913 61
914 62
915 63
916 55
917 62
918 62
919 63
920 65
921 61
922 56
923 67
924 62
925 62
926 67
927 64
928 63
929 58
930 65
931 60
932 65
933 58
934 65
935 63
936 62
937 66
938 65
939 66
940 66
941 58
942 67
943 65
944 63
945 66
946 59
947 64
948 64
949 64
950 61
951 62
952 64
953 60
954 64
955 62
956 64
957 66
958 60
959 56
960 60
961 65
962 63
963 63
964 64
965 58
966 63
967 62
968 64
969 59
970 58
971 64
972 66
973 65
974 62
975 60
976 63
977 63
978 59
979 61
980 65
981 62
982 59
983 56
984 67
985 64
986 62
987 63
988 67
989 63
990 62
991 63
992 62
993 59
994 61
995 61
996 64
997 56
998 63
999 66
1000 66
