0 30
1 20
2 22
3 22
4 21
5 19
6 17
7 20
8 21
9 16
10 19
11 18
12 20
13 18
14 22
15 21
16 22
17 18
18 23
19 20
20 21
21 22
22 19
23 19
24 22
25 17
26 19
27 19
28 20
29 24
30 22
31 19
32 20
33 19
34 22
35 20
36 21
37 22
38 19
39 22
40 22
41 21
42 20
43 16
44 19
45 20
46 21
47 18
48 22
49 20
50 19
51 17
52 20
53 20
54 21
55 21
56 20
57 22
58 20
59 21
60 19
61 15
62 18
63 22
64 19
65 20
66 20
67 21
68 18
69 18
70 21
71 15
72 18
73 18
74 21
75 20
76 17
77 20
78 20
79 19
80 18
81 19
82 20
83 22
84 20
85 23
86 15
87 19
88 20
89 19
90 23
91 22
92 23
93 22
94 20
95 16
96 19
97 19
98 21
99 21
100 20
101 20
102 21
103 22
104 22
105 19
106 22
107 20
108 19
109 22
110 19
111 19
112 20
113 19
114 18
115 21
116 17
117 19
118 19
119 20
120 18
121 17
122 19
123 18
124 19
125 18
126 20
127 19
128 22
129 22
130 21
131 19
132 23
133 21
134 18
135 18
136 20
137 20
138 16
139 19
140 17
141 20
142 19
143 20
144 22
145 18
146 17
147 18
148 19
149 21
150 20
151 21
152 22
153 23
154 20
155 20
156 21
157 22
158 18
159 22
160 19
161 18
162 18
163 18
164 18
165 20
166 21
167 20
168 17
169 21
170 19
171 20
172 20
173 17
174 19
175 20
176 23
177 18
178 17
179 20
180 21
181 21
182 20
183 19
184 20
185 20
186 19
187 20
188 18
189 21
190 21
191 20
192 19
193 20
194 21
195 20
196 21
197 16
198 17
199 21
200 17
201 18
202 20
203 18
204 19
205 18
206 18
207 17
208 18
209 21
210 20
211 21
212 21
213 18
214 22
215 17
216 21
217 21
218 16
219 20
220 20
221 18
222 22
223 17
224 20
225 21
226 19
227 19
228 15
229 19
230 15
231 20
232 20
233 18
234 16
235 20
236 22
237 18
238 17
239 19
240 20
241 23
242 20
243 19
244 21
245 22
246 19
247 21
248 22
249 19
250 22
251 18
252 19
253 20
254 18
255 19
256 19
257 22
258 20
259 21
260 22
261 19
262 18
263 22
264 19
265 19
266 21
267 21
268 17
269 18
270 21
271 21
272 19
273 19
274 24
275 21
276 21
277 19
278 21
279 21
280 19
281 21
282 23
283 17
284 19
285 16
286 17
287 21
288 21
289 20
290 19
291 21
292 20
293 18
294 18
295 20
296 21
297 21
298 20
299 17
300 23
301 23
302 23
303 19
304 18
305 19
306 20
307 20
308 19
309 20
310 21
311 19
312 19
313 16
314 18
315 20
316 21
317 20
318 23
319 21
320 17
321 20
322 20
323 21
324 21
325 22
326 21
327 18
328 20
329 20
330 20
331 19
332 19
333 19
334 20
335 17
336 18
337 15
338 22
339 19
340 22
341 20
342 20
343 21
344 20
345 20
346 19
347 18
348 19
349 21
350 21
351 21
352 21
353 19
354 21
355 21
356 21
357 20
358 19
359 18
360 21
361 23
362 20
363 18
364 20
365 19
366 21
367 21
368 22
369 23
370 20
371 21
372 18
373 19
374 20
375 20
376 20
377 20
378 22
379 20
380 20
381 21
382 20
383 19
384 19
385 21
386 21
387 20
388 20
389 22
390 19
391 19
392 17
393 16
394 22
395 22
396 17
397 22
398 20
399 18
400 20
401 21
402 20
403 20
404 21
405 23
406 18
407 18
408 18
409 19
410 20
411 21
412 20
413 24
414 24
415 17
416 20
417 20
418 22
419 20
420 21
421 20
422 21
423 20
424 20
425 21
426 21
427 21
428 20
429 16
430 18
431 18
432 22
433 20
434 18
435 18
436 20
437 21
438 21
439 20
440 18
441 21
442 19
443 20
444 22
445 22
446 19
447 19
448 19
449 20
450 20
451 22
452 18
453 21
454 21
455 18
456 20
457 19
458 18
459 20
460 19
461 21
462 21
463 22
464 20
465 18
466 20
467 18
468 18
469 20
470 18
471 20
472 19
473 23
474 22
475 20
476 17
477 20
478 22
479 20
480 17
481 20
482 20
483 21
484 18
485 20
486 20
487 15
488 18
489 21
490 21
491 18
492 20
493 21
494 15
495 20
496 19
497 18
498 20
499 18
500 20
501 18
502 21
503 20
504 21
505 17
506 20
507 21
508 17
509 19
510 17
511 19
512 17
513 19
514 22
515 17
516 20
517 19
518 21
519 21
520 22
521 18
522 19
523 21
524 20
525 19
526 22
527 19
528 19
529 17
530 15
531 20
532 20
533 22
534 20
535 19
536 20
537 22
538 20
539 17
540 19
541 18
542 20
543 21
544 21
545 21
546 21
547 22
548 20
549 21
550 20
551 25
552 19
553 22
554 21
555 21
556 19
557 20
558 18
559 22
560 19
561 18
562 22
563 22
564 18
565 22
566 21
567 20
568 18
569 20
570 21
571 20
572 17
573 22
574 20
575 22
576 20
577 21
578 18
579 19
580 22
581 19
582 20
583 23
584 18
585 20
586 19
587 19
588 20
589 22
590 22
591 19
592 21
593 17
594 19
595 19
596 17
597 19
598 20
599 19
600 20
601 22
602 17
603 20
604 18
605 22
606 19
607 19
608 22
609 21
610 19
611 17
612 20
613 19
614 22
615 21
616 22
617 20
618 21
619 20
620 21
621 21
622 21
623 19
624 18
625 19
626 20
627 21
628 20
629 19
630 21
631 23
632 21
633 22
634 19
635 20
636 18
637 20
638 21
639 21
640 20
641 19
642 20
643 18
644 22
645 22
646 22
647 19
648 18
649 20
650 16
651 19
652 21
653 18
654 20
655 19
656 20
657 22
658 17
659 18
660 15
661 20
662 22
663 16
664 19
665 23
666 21
667 20
668 18
669 18
670 21
671 20
672 20
673 19
674 20
675 16
676 20
677 19
678 19
679 19
680 20
681 22
682 20
683 19
684 18
685 18
686 19
687 22
688 20
689 21
690 21
691 18
692 20
693 21
694 20
695 19
696 21
697 21
698 21
699 17
700 18
701 22
702 18
703 18
704 16
705 20
706 21
707 19
708 21
709 22
710 21
711 17
712 18
713 18
714 19
715 18
716 18
717 14
718 19
719 16
720 18
721 20
722 18
723 19
724 19
725 21
726 19
727 19
728 18
729 20
730 18
731 19
732 20
733 18
734 19
735 20
736 21
737 21
738 20
739 19
740 23
741 19
742 21
743 23
744 19
745 22
746 21
747 19
748 19
749 16
750 17
751 19
752 21
753 22
754 19
755 20
756 19
757 18
758 22
759 21
760 17
761 18
762 17
763 18
764 21
765 18
766 18
767 20
768 22
769 23
770 14
771 14
772 20
773 20
774 16
775 15
776 19
777 17
778 17
779 20
780 25
781 22
782 22
783 22
784 18
785 18
786 19
787 22
788 21
789 21
790 20
791 21
792 19
793 16
794 19
795 21
796 20
797 17
798 20
799 19
800 19
801 20
802 20
803 19
804 20
805 19
806 18
807 22
808 20
809 23
810 19
811 17
812 16
813 20
814 21
815 22
816 19
817 18
818 20
819 19
820 19
821 19
822 21
823 20
824 21
825 19
826 22
827 19
828 20
829 17
830 19
831 18
832 18
833 22
834 20
835 18
836 20
837 17
838 18
839 19
840 20
841 23
842 23
843 19
844 21
845 18
846 20
847 24
848 22
849 21
850 19
851 21
852 20
853 19
854 18
855 19
856 18
857 19
858 17
859 16
860 18
861 20
862 22
863 20
864 21
865 22
866 22
867 22
868 21
869 16
870 18
871 21
872 21
873 22
874 21
875 24
876 17
877 20
878 17
879 20
880 21
881 19
882 20
883 17
884 21
885 21
886 21
887 22
888 18
889 19
890 19
891 18
892 19
893 22
894 20
895 20
896 20
897 19
898 22
899 20
900 21
901 21
902 21
903 18
904 19
905 21
906 19
907 22
908 21
909 20
910 19
911 20
912 18
913 18
914 20
915 18
916 20
917 21
918 18
919 15
920 18
921 19
922 21
923 21
924 18
925 19
926 23
927 23
928 22
929 22
930 19
931 17
932 19
933 20
934 18
935 22
936 16
937 19
938 18
939 19
940 23
941 21
942 20
943 22
944 22
945 18
946 22
947 22
948 20
949 19
950 20
951 17
952 20
953 19
954 20
955 20
956 19
957 17
958 15
959 21
960 20
961 18
962 23
963 20
964 18
965 25
966 23
967 18
968 18
969 22
970 20
971 20
972 19
973 22
974 21
975 19
976 18
977 19
978 17
979 22
980 19
981 22
982 21
983 19
984 19
985 19
986 21
987 21
988 19
989 16
990 19
991 20
992 18
993 19
994 21
995 20
996 19
997 19
998 23
999 18
1000 15
