0 80
1 73
2 69
3 64
4 60
5 62
6 60
7 59
8 59
9 57
10 61
11 57
12 53
13 55
14 57
15 59
16 58
17 57
18 58
19 59
20 54
21 57
22 56
23 54
24 55
25 50
26 50
27 52
28 55
29 52
30 51
31 53
32 57
33 56
34 55
35 56
36 59
37 54
38 53
39 48
40 45
41 49
42 48
43 50
44 48
45 45
46 49
47 48
48 51
49 58
50 52
51 53
52 52
53 52
54 49
55 51
56 54
57 54
58 53
59 51
60 58
61 58
62 61
63 60
64 58
65 59
66 62
67 61
68 59
69 55
70 58
71 59
72 57
73 58
74 59
75 60
76 63
77 57
78 55
79 59
80 55
81 53
82 53
83 55
84 57
85 53
86 55
87 58
88 58
89 58
90 55
91 50
92 47
93 52
94 53
95 53
96 53
97 53
98 52
99 55
100 56
101 55
102 55
103 54
104 54
105 52
106 48
107 48
108 52
109 55
110 53
111 52
112 55
113 59
114 54
115 56
116 58
117 56
118 54
119 54
120 54
121 57
122 54
123 54
124 56
125 57
126 57
127 58
128 60
129 60
130 56
131 56
132 56
133 57
134 58
135 58
136 56
137 57
138 58
139 59
140 60
141 60
142 58
143 51
144 53
145 49
146 51
147 54
148 55
149 57
150 56
151 55
152 51
153 53
154 57
155 60
156 58
157 57
158 56
159 53
160 56
161 50
162 52
163 53
164 51
165 49
166 48
167 50
168 51
169 47
170 51
171 55
172 53
173 55
174 55
175 56
176 53
177 52
178 51
179 52
180 53
181 57
182 55
183 55
184 54
185 55
186 55
187 56
188 58
189 58
190 56
191 54
192 53
193 55
194 50
195 54
196 53
197 55
198 56
199 57
200 54
201 57
202 53
203 52
204 55
205 58
206 58
207 58
208 60
209 58
210 56
211 48
212 54
213 57
214 59
215 57
216 56
217 57
218 51
219 53
220 49
221 54
222 53
223 53
224 54
225 53
226 57
227 58
228 56
229 50
230 49
231 51
232 49
233 54
234 55
235 54
236 53
237 53
238 56
239 58
240 53
241 55
242 57
243 56
244 58
245 56
246 54
247 54
248 57
249 58
250 58
251 55
252 56
253 55
254 59
255 56
256 51
257 51
258 51
259 52
260 54
261 56
262 55
263 55
264 53
265 58
266 55
267 54
268 56
269 57
270 60
271 62
272 58
273 57
274 54
275 55
276 54
277 53
278 53
279 54
280 53
281 52
282 51
283 49
284 50
285 52
286 52
287 51
288 54
289 56
290 55
291 56
292 58
293 55
294 56
295 55
296 56
297 55
298 55
299 54
300 54
301 55
302 57
303 57
304 55
305 56
306 58
307 57
308 58
309 53
310 54
311 54
312 47
313 50
314 53
315 52
316 51
317 50
318 45
319 47
320 47
321 46
322 47
323 47
324 51
325 52
326 50
327 57
328 50
329 54
330 55
331 55
332 53
333 54
334 58
335 60
336 59
337 58
338 60
339 62
340 62
341 59
342 56
343 54
344 55
345 58
346 53
347 53
348 56
349 55
350 59
351 50
352 48
353 49
354 52
355 51
356 47
357 49
358 52
359 52
360 50
361 52
362 50
363 49
364 52
365 58
366 61
367 59
368 57
369 51
370 53
371 51
372 50
373 50
374 52
375 52
376 54
377 55
378 54
379 51
380 59
381 62
382 62
383 58
384 61
385 55
386 57
387 59
388 62
389 60
390 58
391 57
392 58
393 61
394 61
395 59
396 56
397 54
398 54
399 59
400 62
401 56
402 60
403 60
404 54
405 51
406 49
407 48
408 49
409 52
410 54
411 50
412 50
413 51
414 52
415 55
416 56
417 61
418 62
419 61
420 58
421 54
422 55
423 56
424 57
425 53
426 57
427 55
428 53
429 53
430 56
431 55
432 53
433 54
434 51
435 54
436 50
437 50
438 50
439 51
440 52
441 52
442 52
443 51
444 55
445 57
446 58
447 57
448 60
449 62
450 61
451 64
452 59
453 60
454 59
455 59
456 55
457 55
458 53
459 53
460 55
461 56
462 56
463 58
464 56
465 53
466 53
467 55
468 55
469 52
470 54
471 57
472 58
473 56
474 57
475 56
476 55
477 56
478 59
479 58
480 53
481 52
482 55
483 53
484 55
485 60
486 59
487 57
488 55
489 53
490 54
491 51
492 50
493 53
494 59
495 60
496 58
497 55
498 57
499 59
500 57
501 56
502 53
503 54
504 53
505 55
506 49
507 51
508 53
509 52
510 53
511 56
512 55
513 55
514 56
515 52
516 55
517 55
518 54
519 53
520 52
521 52
522 51
523 56
524 59
525 57
526 59
527 56
528 56
529 54
530 58
531 58
532 59
533 55
534 57
535 59
536 60
537 58
538 55
539 58
540 57
541 57
542 56
543 57
544 56
545 58
546 63
547 63
548 63
549 62
550 65
551 62
552 62
553 59
554 57
555 56
556 55
557 56
558 57
559 60
560 60
561 59
562 61
563 58
564 57
565 57
566 57
567 55
568 58
569 56
570 54
571 53
572 52
573 55
574 58
575 58
576 58
577 59
578 53
579 55
580 55
581 56
582 54
583 53
584 48
585 48
586 49
587 50
588 55
589 57
590 60
591 60
592 58
593 55
594 53
595 52
596 48
597 47
598 49
599 51
600 54
601 58
602 55
603 59
604 56
605 56
606 54
607 53
608 52
609 49
610 43
611 48
612 52
613 56
614 53
615 51
616 55
617 55
618 60
619 59
620 60
621 58
622 53
623 52
624 53
625 50
626 52
627 53
628 57
629 60
630 57
631 54
632 52
633 55
634 56
635 55
636 57
637 53
638 59
639 57
640 57
641 59
642 59
643 54
644 54
645 53
646 54
647 56
648 55
649 54
650 53
651 55
652 58
653 54
654 54
655 51
656 55
657 55
658 51
659 52
660 53
661 54
662 55
663 58
664 58
665 57
666 59
667 59
668 60
669 59
670 57
671 57
672 56
673 53
674 56
675 56
676 59
677 59
678 55
679 55
680 55
681 56
682 55
683 59
684 58
685 56
686 59
687 58
688 57
689 56
690 57
691 54
692 51
693 52
694 52
695 55
696 53
697 51
698 50
699 53
700 58
701 52
702 52
703 55
704 57
705 56
706 57
707 54
708 54
709 54
710 50
711 50
712 49
713 56
714 54
715 56
716 54
717 53
718 50
719 53
720 49
721 50
722 48
723 44
724 47
725 48
726 46
727 49
728 50
729 53
730 57
731 53
732 56
733 54
734 54
735 53
736 49
737 53
738 56
739 57
740 59
741 61
742 62
743 59
744 57
745 57
746 55
747 55
748 57
749 52
750 51
751 48
752 50
753 52
754 57
755 50
756 53
757 53
758 53
759 55
760 51
761 50
762 53
763 56
764 55
765 50
766 51
767 54
768 55
769 53
770 53
771 49
772 53
773 53
774 47
775 49
776 53
777 51
778 51
779 52
780 58
781 58
782 58
783 60
784 59
785 58
786 57
787 56
788 55
789 57
790 56
791 55
792 58
793 60
794 60
795 60
796 61
797 60
798 60
799 58
800 60
801 55
802 51
803 48
804 49
805 49
806 55
807 57
808 52
809 55
810 55
811 54
812 54
813 56
814 54
815 52
816 54
817 56
818 52
819 47
820 50
821 50
822 51
823 49
824 50
825 51
826 51
827 55
828 52
829 53
830 53
831 54
832 55
833 53
834 54
835 54
836 49
837 52
838 49
839 51
840 51
841 50
842 50
843 51
844 52
845 52
846 49
847 53
848 53
849 55
850 56
851 56
852 55
853 54
854 58
855 54
856 52
857 53
858 54
859 52
860 52
861 54
862 55
863 56
864 54
865 57
866 60
867 61
868 59
869 59
870 59
871 60
872 56
873 55
874 57
875 57
876 54
877 52
878 53
879 54
880 57
881 61
882 61
883 59
884 56
885 51
886 54
887 55
888 55
889 57
890 58
891 56
892 53
893 52
894 55
895 60
896 62
897 61
898 60
899 59
900 58
901 56
902 58
903 54
904 56
905 52
906 52
907 54
908 58
909 57
910 60
911 54
912 51
913 56
914 55
915 55
916 59
917 56
918 55
919 53
920 50
921 53
922 55
923 52
924 53
925 54
926 52
927 49
928 47
929 47
930 45
931 44
932 42
933 46
934 50
935 50
936 51
937 50
938 52
939 55
940 55
941 52
942 53
943 53
944 54
945 52
946 55
947 53
948 56
949 58
950 61
951 59
952 62
953 63
954 65
955 63
956 61
957 61
958 58
959 60
960 60
961 60
962 60
963 59
964 56
965 54
966 57
967 57
968 57
969 57
970 57
971 52
972 50
973 48
974 53
975 55
976 56
977 55
978 55
979 54
980 57
981 58
982 54
983 54
984 56
985 55
986 56
987 58
988 60
989 60
990 59
991 62
992 66
993 65
994 60
995 58
996 58
997 56
998 55
999 57
1000 57
