0 25
1 20
2 16
3 17
4 14
5 16
6 17
7 14
8 18
9 17
10 16
11 15
12 18
13 19
14 17
15 19
16 18
17 18
18 17
19 17
20 20
21 17
22 19
23 17
24 17
25 19
26 17
27 17
28 18
29 20
30 19
31 15
32 20
33 19
34 21
35 17
36 17
37 18
38 18
39 15
40 15
41 18
42 17
43 17
44 20
45 16
46 14
47 17
48 19
49 16
50 16
51 16
52 15
53 14
54 17
55 13
56 15
57 19
58 17
59 19
60 15
61 15
62 14
63 13
64 18
65 18
66 16
67 16
68 17
69 17
70 16
71 15
72 18
73 16
74 17
75 16
76 20
77 14
78 19
79 14
80 18
81 19
82 16
83 16
84 17
85 17
86 16
87 19
88 20
89 17
90 17
91 19
92 16
93 17
94 17
95 16
96 17
97 16
98 18
99 15
100 18
101 16
102 17
103 17
104 18
105 14
106 13
107 18
108 14
109 17
110 18
111 19
112 21
113 19
114 15
115 19
116 17
117 15
118 15
119 16
120 18
121 17
122 19
123 19
124 17
125 19
126 18
127 19
128 17
129 16
130 15
131 16
132 19
133 17
134 16
135 17
136 13
137 14
138 14
139 17
140 15
141 15
142 14
143 16
144 14
145 16
146 18
147 18
148 20
149 16
150 16
151 18
152 18
153 18
154 16
155 19
156 17
157 18
158 17
159 19
160 17
161 19
162 19
163 13
164 18
165 16
166 13
167 15
168 17
169 18
170 19
171 19
172 17
173 16
174 17
175 18
176 17
177 19
178 20
179 18
180 15
181 17
182 18
183 19
184 20
185 17
186 16
187 16
188 17
189 19
190 20
191 19
192 19
193 15
194 18
195 16
196 16
197 17
198 17
199 18
200 17
201 17
202 18
203 19
204 19
205 19
206 19
207 15
208 17
209 16
210 19
211 17
212 17
213 15
214 17
215 13
216 16
217 18
218 19
219 19
220 16
221 18
222 17
223 18
224 18
225 19
226 16
227 15
228 14
229 15
230 14
231 16
232 16
233 13
234 17
235 15
236 18
237 18
238 16
239 17
240 19
241 17
242 19
243 17
244 18
245 18
246 17
247 18
248 17
249 19
250 20
251 18
252 18
253 14
254 12
255 15
256 13
257 16
258 16
259 18
260 16
261 15
262 17
263 17
264 19
265 18
266 17
267 18
268 18
269 18
270 16
271 17
272 21
273 18
274 20
275 17
276 19
277 18
278 18
279 17
280 18
281 16
282 16
283 17
284 14
285 13
286 14
287 15
288 16
289 18
290 17
291 17
292 16
293 17
294 15
295 16
296 18
297 19
298 18
299 18
300 13
301 16
302 15
303 18
304 16
305 16
306 17
307 18
308 17
309 17
310 11
311 14
312 17
313 16
314 17
315 18
316 18
317 15
318 18
319 16
320 17
321 13
322 16
323 15
324 16
325 16
326 18
327 17
328 18
329 14
330 18
331 17
332 14
333 13
334 14
335 16
336 15
337 15
338 17
339 17
340 19
341 17
342 14
343 17
344 19
345 18
346 18
347 17
348 15
349 15
350 17
351 12
352 15
353 18
354 17
355 17
356 19
357 18
358 16
359 16
360 18
361 20
362 14
363 15
364 16
365 13
366 13
367 19
368 17
369 17
370 17
371 15
372 18
373 18
374 19
375 15
376 11
377 14
378 12
379 18
380 15
381 17
382 15
383 18
384 19
385 19
386 15
387 19
388 16
389 14
390 14
391 15
392 16
393 14
394 19
395 17
396 16
397 11
398 13
399 15
400 14
401 19
402 16
403 19
404 19
405 19
406 18
407 20
408 18
409 16
410 17
411 18
412 16
413 17
414 12
415 15
416 18
417 16
418 15
419 19
420 19
421 17
422 20
423 18
424 15
425 19
426 19
427 18
428 19
429 16
430 15
431 18
432 17
433 14
434 13
435 15
436 19
437 18
438 20
439 17
440 15
441 14
442 15
443 18
444 16
445 10
446 15
447 19
448 16
449 18
450 18
451 19
452 20
453 19
454 20
455 17
456 18
457 19
458 17
459 18
460 15
461 15
462 17
463 21
464 19
465 18
466 20
467 19
468 17
469 18
470 16
471 15
472 18
473 19
474 20
475 19
476 16
477 14
478 16
479 19
480 18
481 15
482 18
483 16
484 17
485 17
486 17
487 20
488 17
489 17
490 16
491 16
492 19
493 18
494 16
495 20
496 17
497 18
498 17
499 18
500 16
501 19
502 21
503 18
504 19
505 18
506 18
507 16
508 18
509 18
510 17
511 16
512 17
513 14
514 13
515 17
516 19
517 19
518 16
519 15
520 20
521 17
522 19
523 15
524 11
525 13
526 19
527 19
528 17
529 17
530 15
531 16
532 15
533 15
534 18
535 18
536 19
537 18
538 18
539 17
540 14
541 16
542 14
543 19
544 17
545 17
546 12
547 14
548 18
549 20
550 22
551 17
552 15
553 19
554 17
555 20
556 15
557 15
558 18
559 18
560 19
561 19
562 18
563 17
564 17
565 16
566 17
567 16
568 18
569 18
570 20
571 21
572 18
573 16
574 19
575 19
576 16
577 17
578 20
579 18
580 15
581 19
582 17
583 16
584 18
585 18
586 20
587 19
588 18
589 16
590 20
591 19
592 16
593 17
594 19
595 17
596 18
597 16
598 16
599 19
600 18
601 17
602 17
603 17
604 19
605 16
606 19
607 18
608 18
609 17
610 19
611 19
612 18
613 17
614 15
615 17
616 15
617 15
618 18
619 21
620 17
621 15
622 18
623 18
624 18
625 17
626 14
627 15
628 17
629 14
630 16
631 16
632 16
633 16
634 13
635 17
636 16
637 17
638 17
639 18
640 18
641 18
642 15
643 16
644 17
645 18
646 18
647 18
648 17
649 19
650 18
651 17
652 17
653 19
654 16
655 16
656 19
657 18
658 17
659 17
660 15
661 18
662 17
663 16
664 17
665 18
666 19
667 20
668 19
669 20
670 18
671 17
672 18
673 16
674 18
675 20
676 18
677 15
678 16
679 18
680 17
681 18
682 17
683 18
684 17
685 18
686 17
687 17
688 18
689 18
690 15
691 17
692 12
693 12
694 14
695 14
696 15
697 12
698 13
699 14
700 14
701 16
702 19
703 15
704 17
705 16
706 18
707 21
708 20
709 18
710 15
711 17
712 19
713 16
714 17
715 18
716 18
717 21
718 17
719 18
720 19
721 20
722 19
723 17
724 18
725 17
726 18
727 17
728 12
729 14
730 15
731 18
732 16
733 17
734 16
735 15
736 21
737 21
738 18
739 17
740 15
741 14
742 16
743 18
744 19
745 17
746 19
747 16
748 14
749 16
750 17
751 16
752 16
753 18
754 16
755 19
756 18
757 19
758 20
759 20
760 15
761 17
762 16
763 19
764 14
765 18
766 19
767 21
768 18
769 17
770 18
771 19
772 20
773 17
774 16
775 18
776 17
777 16
778 18
779 18
780 17
781 20
782 18
783 18
784 17
785 15
786 17
787 17
788 18
789 18
790 17
791 19
792 17
793 18
794 14
795 17
796 16
797 16
798 21
799 18
800 19
801 19
802 20
803 22
804 19
805 17
806 15
807 15
808 18
809 17
810 18
811 15
812 16
813 12
814 13
815 17
816 17
817 17
818 14
819 14
820 18
821 16
822 13
823 15
824 15
825 16
826 18
827 19
828 11
829 12
830 12
831 17
832 17
833 17
834 18
835 22
836 19
837 18
838 17
839 16
840 17
841 21
842 18
843 18
844 16
845 16
846 14
847 16
848 17
849 16
850 18
851 13
852 16
853 19
854 18
855 17
856 17
857 22
858 18
859 15
860 16
861 18
862 18
863 20
864 16
865 19
866 17
867 14
868 20
869 17
870 16
871 10
872 16
873 18
874 17
875 18
876 19
877 18
878 18
879 15
880 18
881 20
882 19
883 15
884 18
885 17
886 21
887 19
888 19
889 18
890 19
891 17
892 17
893 18
894 16
895 18
896 20
897 17
898 15
899 17
900 16
901 15
902 17
903 16
904 17
905 16
906 14
907 14
908 17
909 19
910 18
911 13
912 16
913 16
914 17
915 19
916 18
917 15
918 15
919 14
920 17
921 16
922 17
923 15
924 16
925 15
926 19
927 18
928 16
929 17
930 17
931 14
932 15
933 15
934 17
935 16
936 17
937 17
938 15
939 19
940 18
941 17
942 15
943 15
944 16
945 19
946 13
947 12
948 16
949 20
950 20
951 17
952 16
953 16
954 17
955 19
956 18
957 16
958 18
959 16
960 17
961 16
962 18
963 19
964 16
965 17
966 18
967 16
968 18
969 18
970 21
971 15
972 17
973 14
974 19
975 17
976 19
977 17
978 15
979 19
980 19
981 15
982 15
983 17
984 18
985 15
986 16
987 15
988 17
989 16
990 17
991 16
992 16
993 17
994 17
995 19
996 17
997 19
998 16
999 16
1000 18
