0 50
1 32
2 34
3 34
4 37
5 31
6 35
7 35
8 34
9 31
10 34
11 33
12 32
13 32
14 31
15 33
16 34
17 32
18 33
19 34
20 34
21 36
22 36
23 34
24 36
25 35
26 33
27 34
28 32
29 34
30 35
31 30
32 34
33 34
34 36
35 33
36 36
37 32
38 37
39 34
40 36
41 31
42 35
43 34
44 34
45 27
46 32
47 36
48 34
49 33
50 33
51 36
52 33
53 35
54 31
55 34
56 36
57 35
58 34
59 31
60 33
61 30
62 31
63 32
64 32
65 35
66 36
67 35
68 31
69 29
70 34
71 31
72 35
73 34
74 33
75 33
76 37
77 33
78 36
79 29
80 31
81 37
82 34
83 34
84 32
85 32
86 36
87 32
88 33
89 35
90 36
91 35
92 34
93 35
94 36
95 30
96 35
97 37
98 34
99 35
100 35
101 37
102 34
103 36
104 36
105 33
106 37
107 35
108 31
109 33
110 34
111 34
112 36
113 32
114 34
115 32
116 30
117 33
118 35
119 34
120 34
121 37
122 34
123 35
124 33
125 35
126 33
127 34
128 36
129 28
130 33
131 35
132 36
133 32
134 34
135 32
136 36
137 32
138 31
139 30
140 38
141 37
142 31
143 33
144 33
145 34
146 33
147 32
148 36
149 38
150 34
151 36
152 32
153 34
154 35
155 33
156 36
157 36
158 33
159 31
160 32
161 31
162 31
163 34
164 34
165 35
166 33
167 33
168 37
169 32
170 32
171 36
172 32
173 30
174 33
175 36
176 34
177 33
178 32
179 37
180 33
181 35
182 33
183 34
184 31
185 34
186 33
187 35
188 33
189 35
190 32
191 34
192 32
193 34
194 34
195 35
196 35
197 35
198 31
199 32
200 34
201 36
202 35
203 35
204 31
205 34
206 31
207 36
208 35
209 35
210 31
211 33
212 33
213 30
214 37
215 35
216 35
217 33
218 36
219 36
220 33
221 36
222 32
223 32
224 35
225 33
226 34
227 36
228 35
229 32
230 32
231 36
232 31
233 33
234 35
235 36
236 34
237 33
238 29
239 31
240 33
241 34
242 35
243 33
244 33
245 32
246 35
247 35
248 30
249 33
250 34
251 29
252 34
253 34
254 37
255 37
256 35
257 36
258 32
259 36
260 32
261 32
262 34
263 35
264 33
265 37
266 36
267 30
268 34
269 36
270 34
271 34
272 29
273 32
274 35
275 34
276 31
277 30
278 32
279 30
280 30
281 34
282 29
283 31
284 34
285 31
286 33
287 36
288 32
289 34
290 34
291 33
292 35
293 34
294 35
295 37
296 35
297 35
298 35
299 36
300 31
301 34
302 32
303 30
304 34
305 34
306 34
307 35
308 30
309 35
310 35
311 34
312 32
313 34
314 31
315 30
316 32
317 36
318 33
319 34
320 32
321 37
322 28
323 30
324 34
325 36
326 33
327 28
328 35
329 32
330 33
331 38
332 34
333 35
334 30
335 35
336 32
337 37
338 35
339 36
340 32
341 36
342 35
343 34
344 33
345 32
346 32
347 35
348 31
349 32
350 33
351 35
352 34
353 33
354 35
355 30
356 36
357 33
358 35
359 35
360 36
361 34
362 32
363 33
364 34
365 36
366 31
367 37
368 34
369 34
370 36
371 37
372 36
373 34
374 32
375 31
376 34
377 32
378 33
379 30
380 32
381 29
382 33
383 36
384 31
385 36
386 27
387 33
388 33
389 31
390 33
391 38
392 33
393 32
394 35
395 29
396 32
397 31
398 34
399 30
400 33
401 34
402 38
403 30
404 32
405 32
406 34
407 26
408 36
409 32
410 31
411 33
412 30
413 36
414 33
415 36
416 33
417 33
418 33
419 34
420 35
421 35
422 31
423 31
424 28
425 30
426 36
427 30
428 37
429 32
430 34
431 32
432 33
433 33
434 36
435 36
436 35
437 38
438 35
439 32
440 34
441 30
442 36
443 31
444 34
445 33
446 35
447 34
448 33
449 34
450 32
451 31
452 30
453 35
454 33
455 33
456 37
457 34
458 35
459 35
460 34
461 35
462 37
463 32
464 32
465 34
466 34
467 35
468 33
469 33
470 34
471 32
472 37
473 34
474 34
475 35
476 34
477 34
478 33
479 32
480 33
481 36
482 32
483 36
484 33
485 36
486 31
487 35
488 34
489 29
490 31
491 31
492 35
493 35
494 32
495 36
496 37
497 35
498 35
499 33
500 34
501 33
502 33
503 34
504 32
505 31
506 33
507 29
508 33
509 33
510 30
511 37
512 34
513 35
514 31
515 32
516 36
517 33
518 33
519 31
520 34
521 35
522 29
523 32
524 32
525 37
526 34
527 33
528 35
529 35
530 34
531 37
532 35
533 36
534 36
535 29
536 35
537 35
538 35
539 33
540 35
541 34
542 34
543 35
544 36
545 33
546 34
547 37
548 35
549 31
550 31
551 33
552 35
553 35
554 31
555 31
556 29
557 36
558 35
559 32
560 34
561 36
562 35
563 36
564 34
565 37
566 35
567 36
568 35
569 31
570 34
571 35
572 34
573 35
574 32
575 29
576 35
577 30
578 34
579 33
580 35
581 35
582 36
583 34
584 36
585 35
586 31
587 35
588 28
589 30
590 34
591 36
592 36
593 33
594 38
595 35
596 32
597 35
598 33
599 31
600 35
601 36
602 32
603 35
604 32
605 35
606 34
607 35
608 36
609 32
610 33
611 32
612 34
613 31
614 37
615 35
616 37
617 34
618 30
619 31
620 34
621 35
622 32
623 31
624 34
625 33
626 33
627 31
628 31
629 34
630 33
631 35
632 35
633 33
634 35
635 37
636 35
637 30
638 35
639 33
640 33
641 29
642 33
643 33
644 32
645 37
646 34
647 34
648 36
649 34
650 34
651 35
652 31
653 35
654 36
655 33
656 31
657 34
658 28
659 34
660 30
661 33
662 34
663 33
664 32
665 32
666 28
667 34
668 34
669 34
670 36
671 34
672 32
673 27
674 35
675 35
676 32
677 35
678 31
679 35
680 33
681 32
682 35
683 37
684 36
685 37
686 36
687 34
688 35
689 35
690 30
691 34
692 35
693 33
694 34
695 29
696 36
697 34
698 29
699 34
700 36
701 35
702 33
703 36
704 33
705 35
706 37
707 33
708 36
709 30
710 34
711 30
712 34
713 32
714 30
715 35
716 37
717 31
718 35
719 37
720 30
721 33
722 35
723 29
724 35
725 32
726 33
727 29
728 32
729 35
730 30
731 32
732 34
733 34
734 34
735 31
736 33
737 28
738 35
739 34
740 30
741 34
742 33
743 35
744 36
745 34
746 36
747 33
748 33
749 31
750 31
751 36
752 34
753 32
754 31
755 36
756 37
757 34
758 36
759 30
760 33
761 33
762 34
763 30
764 35
765 32
766 33
767 33
768 34
769 38
770 37
771 33
772 35
773 35
774 34
775 34
776 32
777 35
778 37
779 30
780 35
781 34
782 33
783 31
784 31
785 32
786 36
787 35
788 35
789 33
790 29
791 30
792 30
793 35
794 34
795 38
796 31
797 35
798 34
799 33
800 34
801 36
802 31
803 34
804 33
805 37
806 34
807 34
808 35
809 32
810 35
811 36
812 31
813 37
814 32
815 33
816 35
817 33
818 33
819 32
820 33
821 29
822 32
823 34
824 35
825 36
826 34
827 33
828 36
829 35
830 35
831 32
832 35
833 32
834 34
835 35
836 32
837 31
838 32
839 34
840 33
841 33
842 32
843 29
844 33
845 36
846 39
847 34
848 30
849 34
850 33
851 34
852 36
853 34
854 36
855 36
856 33
857 36
858 30
859 36
860 34
861 34
862 33
863 35
864 32
865 32
866 31
867 36
868 33
869 30
870 32
871 33
872 33
873 33
874 28
875 33
876 31
877 37
878 37
879 35
880 32
881 32
882 39
883 36
884 33
885 38
886 34
887 34
888 35
889 34
890 35
891 34
892 36
893 32
894 33
895 35
896 32
897 33
898 31
899 32
900 33
901 33
902 32
903 37
904 36
905 32
906 31
907 32
908 33
909 36
910 33
911 29
912 33
913 36
914 37
915 32
916 34
917 34
918 35
919 33
920 37
921 37
922 33
923 34
924 34
925 31
926 34
927 31
928 34
929 33
930 32
931 31
932 35
933 36
934 35
935 36
936 35
937 33
938 29
939 34
940 35
941 34
942 35
943 34
944 35
945 30
946 33
947 35
948 31
949 35
950 34
951 32
952 33
953 31
954 33
955 36
956 33
957 35
958 31
959 31
960 32
961 32
962 30
963 34
964 33
965 36
966 33
967 37
968 34
969 33
970 36
971 33
972 35
973 34
974 31
975 34
976 36
977 36
978 33
979 35
980 35
981 32
982 29
983 31
984 35
985 34
986 31
987 34
988 34
989 32
990 35
991 33
992 34
993 31
994 37
995 33
996 34
997 38
998 37
999 34
1000 33
