0 70
1 58
2 51
3 50
4 48
5 46
6 48
7 47
8 47
9 47
10 45
11 40
12 35
13 39
14 39
15 39
16 42
17 41
18 46
19 43
20 44
21 46
22 42
23 44
24 44
25 47
26 44
27 45
28 46
29 43
30 41
31 38
32 39
33 40
34 41
35 43
36 45
37 47
38 47
39 46
40 44
41 44
42 41
43 40
44 42
45 40
46 41
47 43
48 43
49 40
50 40
51 41
52 40
53 39
54 42
55 47
56 43
57 41
58 44
59 42
60 40
61 43
62 43
63 40
64 36
65 39
66 41
67 42
68 41
69 42
70 41
71 42
72 41
73 39
74 40
75 41
76 37
77 38
78 38
79 38
80 39
81 40
82 44
83 44
84 44
85 45
86 42
87 45
88 43
89 41
90 43
91 41
92 41
93 45
94 43
95 45
96 44
97 46
98 44
99 39
100 41
101 41
102 40
103 41
104 42
105 43
106 40
107 44
108 44
109 44
110 40
111 41
112 42
113 41
114 42
115 46
116 43
117 41
118 44
119 40
120 40
121 37
122 39
123 37
124 39
125 42
126 40
127 43
128 42
129 41
130 43
131 45
132 44
133 43
134 44
135 43
136 44
137 42
138 42
139 42
140 40
141 39
142 42
143 45
144 41
145 42
146 41
147 42
148 43
149 43
150 44
151 43
152 45
153 46
154 45
155 42
156 39
157 42
158 38
159 39
160 42
161 41
162 43
163 43
164 41
165 42
166 40
167 41
168 42
169 42
170 44
171 44
172 41
173 40
174 42
175 44
176 46
177 42
178 43
179 45
180 44
181 43
182 41
183 43
184 41
185 41
186 40
187 42
188 44
189 42
190 43
191 47
192 45
193 41
194 42
195 42
196 44
197 44
198 47
199 48
200 45
201 45
202 45
203 43
204 43
205 41
206 43
207 45
208 44
209 42
210 43
211 46
212 45
213 43
214 44
215 40
216 40
217 43
218 43
219 44
220 40
221 39
222 43
223 45
224 40
225 42
226 41
227 44
228 46
229 45
230 44
231 44
232 42
233 41
234 41
235 39
236 39
237 40
238 40
239 43
240 45
241 41
242 42
243 39
244 42
245 42
246 42
247 44
248 45
249 45
250 43
251 45
252 39
253 43
254 38
255 40
256 43
257 43
258 46
259 42
260 43
261 42
262 43
263 42
264 44
265 44
266 45
267 41
268 42
269 41
270 40
271 40
272 39
273 39
274 38
275 37
276 40
277 39
278 41
279 44
280 45
281 45
282 44
283 44
284 42
285 41
286 43
287 41
288 42
289 42
290 41
291 40
292 42
293 42
294 40
295 40
296 42
297 42
298 43
299 41
300 43
301 44
302 43
303 44
304 45
305 44
306 44
307 45
308 45
309 42
310 41
311 42
312 41
313 43
314 43
315 42
316 41
317 42
318 42
319 44
320 42
321 42
322 43
323 43
324 41
325 43
326 42
327 43
328 43
329 42
330 41
331 41
332 42
333 41
334 43
335 44
336 44
337 44
338 47
339 46
340 42
341 41
342 40
343 38
344 39
345 39
346 42
347 42
348 39
349 41
350 41
351 43
352 45
353 44
354 44
355 38
356 40
357 41
358 42
359 44
360 42
361 41
362 41
363 41
364 40
365 39
366 39
367 43
368 44
369 45
370 46
371 44
372 41
373 40
374 40
375 39
376 38
377 36
378 36
379 40
380 42
381 44
382 45
383 45
384 46
385 41
386 42
387 42
388 40
389 43
390 34
391 40
392 42
393 41
394 41
395 43
396 43
397 44
398 44
399 46
400 46
401 42
402 40
403 39
404 41
405 39
406 40
407 40
408 44
409 37
410 40
411 43
412 41
413 38
414 40
415 39
416 41
417 43
418 42
419 40
420 38
421 39
422 38
423 40
424 42
425 42
426 42
427 46
428 45
429 46
430 43
431 41
432 40
433 43
434 42
435 42
436 42
437 43
438 37
439 39
440 38
441 39
442 41
443 42
444 40
445 42
446 39
447 40
448 42
449 40
450 41
451 41
452 39
453 41
454 42
455 42
456 44
457 42
458 41
459 39
460 42
461 42
462 42
463 42
464 41
465 42
466 44
467 46
468 42
469 44
470 39
471 42
472 41
473 41
474 38
475 36
476 36
477 39
478 40
479 42
480 42
481 39
482 42
483 42
484 40
485 40
486 42
487 43
488 42
489 42
490 40
491 42
492 44
493 39
494 44
495 41
496 40
497 40
498 43
499 42
500 40
501 43
502 41
503 40
504 43
505 41
506 36
507 38
508 38
509 38
510 39
511 35
512 38
513 39
514 41
515 44
516 43
517 44
518 42
519 40
520 40
521 41
522 44
523 43
524 43
525 42
526 44
527 39
528 42
529 42
530 43
531 45
532 47
533 45
534 43
535 43
536 42
537 41
538 44
539 42
540 44
541 45
542 41
543 40
544 40
545 40
546 40
547 40
548 40
549 41
550 45
551 43
552 44
553 43
554 42
555 40
556 43
557 43
558 40
559 40
560 42
561 43
562 43
563 43
564 41
565 39
566 41
567 42
568 45
569 47
570 45
571 46
572 44
573 44
574 42
575 41
576 43
577 44
578 44
579 42
580 42
581 43
582 42
583 43
584 42
585 45
586 45
587 45
588 46
589 46
590 43
591 46
592 45
593 42
594 43
595 42
596 42
597 40
598 37
599 40
600 36
601 38
602 37
603 40
604 39
605 43
606 40
607 43
608 40
609 40
610 41
611 41
612 44
613 42
614 42
615 44
616 43
617 42
618 40
619 39
620 41
621 41
622 40
623 41
624 42
625 40
626 40
627 39
628 39
629 38
630 40
631 39
632 40
633 43
634 38
635 40
636 41
637 40
638 41
639 41
640 38
641 37
642 37
643 42
644 42
645 39
646 40
647 43
648 43
649 41
650 43
651 43
652 40
653 38
654 38
655 40
656 41
657 40
658 40
659 45
660 44
661 44
662 43
663 41
664 44
665 44
666 41
667 44
668 40
669 42
670 37
671 38
672 39
673 41
674 38
675 39
676 37
677 40
678 39
679 38
680 37
681 37
682 40
683 41
684 39
685 37
686 37
687 36
688 35
689 34
690 38
691 37
692 36
693 37
694 40
695 39
696 35
697 39
698 38
699 39
700 38
701 42
702 42
703 41
704 42
705 43
706 42
707 42
708 43
709 41
710 42
711 43
712 42
713 42
714 40
715 43
716 38
717 40
718 42
719 38
720 37
721 38
722 40
723 41
724 39
725 44
726 39
727 40
728 39
729 39
730 38
731 38
732 38
733 42
734 43
735 42
736 42
737 40
738 43
739 44
740 43
741 41
742 41
743 41
744 40
745 40
746 41
747 42
748 42
749 42
750 39
751 42
752 40
753 41
754 39
755 39
756 40
757 39
758 36
759 37
760 38
761 40
762 36
763 38
764 39
765 41
766 44
767 45
768 41
769 41
770 43
771 45
772 43
773 44
774 45
775 44
776 42
777 43
778 40
779 34
780 36
781 36
782 38
783 41
784 38
785 40
786 44
787 41
788 44
789 46
790 44
791 43
792 42
793 42
794 43
795 44
796 45
797 44
798 44
799 44
800 40
801 39
802 41
803 42
804 40
805 43
806 38
807 41
808 37
809 37
810 36
811 37
812 42
813 42
814 39
815 38
816 38
817 43
818 46
819 39
820 42
821 40
822 41
823 41
824 43
825 44
826 46
827 43
828 45
829 41
830 40
831 41
832 44
833 44
834 41
835 43
836 42
837 42
838 42
839 43
840 39
841 37
842 40
843 40
844 39
845 39
846 40
847 39
848 39
849 42
850 39
851 40
852 38
853 39
854 40
855 40
856 40
857 39
858 35
859 38
860 39
861 41
862 42
863 41
864 39
865 40
866 40
867 41
868 43
869 44
870 45
871 46
872 43
873 42
874 42
875 43
876 42
877 44
878 43
879 44
880 44
881 42
882 42
883 41
884 35
885 37
886 37
887 41
888 45
889 45
890 41
891 43
892 41
893 45
894 43
895 44
896 44
897 45
898 42
899 42
900 41
901 42
902 41
903 42
904 41
905 38
906 40
907 40
908 40
909 37
910 38
911 41
912 39
913 38
914 38
915 39
916 38
917 39
918 37
919 37
920 38
921 41
922 41
923 40
924 39
925 39
926 36
927 39
928 43
929 44
930 42
931 40
932 43
933 43
934 45
935 45
936 46
937 44
938 41
939 42
940 39
941 37
942 36
943 35
944 36
945 42
946 38
947 43
948 43
949 45
950 45
951 46
952 48
953 43
954 43
955 43
956 42
957 39
958 41
959 41
960 43
961 40
962 43
963 45
964 45
965 45
966 46
967 47
968 49
969 45
970 46
971 47
972 46
973 45
974 44
975 46
976 42
977 45
978 40
979 40
980 41
981 40
982 41
983 45
984 44
985 46
986 46
987 43
988 43
989 43
990 40
991 42
992 43
993 46
994 43
995 38
996 35
997 35
998 37
999 40
1000 42
