0 25
1 23
2 19
3 18
4 15
5 14
6 12
7 11
8 13
9 13
10 12
11 12
12 11
13 11
14 12
15 11
16 13
17 12
18 12
19 11
20 12
21 11
22 12
23 12
24 12
25 13
26 11
27 10
28 9
29 8
30 9
31 9
32 10
33 9
34 11
35 11
36 11
37 11
38 11
39 10
40 10
41 10
42 11
43 11
44 10
45 9
46 9
47 10
48 9
49 9
50 8
51 9
52 9
53 9
54 10
55 11
56 11
57 11
58 12
59 10
60 9
61 9
62 9
63 9
64 8
65 8
66 7
67 8
68 9
69 9
70 10
71 10
72 10
73 10
74 10
75 11
76 10
77 10
78 11
79 11
80 10
81 12
82 12
83 12
84 13
85 12
86 12
87 10
88 12
89 12
90 11
91 11
92 11
93 12
94 11
95 10
96 10
97 10
98 11
99 12
100 13
101 14
102 14
103 14
104 12
105 12
106 12
107 11
108 11
109 11
110 12
111 12
112 11
113 11
114 10
115 10
116 10
117 9
118 9
119 9
120 9
121 10
122 10
123 7
124 8
125 7
126 7
127 9
128 9
129 10
130 9
131 8
132 9
133 8
134 7
135 6
136 6
137 6
138 8
139 8
140 9
141 9
142 7
143 7
144 7
145 8
146 9
147 11
148 11
149 11
150 11
151 11
152 11
153 12
154 11
155 11
156 11
157 12
158 12
159 12
160 10
161 10
162 9
163 9
164 9
165 9
166 9
167 10
168 9
169 10
170 9
171 10
172 9
173 10
174 11
175 11
176 11
177 10
178 11
179 8
180 8
181 8
182 9
183 9
184 8
185 8
186 9
187 11
188 12
189 12
190 13
191 12
192 13
193 13
194 12
195 12
196 12
197 12
198 12
199 9
200 9
201 11
202 10
203 8
204 9
205 9
206 9
207 10
208 10
209 10
210 10
211 9
212 10
213 10
214 11
215 10
216 11
217 11
218 11
219 11
220 11
221 12
222 11
223 9
224 9
225 9
226 10
227 9
228 9
229 10
230 10
231 11
232 10
233 10
234 10
235 10
236 10
237 10
238 11
239 10
240 12
241 13
242 13
243 12
244 12
245 11
246 10
247 11
248 11
249 11
250 11
251 11
252 11
253 11
254 10
255 10
256 10
257 11
258 11
259 11
260 10
261 10
262 10
263 11
264 12
265 11
266 10
267 10
268 9
269 9
270 9
271 9
272 9
273 10
274 11
275 11
276 11
277 11
278 11
279 11
280 12
281 12
282 12
283 12
284 12
285 12
286 13
287 12
288 11
289 11
290 10
291 10
292 9
293 8
294 8
295 8
296 8
297 9
298 11
299 12
300 12
301 13
302 13
303 13
304 12
305 12
306 13
307 14
308 14
309 14
310 14
311 13
312 10
313 13
314 14
315 14
316 13
317 13
318 13
319 13
320 13
321 13
322 12
323 11
324 12
325 12
326 11
327 11
328 9
329 9
330 9
331 9
332 10
333 11
334 11
335 11
336 11
337 11
338 11
339 11
340 10
341 10
342 11
343 11
344 12
345 12
346 12
347 12
348 12
349 12
350 12
351 12
352 12
353 12
354 13
355 11
356 11
357 11
358 11
359 11
360 13
361 11
362 10
363 10
364 11
365 11
366 11
367 10
368 9
369 9
370 8
371 9
372 10
373 9
374 7
375 7
376 8
377 7
378 5
379 5
380 4
381 6
382 6
383 8
384 7
385 7
386 6
387 6
388 8
389 7
390 8
391 6
392 6
393 6
394 7
395 9
396 7
397 6
398 7
399 7
400 8
401 7
402 9
403 9
404 10
405 13
406 12
407 12
408 12
409 12
410 12
411 11
412 11
413 11
414 11
415 10
416 9
417 7
418 8
419 8
420 8
421 9
422 10
423 11
424 11
425 12
426 12
427 12
428 12
429 12
430 13
431 13
432 13
433 13
434 13
435 12
436 11
437 12
438 13
439 13
440 14
441 13
442 12
443 11
444 10
445 10
446 10
447 11
448 10
449 9
450 10
451 10
452 8
453 9
454 12
455 10
456 11
457 11
458 10
459 10
460 9
461 8
462 7
463 6
464 8
465 10
466 11
467 11
468 12
469 12
470 13
471 13
472 12
473 12
474 12
475 11
476 12
477 11
478 11
479 11
480 11
481 13
482 12
483 12
484 13
485 13
486 12
487 11
488 10
489 11
490 12
491 12
492 13
493 13
494 12
495 12
496 13
497 13
498 12
499 13
500 14
501 13
502 13
503 13
504 12
505 12
506 11
507 11
508 12
509 12
510 11
511 10
512 10
513 9
514 9
515 9
516 10
517 9
518 9
519 10
520 10
521 10
522 10
523 10
524 10
525 10
526 10
527 10
528 10
529 12
530 13
531 13
532 12
533 12
534 12
535 12
536 11
537 10
538 10
539 10
540 10
541 11
542 11
543 10
544 11
545 11
546 12
547 12
548 12
549 12
550 12
551 10
552 10
553 10
554 10
555 9
556 8
557 8
558 8
559 9
560 8
561 9
562 8
563 8
564 9
565 10
566 10
567 10
568 10
569 8
570 7
571 6
572 7
573 7
574 7
575 7
576 8
577 8
578 8
579 8
580 10
581 9
582 9
583 8
584 8
585 10
586 10
587 10
588 9
589 9
590 10
591 10
592 10
593 10
594 10
595 9
596 10
597 11
598 11
599 10
600 10
601 10
602 9
603 9
604 9
605 10
606 10
607 10
608 10
609 9
610 9
611 9
612 10
613 10
614 9
615 10
616 9
617 9
618 7
619 7
620 7
621 7
622 7
623 7
624 8
625 9
626 10
627 10
628 11
629 10
630 11
631 12
632 12
633 12
634 12
635 11
636 13
637 11
638 11
639 11
640 12
641 12
642 12
643 12
644 12
645 13
646 13
647 13
648 13
649 13
650 13
651 11
652 11
653 10
654 9
655 11
656 10
657 10
658 9
659 9
660 10
661 10
662 11
663 12
664 13
665 12
666 11
667 9
668 10
669 10
670 10
671 10
672 10
673 9
674 11
675 11
676 12
677 12
678 12
679 12
680 12
681 13
682 13
683 12
684 11
685 11
686 10
687 11
688 11
689 11
690 10
691 11
692 11
693 12
694 12
695 13
696 12
697 12
698 11
699 11
700 11
701 12
702 13
703 13
704 13
705 12
706 11
707 10
708 10
709 10
710 9
711 8
712 8
713 9
714 10
715 11
716 11
717 10
718 9
719 9
720 10
721 11
722 11
723 11
724 11
725 11
726 12
727 13
728 12
729 11
730 10
731 11
732 12
733 12
734 12
735 12
736 12
737 11
738 11
739 11
740 11
741 12
742 12
743 11
744 10
745 10
746 10
747 10
748 10
749 8
750 9
751 8
752 9
753 9
754 10
755 11
756 11
757 11
758 12
759 12
760 11
761 12
762 12
763 13
764 13
765 12
766 12
767 11
768 10
769 10
770 10
771 11
772 10
773 10
774 10
775 10
776 10
777 10
778 11
779 11
780 10
781 10
782 9
783 10
784 10
785 11
786 11
787 12
788 12
789 12
790 13
791 15
792 14
793 14
794 13
795 11
796 12
797 11
798 11
799 11
800 12
801 12
802 11
803 10
804 11
805 10
806 11
807 11
808 11
809 11
810 11
811 10
812 10
813 10
814 11
815 11
816 11
817 9
818 10
819 10
820 11
821 9
822 9
823 9
824 7
825 8
826 10
827 10
828 11
829 11
830 11
831 12
832 12
833 12
834 9
835 9
836 11
837 9
838 10
839 10
840 9
841 9
842 9
843 10
844 10
845 9
846 10
847 10
848 10
849 10
850 10
851 8
852 9
853 10
854 12
855 11
856 12
857 12
858 12
859 11
860 11
861 10
862 10
863 10
864 12
865 11
866 11
867 11
868 11
869 12
870 11
871 12
872 11
873 11
874 9
875 11
876 11
877 10
878 9
879 10
880 10
881 10
882 11
883 11
884 11
885 11
886 11
887 11
888 12
889 11
890 11
891 12
892 11
893 11
894 9
895 9
896 8
897 8
898 7
899 7
900 8
901 10
902 9
903 9
904 12
905 11
906 11
907 12
908 13
909 13
910 13
911 13
912 13
913 13
914 14
915 13
916 13
917 12
918 11
919 12
920 11
921 10
922 9
923 9
924 9
925 9
926 10
927 10
928 10
929 10
930 9
931 10
932 10
933 10
934 10
935 9
936 11
937 12
938 12
939 11
940 11
941 11
942 10
943 10
944 11
945 13
946 12
947 11
948 10
949 12
950 11
951 11
952 11
953 11
954 11
955 12
956 11
957 11
958 11
959 12
960 12
961 11
962 13
963 13
964 14
965 13
966 12
967 14
968 13
969 14
970 14
971 15
972 15
973 15
974 14
975 13
976 11
977 10
978 10
979 10
980 10
981 9
982 9
983 7
984 8
985 9
986 10
987 10
988 10
989 10
990 9
991 10
992 9
993 9
994 9
995 11
996 10
997 10
998 7
999 7
1000 7
