0 80
1 67
2 56
3 55
4 50
5 49
6 52
7 52
8 50
9 51
10 52
11 47
12 44
13 50
14 46
15 47
16 52
17 54
18 53
19 48
20 52
21 52
22 55
23 55
24 52
25 48
26 49
27 52
28 44
29 50
30 53
31 53
32 55
33 53
34 52
35 54
36 55
37 55
38 50
39 49
40 49
41 53
42 50
43 48
44 48
45 47
46 50
47 47
48 51
49 51
50 51
51 51
52 53
53 51
54 49
55 48
56 49
57 52
58 50
59 46
60 50
61 53
62 55
63 51
64 52
65 56
66 52
67 52
68 51
69 48
70 52
71 52
72 51
73 49
74 51
75 54
76 52
77 57
78 57
79 57
80 55
81 51
82 52
83 53
84 55
85 53
86 47
87 51
88 51
89 51
90 53
91 52
92 53
93 52
94 54
95 50
96 55
97 53
98 53
99 49
100 47
101 48
102 52
103 54
104 51
105 52
106 52
107 51
108 48
109 50
110 56
111 51
112 52
113 57
114 55
115 55
116 55
117 53
118 53
119 55
120 53
121 50
122 50
123 54
124 52
125 54
126 51
127 51
128 53
129 51
130 50
131 54
132 53
133 49
134 54
135 53
136 50
137 51
138 50
139 53
140 50
141 49
142 50
143 56
144 53
145 54
146 56
147 54
148 48
149 46
150 49
151 50
152 52
153 53
154 49
155 50
156 54
157 53
158 54
159 48
160 48
161 52
162 46
163 49
164 50
165 51
166 48
167 48
168 53
169 54
170 53
171 53
172 53
173 50
174 54
175 53
176 48
177 48
178 53
179 55
180 54
181 55
182 55
183 55
184 54
185 53
186 52
187 51
188 52
189 49
190 50
191 48
192 52
193 52
194 49
195 51
196 48
197 50
198 48
199 44
200 49
201 49
202 53
203 52
204 56
205 56
206 57
207 56
208 53
209 51
210 54
211 55
212 51
213 48
214 50
215 50
216 53
217 56
218 53
219 47
220 47
221 49
222 48
223 50
224 50
225 51
226 52
227 51
228 48
229 53
230 58
231 57
232 56
233 54
234 51
235 50
236 53
237 53
238 53
239 50
240 48
241 49
242 49
243 51
244 48
245 52
246 56
247 53
248 54
249 55
250 54
251 49
252 49
253 53
254 50
255 48
256 51
257 49
258 47
259 51
260 53
261 54
262 52
263 51
264 50
265 51
266 51
267 51
268 45
269 47
270 49
271 50
272 51
273 51
274 54
275 52
276 52
277 53
278 53
279 50
280 49
281 49
282 46
283 51
284 49
285 49
286 50
287 54
288 55
289 55
290 53
291 50
292 52
293 55
294 52
295 52
296 53
297 53
298 53
299 53
300 52
301 47
302 47
303 52
304 49
305 49
306 45
307 48
308 51
309 52
310 53
311 51
312 53
313 55
314 55
315 52
316 54
317 55
318 55
319 57
320 51
321 54
322 53
323 54
324 53
325 50
326 50
327 53
328 51
329 51
330 52
331 53
332 55
333 56
334 52
335 56
336 55
337 54
338 51
339 49
340 50
341 49
342 49
343 51
344 47
345 47
346 51
347 55
348 52
349 52
350 55
351 52
352 54
353 55
354 50
355 52
356 52
357 54
358 54
359 55
360 56
361 54
362 52
363 48
364 51
365 52
366 49
367 50
368 50
369 48
370 48
371 50
372 49
373 51
374 53
375 53
376 57
377 58
378 52
379 53
380 55
381 57
382 54
383 53
384 52
385 53
386 52
387 48
388 51
389 48
390 50
391 52
392 53
393 54
394 56
395 54
396 52
397 55
398 56
399 52
400 52
401 49
402 52
403 51
404 50
405 49
406 50
407 50
408 52
409 51
410 51
411 52
412 47
413 49
414 49
415 47
416 51
417 53
418 51
419 51
420 53
421 54
422 54
423 54
424 51
425 56
426 56
427 52
428 55
429 53
430 52
431 45
432 44
433 45
434 48
435 48
436 51
437 55
438 52
439 50
440 51
441 54
442 54
443 57
444 55
445 52
446 51
447 53
448 50
449 53
450 54
451 53
452 53
453 51
454 51
455 55
456 54
457 53
458 51
459 52
460 55
461 58
462 55
463 53
464 54
465 53
466 49
467 50
468 50
469 48
470 56
471 56
472 53
473 55
474 54
475 51
476 51
477 52
478 53
479 45
480 47
481 46
482 51
483 53
484 50
485 48
486 49
487 54
488 58
489 53
490 52
491 49
492 47
493 50
494 50
495 52
496 50
497 47
498 50
499 52
500 50
501 50
502 51
503 52
504 55
505 53
506 52
507 48
508 50
509 51
510 49
511 47
512 48
513 49
514 49
515 49
516 50
517 49
518 50
519 49
520 48
521 52
522 49
523 54
524 54
525 57
526 54
527 54
528 55
529 55
530 50
531 49
532 53
533 50
534 51
535 48
536 50
537 52
538 53
539 54
540 52
541 49
542 51
543 52
544 56
545 53
546 49
547 49
548 54
549 53
550 55
551 57
552 50
553 49
554 50
555 48
556 50
557 51
558 41
559 43
560 44
561 46
562 51
563 55
564 50
565 54
566 53
567 49
568 50
569 52
570 50
571 51
572 53
573 52
574 53
575 52
576 54
577 56
578 52
579 52
580 52
581 51
582 50
583 53
584 54
585 56
586 50
587 56
588 55
589 51
590 50
591 54
592 55
593 57
594 52
595 56
596 54
597 47
598 47
599 54
600 53
601 52
602 57
603 58
604 55
605 55
606 50
607 53
608 53
609 51
610 49
611 54
612 54
613 53
614 47
615 52
616 51
617 46
618 54
619 49
620 52
621 48
622 48
623 51
624 53
625 54
626 56
627 60
628 57
629 52
630 54
631 51
632 49
633 50
634 51
635 48
636 49
637 48
638 50
639 52
640 52
641 53
642 51
643 51
644 49
645 51
646 53
647 54
648 51
649 54
650 59
651 54
652 53
653 56
654 54
655 58
656 55
657 56
658 52
659 53
660 49
661 54
662 52
663 56
664 52
665 55
666 58
667 58
668 55
669 54
670 49
671 48
672 48
673 50
674 53
675 53
676 53
677 50
678 53
679 53
680 54
681 52
682 54
683 58
684 56
685 55
686 54
687 56
688 52
689 54
690 55
691 51
692 51
693 52
694 55
695 53
696 52
697 52
698 52
699 53
700 53
701 54
702 54
703 52
704 48
705 52
706 53
707 52
708 50
709 49
710 46
711 49
712 53
713 52
714 52
715 53
716 49
717 45
718 47
719 53
720 54
721 57
722 54
723 47
724 47
725 49
726 55
727 52
728 53
729 54
730 56
731 51
732 55
733 53
734 54
735 51
736 51
737 49
738 50
739 51
740 50
741 50
742 53
743 51
744 51
745 52
746 51
747 54
748 56
749 53
750 53
751 51
752 51
753 51
754 50
755 51
756 48
757 53
758 51
759 55
760 54
761 53
762 52
763 51
764 54
765 51
766 53
767 53
768 49
769 50
770 52
771 50
772 53
773 53
774 54
775 52
776 52
777 50
778 50
779 52
780 52
781 54
782 53
783 57
784 59
785 53
786 49
787 52
788 50
789 52
790 51
791 52
792 53
793 54
794 53
795 56
796 50
797 52
798 53
799 52
800 52
801 52
802 50
803 49
804 49
805 51
806 50
807 52
808 50
809 52
810 55
811 51
812 54
813 54
814 56
815 55
816 54
817 53
818 52
819 51
820 50
821 51
822 49
823 50
824 49
825 49
826 53
827 51
828 49
829 51
830 50
831 51
832 51
833 51
834 50
835 46
836 51
837 47
838 51
839 54
840 53
841 53
842 52
843 47
844 50
845 48
846 49
847 48
848 46
849 49
850 50
851 48
852 51
853 51
854 50
855 43
856 49
857 48
858 49
859 51
860 48
861 48
862 51
863 51
864 51
865 49
866 48
867 54
868 51
869 50
870 51
871 51
872 50
873 50
874 53
875 53
876 54
877 52
878 54
879 54
880 53
881 54
882 54
883 55
884 56
885 54
886 53
887 52
888 55
889 49
890 47
891 45
892 52
893 50
894 48
895 50
896 53
897 50
898 50
899 49
900 48
901 50
902 52
903 54
904 55
905 55
906 53
907 46
908 51
909 51
910 51
911 50
912 49
913 52
914 49
915 53
916 54
917 51
918 52
919 53
920 52
921 53
922 51
923 48
924 46
925 53
926 58
927 54
928 51
929 49
930 51
931 55
932 54
933 54
934 51
935 52
936 48
937 49
938 53
939 53
940 52
941 50
942 53
943 52
944 52
945 49
946 49
947 54
948 54
949 50
950 49
951 48
952 54
953 54
954 51
955 45
956 47
957 49
958 52
959 50
960 50
961 54
962 55
963 49
964 50
965 52
966 52
967 54
968 53
969 55
970 52
971 47
972 52
973 49
974 52
975 52
976 54
977 53
978 55
979 55
980 56
981 52
982 51
983 49
984 51
985 53
986 56
987 58
988 56
989 54
990 53
991 55
992 54
993 55
994 50
995 52
996 54
997 54
998 53
999 49
1000 47
