0 85
1 80
2 75
3 72
4 67
5 63
6 62
7 61
8 61
9 59
10 59
11 54
12 55
13 55
14 50
15 50
16 48
17 48
18 52
19 51
20 51
21 52
22 51
23 51
24 53
25 52
26 53
27 53
28 51
29 51
30 50
31 51
32 51
33 52
34 52
35 52
36 51
37 51
38 50
39 49
40 47
41 49
42 49
43 50
44 51
45 49
46 50
47 52
48 51
49 51
50 51
51 50
52 49
53 52
54 52
55 51
56 50
57 51
58 50
59 45
60 46
61 45
62 43
63 41
64 45
65 44
66 45
67 47
68 47
69 46
70 45
71 45
72 44
73 44
74 43
75 44
76 42
77 42
78 45
79 47
80 44
81 45
82 48
83 48
84 51
85 50
86 50
87 51
88 52
89 54
90 55
91 55
92 52
93 52
94 49
95 49
96 48
97 49
98 50
99 51
100 51
101 52
102 51
103 49
104 45
105 42
106 38
107 40
108 37
109 36
110 37
111 38
112 38
113 40
114 40
115 41
116 39
117 42
118 43
119 42
120 42
121 45
122 45
123 45
124 47
125 48
126 48
127 51
128 49
129 48
130 47
131 45
132 47
133 48
134 48
135 50
136 50
137 52
138 52
139 47
140 47
141 45
142 49
143 48
144 49
145 49
146 50
147 47
148 44
149 43
150 42
151 42
152 46
153 45
154 42
155 40
156 42
157 45
158 42
159 43
160 46
161 47
162 49
163 46
164 47
165 48
166 49
167 47
168 48
169 48
170 48
171 48
172 49
173 48
174 48
175 49
176 50
177 51
178 51
179 52
180 49
181 49
182 49
183 49
184 50
185 52
186 53
187 52
188 51
189 50
190 50
191 49
192 48
193 49
194 46
195 46
196 47
197 49
198 46
199 47
200 45
201 45
202 45
203 46
204 45
205 42
206 43
207 42
208 42
209 40
210 41
211 43
212 46
213 46
214 48
215 45
216 45
217 46
218 44
219 45
220 45
221 43
222 44
223 48
224 48
225 52
226 51
227 50
228 50
229 49
230 48
231 50
232 50
233 51
234 50
235 51
236 51
237 50
238 51
239 52
240 48
241 48
242 47
243 50
244 49
245 45
246 46
247 46
248 47
249 48
250 48
251 44
252 45
253 44
254 43
255 45
256 44
257 46
258 46
259 48
260 49
261 49
262 49
263 48
264 48
265 46
266 45
267 48
268 46
269 47
270 48
271 49
272 48
273 48
274 49
275 47
276 48
277 48
278 50
279 51
280 50
281 49
282 50
283 51
284 49
285 51
286 50
287 49
288 48
289 47
290 46
291 46
292 50
293 50
294 48
295 47
296 48
297 47
298 46
299 43
300 44
301 46
302 47
303 49
304 48
305 48
306 49
307 46
308 46
309 46
310 46
311 48
312 49
313 48
314 48
315 48
316 50
317 49
318 49
319 48
320 46
321 48
322 46
323 48
324 43
325 41
326 43
327 44
328 43
329 45
330 48
331 48
332 47
333 47
334 44
335 45
336 45
337 47
338 47
339 47
340 49
341 47
342 49
343 48
344 46
345 45
346 46
347 47
348 47
349 49
350 50
351 50
352 48
353 47
354 45
355 46
356 46
357 46
358 48
359 50
360 50
361 50
362 51
363 50
364 48
365 50
366 51
367 53
368 52
369 51
370 47
371 49
372 44
373 45
374 45
375 47
376 50
377 49
378 51
379 52
380 51
381 50
382 53
383 54
384 53
385 51
386 52
387 52
388 55
389 54
390 52
391 52
392 52
393 52
394 51
395 53
396 51
397 47
398 46
399 47
400 46
401 48
402 53
403 54
404 54
405 53
406 54
407 52
408 53
409 49
410 51
411 51
412 50
413 53
414 51
415 51
416 52
417 51
418 52
419 51
420 52
421 51
422 50
423 50
424 50
425 48
426 49
427 48
428 49
429 49
430 48
431 48
432 47
433 47
434 50
435 52
436 52
437 53
438 52
439 51
440 53
441 55
442 56
443 56
444 54
445 52
446 53
447 51
448 52
449 49
450 50
451 50
452 51
453 50
454 50
455 50
456 51
457 48
458 47
459 49
460 49
461 49
462 48
463 49
464 50
465 49
466 49
467 50
468 48
469 47
470 49
471 43
472 43
473 43
474 44
475 43
476 46
477 49
478 48
479 50
480 51
481 51
482 53
483 53
484 48
485 48
486 47
487 47
488 49
489 50
490 52
491 52
492 51
493 52
494 51
495 51
496 50
497 51
498 52
499 51
500 49
501 50
502 50
503 52
504 50
505 49
506 49
507 49
508 48
509 48
510 46
511 48
512 50
513 53
514 51
515 47
516 49
517 49
518 49
519 44
520 47
521 49
522 48
523 47
524 49
525 50
526 51
527 50
528 49
529 48
530 47
531 44
532 44
533 46
534 46
535 43
536 45
537 47
538 47
539 45
540 44
541 44
542 46
543 46
544 45
545 46
546 48
547 48
548 48
549 48
550 49
551 50
552 49
553 51
554 51
555 54
556 52
557 50
558 50
559 46
560 47
561 49
562 50
563 48
564 50
565 51
566 51
567 49
568 49
569 47
570 47
571 48
572 50
573 51
574 50
575 48
576 49
577 49
578 50
579 48
580 47
581 48
582 47
583 47
584 46
585 46
586 47
587 46
588 47
589 45
590 45
591 45
592 46
593 44
594 44
595 44
596 47
597 47
598 49
599 49
600 49
601 50
602 50
603 49
604 50
605 51
606 50
607 51
608 50
609 52
610 52
611 49
612 50
613 52
614 54
615 52
616 49
617 45
618 46
619 50
620 48
621 50
622 49
623 49
624 50
625 48
626 47
627 46
628 45
629 42
630 42
631 41
632 41
633 42
634 40
635 40
636 43
637 42
638 45
639 46
640 49
641 50
642 49
643 49
644 49
645 48
646 51
647 49
648 52
649 53
650 53
651 51
652 49
653 50
654 46
655 46
656 46
657 48
658 44
659 45
660 42
661 39
662 42
663 45
664 45
665 47
666 49
667 50
668 49
669 48
670 49
671 49
672 47
673 48
674 43
675 43
676 43
677 47
678 44
679 47
680 44
681 43
682 43
683 41
684 41
685 43
686 43
687 44
688 47
689 48
690 48
691 46
692 47
693 49
694 48
695 47
696 49
697 49
698 50
699 51
700 50
701 51
702 50
703 50
704 46
705 47
706 48
707 45
708 45
709 45
710 44
711 43
712 43
713 47
714 46
715 45
716 47
717 48
718 49
719 50
720 50
721 50
722 44
723 47
724 44
725 42
726 45
727 44
728 44
729 48
730 45
731 43
732 44
733 45
734 44
735 48
736 45
737 45
738 45
739 42
740 44
741 47
742 49
743 49
744 49
745 48
746 47
747 45
748 48
749 47
750 45
751 44
752 43
753 43
754 43
755 42
756 40
757 41
758 41
759 42
760 43
761 46
762 47
763 47
764 47
765 49
766 47
767 48
768 48
769 47
770 47
771 48
772 51
773 52
774 51
775 48
776 51
777 51
778 52
779 49
780 50
781 48
782 47
783 47
784 48
785 47
786 49
787 45
788 45
789 45
790 45
791 45
792 47
793 46
794 45
795 45
796 43
797 43
798 45
799 47
800 47
801 45
802 43
803 44
804 47
805 47
806 49
807 47
808 48
809 43
810 42
811 45
812 45
813 43
814 46
815 47
816 51
817 50
818 48
819 49
820 49
821 48
822 49
823 50
824 49
825 50
826 50
827 52
828 52
829 54
830 56
831 54
832 54
833 54
834 52
835 52
836 52
837 52
838 49
839 50
840 51
841 51
842 50
843 49
844 47
845 50
846 51
847 53
848 52
849 51
850 46
851 45
852 46
853 46
854 45
855 47
856 47
857 47
858 45
859 43
860 46
861 47
862 47
863 47
864 48
865 48
866 46
867 48
868 49
869 50
870 50
871 50
872 51
873 49
874 49
875 46
876 48
877 45
878 46
879 45
880 49
881 52
882 49
883 49
884 49
885 48
886 47
887 44
888 44
889 46
890 47
891 48
892 49
893 51
894 53
895 51
896 53
897 52
898 51
899 50
900 49
901 48
902 49
903 52
904 53
905 53
906 52
907 53
908 54
909 52
910 51
911 47
912 46
913 46
914 46
915 46
916 46
917 46
918 48
919 46
920 45
921 44
922 42
923 46
924 45
925 46
926 48
927 49
928 49
929 51
930 50
931 51
932 52
933 53
934 51
935 52
936 53
937 53
938 51
939 50
940 50
941 52
942 51
943 48
944 46
945 49
946 49
947 51
948 49
949 52
950 50
951 50
952 46
953 49
954 50
955 51
956 52
957 51
958 52
959 50
960 51
961 51
962 51
963 49
964 47
965 48
966 50
967 51
968 48
969 48
970 49
971 49
972 49
973 48
974 49
975 47
976 47
977 46
978 48
979 48
980 49
981 48
982 47
983 48
984 50
985 48
986 50
987 51
988 52
989 49
990 50
991 48
992 49
993 51
994 51
995 53
996 53
997 49
998 47
999 46
1000 45
