0 100
1 98
2 96
3 94
4 91
5 90
6 87
7 85
8 84
9 82
10 80
11 78
12 76
13 74
14 72
15 71
16 71
17 70
18 69
19 67
20 65
21 64
22 63
23 62
24 61
25 59
26 57
27 55
28 54
29 52
30 52
31 51
32 50
33 49
34 50
35 49
36 48
37 48
38 48
39 49
40 49
41 48
42 48
43 47
44 47
45 47
46 46
47 45
48 45
49 44
50 44
51 41
52 42
53 42
54 40
55 39
56 39
57 37
58 37
59 37
60 37
61 35
62 34
63 33
64 32
65 32
66 32
67 32
68 32
69 32
70 33
71 33
72 32
73 32
74 33
75 32
76 31
77 31
78 31
79 31
80 31
81 32
82 32
83 32
84 32
85 32
86 32
87 32
88 32
89 32
90 32
91 32
92 32
93 32
94 32
95 33
96 32
97 32
98 32
99 31
100 30
101 29
102 29
103 28
104 27
105 26
106 26
107 25
108 24
109 25
110 25
111 26
112 27
113 25
114 25
115 26
116 26
117 26
118 25
119 26
120 25
121 25
122 24
123 25
124 25
125 23
126 23
127 24
128 24
129 25
130 26
131 26
132 26
133 27
134 26
135 25
136 25
137 26
138 25
139 26
140 25
141 26
142 27
143 28
144 27
145 25
146 25
147 25
148 25
149 26
150 26
151 26
152 26
153 26
154 26
155 28
156 28
157 27
158 27
159 26
160 26
161 27
162 26
163 26
164 26
165 25
166 25
167 24
168 24
169 24
170 24
171 24
172 25
173 25
174 24
175 24
176 24
177 23
178 23
179 23
180 23
181 23
182 23
183 22
184 22
185 23
186 23
187 23
188 22
189 21
190 23
191 24
192 24
193 24
194 23
195 22
196 22
197 22
198 22
199 22
200 21
201 21
202 21
203 22
204 23
205 24
206 24
207 24
208 23
209 23
210 22
211 23
212 23
213 23
214 24
215 24
216 24
217 23
218 23
219 24
220 24
221 24
222 24
223 24
224 24
225 24
226 25
227 24
228 25
229 26
230 27
231 26
232 25
233 25
234 24
235 24
236 24
237 24
238 25
239 25
240 25
241 25
242 26
243 27
244 28
245 28
246 27
247 26
248 26
249 27
250 27
251 27
252 27
253 26
254 27
255 27
256 28
257 28
258 28
259 28
260 29
261 30
262 31
263 31
264 32
265 32
266 31
267 31
268 31
269 29
270 29
271 29
272 27
273 27
274 27
275 28
276 28
277 28
278 29
279 28
280 28
281 26
282 26
283 26
284 26
285 27
286 28
287 27
288 27
289 28
290 28
291 27
292 27
293 28
294 28
295 29
296 28
297 28
298 27
299 26
300 25
301 25
302 25
303 26
304 25
305 24
306 23
307 23
308 24
309 25
310 25
311 25
312 27
313 28
314 29
315 28
316 28
317 27
318 28
319 28
320 28
321 28
322 27
323 26
324 23
325 23
326 23
327 22
328 22
329 23
330 23
331 24
332 23
333 23
334 23
335 22
336 22
337 23
338 23
339 23
340 23
341 22
342 23
343 23
344 23
345 23
346 23
347 22
348 23
349 23
350 23
351 23
352 23
353 23
354 23
355 22
356 22
357 22
358 21
359 22
360 22
361 22
362 23
363 25
364 26
365 27
366 27
367 27
368 27
369 27
370 27
371 27
372 26
373 25
374 26
375 26
376 26
377 26
378 26
379 25
380 25
381 25
382 24
383 23
384 23
385 22
386 22
387 21
388 21
389 20
390 21
391 21
392 21
393 20
394 21
395 20
396 20
397 19
398 19
399 18
400 18
401 19
402 19
403 19
404 20
405 20
406 20
407 20
408 20
409 21
410 20
411 20
412 19
413 19
414 20
415 20
416 20
417 21
418 21
419 22
420 21
421 23
422 22
423 22
424 22
425 23
426 23
427 23
428 24
429 25
430 25
431 24
432 23
433 23
434 24
435 24
436 24
437 24
438 25
439 26
440 26
441 27
442 28
443 28
444 28
445 28
446 29
447 30
448 30
449 30
450 29
451 29
452 28
453 29
454 29
455 27
456 28
457 28
458 27
459 26
460 26
461 27
462 28
463 28
464 28
465 28
466 28
467 28
468 28
469 28
470 28
471 29
472 29
473 30
474 29
475 29
476 30
477 29
478 28
479 26
480 25
481 24
482 23
483 23
484 23
485 24
486 23
487 23
488 24
489 24
490 23
491 23
492 22
493 22
494 23
495 23
496 24
497 23
498 23
499 23
500 24
501 24
502 24
503 24
504 24
505 24
506 24
507 25
508 25
509 25
510 26
511 26
512 27
513 27
514 25
515 24
516 24
517 24
518 24
519 25
520 24
521 24
522 24
523 24
524 24
525 23
526 22
527 22
528 23
529 23
530 23
531 24
532 24
533 24
534 23
535 22
536 22
537 21
538 21
539 21
540 20
541 20
542 20
543 20
544 20
545 20
546 20
547 20
548 20
549 20
550 20
551 21
552 22
553 22
554 22
555 23
556 24
557 24
558 25
559 25
560 25
561 24
562 25
563 23
564 23
565 23
566 22
567 23
568 24
569 25
570 25
571 26
572 25
573 25
574 25
575 26
576 26
577 26
578 26
579 26
580 27
581 25
582 25
583 25
584 25
585 25
586 25
587 25
588 26
589 25
590 24
591 25
592 25
593 24
594 26
595 25
596 25
597 26
598 26
599 25
600 25
601 26
602 25
603 25
604 24
605 24
606 24
607 23
608 24
609 24
610 23
611 24
612 25
613 25
614 25
615 25
616 26
617 26
618 26
619 26
620 26
621 25
622 25
623 25
624 24
625 25
626 25
627 25
628 25
629 25
630 26
631 27
632 28
633 29
634 28
635 29
636 29
637 29
638 29
639 29
640 28
641 26
642 24
643 22
644 22
645 21
646 22
647 23
648 23
649 24
650 24
651 24
652 25
653 24
654 25
655 25
656 25
657 25
658 25
659 25
660 25
661 26
662 25
663 25
664 26
665 26
666 26
667 26
668 26
669 27
670 27
671 26
672 26
673 27
674 26
675 26
676 26
677 26
678 26
679 26
680 26
681 27
682 27
683 27
684 26
685 26
686 26
687 28
688 29
689 29
690 29
691 29
692 30
693 30
694 29
695 29
696 29
697 29
698 28
699 28
700 27
701 28
702 28
703 28
704 28
705 28
706 28
707 28
708 26
709 26
710 26
711 26
712 24
713 25
714 25
715 24
716 24
717 24
718 24
719 24
720 24
721 25
722 25
723 25
724 26
725 24
726 26
727 27
728 27
729 27
730 28
731 28
732 27
733 23
734 23
735 24
736 24
737 24
738 23
739 22
740 22
741 21
742 22
743 22
744 23
745 22
746 24
747 22
748 22
749 21
750 22
751 21
752 22
753 21
754 20
755 19
756 20
757 21
758 22
759 22
760 20
761 19
762 19
763 19
764 19
765 20
766 20
767 21
768 21
769 21
770 22
771 23
772 23
773 24
774 25
775 27
776 27
777 27
778 27
779 27
780 27
781 28
782 29
783 28
784 28
785 28
786 28
787 28
788 28
789 28
790 27
791 27
792 27
793 27
794 27
795 27
796 27
797 27
798 27
799 26
800 27
801 27
802 27
803 27
804 27
805 27
806 27
807 27
808 27
809 27
810 27
811 27
812 27
813 28
814 28
815 28
816 28
817 29
818 29
819 29
820 30
821 31
822 31
823 30
824 31
825 31
826 31
827 30
828 29
829 28
830 28
831 27
832 27
833 28
834 28
835 28
836 28
837 28
838 28
839 28
840 29
841 29
842 29
843 29
844 30
845 30
846 30
847 30
848 30
849 29
850 30
851 30
852 30
853 30
854 30
855 30
856 29
857 28
858 28
859 29
860 29
861 30
862 30
863 30
864 30
865 30
866 30
867 27
868 28
869 28
870 27
871 27
872 27
873 26
874 26
875 26
876 26
877 26
878 26
879 25
880 25
881 25
882 26
883 26
884 27
885 27
886 27
887 27
888 26
889 25
890 25
891 25
892 25
893 25
894 25
895 25
896 26
897 27
898 26
899 24
900 25
901 25
902 25
903 25
904 25
905 26
906 26
907 25
908 25
909 25
910 26
911 27
912 27
913 26
914 26
915 26
916 25
917 24
918 25
919 24
920 25
921 26
922 27
923 28
924 28
925 27
926 28
927 27
928 26
929 27
930 27
931 27
932 27
933 27
934 27
935 26
936 27
937 27
938 28
939 28
940 27
941 28
942 28
943 28
944 28
945 30
946 30
947 31
948 31
949 31
950 31
951 29
952 29
953 29
954 29
955 29
956 28
957 29
958 29
959 30
960 31
961 30
962 30
963 29
964 29
965 29
966 29
967 29
968 29
969 30
970 30
971 29
972 28
973 28
974 27
975 28
976 27
977 26
978 26
979 26
980 27
981 28
982 27
983 27
984 26
985 25
986 25
987 25
988 25
989 26
990 27
991 27
992 26
993 25
994 24
995 24
996 24
997 23
998 22
999 22
1000 23
