0 65
1 51
2 45
3 47
4 51
5 48
6 47
7 46
8 49
9 47
10 48
11 45
12 50
13 47
14 49
15 50
16 49
17 44
18 52
19 45
20 46
21 47
22 46
23 46
24 49
25 47
26 46
27 48
28 45
29 43
30 45
31 51
32 47
33 45
34 50
35 50
36 47
37 44
38 44
39 44
40 42
41 42
42 44
43 44
44 41
45 47
46 42
47 45
48 44
49 45
50 47
51 47
52 45
53 47
54 50
55 46
56 41
57 49
58 51
59 48
60 38
61 51
62 48
63 45
64 48
65 49
66 48
67 51
68 55
69 48
70 46
71 47
72 52
73 51
74 47
75 49
76 47
77 47
78 49
79 47
80 48
81 47
82 48
83 46
84 41
85 47
86 47
87 45
88 47
89 47
90 47
91 48
92 50
93 45
94 51
95 42
96 44
97 47
98 44
99 46
100 48
101 44
102 45
103 53
104 48
105 47
106 48
107 49
108 47
109 50
110 49
111 47
112 48
113 50
114 49
115 45
116 50
117 45
118 48
119 45
120 46
121 43
122 45
123 50
124 54
125 49
126 47
127 47
128 43
129 48
130 49
131 44
132 50
133 46
134 51
135 48
136 47
137 45
138 47
139 45
140 50
141 45
142 43
143 47
144 49
145 46
146 51
147 47
148 47
149 53
150 45
151 48
152 48
153 48
154 48
155 50
156 48
157 46
158 42
159 49
160 48
161 41
162 46
163 48
164 40
165 49
166 51
167 47
168 49
169 44
170 50
171 51
172 49
173 44
174 45
175 47
176 49
177 49
178 42
179 48
180 45
181 38
182 48
183 48
184 45
185 39
186 41
187 52
188 52
189 49
190 48
191 47
192 48
193 46
194 45
195 52
196 50
197 49
198 47
199 48
200 48
201 46
202 51
203 48
204 48
205 44
206 47
207 47
208 50
209 46
210 43
211 41
212 43
213 46
214 51
215 51
216 44
217 47
218 46
219 44
220 47
221 47
222 44
223 51
224 43
225 45
226 46
227 45
228 45
229 45
230 48
231 47
232 48
233 48
234 47
235 43
236 48
237 41
238 49
239 54
240 52
241 50
242 54
243 47
244 42
245 45
246 46
247 46
248 44
249 42
250 44
251 46
252 48
253 43
254 40
255 45
256 47
257 51
258 49
259 52
260 49
261 42
262 40
263 47
264 43
265 53
266 47
267 44
268 44
269 46
270 42
271 45
272 52
273 46
274 49
275 50
276 45
277 46
278 48
279 47
280 51
281 49
282 46
283 46
284 47
285 49
286 47
287 45
288 46
289 49
290 49
291 39
292 44
293 48
294 46
295 52
296 48
297 46
298 49
299 45
300 49
301 43
302 47
303 50
304 51
305 45
306 46
307 47
308 46
309 48
310 49
311 44
312 48
313 50
314 47
315 46
316 51
317 49
318 46
319 47
320 50
321 46
322 53
323 50
324 42
325 49
326 47
327 51
328 50
329 50
330 46
331 45
332 46
333 42
334 44
335 41
336 41
337 45
338 49
339 48
340 50
341 45
342 47
343 42
344 49
345 46
346 48
347 51
348 47
349 45
350 50
351 45
352 43
353 40
354 46
355 51
356 39
357 45
358 51
359 44
360 41
361 40
362 47
363 42
364 46
365 51
366 46
367 39
368 52
369 44
370 49
371 49
372 47
373 42
374 40
375 48
376 53
377 48
378 47
379 49
380 50
381 44
382 42
383 48
384 49
385 40
386 48
387 47
388 49
389 49
390 49
391 44
392 47
393 49
394 50
395 43
396 48
397 42
398 43
399 41
400 46
401 52
402 48
403 46
404 44
405 47
406 46
407 46
408 43
409 40
410 44
411 38
412 43
413 45
414 50
415 47
416 48
417 53
418 46
419 48
420 49
421 47
422 46
423 43
424 49
425 48
426 47
427 45
428 47
429 44
430 48
431 45
432 46
433 45
434 45
435 50
436 48
437 43
438 46
439 48
440 45
441 44
442 47
443 50
444 49
445 49
446 50
447 48
448 44
449 46
450 49
451 47
452 48
453 48
454 44
455 44
456 49
457 43
458 44
459 42
460 47
461 41
462 44
463 41
464 48
465 52
466 44
467 44
468 48
469 46
470 45
471 42
472 47
473 48
474 50
475 44
476 49
477 49
478 42
479 44
480 42
481 45
482 50
483 51
484 39
485 48
486 48
487 47
488 42
489 48
490 43
491 49
492 45
493 46
494 47
495 51
496 42
497 50
498 40
499 42
500 49
501 51
502 45
503 45
504 48
505 49
506 44
507 52
508 45
509 48
510 48
511 47
512 46
513 46
514 42
515 48
516 45
517 48
518 46
519 45
520 51
521 46
522 45
523 48
524 50
525 49
526 46
527 47
528 47
529 46
530 51
531 45
532 46
533 51
534 42
535 48
536 49
537 51
538 43
539 47
540 45
541 47
542 50
543 47
544 46
545 47
546 43
547 46
548 44
549 47
550 47
551 46
552 48
553 49
554 46
555 47
556 49
557 46
558 49
559 47
560 45
561 44
562 47
563 46
564 47
565 48
566 49
567 44
568 45
569 47
570 46
571 52
572 48
573 48
574 47
575 47
576 48
577 47
578 46
579 48
580 45
581 46
582 39
583 47
584 47
585 48
586 49
587 45
588 41
589 47
590 51
591 43
592 47
593 49
594 49
595 43
596 41
597 46
598 49
599 47
600 46
601 41
602 40
603 43
604 48
605 42
606 48
607 46
608 46
609 45
610 48
611 46
612 41
613 49
614 42
615 41
616 45
617 48
618 44
619 45
620 45
621 51
622 51
623 50
624 44
625 51
626 49
627 46
628 46
629 49
630 39
631 41
632 44
633 50
634 42
635 49
636 45
637 44
638 50
639 48
640 46
641 48
642 44
643 48
644 44
645 43
646 49
647 46
648 44
649 51
650 46
651 43
652 47
653 46
654 48
655 41
656 50
657 53
658 46
659 45
660 47
661 43
662 47
663 49
664 46
665 44
666 50
667 47
668 43
669 45
670 51
671 49
672 49
673 43
674 50
675 46
676 39
677 46
678 44
679 46
680 46
681 47
682 43
683 50
684 48
685 49
686 43
687 49
688 47
689 47
690 43
691 47
692 47
693 48
694 49
695 49
696 45
697 49
698 51
699 49
700 51
701 48
702 49
703 45
704 42
705 43
706 47
707 46
708 48
709 44
710 48
711 46
712 44
713 41
714 42
715 37
716 48
717 50
718 49
719 44
720 46
721 49
722 43
723 48
724 48
725 48
726 46
727 43
728 49
729 50
730 49
731 46
732 50
733 48
734 48
735 49
736 49
737 49
738 44
739 50
740 46
741 49
742 48
743 42
744 46
745 49
746 53
747 50
748 48
749 46
750 49
751 50
752 49
753 49
754 41
755 45
756 48
757 48
758 48
759 46
760 45
761 40
762 53
763 45
764 45
765 47
766 47
767 40
768 46
769 46
770 44
771 46
772 50
773 49
774 45
775 44
776 45
777 47
778 52
779 55
780 44
781 51
782 46
783 45
784 52
785 49
786 49
787 47
788 46
789 44
790 44
791 46
792 48
793 49
794 40
795 46
796 46
797 44
798 43
799 46
800 46
801 46
802 49
803 46
804 39
805 45
806 49
807 47
808 45
809 45
810 43
811 45
812 48
813 51
814 47
815 48
816 46
817 44
818 44
819 47
820 47
821 47
822 47
823 47
824 44
825 45
826 47
827 47
828 47
829 43
830 46
831 40
832 45
833 50
834 42
835 47
836 43
837 52
838 50
839 43
840 44
841 43
842 47
843 45
844 45
845 51
846 47
847 43
848 52
849 53
850 46
851 46
852 48
853 49
854 48
855 48
856 49
857 42
858 41
859 44
860 45
861 45
862 47
863 46
864 45
865 43
866 46
867 53
868 50
869 44
870 42
871 45
872 50
873 50
874 45
875 46
876 48
877 47
878 46
879 50
880 43
881 47
882 49
883 47
884 50
885 45
886 48
887 48
888 42
889 44
890 44
891 49
892 42
893 44
894 45
895 48
896 38
897 51
898 44
899 48
900 42
901 44
902 50
903 44
904 49
905 49
906 47
907 44
908 40
909 45
910 49
911 48
912 40
913 42
914 47
915 47
916 48
917 46
918 51
919 46
920 50
921 44
922 45
923 51
924 45
925 45
926 48
927 48
928 47
929 46
930 42
931 49
932 43
933 45
934 48
935 43
936 50
937 44
938 53
939 43
940 45
941 51
942 42
943 45
944 43
945 44
946 46
947 45
948 48
949 43
950 45
951 40
952 47
953 50
954 49
955 48
956 45
957 49
958 50
959 45
960 44
961 46
962 49
963 47
964 49
965 47
966 43
967 50
968 44
969 45
970 45
971 49
972 51
973 46
974 47
975 44
976 46
977 47
978 45
979 47
980 48
981 46
982 49
983 51
984 40
985 44
986 43
987 45
988 45
989 52
990 46
991 47
992 45
993 44
994 47
995 52
996 52
997 49
998 50
999 45
1000 45
