0 20
1 17
2 16
3 15
4 14
5 13
6 12
7 12
8 11
9 11
10 12
11 12
12 10
13 9
14 8
15 8
16 9
17 10
18 9
19 9
20 11
21 12
22 10
23 10
24 9
25 10
26 11
27 9
28 8
29 9
30 9
31 8
32 8
33 8
34 9
35 9
36 9
37 8
38 8
39 7
40 7
41 8
42 8
43 9
44 9
45 9
46 8
47 9
48 8
49 6
50 5
51 6
52 7
53 7
54 6
55 7
56 8
57 7
58 7
59 7
60 8
61 7
62 6
63 6
64 6
65 6
66 7
67 8
68 8
69 9
70 10
71 8
72 8
73 7
74 6
75 8
76 8
77 7
78 7
79 6
80 6
81 6
82 8
83 8
84 8
85 8
86 8
87 9
88 8
89 7
90 8
91 8
92 9
93 10
94 7
95 8
96 8
97 9
98 9
99 8
100 7
101 6
102 6
103 7
104 8
105 8
106 8
107 9
108 8
109 8
110 6
111 6
112 5
113 4
114 6
115 7
116 8
117 8
118 8
119 9
120 10
121 11
122 11
123 12
124 10
125 10
126 10
127 9
128 8
129 7
130 7
131 4
132 3
133 4
134 7
135 8
136 10
137 10
138 11
139 10
140 9
141 9
142 10
143 9
144 7
145 8
146 10
147 11
148 9
149 8
150 10
151 10
152 10
153 8
154 9
155 11
156 10
157 9
158 9
159 10
160 11
161 11
162 10
163 10
164 11
165 10
166 9
167 9
168 9
169 9
170 9
171 10
172 10
173 8
174 8
175 8
176 8
177 7
178 5
179 6
180 6
181 6
182 7
183 8
184 10
185 11
186 10
187 10
188 11
189 11
190 10
191 10
192 7
193 7
194 7
195 8
196 8
197 7
198 7
199 7
200 9
201 8
202 9
203 9
204 10
205 9
206 8
207 9
208 10
209 9
210 9
211 8
212 9
213 10
214 9
215 9
216 9
217 8
218 7
219 7
220 8
221 7
222 8
223 9
224 10
225 10
226 10
227 10
228 10
229 8
230 8
231 7
232 8
233 8
234 9
235 10
236 8
237 9
238 9
239 8
240 9
241 9
242 8
243 7
244 6
245 6
246 5
247 4
248 4
249 3
250 5
251 6
252 7
253 9
254 8
255 8
256 9
257 9
258 8
259 8
260 9
261 10
262 9
263 8
264 9
265 10
266 10
267 9
268 10
269 10
270 10
271 9
272 9
273 12
274 11
275 10
276 9
277 9
278 7
279 9
280 8
281 9
282 9
283 10
284 10
285 11
286 10
287 11
288 10
289 11
290 10
291 10
292 9
293 9
294 8
295 8
296 8
297 8
298 6
299 6
300 7
301 7
302 9
303 10
304 10
305 9
306 9
307 9
308 8
309 9
310 8
311 7
312 8
313 8
314 8
315 9
316 8
317 8
318 8
319 9
320 9
321 9
322 9
323 9
324 8
325 9
326 8
327 6
328 6
329 6
330 6
331 6
332 6
333 6
334 6
335 7
336 8
337 9
338 8
339 8
340 8
341 9
342 8
343 5
344 8
345 8
346 9
347 7
348 8
349 9
350 8
351 8
352 8
353 9
354 9
355 8
356 9
357 8
358 8
359 8
360 9
361 8
362 8
363 8
364 8
365 7
366 7
367 8
368 7
369 8
370 8
371 8
372 9
373 8
374 8
375 9
376 9
377 7
378 7
379 8
380 9
381 10
382 11
383 9
384 7
385 7
386 7
387 7
388 6
389 6
390 5
391 6
392 3
393 5
394 5
395 5
396 5
397 5
398 5
399 6
400 6
401 6
402 6
403 8
404 8
405 9
406 10
407 9
408 8
409 8
410 8
411 8
412 7
413 7
414 7
415 7
416 7
417 5
418 6
419 7
420 7
421 8
422 9
423 9
424 10
425 10
426 10
427 10
428 10
429 9
430 10
431 10
432 11
433 11
434 11
435 11
436 10
437 10
438 10
439 9
440 10
441 10
442 10
443 10
444 9
445 11
446 10
447 11
448 11
449 11
450 10
451 10
452 9
453 8
454 7
455 8
456 9
457 9
458 7
459 8
460 9
461 8
462 7
463 8
464 8
465 7
466 7
467 8
468 6
469 10
470 10
471 10
472 9
473 9
474 8
475 8
476 8
477 8
478 9
479 10
480 9
481 9
482 10
483 10
484 10
485 10
486 10
487 10
488 8
489 8
490 7
491 7
492 7
493 7
494 6
495 7
496 7
497 6
498 7
499 7
500 7
501 7
502 7
503 7
504 7
505 7
506 8
507 7
508 9
509 9
510 10
511 11
512 9
513 8
514 7
515 8
516 8
517 8
518 9
519 8
520 10
521 10
522 10
523 10
524 9
525 9
526 8
527 8
528 8
529 9
530 9
531 10
532 10
533 7
534 8
535 8
536 8
537 7
538 8
539 8
540 9
541 9
542 8
543 9
544 9
545 9
546 8
547 8
548 8
549 8
550 6
551 8
552 8
553 8
554 9
555 9
556 9
557 10
558 10
559 7
560 10
561 9
562 9
563 8
564 6
565 7
566 8
567 8
568 9
569 8
570 9
571 8
572 8
573 6
574 6
575 7
576 6
577 6
578 8
579 10
580 11
581 11
582 11
583 10
584 9
585 10
586 11
587 9
588 9
589 9
590 8
591 8
592 7
593 9
594 7
595 9
596 8
597 8
598 8
599 8
600 7
601 7
602 7
603 8
604 6
605 5
606 6
607 6
608 3
609 2
610 3
611 4
612 3
613 3
614 4
615 4
616 5
617 7
618 7
619 8
620 7
621 7
622 8
623 8
624 9
625 9
626 8
627 7
628 6
629 7
630 8
631 9
632 8
633 9
634 9
635 8
636 9
637 8
638 9
639 9
640 9
641 9
642 10
643 11
644 8
645 8
646 8
647 9
648 10
649 10
650 10
651 9
652 9
653 8
654 8
655 9
656 8
657 9
658 8
659 10
660 10
661 9
662 8
663 8
664 8
665 10
666 10
667 11
668 11
669 10
670 9
671 10
672 9
673 9
674 9
675 10
676 10
677 9
678 7
679 8
680 8
681 9
682 10
683 10
684 10
685 9
686 10
687 8
688 9
689 9
690 11
691 10
692 8
693 8
694 9
695 9
696 9
697 11
698 11
699 10
700 6
701 6
702 5
703 5
704 6
705 6
706 6
707 5
708 7
709 8
710 7
711 8
712 9
713 10
714 10
715 8
716 9
717 9
718 9
719 8
720 8
721 8
722 8
723 9
724 6
725 5
726 7
727 6
728 7
729 8
730 7
731 7
732 7
733 7
734 7
735 7
736 7
737 9
738 8
739 10
740 9
741 11
742 10
743 11
744 9
745 10
746 7
747 7
748 7
749 10
750 10
751 11
752 10
753 11
754 10
755 10
756 9
757 8
758 7
759 5
760 4
761 5
762 6
763 7
764 8
765 7
766 6
767 8
768 9
769 9
770 9
771 8
772 8
773 8
774 9
775 10
776 7
777 7
778 6
779 8
780 7
781 6
782 7
783 8
784 7
785 9
786 7
787 7
788 8
789 8
790 8
791 7
792 8
793 9
794 9
795 8
796 9
797 9
798 10
799 10
800 10
801 10
802 9
803 9
804 7
805 7
806 9
807 9
808 7
809 6
810 8
811 8
812 7
813 9
814 7
815 7
816 8
817 6
818 6
819 6
820 6
821 5
822 6
823 7
824 8
825 7
826 6
827 6
828 7
829 8
830 9
831 9
832 7
833 8
834 8
835 8
836 8
837 9
838 10
839 10
840 10
841 10
842 7
843 7
844 9
845 9
846 9
847 9
848 8
849 7
850 6
851 7
852 7
853 7
854 8
855 9
856 8
857 7
858 7
859 8
860 9
861 10
862 10
863 9
864 7
865 7
866 6
867 6
868 7
869 8
870 8
871 7
872 8
873 8
874 8
875 9
876 10
877 9
878 8
879 8
880 7
881 7
882 7
883 9
884 10
885 10
886 8
887 10
888 9
889 10
890 10
891 10
892 10
893 10
894 9
895 9
896 10
897 9
898 10
899 10
900 10
901 11
902 10
903 10
904 10
905 10
906 10
907 8
908 10
909 11
910 10
911 10
912 6
913 6
914 7
915 8
916 9
917 9
918 7
919 7
920 8
921 8
922 7
923 6
924 5
925 7
926 9
927 10
928 10
929 11
930 10
931 10
932 9
933 8
934 7
935 7
936 8
937 9
938 8
939 9
940 10
941 10
942 9
943 8
944 8
945 8
946 9
947 10
948 6
949 7
950 7
951 7
952 7
953 7
954 6
955 5
956 7
957 7
958 6
959 6
960 6
961 5
962 6
963 5
964 6
965 7
966 7
967 8
968 10
969 10
970 8
971 7
972 7
973 7
974 8
975 9
976 9
977 8
978 9
979 10
980 10
981 10
982 10
983 9
984 10
985 10
986 10
987 10
988 10
989 8
990 7
991 8
992 9
993 8
994 9
995 10
996 8
997 7
998 7
999 7
1000 7
