0 30
1 23
2 23
3 24
4 22
5 19
6 19
7 19
8 21
9 19
10 20
11 25
12 22
13 22
14 17
15 24
16 22
17 18
18 19
19 23
20 22
21 22
22 21
23 22
24 22
25 22
26 25
27 22
28 20
29 22
30 21
31 19
32 23
33 22
34 21
35 24
36 17
37 24
38 20
39 22
40 18
41 24
42 22
43 24
44 22
45 22
46 23
47 20
48 21
49 23
50 21
51 21
52 21
53 24
54 20
55 18
56 22
57 20
58 23
59 22
60 17
61 21
62 22
63 25
64 22
65 20
66 21
67 20
68 23
69 22
70 24
71 21
72 23
73 21
74 18
75 20
76 20
77 20
78 22
79 26
80 24
81 17
82 22
83 20
84 22
85 21
86 22
87 21
88 21
89 19
90 21
91 20
92 21
93 24
94 22
95 22
96 23
97 19
98 19
99 20
100 24
101 25
102 21
103 23
104 24
105 24
106 22
107 23
108 24
109 23
110 19
111 19
112 21
113 19
114 16
115 23
116 19
117 22
118 22
119 22
120 17
121 21
122 24
123 23
124 20
125 24
126 20
127 19
128 20
129 21
130 19
131 20
132 19
133 18
134 21
135 22
136 23
137 25
138 16
139 23
140 23
141 24
142 21
143 20
144 22
145 20
146 24
147 20
148 21
149 20
150 19
151 23
152 19
153 23
154 23
155 19
156 23
157 18
158 22
159 21
160 21
161 20
162 19
163 24
164 24
165 19
166 20
167 21
168 24
169 21
170 23
171 17
172 22
173 22
174 21
175 18
176 24
177 24
178 23
179 19
180 23
181 20
182 21
183 19
184 22
185 20
186 22
187 21
188 21
189 21
190 21
191 23
192 24
193 21
194 13
195 20
196 20
197 22
198 22
199 19
200 22
201 21
202 22
203 20
204 20
205 22
206 18
207 20
208 18
209 22
210 18
211 20
212 20
213 19
214 26
215 21
216 23
217 19
218 20
219 19
220 20
221 23
222 18
223 21
224 22
225 24
226 21
227 23
228 21
229 22
230 23
231 22
232 20
233 22
234 20
235 21
236 19
237 23
238 26
239 22
240 23
241 17
242 21
243 23
244 19
245 19
246 21
247 20
248 20
249 24
250 21
251 24
252 20
253 22
254 16
255 22
256 19
257 24
258 22
259 24
260 20
261 22
262 22
263 24
264 22
265 22
266 20
267 18
268 21
269 18
270 22
271 20
272 19
273 22
274 25
275 24
276 26
277 23
278 21
279 20
280 19
281 14
282 21
283 21
284 21
285 22
286 24
287 21
288 21
289 20
290 21
291 24
292 26
293 21
294 20
295 22
296 21
297 20
298 20
299 25
300 24
301 22
302 22
303 23
304 22
305 22
306 23
307 20
308 23
309 16
310 19
311 21
312 21
313 23
314 22
315 19
316 19
317 24
318 20
319 21
320 23
321 19
322 19
323 19
324 23
325 17
326 23
327 21
328 20
329 16
330 22
331 22
332 23
333 22
334 24
335 17
336 21
337 18
338 22
339 22
340 21
341 16
342 19
343 24
344 20
345 22
346 22
347 25
348 20
349 19
350 22
351 24
352 18
353 21
354 21
355 21
356 24
357 19
358 21
359 22
360 19
361 20
362 20
363 22
364 19
365 23
366 20
367 24
368 21
369 21
370 19
371 21
372 21
373 22
374 20
375 18
376 23
377 23
378 24
379 20
380 22
381 19
382 20
383 22
384 24
385 24
386 22
387 23
388 22
389 20
390 20
391 21
392 21
393 24
394 22
395 17
396 19
397 20
398 23
399 24
400 22
401 23
402 18
403 22
404 17
405 22
406 20
407 22
408 22
409 20
410 24
411 19
412 19
413 19
414 24
415 19
416 23
417 18
418 19
419 21
420 23
421 19
422 20
423 22
424 18
425 23
426 19
427 22
428 18
429 22
430 17
431 24
432 22
433 24
434 20
435 23
436 21
437 20
438 19
439 18
440 24
441 18
442 24
443 20
444 23
445 23
446 18
447 21
448 22
449 22
450 23
451 20
452 24
453 21
454 25
455 19
456 17
457 20
458 22
459 24
460 20
461 21
462 25
463 21
464 21
465 23
466 20
467 23
468 21
469 21
470 24
471 24
472 17
473 22
474 19
475 23
476 24
477 22
478 20
479 17
480 25
481 24
482 18
483 21
484 22
485 19
486 21
487 24
488 22
489 23
490 23
491 19
492 24
493 22
494 20
495 19
496 21
497 20
498 20
499 20
500 21
501 20
502 19
503 24
504 24
505 18
506 23
507 20
508 23
509 22
510 19
511 23
512 19
513 21
514 22
515 18
516 17
517 24
518 21
519 25
520 20
521 18
522 22
523 17
524 23
525 25
526 22
527 20
528 25
529 18
530 19
531 21
532 19
533 21
534 23
535 25
536 25
537 22
538 19
539 23
540 24
541 22
542 23
543 22
544 21
545 22
546 21
547 16
548 22
549 19
550 14
551 24
552 22
553 19
554 17
555 18
556 21
557 24
558 20
559 19
560 21
561 22
562 23
563 24
564 24
565 22
566 22
567 23
568 22
569 20
570 17
571 18
572 24
573 14
574 23
575 22
576 24
577 22
578 23
579 25
580 19
581 24
582 21
583 23
584 22
585 24
586 23
587 19
588 19
589 21
590 23
591 20
592 19
593 21
594 23
595 22
596 22
597 20
598 22
599 22
600 24
601 19
602 22
603 22
604 17
605 20
606 21
607 19
608 21
609 20
610 23
611 20
612 23
613 21
614 21
615 23
616 21
617 22
618 23
619 20
620 21
621 20
622 17
623 19
624 20
625 20
626 20
627 22
628 19
629 18
630 23
631 19
632 19
633 19
634 22
635 22
636 22
637 23
638 24
639 24
640 20
641 21
642 23
643 20
644 22
645 19
646 20
647 22
648 21
649 21
650 18
651 20
652 24
653 18
654 22
655 23
656 19
657 21
658 23
659 18
660 20
661 18
662 22
663 22
664 22
665 20
666 21
667 19
668 22
669 20
670 20
671 19
672 22
673 17
674 21
675 20
676 18
677 22
678 23
679 21
680 20
681 19
682 22
683 22
684 19
685 24
686 22
687 19
688 22
689 24
690 20
691 24
692 21
693 23
694 20
695 17
696 27
697 21
698 20
699 20
700 25
701 19
702 21
703 19
704 26
705 18
706 20
707 22
708 25
709 20
710 20
711 22
712 21
713 18
714 26
715 23
716 18
717 21
718 22
719 22
720 21
721 20
722 20
723 22
724 20
725 20
726 22
727 22
728 25
729 22
730 18
731 19
732 23
733 22
734 18
735 24
736 21
737 23
738 19
739 17
740 22
741 21
742 19
743 18
744 20
745 20
746 21
747 22
748 20
749 22
750 19
751 22
752 21
753 25
754 20
755 23
756 19
757 20
758 19
759 22
760 22
761 23
762 16
763 21
764 24
765 25
766 21
767 19
768 21
769 24
770 20
771 16
772 21
773 21
774 21
775 24
776 22
777 20
778 23
779 22
780 21
781 23
782 21
783 22
784 22
785 23
786 21
787 20
788 23
789 22
790 20
791 20
792 21
793 20
794 23
795 21
796 21
797 21
798 17
799 24
800 23
801 21
802 23
803 19
804 21
805 16
806 21
807 23
808 26
809 18
810 25
811 22
812 19
813 19
814 19
815 24
816 18
817 22
818 20
819 22
820 25
821 23
822 20
823 24
824 21
825 22
826 23
827 20
828 22
829 21
830 19
831 22
832 21
833 20
834 22
835 19
836 21
837 22
838 20
839 24
840 18
841 17
842 21
843 22
844 24
845 21
846 20
847 21
848 19
849 21
850 21
851 20
852 22
853 21
854 24
855 19
856 21
857 23
858 24
859 22
860 18
861 23
862 24
863 23
864 18
865 22
866 24
867 21
868 17
869 18
870 20
871 22
872 23
873 22
874 18
875 24
876 21
877 21
878 22
879 23
880 16
881 20
882 22
883 19
884 23
885 22
886 21
887 20
888 16
889 19
890 19
891 22
892 22
893 25
894 25
895 21
896 27
897 25
898 19
899 20
900 23
901 22
902 23
903 24
904 20
905 23
906 23
907 23
908 21
909 19
910 21
911 21
912 20
913 19
914 19
915 23
916 21
917 22
918 19
919 24
920 19
921 22
922 24
923 22
924 21
925 21
926 21
927 20
928 22
929 22
930 22
931 21
932 18
933 23
934 22
935 19
936 22
937 25
938 22
939 25
940 22
941 21
942 24
943 20
944 20
945 16
946 20
947 26
948 22
949 22
950 21
951 20
952 19
953 22
954 23
955 19
956 24
957 23
958 18
959 22
960 24
961 25
962 20
963 20
964 24
965 21
966 20
967 24
968 20
969 24
970 20
971 21
972 18
973 24
974 20
975 17
976 20
977 19
978 20
979 25
980 21
981 25
982 21
983 25
984 22
985 22
986 21
987 21
988 17
989 25
990 21
991 20
992 23
993 21
994 24
995 21
996 24
997 21
998 21
999 21
1000 22
