0 30
1 20
2 20
3 18
4 18
5 20
6 21
7 21
8 21
9 20
10 21
11 18
12 19
13 17
14 19
15 18
16 18
17 19
18 17
19 18
20 20
21 18
22 20
23 19
24 17
25 18
26 17
27 18
28 18
29 19
30 17
31 19
32 18
33 18
34 14
35 15
36 18
37 18
38 15
39 19
40 17
41 16
42 20
43 18
44 18
45 17
46 19
47 17
48 17
49 19
50 18
51 16
52 20
53 17
54 19
55 19
56 18
57 18
58 17
59 17
60 18
61 18
62 18
63 16
64 17
65 19
66 17
67 18
68 18
69 17
70 19
71 19
72 18
73 18
74 17
75 16
76 15
77 17
78 19
79 19
80 17
81 15
82 19
83 16
84 22
85 19
86 20
87 18
88 18
89 17
90 19
91 19
92 19
93 19
94 19
95 20
96 17
97 20
98 21
99 20
100 19
101 15
102 17
103 19
104 16
105 15
106 18
107 19
108 21
109 18
110 19
111 18
112 17
113 18
114 19
115 20
116 17
117 16
118 19
119 16
120 18
121 18
122 19
123 20
124 20
125 17
126 20
127 20
128 19
129 20
130 20
131 19
132 16
133 17
134 19
135 20
136 20
137 19
138 19
139 20
140 17
141 19
142 17
143 15
144 16
145 17
146 17
147 17
148 18
149 16
150 18
151 17
152 16
153 16
154 16
155 17
156 17
157 18
158 20
159 17
160 14
161 19
162 17
163 16
164 17
165 18
166 18
167 19
168 20
169 18
170 17
171 19
172 19
173 18
174 18
175 19
176 17
177 18
178 17
179 15
180 16
181 17
182 19
183 14
184 17
185 21
186 18
187 15
188 18
189 17
190 20
191 19
192 20
193 18
194 20
195 16
196 17
197 16
198 15
199 19
200 18
201 18
202 18
203 18
204 16
205 17
206 17
207 15
208 18
209 16
210 16
211 17
212 18
213 19
214 18
215 17
216 19
217 16
218 15
219 17
220 18
221 19
222 18
223 15
224 17
225 20
226 19
227 19
228 19
229 18
230 20
231 18
232 17
233 17
234 17
235 18
236 20
237 19
238 19
239 17
240 19
241 20
242 17
243 14
244 18
245 20
246 18
247 18
248 19
249 19
250 18
251 18
252 18
253 16
254 16
255 16
256 18
257 14
258 16
259 18
260 15
261 16
262 18
263 17
264 19
265 18
266 19
267 19
268 19
269 18
270 18
271 21
272 16
273 15
274 19
275 19
276 19
277 19
278 21
279 18
280 20
281 21
282 19
283 17
284 17
285 18
286 18
287 18
288 20
289 22
290 20
291 17
292 18
293 18
294 18
295 17
296 20
297 20
298 20
299 17
300 17
301 16
302 18
303 19
304 19
305 18
306 19
307 18
308 20
309 20
310 17
311 18
312 20
313 18
314 18
315 18
316 19
317 17
318 18
319 20
320 20
321 19
322 20
323 20
324 17
325 20
326 19
327 17
328 17
329 18
330 20
331 16
332 16
333 16
334 16
335 14
336 14
337 15
338 17
339 16
340 17
341 19
342 20
343 17
344 17
345 16
346 19
347 19
348 20
349 18
350 17
351 16
352 18
353 18
354 13
355 10
356 18
357 17
358 17
359 15
360 17
361 17
362 17
363 18
364 18
365 17
366 16
367 18
368 18
369 17
370 17
371 21
372 15
373 19
374 18
375 16
376 15
377 18
378 17
379 18
380 19
381 17
382 17
383 20
384 20
385 15
386 18
387 18
388 18
389 19
390 18
391 15
392 16
393 19
394 19
395 17
396 18
397 16
398 17
399 19
400 20
401 18
402 19
403 20
404 18
405 17
406 17
407 17
408 18
409 20
410 18
411 18
412 21
413 19
414 19
415 19
416 14
417 17
418 18
419 16
420 17
421 19
422 17
423 17
424 16
425 18
426 16
427 14
428 18
429 19
430 21
431 17
432 18
433 18
434 19
435 19
436 17
437 18
438 19
439 18
440 18
441 15
442 19
443 18
444 16
445 18
446 19
447 16
448 16
449 16
450 17
451 18
452 18
453 17
454 19
455 17
456 15
457 17
458 20
459 20
460 18
461 18
462 18
463 14
464 13
465 16
466 20
467 20
468 20
469 18
470 19
471 17
472 19
473 16
474 18
475 18
476 18
477 20
478 16
479 17
480 17
481 21
482 16
483 19
484 21
485 18
486 19
487 20
488 18
489 20
490 21
491 18
492 18
493 17
494 18
495 17
496 17
497 17
498 16
499 18
500 17
501 19
502 18
503 19
504 19
505 17
506 16
507 18
508 17
509 17
510 18
511 17
512 16
513 15
514 20
515 17
516 16
517 18
518 17
519 17
520 19
521 16
522 18
523 20
524 20
525 16
526 19
527 18
528 16
529 15
530 15
531 16
532 16
533 14
534 15
535 19
536 15
537 18
538 18
539 17
540 15
541 17
542 20
543 19
544 20
545 19
546 20
547 17
548 16
549 17
550 17
551 19
552 19
553 17
554 18
555 16
556 18
557 15
558 14
559 17
560 17
561 16
562 18
563 17
564 19
565 20
566 20
567 22
568 20
569 19
570 18
571 18
572 16
573 18
574 20
575 21
576 18
577 18
578 19
579 19
580 17
581 18
582 18
583 19
584 19
585 20
586 14
587 18
588 20
589 18
590 21
591 20
592 18
593 19
594 21
595 19
596 20
597 19
598 17
599 18
600 17
601 17
602 15
603 16
604 17
605 16
606 19
607 17
608 16
609 17
610 18
611 16
612 19
613 19
614 18
615 19
616 18
617 18
618 19
619 17
620 17
621 16
622 17
623 19
624 19
625 16
626 16
627 17
628 18
629 20
630 19
631 16
632 17
633 18
634 19
635 18
636 17
637 19
638 18
639 18
640 19
641 21
642 21
643 18
644 19
645 17
646 14
647 19
648 20
649 17
650 17
651 18
652 17
653 18
654 13
655 17
656 17
657 18
658 19
659 18
660 18
661 14
662 14
663 15
664 19
665 20
666 18
667 18
668 18
669 14
670 16
671 18
672 18
673 20
674 17
675 17
676 18
677 18
678 17
679 18
680 17
681 20
682 21
683 19
684 18
685 19
686 17
687 20
688 18
689 18
690 17
691 15
692 19
693 19
694 17
695 19
696 19
697 18
698 19
699 20
700 18
701 17
702 16
703 17
704 15
705 18
706 19
707 18
708 16
709 18
710 18
711 17
712 19
713 20
714 20
715 18
716 16
717 18
718 19
719 19
720 18
721 17
722 19
723 18
724 19
725 19
726 17
727 18
728 17
729 18
730 17
731 20
732 16
733 19
734 18
735 15
736 18
737 16
738 16
739 18
740 18
741 19
742 18
743 18
744 16
745 18
746 16
747 18
748 17
749 18
750 17
751 15
752 18
753 17
754 20
755 16
756 16
757 18
758 20
759 18
760 18
761 20
762 18
763 17
764 16
765 20
766 19
767 19
768 18
769 17
770 17
771 18
772 16
773 18
774 15
775 17
776 20
777 20
778 20
779 18
780 16
781 16
782 16
783 17
784 19
785 19
786 20
787 20
788 19
789 19
790 17
791 18
792 16
793 17
794 18
795 18
796 17
797 16
798 15
799 16
800 17
801 20
802 19
803 18
804 17
805 15
806 18
807 19
808 16
809 18
810 20
811 18
812 20
813 15
814 17
815 15
816 17
817 17
818 17
819 18
820 17
821 17
822 15
823 19
824 17
825 18
826 15
827 19
828 18
829 19
830 19
831 18
832 19
833 18
834 21
835 20
836 18
837 17
838 15
839 17
840 14
841 14
842 18
843 19
844 19
845 18
846 20
847 19
848 19
849 16
850 18
851 18
852 17
853 18
854 16
855 18
856 18
857 14
858 16
859 18
860 18
861 20
862 17
863 19
864 18
865 18
866 16
867 20
868 18
869 15
870 18
871 18
872 19
873 20
874 19
875 19
876 20
877 19
878 18
879 17
880 21
881 20
882 19
883 20
884 18
885 20
886 20
887 17
888 18
889 19
890 17
891 18
892 17
893 19
894 18
895 19
896 18
897 14
898 18
899 17
900 16
901 15
902 17
903 18
904 19
905 16
906 17
907 17
908 18
909 18
910 19
911 19
912 16
913 18
914 17
915 17
916 17
917 17
918 18
919 17
920 20
921 17
922 19
923 16
924 17
925 14
926 15
927 15
928 20
929 19
930 17
931 15
932 16
933 16
934 18
935 20
936 19
937 19
938 20
939 15
940 15
941 18
942 20
943 20
944 20
945 18
946 21
947 17
948 17
949 18
950 16
951 21
952 18
953 19
954 20
955 17
956 19
957 18
958 18
959 19
960 16
961 18
962 20
963 18
964 19
965 17
966 17
967 17
968 18
969 18
970 16
971 16
972 18
973 19
974 20
975 17
976 17
977 15
978 15
979 15
980 18
981 19
982 18
983 17
984 20
985 20
986 17
987 20
988 18
989 17
990 16
991 19
992 19
993 18
994 17
995 15
996 18
997 16
998 20
999 21
1000 21
