0 30
1 27
2 24
3 21
4 18
5 16
6 17
7 14
8 14
9 15
10 15
11 15
12 15
13 14
14 14
15 14
16 13
17 14
18 13
19 13
20 13
21 14
22 13
23 13
24 12
25 12
26 13
27 12
28 13
29 14
30 14
31 13
32 12
33 12
34 13
35 14
36 14
37 15
38 15
39 15
40 14
41 14
42 13
43 13
44 12
45 13
46 15
47 17
48 17
49 18
50 16
51 15
52 14
53 12
54 12
55 13
56 13
57 15
58 15
59 15
60 16
61 15
62 15
63 15
64 16
65 14
66 15
67 13
68 10
69 11
70 11
71 12
72 12
73 12
74 11
75 11
76 11
77 10
78 11
79 13
80 13
81 14
82 14
83 13
84 14
85 15
86 14
87 14
88 15
89 15
90 14
91 14
92 14
93 15
94 17
95 14
96 12
97 13
98 13
99 13
100 13
101 12
102 11
103 10
104 11
105 13
106 10
107 10
108 12
109 13
110 14
111 13
112 12
113 13
114 13
115 13
116 15
117 14
118 14
119 13
120 13
121 11
122 10
123 11
124 11
125 12
126 12
127 13
128 12
129 12
130 10
131 11
132 12
133 10
134 11
135 11
136 12
137 12
138 12
139 12
140 13
141 12
142 13
143 12
144 11
145 8
146 9
147 9
148 11
149 14
150 14
151 13
152 14
153 14
154 14
155 14
156 16
157 13
158 12
159 10
160 11
161 11
162 12
163 13
164 14
165 11
166 11
167 11
168 13
169 13
170 14
171 15
172 16
173 17
174 17
175 15
176 14
177 16
178 16
179 15
180 13
181 14
182 15
183 16
184 14
185 15
186 12
187 12
188 14
189 12
190 11
191 11
192 11
193 13
194 12
195 13
196 11
197 12
198 12
199 11
200 10
201 9
202 10
203 11
204 12
205 14
206 12
207 11
208 13
209 13
210 13
211 14
212 12
213 12
214 12
215 11
216 11
217 12
218 12
219 12
220 14
221 14
222 14
223 13
224 14
225 14
226 14
227 12
228 13
229 13
230 13
231 13
232 14
233 12
234 12
235 11
236 13
237 14
238 14
239 13
240 11
241 13
242 13
243 14
244 15
245 15
246 14
247 15
248 15
249 13
250 14
251 16
252 15
253 15
254 15
255 15
256 14
257 13
258 13
259 11
260 12
261 13
262 13
263 14
264 14
265 14
266 13
267 13
268 12
269 14
270 9
271 9
272 10
273 10
274 11
275 12
276 11
277 13
278 13
279 14
280 13
281 12
282 13
283 13
284 10
285 11
286 12
287 14
288 13
289 14
290 13
291 14
292 13
293 13
294 11
295 12
296 12
297 12
298 12
299 13
300 13
301 15
302 12
303 15
304 16
305 16
306 15
307 16
308 17
309 17
310 16
311 14
312 15
313 14
314 15
315 15
316 15
317 12
318 8
319 10
320 10
321 9
322 9
323 11
324 10
325 11
326 12
327 12
328 11
329 11
330 10
331 11
332 12
333 14
334 14
335 14
336 14
337 13
338 13
339 13
340 12
341 12
342 10
343 11
344 11
345 13
346 13
347 13
348 13
349 10
350 12
351 11
352 11
353 12
354 12
355 12
356 13
357 13
358 15
359 14
360 12
361 10
362 9
363 10
364 11
365 13
366 13
367 13
368 9
369 8
370 12
371 11
372 12
373 13
374 13
375 14
376 14
377 15
378 15
379 15
380 15
381 15
382 13
383 14
384 15
385 14
386 14
387 15
388 14
389 14
390 14
391 13
392 13
393 14
394 13
395 14
396 15
397 15
398 14
399 12
400 12
401 11
402 11
403 10
404 11
405 13
406 14
407 15
408 16
409 16
410 15
411 15
412 15
413 12
414 12
415 14
416 15
417 15
418 14
419 13
420 12
421 11
422 10
423 10
424 11
425 10
426 12
427 13
428 13
429 14
430 15
431 12
432 8
433 9
434 11
435 12
436 12
437 13
438 14
439 13
440 11
441 13
442 15
443 13
444 13
445 14
446 13
447 11
448 12
449 13
450 13
451 15
452 15
453 15
454 15
455 15
456 16
457 14
458 15
459 13
460 13
461 14
462 14
463 13
464 13
465 15
466 14
467 12
468 12
469 11
470 12
471 12
472 11
473 12
474 12
475 13
476 13
477 11
478 12
479 12
480 13
481 12
482 12
483 13
484 12
485 13
486 13
487 12
488 14
489 15
490 11
491 11
492 10
493 11
494 11
495 12
496 11
497 13
498 12
499 11
500 13
501 13
502 13
503 12
504 12
505 14
506 14
507 13
508 13
509 13
510 13
511 12
512 12
513 11
514 12
515 13
516 12
517 11
518 11
519 11
520 12
521 13
522 11
523 10
524 11
525 12
526 11
527 12
528 13
529 14
530 12
531 13
532 13
533 13
534 14
535 14
536 12
537 12
538 15
539 15
540 14
541 15
542 15
543 13
544 14
545 13
546 13
547 14
548 11
549 10
550 13
551 14
552 13
553 13
554 14
555 14
556 12
557 11
558 11
559 10
560 11
561 11
562 12
563 12
564 11
565 11
566 12
567 12
568 14
569 14
570 12
571 11
572 13
573 13
574 13
575 14
576 13
577 12
578 15
579 15
580 13
581 12
582 11
583 10
584 13
585 14
586 13
587 15
588 15
589 16
590 17
591 16
592 14
593 13
594 14
595 14
596 16
597 15
598 16
599 16
600 14
601 13
602 14
603 14
604 12
605 12
606 13
607 13
608 14
609 15
610 14
611 12
612 12
613 12
614 14
615 13
616 15
617 12
618 14
619 14
620 14
621 13
622 14
623 13
624 12
625 12
626 14
627 12
628 13
629 11
630 12
631 11
632 12
633 13
634 13
635 13
636 14
637 14
638 15
639 14
640 13
641 10
642 10
643 9
644 12
645 13
646 14
647 15
648 14
649 15
650 14
651 14
652 15
653 14
654 14
655 15
656 15
657 15
658 12
659 11
660 11
661 13
662 13
663 13
664 13
665 12
666 10
667 10
668 10
669 11
670 12
671 14
672 15
673 13
674 12
675 11
676 12
677 11
678 11
679 11
680 11
681 11
682 13
683 14
684 13
685 12
686 12
687 11
688 9
689 9
690 8
691 9
692 10
693 11
694 11
695 11
696 9
697 10
698 10
699 10
700 11
701 11
702 12
703 13
704 15
705 12
706 13
707 13
708 12
709 10
710 13
711 14
712 13
713 12
714 12
715 11
716 11
717 11
718 9
719 9
720 11
721 12
722 13
723 11
724 12
725 12
726 13
727 13
728 13
729 13
730 13
731 13
732 13
733 11
734 11
735 12
736 13
737 12
738 13
739 13
740 13
741 13
742 13
743 13
744 13
745 14
746 13
747 13
748 13
749 13
750 12
751 13
752 14
753 14
754 15
755 14
756 14
757 14
758 13
759 14
760 14
761 14
762 14
763 14
764 15
765 16
766 16
767 17
768 16
769 16
770 16
771 14
772 13
773 12
774 12
775 14
776 14
777 13
778 13
779 14
780 14
781 13
782 14
783 14
784 14
785 13
786 11
787 13
788 13
789 15
790 15
791 16
792 14
793 13
794 14
795 13
796 15
797 13
798 12
799 14
800 16
801 13
802 13
803 11
804 11
805 11
806 9
807 12
808 13
809 13
810 14
811 15
812 13
813 12
814 15
815 13
816 13
817 14
818 15
819 16
820 17
821 16
822 15
823 16
824 17
825 16
826 14
827 14
828 13
829 13
830 13
831 13
832 12
833 13
834 13
835 16
836 16
837 15
838 14
839 14
840 14
841 14
842 14
843 14
844 11
845 12
846 12
847 11
848 9
849 8
850 10
851 11
852 10
853 11
854 14
855 14
856 13
857 14
858 16
859 16
860 14
861 13
862 13
863 15
864 14
865 14
866 15
867 15
868 15
869 16
870 14
871 13
872 13
873 14
874 15
875 12
876 14
877 14
878 15
879 16
880 13
881 12
882 11
883 12
884 13
885 13
886 15
887 15
888 14
889 11
890 11
891 11
892 13
893 13
894 12
895 12
896 14
897 14
898 14
899 14
900 13
901 13
902 14
903 14
904 11
905 13
906 13
907 14
908 13
909 14
910 13
911 14
912 14
913 12
914 14
915 15
916 15
917 17
918 17
919 17
920 16
921 15
922 16
923 12
924 11
925 12
926 12
927 13
928 14
929 12
930 14
931 13
932 14
933 12
934 13
935 13
936 12
937 13
938 15
939 14
940 13
941 14
942 15
943 15
944 13
945 13
946 14
947 12
948 11
949 11
950 12
951 12
952 12
953 13
954 13
955 12
956 11
957 14
958 15
959 14
960 14
961 14
962 15
963 16
964 15
965 15
966 16
967 16
968 15
969 15
970 15
971 16
972 14
973 14
974 13
975 15
976 14
977 15
978 15
979 14
980 14
981 14
982 13
983 12
984 11
985 12
986 12
987 13
988 13
989 14
990 13
991 12
992 11
993 13
994 13
995 12
996 12
997 11
998 11
999 9
1000 11
