0 70
1 69
2 67
3 66
4 66
5 59
6 54
7 54
8 52
9 52
10 53
11 53
12 50
13 49
14 50
15 50
16 53
17 51
18 51
19 51
20 49
21 51
22 51
23 50
24 47
25 48
26 45
27 46
28 48
29 51
30 50
31 51
32 52
33 51
34 52
35 51
36 51
37 51
38 50
39 48
40 48
41 48
42 50
43 50
44 50
45 46
46 47
47 42
48 41
49 41
50 42
51 42
52 42
53 42
54 40
55 40
56 40
57 38
58 40
59 40
60 41
61 43
62 44
63 44
64 46
65 44
66 43
67 42
68 42
69 37
70 39
71 40
72 42
73 45
74 45
75 47
76 50
77 47
78 43
79 45
80 46
81 44
82 45
83 44
84 45
85 44
86 43
87 42
88 42
89 41
90 43
91 41
92 43
93 44
94 47
95 48
96 49
97 49
98 48
99 47
100 49
101 50
102 50
103 47
104 46
105 47
106 49
107 49
108 49
109 49
110 50
111 51
112 50
113 50
114 50
115 50
116 50
117 47
118 48
119 49
120 49
121 47
122 47
123 49
124 48
125 47
126 46
127 43
128 47
129 45
130 46
131 48
132 48
133 48
134 48
135 49
136 50
137 50
138 48
139 51
140 51
141 51
142 53
143 53
144 52
145 49
146 49
147 44
148 43
149 46
150 44
151 45
152 43
153 40
154 40
155 43
156 41
157 40
158 43
159 43
160 44
161 45
162 47
163 47
164 46
165 43
166 44
167 42
168 42
169 45
170 47
171 48
172 52
173 49
174 49
175 51
176 49
177 47
178 44
179 45
180 46
181 45
182 43
183 45
184 49
185 51
186 49
187 48
188 44
189 46
190 43
191 43
192 43
193 44
194 46
195 46
196 46
197 46
198 45
199 44
200 43
201 41
202 40
203 39
204 41
205 39
206 42
207 40
208 41
209 42
210 43
211 45
212 47
213 49
214 47
215 47
216 50
217 47
218 47
219 46
220 47
221 49
222 50
223 49
224 49
225 50
226 50
227 48
228 48
229 46
230 47
231 45
232 46
233 49
234 48
235 47
236 43
237 43
238 40
239 38
240 40
241 41
242 44
243 46
244 45
245 44
246 45
247 47
248 43
249 42
250 45
251 46
252 49
253 47
254 48
255 47
256 48
257 47
258 45
259 47
260 48
261 47
262 49
263 50
264 49
265 47
266 46
267 47
268 41
269 43
270 44
271 45
272 47
273 43
274 44
275 45
276 43
277 45
278 47
279 48
280 49
281 50
282 51
283 51
284 49
285 47
286 49
287 49
288 49
289 49
290 48
291 48
292 47
293 47
294 46
295 46
296 46
297 49
298 46
299 50
300 51
301 52
302 50
303 52
304 52
305 52
306 53
307 52
308 53
309 55
310 55
311 55
312 57
313 55
314 56
315 54
316 53
317 51
318 50
319 48
320 45
321 45
322 44
323 44
324 47
325 46
326 45
327 46
328 43
329 40
330 40
331 41
332 42
333 41
334 40
335 41
336 38
337 38
338 40
339 38
340 36
341 34
342 38
343 37
344 38
345 41
346 43
347 46
348 45
349 46
350 47
351 46
352 46
353 49
354 52
355 47
356 47
357 47
358 48
359 48
360 48
361 47
362 45
363 48
364 50
365 48
366 47
367 46
368 47
369 47
370 47
371 50
372 50
373 47
374 45
375 43
376 42
377 40
378 39
379 43
380 42
381 44
382 46
383 45
384 47
385 44
386 48
387 47
388 48
389 46
390 46
391 45
392 47
393 48
394 48
395 49
396 49
397 49
398 50
399 49
400 50
401 48
402 50
403 50
404 51
405 50
406 52
407 52
408 50
409 48
410 47
411 48
412 47
413 49
414 48
415 48
416 50
417 48
418 50
419 49
420 50
421 51
422 50
423 51
424 53
425 52
426 50
427 52
428 51
429 50
430 51
431 48
432 49
433 48
434 48
435 50
436 50
437 50
438 47
439 44
440 45
441 42
442 42
443 44
444 42
445 40
446 42
447 42
448 40
449 45
450 48
451 49
452 48
453 48
454 48
455 43
456 44
457 45
458 43
459 43
460 39
461 43
462 45
463 47
464 45
465 45
466 49
467 45
468 43
469 44
470 44
471 43
472 46
473 46
474 44
475 45
476 45
477 45
478 46
479 43
480 44
481 46
482 44
483 43
484 41
485 41
486 41
487 42
488 46
489 44
490 45
491 41
492 42
493 41
494 41
495 42
496 43
497 42
498 44
499 43
500 42
501 43
502 48
503 48
504 48
505 47
506 47
507 48
508 46
509 46
510 47
511 49
512 49
513 48
514 49
515 46
516 46
517 45
518 45
519 48
520 46
521 44
522 48
523 46
524 45
525 45
526 42
527 40
528 35
529 35
530 36
531 40
532 42
533 44
534 45
535 46
536 48
537 49
538 46
539 46
540 46
541 44
542 41
543 43
544 41
545 44
546 45
547 41
548 37
549 35
550 35
551 35
552 35
553 37
554 38
555 39
556 37
557 40
558 41
559 42
560 41
561 44
562 43
563 43
564 43
565 44
566 43
567 41
568 40
569 40
570 42
571 43
572 44
573 43
574 43
575 43
576 44
577 44
578 44
579 46
580 47
581 49
582 46
583 45
584 46
585 44
586 44
587 45
588 47
589 48
590 47
591 48
592 49
593 48
594 48
595 46
596 46
597 48
598 49
599 49
600 49
601 50
602 47
603 45
604 45
605 44
606 47
607 46
608 44
609 41
610 41
611 42
612 45
613 43
614 44
615 41
616 42
617 44
618 41
619 45
620 42
621 43
622 46
623 48
624 50
625 52
626 52
627 52
628 51
629 51
630 47
631 45
632 46
633 45
634 43
635 41
636 42
637 41
638 42
639 40
640 41
641 43
642 43
643 44
644 43
645 45
646 47
647 47
648 44
649 42
650 42
651 42
652 40
653 44
654 44
655 44
656 44
657 45
658 48
659 48
660 49
661 46
662 47
663 47
664 45
665 42
666 43
667 42
668 43
669 44
670 44
671 46
672 45
673 44
674 44
675 44
676 46
677 45
678 46
679 48
680 48
681 50
682 51
683 49
684 48
685 49
686 47
687 46
688 48
689 50
690 52
691 50
692 50
693 51
694 49
695 47
696 45
697 45
698 47
699 48
700 46
701 48
702 46
703 48
704 49
705 46
706 44
707 43
708 44
709 44
710 44
711 41
712 43
713 45
714 44
715 46
716 45
717 46
718 47
719 47
720 46
721 46
722 45
723 48
724 50
725 48
726 48
727 46
728 45
729 45
730 46
731 46
732 43
733 42
734 43
735 43
736 40
737 39
738 40
739 40
740 40
741 40
742 40
743 43
744 44
745 39
746 38
747 41
748 41
749 42
750 44
751 47
752 46
753 46
754 48
755 48
756 47
757 43
758 44
759 42
760 40
761 44
762 46
763 48
764 49
765 46
766 46
767 45
768 46
769 40
770 42
771 44
772 41
773 42
774 43
775 41
776 41
777 41
778 43
779 42
780 44
781 45
782 47
783 46
784 43
785 42
786 44
787 44
788 45
789 46
790 45
791 44
792 48
793 47
794 48
795 50
796 51
797 50
798 50
799 48
800 49
801 48
802 46
803 45
804 43
805 42
806 38
807 41
808 43
809 45
810 45
811 45
812 46
813 44
814 45
815 45
816 46
817 49
818 47
819 47
820 48
821 48
822 50
823 48
824 46
825 52
826 50
827 51
828 49
829 49
830 49
831 49
832 48
833 47
834 45
835 44
836 47
837 47
838 45
839 44
840 47
841 51
842 48
843 48
844 46
845 47
846 47
847 48
848 44
849 45
850 45
851 44
852 42
853 46
854 44
855 41
856 40
857 40
858 40
859 43
860 43
861 45
862 47
863 46
864 47
865 48
866 48
867 49
868 51
869 51
870 47
871 45
872 45
873 47
874 48
875 47
876 49
877 47
878 46
879 47
880 47
881 48
882 49
883 50
884 51
885 52
886 50
887 48
888 48
889 49
890 50
891 50
892 47
893 48
894 48
895 47
896 46
897 47
898 48
899 49
900 51
901 53
902 49
903 47
904 47
905 44
906 45
907 44
908 46
909 51
910 50
911 51
912 51
913 50
914 46
915 41
916 43
917 43
918 44
919 46
920 45
921 47
922 48
923 43
924 43
925 44
926 45
927 45
928 46
929 44
930 43
931 45
932 47
933 51
934 48
935 48
936 50
937 49
938 49
939 50
940 47
941 45
942 45
943 48
944 49
945 47
946 46
947 46
948 47
949 44
950 43
951 43
952 42
953 42
954 43
955 45
956 47
957 50
958 46
959 46
960 45
961 41
962 40
963 40
964 39
965 37
966 38
967 40
968 41
969 43
970 43
971 44
972 47
973 47
974 47
975 46
976 45
977 45
978 43
979 45
980 46
981 45
982 45
983 45
984 42
985 41
986 40
987 40
988 42
989 41
990 41
991 37
992 39
993 38
994 37
995 37
996 38
997 38
998 40
999 40
1000 40
