0 50
1 43
2 38
3 38
4 35
5 33
6 31
7 31
8 31
9 33
10 33
11 34
12 34
13 34
14 35
15 33
16 33
17 32
18 29
19 28
20 33
21 32
22 34
23 34
24 32
25 30
26 29
27 24
28 24
29 25
30 27
31 28
32 29
33 31
34 32
35 31
36 32
37 31
38 32
39 35
40 33
41 33
42 35
43 36
44 35
45 29
46 28
47 31
48 29
49 30
50 27
51 29
52 30
53 32
54 30
55 31
56 30
57 31
58 32
59 32
60 32
61 32
62 34
63 31
64 30
65 27
66 27
67 25
68 22
69 26
70 28
71 30
72 30
73 31
74 31
75 32
76 33
77 33
78 34
79 34
80 33
81 33
82 32
83 34
84 32
85 31
86 34
87 32
88 33
89 34
90 32
91 32
92 29
93 32
94 30
95 29
96 31
97 32
98 33
99 29
100 30
101 28
102 30
103 29
104 32
105 30
106 32
107 29
108 30
109 33
110 29
111 29
112 31
113 31
114 31
115 29
116 27
117 27
118 25
119 26
120 28
121 32
122 30
123 31
124 29
125 31
126 31
127 30
128 33
129 32
130 32
131 33
132 30
133 30
134 29
135 31
136 31
137 34
138 32
139 31
140 32
141 32
142 31
143 32
144 35
145 32
146 33
147 31
148 34
149 36
150 33
151 34
152 33
153 33
154 33
155 33
156 35
157 34
158 30
159 33
160 32
161 34
162 32
163 29
164 28
165 27
166 25
167 23
168 27
169 26
170 25
171 30
172 32
173 33
174 30
175 31
176 31
177 30
178 30
179 32
180 33
181 34
182 35
183 32
184 30
185 32
186 32
187 30
188 29
189 28
190 30
191 31
192 29
193 30
194 30
195 30
196 31
197 32
198 33
199 31
200 30
201 28
202 30
203 28
204 30
205 32
206 33
207 32
208 28
209 31
210 32
211 31
212 34
213 33
214 32
215 34
216 34
217 31
218 33
219 33
220 30
221 30
222 27
223 28
224 29
225 30
226 28
227 27
228 29
229 29
230 29
231 27
232 30
233 32
234 36
235 33
236 33
237 34
238 33
239 32
240 31
241 32
242 33
243 32
244 32
245 32
246 30
247 28
248 26
249 29
250 29
251 29
252 34
253 32
254 33
255 29
256 30
257 32
258 33
259 32
260 33
261 29
262 28
263 29
264 30
265 31
266 31
267 31
268 32
269 31
270 26
271 29
272 29
273 28
274 31
275 31
276 30
277 29
278 28
279 24
280 28
281 28
282 29
283 31
284 30
285 33
286 29
287 29
288 30
289 33
290 33
291 35
292 27
293 28
294 31
295 30
296 33
297 30
298 32
299 31
300 31
301 32
302 30
303 30
304 30
305 27
306 32
307 34
308 33
309 33
310 33
311 30
312 33
313 35
314 36
315 35
316 32
317 31
318 33
319 30
320 31
321 32
322 31
323 30
324 33
325 34
326 30
327 32
328 32
329 32
330 33
331 32
332 29
333 30
334 28
335 30
336 31
337 31
338 33
339 31
340 31
341 29
342 30
343 28
344 32
345 31
346 34
347 32
348 33
349 28
350 30
351 26
352 25
353 27
354 26
355 30
356 31
357 33
358 31
359 31
360 31
361 29
362 33
363 26
364 29
365 29
366 28
367 28
368 30
369 32
370 32
371 30
372 27
373 25
374 29
375 28
376 30
377 32
378 33
379 32
380 33
381 33
382 33
383 34
384 32
385 33
386 33
387 31
388 32
389 28
390 29
391 28
392 30
393 31
394 29
395 27
396 24
397 28
398 27
399 30
400 32
401 32
402 29
403 27
404 28
405 26
406 27
407 29
408 30
409 31
410 28
411 30
412 34
413 35
414 32
415 32
416 27
417 28
418 28
419 26
420 28
421 31
422 34
423 32
424 30
425 27
426 28
427 30
428 27
429 28
430 26
431 27
432 31
433 32
434 33
435 31
436 29
437 26
438 29
439 29
440 28
441 31
442 31
443 29
444 30
445 30
446 30
447 32
448 32
449 29
450 28
451 27
452 29
453 30
454 31
455 31
456 35
457 32
458 30
459 31
460 33
461 33
462 31
463 29
464 30
465 29
466 30
467 26
468 26
469 26
470 29
471 31
472 33
473 32
474 32
475 35
476 32
477 32
478 31
479 33
480 34
481 32
482 31
483 31
484 33
485 33
486 33
487 29
488 31
489 28
490 29
491 27
492 29
493 27
494 30
495 32
496 31
497 30
498 28
499 30
500 34
501 33
502 35
503 34
504 34
505 32
506 30
507 33
508 33
509 32
510 31
511 30
512 28
513 32
514 30
515 23
516 26
517 29
518 32
519 31
520 31
521 27
522 30
523 31
524 31
525 33
526 31
527 31
528 31
529 30
530 28
531 28
532 32
533 31
534 33
535 33
536 31
537 35
538 34
539 33
540 32
541 34
542 33
543 32
544 30
545 30
546 30
547 31
548 31
549 30
550 30
551 26
552 28
553 30
554 29
555 28
556 30
557 32
558 32
559 31
560 31
561 30
562 31
563 31
564 30
565 34
566 34
567 31
568 32
569 33
570 33
571 31
572 29
573 29
574 31
575 31
576 28
577 31
578 29
579 29
580 27
581 29
582 29
583 30
584 28
585 26
586 26
587 29
588 34
589 32
590 32
591 31
592 29
593 27
594 28
595 29
596 29
597 29
598 29
599 29
600 30
601 26
602 29
603 30
604 24
605 24
606 26
607 28
608 31
609 30
610 31
611 30
612 30
613 30
614 27
615 28
616 26
617 24
618 28
619 29
620 30
621 28
622 29
623 30
624 32
625 30
626 27
627 33
628 34
629 35
630 34
631 34
632 31
633 32
634 32
635 32
636 30
637 29
638 31
639 30
640 30
641 32
642 32
643 30
644 30
645 30
646 29
647 30
648 31
649 27
650 28
651 32
652 32
653 35
654 32
655 36
656 32
657 32
658 31
659 29
660 31
661 31
662 31
663 30
664 29
665 30
666 31
667 31
668 26
669 30
670 31
671 33
672 33
673 31
674 31
675 32
676 30
677 30
678 31
679 31
680 28
681 28
682 30
683 33
684 34
685 31
686 33
687 31
688 27
689 26
690 25
691 27
692 26
693 27
694 28
695 30
696 32
697 33
698 33
699 33
700 28
701 24
702 27
703 26
704 26
705 29
706 30
707 26
708 26
709 27
710 28
711 32
712 33
713 33
714 28
715 27
716 27
717 29
718 29
719 27
720 28
721 24
722 25
723 27
724 28
725 26
726 28
727 28
728 28
729 30
730 34
731 33
732 34
733 32
734 35
735 32
736 33
737 33
738 33
739 33
740 34
741 32
742 32
743 32
744 28
745 30
746 30
747 31
748 30
749 29
750 28
751 30
752 27
753 31
754 26
755 27
756 31
757 30
758 30
759 27
760 29
761 30
762 31
763 29
764 28
765 29
766 31
767 32
768 35
769 35
770 32
771 34
772 34
773 33
774 31
775 31
776 30
777 25
778 29
779 29
780 31
781 28
782 29
783 30
784 29
785 29
786 31
787 30
788 29
789 30
790 31
791 30
792 32
793 30
794 27
795 25
796 26
797 30
798 26
799 27
800 30
801 30
802 32
803 34
804 32
805 31
806 28
807 28
808 29
809 30
810 30
811 31
812 30
813 33
814 29
815 29
816 29
817 32
818 31
819 34
820 34
821 36
822 33
823 30
824 27
825 30
826 27
827 30
828 30
829 31
830 29
831 33
832 32
833 31
834 30
835 30
836 28
837 29
838 30
839 28
840 25
841 24
842 23
843 28
844 32
845 33
846 30
847 28
848 30
849 30
850 30
851 28
852 29
853 29
854 27
855 27
856 29
857 26
858 27
859 25
860 24
861 24
862 25
863 27
864 28
865 29
866 29
867 29
868 31
869 29
870 31
871 34
872 31
873 30
874 26
875 29
876 30
877 31
878 33
879 32
880 32
881 31
882 34
883 32
884 31
885 30
886 30
887 30
888 32
889 31
890 32
891 34
892 33
893 34
894 34
895 31
896 35
897 35
898 32
899 33
900 34
901 35
902 32
903 28
904 29
905 32
906 32
907 33
908 33
909 33
910 33
911 30
912 30
913 29
914 34
915 33
916 31
917 34
918 32
919 32
920 31
921 30
922 32
923 33
924 36
925 33
926 32
927 34
928 34
929 31
930 31
931 33
932 31
933 31
934 31
935 31
936 36
937 32
938 30
939 28
940 29
941 35
942 33
943 34
944 34
945 32
946 31
947 30
948 32
949 31
950 29
951 32
952 30
953 32
954 34
955 32
956 33
957 32
958 30
959 28
960 31
961 29
962 30
963 29
964 28
965 29
966 31
967 30
968 29
969 31
970 31
971 32
972 30
973 31
974 32
975 32
976 28
977 30
978 27
979 29
980 29
981 32
982 33
983 33
984 29
985 29
986 31
987 31
988 31
989 31
990 27
991 28
992 29
993 27
994 27
995 31
996 32
997 33
998 32
999 29
1000 29
