0 10
1 6
2 5
3 6
4 5
5 5
6 5
7 6
8 6
9 6
10 7
11 4
12 4
13 5
14 6
15 4
16 4
17 4
18 5
19 3
20 5
21 3
22 5
23 6
24 6
25 5
26 5
27 5
28 5
29 5
30 7
31 6
32 5
33 4
34 5
35 4
36 4
37 3
38 5
39 6
40 6
41 7
42 6
43 5
44 5
45 5
46 6
47 6
48 5
49 5
50 6
51 6
52 5
53 4
54 5
55 4
56 3
57 3
58 4
59 5
60 6
61 4
62 4
63 5
64 5
65 5
66 4
67 5
68 5
69 7
70 7
71 6
72 7
73 6
74 7
75 6
76 5
77 4
78 5
79 6
80 5
81 3
82 4
83 4
84 4
85 4
86 4
87 4
88 6
89 5
90 4
91 5
92 4
93 5
94 6
95 4
96 6
97 7
98 6
99 5
100 6
101 5
102 6
103 6
104 6
105 6
106 5
107 6
108 6
109 5
110 6
111 5
112 4
113 4
114 6
115 5
116 5
117 5
118 5
119 5
120 5
121 6
122 5
123 6
124 5
125 5
126 5
127 5
128 6
129 6
130 7
131 7
132 6
133 5
134 5
135 5
136 5
137 4
138 4
139 3
140 6
141 6
142 6
143 4
144 2
145 3
146 4
147 3
148 4
149 5
150 5
151 6
152 7
153 4
154 4
155 4
156 6
157 4
158 4
159 4
160 5
161 3
162 2
163 4
164 4
165 5
166 5
167 5
168 5
169 5
170 3
171 3
172 4
173 4
174 5
175 5
176 6
177 5
178 5
179 5
180 6
181 5
182 4
183 5
184 5
185 6
186 8
187 7
188 6
189 4
190 5
191 6
192 6
193 6
194 7
195 6
196 7
197 7
198 5
199 5
200 4
201 4
202 5
203 5
204 6
205 4
206 3
207 4
208 3
209 4
210 5
211 5
212 2
213 4
214 6
215 5
216 6
217 7
218 6
219 6
220 7
221 8
222 8
223 6
224 4
225 4
226 4
227 4
228 4
229 5
230 3
231 4
232 4
233 5
234 4
235 4
236 5
237 4
238 3
239 4
240 4
241 3
242 4
243 4
244 5
245 4
246 5
247 6
248 6
249 5
250 5
251 6
252 6
253 5
254 5
255 6
256 6
257 5
258 6
259 5
260 5
261 6
262 4
263 6
264 6
265 5
266 5
267 4
268 6
269 5
270 5
271 5
272 4
273 4
274 5
275 5
276 6
277 4
278 5
279 6
280 6
281 5
282 4
283 5
284 5
285 5
286 6
287 5
288 6
289 6
290 6
291 6
292 6
293 5
294 5
295 3
296 3
297 3
298 3
299 7
300 6
301 5
302 4
303 3
304 4
305 5
306 4
307 4
308 5
309 5
310 5
311 5
312 5
313 5
314 6
315 5
316 4
317 6
318 5
319 3
320 4
321 4
322 5
323 5
324 6
325 5
326 5
327 5
328 5
329 4
330 5
331 6
332 8
333 7
334 6
335 5
336 7
337 3
338 4
339 4
340 2
341 4
342 6
343 6
344 4
345 6
346 6
347 6
348 7
349 6
350 5
351 6
352 5
353 5
354 4
355 3
356 3
357 3
358 3
359 5
360 5
361 5
362 5
363 4
364 5
365 6
366 5
367 5
368 4
369 5
370 5
371 4
372 5
373 7
374 6
375 6
376 5
377 5
378 3
379 4
380 4
381 4
382 3
383 4
384 6
385 5
386 6
387 5
388 4
389 4
390 5
391 5
392 2
393 5
394 6
395 6
396 6
397 6
398 5
399 3
400 4
401 3
402 4
403 6
404 6
405 5
406 4
407 4
408 6
409 7
410 7
411 6
412 7
413 6
414 5
415 4
416 4
417 3
418 4
419 5
420 4
421 5
422 6
423 6
424 5
425 7
426 6
427 6
428 7
429 6
430 4
431 5
432 6
433 4
434 4
435 6
436 6
437 6
438 6
439 6
440 7
441 6
442 5
443 5
444 5
445 5
446 5
447 7
448 5
449 6
450 5
451 5
452 3
453 4
454 3
455 4
456 5
457 4
458 3
459 4
460 4
461 5
462 5
463 5
464 4
465 5
466 5
467 4
468 4
469 5
470 5
471 4
472 3
473 5
474 4
475 4
476 5
477 6
478 6
479 5
480 5
481 5
482 4
483 5
484 5
485 4
486 5
487 5
488 5
489 5
490 6
491 4
492 4
493 5
494 5
495 6
496 3
497 5
498 4
499 5
500 6
501 5
502 5
503 5
504 5
505 4
506 5
507 5
508 6
509 6
510 4
511 4
512 6
513 6
514 4
515 5
516 6
517 5
518 5
519 5
520 5
521 4
522 2
523 4
524 4
525 2
526 4
527 4
528 4
529 3
530 3
531 5
532 4
533 3
534 4
535 4
536 3
537 4
538 3
539 5
540 5
541 4
542 5
543 4
544 5
545 5
546 4
547 6
548 5
549 5
550 5
551 5
552 3
553 3
554 3
555 5
556 6
557 6
558 7
559 6
560 6
561 5
562 5
563 6
564 7
565 7
566 7
567 8
568 5
569 4
570 5
571 5
572 6
573 6
574 6
575 6
576 6
577 4
578 5
579 4
580 4
581 4
582 3
583 4
584 6
585 5
586 5
587 3
588 3
589 4
590 3
591 5
592 6
593 7
594 5
595 3
596 3
597 4
598 5
599 5
600 5
601 4
602 6
603 5
604 4
605 5
606 5
607 6
608 6
609 4
610 5
611 4
612 4
613 4
614 3
615 3
616 6
617 4
618 5
619 4
620 3
621 3
622 4
623 5
624 5
625 4
626 3
627 5
628 4
629 5
630 5
631 5
632 4
633 5
634 6
635 4
636 5
637 3
638 5
639 5
640 5
641 5
642 4
643 5
644 5
645 4
646 4
647 4
648 5
649 4
650 4
651 4
652 5
653 4
654 5
655 5
656 5
657 6
658 5
659 7
660 6
661 6
662 7
663 4
664 3
665 3
666 4
667 5
668 4
669 4
670 4
671 5
672 3
673 2
674 2
675 2
676 4
677 5
678 6
679 7
680 6
681 6
682 7
683 8
684 7
685 7
686 6
687 4
688 5
689 5
690 4
691 4
692 6
693 5
694 5
695 3
696 2
697 3
698 4
699 5
700 3
701 5
702 3
703 5
704 5
705 6
706 4
707 6
708 5
709 4
710 4
711 4
712 6
713 7
714 6
715 4
716 5
717 5
718 5
719 5
720 5
721 7
722 7
723 5
724 5
725 5
726 5
727 5
728 5
729 5
730 5
731 6
732 5
733 6
734 5
735 4
736 4
737 2
738 2
739 5
740 6
741 6
742 5
743 5
744 5
745 4
746 4
747 5
748 7
749 6
750 6
751 7
752 6
753 5
754 5
755 5
756 5
757 6
758 7
759 7
760 8
761 7
762 6
763 5
764 2
765 4
766 4
767 3
768 3
769 2
770 3
771 4
772 4
773 4
774 4
775 4
776 4
777 4
778 4
779 4
780 5
781 6
782 4
783 5
784 2
785 4
786 5
787 5
788 4
789 5
790 3
791 5
792 4
793 3
794 6
795 5
796 5
797 5
798 5
799 5
800 5
801 4
802 3
803 3
804 4
805 4
806 5
807 5
808 3
809 4
810 5
811 5
812 5
813 4
814 3
815 5
816 5
817 6
818 4
819 3
820 3
821 6
822 6
823 6
824 4
825 4
826 4
827 4
828 4
829 4
830 4
831 4
832 4
833 6
834 5
835 3
836 5
837 4
838 4
839 4
840 4
841 6
842 5
843 4
844 6
845 5
846 6
847 5
848 6
849 6
850 7
851 7
852 7
853 6
854 5
855 5
856 5
857 5
858 4
859 6
860 5
861 4
862 6
863 4
864 4
865 5
866 4
867 4
868 5
869 6
870 5
871 6
872 5
873 6
874 7
875 5
876 7
877 5
878 5
879 5
880 3
881 6
882 6
883 6
884 7
885 7
886 4
887 5
888 5
889 4
890 6
891 5
892 4
893 4
894 4
895 4
896 5
897 6
898 6
899 7
900 4
901 4
902 2
903 3
904 5
905 6
906 6
907 6
908 5
909 5
910 4
911 5
912 6
913 6
914 5
915 6
916 7
917 7
918 5
919 5
920 6
921 6
922 6
923 4
924 6
925 6
926 6
927 7
928 7
929 7
930 5
931 6
932 6
933 6
934 5
935 6
936 5
937 5
938 7
939 7
940 7
941 7
942 6
943 4
944 4
945 4
946 4
947 3
948 3
949 6
950 5
951 5
952 4
953 4
954 4
955 5
956 4
957 4
958 5
959 3
960 5
961 6
962 7
963 5
964 6
965 5
966 6
967 5
968 6
969 6
970 6
971 5
972 6
973 6
974 5
975 5
976 5
977 6
978 7
979 7
980 6
981 6
982 7
983 6
984 5
985 5
986 5
987 4
988 4
989 2
990 2
991 3
992 3
993 3
994 4
995 5
996 4
997 3
998 4
999 3
1000 4
