0 25
1 22
2 19
3 17
4 17
5 17
6 14
7 11
8 14
9 15
10 16
11 14
12 15
13 14
14 16
15 15
16 16
17 17
18 16
19 16
20 16
21 12
22 11
23 13
24 13
25 13
26 16
27 16
28 13
29 14
30 14
31 13
32 15
33 16
34 16
35 15
36 12
37 13
38 14
39 14
40 16
41 14
42 12
43 14
44 15
45 17
46 13
47 15
48 15
49 15
50 15
51 11
52 15
53 15
54 15
55 17
56 18
57 17
58 17
59 17
60 15
61 15
62 13
63 13
64 13
65 13
66 17
67 16
68 13
69 12
70 15
71 12
72 15
73 14
74 14
75 14
76 14
77 15
78 16
79 15
80 12
81 11
82 13
83 13
84 13
85 12
86 15
87 15
88 15
89 14
90 11
91 14
92 14
93 11
94 12
95 13
96 10
97 11
98 15
99 15
100 13
101 15
102 16
103 16
104 12
105 14
106 14
107 15
108 14
109 16
110 15
111 12
112 12
113 14
114 15
115 18
116 17
117 16
118 15
119 13
120 12
121 15
122 16
123 16
124 13
125 11
126 13
127 15
128 16
129 15
130 16
131 12
132 14
133 16
134 14
135 16
136 17
137 14
138 13
139 13
140 11
141 10
142 11
143 12
144 12
145 15
146 15
147 16
148 15
149 14
150 13
151 14
152 12
153 11
154 14
155 10
156 13
157 12
158 14
159 15
160 15
161 16
162 16
163 16
164 17
165 18
166 18
167 15
168 12
169 13
170 15
171 16
172 17
173 15
174 16
175 13
176 15
177 14
178 14
179 12
180 14
181 16
182 16
183 16
184 15
185 14
186 14
187 14
188 14
189 17
190 18
191 16
192 16
193 13
194 14
195 15
196 15
197 15
198 16
199 14
200 15
201 17
202 18
203 18
204 19
205 18
206 18
207 17
208 16
209 16
210 16
211 13
212 14
213 15
214 14
215 16
216 15
217 14
218 12
219 16
220 15
221 16
222 17
223 11
224 11
225 14
226 12
227 14
228 15
229 13
230 13
231 14
232 15
233 13
234 12
235 12
236 12
237 14
238 11
239 12
240 11
241 11
242 15
243 15
244 16
245 13
246 17
247 18
248 18
249 15
250 20
251 17
252 17
253 14
254 15
255 12
256 14
257 14
258 15
259 13
260 14
261 13
262 15
263 12
264 11
265 13
266 15
267 16
268 14
269 12
270 11
271 13
272 14
273 14
274 13
275 12
276 15
277 16
278 17
279 17
280 18
281 18
282 18
283 17
284 17
285 18
286 16
287 17
288 14
289 16
290 13
291 14
292 15
293 16
294 14
295 17
296 16
297 16
298 16
299 16
300 15
301 15
302 14
303 13
304 12
305 13
306 13
307 14
308 15
309 14
310 13
311 11
312 9
313 10
314 13
315 14
316 15
317 16
318 18
319 13
320 14
321 15
322 15
323 14
324 16
325 13
326 12
327 15
328 15
329 16
330 15
331 15
332 14
333 14
334 16
335 14
336 13
337 15
338 16
339 17
340 17
341 17
342 18
343 17
344 16
345 17
346 17
347 15
348 14
349 12
350 12
351 12
352 10
353 15
354 15
355 14
356 15
357 15
358 14
359 12
360 14
361 15
362 17
363 15
364 18
365 16
366 17
367 19
368 18
369 17
370 15
371 16
372 16
373 17
374 13
375 14
376 15
377 13
378 15
379 15
380 14
381 13
382 12
383 14
384 15
385 15
386 14
387 17
388 14
389 14
390 13
391 14
392 14
393 15
394 16
395 14
396 14
397 15
398 15
399 15
400 14
401 14
402 16
403 14
404 14
405 13
406 15
407 17
408 17
409 15
410 17
411 18
412 17
413 17
414 17
415 14
416 16
417 14
418 15
419 15
420 17
421 20
422 18
423 17
424 15
425 15
426 16
427 15
428 14
429 15
430 16
431 16
432 19
433 18
434 15
435 13
436 14
437 16
438 15
439 15
440 15
441 14
442 14
443 16
444 16
445 16
446 14
447 17
448 16
449 15
450 16
451 17
452 18
453 16
454 16
455 16
456 14
457 14
458 12
459 14
460 13
461 14
462 15
463 14
464 13
465 15
466 17
467 16
468 15
469 15
470 14
471 14
472 14
473 12
474 12
475 14
476 16
477 14
478 15
479 14
480 15
481 15
482 14
483 15
484 17
485 16
486 16
487 14
488 15
489 16
490 17
491 18
492 14
493 16
494 18
495 17
496 16
497 14
498 18
499 17
500 12
501 16
502 15
503 15
504 14
505 12
506 13
507 14
508 13
509 15
510 15
511 15
512 14
513 12
514 14
515 16
516 16
517 15
518 15
519 16
520 15
521 12
522 14
523 12
524 12
525 14
526 15
527 14
528 15
529 17
530 17
531 16
532 15
533 16
534 17
535 16
536 16
537 15
538 14
539 16
540 15
541 16
542 14
543 15
544 19
545 17
546 17
547 18
548 16
549 11
550 15
551 15
552 18
553 18
554 15
555 15
556 16
557 14
558 12
559 18
560 14
561 16
562 15
563 15
564 16
565 14
566 12
567 12
568 14
569 12
570 12
571 14
572 13
573 14
574 13
575 13
576 15
577 15
578 15
579 13
580 13
581 15
582 16
583 15
584 14
585 15
586 13
587 17
588 16
589 16
590 14
591 15
592 15
593 15
594 17
595 13
596 15
597 15
598 15
599 15
600 14
601 16
602 17
603 14
604 16
605 17
606 16
607 14
608 15
609 15
610 16
611 15
612 14
613 13
614 12
615 13
616 13
617 11
618 15
619 14
620 14
621 13
622 12
623 11
624 15
625 14
626 15
627 16
628 16
629 17
630 18
631 16
632 16
633 16
634 16
635 15
636 14
637 12
638 15
639 15
640 16
641 14
642 16
643 14
644 13
645 13
646 17
647 14
648 15
649 14
650 14
651 12
652 14
653 15
654 14
655 16
656 17
657 13
658 16
659 16
660 15
661 15
662 13
663 11
664 11
665 13
666 12
667 13
668 16
669 14
670 16
671 15
672 17
673 17
674 17
675 17
676 15
677 16
678 14
679 15
680 15
681 15
682 15
683 17
684 14
685 16
686 14
687 15
688 15
689 14
690 15
691 15
692 12
693 15
694 13
695 12
696 13
697 14
698 14
699 14
700 11
701 16
702 17
703 14
704 14
705 14
706 13
707 12
708 12
709 14
710 14
711 11
712 13
713 12
714 12
715 14
716 15
717 14
718 15
719 16
720 16
721 15
722 13
723 14
724 13
725 12
726 17
727 14
728 14
729 14
730 13
731 15
732 14
733 16
734 16
735 15
736 14
737 16
738 15
739 15
740 16
741 14
742 16
743 17
744 16
745 15
746 16
747 16
748 19
749 15
750 17
751 17
752 17
753 19
754 18
755 17
756 18
757 16
758 13
759 13
760 13
761 14
762 15
763 11
764 14
765 16
766 14
767 16
768 15
769 15
770 13
771 14
772 15
773 15
774 14
775 14
776 11
777 11
778 15
779 15
780 15
781 14
782 15
783 14
784 16
785 15
786 15
787 17
788 17
789 15
790 15
791 15
792 13
793 15
794 15
795 14
796 17
797 13
798 15
799 14
800 13
801 14
802 14
803 12
804 14
805 12
806 13
807 12
808 11
809 12
810 13
811 12
812 15
813 15
814 17
815 16
816 16
817 16
818 15
819 12
820 14
821 17
822 16
823 16
824 15
825 12
826 14
827 14
828 16
829 16
830 17
831 14
832 16
833 15
834 17
835 17
836 13
837 15
838 13
839 16
840 17
841 14
842 15
843 15
844 18
845 17
846 17
847 18
848 16
849 16
850 14
851 15
852 15
853 16
854 16
855 19
856 16
857 17
858 15
859 12
860 14
861 14
862 15
863 16
864 14
865 15
866 16
867 13
868 13
869 16
870 15
871 15
872 15
873 14
874 14
875 13
876 14
877 14
878 12
879 16
880 15
881 13
882 14
883 14
884 16
885 16
886 17
887 16
888 16
889 15
890 12
891 15
892 14
893 15
894 17
895 17
896 15
897 16
898 15
899 15
900 15
901 15
902 15
903 15
904 16
905 13
906 12
907 13
908 16
909 12
910 14
911 13
912 12
913 13
914 13
915 14
916 15
917 15
918 15
919 15
920 14
921 14
922 16
923 17
924 16
925 16
926 16
927 12
928 11
929 12
930 13
931 15
932 13
933 14
934 12
935 15
936 13
937 14
938 15
939 16
940 16
941 18
942 16
943 15
944 12
945 15
946 18
947 15
948 12
949 17
950 17
951 16
952 13
953 12
954 13
955 13
956 13
957 14
958 15
959 15
960 16
961 14
962 13
963 15
964 15
965 14
966 14
967 14
968 15
969 14
970 13
971 12
972 12
973 14
974 14
975 14
976 17
977 16
978 17
979 15
980 11
981 13
982 12
983 12
984 17
985 16
986 15
987 14
988 15
989 16
990 15
991 14
992 14
993 14
994 14
995 15
996 16
997 16
998 17
999 16
1000 15
