0 15
1 13
2 9
3 9
4 9
5 9
6 8
7 9
8 9
9 9
10 10
11 9
12 9
13 8
14 8
15 9
16 10
17 10
18 10
19 9
20 10
21 8
22 9
23 8
24 6
25 9
26 9
27 8
28 10
29 10
30 7
31 6
32 6
33 9
34 8
35 7
36 8
37 8
38 9
39 8
40 9
41 10
42 11
43 7
44 7
45 9
46 9
47 10
48 10
49 9
50 9
51 10
52 9
53 8
54 7
55 7
56 8
57 8
58 7
59 7
60 9
61 10
62 7
63 6
64 7
65 6
66 7
67 6
68 5
69 6
70 7
71 9
72 9
73 7
74 6
75 9
76 9
77 9
78 10
79 9
80 10
81 10
82 8
83 9
84 8
85 8
86 7
87 9
88 8
89 7
90 5
91 4
92 7
93 10
94 10
95 9
96 9
97 9
98 9
99 9
100 10
101 9
102 8
103 8
104 9
105 10
106 9
107 9
108 8
109 10
110 8
111 8
112 8
113 8
114 10
115 9
116 8
117 8
118 9
119 8
120 8
121 8
122 9
123 9
124 7
125 8
126 8
127 8
128 6
129 7
130 7
131 5
132 5
133 4
134 6
135 8
136 9
137 10
138 6
139 9
140 9
141 4
142 5
143 6
144 5
145 7
146 6
147 8
148 9
149 9
150 8
151 7
152 7
153 9
154 10
155 9
156 8
157 9
158 9
159 8
160 6
161 5
162 5
163 8
164 9
165 8
166 7
167 7
168 6
169 7
170 9
171 7
172 9
173 9
174 8
175 9
176 10
177 8
178 9
179 7
180 8
181 7
182 8
183 9
184 9
185 9
186 9
187 8
188 10
189 9
190 8
191 9
192 6
193 8
194 8
195 8
196 9
197 8
198 10
199 9
200 9
201 9
202 9
203 10
204 9
205 10
206 9
207 10
208 10
209 9
210 10
211 10
212 10
213 9
214 9
215 8
216 9
217 9
218 8
219 9
220 9
221 9
222 10
223 9
224 9
225 9
226 6
227 6
228 8
229 9
230 9
231 10
232 10
233 6
234 6
235 8
236 10
237 8
238 8
239 7
240 7
241 8
242 6
243 7
244 9
245 8
246 8
247 6
248 5
249 6
250 7
251 7
252 7
253 7
254 7
255 10
256 11
257 9
258 10
259 10
260 11
261 10
262 8
263 7
264 8
265 8
266 9
267 9
268 8
269 8
270 8
271 7
272 8
273 8
274 8
275 9
276 8
277 9
278 8
279 7
280 10
281 9
282 8
283 8
284 9
285 9
286 8
287 9
288 9
289 7
290 7
291 8
292 9
293 9
294 8
295 7
296 8
297 6
298 7
299 9
300 9
301 7
302 7
303 6
304 9
305 10
306 8
307 7
308 7
309 7
310 6
311 8
312 6
313 8
314 8
315 9
316 7
317 7
318 7
319 10
320 10
321 9
322 9
323 7
324 7
325 8
326 10
327 10
328 9
329 8
330 9
331 7
332 7
333 6
334 7
335 10
336 9
337 8
338 9
339 7
340 9
341 7
342 8
343 7
344 7
345 8
346 8
347 8
348 7
349 8
350 6
351 5
352 6
353 6
354 7
355 8
356 7
357 8
358 9
359 9
360 8
361 8
362 6
363 4
364 8
365 10
366 7
367 10
368 9
369 7
370 8
371 8
372 9
373 9
374 8
375 7
376 8
377 8
378 9
379 8
380 9
381 8
382 6
383 9
384 10
385 11
386 10
387 9
388 9
389 9
390 8
391 8
392 8
393 5
394 7
395 7
396 6
397 6
398 7
399 8
400 8
401 9
402 8
403 8
404 7
405 7
406 7
407 8
408 9
409 6
410 8
411 7
412 8
413 7
414 9
415 9
416 8
417 9
418 8
419 8
420 9
421 8
422 6
423 6
424 5
425 5
426 8
427 8
428 8
429 8
430 8
431 10
432 8
433 6
434 9
435 9
436 11
437 11
438 8
439 9
440 7
441 7
442 5
443 5
444 8
445 8
446 8
447 8
448 8
449 7
450 7
451 8
452 7
453 9
454 10
455 11
456 8
457 8
458 8
459 7
460 8
461 7
462 8
463 9
464 8
465 7
466 6
467 6
468 9
469 9
470 10
471 8
472 9
473 5
474 7
475 6
476 8
477 8
478 6
479 8
480 9
481 5
482 5
483 7
484 7
485 9
486 8
487 9
488 7
489 7
490 7
491 9
492 9
493 7
494 8
495 7
496 7
497 7
498 10
499 9
500 10
501 8
502 7
503 7
504 7
505 7
506 6
507 8
508 6
509 7
510 7
511 6
512 8
513 7
514 8
515 9
516 10
517 8
518 6
519 6
520 8
521 7
522 5
523 6
524 7
525 6
526 8
527 7
528 9
529 10
530 10
531 10
532 6
533 6
534 6
535 6
536 9
537 8
538 8
539 8
540 8
541 8
542 8
543 9
544 10
545 9
546 8
547 9
548 9
549 9
550 9
551 9
552 7
553 4
554 6
555 8
556 9
557 8
558 9
559 9
560 9
561 8
562 7
563 5
564 6
565 4
566 8
567 5
568 5
569 6
570 7
571 6
572 7
573 7
574 8
575 8
576 8
577 8
578 5
579 7
580 9
581 9
582 8
583 7
584 7
585 8
586 7
587 8
588 7
589 8
590 11
591 9
592 7
593 6
594 8
595 10
596 8
597 8
598 9
599 8
600 7
601 8
602 9
603 11
604 10
605 9
606 7
607 6
608 6
609 6
610 8
611 7
612 8
613 8
614 7
615 8
616 9
617 8
618 10
619 10
620 11
621 10
622 8
623 8
624 8
625 6
626 9
627 10
628 10
629 9
630 9
631 9
632 9
633 10
634 9
635 9
636 8
637 9
638 9
639 6
640 8
641 9
642 10
643 8
644 9
645 9
646 8
647 9
648 7
649 8
650 9
651 8
652 8
653 10
654 9
655 9
656 8
657 8
658 8
659 6
660 7
661 9
662 9
663 10
664 6
665 7
666 6
667 6
668 8
669 8
670 8
671 6
672 7
673 6
674 8
675 7
676 8
677 7
678 10
679 10
680 9
681 7
682 7
683 8
684 8
685 9
686 10
687 9
688 8
689 7
690 7
691 9
692 7
693 7
694 7
695 8
696 9
697 9
698 8
699 9
700 7
701 7
702 7
703 10
704 7
705 7
706 7
707 8
708 8
709 8
710 9
711 8
712 6
713 8
714 6
715 8
716 7
717 7
718 9
719 9
720 7
721 8
722 6
723 4
724 8
725 9
726 8
727 7
728 7
729 6
730 8
731 8
732 6
733 8
734 9
735 7
736 6
737 9
738 7
739 8
740 9
741 10
742 9
743 10
744 9
745 11
746 11
747 10
748 11
749 11
750 11
751 9
752 8
753 7
754 6
755 9
756 9
757 6
758 8
759 9
760 8
761 9
762 8
763 9
764 10
765 10
766 11
767 11
768 10
769 8
770 8
771 8
772 10
773 8
774 9
775 9
776 8
777 9
778 8
779 8
780 8
781 6
782 6
783 8
784 8
785 10
786 10
787 9
788 10
789 7
790 8
791 7
792 5
793 7
794 7
795 6
796 6
797 7
798 6
799 9
800 8
801 7
802 6
803 7
804 8
805 8
806 10
807 8
808 10
809 9
810 9
811 9
812 9
813 6
814 6
815 6
816 7
817 9
818 9
819 9
820 9
821 8
822 8
823 7
824 5
825 7
826 9
827 9
828 8
829 6
830 6
831 5
832 7
833 8
834 8
835 8
836 6
837 8
838 9
839 8
840 7
841 8
842 8
843 8
844 7
845 8
846 7
847 8
848 8
849 9
850 7
851 8
852 7
853 8
854 7
855 8
856 7
857 7
858 7
859 7
860 8
861 8
862 8
863 8
864 7
865 7
866 9
867 9
868 10
869 10
870 9
871 9
872 9
873 9
874 9
875 8
876 8
877 9
878 8
879 9
880 9
881 8
882 7
883 7
884 8
885 9
886 7
887 8
888 8
889 8
890 7
891 8
892 7
893 8
894 7
895 7
896 5
897 9
898 9
899 11
900 11
901 10
902 10
903 7
904 8
905 7
906 8
907 8
908 11
909 9
910 8
911 9
912 7
913 7
914 10
915 9
916 8
917 8
918 8
919 6
920 6
921 6
922 6
923 6
924 7
925 8
926 8
927 7
928 8
929 9
930 9
931 6
932 8
933 8
934 9
935 7
936 7
937 6
938 8
939 9
940 9
941 9
942 9
943 10
944 9
945 7
946 7
947 7
948 10
949 10
950 11
951 9
952 7
953 6
954 5
955 8
956 8
957 9
958 9
959 8
960 9
961 9
962 9
963 9
964 10
965 8
966 10
967 9
968 6
969 7
970 7
971 8
972 9
973 8
974 9
975 10
976 10
977 10
978 8
979 10
980 10
981 9
982 10
983 10
984 9
985 7
986 6
987 5
988 7
989 8
990 10
991 11
992 10
993 7
994 8
995 8
996 9
997 10
998 9
999 8
1000 9
