0 90
1 66
2 66
3 65
4 69
5 68
6 64
7 58
8 63
9 65
10 70
11 60
12 53
13 61
14 63
15 64
16 59
17 59
18 63
19 68
20 65
21 62
22 50
23 55
24 60
25 60
26 61
27 63
28 56
29 56
30 62
31 62
32 61
33 67
34 61
35 61
36 65
37 65
38 65
39 64
40 61
41 64
42 62
43 66
44 65
45 63
46 66
47 61
48 62
49 59
50 59
51 60
52 57
53 58
54 61
55 59
56 63
57 62
58 64
59 61
60 65
61 63
62 64
63 59
64 59
65 59
66 68
67 61
68 56
69 58
70 64
71 63
72 66
73 64
74 61
75 62
76 63
77 64
78 62
79 61
80 63
81 66
82 63
83 62
84 62
85 61
86 61
87 61
88 60
89 64
90 67
91 61
92 65
93 62
94 64
95 64
96 62
97 62
98 62
99 62
100 63
101 64
102 63
103 65
104 66
105 65
106 64
107 60
108 65
109 55
110 56
111 60
112 62
113 57
114 61
115 65
116 62
117 59
118 66
119 63
120 68
121 65
122 62
123 63
124 63
125 63
126 68
127 64
128 61
129 64
130 61
131 64
132 60
133 64
134 61
135 63
136 62
137 68
138 62
139 57
140 60
141 64
142 61
143 63
144 65
145 64
146 61
147 57
148 62
149 63
150 64
151 60
152 64
153 68
154 63
155 63
156 57
157 59
158 62
159 62
160 57
161 56
162 64
163 64
164 63
165 61
166 63
167 65
168 63
169 59
170 67
171 65
172 61
173 66
174 67
175 62
176 64
177 63
178 65
179 66
180 63
181 61
182 63
183 69
184 70
185 65
186 64
187 62
188 63
189 60
190 61
191 64
192 63
193 60
194 63
195 57
196 62
197 63
198 60
199 62
200 61
201 60
202 60
203 58
204 61
205 60
206 63
207 60
208 63
209 64
210 61
211 65
212 60
213 61
214 65
215 53
216 61
217 64
218 63
219 62
220 64
221 62
222 58
223 56
224 60
225 64
226 55
227 55
228 63
229 64
230 59
231 60
232 60
233 60
234 63
235 56
236 60
237 63
238 58
239 60
240 57
241 61
242 59
243 57
244 60
245 64
246 67
247 62
248 64
249 64
250 59
251 57
252 55
253 64
254 63
255 61
256 62
257 63
258 61
259 65
260 66
261 65
262 67
263 62
264 54
265 61
266 58
267 63
268 60
269 66
270 66
271 70
272 57
273 59
274 66
275 62
276 60
277 65
278 60
279 64
280 62
281 66
282 65
283 60
284 59
285 63
286 62
287 60
288 63
289 61
290 59
291 62
292 63
293 59
294 62
295 64
296 63
297 58
298 61
299 58
300 60
301 67
302 67
303 66
304 66
305 68
306 66
307 60
308 61
309 62
310 63
311 61
312 61
313 64
314 60
315 61
316 61
317 61
318 61
319 59
320 62
321 64
322 64
323 59
324 63
325 61
326 62
327 66
328 59
329 59
330 61
331 60
332 62
333 62
334 63
335 66
336 66
337 59
338 63
339 63
340 67
341 61
342 65
343 61
344 60
345 63
346 63
347 62
348 59
349 58
350 58
351 64
352 64
353 61
354 62
355 63
356 56
357 60
358 61
359 65
360 63
361 59
362 65
363 63
364 63
365 64
366 63
367 65
368 65
369 65
370 66
371 62
372 65
373 56
374 57
375 66
376 65
377 61
378 60
379 62
380 55
381 61
382 60
383 62
384 63
385 63
386 68
387 65
388 57
389 65
390 59
391 63
392 64
393 62
394 61
395 61
396 56
397 60
398 65
399 66
400 62
401 61
402 62
403 58
404 63
405 59
406 61
407 64
408 57
409 60
410 60
411 61
412 65
413 65
414 65
415 62
416 62
417 63
418 57
419 59
420 62
421 66
422 62
423 66
424 60
425 58
426 57
427 62
428 62
429 62
430 65
431 58
432 63
433 64
434 64
435 63
436 53
437 55
438 65
439 63
440 62
441 62
442 66
443 60
444 61
445 64
446 65
447 65
448 65
449 65
450 64
451 61
452 58
453 61
454 60
455 59
456 59
457 65
458 67
459 66
460 66
461 56
462 64
463 63
464 61
465 65
466 63
467 63
468 60
469 61
470 64
471 65
472 61
473 56
474 62
475 59
476 59
477 59
478 46
479 55
480 59
481 60
482 63
483 62
484 61
485 62
486 60
487 65
488 63
489 59
490 59
491 58
492 60
493 56
494 58
495 61
496 63
497 62
498 65
499 67
500 64
501 65
502 59
503 63
504 61
505 63
506 61
507 61
508 67
509 68
510 60
511 60
512 54
513 60
514 58
515 64
516 62
517 59
518 60
519 58
520 59
521 62
522 60
523 63
524 63
525 68
526 68
527 63
528 60
529 63
530 62
531 61
532 61
533 62
534 62
535 59
536 61
537 65
538 59
539 58
540 64
541 62
542 65
543 62
544 54
545 66
546 63
547 61
548 59
549 55
550 65
551 61
552 58
553 65
554 63
555 59
556 57
557 60
558 63
559 63
560 59
561 65
562 62
563 58
564 60
565 59
566 64
567 63
568 63
569 53
570 58
571 60
572 62
573 65
574 63
575 65
576 59
577 58
578 60
579 61
580 54
581 60
582 59
583 61
584 63
585 69
586 63
587 68
588 65
589 62
590 64
591 61
592 59
593 60
594 58
595 58
596 55
597 59
598 56
599 62
600 64
601 66
602 69
603 60
604 59
605 61
606 66
607 64
608 65
609 65
610 68
611 62
612 61
613 62
614 60
615 61
616 65
617 67
618 68
619 65
620 63
621 64
622 59
623 62
624 60
625 59
626 61
627 64
628 62
629 64
630 62
631 59
632 62
633 58
634 62
635 56
636 62
637 56
638 59
639 63
640 64
641 65
642 59
643 61
644 58
645 62
646 58
647 60
648 64
649 64
650 65
651 63
652 60
653 60
654 63
655 62
656 64
657 60
658 62
659 61
660 53
661 63
662 60
663 61
664 59
665 64
666 65
667 67
668 66
669 62
670 68
671 64
672 62
673 63
674 65
675 68
676 68
677 60
678 63
679 60
680 62
681 61
682 64
683 66
684 60
685 60
686 62
687 59
688 62
689 67
690 61
691 57
692 64
693 61
694 59
695 64
696 66
697 61
698 62
699 61
700 62
701 67
702 64
703 59
704 59
705 61
706 65
707 61
708 64
709 59
710 67
711 62
712 56
713 60
714 61
715 64
716 59
717 63
718 65
719 65
720 68
721 67
722 65
723 63
724 62
725 63
726 58
727 63
728 66
729 66
730 64
731 63
732 64
733 61
734 64
735 61
736 65
737 60
738 63
739 61
740 53
741 61
742 62
743 62
744 58
745 60
746 61
747 63
748 66
749 59
750 61
751 67
752 63
753 62
754 66
755 66
756 63
757 62
758 63
759 65
760 62
761 69
762 63
763 60
764 63
765 62
766 61
767 59
768 64
769 62
770 65
771 64
772 68
773 69
774 65
775 63
776 65
777 65
778 64
779 60
780 64
781 61
782 59
783 62
784 61
785 59
786 58
787 56
788 63
789 62
790 69
791 67
792 64
793 63
794 59
795 61
796 66
797 60
798 65
799 63
800 65
801 62
802 61
803 58
804 66
805 63
806 60
807 61
808 62
809 55
810 59
811 66
812 60
813 59
814 61
815 57
816 56
817 62
818 66
819 61
820 63
821 64
822 61
823 64
824 66
825 64
826 61
827 62
828 63
829 61
830 63
831 61
832 64
833 69
834 62
835 63
836 61
837 65
838 61
839 62
840 63
841 58
842 64
843 66
844 67
845 61
846 67
847 64
848 69
849 61
850 62
851 62
852 62
853 62
854 60
855 62
856 61
857 64
858 61
859 58
860 56
861 61
862 64
863 65
864 54
865 60
866 68
867 65
868 55
869 59
870 62
871 65
872 66
873 59
874 61
875 56
876 65
877 62
878 62
879 64
880 66
881 56
882 62
883 63
884 68
885 61
886 62
887 64
888 66
889 59
890 60
891 60
892 67
893 61
894 65
895 65
896 64
897 63
898 68
899 61
900 64
901 60
902 62
903 57
904 67
905 55
906 60
907 63
908 62
909 62
910 64
911 63
912 64
913 62
914 62
915 61
916 60
917 60
918 63
919 64
920 64
921 59
922 63
923 59
924 57
925 62
926 63
927 62
928 63
929 61
930 62
931 54
932 54
933 61
934 59
935 59
936 63
937 61
938 61
939 60
940 61
941 66
942 65
943 60
944 63
945 60
946 63
947 61
948 62
949 60
950 60
951 60
952 62
953 60
954 58
955 63
956 64
957 67
958 62
959 62
960 64
961 63
962 63
963 59
964 62
965 67
966 58
967 59
968 56
969 60
970 57
971 59
972 64
973 63
974 63
975 65
976 63
977 61
978 60
979 59
980 61
981 57
982 59
983 64
984 65
985 58
986 63
987 54
988 61
989 65
990 60
991 62
992 62
993 66
994 65
995 66
996 58
997 56
998 64
999 60
1000 60
