0 35
1 32
2 29
3 27
4 25
5 22
6 21
7 21
8 19
9 19
10 18
11 17
12 16
13 17
14 16
15 14
16 13
17 14
18 13
19 15
20 13
21 13
22 14
23 12
24 12
25 12
26 12
27 13
28 14
29 12
30 13
31 13
32 13
33 14
34 16
35 16
36 16
37 15
38 16
39 15
40 14
41 16
42 16
43 16
44 16
45 15
46 14
47 14
48 12
49 13
50 14
51 14
52 12
53 12
54 12
55 11
56 12
57 12
58 13
59 14
60 16
61 15
62 16
63 17
64 18
65 19
66 18
67 18
68 18
69 18
70 18
71 18
72 18
73 18
74 17
75 16
76 17
77 19
78 18
79 18
80 20
81 19
82 19
83 18
84 17
85 16
86 15
87 16
88 16
89 17
90 16
91 16
92 16
93 16
94 16
95 15
96 15
97 16
98 15
99 15
100 15
101 15
102 15
103 15
104 16
105 17
106 18
107 17
108 17
109 18
110 17
111 16
112 17
113 18
114 19
115 18
116 17
117 19
118 19
119 18
120 15
121 17
122 16
123 16
124 19
125 17
126 19
127 19
128 19
129 18
130 19
131 19
132 17
133 17
134 16
135 15
136 16
137 17
138 17
139 15
140 13
141 15
142 15
143 16
144 14
145 14
146 15
147 15
148 15
149 15
150 17
151 18
152 19
153 18
154 19
155 18
156 18
157 18
158 18
159 18
160 17
161 13
162 13
163 14
164 13
165 13
166 12
167 13
168 13
169 13
170 12
171 13
172 12
173 12
174 12
175 12
176 12
177 13
178 14
179 15
180 17
181 18
182 17
183 17
184 18
185 18
186 16
187 18
188 18
189 18
190 18
191 17
192 18
193 18
194 20
195 20
196 20
197 20
198 19
199 20
200 20
201 21
202 21
203 20
204 18
205 18
206 20
207 20
208 19
209 18
210 17
211 17
212 18
213 18
214 19
215 17
216 17
217 18
218 17
219 19
220 18
221 18
222 17
223 19
224 18
225 17
226 17
227 18
228 17
229 17
230 17
231 17
232 17
233 18
234 18
235 19
236 18
237 18
238 17
239 18
240 18
241 19
242 17
243 18
244 18
245 18
246 19
247 20
248 19
249 19
250 20
251 20
252 21
253 20
254 20
255 19
256 19
257 20
258 20
259 20
260 20
261 20
262 19
263 20
264 20
265 20
266 20
267 18
268 19
269 21
270 21
271 21
272 21
273 21
274 20
275 19
276 18
277 16
278 14
279 15
280 14
281 14
282 13
283 14
284 14
285 13
286 15
287 16
288 15
289 16
290 16
291 16
292 13
293 15
294 15
295 16
296 15
297 16
298 16
299 16
300 16
301 17
302 16
303 15
304 16
305 16
306 16
307 17
308 16
309 17
310 18
311 19
312 17
313 17
314 17
315 17
316 17
317 17
318 18
319 18
320 20
321 21
322 18
323 16
324 16
325 15
326 14
327 16
328 16
329 14
330 14
331 15
332 16
333 16
334 16
335 16
336 17
337 16
338 16
339 17
340 16
341 15
342 14
343 14
344 14
345 14
346 15
347 16
348 18
349 18
350 16
351 17
352 16
353 15
354 16
355 16
356 16
357 16
358 16
359 16
360 17
361 16
362 15
363 15
364 14
365 14
366 15
367 14
368 14
369 15
370 15
371 16
372 15
373 16
374 15
375 16
376 16
377 17
378 15
379 17
380 17
381 17
382 16
383 17
384 18
385 18
386 19
387 20
388 18
389 17
390 17
391 18
392 17
393 16
394 18
395 15
396 17
397 17
398 17
399 16
400 16
401 17
402 16
403 16
404 17
405 18
406 17
407 18
408 18
409 19
410 19
411 20
412 21
413 19
414 20
415 20
416 20
417 20
418 20
419 20
420 19
421 19
422 18
423 17
424 16
425 16
426 15
427 15
428 16
429 17
430 17
431 17
432 17
433 17
434 18
435 18
436 17
437 18
438 18
439 18
440 17
441 16
442 16
443 14
444 14
445 15
446 16
447 17
448 17
449 16
450 16
451 16
452 18
453 16
454 17
455 15
456 13
457 14
458 14
459 15
460 16
461 17
462 20
463 16
464 16
465 17
466 17
467 17
468 16
469 17
470 18
471 16
472 17
473 17
474 16
475 17
476 17
477 15
478 15
479 17
480 17
481 17
482 18
483 18
484 19
485 19
486 18
487 19
488 19
489 19
490 21
491 21
492 19
493 19
494 18
495 17
496 16
497 15
498 13
499 14
500 13
501 14
502 14
503 15
504 15
505 14
506 14
507 14
508 15
509 17
510 16
511 13
512 14
513 14
514 14
515 17
516 18
517 17
518 16
519 17
520 17
521 19
522 19
523 18
524 18
525 19
526 18
527 17
528 17
529 16
530 15
531 16
532 13
533 13
534 14
535 15
536 15
537 17
538 16
539 14
540 14
541 13
542 14
543 16
544 15
545 15
546 15
547 14
548 15
549 16
550 15
551 14
552 15
553 16
554 16
555 17
556 16
557 17
558 17
559 16
560 16
561 16
562 17
563 17
564 16
565 17
566 18
567 19
568 19
569 18
570 19
571 18
572 19
573 18
574 16
575 15
576 15
577 15
578 15
579 14
580 14
581 15
582 14
583 16
584 16
585 15
586 15
587 15
588 16
589 17
590 16
591 16
592 17
593 16
594 16
595 16
596 15
597 15
598 16
599 15
600 16
601 16
602 15
603 16
604 16
605 15
606 16
607 15
608 14
609 13
610 13
611 13
612 13
613 13
614 14
615 15
616 16
617 16
618 16
619 17
620 18
621 16
622 16
623 16
624 15
625 16
626 17
627 17
628 16
629 16
630 18
631 17
632 18
633 17
634 16
635 16
636 18
637 20
638 20
639 21
640 19
641 18
642 17
643 16
644 16
645 16
646 16
647 17
648 16
649 15
650 13
651 13
652 14
653 12
654 13
655 14
656 15
657 16
658 16
659 16
660 16
661 16
662 17
663 18
664 18
665 18
666 17
667 18
668 19
669 17
670 18
671 17
672 17
673 17
674 17
675 16
676 16
677 17
678 19
679 19
680 19
681 18
682 19
683 16
684 16
685 16
686 16
687 17
688 16
689 16
690 16
691 16
692 17
693 16
694 14
695 12
696 13
697 13
698 15
699 16
700 16
701 15
702 14
703 15
704 15
705 15
706 17
707 18
708 16
709 18
710 18
711 19
712 18
713 18
714 16
715 16
716 16
717 16
718 15
719 16
720 17
721 16
722 15
723 16
724 15
725 15
726 16
727 14
728 15
729 14
730 14
731 15
732 17
733 17
734 15
735 15
736 17
737 18
738 18
739 19
740 18
741 18
742 18
743 19
744 19
745 20
746 20
747 19
748 19
749 19
750 19
751 21
752 20
753 18
754 15
755 15
756 14
757 15
758 15
759 15
760 16
761 17
762 17
763 16
764 17
765 17
766 18
767 17
768 18
769 17
770 16
771 15
772 16
773 16
774 15
775 15
776 15
777 15
778 18
779 17
780 17
781 15
782 14
783 14
784 15
785 15
786 15
787 14
788 15
789 16
790 17
791 18
792 16
793 15
794 16
795 16
796 15
797 15
798 15
799 15
800 16
801 17
802 17
803 17
804 16
805 15
806 15
807 15
808 13
809 15
810 16
811 17
812 17
813 15
814 16
815 16
816 16
817 13
818 14
819 15
820 15
821 15
822 15
823 16
824 15
825 16
826 15
827 13
828 12
829 11
830 12
831 13
832 13
833 16
834 16
835 17
836 16
837 17
838 16
839 16
840 16
841 16
842 16
843 16
844 16
845 17
846 17
847 16
848 17
849 16
850 17
851 17
852 17
853 17
854 16
855 16
856 15
857 15
858 12
859 12
860 13
861 14
862 14
863 14
864 14
865 15
866 16
867 15
868 15
869 14
870 14
871 14
872 15
873 15
874 13
875 12
876 11
877 13
878 13
879 16
880 16
881 16
882 17
883 18
884 18
885 17
886 17
887 15
888 15
889 16
890 16
891 15
892 17
893 17
894 17
895 17
896 17
897 17
898 15
899 15
900 18
901 18
902 18
903 17
904 17
905 17
906 19
907 18
908 17
909 18
910 18
911 19
912 18
913 20
914 20
915 20
916 19
917 18
918 19
919 17
920 16
921 14
922 15
923 15
924 14
925 16
926 17
927 18
928 18
929 18
930 17
931 16
932 14
933 15
934 14
935 11
936 12
937 13
938 13
939 14
940 14
941 14
942 15
943 16
944 18
945 17
946 16
947 16
948 15
949 16
950 16
951 17
952 18
953 16
954 17
955 17
956 17
957 18
958 19
959 21
960 20
961 19
962 20
963 20
964 19
965 20
966 19
967 18
968 17
969 16
970 17
971 17
972 16
973 17
974 16
975 15
976 15
977 18
978 18
979 17
980 18
981 19
982 19
983 19
984 19
985 17
986 18
987 18
988 18
989 18
990 17
991 18
992 19
993 19
994 19
995 19
996 18
997 17
998 16
999 17
1000 16
