0 90
1 88
2 87
3 84
4 82
5 80
6 77
7 74
8 73
9 72
10 70
11 70
12 69
13 68
14 66
15 65
16 64
17 62
18 61
19 59
20 58
21 59
22 58
23 55
24 53
25 53
26 52
27 51
28 50
29 48
30 47
31 48
32 47
33 46
34 46
35 45
36 46
37 44
38 45
39 44
40 44
41 44
42 45
43 45
44 44
45 43
46 43
47 43
48 44
49 44
50 44
51 45
52 45
53 46
54 46
55 45
56 45
57 44
58 44
59 44
60 43
61 42
62 41
63 41
64 42
65 40
66 40
67 40
68 40
69 40
70 41
71 41
72 41
73 40
74 41
75 40
76 39
77 39
78 40
79 40
80 41
81 39
82 39
83 39
84 40
85 40
86 41
87 40
88 39
89 39
90 39
91 37
92 36
93 38
94 37
95 37
96 38
97 39
98 38
99 38
100 37
101 36
102 36
103 36
104 36
105 36
106 35
107 36
108 36
109 36
110 35
111 34
112 33
113 33
114 33
115 32
116 32
117 31
118 31
119 31
120 31
121 30
122 30
123 29
124 30
125 30
126 30
127 30
128 30
129 30
130 31
131 30
132 30
133 29
134 29
135 29
136 29
137 28
138 28
139 29
140 31
141 30
142 30
143 32
144 32
145 30
146 30
147 28
148 29
149 29
150 29
151 29
152 29
153 29
154 29
155 29
156 29
157 30
158 30
159 30
160 30
161 31
162 31
163 31
164 31
165 32
166 32
167 32
168 32
169 31
170 31
171 31
172 31
173 31
174 31
175 31
176 31
177 31
178 31
179 29
180 29
181 29
182 30
183 30
184 31
185 31
186 31
187 32
188 33
189 33
190 34
191 34
192 34
193 34
194 34
195 33
196 33
197 32
198 30
199 31
200 30
201 29
202 28
203 28
204 28
205 29
206 28
207 28
208 29
209 29
210 29
211 30
212 29
213 30
214 30
215 30
216 29
217 29
218 29
219 28
220 29
221 30
222 30
223 31
224 31
225 30
226 30
227 31
228 32
229 32
230 33
231 33
232 33
233 33
234 33
235 33
236 33
237 33
238 32
239 32
240 31
241 33
242 33
243 32
244 32
245 32
246 32
247 33
248 33
249 32
250 32
251 33
252 33
253 33
254 34
255 36
256 36
257 36
258 36
259 36
260 35
261 35
262 35
263 35
264 34
265 33
266 34
267 33
268 33
269 33
270 32
271 31
272 30
273 29
274 30
275 31
276 31
277 32
278 31
279 33
280 34
281 32
282 31
283 32
284 31
285 31
286 31
287 31
288 31
289 32
290 32
291 32
292 32
293 33
294 33
295 32
296 31
297 32
298 32
299 32
300 34
301 35
302 34
303 34
304 34
305 34
306 36
307 36
308 36
309 37
310 37
311 36
312 36
313 35
314 34
315 34
316 34
317 34
318 34
319 34
320 35
321 34
322 34
323 34
324 35
325 35
326 35
327 36
328 35
329 36
330 35
331 36
332 36
333 36
334 36
335 35
336 35
337 36
338 37
339 38
340 38
341 37
342 35
343 35
344 36
345 35
346 35
347 34
348 34
349 34
350 34
351 33
352 34
353 34
354 32
355 31
356 31
357 32
358 33
359 33
360 32
361 32
362 32
363 31
364 32
365 30
366 31
367 31
368 31
369 33
370 33
371 32
372 31
373 32
374 32
375 32
376 32
377 32
378 33
379 33
380 33
381 33
382 34
383 34
384 34
385 34
386 35
387 36
388 36
389 37
390 37
391 37
392 38
393 39
394 39
395 38
396 37
397 37
398 37
399 37
400 37
401 37
402 37
403 37
404 37
405 37
406 37
407 36
408 36
409 36
410 35
411 35
412 35
413 36
414 36
415 35
416 36
417 37
418 36
419 36
420 34
421 35
422 34
423 34
424 34
425 34
426 33
427 34
428 34
429 33
430 33
431 31
432 30
433 30
434 28
435 28
436 28
437 29
438 29
439 28
440 28
441 28
442 28
443 29
444 30
445 29
446 29
447 29
448 30
449 31
450 31
451 31
452 32
453 32
454 31
455 31
456 31
457 32
458 33
459 34
460 33
461 33
462 35
463 34
464 35
465 36
466 37
467 38
468 38
469 38
470 38
471 38
472 37
473 38
474 39
475 38
476 38
477 38
478 40
479 40
480 40
481 39
482 39
483 38
484 37
485 37
486 37
487 36
488 36
489 35
490 36
491 36
492 36
493 35
494 34
495 34
496 34
497 34
498 35
499 34
500 33
501 33
502 33
503 32
504 32
505 32
506 32
507 33
508 32
509 32
510 33
511 32
512 31
513 31
514 32
515 32
516 32
517 31
518 31
519 32
520 32
521 33
522 33
523 33
524 33
525 32
526 32
527 32
528 32
529 33
530 34
531 34
532 33
533 33
534 33
535 33
536 33
537 34
538 35
539 34
540 34
541 34
542 33
543 34
544 34
545 34
546 35
547 34
548 35
549 36
550 35
551 34
552 35
553 34
554 34
555 34
556 35
557 32
558 32
559 33
560 33
561 32
562 30
563 29
564 29
565 28
566 28
567 27
568 27
569 28
570 27
571 28
572 29
573 29
574 28
575 29
576 29
577 28
578 29
579 26
580 26
581 26
582 28
583 27
584 27
585 28
586 29
587 29
588 30
589 30
590 31
591 31
592 31
593 31
594 30
595 29
596 31
597 31
598 31
599 29
600 29
601 29
602 29
603 28
604 28
605 29
606 29
607 29
608 29
609 28
610 27
611 29
612 30
613 31
614 31
615 31
616 30
617 29
618 29
619 29
620 30
621 31
622 31
623 31
624 32
625 33
626 33
627 33
628 33
629 35
630 35
631 36
632 37
633 37
634 36
635 36
636 35
637 34
638 35
639 35
640 34
641 35
642 35
643 34
644 34
645 35
646 35
647 37
648 37
649 35
650 36
651 35
652 34
653 34
654 34
655 34
656 33
657 33
658 33
659 33
660 32
661 32
662 31
663 33
664 33
665 33
666 32
667 31
668 31
669 31
670 29
671 30
672 30
673 30
674 31
675 32
676 33
677 31
678 32
679 32
680 33
681 33
682 33
683 32
684 33
685 32
686 33
687 33
688 32
689 31
690 30
691 30
692 31
693 32
694 32
695 32
696 31
697 33
698 32
699 32
700 32
701 32
702 32
703 33
704 33
705 33
706 34
707 36
708 35
709 35
710 35
711 36
712 35
713 35
714 34
715 34
716 34
717 34
718 33
719 34
720 35
721 35
722 34
723 33
724 34
725 35
726 36
727 36
728 36
729 35
730 34
731 33
732 33
733 32
734 32
735 33
736 33
737 33
738 34
739 34
740 34
741 35
742 35
743 34
744 34
745 35
746 35
747 35
748 34
749 33
750 33
751 34
752 35
753 35
754 35
755 36
756 37
757 36
758 37
759 36
760 37
761 37
762 37
763 37
764 38
765 38
766 39
767 39
768 40
769 40
770 41
771 40
772 40
773 38
774 37
775 36
776 37
777 37
778 36
779 37
780 38
781 37
782 36
783 36
784 36
785 36
786 36
787 37
788 39
789 39
790 39
791 38
792 37
793 36
794 36
795 36
796 35
797 35
798 35
799 35
800 34
801 34
802 34
803 32
804 33
805 33
806 34
807 34
808 35
809 35
810 35
811 35
812 36
813 37
814 37
815 37
816 38
817 40
818 38
819 38
820 37
821 37
822 38
823 38
824 38
825 39
826 39
827 39
828 37
829 37
830 37
831 37
832 36
833 36
834 35
835 34
836 34
837 34
838 35
839 37
840 38
841 37
842 37
843 37
844 36
845 37
846 36
847 36
848 36
849 36
850 37
851 37
852 38
853 38
854 38
855 37
856 36
857 36
858 35
859 36
860 37
861 36
862 36
863 36
864 34
865 35
866 36
867 37
868 38
869 38
870 38
871 38
872 38
873 37
874 38
875 38
876 38
877 38
878 37
879 37
880 37
881 37
882 36
883 36
884 37
885 38
886 38
887 39
888 38
889 37
890 37
891 37
892 37
893 38
894 40
895 40
896 40
897 39
898 39
899 39
900 38
901 39
902 39
903 40
904 41
905 42
906 42
907 42
908 42
909 42
910 42
911 42
912 41
913 41
914 40
915 41
916 40
917 40
918 40
919 40
920 40
921 40
922 41
923 41
924 40
925 39
926 40
927 39
928 40
929 39
930 38
931 39
932 40
933 39
934 39
935 39
936 40
937 41
938 41
939 40
940 41
941 41
942 41
943 40
944 40
945 39
946 38
947 39
948 39
949 39
950 38
951 39
952 38
953 37
954 36
955 37
956 37
957 37
958 38
959 38
960 38
961 38
962 37
963 35
964 35
965 35
966 35
967 36
968 37
969 36
970 36
971 36
972 36
973 36
974 35
975 34
976 34
977 35
978 33
979 32
980 32
981 32
982 33
983 34
984 34
985 34
986 33
987 33
988 33
989 32
990 34
991 33
992 33
993 32
994 30
995 30
996 31
997 31
998 32
999 33
1000 33
