0 65
1 49
2 48
3 45
4 48
5 43
6 43
7 50
8 47
9 46
10 45
11 45
12 48
13 49
14 46
15 44
16 51
17 46
18 47
19 49
20 43
21 46
22 45
23 45
24 44
25 43
26 49
27 47
28 50
29 43
30 44
31 49
32 45
33 46
34 46
35 47
36 43
37 51
38 44
39 42
40 46
41 48
42 36
43 42
44 46
45 48
46 44
47 46
48 45
49 48
50 47
51 50
52 43
53 45
54 45
55 47
56 47
57 48
58 48
59 51
60 48
61 49
62 47
63 42
64 49
65 53
66 47
67 48
68 45
69 48
70 49
71 45
72 51
73 53
74 49
75 48
76 46
77 47
78 52
79 47
80 45
81 48
82 46
83 48
84 45
85 45
86 49
87 43
88 50
89 46
90 44
91 47
92 45
93 45
94 47
95 47
96 44
97 49
98 45
99 39
100 46
101 47
102 46
103 45
104 40
105 35
106 40
107 46
108 49
109 49
110 51
111 54
112 47
113 52
114 55
115 49
116 51
117 48
118 48
119 49
120 45
121 43
122 41
123 44
124 45
125 43
126 46
127 50
128 48
129 47
130 50
131 47
132 44
133 42
134 46
135 48
136 46
137 43
138 47
139 45
140 44
141 49
142 48
143 48
144 44
145 43
146 42
147 45
148 47
149 44
150 45
151 48
152 46
153 49
154 43
155 45
156 45
157 47
158 47
159 42
160 37
161 42
162 46
163 50
164 54
165 51
166 52
167 49
168 48
169 46
170 47
171 51
172 47
173 46
174 40
175 45
176 43
177 45
178 46
179 46
180 51
181 46
182 44
183 46
184 47
185 46
186 46
187 39
188 44
189 48
190 48
191 43
192 44
193 46
194 46
195 47
196 43
197 46
198 44
199 50
200 51
201 52
202 50
203 52
204 49
205 48
206 47
207 43
208 42
209 44
210 41
211 45
212 46
213 48
214 44
215 46
216 46
217 47
218 46
219 44
220 46
221 48
222 48
223 44
224 49
225 47
226 47
227 46
228 45
229 42
230 46
231 45
232 42
233 47
234 48
235 49
236 48
237 46
238 45
239 44
240 47
241 49
242 48
243 44
244 43
245 47
246 47
247 50
248 43
249 43
250 40
251 47
252 44
253 48
254 44
255 47
256 45
257 43
258 44
259 46
260 42
261 47
262 46
263 45
264 48
265 49
266 52
267 42
268 47
269 37
270 41
271 43
272 44
273 47
274 47
275 46
276 46
277 39
278 43
279 46
280 46
281 45
282 48
283 45
284 45
285 44
286 48
287 50
288 45
289 44
290 44
291 42
292 43
293 42
294 49
295 48
296 41
297 42
298 45
299 50
300 44
301 46
302 44
303 46
304 43
305 45
306 43
307 45
308 42
309 45
310 46
311 51
312 46
313 51
314 51
315 44
316 47
317 52
318 49
319 53
320 47
321 46
322 46
323 46
324 48
325 48
326 41
327 45
328 45
329 44
330 45
331 44
332 51
333 42
334 42
335 43
336 41
337 46
338 43
339 47
340 47
341 44
342 46
343 44
344 44
345 49
346 43
347 46
348 45
349 41
350 40
351 43
352 45
353 45
354 45
355 51
356 48
357 46
358 40
359 43
360 46
361 45
362 42
363 47
364 47
365 49
366 48
367 46
368 48
369 45
370 50
371 50
372 49
373 45
374 46
375 51
376 45
377 45
378 44
379 43
380 46
381 46
382 50
383 53
384 39
385 43
386 51
387 45
388 42
389 43
390 47
391 44
392 44
393 44
394 48
395 49
396 45
397 49
398 48
399 47
400 45
401 47
402 47
403 46
404 46
405 50
406 46
407 47
408 48
409 49
410 47
411 42
412 43
413 42
414 45
415 46
416 47
417 46
418 41
419 45
420 49
421 40
422 44
423 48
424 46
425 46
426 43
427 44
428 42
429 45
430 46
431 48
432 49
433 53
434 50
435 47
436 42
437 39
438 42
439 44
440 50
441 50
442 49
443 49
444 46
445 46
446 48
447 53
448 47
449 43
450 46
451 40
452 48
453 54
454 50
455 50
456 45
457 48
458 42
459 46
460 51
461 50
462 48
463 51
464 45
465 37
466 43
467 49
468 48
469 45
470 47
471 50
472 49
473 50
474 49
475 46
476 45
477 42
478 48
479 49
480 44
481 42
482 42
483 48
484 47
485 49
486 45
487 47
488 44
489 39
490 37
491 43
492 42
493 47
494 45
495 45
496 49
497 44
498 47
499 48
500 43
501 45
502 47
503 43
504 48
505 38
506 47
507 48
508 46
509 43
510 47
511 46
512 46
513 46
514 46
515 45
516 47
517 47
518 44
519 37
520 41
521 45
522 46
523 47
524 48
525 48
526 48
527 50
528 45
529 45
530 43
531 42
532 42
533 45
534 43
535 49
536 48
537 49
538 45
539 42
540 43
541 45
542 43
543 46
544 44
545 46
546 52
547 48
548 45
549 40
550 47
551 46
552 47
553 43
554 47
555 50
556 49
557 44
558 48
559 48
560 45
561 48
562 44
563 45
564 40
565 43
566 45
567 45
568 46
569 38
570 42
571 45
572 46
573 40
574 44
575 44
576 43
577 46
578 43
579 47
580 43
581 39
582 44
583 48
584 44
585 51
586 47
587 45
588 49
589 53
590 51
591 45
592 45
593 51
594 48
595 45
596 45
597 48
598 45
599 44
600 45
601 46
602 43
603 45
604 44
605 48
606 45
607 45
608 52
609 50
610 46
611 48
612 45
613 47
614 44
615 46
616 49
617 44
618 46
619 47
620 46
621 46
622 41
623 49
624 45
625 48
626 47
627 45
628 45
629 44
630 46
631 43
632 44
633 48
634 47
635 49
636 44
637 44
638 47
639 53
640 48
641 50
642 45
643 47
644 42
645 40
646 43
647 40
648 45
649 46
650 50
651 52
652 46
653 44
654 53
655 44
656 48
657 45
658 47
659 45
660 50
661 49
662 44
663 44
664 47
665 47
666 50
667 51
668 47
669 45
670 44
671 41
672 45
673 46
674 43
675 43
676 42
677 42
678 44
679 42
680 40
681 42
682 42
683 45
684 47
685 48
686 52
687 46
688 48
689 43
690 45
691 44
692 45
693 49
694 42
695 50
696 48
697 46
698 47
699 46
700 44
701 44
702 46
703 48
704 44
705 50
706 49
707 47
708 38
709 41
710 45
711 48
712 49
713 50
714 45
715 48
716 48
717 44
718 48
719 46
720 43
721 40
722 45
723 46
724 41
725 43
726 47
727 46
728 50
729 45
730 44
731 41
732 49
733 47
734 47
735 51
736 39
737 44
738 50
739 44
740 45
741 45
742 41
743 47
744 42
745 48
746 46
747 46
748 45
749 46
750 48
751 48
752 42
753 42
754 43
755 41
756 47
757 49
758 42
759 49
760 44
761 43
762 48
763 45
764 44
765 46
766 47
767 45
768 51
769 50
770 52
771 49
772 47
773 41
774 45
775 50
776 46
777 44
778 44
779 46
780 49
781 45
782 49
783 48
784 40
785 45
786 41
787 42
788 46
789 50
790 46
791 40
792 41
793 43
794 45
795 48
796 45
797 46
798 45
799 45
800 44
801 45
802 48
803 48
804 47
805 42
806 44
807 46
808 49
809 46
810 42
811 43
812 48
813 45
814 48
815 42
816 48
817 44
818 48
819 38
820 45
821 44
822 48
823 46
824 42
825 47
826 46
827 47
828 44
829 44
830 48
831 50
832 49
833 50
834 47
835 50
836 47
837 52
838 51
839 50
840 45
841 42
842 38
843 40
844 49
845 48
846 50
847 48
848 42
849 45
850 45
851 45
852 45
853 40
854 44
855 43
856 42
857 46
858 46
859 40
860 42
861 45
862 46
863 46
864 47
865 43
866 50
867 49
868 52
869 46
870 43
871 47
872 47
873 41
874 40
875 42
876 42
877 47
878 44
879 45
880 43
881 47
882 47
883 43
884 47
885 44
886 46
887 45
888 48
889 47
890 52
891 48
892 47
893 50
894 51
895 46
896 41
897 47
898 50
899 44
900 44
901 48
902 44
903 47
904 48
905 45
906 44
907 46
908 48
909 43
910 43
911 43
912 42
913 40
914 47
915 45
916 41
917 40
918 45
919 50
920 45
921 49
922 51
923 46
924 44
925 45
926 44
927 43
928 44
929 50
930 47
931 46
932 42
933 46
934 43
935 47
936 46
937 44
938 48
939 46
940 44
941 45
942 46
943 45
944 48
945 51
946 49
947 48
948 43
949 45
950 42
951 43
952 42
953 45
954 49
955 50
956 46
957 46
958 43
959 46
960 44
961 43
962 48
963 45
964 46
965 48
966 41
967 44
968 49
969 47
970 46
971 43
972 44
973 46
974 42
975 48
976 49
977 47
978 47
979 49
980 51
981 45
982 46
983 49
984 48
985 49
986 49
987 40
988 43
989 41
990 44
991 49
992 46
993 47
994 47
995 49
996 47
997 46
998 45
999 45
1000 40
