0 20
1 15
2 11
3 14
4 15
5 12
6 13
7 11
8 12
9 11
10 14
11 15
12 14
13 12
14 12
15 10
16 10
17 12
18 12
19 12
20 11
21 12
22 12
23 15
24 12
25 15
26 13
27 11
28 15
29 12
30 12
31 14
32 12
33 13
34 13
35 11
36 13
37 11
38 12
39 13
40 12
41 10
42 11
43 15
44 11
45 14
46 13
47 12
48 12
49 13
50 10
51 11
52 11
53 11
54 10
55 9
56 10
57 13
58 11
59 14
60 13
61 13
62 12
63 14
64 13
65 13
66 13
67 12
68 11
69 14
70 13
71 13
72 10
73 13
74 12
75 11
76 13
77 13
78 16
79 13
80 12
81 13
82 12
83 12
84 13
85 12
86 13
87 14
88 13
89 12
90 11
91 14
92 12
93 15
94 12
95 11
96 13
97 8
98 12
99 9
100 9
101 10
102 11
103 11
104 12
105 13
106 13
107 11
108 11
109 10
110 14
111 13
112 14
113 13
114 11
115 13
116 11
117 10
118 13
119 11
120 13
121 9
122 11
123 11
124 10
125 10
126 9
127 12
128 11
129 12
130 10
131 14
132 14
133 14
134 13
135 11
136 13
137 15
138 13
139 13
140 12
141 13
142 14
143 15
144 13
145 11
146 10
147 12
148 13
149 12
150 11
151 12
152 14
153 14
154 13
155 12
156 10
157 11
158 12
159 10
160 9
161 12
162 10
163 11
164 14
165 14
166 13
167 12
168 13
169 15
170 13
171 15
172 14
173 15
174 11
175 11
176 10
177 12
178 13
179 12
180 13
181 11
182 12
183 13
184 12
185 15
186 13
187 12
188 12
189 14
190 10
191 13
192 13
193 12
194 13
195 9
196 10
197 12
198 11
199 13
200 13
201 11
202 13
203 12
204 14
205 13
206 13
207 12
208 13
209 13
210 10
211 10
212 12
213 11
214 12
215 12
216 13
217 14
218 15
219 14
220 13
221 13
222 15
223 12
224 13
225 13
226 14
227 13
228 13
229 13
230 14
231 12
232 11
233 11
234 12
235 13
236 11
237 12
238 12
239 11
240 12
241 13
242 11
243 10
244 13
245 13
246 13
247 13
248 15
249 14
250 12
251 10
252 12
253 11
254 12
255 11
256 11
257 10
258 12
259 13
260 14
261 14
262 13
263 14
264 13
265 11
266 12
267 9
268 13
269 14
270 12
271 12
272 12
273 12
274 13
275 13
276 11
277 12
278 13
279 14
280 13
281 12
282 9
283 10
284 11
285 13
286 12
287 13
288 12
289 11
290 11
291 12
292 14
293 12
294 14
295 15
296 11
297 14
298 12
299 13
300 12
301 13
302 12
303 9
304 12
305 11
306 13
307 11
308 11
309 11
310 14
311 12
312 10
313 13
314 12
315 13
316 12
317 13
318 11
319 10
320 12
321 11
322 15
323 13
324 12
325 12
326 13
327 14
328 14
329 13
330 15
331 14
332 12
333 12
334 11
335 13
336 13
337 12
338 11
339 12
340 13
341 13
342 10
343 13
344 14
345 13
346 12
347 13
348 12
349 10
350 13
351 12
352 12
353 12
354 14
355 12
356 11
357 12
358 12
359 12
360 12
361 12
362 11
363 13
364 14
365 13
366 14
367 15
368 15
369 12
370 11
371 12
372 14
373 14
374 12
375 11
376 13
377 13
378 13
379 12
380 14
381 13
382 13
383 12
384 10
385 13
386 14
387 12
388 11
389 11
390 14
391 15
392 14
393 13
394 12
395 14
396 11
397 13
398 14
399 13
400 9
401 12
402 11
403 11
404 13
405 12
406 13
407 13
408 9
409 11
410 11
411 12
412 10
413 11
414 14
415 15
416 10
417 12
418 14
419 11
420 12
421 13
422 13
423 13
424 14
425 14
426 12
427 11
428 11
429 9
430 13
431 12
432 14
433 13
434 13
435 13
436 11
437 12
438 12
439 14
440 14
441 11
442 13
443 9
444 13
445 14
446 14
447 13
448 13
449 14
450 11
451 13
452 14
453 12
454 8
455 10
456 13
457 15
458 15
459 13
460 12
461 13
462 13
463 11
464 13
465 14
466 13
467 13
468 12
469 13
470 12
471 10
472 11
473 12
474 14
475 10
476 11
477 11
478 12
479 12
480 14
481 13
482 11
483 13
484 14
485 14
486 12
487 12
488 12
489 12
490 12
491 12
492 15
493 12
494 12
495 14
496 10
497 10
498 11
499 8
500 10
501 11
502 15
503 12
504 11
505 15
506 15
507 11
508 14
509 11
510 12
511 11
512 13
513 12
514 14
515 13
516 11
517 11
518 14
519 11
520 12
521 9
522 9
523 13
524 12
525 12
526 15
527 14
528 14
529 14
530 13
531 13
532 13
533 13
534 13
535 13
536 14
537 11
538 14
539 12
540 10
541 13
542 13
543 9
544 10
545 11
546 12
547 11
548 10
549 13
550 11
551 12
552 12
553 12
554 12
555 10
556 12
557 13
558 14
559 10
560 12
561 13
562 12
563 10
564 13
565 14
566 13
567 13
568 14
569 14
570 11
571 12
572 12
573 11
574 10
575 12
576 12
577 9
578 13
579 15
580 11
581 12
582 11
583 12
584 12
585 12
586 14
587 15
588 13
589 10
590 11
591 10
592 14
593 10
594 10
595 10
596 10
597 11
598 12
599 13
600 12
601 12
602 14
603 13
604 14
605 11
606 14
607 13
608 12
609 12
610 12
611 12
612 12
613 14
614 11
615 14
616 13
617 11
618 12
619 12
620 12
621 11
622 11
623 13
624 13
625 13
626 11
627 14
628 13
629 13
630 13
631 10
632 6
633 11
634 10
635 10
636 11
637 15
638 11
639 14
640 14
641 13
642 12
643 13
644 13
645 11
646 14
647 15
648 13
649 13
650 13
651 12
652 13
653 14
654 12
655 10
656 11
657 10
658 12
659 10
660 10
661 13
662 14
663 10
664 10
665 12
666 12
667 13
668 14
669 14
670 10
671 11
672 14
673 12
674 14
675 12
676 13
677 13
678 13
679 13
680 13
681 11
682 13
683 14
684 13
685 13
686 15
687 12
688 12
689 14
690 13
691 11
692 12
693 8
694 13
695 13
696 14
697 14
698 12
699 13
700 14
701 11
702 13
703 14
704 11
705 11
706 10
707 14
708 14
709 15
710 12
711 11
712 12
713 13
714 14
715 10
716 14
717 13
718 13
719 14
720 15
721 13
722 13
723 13
724 10
725 10
726 11
727 12
728 14
729 15
730 12
731 12
732 13
733 14
734 10
735 12
736 12
737 11
738 12
739 13
740 14
741 14
742 15
743 12
744 14
745 15
746 12
747 14
748 14
749 11
750 12
751 11
752 11
753 12
754 11
755 12
756 12
757 12
758 15
759 14
760 13
761 15
762 14
763 15
764 13
765 14
766 12
767 13
768 12
769 9
770 12
771 14
772 12
773 11
774 14
775 15
776 14
777 12
778 12
779 14
780 12
781 10
782 13
783 14
784 14
785 12
786 10
787 11
788 10
789 12
790 12
791 14
792 14
793 12
794 9
795 11
796 11
797 12
798 11
799 7
800 11
801 13
802 12
803 12
804 14
805 11
806 11
807 10
808 13
809 13
810 12
811 13
812 11
813 13
814 12
815 11
816 11
817 13
818 11
819 14
820 12
821 14
822 14
823 15
824 14
825 13
826 12
827 11
828 8
829 12
830 11
831 13
832 12
833 13
834 12
835 13
836 12
837 14
838 14
839 12
840 11
841 13
842 14
843 10
844 12
845 11
846 14
847 9
848 10
849 13
850 13
851 13
852 14
853 13
854 12
855 11
856 14
857 14
858 14
859 13
860 12
861 13
862 13
863 14
864 13
865 13
866 14
867 11
868 12
869 11
870 13
871 14
872 14
873 15
874 12
875 12
876 12
877 9
878 11
879 9
880 10
881 12
882 11
883 11
884 11
885 12
886 14
887 11
888 12
889 14
890 12
891 13
892 12
893 10
894 11
895 14
896 15
897 16
898 14
899 13
900 15
901 16
902 16
903 13
904 13
905 14
906 14
907 11
908 10
909 11
910 13
911 11
912 11
913 13
914 14
915 14
916 14
917 11
918 11
919 14
920 13
921 14
922 13
923 12
924 8
925 10
926 11
927 13
928 12
929 9
930 10
931 14
932 12
933 13
934 13
935 14
936 15
937 15
938 11
939 11
940 13
941 13
942 14
943 10
944 10
945 13
946 14
947 13
948 12
949 13
950 13
951 14
952 15
953 13
954 10
955 11
956 11
957 11
958 12
959 12
960 11
961 11
962 14
963 15
964 14
965 13
966 12
967 12
968 14
969 14
970 14
971 14
972 14
973 12
974 12
975 11
976 13
977 10
978 12
979 13
980 11
981 13
982 12
983 9
984 10
985 11
986 9
987 15
988 15
989 11
990 12
991 13
992 12
993 12
994 12
995 13
996 13
997 11
998 9
999 11
1000 13
