0 35
1 27
2 24
3 23
4 23
5 19
6 16
7 19
8 20
9 17
10 20
11 20
12 22
13 21
14 21
15 19
16 19
17 18
18 20
19 22
20 22
21 21
22 20
23 20
24 20
25 21
26 19
27 22
28 22
29 21
30 22
31 19
32 20
33 18
34 18
35 15
36 17
37 22
38 22
39 21
40 18
41 17
42 19
43 17
44 21
45 21
46 19
47 21
48 18
49 16
50 19
51 20
52 21
53 23
54 20
55 22
56 21
57 21
58 20
59 19
60 20
61 22
62 21
63 19
64 21
65 20
66 22
67 19
68 19
69 18
70 19
71 19
72 17
73 18
74 21
75 20
76 18
77 16
78 17
79 19
80 19
81 20
82 18
83 19
84 19
85 19
86 18
87 19
88 20
89 20
90 20
91 15
92 17
93 19
94 18
95 21
96 22
97 21
98 22
99 22
100 22
101 22
102 19
103 18
104 19
105 17
106 21
107 19
108 19
109 19
110 18
111 19
112 20
113 20
114 19
115 20
116 21
117 18
118 18
119 17
120 19
121 20
122 20
123 19
124 19
125 18
126 16
127 18
128 19
129 21
130 19
131 19
132 18
133 18
134 21
135 21
136 22
137 23
138 17
139 19
140 20
141 21
142 19
143 20
144 19
145 20
146 21
147 21
148 19
149 18
150 17
151 20
152 22
153 24
154 23
155 22
156 23
157 20
158 21
159 21
160 22
161 23
162 19
163 20
164 17
165 18
166 18
167 19
168 21
169 17
170 16
171 17
172 19
173 19
174 20
175 19
176 19
177 21
178 20
179 18
180 22
181 19
182 19
183 21
184 22
185 21
186 21
187 20
188 21
189 22
190 24
191 23
192 21
193 22
194 21
195 21
196 21
197 20
198 19
199 20
200 15
201 17
202 19
203 21
204 21
205 22
206 23
207 23
208 22
209 22
210 19
211 21
212 19
213 20
214 21
215 22
216 21
217 18
218 19
219 19
220 20
221 15
222 19
223 20
224 19
225 19
226 18
227 18
228 20
229 20
230 21
231 21
232 14
233 15
234 17
235 17
236 17
237 18
238 21
239 19
240 17
241 19
242 21
243 21
244 19
245 19
246 20
247 19
248 19
249 19
250 17
251 18
252 19
253 22
254 22
255 24
256 22
257 23
258 23
259 22
260 17
261 17
262 19
263 21
264 21
265 21
266 21
267 18
268 21
269 23
270 22
271 20
272 19
273 19
274 19
275 18
276 18
277 21
278 20
279 19
280 19
281 17
282 21
283 23
284 21
285 18
286 17
287 17
288 18
289 18
290 17
291 19
292 19
293 19
294 18
295 18
296 18
297 18
298 19
299 18
300 18
301 19
302 21
303 20
304 19
305 20
306 23
307 22
308 22
309 21
310 20
311 19
312 17
313 18
314 20
315 21
316 21
317 20
318 19
319 19
320 16
321 20
322 21
323 18
324 19
325 18
326 20
327 21
328 19
329 15
330 15
331 18
332 17
333 15
334 16
335 18
336 18
337 20
338 19
339 20
340 20
341 21
342 20
343 18
344 18
345 19
346 17
347 16
348 16
349 18
350 20
351 21
352 21
353 18
354 19
355 20
356 15
357 19
358 20
359 20
360 21
361 21
362 21
363 18
364 22
365 21
366 23
367 20
368 21
369 21
370 20
371 21
372 19
373 18
374 20
375 21
376 18
377 21
378 21
379 22
380 18
381 19
382 20
383 19
384 19
385 19
386 20
387 22
388 22
389 20
390 19
391 22
392 21
393 19
394 20
395 19
396 17
397 19
398 21
399 24
400 22
401 22
402 20
403 20
404 22
405 21
406 20
407 20
408 20
409 20
410 18
411 18
412 18
413 19
414 17
415 19
416 20
417 16
418 20
419 19
420 19
421 19
422 19
423 20
424 20
425 19
426 18
427 20
428 17
429 18
430 16
431 17
432 19
433 18
434 18
435 20
436 21
437 17
438 20
439 20
440 18
441 18
442 21
443 21
444 19
445 22
446 19
447 21
448 20
449 18
450 20
451 21
452 21
453 19
454 17
455 20
456 21
457 22
458 22
459 20
460 18
461 19
462 16
463 18
464 17
465 17
466 18
467 19
468 22
469 19
470 17
471 19
472 19
473 20
474 22
475 22
476 21
477 23
478 22
479 20
480 19
481 18
482 18
483 18
484 19
485 19
486 20
487 19
488 19
489 21
490 18
491 18
492 18
493 21
494 20
495 18
496 18
497 16
498 16
499 18
500 18
501 19
502 19
503 18
504 19
505 20
506 21
507 22
508 22
509 21
510 18
511 16
512 18
513 19
514 17
515 18
516 17
517 19
518 20
519 20
520 19
521 20
522 21
523 18
524 20
525 18
526 19
527 22
528 20
529 18
530 17
531 19
532 22
533 21
534 21
535 19
536 20
537 20
538 20
539 19
540 19
541 18
542 17
543 14
544 16
545 18
546 21
547 20
548 21
549 20
550 19
551 20
552 18
553 20
554 20
555 15
556 18
557 18
558 17
559 19
560 19
561 22
562 22
563 19
564 22
565 23
566 24
567 20
568 23
569 22
570 22
571 22
572 23
573 21
574 17
575 19
576 18
577 20
578 21
579 20
580 22
581 21
582 20
583 20
584 18
585 19
586 20
587 20
588 20
589 17
590 16
591 18
592 20
593 16
594 17
595 19
596 20
597 17
598 18
599 19
600 20
601 21
602 22
603 23
604 22
605 21
606 19
607 19
608 18
609 19
610 21
611 20
612 20
613 20
614 21
615 19
616 20
617 19
618 19
619 19
620 18
621 17
622 18
623 15
624 17
625 21
626 22
627 22
628 21
629 20
630 17
631 19
632 21
633 18
634 19
635 22
636 19
637 19
638 22
639 21
640 22
641 20
642 21
643 19
644 17
645 17
646 15
647 16
648 17
649 16
650 15
651 20
652 19
653 22
654 19
655 20
656 19
657 21
658 20
659 22
660 22
661 18
662 19
663 20
664 22
665 22
666 20
667 22
668 20
669 19
670 19
671 21
672 22
673 21
674 19
675 18
676 17
677 18
678 18
679 19
680 20
681 19
682 19
683 14
684 17
685 16
686 17
687 18
688 19
689 20
690 19
691 21
692 18
693 16
694 19
695 21
696 21
697 21
698 20
699 21
700 21
701 20
702 20
703 20
704 20
705 21
706 22
707 19
708 19
709 17
710 16
711 16
712 18
713 20
714 21
715 21
716 22
717 22
718 23
719 18
720 19
721 19
722 18
723 21
724 20
725 20
726 21
727 18
728 20
729 20
730 21
731 21
732 20
733 15
734 18
735 18
736 18
737 20
738 19
739 17
740 17
741 18
742 20
743 20
744 20
745 18
746 20
747 20
748 21
749 18
750 15
751 18
752 17
753 18
754 17
755 18
756 17
757 16
758 17
759 18
760 20
761 20
762 19
763 19
764 16
765 19
766 18
767 19
768 21
769 20
770 22
771 21
772 20
773 21
774 18
775 19
776 20
777 19
778 20
779 21
780 21
781 19
782 18
783 19
784 19
785 16
786 19
787 18
788 18
789 21
790 23
791 20
792 23
793 22
794 23
795 22
796 20
797 20
798 18
799 16
800 18
801 20
802 20
803 21
804 16
805 17
806 19
807 21
808 19
809 19
810 15
811 13
812 16
813 19
814 21
815 20
816 19
817 19
818 18
819 19
820 18
821 20
822 19
823 20
824 17
825 21
826 21
827 22
828 21
829 20
830 20
831 18
832 21
833 23
834 23
835 21
836 21
837 21
838 17
839 18
840 19
841 18
842 21
843 20
844 21
845 21
846 23
847 21
848 19
849 22
850 21
851 19
852 22
853 21
854 21
855 18
856 20
857 20
858 18
859 19
860 19
861 18
862 16
863 19
864 20
865 15
866 16
867 18
868 20
869 20
870 20
871 19
872 19
873 18
874 17
875 20
876 20
877 21
878 20
879 21
880 22
881 24
882 23
883 22
884 23
885 23
886 21
887 19
888 21
889 25
890 23
891 24
892 20
893 19
894 21
895 20
896 19
897 20
898 19
899 21
900 21
901 21
902 17
903 19
904 17
905 17
906 18
907 21
908 20
909 21
910 21
911 20
912 22
913 21
914 20
915 21
916 20
917 21
918 20
919 19
920 16
921 17
922 17
923 15
924 18
925 19
926 16
927 17
928 18
929 15
930 17
931 20
932 21
933 23
934 21
935 21
936 20
937 22
938 20
939 19
940 19
941 19
942 20
943 21
944 21
945 22
946 22
947 24
948 19
949 19
950 22
951 22
952 19
953 20
954 22
955 24
956 20
957 21
958 22
959 22
960 24
961 21
962 21
963 20
964 19
965 20
966 20
967 21
968 21
969 20
970 22
971 21
972 18
973 19
974 16
975 18
976 19
977 19
978 20
979 19
980 21
981 21
982 16
983 19
984 20
985 20
986 20
987 18
988 19
989 18
990 20
991 21
992 20
993 16
994 18
995 18
996 17
997 18
998 18
999 17
1000 19
