0 50
1 37
2 33
3 34
4 35
5 27
6 31
7 34
8 35
9 36
10 38
11 34
12 37
13 31
14 34
15 36
16 36
17 34
18 35
19 33
20 35
21 35
22 36
23 34
24 34
25 33
26 34
27 33
28 38
29 33
30 35
31 36
32 35
33 34
34 34
35 30
36 39
37 35
38 36
39 33
40 34
41 28
42 32
43 34
44 37
45 39
46 39
47 34
48 36
49 38
50 37
51 37
52 33
53 37
54 37
55 36
56 36
57 37
58 37
59 33
60 34
61 32
62 37
63 38
64 38
65 38
66 40
67 31
68 34
69 35
70 32
71 32
72 35
73 35
74 33
75 34
76 34
77 34
78 36
79 37
80 37
81 36
82 31
83 36
84 37
85 34
86 34
87 36
88 35
89 33
90 32
91 33
92 35
93 39
94 33
95 35
96 32
97 33
98 37
99 36
100 33
101 33
102 33
103 41
104 33
105 35
106 34
107 34
108 35
109 36
110 35
111 34
112 39
113 36
114 36
115 33
116 30
117 31
118 34
119 28
120 32
121 33
122 36
123 32
124 33
125 36
126 36
127 38
128 35
129 35
130 32
131 30
132 34
133 33
134 30
135 34
136 30
137 34
138 31
139 34
140 36
141 33
142 34
143 35
144 33
145 29
146 32
147 32
148 35
149 34
150 31
151 34
152 34
153 37
154 34
155 36
156 36
157 27
158 33
159 35
160 33
161 36
162 35
163 34
164 33
165 37
166 34
167 32
168 32
169 35
170 35
171 35
172 38
173 35
174 35
175 33
176 33
177 35
178 32
179 36
180 31
181 35
182 33
183 35
184 33
185 29
186 34
187 31
188 30
189 35
190 35
191 32
192 33
193 36
194 35
195 36
196 32
197 31
198 34
199 36
200 32
201 32
202 35
203 35
204 33
205 32
206 37
207 39
208 35
209 34
210 32
211 36
212 35
213 34
214 32
215 36
216 37
217 35
218 34
219 34
220 35
221 34
222 37
223 36
224 28
225 30
226 35
227 30
228 34
229 33
230 31
231 35
232 38
233 35
234 34
235 35
236 35
237 35
238 32
239 31
240 31
241 35
242 34
243 32
244 33
245 34
246 34
247 34
248 34
249 37
250 33
251 33
252 32
253 34
254 35
255 31
256 36
257 37
258 33
259 34
260 32
261 35
262 33
263 37
264 32
265 30
266 36
267 34
268 34
269 33
270 32
271 32
272 33
273 31
274 28
275 35
276 36
277 38
278 37
279 37
280 32
281 32
282 30
283 34
284 36
285 34
286 38
287 28
288 33
289 33
290 35
291 35
292 33
293 36
294 35
295 39
296 35
297 28
298 30
299 35
300 32
301 30
302 32
303 36
304 32
305 38
306 37
307 34
308 34
309 37
310 33
311 30
312 32
313 33
314 33
315 35
316 34
317 39
318 34
319 38
320 36
321 34
322 33
323 35
324 34
325 33
326 36
327 37
328 37
329 33
330 31
331 30
332 35
333 32
334 35
335 32
336 33
337 32
338 34
339 34
340 29
341 35
342 35
343 35
344 33
345 36
346 36
347 35
348 39
349 34
350 37
351 33
352 35
353 37
354 36
355 32
356 38
357 36
358 33
359 36
360 31
361 33
362 35
363 33
364 33
365 32
366 35
367 35
368 36
369 31
370 34
371 34
372 34
373 34
374 35
375 32
376 34
377 36
378 32
379 32
380 35
381 34
382 33
383 34
384 30
385 31
386 36
387 36
388 36
389 34
390 33
391 35
392 33
393 32
394 34
395 35
396 34
397 33
398 34
399 34
400 35
401 34
402 32
403 31
404 35
405 32
406 36
407 33
408 31
409 30
410 32
411 33
412 33
413 31
414 32
415 36
416 37
417 34
418 37
419 34
420 34
421 33
422 35
423 38
424 34
425 33
426 29
427 36
428 33
429 34
430 36
431 35
432 35
433 33
434 33
435 32
436 33
437 35
438 32
439 35
440 35
441 32
442 39
443 36
444 33
445 36
446 30
447 31
448 33
449 34
450 35
451 32
452 29
453 35
454 35
455 35
456 32
457 33
458 33
459 34
460 33
461 33
462 36
463 36
464 30
465 34
466 32
467 32
468 35
469 34
470 34
471 34
472 36
473 35
474 31
475 26
476 34
477 35
478 35
479 35
480 35
481 35
482 35
483 33
484 33
485 34
486 35
487 33
488 36
489 34
490 35
491 34
492 36
493 32
494 35
495 36
496 30
497 35
498 33
499 35
500 32
501 36
502 33
503 30
504 33
505 34
506 36
507 37
508 35
509 36
510 30
511 35
512 35
513 32
514 34
515 31
516 34
517 32
518 34
519 32
520 33
521 33
522 35
523 32
524 36
525 32
526 36
527 36
528 38
529 32
530 31
531 35
532 34
533 35
534 36
535 35
536 32
537 33
538 28
539 37
540 31
541 32
542 35
543 31
544 33
545 34
546 36
547 38
548 35
549 32
550 34
551 36
552 37
553 35
554 32
555 29
556 34
557 27
558 36
559 35
560 37
561 33
562 33
563 36
564 34
565 33
566 31
567 35
568 34
569 34
570 34
571 29
572 32
573 34
574 35
575 33
576 36
577 36
578 33
579 33
580 34
581 28
582 31
583 37
584 33
585 34
586 37
587 32
588 29
589 29
590 31
591 30
592 34
593 34
594 35
595 34
596 36
597 34
598 35
599 34
600 36
601 35
602 34
603 36
604 36
605 35
606 32
607 35
608 34
609 31
610 33
611 30
612 32
613 36
614 37
615 32
616 32
617 34
618 35
619 31
620 32
621 31
622 33
623 31
624 33
625 30
626 37
627 34
628 32
629 31
630 33
631 35
632 34
633 34
634 38
635 32
636 32
637 35
638 34
639 36
640 34
641 37
642 35
643 33
644 34
645 36
646 30
647 32
648 32
649 34
650 33
651 34
652 35
653 32
654 36
655 33
656 33
657 34
658 31
659 36
660 36
661 33
662 39
663 34
664 31
665 29
666 32
667 35
668 33
669 35
670 32
671 36
672 36
673 33
674 35
675 36
676 34
677 35
678 36
679 37
680 31
681 33
682 33
683 40
684 36
685 36
686 35
687 34
688 34
689 32
690 33
691 35
692 33
693 33
694 30
695 30
696 32
697 34
698 33
699 30
700 35
701 34
702 37
703 34
704 35
705 35
706 32
707 36
708 33
709 34
710 33
711 34
712 33
713 33
714 36
715 28
716 32
717 30
718 31
719 33
720 34
721 38
722 36
723 35
724 31
725 32
726 31
727 34
728 38
729 35
730 34
731 31
732 38
733 33
734 34
735 36
736 36
737 38
738 36
739 36
740 31
741 37
742 35
743 37
744 36
745 34
746 34
747 35
748 35
749 35
750 36
751 36
752 35
753 37
754 35
755 33
756 33
757 35
758 32
759 38
760 34
761 37
762 35
763 35
764 35
765 33
766 31
767 34
768 34
769 32
770 33
771 32
772 35
773 38
774 31
775 33
776 33
777 39
778 33
779 34
780 32
781 34
782 36
783 34
784 36
785 35
786 37
787 34
788 34
789 31
790 35
791 35
792 38
793 30
794 34
795 32
796 37
797 34
798 32
799 31
800 33
801 35
802 36
803 32
804 35
805 37
806 36
807 33
808 31
809 32
810 37
811 31
812 34
813 35
814 30
815 36
816 35
817 35
818 34
819 35
820 33
821 37
822 35
823 37
824 31
825 33
826 32
827 35
828 34
829 32
830 29
831 33
832 34
833 31
834 33
835 37
836 35
837 32
838 36
839 34
840 36
841 35
842 32
843 27
844 32
845 35
846 32
847 31
848 37
849 37
850 33
851 36
852 29
853 34
854 30
855 34
856 33
857 33
858 34
859 31
860 29
861 30
862 33
863 34
864 31
865 33
866 38
867 35
868 32
869 32
870 37
871 33
872 37
873 36
874 35
875 38
876 37
877 32
878 33
879 34
880 34
881 34
882 27
883 32
884 35
885 33
886 35
887 35
888 32
889 38
890 34
891 35
892 30
893 32
894 34
895 34
896 37
897 37
898 31
899 36
900 33
901 33
902 31
903 36
904 33
905 34
906 35
907 35
908 36
909 37
910 39
911 40
912 34
913 34
914 35
915 36
916 33
917 32
918 36
919 33
920 30
921 33
922 34
923 30
924 37
925 34
926 32
927 37
928 33
929 33
930 36
931 36
932 36
933 34
934 38
935 36
936 32
937 33
938 30
939 36
940 33
941 36
942 32
943 33
944 35
945 33
946 30
947 32
948 30
949 38
950 33
951 36
952 31
953 31
954 38
955 32
956 33
957 30
958 33
959 32
960 34
961 35
962 35
963 32
964 33
965 38
966 31
967 33
968 36
969 32
970 35
971 32
972 35
973 39
974 30
975 36
976 35
977 36
978 31
979 30
980 35
981 33
982 36
983 32
984 35
985 35
986 36
987 36
988 36
989 35
990 35
991 34
992 38
993 39
994 37
995 35
996 34
997 29
998 35
999 34
1000 36
