0 80
1 73
2 68
3 63
4 57
5 52
6 51
7 50
8 53
9 51
10 47
11 45
12 49
13 50
14 45
15 47
16 50
17 48
18 45
19 47
20 44
21 40
22 42
23 45
24 47
25 49
26 50
27 50
28 48
29 47
30 48
31 48
32 49
33 47
34 46
35 49
36 47
37 49
38 50
39 49
40 49
41 52
42 50
43 48
44 49
45 50
46 51
47 53
48 53
49 50
50 48
51 48
52 46
53 52
54 49
55 49
56 46
57 44
58 42
59 39
60 41
61 46
62 49
63 51
64 50
65 46
66 49
67 48
68 51
69 50
70 51
71 53
72 50
73 48
74 46
75 45
76 47
77 50
78 49
79 51
80 49
81 45
82 45
83 46
84 46
85 47
86 46
87 46
88 45
89 47
90 48
91 47
92 48
93 51
94 50
95 46
96 49
97 47
98 47
99 49
100 47
101 48
102 47
103 48
104 47
105 49
106 49
107 48
108 49
109 52
110 49
111 51
112 54
113 51
114 52
115 49
116 47
117 46
118 51
119 51
120 51
121 49
122 50
123 47
124 46
125 47
126 47
127 48
128 48
129 50
130 51
131 53
132 51
133 51
134 49
135 49
136 50
137 52
138 50
139 48
140 46
141 49
142 47
143 47
144 49
145 50
146 49
147 51
148 50
149 49
150 50
151 50
152 52
153 52
154 50
155 45
156 43
157 43
158 44
159 47
160 43
161 42
162 39
163 41
164 45
165 47
166 49
167 51
168 47
169 47
170 47
171 48
172 45
173 44
174 44
175 45
176 46
177 47
178 47
179 44
180 47
181 48
182 49
183 50
184 51
185 53
186 52
187 55
188 52
189 49
190 50
191 49
192 53
193 52
194 54
195 50
196 51
197 53
198 52
199 49
200 49
201 46
202 45
203 39
204 41
205 45
206 46
207 51
208 49
209 51
210 46
211 49
212 49
213 51
214 53
215 52
216 54
217 53
218 52
219 51
220 50
221 50
222 52
223 51
224 50
225 51
226 49
227 50
228 50
229 51
230 50
231 46
232 51
233 52
234 52
235 53
236 50
237 49
238 51
239 48
240 52
241 50
242 50
243 48
244 49
245 47
246 51
247 50
248 48
249 50
250 51
251 45
252 45
253 43
254 47
255 48
256 46
257 48
258 48
259 46
260 48
261 51
262 50
263 48
264 48
265 51
266 48
267 46
268 48
269 49
270 47
271 47
272 47
273 48
274 44
275 45
276 48
277 46
278 48
279 47
280 46
281 49
282 48
283 47
284 44
285 47
286 51
287 55
288 52
289 52
290 54
291 57
292 58
293 57
294 60
295 58
296 57
297 55
298 56
299 52
300 48
301 43
302 45
303 45
304 47
305 48
306 50
307 49
308 50
309 50
310 50
311 50
312 54
313 53
314 52
315 52
316 54
317 54
318 52
319 49
320 46
321 48
322 51
323 51
324 51
325 49
326 49
327 48
328 44
329 46
330 50
331 50
332 53
333 54
334 52
335 53
336 54
337 51
338 48
339 48
340 48
341 48
342 50
343 49
344 50
345 51
346 50
347 52
348 48
349 49
350 50
351 53
352 48
353 49
354 49
355 50
356 51
357 51
358 52
359 52
360 50
361 55
362 55
363 55
364 55
365 54
366 51
367 47
368 47
369 49
370 51
371 51
372 48
373 48
374 49
375 50
376 52
377 52
378 50
379 50
380 50
381 51
382 48
383 49
384 51
385 52
386 47
387 46
388 49
389 48
390 46
391 48
392 51
393 45
394 43
395 43
396 44
397 45
398 43
399 43
400 51
401 49
402 50
403 51
404 50
405 49
406 50
407 50
408 51
409 52
410 54
411 55
412 55
413 53
414 55
415 55
416 54
417 52
418 52
419 53
420 53
421 51
422 55
423 55
424 51
425 50
426 49
427 50
428 47
429 46
430 47
431 51
432 51
433 51
434 53
435 52
436 53
437 52
438 49
439 48
440 51
441 51
442 51
443 50
444 52
445 50
446 47
447 50
448 42
449 45
450 45
451 48
452 47
453 49
454 51
455 50
456 51
457 49
458 47
459 49
460 48
461 47
462 44
463 45
464 47
465 52
466 51
467 52
468 50
469 50
470 50
471 50
472 49
473 52
474 53
475 55
476 55
477 55
478 54
479 52
480 54
481 53
482 56
483 57
484 55
485 54
486 52
487 50
488 47
489 48
490 51
491 50
492 48
493 50
494 51
495 48
496 49
497 49
498 50
499 50
500 48
501 47
502 46
503 49
504 49
505 50
506 49
507 50
508 49
509 49
510 49
511 45
512 46
513 46
514 46
515 47
516 49
517 49
518 49
519 51
520 53
521 51
522 50
523 50
524 50
525 51
526 53
527 54
528 52
529 51
530 52
531 53
532 51
533 51
534 47
535 49
536 52
537 49
538 47
539 46
540 45
541 51
542 51
543 48
544 47
545 48
546 47
547 46
548 46
549 49
550 50
551 51
552 49
553 50
554 50
555 51
556 50
557 52
558 52
559 53
560 53
561 52
562 55
563 53
564 51
565 49
566 43
567 48
568 44
569 44
570 47
571 52
572 49
573 48
574 48
575 50
576 50
577 51
578 50
579 47
580 47
581 49
582 53
583 53
584 54
585 53
586 52
587 50
588 51
589 53
590 53
591 49
592 48
593 47
594 49
595 51
596 56
597 57
598 53
599 53
600 53
601 54
602 51
603 50
604 48
605 51
606 52
607 52
608 52
609 52
610 52
611 52
612 51
613 51
614 49
615 47
616 47
617 49
618 51
619 50
620 48
621 48
622 51
623 54
624 55
625 54
626 54
627 52
628 54
629 52
630 48
631 50
632 49
633 46
634 45
635 47
636 51
637 52
638 51
639 51
640 51
641 52
642 53
643 54
644 54
645 52
646 52
647 52
648 50
649 47
650 49
651 52
652 52
653 51
654 53
655 53
656 52
657 52
658 53
659 49
660 47
661 47
662 42
663 45
664 47
665 50
666 48
667 50
668 50
669 52
670 51
671 49
672 52
673 56
674 56
675 55
676 52
677 52
678 51
679 49
680 46
681 48
682 50
683 52
684 50
685 52
686 52
687 50
688 48
689 45
690 38
691 42
692 46
693 50
694 48
695 46
696 50
697 49
698 50
699 52
700 52
701 53
702 51
703 51
704 51
705 48
706 52
707 53
708 53
709 52
710 50
711 49
712 52
713 51
714 53
715 51
716 47
717 45
718 45
719 45
720 45
721 47
722 49
723 50
724 50
725 46
726 47
727 52
728 51
729 52
730 52
731 50
732 52
733 52
734 49
735 48
736 46
737 51
738 50
739 48
740 48
741 53
742 54
743 51
744 50
745 49
746 46
747 47
748 46
749 44
750 45
751 49
752 50
753 47
754 46
755 45
756 44
757 45
758 47
759 48
760 49
761 51
762 50
763 49
764 50
765 50
766 51
767 52
768 53
769 50
770 47
771 46
772 47
773 48
774 48
775 48
776 48
777 46
778 45
779 43
780 45
781 51
782 49
783 51
784 49
785 47
786 51
787 51
788 52
789 52
790 51
791 51
792 51
793 50
794 52
795 50
796 50
797 52
798 51
799 50
800 49
801 52
802 51
803 49
804 49
805 50
806 50
807 50
808 49
809 50
810 49
811 50
812 50
813 50
814 51
815 47
816 47
817 49
818 52
819 54
820 53
821 52
822 53
823 53
824 52
825 49
826 49
827 47
828 45
829 46
830 50
831 52
832 49
833 48
834 48
835 49
836 52
837 53
838 51
839 53
840 52
841 52
842 54
843 54
844 52
845 49
846 47
847 46
848 40
849 44
850 47
851 48
852 48
853 51
854 49
855 46
856 49
857 49
858 49
859 52
860 54
861 55
862 51
863 53
864 53
865 54
866 52
867 49
868 47
869 49
870 47
871 50
872 51
873 51
874 50
875 51
876 53
877 53
878 51
879 48
880 46
881 47
882 47
883 52
884 54
885 51
886 46
887 45
888 46
889 45
890 46
891 48
892 52
893 51
894 54
895 55
896 54
897 53
898 52
899 53
900 51
901 46
902 47
903 47
904 44
905 45
906 48
907 49
908 47
909 46
910 47
911 44
912 45
913 45
914 48
915 49
916 46
917 47
918 43
919 45
920 48
921 45
922 48
923 48
924 47
925 50
926 52
927 54
928 53
929 49
930 54
931 55
932 55
933 53
934 53
935 54
936 51
937 48
938 46
939 48
940 49
941 48
942 45
943 48
944 44
945 40
946 42
947 40
948 42
949 41
950 44
951 45
952 45
953 49
954 47
955 45
956 47
957 47
958 47
959 49
960 50
961 46
962 51
963 50
964 51
965 52
966 51
967 50
968 49
969 50
970 51
971 50
972 51
973 47
974 48
975 47
976 49
977 48
978 44
979 46
980 47
981 45
982 49
983 50
984 45
985 45
986 47
987 49
988 46
989 49
990 49
991 48
992 46
993 49
994 50
995 51
996 52
997 50
998 51
999 50
1000 46
