0 80
1 60
2 55
3 57
4 56
5 58
6 56
7 57
8 59
9 56
10 55
11 59
12 56
13 57
14 55
15 59
16 61
17 59
18 63
19 61
20 59
21 54
22 58
23 61
24 59
25 59
26 60
27 61
28 62
29 54
30 60
31 59
32 59
33 53
34 59
35 55
36 55
37 52
38 56
39 59
40 58
41 53
42 54
43 54
44 58
45 59
46 59
47 57
48 56
49 55
50 52
51 57
52 59
53 59
54 58
55 52
56 58
57 53
58 53
59 53
60 61
61 61
62 58
63 55
64 51
65 60
66 57
67 54
68 57
69 59
70 57
71 59
72 57
73 57
74 54
75 60
76 55
77 55
78 58
79 63
80 60
81 57
82 56
83 56
84 57
85 59
86 57
87 61
88 61
89 55
90 56
91 52
92 47
93 59
94 61
95 61
96 59
97 57
98 56
99 55
100 54
101 53
102 57
103 60
104 54
105 57
106 55
107 59
108 54
109 53
110 62
111 55
112 55
113 54
114 60
115 66
116 56
117 55
118 57
119 55
120 53
121 57
122 60
123 59
124 57
125 62
126 56
127 53
128 60
129 61
130 55
131 54
132 60
133 63
134 63
135 57
136 63
137 64
138 63
139 58
140 53
141 56
142 59
143 57
144 50
145 57
146 53
147 53
148 58
149 60
150 56
151 51
152 57
153 59
154 55
155 55
156 57
157 55
158 54
159 57
160 61
161 56
162 53
163 56
164 59
165 61
166 59
167 56
168 56
169 55
170 57
171 60
172 54
173 56
174 61
175 60
176 60
177 57
178 51
179 58
180 62
181 63
182 56
183 59
184 59
185 52
186 56
187 59
188 57
189 54
190 62
191 57
192 58
193 53
194 61
195 64
196 56
197 62
198 60
199 51
200 48
201 52
202 55
203 56
204 58
205 58
206 50
207 52
208 59
209 61
210 63
211 57
212 61
213 51
214 56
215 59
216 58
217 54
218 57
219 57
220 62
221 63
222 55
223 51
224 57
225 58
226 61
227 58
228 54
229 57
230 61
231 66
232 58
233 58
234 52
235 58
236 60
237 53
238 57
239 53
240 50
241 53
242 57
243 61
244 59
245 60
246 59
247 56
248 57
249 49
250 56
251 59
252 59
253 58
254 58
255 50
256 55
257 56
258 58
259 59
260 54
261 62
262 56
263 60
264 55
265 57
266 60
267 61
268 61
269 55
270 56
271 62
272 55
273 57
274 56
275 57
276 53
277 56
278 59
279 54
280 56
281 57
282 57
283 61
284 56
285 53
286 63
287 54
288 59
289 60
290 59
291 53
292 57
293 62
294 59
295 63
296 56
297 54
298 59
299 55
300 66
301 60
302 56
303 59
304 55
305 53
306 48
307 59
308 57
309 59
310 60
311 53
312 63
313 54
314 61
315 56
316 58
317 62
318 55
319 58
320 60
321 63
322 62
323 58
324 59
325 63
326 58
327 53
328 56
329 61
330 58
331 64
332 63
333 51
334 46
335 47
336 53
337 52
338 53
339 61
340 55
341 58
342 53
343 62
344 58
345 58
346 57
347 58
348 58
349 52
350 56
351 58
352 57
353 56
354 59
355 56
356 54
357 59
358 61
359 61
360 59
361 59
362 58
363 53
364 59
365 57
366 58
367 54
368 56
369 57
370 54
371 53
372 61
373 61
374 59
375 52
376 55
377 57
378 63
379 65
380 61
381 60
382 54
383 53
384 52
385 50
386 57
387 59
388 52
389 48
390 52
391 56
392 62
393 60
394 58
395 57
396 59
397 60
398 55
399 54
400 50
401 52
402 60
403 57
404 53
405 51
406 56
407 58
408 52
409 57
410 60
411 58
412 63
413 61
414 59
415 53
416 56
417 53
418 51
419 61
420 53
421 56
422 60
423 58
424 50
425 63
426 61
427 59
428 59
429 57
430 57
431 60
432 57
433 50
434 55
435 60
436 61
437 59
438 65
439 60
440 62
441 58
442 55
443 56
444 59
445 54
446 48
447 57
448 60
449 63
450 57
451 63
452 62
453 58
454 56
455 53
456 56
457 56
458 58
459 58
460 56
461 52
462 53
463 59
464 59
465 58
466 56
467 55
468 63
469 62
470 62
471 60
472 56
473 58
474 54
475 57
476 56
477 57
478 60
479 51
480 57
481 53
482 57
483 57
484 55
485 60
486 55
487 57
488 54
489 56
490 59
491 58
492 54
493 57
494 59
495 56
496 60
497 56
498 58
499 52
500 57
501 56
502 53
503 53
504 53
505 55
506 59
507 58
508 59
509 52
510 56
511 59
512 56
513 56
514 60
515 55
516 53
517 56
518 61
519 59
520 59
521 58
522 59
523 53
524 48
525 57
526 55
527 61
528 61
529 58
530 59
531 59
532 57
533 53
534 51
535 58
536 51
537 58
538 54
539 56
540 58
541 57
542 58
543 58
544 57
545 58
546 54
547 55
548 61
549 58
550 55
551 61
552 56
553 53
554 56
555 60
556 59
557 60
558 59
559 54
560 63
561 59
562 60
563 59
564 62
565 61
566 57
567 61
568 59
569 55
570 57
571 50
572 58
573 57
574 57
575 59
576 61
577 61
578 57
579 58
580 57
581 55
582 60
583 60
584 55
585 58
586 59
587 54
588 59
589 49
590 52
591 49
592 58
593 58
594 53
595 61
596 60
597 57
598 59
599 51
600 58
601 58
602 59
603 62
604 60
605 59
606 60
607 57
608 58
609 54
610 49
611 55
612 60
613 55
614 57
615 53
616 52
617 61
618 56
619 56
620 58
621 56
622 57
623 57
624 55
625 58
626 61
627 66
628 60
629 60
630 53
631 61
632 58
633 62
634 57
635 57
636 60
637 58
638 55
639 60
640 63
641 56
642 57
643 57
644 53
645 54
646 53
647 53
648 49
649 52
650 54
651 53
652 57
653 54
654 60
655 65
656 56
657 53
658 53
659 56
660 58
661 57
662 58
663 58
664 54
665 49
666 56
667 56
668 58
669 58
670 56
671 61
672 63
673 59
674 60
675 60
676 64
677 58
678 56
679 60
680 61
681 60
682 60
683 64
684 58
685 54
686 53
687 52
688 51
689 61
690 58
691 66
692 62
693 59
694 56
695 63
696 54
697 49
698 50
699 55
700 56
701 63
702 57
703 59
704 58
705 54
706 59
707 62
708 50
709 52
710 55
711 54
712 58
713 52
714 54
715 51
716 59
717 59
718 53
719 56
720 55
721 53
722 54
723 60
724 62
725 56
726 54
727 57
728 60
729 59
730 60
731 56
732 57
733 58
734 55
735 60
736 53
737 56
738 50
739 55
740 54
741 55
742 61
743 58
744 60
745 57
746 60
747 54
748 63
749 60
750 54
751 56
752 54
753 63
754 55
755 56
756 55
757 59
758 54
759 59
760 51
761 52
762 56
763 48
764 55
765 56
766 60
767 59
768 60
769 58
770 52
771 55
772 56
773 59
774 57
775 56
776 59
777 61
778 58
779 45
780 51
781 55
782 60
783 60
784 60
785 62
786 57
787 58
788 60
789 63
790 56
791 57
792 60
793 59
794 57
795 60
796 59
797 57
798 56
799 57
800 56
801 53
802 57
803 59
804 59
805 55
806 60
807 54
808 56
809 56
810 56
811 60
812 59
813 53
814 55
815 48
816 57
817 61
818 56
819 62
820 61
821 60
822 58
823 58
824 59
825 58
826 58
827 61
828 61
829 62
830 58
831 57
832 60
833 59
834 62
835 57
836 52
837 61
838 61
839 63
840 57
841 58
842 58
843 60
844 54
845 54
846 53
847 63
848 58
849 59
850 56
851 60
852 57
853 59
854 58
855 57
856 55
857 56
858 59
859 57
860 55
861 57
862 60
863 57
864 61
865 59
866 59
867 62
868 57
869 58
870 59
871 61
872 62
873 61
874 56
875 57
876 59
877 48
878 59
879 57
880 58
881 59
882 57
883 53
884 59
885 61
886 60
887 61
888 56
889 58
890 58
891 61
892 55
893 57
894 61
895 64
896 52
897 60
898 63
899 62
900 61
901 62
902 60
903 61
904 55
905 66
906 61
907 60
908 59
909 60
910 60
911 62
912 57
913 52
914 56
915 56
916 60
917 59
918 57
919 59
920 62
921 56
922 52
923 58
924 60
925 59
926 56
927 58
928 59
929 62
930 63
931 58
932 60
933 53
934 59
935 55
936 63
937 58
938 58
939 58
940 58
941 54
942 64
943 63
944 62
945 55
946 56
947 57
948 59
949 56
950 63
951 59
952 62
953 54
954 53
955 54
956 57
957 59
958 58
959 56
960 60
961 57
962 55
963 56
964 54
965 59
966 60
967 59
968 56
969 53
970 57
971 56
972 57
973 55
974 55
975 53
976 57
977 57
978 57
979 60
980 58
981 58
982 64
983 59
984 59
985 61
986 59
987 60
988 55
989 57
990 48
991 48
992 54
993 49
994 52
995 57
996 60
997 54
998 54
999 59
1000 62
