0 85
1 67
2 58
3 55
4 55
5 62
6 59
7 54
8 52
9 50
10 54
11 51
12 53
13 56
14 59
15 60
16 58
17 55
18 57
19 58
20 54
21 52
22 55
23 53
24 55
25 59
26 56
27 55
28 55
29 56
30 57
31 54
32 57
33 55
34 60
35 56
36 55
37 47
38 54
39 59
40 59
41 56
42 54
43 52
44 52
45 54
46 59
47 59
48 59
49 56
50 55
51 56
52 54
53 53
54 53
55 57
56 55
57 55
58 55
59 57
60 57
61 55
62 55
63 57
64 57
65 57
66 58
67 59
68 58
69 59
70 60
71 58
72 63
73 59
74 56
75 58
76 60
77 57
78 56
79 56
80 56
81 52
82 55
83 57
84 56
85 56
86 61
87 60
88 59
89 58
90 54
91 56
92 58
93 59
94 56
95 56
96 59
97 56
98 55
99 56
100 54
101 52
102 56
103 56
104 58
105 61
106 58
107 58
108 62
109 59
110 53
111 55
112 58
113 54
114 50
115 53
116 57
117 57
118 56
119 53
120 59
121 55
122 59
123 52
124 54
125 56
126 59
127 57
128 57
129 59
130 58
131 53
132 53
133 55
134 53
135 55
136 55
137 60
138 62
139 60
140 59
141 61
142 56
143 55
144 53
145 54
146 55
147 57
148 55
149 53
150 53
151 51
152 51
153 56
154 55
155 58
156 65
157 58
158 54
159 48
160 54
161 53
162 59
163 59
164 55
165 57
166 59
167 58
168 53
169 55
170 54
171 56
172 59
173 56
174 61
175 62
176 61
177 56
178 59
179 59
180 57
181 56
182 57
183 55
184 60
185 54
186 55
187 57
188 57
189 54
190 55
191 51
192 49
193 52
194 53
195 57
196 55
197 53
198 54
199 58
200 57
201 57
202 59
203 57
204 55
205 57
206 62
207 61
208 55
209 58
210 55
211 54
212 55
213 52
214 55
215 56
216 57
217 61
218 59
219 62
220 58
221 57
222 52
223 56
224 52
225 52
226 53
227 53
228 52
229 54
230 58
231 56
232 60
233 49
234 54
235 55
236 57
237 56
238 56
239 60
240 55
241 56
242 59
243 59
244 55
245 59
246 54
247 47
248 55
249 59
250 54
251 53
252 54
253 53
254 55
255 56
256 54
257 59
258 53
259 58
260 57
261 56
262 60
263 61
264 57
265 57
266 57
267 53
268 52
269 55
270 52
271 57
272 61
273 61
274 57
275 55
276 55
277 51
278 52
279 56
280 47
281 51
282 54
283 55
284 58
285 54
286 57
287 55
288 60
289 54
290 56
291 58
292 56
293 57
294 59
295 57
296 56
297 56
298 54
299 54
300 57
301 59
302 52
303 52
304 49
305 54
306 56
307 56
308 58
309 57
310 58
311 54
312 56
313 57
314 57
315 53
316 59
317 55
318 59
319 60
320 58
321 54
322 55
323 56
324 59
325 58
326 56
327 58
328 50
329 52
330 55
331 56
332 55
333 58
334 54
335 58
336 60
337 57
338 58
339 57
340 54
341 56
342 54
343 58
344 56
345 61
346 61
347 57
348 58
349 59
350 54
351 53
352 58
353 58
354 60
355 56
356 52
357 54
358 57
359 60
360 60
361 59
362 53
363 56
364 57
365 59
366 55
367 53
368 54
369 59
370 55
371 58
372 61
373 60
374 59
375 61
376 60
377 59
378 55
379 52
380 50
381 54
382 61
383 60
384 60
385 55
386 54
387 48
388 53
389 53
390 51
391 55
392 58
393 59
394 58
395 58
396 56
397 52
398 54
399 61
400 58
401 55
402 48
403 53
404 52
405 54
406 54
407 57
408 57
409 61
410 56
411 58
412 56
413 56
414 55
415 51
416 57
417 58
418 58
419 58
420 55
421 55
422 58
423 60
424 59
425 59
426 57
427 57
428 56
429 50
430 56
431 56
432 52
433 53
434 56
435 61
436 61
437 54
438 59
439 60
440 57
441 50
442 53
443 51
444 54
445 58
446 53
447 54
448 53
449 51
450 52
451 54
452 53
453 57
454 61
455 60
456 60
457 55
458 51
459 48
460 54
461 51
462 58
463 60
464 58
465 57
466 57
467 62
468 57
469 59
470 60
471 58
472 55
473 58
474 55
475 54
476 54
477 56
478 59
479 54
480 58
481 52
482 55
483 58
484 56
485 55
486 55
487 51
488 55
489 54
490 55
491 59
492 57
493 57
494 53
495 56
496 50
497 56
498 58
499 57
500 58
501 57
502 57
503 55
504 59
505 56
506 58
507 52
508 56
509 54
510 53
511 57
512 53
513 58
514 58
515 58
516 57
517 60
518 57
519 57
520 55
521 55
522 55
523 54
524 50
525 49
526 54
527 55
528 55
529 56
530 57
531 59
532 56
533 56
534 52
535 55
536 56
537 56
538 55
539 53
540 53
541 59
542 59
543 60
544 57
545 57
546 55
547 59
548 60
549 58
550 52
551 52
552 54
553 51
554 57
555 60
556 58
557 57
558 57
559 56
560 57
561 60
562 60
563 55
564 55
565 51
566 52
567 54
568 58
569 59
570 56
571 60
572 57
573 57
574 55
575 53
576 56
577 55
578 52
579 55
580 57
581 56
582 58
583 57
584 59
585 61
586 56
587 57
588 56
589 56
590 55
591 57
592 59
593 59
594 54
595 53
596 55
597 56
598 60
599 62
600 58
601 60
602 60
603 53
604 58
605 58
606 56
607 52
608 57
609 53
610 52
611 54
612 56
613 55
614 55
615 57
616 53
617 54
618 51
619 59
620 59
621 55
622 53
623 55
624 53
625 54
626 57
627 61
628 58
629 58
630 55
631 56
632 58
633 55
634 55
635 60
636 57
637 55
638 59
639 60
640 54
641 51
642 56
643 58
644 54
645 57
646 56
647 56
648 54
649 58
650 58
651 51
652 54
653 54
654 57
655 57
656 57
657 58
658 56
659 57
660 57
661 62
662 59
663 53
664 57
665 54
666 58
667 52
668 59
669 58
670 55
671 54
672 53
673 56
674 57
675 58
676 59
677 58
678 59
679 59
680 58
681 57
682 51
683 57
684 57
685 58
686 55
687 58
688 58
689 56
690 59
691 62
692 55
693 55
694 57
695 57
696 58
697 56
698 60
699 53
700 50
701 49
702 55
703 52
704 53
705 55
706 57
707 55
708 57
709 58
710 56
711 50
712 53
713 54
714 56
715 52
716 54
717 51
718 54
719 51
720 55
721 57
722 56
723 56
724 57
725 59
726 57
727 56
728 56
729 54
730 58
731 56
732 57
733 56
734 55
735 56
736 60
737 61
738 56
739 56
740 57
741 58
742 60
743 58
744 53
745 56
746 61
747 57
748 57
749 55
750 54
751 60
752 55
753 49
754 52
755 46
756 54
757 56
758 49
759 54
760 56
761 59
762 60
763 56
764 58
765 59
766 59
767 59
768 59
769 53
770 59
771 60
772 57
773 56
774 58
775 54
776 56
777 55
778 56
779 59
780 61
781 51
782 54
783 53
784 47
785 55
786 59
787 57
788 57
789 58
790 58
791 58
792 53
793 55
794 52
795 58
796 56
797 56
798 57
799 58
800 54
801 53
802 53
803 56
804 56
805 55
806 56
807 57
808 57
809 57
810 57
811 62
812 59
813 54
814 53
815 58
816 59
817 60
818 51
819 49
820 52
821 58
822 58
823 59
824 59
825 59
826 58
827 59
828 56
829 58
830 57
831 55
832 56
833 54
834 59
835 56
836 57
837 55
838 57
839 59
840 56
841 56
842 56
843 54
844 50
845 54
846 55
847 56
848 56
849 56
850 54
851 55
852 58
853 57
854 55
855 57
856 57
857 52
858 56
859 50
860 58
861 58
862 57
863 59
864 58
865 54
866 58
867 55
868 54
869 56
870 53
871 54
872 56
873 56
874 60
875 53
876 57
877 53
878 58
879 55
880 57
881 60
882 60
883 57
884 57
885 58
886 57
887 56
888 54
889 58
890 56
891 54
892 53
893 59
894 57
895 57
896 59
897 59
898 57
899 52
900 54
901 56
902 60
903 64
904 54
905 54
906 57
907 58
908 59
909 55
910 53
911 53
912 57
913 60
914 59
915 51
916 55
917 58
918 62
919 59
920 59
921 55
922 55
923 59
924 53
925 53
926 51
927 52
928 53
929 59
930 56
931 56
932 53
933 54
934 59
935 58
936 57
937 63
938 60
939 62
940 59
941 57
942 56
943 55
944 59
945 60
946 60
947 58
948 55
949 59
950 57
951 53
952 57
953 53
954 59
955 59
956 56
957 58
958 55
959 56
960 58
961 62
962 59
963 57
964 58
965 58
966 53
967 57
968 58
969 61
970 57
971 52
972 54
973 51
974 61
975 61
976 58
977 54
978 52
979 53
980 55
981 58
982 57
983 55
984 57
985 58
986 58
987 55
988 59
989 57
990 55
991 54
992 58
993 54
994 54
995 53
996 58
997 54
998 53
999 54
1000 56
