0 30
1 21
2 19
3 21
4 19
5 16
6 16
7 18
8 19
9 20
10 21
11 20
12 18
13 21
14 18
15 14
16 20
17 16
18 15
19 19
20 18
21 21
22 20
23 20
24 20
25 19
26 17
27 20
28 19
29 19
30 19
31 19
32 19
33 17
34 20
35 18
36 18
37 20
38 19
39 19
40 18
41 18
42 17
43 18
44 20
45 19
46 21
47 20
48 18
49 17
50 19
51 20
52 17
53 20
54 19
55 18
56 16
57 18
58 20
59 18
60 20
61 19
62 20
63 20
64 17
65 19
66 19
67 19
68 18
69 20
70 18
71 19
72 20
73 20
74 18
75 16
76 20
77 17
78 18
79 19
80 21
81 20
82 21
83 18
84 16
85 19
86 18
87 20
88 18
89 17
90 19
91 19
92 19
93 20
94 18
95 16
96 18
97 17
98 18
99 18
100 19
101 22
102 21
103 17
104 15
105 21
106 20
107 19
108 17
109 20
110 19
111 19
112 17
113 19
114 18
115 18
116 17
117 16
118 19
119 18
120 20
121 20
122 18
123 20
124 16
125 17
126 18
127 17
128 19
129 20
130 18
131 17
132 20
133 19
134 20
135 20
136 19
137 20
138 19
139 17
140 15
141 21
142 18
143 21
144 19
145 17
146 18
147 18
148 19
149 19
150 21
151 21
152 19
153 15
154 19
155 15
156 16
157 18
158 14
159 17
160 18
161 14
162 18
163 16
164 19
165 16
166 19
167 21
168 18
169 19
170 19
171 21
172 18
173 18
174 18
175 19
176 21
177 17
178 20
179 16
180 17
181 18
182 20
183 18
184 21
185 20
186 16
187 19
188 20
189 18
190 18
191 17
192 17
193 20
194 20
195 19
196 18
197 19
198 17
199 19
200 19
201 20
202 21
203 20
204 18
205 16
206 16
207 17
208 18
209 17
210 17
211 18
212 18
213 16
214 19
215 19
216 19
217 19
218 21
219 20
220 21
221 16
222 16
223 18
224 20
225 19
226 17
227 21
228 19
229 19
230 19
231 20
232 18
233 20
234 18
235 18
236 22
237 20
238 18
239 18
240 19
241 21
242 19
243 16
244 19
245 19
246 21
247 21
248 17
249 17
250 18
251 20
252 19
253 17
254 22
255 19
256 19
257 17
258 19
259 20
260 16
261 19
262 20
263 18
264 17
265 22
266 20
267 20
268 18
269 18
270 18
271 21
272 19
273 18
274 20
275 18
276 21
277 20
278 21
279 19
280 16
281 21
282 18
283 13
284 18
285 18
286 21
287 18
288 17
289 17
290 14
291 18
292 20
293 19
294 15
295 17
296 16
297 18
298 18
299 18
300 20
301 20
302 12
303 19
304 18
305 21
306 21
307 20
308 20
309 17
310 20
311 17
312 21
313 21
314 21
315 20
316 19
317 19
318 19
319 19
320 18
321 19
322 18
323 20
324 19
325 19
326 19
327 19
328 17
329 18
330 18
331 19
332 20
333 17
334 18
335 18
336 20
337 20
338 21
339 18
340 21
341 19
342 18
343 18
344 17
345 18
346 18
347 20
348 16
349 18
350 21
351 19
352 15
353 20
354 20
355 18
356 21
357 18
358 18
359 21
360 19
361 18
362 19
363 17
364 17
365 20
366 19
367 19
368 19
369 17
370 19
371 18
372 19
373 19
374 19
375 19
376 19
377 19
378 20
379 19
380 17
381 20
382 19
383 18
384 16
385 15
386 18
387 18
388 17
389 20
390 20
391 17
392 21
393 18
394 19
395 17
396 19
397 18
398 18
399 18
400 16
401 15
402 20
403 16
404 21
405 20
406 18
407 22
408 17
409 20
410 17
411 20
412 16
413 16
414 19
415 20
416 21
417 19
418 19
419 21
420 20
421 20
422 21
423 20
424 22
425 19
426 20
427 20
428 13
429 19
430 16
431 19
432 18
433 18
434 18
435 17
436 19
437 19
438 16
439 17
440 19
441 18
442 19
443 20
444 19
445 16
446 17
447 18
448 17
449 18
450 18
451 17
452 19
453 18
454 20
455 21
456 19
457 18
458 21
459 16
460 17
461 17
462 19
463 18
464 19
465 17
466 17
467 19
468 18
469 21
470 18
471 18
472 19
473 15
474 18
475 17
476 17
477 17
478 17
479 17
480 17
481 16
482 19
483 19
484 18
485 17
486 20
487 19
488 18
489 20
490 19
491 18
492 22
493 20
494 16
495 19
496 20
497 18
498 18
499 17
500 19
501 18
502 15
503 21
504 20
505 15
506 17
507 17
508 18
509 19
510 18
511 16
512 15
513 17
514 18
515 19
516 18
517 18
518 21
519 18
520 21
521 18
522 18
523 21
524 20
525 21
526 19
527 16
528 17
529 18
530 19
531 19
532 19
533 18
534 19
535 19
536 20
537 21
538 20
539 21
540 16
541 17
542 19
543 20
544 18
545 17
546 19
547 17
548 21
549 20
550 21
551 16
552 17
553 20
554 20
555 19
556 19
557 20
558 18
559 19
560 19
561 22
562 16
563 19
564 17
565 19
566 15
567 18
568 16
569 20
570 19
571 19
572 20
573 15
574 17
575 20
576 19
577 16
578 20
579 20
580 19
581 19
582 20
583 16
584 21
585 16
586 19
587 20
588 19
589 18
590 18
591 19
592 21
593 20
594 21
595 19
596 19
597 19
598 20
599 19
600 19
601 19
602 22
603 22
604 21
605 19
606 19
607 20
608 18
609 18
610 18
611 22
612 17
613 16
614 15
615 21
616 18
617 17
618 17
619 15
620 18
621 20
622 20
623 22
624 16
625 18
626 20
627 19
628 19
629 18
630 17
631 17
632 18
633 22
634 18
635 18
636 18
637 21
638 17
639 19
640 18
641 20
642 20
643 15
644 19
645 20
646 18
647 13
648 18
649 19
650 16
651 19
652 20
653 16
654 20
655 18
656 17
657 18
658 18
659 16
660 18
661 21
662 19
663 19
664 17
665 17
666 17
667 19
668 22
669 17
670 20
671 18
672 19
673 19
674 21
675 20
676 19
677 19
678 23
679 19
680 21
681 20
682 17
683 19
684 20
685 19
686 18
687 19
688 14
689 19
690 20
691 17
692 19
693 20
694 17
695 18
696 18
697 17
698 16
699 22
700 20
701 18
702 16
703 16
704 18
705 19
706 18
707 15
708 20
709 19
710 18
711 19
712 21
713 18
714 17
715 20
716 19
717 18
718 17
719 21
720 20
721 19
722 21
723 20
724 20
725 18
726 20
727 20
728 19
729 18
730 16
731 20
732 19
733 19
734 18
735 17
736 17
737 19
738 19
739 19
740 20
741 17
742 18
743 18
744 18
745 21
746 20
747 17
748 17
749 16
750 18
751 20
752 18
753 20
754 17
755 20
756 20
757 16
758 16
759 17
760 17
761 17
762 18
763 18
764 20
765 19
766 19
767 17
768 20
769 19
770 18
771 20
772 18
773 19
774 18
775 20
776 19
777 20
778 20
779 18
780 15
781 18
782 18
783 17
784 20
785 17
786 15
787 20
788 18
789 18
790 18
791 21
792 18
793 20
794 20
795 21
796 18
797 18
798 21
799 18
800 20
801 20
802 19
803 18
804 18
805 17
806 20
807 17
808 19
809 17
810 20
811 19
812 18
813 19
814 19
815 20
816 21
817 18
818 18
819 18
820 17
821 15
822 17
823 19
824 18
825 16
826 20
827 19
828 21
829 18
830 16
831 19
832 18
833 18
834 19
835 18
836 21
837 22
838 18
839 18
840 19
841 16
842 18
843 18
844 20
845 16
846 16
847 14
848 17
849 16
850 18
851 18
852 18
853 17
854 18
855 18
856 18
857 18
858 20
859 20
860 17
861 19
862 19
863 17
864 18
865 19
866 21
867 21
868 20
869 18
870 20
871 17
872 20
873 19
874 21
875 19
876 18
877 17
878 17
879 11
880 18
881 19
882 20
883 19
884 19
885 16
886 18
887 18
888 19
889 20
890 20
891 19
892 16
893 16
894 20
895 15
896 18
897 18
898 20
899 15
900 16
901 22
902 20
903 19
904 19
905 17
906 21
907 19
908 17
909 18
910 18
911 16
912 18
913 19
914 18
915 17
916 18
917 19
918 19
919 20
920 20
921 18
922 18
923 16
924 17
925 17
926 21
927 19
928 18
929 16
930 19
931 19
932 17
933 18
934 19
935 17
936 16
937 18
938 16
939 18
940 18
941 20
942 20
943 17
944 17
945 20
946 17
947 19
948 17
949 17
950 19
951 20
952 17
953 18
954 19
955 17
956 16
957 19
958 14
959 17
960 20
961 20
962 17
963 19
964 18
965 15
966 16
967 18
968 17
969 20
970 20
971 20
972 17
973 20
974 20
975 21
976 19
977 19
978 19
979 18
980 18
981 20
982 19
983 20
984 18
985 17
986 19
987 18
988 19
989 18
990 16
991 19
992 19
993 19
994 19
995 18
996 16
997 19
998 17
999 18
1000 18
