0 70
1 44
2 48
3 49
4 47
5 44
6 53
7 49
8 45
9 48
10 45
11 48
12 47
13 49
14 50
15 46
16 44
17 48
18 46
19 53
20 52
21 50
22 51
23 41
24 44
25 47
26 48
27 51
28 52
29 49
30 47
31 48
32 54
33 45
34 47
35 46
36 51
37 44
38 46
39 48
40 52
41 50
42 48
43 49
44 46
45 49
46 51
47 43
48 45
49 47
50 49
51 49
52 52
53 46
54 43
55 49
56 52
57 50
58 50
59 47
60 41
61 51
62 45
63 49
64 47
65 49
66 51
67 46
68 48
69 51
70 48
71 50
72 47
73 50
74 50
75 51
76 49
77 45
78 49
79 46
80 47
81 50
82 51
83 49
84 48
85 49
86 48
87 50
88 50
89 48
90 46
91 47
92 46
93 48
94 50
95 51
96 47
97 48
98 48
99 52
100 48
101 46
102 47
103 51
104 47
105 51
106 46
107 50
108 49
109 50
110 46
111 50
112 47
113 50
114 50
115 45
116 50
117 49
118 48
119 45
120 49
121 48
122 47
123 46
124 49
125 47
126 49
127 49
128 41
129 49
130 51
131 47
132 47
133 47
134 52
135 47
136 45
137 46
138 50
139 48
140 49
141 47
142 51
143 49
144 51
145 50
146 47
147 46
148 42
149 48
150 52
151 53
152 46
153 45
154 51
155 42
156 49
157 49
158 48
159 50
160 43
161 44
162 46
163 42
164 47
165 49
166 48
167 52
168 52
169 48
170 49
171 46
172 47
173 43
174 50
175 47
176 47
177 51
178 46
179 50
180 44
181 48
182 49
183 42
184 48
185 50
186 44
187 48
188 47
189 50
190 46
191 44
192 49
193 45
194 36
195 47
196 49
197 50
198 49
199 44
200 47
201 50
202 51
203 53
204 50
205 46
206 45
207 49
208 51
209 47
210 46
211 49
212 47
213 49
214 47
215 49
216 49
217 51
218 48
219 46
220 48
221 43
222 49
223 51
224 53
225 44
226 49
227 46
228 45
229 50
230 47
231 52
232 51
233 49
234 50
235 45
236 52
237 50
238 51
239 46
240 52
241 49
242 50
243 49
244 44
245 46
246 51
247 45
248 51
249 45
250 52
251 48
252 48
253 49
254 47
255 51
256 46
257 43
258 46
259 46
260 51
261 47
262 45
263 46
264 46
265 50
266 44
267 45
268 50
269 46
270 50
271 45
272 53
273 46
274 49
275 52
276 47
277 46
278 48
279 47
280 44
281 50
282 49
283 46
284 48
285 46
286 44
287 44
288 44
289 47
290 47
291 50
292 50
293 48
294 48
295 47
296 46
297 50
298 52
299 46
300 45
301 49
302 48
303 45
304 49
305 51
306 43
307 46
308 51
309 49
310 44
311 48
312 49
313 49
314 46
315 48
316 51
317 45
318 52
319 50
320 51
321 50
322 45
323 49
324 49
325 49
326 51
327 50
328 46
329 48
330 51
331 48
332 48
333 51
334 54
335 48
336 50
337 52
338 46
339 49
340 48
341 48
342 51
343 50
344 48
345 49
346 47
347 50
348 46
349 52
350 48
351 43
352 51
353 49
354 48
355 48
356 42
357 49
358 48
359 50
360 47
361 46
362 49
363 45
364 47
365 48
366 51
367 52
368 43
369 51
370 53
371 50
372 48
373 50
374 53
375 48
376 48
377 48
378 50
379 51
380 45
381 41
382 48
383 46
384 44
385 47
386 49
387 47
388 48
389 49
390 46
391 48
392 48
393 50
394 49
395 48
396 48
397 47
398 51
399 48
400 49
401 51
402 46
403 46
404 49
405 41
406 49
407 45
408 51
409 49
410 51
411 44
412 47
413 41
414 48
415 47
416 48
417 50
418 51
419 44
420 48
421 52
422 50
423 49
424 49
425 44
426 49
427 47
428 48
429 48
430 48
431 47
432 51
433 48
434 49
435 45
436 43
437 44
438 52
439 42
440 44
441 43
442 48
443 47
444 48
445 51
446 48
447 44
448 42
449 50
450 49
451 47
452 48
453 49
454 49
455 47
456 42
457 45
458 50
459 46
460 44
461 45
462 47
463 49
464 47
465 51
466 50
467 50
468 47
469 48
470 50
471 47
472 46
473 47
474 42
475 46
476 49
477 45
478 47
479 47
480 51
481 48
482 51
483 47
484 46
485 49
486 55
487 46
488 47
489 48
490 49
491 50
492 48
493 49
494 51
495 49
496 51
497 47
498 48
499 50
500 47
501 50
502 44
503 51
504 51
505 49
506 47
507 44
508 48
509 49
510 48
511 45
512 53
513 45
514 46
515 49
516 49
517 46
518 46
519 48
520 47
521 47
522 48
523 47
524 49
525 46
526 50
527 44
528 49
529 49
530 48
531 43
532 49
533 49
534 49
535 44
536 49
537 49
538 50
539 48
540 47
541 51
542 46
543 45
544 46
545 48
546 50
547 47
548 48
549 48
550 50
551 50
552 45
553 48
554 50
555 48
556 49
557 51
558 46
559 46
560 50
561 49
562 49
563 50
564 49
565 52
566 47
567 46
568 51
569 49
570 44
571 50
572 44
573 46
574 48
575 48
576 45
577 48
578 46
579 46
580 46
581 50
582 49
583 48
584 48
585 51
586 46
587 48
588 48
589 46
590 47
591 49
592 45
593 53
594 52
595 45
596 53
597 47
598 49
599 46
600 45
601 47
602 49
603 46
604 44
605 46
606 49
607 50
608 51
609 48
610 51
611 43
612 51
613 48
614 45
615 45
616 41
617 44
618 49
619 54
620 45
621 50
622 45
623 46
624 49
625 49
626 49
627 50
628 49
629 47
630 50
631 48
632 47
633 48
634 48
635 44
636 45
637 47
638 48
639 48
640 45
641 47
642 48
643 47
644 45
645 46
646 46
647 45
648 47
649 50
650 48
651 49
652 49
653 50
654 44
655 46
656 48
657 45
658 49
659 48
660 41
661 49
662 50
663 44
664 50
665 50
666 50
667 49
668 50
669 51
670 44
671 47
672 41
673 53
674 49
675 47
676 44
677 52
678 50
679 46
680 48
681 50
682 51
683 47
684 55
685 49
686 49
687 49
688 46
689 48
690 47
691 53
692 46
693 49
694 51
695 47
696 45
697 43
698 47
699 46
700 51
701 50
702 49
703 44
704 51
705 47
706 45
707 47
708 52
709 50
710 46
711 50
712 48
713 48
714 45
715 49
716 42
717 47
718 46
719 45
720 43
721 46
722 44
723 45
724 47
725 45
726 46
727 53
728 49
729 46
730 51
731 52
732 48
733 51
734 52
735 51
736 42
737 48
738 43
739 45
740 47
741 47
742 46
743 41
744 50
745 51
746 50
747 45
748 49
749 49
750 51
751 49
752 47
753 49
754 46
755 49
756 51
757 49
758 50
759 50
760 48
761 50
762 50
763 49
764 47
765 48
766 51
767 47
768 49
769 48
770 48
771 49
772 46
773 52
774 52
775 45
776 48
777 50
778 45
779 46
780 48
781 47
782 48
783 43
784 47
785 48
786 49
787 47
788 51
789 47
790 47
791 46
792 50
793 52
794 46
795 48
796 48
797 50
798 49
799 51
800 47
801 50
802 46
803 48
804 51
805 49
806 47
807 52
808 46
809 47
810 50
811 45
812 52
813 48
814 48
815 46
816 50
817 51
818 47
819 51
820 47
821 50
822 51
823 45
824 51
825 48
826 47
827 50
828 51
829 50
830 48
831 46
832 52
833 52
834 50
835 48
836 45
837 48
838 49
839 47
840 46
841 46
842 49
843 50
844 45
845 48
846 49
847 50
848 48
849 47
850 48
851 49
852 47
853 48
854 48
855 48
856 50
857 46
858 45
859 48
860 44
861 48
862 48
863 51
864 50
865 48
866 50
867 48
868 49
869 47
870 48
871 49
872 49
873 46
874 47
875 45
876 50
877 48
878 48
879 43
880 48
881 50
882 46
883 49
884 49
885 47
886 47
887 51
888 44
889 50
890 51
891 52
892 44
893 47
894 48
895 39
896 47
897 45
898 50
899 50
900 49
901 44
902 45
903 45
904 49
905 49
906 43
907 48
908 47
909 47
910 46
911 43
912 43
913 50
914 52
915 48
916 49
917 47
918 51
919 50
920 49
921 49
922 47
923 47
924 43
925 49
926 48
927 45
928 42
929 52
930 48
931 49
932 47
933 49
934 46
935 41
936 47
937 49
938 48
939 45
940 51
941 49
942 49
943 44
944 49
945 49
946 45
947 43
948 49
949 48
950 48
951 48
952 49
953 44
954 47
955 47
956 46
957 51
958 49
959 48
960 38
961 47
962 50
963 49
964 46
965 46
966 49
967 52
968 48
969 47
970 50
971 47
972 45
973 50
974 48
975 50
976 44
977 48
978 47
979 48
980 48
981 44
982 47
983 50
984 45
985 43
986 48
987 51
988 50
989 48
990 50
991 46
992 47
993 48
994 48
995 49
996 45
997 49
998 45
999 48
1000 50
