0 40
1 34
2 30
3 25
4 24
5 23
6 23
7 22
8 20
9 19
10 22
11 24
12 24
13 23
14 25
15 24
16 25
17 24
18 21
19 22
20 22
21 20
22 21
23 21
24 21
25 22
26 21
27 22
28 22
29 18
30 20
31 23
32 21
33 22
34 23
35 21
36 20
37 22
38 23
39 23
40 23
41 22
42 22
43 22
44 22
45 23
46 21
47 20
48 20
49 21
50 21
51 23
52 23
53 23
54 22
55 19
56 17
57 17
58 18
59 22
60 20
61 21
62 21
63 20
64 20
65 21
66 21
67 22
68 22
69 21
70 19
71 18
72 18
73 20
74 19
75 18
76 21
77 22
78 23
79 24
80 25
81 25
82 23
83 23
84 21
85 21
86 21
87 22
88 22
89 22
90 22
91 21
92 19
93 19
94 20
95 22
96 20
97 17
98 20
99 22
100 24
101 21
102 20
103 20
104 19
105 21
106 20
107 22
108 20
109 20
110 23
111 23
112 21
113 22
114 19
115 21
116 18
117 20
118 18
119 18
120 19
121 20
122 23
123 22
124 22
125 23
126 23
127 22
128 22
129 20
130 21
131 22
132 22
133 22
134 22
135 22
136 25
137 24
138 23
139 21
140 22
141 22
142 21
143 21
144 20
145 18
146 17
147 18
148 20
149 18
150 18
151 20
152 20
153 22
154 23
155 21
156 22
157 21
158 20
159 21
160 22
161 18
162 19
163 21
164 21
165 21
166 19
167 20
168 20
169 21
170 21
171 21
172 24
173 23
174 22
175 22
176 22
177 25
178 24
179 25
180 24
181 19
182 20
183 19
184 19
185 21
186 22
187 24
188 24
189 23
190 22
191 20
192 20
193 21
194 23
195 21
196 22
197 24
198 23
199 25
200 25
201 24
202 23
203 23
204 20
205 20
206 20
207 19
208 22
209 21
210 21
211 22
212 20
213 19
214 21
215 20
216 21
217 20
218 19
219 20
220 20
221 20
222 21
223 22
224 21
225 21
226 22
227 23
228 24
229 22
230 23
231 22
232 21
233 23
234 24
235 23
236 22
237 21
238 18
239 17
240 17
241 21
242 18
243 15
244 20
245 22
246 21
247 22
248 24
249 24
250 26
251 27
252 20
253 21
254 23
255 21
256 18
257 21
258 22
259 25
260 22
261 19
262 22
263 21
264 20
265 21
266 21
267 24
268 23
269 23
270 19
271 18
272 21
273 19
274 22
275 22
276 21
277 21
278 22
279 22
280 24
281 24
282 23
283 24
284 24
285 22
286 21
287 22
288 23
289 23
290 24
291 24
292 22
293 23
294 25
295 25
296 22
297 21
298 20
299 21
300 22
301 20
302 21
303 21
304 22
305 21
306 22
307 23
308 24
309 23
310 21
311 22
312 23
313 24
314 19
315 19
316 20
317 20
318 23
319 22
320 21
321 20
322 20
323 18
324 21
325 18
326 21
327 23
328 22
329 24
330 21
331 22
332 24
333 24
334 23
335 23
336 23
337 22
338 21
339 23
340 22
341 19
342 18
343 20
344 19
345 22
346 17
347 19
348 18
349 20
350 21
351 22
352 23
353 23
354 22
355 24
356 20
357 20
358 19
359 20
360 21
361 21
362 22
363 19
364 22
365 21
366 21
367 20
368 20
369 20
370 20
371 19
372 20
373 21
374 20
375 20
376 21
377 21
378 24
379 22
380 21
381 20
382 21
383 22
384 21
385 23
386 23
387 23
388 24
389 23
390 23
391 23
392 22
393 21
394 23
395 23
396 22
397 20
398 20
399 20
400 19
401 21
402 21
403 20
404 20
405 20
406 22
407 23
408 21
409 21
410 22
411 23
412 24
413 21
414 19
415 21
416 22
417 22
418 23
419 24
420 24
421 24
422 21
423 22
424 19
425 21
426 19
427 21
428 22
429 22
430 21
431 20
432 21
433 21
434 22
435 23
436 22
437 18
438 22
439 23
440 22
441 22
442 22
443 21
444 22
445 23
446 24
447 23
448 24
449 26
450 26
451 24
452 24
453 23
454 20
455 22
456 21
457 21
458 22
459 18
460 20
461 20
462 23
463 23
464 22
465 22
466 21
467 22
468 22
469 21
470 18
471 19
472 19
473 17
474 17
475 20
476 19
477 21
478 21
479 23
480 23
481 22
482 22
483 21
484 21
485 23
486 22
487 21
488 24
489 23
490 25
491 25
492 23
493 23
494 23
495 23
496 24
497 26
498 26
499 22
500 23
501 23
502 23
503 23
504 22
505 20
506 21
507 21
508 23
509 21
510 21
511 21
512 20
513 23
514 21
515 22
516 25
517 23
518 19
519 18
520 19
521 18
522 19
523 20
524 20
525 22
526 24
527 25
528 21
529 20
530 21
531 19
532 20
533 20
534 21
535 22
536 23
537 23
538 22
539 23
540 22
541 20
542 18
543 17
544 21
545 20
546 21
547 21
548 23
549 23
550 23
551 22
552 20
553 21
554 24
555 24
556 23
557 24
558 22
559 22
560 20
561 20
562 19
563 22
564 21
565 21
566 20
567 17
568 16
569 21
570 21
571 22
572 24
573 22
574 23
575 21
576 21
577 19
578 19
579 20
580 17
581 17
582 20
583 21
584 22
585 18
586 20
587 23
588 22
589 22
590 22
591 21
592 19
593 19
594 19
595 20
596 21
597 22
598 22
599 22
600 24
601 23
602 22
603 24
604 23
605 22
606 22
607 22
608 22
609 22
610 22
611 22
612 21
613 18
614 19
615 20
616 19
617 21
618 15
619 14
620 17
621 18
622 19
623 21
624 21
625 20
626 23
627 23
628 21
629 22
630 23
631 22
632 24
633 23
634 22
635 23
636 23
637 23
638 22
639 17
640 17
641 20
642 21
643 21
644 20
645 20
646 23
647 25
648 25
649 24
650 22
651 22
652 23
653 24
654 22
655 21
656 24
657 23
658 23
659 23
660 23
661 22
662 21
663 21
664 20
665 23
666 23
667 20
668 20
669 19
670 18
671 19
672 21
673 20
674 19
675 21
676 22
677 21
678 22
679 22
680 24
681 23
682 23
683 22
684 22
685 21
686 19
687 20
688 20
689 18
690 20
691 22
692 19
693 21
694 21
695 20
696 19
697 17
698 19
699 20
700 23
701 22
702 23
703 21
704 20
705 20
706 21
707 19
708 21
709 20
710 22
711 23
712 21
713 20
714 20
715 21
716 20
717 19
718 20
719 20
720 20
721 18
722 23
723 23
724 25
725 23
726 24
727 21
728 23
729 25
730 21
731 19
732 19
733 21
734 23
735 21
736 17
737 19
738 20
739 21
740 22
741 23
742 24
743 23
744 23
745 23
746 21
747 22
748 25
749 24
750 24
751 20
752 23
753 23
754 21
755 22
756 22
757 21
758 19
759 17
760 17
761 18
762 19
763 18
764 19
765 18
766 20
767 21
768 24
769 24
770 21
771 23
772 26
773 23
774 23
775 19
776 21
777 20
778 22
779 22
780 20
781 20
782 20
783 22
784 19
785 22
786 23
787 19
788 21
789 21
790 23
791 20
792 20
793 19
794 17
795 16
796 19
797 20
798 21
799 22
800 22
801 16
802 18
803 20
804 21
805 20
806 21
807 22
808 24
809 23
810 22
811 18
812 19
813 22
814 22
815 23
816 23
817 23
818 22
819 21
820 21
821 22
822 18
823 18
824 19
825 20
826 23
827 24
828 22
829 22
830 23
831 24
832 21
833 23
834 24
835 24
836 24
837 20
838 21
839 23
840 23
841 22
842 19
843 19
844 21
845 20
846 19
847 19
848 21
849 23
850 24
851 25
852 26
853 24
854 25
855 24
856 22
857 22
858 23
859 24
860 24
861 23
862 24
863 26
864 27
865 26
866 25
867 26
868 24
869 23
870 23
871 21
872 21
873 20
874 24
875 25
876 24
877 25
878 22
879 21
880 23
881 21
882 22
883 23
884 24
885 21
886 19
887 18
888 20
889 21
890 21
891 22
892 23
893 20
894 21
895 22
896 21
897 22
898 21
899 22
900 22
901 23
902 23
903 26
904 26
905 23
906 22
907 24
908 22
909 22
910 24
911 25
912 24
913 23
914 22
915 23
916 22
917 22
918 23
919 21
920 22
921 20
922 21
923 20
924 21
925 22
926 21
927 21
928 24
929 23
930 25
931 23
932 22
933 24
934 25
935 24
936 20
937 21
938 21
939 23
940 24
941 25
942 25
943 26
944 23
945 23
946 25
947 24
948 24
949 24
950 23
951 21
952 22
953 21
954 21
955 24
956 22
957 23
958 23
959 25
960 22
961 23
962 22
963 21
964 23
965 21
966 22
967 22
968 24
969 23
970 22
971 18
972 21
973 22
974 23
975 23
976 23
977 20
978 19
979 19
980 19
981 17
982 18
983 18
984 21
985 21
986 22
987 20
988 19
989 22
990 20
991 21
992 20
993 18
994 19
995 20
996 19
997 20
998 18
999 17
1000 21
