0 15
1 11
2 10
3 8
4 6
5 7
6 8
7 10
8 9
9 10
10 12
11 11
12 9
13 10
14 8
15 6
16 7
17 6
18 10
19 9
20 8
21 9
22 8
23 10
24 9
25 9
26 9
27 8
28 6
29 8
30 8
31 10
32 8
33 8
34 9
35 9
36 10
37 8
38 9
39 9
40 9
41 9
42 11
43 7
44 8
45 7
46 8
47 8
48 8
49 8
50 9
51 10
52 8
53 9
54 9
55 11
56 9
57 8
58 8
59 9
60 8
61 9
62 7
63 9
64 11
65 10
66 7
67 9
68 9
69 7
70 10
71 9
72 11
73 9
74 9
75 7
76 8
77 9
78 8
79 9
80 9
81 10
82 7
83 9
84 9
85 9
86 8
87 8
88 9
89 8
90 10
91 10
92 10
93 11
94 10
95 9
96 10
97 8
98 9
99 9
100 10
101 9
102 10
103 10
104 9
105 9
106 9
107 9
108 10
109 9
110 10
111 9
112 9
113 10
114 12
115 6
116 8
117 8
118 8
119 11
120 7
121 9
122 10
123 9
124 11
125 10
126 11
127 8
128 8
129 9
130 11
131 10
132 6
133 7
134 9
135 9
136 10
137 10
138 8
139 8
140 9
141 8
142 10
143 10
144 8
145 10
146 9
147 10
148 10
149 8
150 8
151 9
152 8
153 11
154 10
155 9
156 10
157 8
158 8
159 8
160 9
161 5
162 9
163 8
164 9
165 10
166 8
167 10
168 10
169 9
170 10
171 9
172 10
173 8
174 9
175 10
176 10
177 9
178 7
179 8
180 10
181 9
182 7
183 10
184 11
185 11
186 9
187 7
188 8
189 10
190 9
191 8
192 7
193 9
194 11
195 11
196 8
197 9
198 9
199 9
200 9
201 8
202 9
203 9
204 7
205 7
206 11
207 10
208 10
209 10
210 11
211 9
212 8
213 8
214 9
215 9
216 10
217 9
218 10
219 7
220 8
221 10
222 9
223 11
224 10
225 9
226 9
227 8
228 9
229 10
230 10
231 8
232 8
233 7
234 9
235 11
236 9
237 10
238 9
239 6
240 9
241 9
242 8
243 9
244 9
245 10
246 8
247 10
248 6
249 10
250 5
251 9
252 10
253 10
254 9
255 10
256 6
257 8
258 10
259 9
260 7
261 8
262 10
263 12
264 11
265 10
266 9
267 8
268 8
269 7
270 8
271 7
272 11
273 11
274 9
275 10
276 10
277 11
278 11
279 10
280 9
281 8
282 8
283 8
284 10
285 11
286 8
287 8
288 8
289 8
290 9
291 9
292 8
293 8
294 8
295 11
296 10
297 9
298 7
299 10
300 8
301 6
302 8
303 9
304 10
305 9
306 9
307 9
308 7
309 7
310 8
311 8
312 7
313 8
314 9
315 9
316 8
317 7
318 8
319 10
320 10
321 8
322 9
323 10
324 10
325 9
326 10
327 10
328 11
329 11
330 7
331 6
332 11
333 11
334 12
335 9
336 10
337 11
338 9
339 10
340 8
341 9
342 11
343 9
344 7
345 9
346 10
347 9
348 11
349 8
350 9
351 8
352 7
353 7
354 8
355 8
356 10
357 8
358 8
359 8
360 10
361 10
362 9
363 11
364 8
365 10
366 6
367 7
368 9
369 9
370 11
371 8
372 9
373 8
374 9
375 10
376 10
377 11
378 8
379 8
380 8
381 10
382 10
383 9
384 8
385 9
386 7
387 9
388 12
389 10
390 9
391 7
392 8
393 10
394 10
395 9
396 9
397 8
398 6
399 10
400 9
401 7
402 7
403 9
404 8
405 7
406 7
407 8
408 10
409 10
410 11
411 11
412 10
413 8
414 8
415 7
416 8
417 8
418 11
419 11
420 7
421 7
422 9
423 11
424 11
425 8
426 9
427 8
428 8
429 6
430 6
431 10
432 10
433 9
434 11
435 9
436 8
437 10
438 10
439 10
440 8
441 8
442 6
443 6
444 7
445 9
446 9
447 9
448 10
449 10
450 10
451 10
452 9
453 11
454 10
455 10
456 10
457 11
458 9
459 6
460 7
461 7
462 10
463 8
464 7
465 7
466 5
467 10
468 9
469 10
470 9
471 6
472 7
473 10
474 9
475 8
476 8
477 8
478 10
479 9
480 9
481 10
482 9
483 8
484 8
485 9
486 9
487 9
488 7
489 7
490 10
491 9
492 10
493 9
494 7
495 5
496 9
497 9
498 7
499 8
500 8
501 10
502 10
503 7
504 11
505 9
506 7
507 8
508 9
509 9
510 7
511 7
512 6
513 9
514 6
515 7
516 10
517 10
518 10
519 9
520 7
521 8
522 10
523 9
524 10
525 8
526 10
527 10
528 9
529 9
530 10
531 8
532 6
533 9
534 9
535 8
536 7
537 12
538 10
539 9
540 9
541 8
542 8
543 9
544 9
545 8
546 7
547 9
548 9
549 11
550 7
551 7
552 11
553 11
554 8
555 9
556 9
557 8
558 8
559 8
560 11
561 10
562 10
563 9
564 11
565 8
566 7
567 9
568 7
569 8
570 8
571 8
572 9
573 6
574 8
575 8
576 9
577 9
578 6
579 10
580 8
581 8
582 9
583 8
584 7
585 7
586 9
587 7
588 9
589 8
590 8
591 8
592 8
593 7
594 10
595 10
596 10
597 9
598 7
599 9
600 10
601 10
602 9
603 8
604 8
605 9
606 8
607 10
608 10
609 10
610 8
611 9
612 9
613 7
614 7
615 7
616 8
617 9
618 8
619 7
620 9
621 10
622 10
623 9
624 5
625 8
626 9
627 5
628 8
629 9
630 10
631 11
632 8
633 10
634 9
635 10
636 10
637 8
638 9
639 9
640 10
641 8
642 9
643 9
644 8
645 9
646 10
647 7
648 9
649 10
650 6
651 7
652 8
653 9
654 9
655 9
656 9
657 8
658 8
659 10
660 9
661 9
662 8
663 9
664 10
665 9
666 10
667 9
668 8
669 6
670 10
671 11
672 10
673 9
674 8
675 11
676 10
677 11
678 9
679 6
680 8
681 8
682 8
683 10
684 9
685 8
686 8
687 8
688 8
689 9
690 8
691 8
692 11
693 7
694 9
695 11
696 9
697 10
698 9
699 10
700 9
701 10
702 8
703 9
704 7
705 6
706 8
707 10
708 10
709 8
710 9
711 7
712 9
713 11
714 9
715 7
716 8
717 8
718 9
719 8
720 8
721 7
722 6
723 9
724 10
725 8
726 8
727 8
728 7
729 8
730 9
731 7
732 7
733 8
734 10
735 10
736 8
737 6
738 9
739 9
740 8
741 9
742 10
743 10
744 10
745 11
746 9
747 10
748 9
749 6
750 6
751 10
752 11
753 11
754 10
755 11
756 10
757 10
758 9
759 8
760 8
761 7
762 10
763 9
764 10
765 9
766 9
767 9
768 10
769 9
770 8
771 11
772 10
773 10
774 9
775 10
776 11
777 11
778 8
779 9
780 10
781 10
782 9
783 8
784 9
785 6
786 8
787 9
788 10
789 8
790 6
791 9
792 9
793 9
794 9
795 10
796 6
797 8
798 10
799 9
800 8
801 8
802 9
803 9
804 10
805 5
806 9
807 9
808 8
809 9
810 9
811 8
812 9
813 9
814 9
815 7
816 10
817 8
818 9
819 9
820 11
821 9
822 11
823 9
824 10
825 8
826 9
827 9
828 8
829 8
830 7
831 10
832 9
833 9
834 10
835 7
836 10
837 10
838 9
839 11
840 9
841 6
842 6
843 8
844 7
845 9
846 11
847 10
848 9
849 9
850 9
851 11
852 8
853 9
854 11
855 8
856 9
857 9
858 6
859 9
860 9
861 10
862 11
863 8
864 10
865 11
866 11
867 10
868 9
869 8
870 11
871 10
872 11
873 10
874 10
875 10
876 9
877 11
878 10
879 6
880 6
881 6
882 8
883 10
884 8
885 10
886 9
887 9
888 10
889 11
890 10
891 9
892 9
893 9
894 11
895 12
896 12
897 11
898 10
899 8
900 8
901 8
902 9
903 9
904 8
905 9
906 10
907 8
908 8
909 8
910 9
911 11
912 9
913 9
914 7
915 8
916 11
917 9
918 9
919 9
920 8
921 8
922 8
923 7
924 9
925 9
926 9
927 10
928 9
929 8
930 8
931 9
932 8
933 8
934 8
935 7
936 10
937 8
938 9
939 10
940 7
941 8
942 9
943 9
944 9
945 10
946 8
947 9
948 9
949 8
950 9
951 8
952 8
953 8
954 10
955 9
956 9
957 8
958 8
959 7
960 9
961 11
962 8
963 8
964 9
965 10
966 11
967 9
968 11
969 10
970 11
971 8
972 8
973 8
974 10
975 10
976 7
977 9
978 8
979 8
980 7
981 10
982 10
983 8
984 8
985 10
986 10
987 11
988 9
989 9
990 9
991 11
992 11
993 10
994 10
995 6
996 7
997 7
998 8
999 8
1000 9
