0 40
1 34
2 31
3 28
4 28
5 25
6 24
7 24
8 19
9 19
10 20
11 20
12 20
13 21
14 19
15 20
16 21
17 21
18 21
19 20
20 19
21 20
22 19
23 19
24 19
25 21
26 20
27 21
28 21
29 20
30 20
31 21
32 22
33 23
34 21
35 22
36 23
37 21
38 22
39 21
40 20
41 20
42 21
43 20
44 21
45 20
46 18
47 18
48 19
49 21
50 19
51 20
52 20
53 21
54 21
55 20
56 20
57 20
58 20
59 20
60 19
61 20
62 21
63 21
64 19
65 20
66 22
67 20
68 17
69 18
70 18
71 17
72 18
73 16
74 18
75 17
76 19
77 20
78 21
79 21
80 18
81 18
82 20
83 18
84 18
85 20
86 22
87 20
88 21
89 21
90 19
91 19
92 20
93 19
94 19
95 21
96 21
97 22
98 22
99 23
100 21
101 23
102 21
103 20
104 20
105 20
106 20
107 21
108 22
109 23
110 24
111 22
112 21
113 20
114 21
115 21
116 22
117 24
118 24
119 20
120 18
121 16
122 17
123 18
124 17
125 18
126 17
127 20
128 21
129 21
130 22
131 22
132 23
133 22
134 24
135 22
136 21
137 21
138 21
139 20
140 19
141 19
142 18
143 18
144 17
145 18
146 18
147 18
148 16
149 14
150 15
151 17
152 13
153 13
154 14
155 16
156 16
157 19
158 19
159 21
160 21
161 21
162 21
163 21
164 20
165 21
166 21
167 20
168 20
169 20
170 20
171 20
172 20
173 20
174 18
175 17
176 18
177 18
178 18
179 19
180 19
181 19
182 20
183 22
184 22
185 23
186 23
187 21
188 22
189 23
190 24
191 23
192 20
193 21
194 21
195 21
196 24
197 23
198 21
199 23
200 22
201 22
202 23
203 19
204 20
205 22
206 20
207 19
208 18
209 18
210 18
211 17
212 18
213 19
214 18
215 19
216 21
217 21
218 17
219 18
220 18
221 18
222 18
223 19
224 19
225 19
226 17
227 17
228 19
229 19
230 20
231 20
232 21
233 19
234 18
235 20
236 18
237 21
238 21
239 21
240 20
241 19
242 19
243 21
244 21
245 21
246 20
247 19
248 19
249 19
250 21
251 21
252 20
253 19
254 20
255 18
256 19
257 20
258 20
259 20
260 20
261 20
262 19
263 19
264 17
265 19
266 17
267 18
268 19
269 19
270 20
271 20
272 20
273 20
274 18
275 19
276 19
277 20
278 19
279 19
280 17
281 16
282 18
283 18
284 16
285 14
286 15
287 17
288 18
289 18
290 20
291 20
292 19
293 20
294 19
295 20
296 21
297 21
298 21
299 20
300 20
301 19
302 19
303 19
304 18
305 17
306 17
307 19
308 18
309 18
310 17
311 19
312 15
313 17
314 18
315 19
316 21
317 22
318 21
319 22
320 20
321 19
322 20
323 20
324 20
325 22
326 22
327 22
328 21
329 20
330 20
331 21
332 21
333 21
334 22
335 21
336 23
337 21
338 21
339 20
340 18
341 19
342 17
343 18
344 16
345 16
346 17
347 17
348 18
349 18
350 18
351 20
352 19
353 20
354 20
355 19
356 20
357 21
358 20
359 21
360 20
361 21
362 21
363 21
364 21
365 21
366 21
367 22
368 21
369 20
370 22
371 23
372 22
373 21
374 19
375 18
376 17
377 18
378 18
379 18
380 19
381 19
382 16
383 18
384 18
385 19
386 18
387 19
388 18
389 17
390 17
391 18
392 21
393 19
394 18
395 18
396 19
397 20
398 19
399 22
400 21
401 22
402 19
403 18
404 21
405 22
406 20
407 21
408 19
409 19
410 18
411 19
412 21
413 22
414 22
415 21
416 21
417 22
418 22
419 21
420 20
421 18
422 18
423 20
424 21
425 21
426 21
427 20
428 18
429 18
430 18
431 17
432 18
433 19
434 17
435 18
436 17
437 18
438 20
439 21
440 21
441 22
442 23
443 21
444 21
445 23
446 23
447 23
448 23
449 22
450 20
451 21
452 20
453 21
454 21
455 19
456 20
457 18
458 20
459 22
460 20
461 18
462 17
463 18
464 17
465 16
466 17
467 16
468 15
469 16
470 18
471 16
472 18
473 18
474 19
475 18
476 19
477 20
478 20
479 22
480 20
481 22
482 17
483 18
484 17
485 17
486 16
487 17
488 17
489 17
490 15
491 18
492 20
493 19
494 19
495 20
496 20
497 22
498 23
499 21
500 21
501 21
502 21
503 19
504 19
505 18
506 19
507 20
508 19
509 20
510 20
511 21
512 19
513 17
514 16
515 18
516 16
517 16
518 17
519 18
520 19
521 20
522 20
523 19
524 19
525 20
526 21
527 21
528 19
529 22
530 22
531 20
532 21
533 20
534 22
535 20
536 20
537 20
538 20
539 19
540 20
541 22
542 23
543 22
544 22
545 21
546 22
547 22
548 22
549 22
550 20
551 19
552 19
553 21
554 22
555 21
556 20
557 22
558 21
559 21
560 20
561 20
562 20
563 18
564 19
565 19
566 18
567 19
568 21
569 19
570 19
571 20
572 22
573 22
574 22
575 19
576 19
577 17
578 19
579 20
580 20
581 22
582 20
583 20
584 19
585 16
586 16
587 18
588 19
589 17
590 17
591 18
592 18
593 19
594 18
595 17
596 15
597 17
598 18
599 18
600 18
601 19
602 19
603 18
604 18
605 18
606 17
607 20
608 18
609 18
610 18
611 19
612 18
613 19
614 20
615 21
616 21
617 20
618 19
619 21
620 21
621 21
622 22
623 21
624 19
625 19
626 20
627 19
628 19
629 19
630 21
631 19
632 21
633 21
634 20
635 18
636 19
637 19
638 17
639 18
640 18
641 21
642 18
643 18
644 19
645 19
646 18
647 19
648 18
649 19
650 18
651 16
652 16
653 17
654 17
655 18
656 16
657 16
658 17
659 17
660 18
661 18
662 21
663 21
664 20
665 19
666 20
667 20
668 20
669 18
670 20
671 19
672 16
673 17
674 17
675 15
676 18
677 17
678 16
679 16
680 18
681 20
682 19
683 20
684 18
685 19
686 18
687 19
688 19
689 18
690 18
691 18
692 19
693 21
694 20
695 18
696 19
697 19
698 16
699 15
700 16
701 19
702 16
703 16
704 15
705 16
706 18
707 18
708 19
709 18
710 19
711 20
712 16
713 17
714 16
715 18
716 19
717 17
718 17
719 18
720 17
721 15
722 16
723 18
724 20
725 19
726 19
727 19
728 19
729 18
730 17
731 15
732 15
733 17
734 17
735 17
736 16
737 16
738 17
739 17
740 19
741 21
742 22
743 22
744 20
745 20
746 19
747 19
748 19
749 19
750 18
751 17
752 18
753 18
754 18
755 16
756 16
757 16
758 17
759 20
760 18
761 19
762 18
763 17
764 18
765 17
766 18
767 21
768 19
769 20
770 21
771 21
772 21
773 20
774 19
775 19
776 20
777 22
778 21
779 18
780 18
781 18
782 17
783 17
784 17
785 17
786 18
787 18
788 17
789 16
790 18
791 18
792 18
793 18
794 19
795 17
796 18
797 18
798 17
799 19
800 21
801 21
802 21
803 17
804 16
805 17
806 20
807 19
808 18
809 19
810 17
811 15
812 13
813 13
814 14
815 14
816 14
817 15
818 18
819 19
820 21
821 21
822 22
823 23
824 23
825 22
826 22
827 22
828 21
829 19
830 18
831 19
832 19
833 20
834 21
835 22
836 19
837 19
838 18
839 17
840 17
841 19
842 17
843 17
844 17
845 18
846 18
847 17
848 16
849 17
850 18
851 18
852 18
853 20
854 20
855 20
856 21
857 19
858 16
859 17
860 18
861 17
862 19
863 19
864 21
865 22
866 22
867 20
868 19
869 19
870 19
871 19
872 17
873 17
874 17
875 17
876 16
877 17
878 16
879 18
880 19
881 20
882 17
883 17
884 18
885 19
886 20
887 20
888 18
889 19
890 21
891 20
892 19
893 19
894 18
895 18
896 19
897 18
898 16
899 19
900 17
901 18
902 18
903 19
904 16
905 17
906 13
907 14
908 13
909 14
910 17
911 15
912 18
913 19
914 19
915 21
916 20
917 19
918 21
919 23
920 20
921 19
922 18
923 18
924 17
925 18
926 20
927 18
928 20
929 19
930 20
931 22
932 21
933 20
934 20
935 19
936 19
937 20
938 18
939 19
940 19
941 18
942 19
943 18
944 19
945 20
946 20
947 19
948 18
949 16
950 16
951 16
952 18
953 17
954 18
955 19
956 18
957 18
958 19
959 19
960 20
961 22
962 21
963 21
964 21
965 23
966 21
967 23
968 21
969 19
970 21
971 18
972 18
973 18
974 20
975 20
976 18
977 16
978 17
979 20
980 22
981 23
982 23
983 21
984 23
985 24
986 23
987 24
988 24
989 23
990 23
991 22
992 22
993 23
994 21
995 22
996 21
997 21
998 22
999 21
1000 19
