0 5
1 3
2 2
3 2
4 2
5 3
6 2
7 2
8 2
9 4
10 3
11 1
12 3
13 3
14 3
15 2
16 1
17 2
18 1
19 2
20 2
21 3
22 3
23 2
24 3
25 2
26 3
27 2
28 2
29 3
30 4
31 3
32 3
33 4
34 4
35 3
36 2
37 2
38 2
39 3
40 2
41 2
42 2
43 3
44 3
45 2
46 1
47 4
48 3
49 3
50 2
51 1
52 0
53 2
54 4
55 2
56 2
57 2
58 3
59 2
60 2
61 2
62 3
63 1
64 3
65 2
66 3
67 2
68 3
69 3
70 3
71 2
72 2
73 4
74 3
75 4
76 3
77 3
78 2
79 1
80 2
81 3
82 2
83 1
84 3
85 3
86 3
87 1
88 2
89 2
90 3
91 2
92 2
93 3
94 2
95 2
96 2
97 4
98 2
99 3
100 1
101 1
102 2
103 3
104 3
105 3
106 2
107 3
108 3
109 3
110 3
111 3
112 3
113 2
114 2
115 3
116 3
117 2
118 3
119 2
120 3
121 2
122 2
123 2
124 2
125 2
126 2
127 3
128 2
129 3
130 3
131 2
132 1
133 2
134 3
135 2
136 3
137 2
138 3
139 4
140 3
141 3
142 2
143 3
144 4
145 3
146 1
147 3
148 3
149 1
150 2
151 1
152 1
153 2
154 2
155 4
156 4
157 3
158 2
159 3
160 3
161 2
162 1
163 3
164 3
165 2
166 3
167 2
168 0
169 2
170 4
171 2
172 3
173 3
174 3
175 3
176 4
177 3
178 2
179 3
180 3
181 2
182 3
183 2
184 2
185 1
186 3
187 1
188 2
189 3
190 2
191 2
192 2
193 2
194 3
195 2
196 3
197 3
198 2
199 3
200 3
201 3
202 3
203 2
204 4
205 2
206 2
207 2
208 5
209 5
210 3
211 4
212 3
213 3
214 4
215 2
216 1
217 3
218 3
219 4
220 3
221 3
222 3
223 3
224 2
225 2
226 3
227 3
228 3
229 3
230 3
231 3
232 3
233 3
234 2
235 3
236 2
237 2
238 2
239 4
240 3
241 2
242 2
243 3
244 3
245 3
246 3
247 3
248 2
249 4
250 1
251 1
252 3
253 3
254 2
255 3
256 2
257 4
258 1
259 1
260 2
261 3
262 4
263 3
264 1
265 3
266 1
267 3
268 4
269 2
270 2
271 2
272 2
273 3
274 2
275 3
276 3
277 3
278 3
279 3
280 1
281 2
282 3
283 2
284 2
285 3
286 1
287 2
288 2
289 3
290 1
291 3
292 3
293 2
294 3
295 2
296 2
297 2
298 2
299 1
300 2
301 2
302 2
303 3
304 1
305 1
306 2
307 3
308 2
309 3
310 3
311 2
312 3
313 3
314 2
315 3
316 2
317 2
318 3
319 1
320 3
321 1
322 1
323 3
324 3
325 4
326 3
327 4
328 4
329 4
330 3
331 2
332 3
333 2
334 2
335 3
336 3
337 1
338 1
339 2
340 4
341 4
342 3
343 2
344 3
345 3
346 1
347 1
348 3
349 3
350 3
351 2
352 3
353 1
354 3
355 3
356 2
357 3
358 2
359 4
360 4
361 3
362 4
363 2
364 3
365 3
366 2
367 3
368 2
369 1
370 3
371 3
372 3
373 3
374 2
375 2
376 3
377 3
378 3
379 2
380 3
381 2
382 2
383 3
384 3
385 3
386 3
387 2
388 3
389 3
390 2
391 2
392 3
393 3
394 2
395 3
396 2
397 2
398 2
399 2
400 1
401 4
402 3
403 1
404 3
405 3
406 4
407 3
408 2
409 1
410 2
411 3
412 3
413 3
414 2
415 3
416 4
417 3
418 3
419 3
420 2
421 2
422 2
423 2
424 3
425 4
426 2
427 3
428 2
429 2
430 2
431 3
432 2
433 3
434 2
435 2
436 4
437 3
438 2
439 2
440 2
441 3
442 2
443 3
444 4
445 4
446 2
447 2
448 4
449 4
450 1
451 2
452 3
453 2
454 3
455 3
456 1
457 3
458 2
459 2
460 4
461 4
462 2
463 2
464 3
465 3
466 1
467 3
468 3
469 2
470 3
471 2
472 3
473 2
474 1
475 3
476 3
477 3
478 2
479 4
480 4
481 3
482 2
483 3
484 2
485 3
486 3
487 2
488 1
489 2
490 2
491 3
492 4
493 2
494 4
495 3
496 3
497 3
498 4
499 2
500 3
501 2
502 2
503 3
504 2
505 3
506 2
507 2
508 4
509 2
510 3
511 3
512 3
513 3
514 3
515 3
516 3
517 5
518 3
519 2
520 1
521 2
522 2
523 3
524 3
525 3
526 3
527 4
528 2
529 2
530 4
531 3
532 2
533 2
534 2
535 1
536 3
537 3
538 3
539 2
540 2
541 2
542 3
543 3
544 4
545 1
546 2
547 2
548 4
549 3
550 3
551 3
552 3
553 3
554 3
555 2
556 3
557 3
558 1
559 3
560 2
561 4
562 3
563 2
564 1
565 3
566 3
567 2
568 2
569 3
570 3
571 3
572 3
573 4
574 4
575 1
576 2
577 3
578 2
579 0
580 2
581 1
582 2
583 3
584 4
585 2
586 2
587 1
588 3
589 2
590 2
591 3
592 3
593 3
594 3
595 4
596 3
597 2
598 1
599 2
600 2
601 1
602 0
603 2
604 3
605 3
606 2
607 3
608 2
609 1
610 2
611 3
612 2
613 3
614 3
615 3
616 3
617 2
618 1
619 1
620 3
621 3
622 3
623 1
624 1
625 3
626 1
627 3
628 2
629 2
630 2
631 1
632 1
633 2
634 3
635 3
636 4
637 3
638 1
639 2
640 3
641 3
642 3
643 2
644 2
645 3
646 3
647 2
648 3
649 2
650 3
651 3
652 3
653 3
654 2
655 3
656 3
657 2
658 3
659 3
660 2
661 2
662 3
663 2
664 4
665 3
666 4
667 3
668 1
669 2
670 2
671 3
672 1
673 3
674 2
675 1
676 2
677 4
678 2
679 2
680 3
681 3
682 2
683 3
684 2
685 3
686 3
687 2
688 4
689 3
690 2
691 3
692 2
693 2
694 1
695 3
696 1
697 2
698 1
699 1
700 3
701 3
702 2
703 3
704 3
705 4
706 3
707 3
708 3
709 2
710 2
711 2
712 2
713 3
714 2
715 2
716 3
717 3
718 3
719 2
720 3
721 2
722 4
723 3
724 4
725 1
726 3
727 3
728 4
729 3
730 2
731 1
732 2
733 2
734 3
735 1
736 2
737 2
738 1
739 3
740 3
741 3
742 2
743 3
744 3
745 1
746 3
747 3
748 3
749 2
750 3
751 2
752 2
753 3
754 4
755 3
756 3
757 3
758 4
759 2
760 3
761 2
762 4
763 2
764 4
765 1
766 3
767 3
768 2
769 3
770 4
771 2
772 3
773 3
774 4
775 3
776 3
777 3
778 2
779 2
780 2
781 3
782 2
783 3
784 3
785 2
786 3
787 3
788 4
789 3
790 2
791 4
792 3
793 3
794 3
795 3
796 2
797 4
798 3
799 3
800 3
801 2
802 2
803 3
804 3
805 3
806 2
807 4
808 3
809 3
810 2
811 2
812 2
813 4
814 3
815 0
816 2
817 2
818 2
819 4
820 2
821 2
822 2
823 3
824 3
825 1
826 3
827 3
828 2
829 3
830 3
831 4
832 3
833 4
834 3
835 3
836 3
837 3
838 3
839 3
840 3
841 4
842 3
843 3
844 2
845 2
846 3
847 1
848 2
849 1
850 3
851 2
852 4
853 3
854 3
855 3
856 3
857 3
858 4
859 4
860 3
861 2
862 3
863 3
864 3
865 3
866 4
867 2
868 3
869 3
870 1
871 3
872 2
873 3
874 1
875 2
876 3
877 2
878 2
879 2
880 2
881 3
882 3
883 2
884 3
885 1
886 2
887 0
888 2
889 4
890 1
891 3
892 2
893 1
894 2
895 4
896 2
897 2
898 3
899 2
900 2
901 2
902 1
903 2
904 1
905 3
906 2
907 3
908 2
909 3
910 4
911 3
912 1
913 2
914 3
915 3
916 2
917 4
918 3
919 4
920 3
921 3
922 3
923 3
924 3
925 4
926 4
927 2
928 2
929 4
930 3
931 3
932 4
933 3
934 2
935 4
936 3
937 2
938 4
939 2
940 3
941 3
942 1
943 2
944 3
945 2
946 3
947 3
948 2
949 4
950 4
951 3
952 3
953 3
954 3
955 3
956 3
957 3
958 2
959 2
960 2
961 3
962 3
963 2
964 4
965 2
966 3
967 2
968 2
969 3
970 3
971 3
972 4
973 3
974 1
975 2
976 1
977 3
978 4
979 3
980 2
981 3
982 2
983 2
984 2
985 2
986 3
987 3
988 2
989 4
990 3
991 2
992 1
993 2
994 2
995 2
996 2
997 2
998 2
999 4
1000 4
