0 20
1 16
2 13
3 10
4 11
5 9
6 11
7 11
8 12
9 12
10 12
11 11
12 9
13 9
14 9
15 9
16 10
17 10
18 11
19 11
20 13
21 14
22 10
23 10
24 10
25 12
26 13
27 12
28 9
29 10
30 11
31 11
32 10
33 10
34 9
35 10
36 10
37 11
38 12
39 11
40 9
41 9
42 10
43 8
44 9
45 9
46 11
47 10
48 9
49 11
50 9
51 8
52 9
53 9
54 9
55 9
56 10
57 10
58 10
59 11
60 12
61 11
62 10
63 10
64 9
65 10
66 9
67 8
68 9
69 10
70 10
71 11
72 11
73 12
74 12
75 12
76 9
77 11
78 11
79 10
80 8
81 9
82 9
83 10
84 11
85 12
86 11
87 11
88 10
89 10
90 10
91 10
92 11
93 11
94 11
95 10
96 11
97 12
98 12
99 10
100 9
101 11
102 11
103 10
104 9
105 10
106 11
107 10
108 9
109 10
110 12
111 12
112 10
113 11
114 12
115 10
116 10
117 13
118 13
119 12
120 12
121 12
122 11
123 11
124 10
125 11
126 10
127 11
128 12
129 13
130 11
131 12
132 11
133 8
134 10
135 10
136 9
137 10
138 11
139 10
140 10
141 9
142 9
143 7
144 7
145 10
146 11
147 11
148 10
149 9
150 8
151 9
152 11
153 10
154 10
155 11
156 11
157 12
158 12
159 9
160 10
161 9
162 12
163 8
164 8
165 9
166 10
167 10
168 8
169 8
170 7
171 9
172 10
173 7
174 9
175 11
176 10
177 10
178 10
179 12
180 12
181 11
182 11
183 11
184 10
185 9
186 9
187 10
188 9
189 10
190 10
191 8
192 10
193 11
194 9
195 10
196 11
197 10
198 11
199 9
200 10
201 10
202 9
203 8
204 10
205 10
206 11
207 13
208 12
209 11
210 12
211 8
212 9
213 10
214 9
215 9
216 10
217 11
218 10
219 11
220 12
221 13
222 12
223 12
224 10
225 11
226 8
227 9
228 11
229 11
230 8
231 11
232 11
233 10
234 11
235 12
236 10
237 10
238 11
239 9
240 10
241 10
242 12
243 12
244 12
245 13
246 13
247 14
248 12
249 10
250 9
251 8
252 9
253 12
254 9
255 10
256 9
257 10
258 12
259 12
260 12
261 11
262 10
263 9
264 8
265 11
266 12
267 12
268 10
269 10
270 11
271 9
272 13
273 11
274 10
275 11
276 9
277 9
278 10
279 11
280 9
281 9
282 10
283 9
284 9
285 8
286 9
287 11
288 10
289 9
290 11
291 8
292 11
293 12
294 13
295 13
296 11
297 10
298 11
299 9
300 10
301 9
302 10
303 10
304 11
305 10
306 11
307 10
308 9
309 8
310 8
311 10
312 10
313 12
314 10
315 10
316 12
317 12
318 12
319 10
320 11
321 11
322 13
323 11
324 10
325 10
326 11
327 10
328 9
329 10
330 11
331 10
332 10
333 10
334 11
335 12
336 14
337 12
338 12
339 10
340 9
341 11
342 11
343 9
344 11
345 12
346 11
347 11
348 11
349 11
350 10
351 11
352 8
353 10
354 10
355 11
356 11
357 12
358 13
359 12
360 11
361 13
362 13
363 8
364 9
365 10
366 10
367 9
368 9
369 10
370 12
371 12
372 10
373 10
374 11
375 10
376 12
377 13
378 11
379 10
380 10
381 10
382 9
383 10
384 10
385 9
386 9
387 9
388 10
389 11
390 9
391 10
392 11
393 10
394 10
395 12
396 12
397 12
398 10
399 10
400 11
401 10
402 10
403 10
404 10
405 11
406 11
407 11
408 9
409 9
410 10
411 11
412 10
413 11
414 12
415 12
416 13
417 13
418 12
419 13
420 12
421 12
422 12
423 12
424 10
425 10
426 10
427 10
428 10
429 10
430 11
431 10
432 11
433 13
434 8
435 9
436 10
437 9
438 11
439 11
440 10
441 10
442 11
443 11
444 12
445 10
446 10
447 9
448 10
449 10
450 10
451 11
452 11
453 11
454 13
455 12
456 11
457 10
458 9
459 7
460 10
461 11
462 11
463 10
464 11
465 11
466 10
467 11
468 12
469 11
470 13
471 9
472 10
473 12
474 13
475 12
476 12
477 12
478 11
479 9
480 10
481 10
482 11
483 12
484 11
485 12
486 10
487 9
488 10
489 9
490 10
491 11
492 12
493 10
494 12
495 12
496 11
497 12
498 12
499 11
500 10
501 10
502 12
503 11
504 12
505 13
506 13
507 12
508 13
509 11
510 11
511 11
512 11
513 11
514 12
515 12
516 12
517 10
518 10
519 9
520 11
521 11
522 12
523 11
524 11
525 11
526 12
527 11
528 11
529 10
530 10
531 11
532 11
533 7
534 8
535 8
536 10
537 10
538 11
539 10
540 10
541 10
542 12
543 14
544 13
545 14
546 11
547 12
548 13
549 12
550 12
551 11
552 12
553 12
554 11
555 10
556 9
557 12
558 12
559 10
560 9
561 11
562 10
563 13
564 11
565 9
566 9
567 9
568 8
569 10
570 11
571 10
572 10
573 10
574 12
575 12
576 12
577 13
578 11
579 12
580 11
581 11
582 10
583 10
584 10
585 8
586 10
587 9
588 9
589 11
590 10
591 11
592 9
593 9
594 10
595 11
596 12
597 13
598 10
599 11
600 9
601 8
602 9
603 8
604 7
605 10
606 9
607 10
608 11
609 10
610 9
611 10
612 10
613 10
614 10
615 10
616 10
617 10
618 10
619 11
620 11
621 11
622 12
623 13
624 12
625 11
626 11
627 10
628 9
629 11
630 11
631 11
632 12
633 11
634 9
635 12
636 10
637 8
638 11
639 10
640 10
641 10
642 7
643 10
644 7
645 8
646 8
647 8
648 7
649 9
650 10
651 11
652 10
653 9
654 8
655 9
656 10
657 11
658 9
659 10
660 8
661 8
662 9
663 11
664 10
665 11
666 11
667 10
668 12
669 12
670 12
671 12
672 11
673 12
674 10
675 11
676 9
677 6
678 8
679 9
680 12
681 13
682 13
683 12
684 13
685 13
686 11
687 12
688 12
689 13
690 12
691 11
692 12
693 13
694 12
695 11
696 10
697 11
698 12
699 13
700 10
701 11
702 8
703 8
704 12
705 11
706 11
707 11
708 11
709 11
710 12
711 12
712 12
713 13
714 13
715 12
716 11
717 9
718 9
719 10
720 10
721 11
722 12
723 9
724 11
725 9
726 10
727 8
728 9
729 10
730 11
731 12
732 11
733 11
734 9
735 9
736 10
737 12
738 12
739 11
740 11
741 11
742 11
743 8
744 11
745 11
746 10
747 11
748 7
749 8
750 9
751 8
752 8
753 9
754 11
755 10
756 7
757 10
758 10
759 12
760 10
761 10
762 10
763 11
764 12
765 11
766 11
767 11
768 10
769 12
770 11
771 10
772 10
773 11
774 10
775 10
776 11
777 11
778 12
779 11
780 11
781 12
782 12
783 12
784 12
785 11
786 11
787 10
788 11
789 10
790 11
791 9
792 10
793 11
794 13
795 12
796 12
797 11
798 9
799 9
800 11
801 11
802 12
803 12
804 12
805 9
806 8
807 9
808 9
809 11
810 11
811 12
812 12
813 13
814 14
815 14
816 14
817 13
818 13
819 12
820 11
821 13
822 11
823 10
824 12
825 11
826 10
827 9
828 9
829 10
830 12
831 12
832 12
833 9
834 9
835 7
836 8
837 10
838 11
839 11
840 10
841 9
842 10
843 11
844 12
845 12
846 10
847 11
848 13
849 10
850 8
851 10
852 10
853 11
854 12
855 10
856 8
857 8
858 10
859 10
860 9
861 9
862 8
863 8
864 9
865 9
866 11
867 9
868 10
869 9
870 9
871 9
872 9
873 9
874 9
875 10
876 12
877 11
878 11
879 11
880 10
881 11
882 11
883 11
884 11
885 11
886 10
887 9
888 11
889 10
890 10
891 10
892 9
893 9
894 9
895 8
896 8
897 7
898 6
899 8
900 10
901 9
902 10
903 9
904 9
905 11
906 10
907 8
908 10
909 9
910 10
911 11
912 12
913 12
914 12
915 13
916 12
917 12
918 11
919 9
920 12
921 8
922 9
923 12
924 11
925 10
926 9
927 11
928 12
929 11
930 10
931 11
932 11
933 12
934 14
935 12
936 11
937 11
938 11
939 11
940 11
941 11
942 12
943 10
944 10
945 10
946 13
947 13
948 13
949 13
950 11
951 10
952 9
953 10
954 12
955 10
956 8
957 6
958 9
959 11
960 11
961 11
962 11
963 12
964 11
965 11
966 8
967 10
968 10
969 11
970 10
971 12
972 12
973 12
974 12
975 11
976 11
977 9
978 7
979 9
980 12
981 11
982 11
983 10
984 12
985 13
986 10
987 12
988 12
989 13
990 12
991 12
992 14
993 12
994 13
995 11
996 8
997 7
998 8
999 9
1000 10
