0 55
1 34
2 39
3 37
4 35
5 39
6 37
7 29
8 36
9 35
10 37
11 33
12 36
13 34
14 39
15 39
16 37
17 39
18 38
19 37
20 36
21 37
22 37
23 38
24 37
25 36
26 34
27 34
28 37
29 37
30 38
31 37
32 37
33 31
34 38
35 38
36 36
37 34
38 35
39 38
40 36
41 38
42 34
43 40
44 36
45 38
46 37
47 34
48 37
49 39
50 33
51 36
52 36
53 36
54 37
55 37
56 37
57 38
58 35
59 32
60 38
61 34
62 39
63 38
64 37
65 37
66 37
67 36
68 38
69 34
70 40
71 37
72 39
73 35
74 38
75 37
76 37
77 37
78 36
79 36
80 38
81 33
82 35
83 32
84 38
85 39
86 37
87 38
88 34
89 36
90 36
91 33
92 35
93 38
94 40
95 40
96 36
97 36
98 40
99 38
100 32
101 36
102 36
103 36
104 34
105 37
106 36
107 36
108 38
109 36
110 35
111 35
112 33
113 33
114 38
115 36
116 34
117 37
118 38
119 40
120 35
121 35
122 35
123 40
124 37
125 32
126 36
127 35
128 34
129 35
130 38
131 34
132 39
133 38
134 31
135 36
136 36
137 39
138 36
139 34
140 38
141 37
142 40
143 34
144 40
145 37
146 37
147 37
148 31
149 36
150 36
151 34
152 40
153 40
154 36
155 33
156 38
157 34
158 35
159 29
160 38
161 33
162 37
163 38
164 34
165 37
166 41
167 37
168 37
169 35
170 40
171 35
172 36
173 39
174 36
175 34
176 35
177 35
178 38
179 35
180 34
181 40
182 33
183 34
184 34
185 38
186 36
187 34
188 35
189 35
190 37
191 40
192 37
193 36
194 41
195 38
196 37
197 38
198 37
199 33
200 35
201 38
202 34
203 34
204 38
205 39
206 39
207 37
208 39
209 38
210 37
211 35
212 34
213 38
214 33
215 36
216 38
217 34
218 38
219 37
220 36
221 39
222 32
223 30
224 38
225 35
226 39
227 38
228 38
229 38
230 34
231 33
232 40
233 38
234 36
235 38
236 38
237 36
238 37
239 38
240 32
241 40
242 38
243 36
244 36
245 36
246 39
247 37
248 35
249 36
250 37
251 36
252 37
253 36
254 36
255 40
256 33
257 37
258 33
259 37
260 37
261 38
262 35
263 36
264 40
265 39
266 35
267 38
268 36
269 36
270 37
271 38
272 37
273 39
274 36
275 33
276 36
277 35
278 37
279 34
280 36
281 34
282 38
283 35
284 35
285 34
286 36
287 36
288 39
289 34
290 38
291 38
292 36
293 39
294 37
295 35
296 38
297 29
298 36
299 33
300 36
301 39
302 40
303 41
304 33
305 36
306 37
307 38
308 40
309 37
310 36
311 41
312 34
313 39
314 33
315 39
316 33
317 40
318 35
319 39
320 34
321 37
322 28
323 35
324 32
325 39
326 38
327 37
328 37
329 39
330 35
331 36
332 37
333 37
334 37
335 35
336 35
337 40
338 35
339 38
340 39
341 35
342 32
343 36
344 37
345 36
346 36
347 39
348 35
349 34
350 35
351 36
352 39
353 32
354 36
355 35
356 38
357 35
358 37
359 32
360 34
361 40
362 36
363 35
364 33
365 37
366 36
367 39
368 39
369 33
370 36
371 41
372 35
373 38
374 35
375 35
376 33
377 35
378 36
379 36
380 39
381 37
382 37
383 38
384 39
385 36
386 37
387 35
388 39
389 36
390 35
391 35
392 37
393 37
394 37
395 38
396 39
397 35
398 37
399 36
400 36
401 33
402 36
403 37
404 35
405 37
406 35
407 38
408 37
409 37
410 37
411 37
412 35
413 37
414 38
415 39
416 39
417 41
418 37
419 36
420 38
421 37
422 37
423 34
424 38
425 35
426 32
427 35
428 39
429 37
430 38
431 39
432 36
433 34
434 39
435 35
436 36
437 37
438 34
439 36
440 37
441 38
442 38
443 34
444 38
445 38
446 37
447 33
448 37
449 40
450 38
451 39
452 34
453 40
454 32
455 36
456 36
457 35
458 37
459 39
460 35
461 36
462 34
463 36
464 38
465 30
466 39
467 35
468 39
469 33
470 35
471 39
472 38
473 38
474 33
475 39
476 40
477 35
478 36
479 35
480 35
481 36
482 36
483 38
484 38
485 38
486 36
487 38
488 39
489 38
490 37
491 36
492 38
493 36
494 37
495 37
496 36
497 37
498 34
499 37
500 35
501 41
502 37
503 40
504 36
505 38
506 39
507 34
508 39
509 35
510 32
511 34
512 37
513 39
514 38
515 33
516 35
517 35
518 35
519 40
520 36
521 37
522 35
523 36
524 35
525 35
526 38
527 37
528 38
529 38
530 38
531 36
532 39
533 35
534 38
535 37
536 40
537 37
538 37
539 40
540 36
541 33
542 36
543 36
544 39
545 37
546 38
547 37
548 36
549 35
550 36
551 37
552 37
553 37
554 37
555 37
556 36
557 34
558 39
559 37
560 36
561 41
562 36
563 39
564 31
565 34
566 38
567 39
568 37
569 38
570 40
571 38
572 41
573 36
574 38
575 35
576 38
577 35
578 34
579 40
580 36
581 37
582 39
583 35
584 39
585 36
586 38
587 38
588 39
589 35
590 36
591 32
592 33
593 37
594 33
595 36
596 37
597 38
598 36
599 34
600 36
601 36
602 36
603 39
604 37
605 37
606 40
607 36
608 35
609 38
610 36
611 36
612 40
613 39
614 34
615 33
616 38
617 38
618 38
619 39
620 40
621 41
622 40
623 35
624 36
625 31
626 38
627 37
628 38
629 33
630 35
631 35
632 36
633 38
634 38
635 38
636 38
637 37
638 36
639 39
640 39
641 37
642 39
643 35
644 36
645 38
646 37
647 40
648 35
649 38
650 37
651 37
652 33
653 39
654 35
655 40
656 36
657 39
658 39
659 38
660 42
661 34
662 39
663 36
664 38
665 35
666 33
667 37
668 37
669 38
670 35
671 38
672 36
673 39
674 39
675 33
676 37
677 37
678 36
679 38
680 36
681 33
682 36
683 36
684 38
685 39
686 39
687 38
688 37
689 35
690 35
691 37
692 33
693 39
694 38
695 36
696 38
697 37
698 36
699 36
700 36
701 37
702 35
703 38
704 36
705 39
706 36
707 36
708 37
709 38
710 37
711 34
712 38
713 31
714 37
715 40
716 32
717 36
718 37
719 39
720 38
721 37
722 39
723 36
724 33
725 37
726 38
727 33
728 39
729 33
730 41
731 36
732 34
733 35
734 35
735 41
736 36
737 37
738 34
739 40
740 36
741 37
742 39
743 37
744 38
745 35
746 39
747 35
748 39
749 36
750 38
751 35
752 37
753 37
754 34
755 33
756 37
757 36
758 36
759 39
760 37
761 37
762 34
763 37
764 38
765 37
766 36
767 34
768 39
769 33
770 37
771 38
772 35
773 38
774 35
775 36
776 37
777 35
778 36
779 38
780 32
781 38
782 35
783 37
784 36
785 37
786 36
787 40
788 36
789 36
790 39
791 37
792 35
793 36
794 40
795 36
796 33
797 35
798 32
799 39
800 41
801 38
802 37
803 33
804 38
805 39
806 39
807 36
808 32
809 40
810 38
811 37
812 34
813 40
814 39
815 36
816 37
817 38
818 35
819 35
820 40
821 38
822 37
823 40
824 37
825 37
826 34
827 35
828 40
829 35
830 40
831 37
832 35
833 34
834 33
835 38
836 39
837 32
838 36
839 36
840 38
841 36
842 36
843 37
844 33
845 37
846 35
847 38
848 32
849 36
850 37
851 38
852 36
853 38
854 38
855 33
856 36
857 35
858 40
859 40
860 38
861 36
862 33
863 34
864 36
865 36
866 37
867 39
868 38
869 37
870 38
871 39
872 39
873 34
874 40
875 34
876 37
877 38
878 35
879 37
880 37
881 36
882 38
883 39
884 38
885 38
886 37
887 39
888 36
889 33
890 35
891 35
892 33
893 37
894 39
895 39
896 36
897 37
898 38
899 34
900 37
901 39
902 30
903 36
904 34
905 37
906 41
907 34
908 37
909 40
910 34
911 34
912 37
913 38
914 35
915 36
916 36
917 37
918 32
919 35
920 38
921 38
922 36
923 31
924 36
925 37
926 31
927 36
928 39
929 36
930 39
931 30
932 36
933 34
934 38
935 37
936 36
937 31
938 31
939 37
940 36
941 37
942 37
943 37
944 36
945 33
946 38
947 38
948 37
949 35
950 40
951 34
952 34
953 35
954 31
955 38
956 39
957 39
958 37
959 36
960 39
961 37
962 39
963 37
964 38
965 37
966 38
967 38
968 39
969 38
970 38
971 38
972 33
973 34
974 38
975 37
976 37
977 37
978 39
979 38
980 40
981 35
982 34
983 36
984 38
985 38
986 35
987 38
988 35
989 38
990 39
991 36
992 34
993 31
994 39
995 34
996 39
997 35
998 37
999 40
1000 36
