0 50
1 32
2 32
3 32
4 29
5 32
6 32
7 31
8 29
9 28
10 31
11 33
12 32
13 32
14 32
15 32
16 32
17 32
18 31
19 33
20 33
21 31
22 30
23 33
24 34
25 32
26 27
27 31
28 31
29 34
30 34
31 36
32 33
33 27
34 34
35 34
36 34
37 35
38 32
39 33
40 35
41 35
42 36
43 29
44 32
45 30
46 29
47 35
48 36
49 36
50 33
51 34
52 35
53 33
54 32
55 30
56 29
57 32
58 32
59 33
60 33
61 31
62 34
63 33
64 33
65 30
66 30
67 34
68 31
69 32
70 33
71 34
72 29
73 30
74 34
75 34
76 37
77 31
78 29
79 32
80 31
81 32
82 34
83 34
84 33
85 30
86 33
87 36
88 35
89 36
90 36
91 35
92 34
93 33
94 31
95 28
96 35
97 33
98 33
99 30
100 32
101 32
102 34
103 30
104 28
105 35
106 35
107 31
108 34
109 29
110 30
111 29
112 33
113 33
114 30
115 32
116 31
117 29
118 34
119 33
120 35
121 28
122 32
123 30
124 28
125 33
126 33
127 30
128 32
129 33
130 33
131 33
132 33
133 34
134 33
135 35
136 35
137 32
138 31
139 36
140 35
141 33
142 32
143 32
144 32
145 32
146 32
147 35
148 37
149 33
150 32
151 31
152 32
153 34
154 32
155 33
156 30
157 31
158 31
159 31
160 34
161 33
162 35
163 28
164 31
165 34
166 35
167 29
168 27
169 27
170 29
171 35
172 34
173 27
174 25
175 29
176 27
177 30
178 32
179 31
180 33
181 36
182 31
183 31
184 34
185 33
186 32
187 33
188 32
189 34
190 34
191 29
192 32
193 32
194 32
195 34
196 36
197 37
198 34
199 29
200 31
201 32
202 34
203 32
204 29
205 29
206 33
207 28
208 33
209 29
210 31
211 33
212 34
213 32
214 34
215 34
216 35
217 34
218 35
219 32
220 33
221 31
222 32
223 30
224 32
225 34
226 31
227 32
228 33
229 35
230 32
231 33
232 31
233 31
234 33
235 32
236 33
237 32
238 31
239 31
240 31
241 31
242 32
243 30
244 29
245 31
246 32
247 33
248 36
249 31
250 33
251 32
252 33
253 32
254 32
255 34
256 35
257 34
258 35
259 28
260 34
261 34
262 33
263 34
264 33
265 35
266 33
267 34
268 30
269 33
270 32
271 36
272 34
273 37
274 33
275 32
276 33
277 34
278 32
279 28
280 33
281 32
282 30
283 30
284 31
285 34
286 34
287 32
288 29
289 31
290 35
291 35
292 34
293 36
294 36
295 34
296 33
297 32
298 34
299 34
300 30
301 31
302 31
303 29
304 31
305 30
306 26
307 34
308 31
309 32
310 34
311 32
312 34
313 33
314 29
315 30
316 34
317 35
318 31
319 33
320 32
321 31
322 35
323 35
324 29
325 32
326 34
327 31
328 33
329 33
330 33
331 30
332 34
333 30
334 25
335 28
336 32
337 30
338 32
339 29
340 29
341 32
342 35
343 32
344 35
345 31
346 32
347 32
348 32
349 33
350 36
351 31
352 33
353 33
354 34
355 35
356 32
357 36
358 35
359 35
360 34
361 32
362 31
363 31
364 34
365 32
366 33
367 33
368 35
369 32
370 28
371 30
372 32
373 32
374 33
375 26
376 30
377 32
378 32
379 34
380 31
381 28
382 30
383 30
384 29
385 32
386 30
387 31
388 31
389 32
390 34
391 32
392 32
393 34
394 31
395 32
396 33
397 33
398 35
399 33
400 36
401 35
402 35
403 35
404 35
405 34
406 37
407 33
408 31
409 31
410 29
411 34
412 31
413 33
414 35
415 32
416 33
417 36
418 34
419 32
420 35
421 32
422 31
423 27
424 32
425 34
426 34
427 33
428 31
429 33
430 34
431 28
432 31
433 31
434 33
435 32
436 30
437 32
438 34
439 35
440 31
441 27
442 32
443 33
444 34
445 34
446 32
447 31
448 33
449 32
450 31
451 31
452 34
453 32
454 33
455 34
456 30
457 33
458 32
459 33
460 33
461 28
462 32
463 34
464 33
465 34
466 30
467 32
468 32
469 30
470 33
471 33
472 33
473 35
474 33
475 34
476 31
477 32
478 32
479 34
480 35
481 34
482 33
483 34
484 31
485 34
486 33
487 35
488 34
489 33
490 32
491 29
492 31
493 34
494 33
495 32
496 32
497 37
498 35
499 36
500 34
501 32
502 35
503 37
504 35
505 36
506 36
507 33
508 31
509 33
510 34
511 35
512 31
513 33
514 33
515 32
516 32
517 33
518 34
519 37
520 36
521 35
522 30
523 34
524 35
525 33
526 31
527 28
528 30
529 33
530 34
531 36
532 33
533 35
534 32
535 35
536 36
537 33
538 31
539 29
540 32
541 34
542 30
543 32
544 37
545 35
546 36
547 32
548 30
549 32
550 32
551 33
552 32
553 36
554 32
555 32
556 33
557 31
558 33
559 35
560 33
561 35
562 33
563 32
564 29
565 32
566 33
567 31
568 29
569 31
570 32
571 35
572 31
573 30
574 31
575 34
576 29
577 29
578 30
579 33
580 32
581 31
582 33
583 30
584 34
585 34
586 29
587 34
588 34
589 31
590 35
591 30
592 32
593 33
594 32
595 32
596 32
597 31
598 36
599 36
600 34
601 35
602 33
603 32
604 33
605 32
606 34
607 34
608 30
609 30
610 35
611 36
612 34
613 33
614 34
615 31
616 34
617 33
618 32
619 30
620 30
621 34
622 31
623 33
624 32
625 32
626 29
627 30
628 31
629 31
630 35
631 34
632 31
633 29
634 32
635 31
636 30
637 30
638 28
639 30
640 32
641 32
642 33
643 33
644 33
645 33
646 33
647 31
648 30
649 33
650 34
651 31
652 33
653 31
654 28
655 36
656 35
657 34
658 30
659 34
660 31
661 28
662 31
663 28
664 34
665 31
666 29
667 31
668 30
669 35
670 28
671 30
672 33
673 28
674 32
675 30
676 33
677 33
678 29
679 32
680 30
681 31
682 34
683 31
684 32
685 32
686 32
687 31
688 34
689 31
690 32
691 32
692 33
693 33
694 34
695 33
696 32
697 33
698 33
699 34
700 34
701 33
702 33
703 32
704 31
705 35
706 30
707 31
708 31
709 32
710 34
711 32
712 35
713 33
714 31
715 33
716 33
717 32
718 32
719 30
720 30
721 34
722 35
723 31
724 35
725 35
726 34
727 32
728 29
729 32
730 35
731 30
732 29
733 30
734 31
735 28
736 31
737 31
738 31
739 34
740 31
741 36
742 30
743 33
744 31
745 33
746 34
747 34
748 32
749 37
750 34
751 34
752 32
753 34
754 32
755 32
756 36
757 33
758 32
759 34
760 34
761 31
762 33
763 30
764 33
765 32
766 36
767 32
768 31
769 30
770 33
771 32
772 32
773 34
774 34
775 34
776 32
777 31
778 31
779 35
780 35
781 33
782 30
783 30
784 33
785 30
786 35
787 33
788 31
789 30
790 32
791 31
792 34
793 34
794 30
795 30
796 34
797 34
798 34
799 34
800 31
801 28
802 31
803 34
804 37
805 33
806 32
807 31
808 33
809 33
810 33
811 35
812 34
813 29
814 34
815 32
816 32
817 33
818 35
819 33
820 28
821 33
822 36
823 30
824 30
825 32
826 31
827 32
828 29
829 34
830 34
831 34
832 35
833 33
834 31
835 30
836 28
837 35
838 34
839 33
840 30
841 32
842 35
843 34
844 35
845 33
846 33
847 33
848 34
849 36
850 32
851 30
852 33
853 28
854 30
855 33
856 35
857 36
858 31
859 33
860 33
861 33
862 33
863 33
864 34
865 31
866 32
867 34
868 32
869 32
870 29
871 34
872 33
873 32
874 33
875 32
876 35
877 32
878 34
879 34
880 36
881 31
882 34
883 32
884 36
885 29
886 33
887 30
888 30
889 32
890 30
891 32
892 31
893 30
894 29
895 31
896 30
897 33
898 31
899 34
900 34
901 34
902 33
903 32
904 37
905 29
906 33
907 33
908 34
909 33
910 32
911 31
912 32
913 31
914 30
915 31
916 35
917 34
918 33
919 33
920 33
921 33
922 36
923 34
924 31
925 33
926 31
927 30
928 35
929 33
930 34
931 32
932 34
933 33
934 31
935 35
936 32
937 25
938 31
939 31
940 30
941 32
942 35
943 33
944 34
945 31
946 33
947 34
948 30
949 34
950 30
951 34
952 33
953 34
954 31
955 29
956 34
957 34
958 34
959 33
960 33
961 34
962 27
963 27
964 31
965 32
966 31
967 35
968 33
969 34
970 33
971 33
972 35
973 34
974 35
975 35
976 36
977 33
978 28
979 26
980 29
981 33
982 34
983 35
984 32
985 30
986 31
987 35
988 33
989 32
990 31
991 31
992 34
993 33
994 36
995 32
996 33
997 29
998 31
999 29
1000 32
