0 15
1 12
2 11
3 10
4 9
5 8
6 7
7 7
8 6
9 5
10 5
11 4
12 5
13 4
14 4
15 4
16 4
17 4
18 4
19 3
20 3
21 3
22 3
23 3
24 3
25 3
26 3
27 4
28 4
29 4
30 4
31 4
32 4
33 3
34 2
35 2
36 2
37 2
38 2
39 2
40 4
41 4
42 3
43 3
44 3
45 3
46 3
47 3
48 4
49 4
50 3
51 2
52 2
53 2
54 2
55 2
56 3
57 2
58 3
59 3
60 3
61 3
62 3
63 3
64 3
65 3
66 3
67 2
68 2
69 3
70 4
71 3
72 4
73 5
74 5
75 4
76 4
77 4
78 5
79 5
80 5
81 5
82 5
83 5
84 5
85 4
86 4
87 4
88 4
89 4
90 4
91 5
92 5
93 5
94 5
95 5
96 5
97 5
98 6
99 6
100 6
101 6
102 5
103 6
104 5
105 4
106 4
107 4
108 4
109 4
110 4
111 4
112 5
113 4
114 4
115 4
116 4
117 4
118 5
119 3
120 4
121 4
122 4
123 4
124 4
125 4
126 4
127 4
128 4
129 4
130 5
131 5
132 5
133 4
134 3
135 3
136 2
137 3
138 3
139 3
140 4
141 5
142 4
143 4
144 2
145 2
146 3
147 4
148 3
149 3
150 2
151 3
152 1
153 1
154 2
155 2
156 3
157 3
158 3
159 3
160 4
161 3
162 3
163 3
164 4
165 4
166 5
167 5
168 4
169 4
170 3
171 3
172 3
173 3
174 3
175 3
176 3
177 4
178 4
179 5
180 5
181 5
182 4
183 4
184 4
185 4
186 4
187 4
188 3
189 4
190 4
191 4
192 4
193 3
194 4
195 4
196 4
197 3
198 3
199 4
200 4
201 4
202 4
203 4
204 3
205 3
206 3
207 4
208 4
209 4
210 5
211 5
212 4
213 4
214 4
215 4
216 4
217 4
218 4
219 3
220 4
221 4
222 4
223 4
224 4
225 4
226 4
227 4
228 3
229 4
230 5
231 4
232 3
233 2
234 2
235 2
236 2
237 3
238 2
239 2
240 2
241 3
242 2
243 3
244 4
245 4
246 5
247 5
248 5
249 5
250 4
251 4
252 4
253 3
254 4
255 3
256 3
257 3
258 3
259 3
260 3
261 2
262 3
263 3
264 3
265 3
266 3
267 3
268 3
269 3
270 2
271 2
272 2
273 2
274 2
275 2
276 2
277 2
278 1
279 1
280 1
281 1
282 1
283 1
284 1
285 1
286 1
287 1
288 1
289 2
290 2
291 2
292 2
293 2
294 3
295 2
296 2
297 2
298 3
299 4
300 3
301 3
302 3
303 3
304 3
305 3
306 3
307 3
308 3
309 2
310 3
311 3
312 3
313 3
314 4
315 4
316 4
317 3
318 2
319 3
320 3
321 4
322 4
323 4
324 3
325 3
326 3
327 3
328 3
329 3
330 3
331 3
332 3
333 4
334 4
335 4
336 4
337 4
338 4
339 4
340 4
341 4
342 4
343 4
344 4
345 5
346 4
347 4
348 4
349 4
350 5
351 2
352 2
353 2
354 2
355 2
356 1
357 1
358 1
359 1
360 1
361 1
362 2
363 1
364 2
365 2
366 3
367 3
368 4
369 3
370 2
371 2
372 3
373 3
374 4
375 4
376 4
377 4
378 4
379 4
380 4
381 4
382 4
383 3
384 2
385 2
386 1
387 2
388 2
389 3
390 3
391 3
392 3
393 3
394 3
395 2
396 2
397 2
398 3
399 4
400 5
401 4
402 4
403 3
404 3
405 3
406 3
407 3
408 4
409 4
410 4
411 3
412 2
413 2
414 2
415 2
416 1
417 1
418 1
419 1
420 1
421 1
422 1
423 1
424 2
425 2
426 1
427 1
428 1
429 1
430 2
431 3
432 3
433 4
434 4
435 4
436 4
437 4
438 4
439 4
440 4
441 4
442 4
443 3
444 1
445 1
446 0
447 1
448 1
449 2
450 2
451 2
452 2
453 2
454 2
455 2
456 2
457 2
458 2
459 2
460 3
461 2
462 3
463 3
464 3
465 3
466 3
467 3
468 3
469 4
470 4
471 4
472 3
473 3
474 2
475 1
476 1
477 1
478 2
479 3
480 3
481 4
482 5
483 4
484 4
485 3
486 3
487 3
488 4
489 4
490 3
491 3
492 3
493 4
494 4
495 4
496 4
497 4
498 4
499 4
500 5
501 6
502 4
503 3
504 3
505 3
506 3
507 3
508 3
509 3
510 3
511 2
512 3
513 4
514 4
515 4
516 4
517 4
518 4
519 4
520 5
521 3
522 3
523 3
524 3
525 2
526 2
527 2
528 2
529 3
530 3
531 3
532 3
533 2
534 2
535 2
536 2
537 1
538 2
539 2
540 1
541 2
542 3
543 3
544 4
545 4
546 4
547 3
548 3
549 3
550 3
551 3
552 4
553 4
554 4
555 4
556 4
557 4
558 4
559 3
560 4
561 3
562 3
563 3
564 3
565 3
566 4
567 4
568 3
569 3
570 2
571 1
572 0
573 1
574 1
575 1
576 1
577 2
578 2
579 2
580 2
581 2
582 2
583 3
584 3
585 3
586 3
587 2
588 2
589 3
590 3
591 3
592 3
593 4
594 5
595 4
596 4
597 3
598 2
599 2
600 2
601 2
602 2
603 3
604 3
605 4
606 4
607 4
608 4
609 4
610 4
611 3
612 3
613 3
614 4
615 4
616 4
617 4
618 4
619 3
620 3
621 3
622 4
623 4
624 4
625 5
626 4
627 4
628 4
629 5
630 4
631 3
632 3
633 3
634 2
635 3
636 3
637 4
638 3
639 3
640 3
641 3
642 3
643 3
644 3
645 3
646 2
647 2
648 2
649 2
650 2
651 2
652 3
653 4
654 3
655 3
656 3
657 3
658 4
659 4
660 4
661 4
662 3
663 3
664 3
665 3
666 2
667 3
668 3
669 3
670 4
671 4
672 4
673 4
674 4
675 4
676 4
677 3
678 4
679 4
680 4
681 5
682 5
683 4
684 5
685 5
686 5
687 5
688 5
689 5
690 6
691 6
692 6
693 6
694 5
695 5
696 6
697 5
698 5
699 5
700 5
701 4
702 4
703 4
704 4
705 4
706 4
707 4
708 4
709 4
710 4
711 4
712 4
713 4
714 5
715 4
716 5
717 5
718 5
719 4
720 4
721 4
722 5
723 5
724 5
725 5
726 4
727 4
728 4
729 3
730 4
731 4
732 4
733 4
734 3
735 2
736 1
737 1
738 1
739 1
740 1
741 1
742 2
743 3
744 3
745 3
746 3
747 3
748 2
749 2
750 2
751 2
752 1
753 1
754 2
755 2
756 3
757 3
758 4
759 3
760 2
761 3
762 3
763 3
764 3
765 3
766 3
767 3
768 3
769 3
770 3
771 3
772 3
773 3
774 3
775 3
776 3
777 4
778 3
779 3
780 3
781 3
782 3
783 3
784 3
785 3
786 3
787 3
788 3
789 2
790 2
791 2
792 2
793 2
794 2
795 2
796 1
797 1
798 1
799 2
800 2
801 2
802 2
803 3
804 3
805 4
806 4
807 4
808 3
809 3
810 3
811 4
812 4
813 4
814 2
815 2
816 2
817 1
818 1
819 2
820 2
821 2
822 2
823 2
824 2
825 2
826 2
827 3
828 3
829 3
830 3
831 2
832 2
833 3
834 2
835 2
836 2
837 2
838 2
839 2
840 2
841 2
842 2
843 3
844 3
845 3
846 3
847 3
848 2
849 3
850 4
851 3
852 3
853 4
854 3
855 3
856 3
857 2
858 1
859 1
860 1
861 1
862 1
863 2
864 2
865 2
866 2
867 2
868 2
869 2
870 3
871 3
872 3
873 3
874 4
875 3
876 3
877 3
878 3
879 4
880 4
881 3
882 3
883 3
884 2
885 3
886 3
887 3
888 3
889 3
890 3
891 3
892 3
893 3
894 2
895 2
896 2
897 2
898 2
899 2
900 3
901 3
902 3
903 3
904 4
905 3
906 3
907 1
908 1
909 3
910 2
911 2
912 3
913 2
914 1
915 1
916 2
917 2
918 2
919 2
920 2
921 2
922 3
923 4
924 3
925 5
926 5
927 4
928 4
929 4
930 5
931 5
932 4
933 4
934 4
935 5
936 4
937 5
938 5
939 4
940 5
941 3
942 3
943 3
944 4
945 5
946 4
947 4
948 4
949 4
950 4
951 4
952 3
953 3
954 3
955 3
956 3
957 3
958 4
959 3
960 4
961 4
962 5
963 5
964 5
965 5
966 5
967 5
968 4
969 4
970 3
971 3
972 3
973 3
974 4
975 3
976 3
977 3
978 3
979 3
980 3
981 4
982 4
983 4
984 5
985 5
986 5
987 4
988 4
989 3
990 3
991 2
992 2
993 2
994 3
995 3
996 2
997 3
998 2
999 2
1000 2
