0 60
1 42
2 39
3 48
4 41
5 41
6 46
7 39
8 44
9 37
10 45
11 42
12 41
13 41
14 46
15 42
16 40
17 46
18 42
19 45
20 52
21 41
22 41
23 47
24 41
25 43
26 43
27 41
28 42
29 42
30 47
31 47
32 42
33 47
34 43
35 43
36 44
37 42
38 38
39 38
40 46
41 43
42 45
43 39
44 42
45 45
46 39
47 39
48 49
49 46
50 45
51 40
52 40
53 45
54 38
55 41
56 43
57 43
58 44
59 43
60 41
61 44
62 46
63 47
64 44
65 45
66 42
67 40
68 37
69 42
70 44
71 40
72 42
73 37
74 40
75 39
76 44
77 44
78 44
79 45
80 39
81 43
82 39
83 44
84 45
85 39
86 41
87 44
88 48
89 44
90 44
91 42
92 44
93 44
94 43
95 40
96 46
97 45
98 46
99 46
100 41
101 45
102 47
103 43
104 43
105 46
106 45
107 45
108 44
109 42
110 49
111 48
112 48
113 43
114 44
115 47
116 45
117 38
118 41
119 47
120 47
121 39
122 40
123 38
124 42
125 41
126 44
127 46
128 47
129 44
130 45
131 40
132 43
133 36
134 36
135 43
136 40
137 39
138 38
139 40
140 45
141 43
142 43
143 45
144 41
145 43
146 44
147 42
148 42
149 41
150 45
151 45
152 49
153 41
154 39
155 47
156 40
157 44
158 46
159 47
160 42
161 42
162 43
163 45
164 44
165 43
166 41
167 42
168 41
169 42
170 42
171 44
172 44
173 43
174 42
175 44
176 48
177 44
178 40
179 43
180 38
181 45
182 44
183 41
184 44
185 44
186 44
187 45
188 42
189 40
190 44
191 44
192 38
193 42
194 41
195 42
196 45
197 45
198 44
199 41
200 44
201 46
202 48
203 43
204 39
205 46
206 46
207 43
208 43
209 43
210 44
211 45
212 44
213 44
214 37
215 37
216 43
217 43
218 44
219 42
220 38
221 43
222 43
223 46
224 39
225 39
226 40
227 42
228 45
229 44
230 43
231 42
232 43
233 42
234 41
235 46
236 43
237 44
238 44
239 45
240 43
241 38
242 41
243 39
244 44
245 35
246 42
247 41
248 37
249 41
250 38
251 37
252 47
253 43
254 40
255 37
256 44
257 46
258 42
259 44
260 46
261 46
262 46
263 47
264 43
265 47
266 42
267 43
268 37
269 40
270 42
271 40
272 38
273 43
274 40
275 44
276 44
277 34
278 40
279 43
280 48
281 38
282 44
283 34
284 46
285 42
286 41
287 41
288 44
289 45
290 43
291 44
292 42
293 41
294 39
295 42
296 40
297 38
298 38
299 39
300 42
301 45
302 44
303 41
304 42
305 38
306 40
307 43
308 42
309 45
310 47
311 41
312 42
313 40
314 39
315 43
316 39
317 47
318 35
319 41
320 47
321 43
322 42
323 39
324 46
325 41
326 40
327 44
328 45
329 41
330 40
331 40
332 44
333 45
334 48
335 41
336 44
337 46
338 44
339 37
340 48
341 44
342 39
343 45
344 41
345 45
346 40
347 43
348 38
349 40
350 44
351 46
352 45
353 44
354 49
355 47
356 42
357 42
358 47
359 40
360 39
361 40
362 44
363 48
364 46
365 46
366 50
367 45
368 46
369 44
370 47
371 48
372 47
373 44
374 44
375 46
376 45
377 40
378 38
379 40
380 44
381 45
382 44
383 41
384 44
385 43
386 39
387 43
388 41
389 38
390 39
391 42
392 42
393 46
394 47
395 45
396 43
397 45
398 38
399 42
400 46
401 42
402 42
403 44
404 43
405 44
406 43
407 46
408 47
409 45
410 44
411 42
412 44
413 45
414 38
415 45
416 41
417 43
418 41
419 47
420 40
421 45
422 41
423 42
424 45
425 46
426 40
427 41
428 42
429 40
430 45
431 42
432 41
433 42
434 43
435 40
436 41
437 47
438 46
439 43
440 45
441 47
442 44
443 41
444 42
445 38
446 43
447 38
448 44
449 44
450 41
451 45
452 38
453 43
454 42
455 47
456 37
457 44
458 39
459 40
460 36
461 41
462 44
463 42
464 41
465 48
466 41
467 40
468 36
469 41
470 44
471 42
472 40
473 41
474 46
475 46
476 46
477 46
478 37
479 37
480 45
481 47
482 42
483 39
484 49
485 46
486 44
487 42
488 41
489 45
490 42
491 48
492 45
493 44
494 40
495 39
496 44
497 40
498 42
499 41
500 42
501 49
502 45
503 44
504 42
505 48
506 44
507 50
508 49
509 48
510 43
511 44
512 42
513 48
514 42
515 46
516 43
517 45
518 43
519 44
520 45
521 43
522 46
523 41
524 38
525 41
526 42
527 45
528 46
529 42
530 42
531 43
532 40
533 42
534 44
535 42
536 43
537 46
538 45
539 44
540 49
541 45
542 42
543 40
544 46
545 42
546 44
547 45
548 46
549 40
550 47
551 41
552 38
553 37
554 42
555 42
556 43
557 42
558 38
559 47
560 42
561 41
562 44
563 38
564 44
565 45
566 44
567 44
568 43
569 45
570 41
571 41
572 41
573 46
574 50
575 43
576 44
577 40
578 44
579 43
580 42
581 45
582 42
583 43
584 42
585 44
586 47
587 42
588 44
589 40
590 42
591 36
592 39
593 47
594 46
595 47
596 41
597 40
598 46
599 50
600 43
601 42
602 41
603 46
604 42
605 46
606 46
607 49
608 44
609 45
610 43
611 42
612 45
613 45
614 41
615 44
616 47
617 44
618 47
619 40
620 41
621 46
622 37
623 46
624 37
625 43
626 41
627 45
628 42
629 35
630 40
631 45
632 43
633 43
634 40
635 46
636 43
637 41
638 42
639 44
640 43
641 44
642 44
643 43
644 44
645 37
646 43
647 42
648 42
649 44
650 43
651 41
652 38
653 40
654 42
655 40
656 46
657 46
658 39
659 46
660 45
661 41
662 46
663 44
664 44
665 42
666 44
667 40
668 38
669 43
670 44
671 44
672 45
673 46
674 44
675 45
676 47
677 41
678 46
679 47
680 43
681 44
682 43
683 46
684 41
685 42
686 48
687 47
688 43
689 42
690 45
691 42
692 38
693 42
694 45
695 43
696 49
697 37
698 36
699 44
700 40
701 43
702 45
703 40
704 44
705 44
706 44
707 40
708 42
709 42
710 42
711 35
712 42
713 45
714 46
715 50
716 45
717 42
718 43
719 39
720 42
721 40
722 43
723 43
724 40
725 41
726 40
727 41
728 46
729 45
730 42
731 43
732 45
733 43
734 42
735 46
736 43
737 42
738 40
739 43
740 48
741 47
742 41
743 49
744 39
745 39
746 41
747 46
748 43
749 45
750 44
751 46
752 42
753 44
754 45
755 43
756 42
757 40
758 38
759 43
760 44
761 43
762 40
763 44
764 49
765 49
766 46
767 49
768 46
769 46
770 38
771 40
772 42
773 43
774 41
775 48
776 44
777 46
778 42
779 40
780 45
781 45
782 47
783 44
784 42
785 43
786 39
787 46
788 42
789 46
790 45
791 45
792 39
793 43
794 43
795 43
796 41
797 44
798 44
799 47
800 45
801 43
802 45
803 44
804 41
805 40
806 47
807 44
808 44
809 46
810 47
811 46
812 44
813 47
814 44
815 41
816 40
817 37
818 44
819 47
820 44
821 42
822 40
823 41
824 43
825 51
826 46
827 42
828 47
829 42
830 43
831 41
832 43
833 39
834 37
835 41
836 43
837 43
838 41
839 44
840 38
841 47
842 44
843 42
844 40
845 43
846 39
847 42
848 42
849 45
850 45
851 44
852 45
853 39
854 45
855 46
856 48
857 39
858 41
859 44
860 40
861 45
862 52
863 40
864 38
865 39
866 44
867 43
868 41
869 46
870 42
871 41
872 43
873 46
874 47
875 39
876 42
877 45
878 47
879 42
880 37
881 44
882 42
883 43
884 39
885 41
886 45
887 44
888 44
889 45
890 41
891 46
892 45
893 46
894 47
895 46
896 44
897 43
898 43
899 45
900 48
901 43
902 44
903 44
904 40
905 43
906 41
907 39
908 39
909 42
910 46
911 42
912 46
913 42
914 36
915 38
916 39
917 36
918 42
919 37
920 44
921 42
922 41
923 42
924 44
925 46
926 41
927 49
928 46
929 39
930 43
931 47
932 47
933 42
934 45
935 44
936 42
937 37
938 44
939 43
940 45
941 40
942 43
943 48
944 40
945 38
946 44
947 42
948 46
949 43
950 44
951 36
952 36
953 42
954 38
955 43
956 44
957 46
958 46
959 46
960 43
961 39
962 39
963 42
964 41
965 44
966 45
967 45
968 42
969 42
970 46
971 42
972 45
973 40
974 41
975 46
976 42
977 45
978 48
979 44
980 44
981 42
982 44
983 43
984 43
985 39
986 45
987 42
988 46
989 43
990 43
991 47
992 41
993 45
994 45
995 46
996 43
997 43
998 42
999 44
1000 42
