0 80
1 59
2 57
3 53
4 55
5 54
6 52
7 54
8 55
9 57
10 55
11 55
12 59
13 51
14 58
15 57
16 55
17 55
18 50
19 60
20 53
21 55
22 55
23 51
24 54
25 54
26 56
27 56
28 51
29 58
30 56
31 53
32 54
33 55
34 55
35 53
36 54
37 59
38 51
39 55
40 54
41 56
42 58
43 60
44 55
45 56
46 58
47 51
48 54
49 54
50 57
51 56
52 57
53 55
54 58
55 55
56 56
57 59
58 52
59 59
60 56
61 55
62 55
63 55
64 55
65 54
66 56
67 55
68 62
69 51
70 54
71 57
72 57
73 61
74 54
75 55
76 50
77 52
78 52
79 56
80 55
81 53
82 59
83 55
84 57
85 57
86 55
87 54
88 53
89 57
90 57
91 54
92 49
93 58
94 58
95 53
96 51
97 53
98 52
99 59
100 60
101 55
102 52
103 56
104 51
105 47
106 54
107 59
108 52
109 54
110 53
111 58
112 56
113 54
114 57
115 54
116 55
117 53
118 58
119 54
120 58
121 54
122 56
123 55
124 54
125 57
126 51
127 57
128 53
129 52
130 57
131 60
132 57
133 56
134 57
135 54
136 52
137 59
138 58
139 54
140 55
141 56
142 54
143 56
144 55
145 55
146 54
147 55
148 57
149 60
150 50
151 54
152 50
153 57
154 56
155 54
156 53
157 53
158 54
159 50
160 56
161 55
162 55
163 53
164 51
165 55
166 50
167 51
168 56
169 57
170 58
171 53
172 53
173 53
174 57
175 59
176 59
177 56
178 56
179 56
180 58
181 57
182 57
183 57
184 54
185 48
186 52
187 60
188 58
189 57
190 52
191 55
192 54
193 56
194 54
195 56
196 54
197 54
198 53
199 54
200 56
201 58
202 57
203 57
204 49
205 51
206 58
207 57
208 56
209 54
210 56
211 55
212 55
213 60
214 58
215 57
216 54
217 58
218 53
219 59
220 55
221 54
222 54
223 50
224 54
225 53
226 56
227 54
228 52
229 58
230 54
231 57
232 50
233 59
234 54
235 58
236 62
237 55
238 59
239 58
240 54
241 56
242 58
243 56
244 52
245 53
246 52
247 60
248 50
249 54
250 55
251 53
252 53
253 51
254 55
255 60
256 57
257 53
258 57
259 54
260 61
261 57
262 58
263 56
264 55
265 56
266 53
267 62
268 55
269 58
270 54
271 53
272 56
273 53
274 53
275 57
276 52
277 55
278 51
279 56
280 57
281 50
282 54
283 53
284 56
285 54
286 52
287 61
288 56
289 51
290 56
291 54
292 54
293 56
294 50
295 53
296 60
297 56
298 54
299 53
300 54
301 57
302 55
303 55
304 61
305 57
306 59
307 59
308 54
309 54
310 57
311 52
312 56
313 55
314 58
315 50
316 55
317 57
318 52
319 55
320 54
321 55
322 53
323 55
324 54
325 57
326 53
327 57
328 56
329 53
330 56
331 54
332 55
333 57
334 56
335 54
336 55
337 56
338 57
339 52
340 55
341 54
342 54
343 55
344 56
345 54
346 51
347 53
348 53
349 52
350 56
351 55
352 53
353 57
354 54
355 56
356 56
357 58
358 55
359 54
360 56
361 55
362 53
363 51
364 54
365 53
366 57
367 54
368 56
369 53
370 52
371 58
372 54
373 52
374 58
375 49
376 57
377 52
378 57
379 53
380 56
381 55
382 49
383 56
384 56
385 57
386 59
387 60
388 56
389 59
390 55
391 57
392 51
393 54
394 50
395 57
396 58
397 56
398 53
399 58
400 53
401 56
402 58
403 52
404 55
405 55
406 57
407 52
408 55
409 57
410 59
411 56
412 57
413 56
414 57
415 54
416 54
417 52
418 57
419 53
420 55
421 57
422 56
423 55
424 55
425 58
426 57
427 54
428 55
429 61
430 56
431 56
432 50
433 55
434 52
435 60
436 51
437 57
438 54
439 54
440 55
441 58
442 58
443 53
444 56
445 55
446 53
447 56
448 56
449 57
450 54
451 51
452 52
453 49
454 54
455 55
456 57
457 55
458 56
459 54
460 54
461 54
462 54
463 53
464 56
465 56
466 55
467 55
468 58
469 59
470 56
471 51
472 57
473 49
474 54
475 56
476 45
477 51
478 53
479 60
480 53
481 56
482 52
483 56
484 56
485 58
486 58
487 52
488 54
489 57
490 52
491 53
492 50
493 52
494 56
495 55
496 57
497 53
498 57
499 56
500 55
501 56
502 58
503 56
504 53
505 57
506 59
507 50
508 56
509 59
510 53
511 56
512 53
513 55
514 57
515 51
516 54
517 53
518 54
519 54
520 60
521 59
522 53
523 54
524 49
525 55
526 52
527 57
528 53
529 56
530 55
531 51
532 53
533 54
534 57
535 54
536 53
537 60
538 59
539 53
540 56
541 59
542 52
543 55
544 58
545 54
546 57
547 56
548 55
549 57
550 55
551 58
552 56
553 55
554 57
555 57
556 58
557 54
558 55
559 57
560 58
561 56
562 56
563 53
564 56
565 53
566 57
567 55
568 58
569 55
570 53
571 52
572 54
573 54
574 60
575 48
576 57
577 53
578 56
579 59
580 60
581 54
582 54
583 55
584 59
585 59
586 56
587 54
588 56
589 57
590 56
591 57
592 58
593 57
594 57
595 58
596 58
597 57
598 50
599 52
600 53
601 55
602 54
603 55
604 55
605 49
606 54
607 55
608 57
609 53
610 56
611 58
612 57
613 56
614 57
615 56
616 57
617 60
618 58
619 58
620 55
621 58
622 59
623 55
624 51
625 52
626 56
627 53
628 52
629 57
630 58
631 54
632 52
633 54
634 55
635 53
636 54
637 50
638 51
639 49
640 52
641 56
642 56
643 56
644 55
645 50
646 53
647 53
648 54
649 53
650 52
651 58
652 54
653 55
654 57
655 55
656 54
657 56
658 55
659 52
660 57
661 56
662 58
663 52
664 56
665 51
666 51
667 55
668 52
669 59
670 58
671 54
672 59
673 57
674 55
675 54
676 57
677 54
678 57
679 54
680 52
681 50
682 55
683 56
684 51
685 52
686 56
687 51
688 57
689 58
690 61
691 55
692 56
693 51
694 53
695 56
696 57
697 55
698 54
699 55
700 54
701 59
702 59
703 53
704 57
705 59
706 51
707 61
708 56
709 54
710 55
711 56
712 53
713 57
714 54
715 53
716 54
717 55
718 51
719 57
720 56
721 51
722 57
723 57
724 54
725 52
726 60
727 53
728 60
729 48
730 57
731 56
732 55
733 56
734 57
735 54
736 56
737 54
738 51
739 48
740 52
741 57
742 61
743 58
744 56
745 60
746 56
747 56
748 57
749 58
750 54
751 58
752 55
753 51
754 57
755 54
756 55
757 56
758 56
759 54
760 55
761 52
762 56
763 58
764 49
765 56
766 48
767 58
768 54
769 59
770 59
771 54
772 56
773 54
774 53
775 57
776 56
777 57
778 57
779 53
780 59
781 54
782 58
783 57
784 52
785 57
786 52
787 52
788 55
789 53
790 50
791 55
792 55
793 55
794 56
795 56
796 54
797 56
798 57
799 56
800 58
801 51
802 59
803 57
804 56
805 56
806 56
807 54
808 56
809 52
810 56
811 55
812 57
813 54
814 56
815 57
816 57
817 55
818 57
819 55
820 50
821 51
822 53
823 54
824 55
825 53
826 55
827 52
828 57
829 55
830 54
831 50
832 52
833 58
834 51
835 59
836 53
837 55
838 59
839 58
840 56
841 56
842 56
843 55
844 52
845 56
846 58
847 53
848 52
849 55
850 53
851 57
852 57
853 55
854 53
855 56
856 57
857 47
858 57
859 58
860 56
861 57
862 56
863 53
864 48
865 55
866 57
867 58
868 57
869 51
870 51
871 52
872 50
873 54
874 56
875 53
876 53
877 54
878 55
879 59
880 56
881 55
882 57
883 47
884 53
885 58
886 57
887 55
888 56
889 51
890 56
891 51
892 56
893 56
894 57
895 57
896 56
897 52
898 54
899 55
900 56
901 56
902 57
903 56
904 54
905 55
906 55
907 56
908 55
909 53
910 55
911 54
912 58
913 56
914 57
915 57
916 61
917 58
918 54
919 52
920 58
921 60
922 57
923 52
924 55
925 53
926 55
927 50
928 53
929 54
930 56
931 55
932 58
933 51
934 54
935 51
936 56
937 51
938 53
939 56
940 53
941 55
942 57
943 58
944 55
945 53
946 59
947 56
948 53
949 50
950 55
951 53
952 55
953 51
954 56
955 60
956 58
957 57
958 56
959 55
960 60
961 59
962 56
963 55
964 56
965 55
966 53
967 56
968 53
969 50
970 54
971 57
972 58
973 52
974 58
975 50
976 58
977 49
978 60
979 56
980 56
981 57
982 57
983 60
984 57
985 57
986 53
987 54
988 55
989 52
990 50
991 57
992 54
993 51
994 53
995 56
996 54
997 54
998 52
999 58
1000 57
