0 5
1 4
2 2
3 2
4 2
5 2
6 2
7 2
8 3
9 2
10 2
11 2
12 2
13 1
14 2
15 3
16 2
17 1
18 2
19 2
20 1
21 0
22 1
23 2
24 1
25 1
26 2
27 1
28 0
29 0
30 0
31 1
32 2
33 2
34 1
35 1
36 1
37 1
38 2
39 2
40 1
41 2
42 1
43 2
44 2
45 1
46 1
47 2
48 2
49 2
50 2
51 2
52 1
53 2
54 1
55 0
56 1
57 1
58 1
59 1
60 2
61 2
62 2
63 2
64 3
65 2
66 2
67 1
68 1
69 1
70 1
71 2
72 1
73 1
74 2
75 1
76 2
77 1
78 1
79 1
80 1
81 1
82 1
83 2
84 3
85 2
86 1
87 3
88 2
89 1
90 1
91 1
92 2
93 2
94 2
95 1
96 2
97 2
98 2
99 2
100 1
101 1
102 2
103 2
104 1
105 0
106 1
107 0
108 1
109 2
110 3
111 2
112 2
113 1
114 1
115 2
116 2
117 1
118 1
119 1
120 1
121 2
122 2
123 1
124 2
125 2
126 1
127 2
128 3
129 1
130 1
131 2
132 2
133 1
134 0
135 1
136 1
137 1
138 1
139 3
140 1
141 1
142 2
143 1
144 1
145 1
146 1
147 1
148 1
149 1
150 1
151 1
152 2
153 2
154 2
155 1
156 0
157 1
158 2
159 1
160 2
161 3
162 3
163 2
164 2
165 2
166 2
167 2
168 2
169 2
170 2
171 2
172 1
173 1
174 2
175 1
176 1
177 2
178 2
179 3
180 3
181 3
182 2
183 2
184 2
185 1
186 1
187 3
188 2
189 2
190 2
191 2
192 1
193 2
194 2
195 1
196 2
197 2
198 2
199 1
200 1
201 2
202 1
203 2
204 1
205 0
206 0
207 1
208 2
209 2
210 2
211 2
212 2
213 0
214 0
215 1
216 1
217 1
218 2
219 1
220 1
221 1
222 1
223 2
224 3
225 4
226 2
227 2
228 2
229 1
230 1
231 1
232 1
233 1
234 0
235 2
236 2
237 2
238 2
239 0
240 0
241 0
242 1
243 2
244 2
245 2
246 2
247 1
248 1
249 0
250 1
251 1
252 2
253 1
254 1
255 1
256 2
257 3
258 1
259 1
260 1
261 0
262 1
263 1
264 2
265 1
266 2
267 1
268 1
269 1
270 2
271 2
272 1
273 0
274 0
275 1
276 1
277 1
278 1
279 1
280 1
281 1
282 2
283 2
284 2
285 0
286 1
287 2
288 2
289 2
290 1
291 2
292 2
293 2
294 3
295 2
296 2
297 2
298 2
299 2
300 1
301 2
302 2
303 1
304 1
305 1
306 1
307 1
308 1
309 2
310 1
311 0
312 2
313 2
314 2
315 2
316 2
317 1
318 1
319 2
320 1
321 3
322 3
323 3
324 3
325 2
326 2
327 1
328 0
329 1
330 1
331 2
332 2
333 2
334 1
335 1
336 2
337 3
338 2
339 2
340 2
341 1
342 2
343 1
344 1
345 2
346 1
347 2
348 2
349 0
350 1
351 1
352 2
353 1
354 2
355 2
356 2
357 2
358 1
359 1
360 2
361 2
362 2
363 1
364 2
365 2
366 2
367 2
368 1
369 2
370 2
371 1
372 2
373 2
374 2
375 2
376 3
377 3
378 3
379 2
380 2
381 2
382 2
383 1
384 2
385 2
386 2
387 1
388 2
389 2
390 3
391 2
392 1
393 1
394 1
395 0
396 2
397 2
398 2
399 2
400 2
401 1
402 1
403 0
404 1
405 1
406 1
407 2
408 2
409 2
410 2
411 2
412 2
413 1
414 2
415 1
416 1
417 1
418 1
419 1
420 2
421 2
422 1
423 2
424 2
425 2
426 2
427 2
428 2
429 1
430 1
431 0
432 0
433 0
434 0
435 1
436 1
437 2
438 2
439 1
440 2
441 1
442 2
443 2
444 1
445 2
446 2
447 1
448 2
449 1
450 2
451 2
452 2
453 1
454 1
455 1
456 1
457 1
458 1
459 1
460 2
461 2
462 2
463 2
464 2
465 2
466 2
467 2
468 2
469 1
470 1
471 1
472 2
473 3
474 3
475 2
476 1
477 1
478 2
479 1
480 2
481 1
482 0
483 1
484 2
485 2
486 2
487 1
488 2
489 2
490 2
491 2
492 2
493 1
494 2
495 2
496 2
497 2
498 2
499 2
500 3
501 3
502 1
503 1
504 2
505 1
506 1
507 1
508 2
509 1
510 1
511 2
512 2
513 2
514 2
515 1
516 1
517 2
518 2
519 1
520 1
521 2
522 3
523 3
524 1
525 2
526 3
527 2
528 2
529 1
530 2
531 2
532 2
533 2
534 1
535 1
536 1
537 2
538 1
539 0
540 1
541 1
542 0
543 1
544 1
545 1
546 1
547 1
548 1
549 2
550 1
551 1
552 2
553 2
554 3
555 2
556 3
557 1
558 1
559 1
560 1
561 1
562 1
563 1
564 2
565 2
566 1
567 1
568 1
569 1
570 1
571 1
572 1
573 2
574 3
575 1
576 2
577 2
578 2
579 2
580 1
581 1
582 1
583 1
584 2
585 2
586 2
587 1
588 1
589 2
590 1
591 1
592 2
593 1
594 1
595 1
596 1
597 1
598 2
599 2
600 1
601 2
602 2
603 1
604 2
605 2
606 1
607 1
608 1
609 1
610 1
611 2
612 2
613 2
614 2
615 2
616 2
617 2
618 3
619 2
620 2
621 2
622 2
623 1
624 1
625 1
626 2
627 2
628 2
629 1
630 1
631 1
632 2
633 1
634 0
635 1
636 1
637 1
638 2
639 2
640 3
641 2
642 1
643 2
644 1
645 1
646 1
647 1
648 2
649 1
650 1
651 2
652 1
653 1
654 2
655 2
656 2
657 3
658 2
659 2
660 1
661 1
662 1
663 1
664 3
665 2
666 2
667 2
668 1
669 1
670 2
671 1
672 2
673 1
674 1
675 2
676 1
677 2
678 2
679 3
680 1
681 1
682 1
683 1
684 1
685 1
686 1
687 1
688 1
689 0
690 0
691 0
692 1
693 2
694 1
695 1
696 1
697 0
698 2
699 3
700 2
701 2
702 1
703 0
704 1
705 1
706 1
707 0
708 1
709 2
710 1
711 1
712 1
713 1
714 2
715 2
716 1
717 1
718 0
719 0
720 1
721 1
722 2
723 2
724 2
725 2
726 2
727 2
728 1
729 2
730 2
731 1
732 0
733 1
734 1
735 3
736 2
737 1
738 0
739 1
740 1
741 2
742 3
743 1
744 1
745 1
746 1
747 0
748 1
749 1
750 1
751 2
752 2
753 2
754 2
755 1
756 1
757 0
758 1
759 1
760 1
761 1
762 1
763 2
764 2
765 1
766 1
767 1
768 1
769 1
770 1
771 2
772 2
773 2
774 1
775 1
776 2
777 1
778 1
779 1
780 1
781 1
782 1
783 2
784 0
785 2
786 3
787 2
788 1
789 2
790 2
791 2
792 2
793 2
794 2
795 2
796 2
797 2
798 1
799 1
800 1
801 1
802 1
803 1
804 1
805 1
806 2
807 2
808 2
809 2
810 1
811 2
812 2
813 2
814 2
815 2
816 2
817 2
818 2
819 2
820 1
821 2
822 2
823 2
824 1
825 0
826 1
827 1
828 1
829 2
830 2
831 2
832 1
833 0
834 0
835 2
836 2
837 1
838 3
839 2
840 1
841 1
842 2
843 2
844 1
845 1
846 1
847 0
848 0
849 1
850 2
851 1
852 2
853 2
854 1
855 1
856 1
857 0
858 0
859 1
860 1
861 1
862 2
863 2
864 2
865 2
866 2
867 2
868 2
869 2
870 2
871 1
872 1
873 2
874 2
875 0
876 1
877 2
878 3
879 2
880 2
881 2
882 1
883 1
884 1
885 2
886 2
887 3
888 3
889 2
890 2
891 2
892 2
893 1
894 2
895 1
896 1
897 1
898 2
899 2
900 1
901 2
902 2
903 2
904 1
905 1
906 2
907 1
908 3
909 3
910 2
911 2
912 2
913 1
914 2
915 2
916 1
917 1
918 1
919 2
920 1
921 1
922 2
923 2
924 1
925 1
926 2
927 2
928 3
929 1
930 1
931 1
932 2
933 2
934 1
935 0
936 0
937 1
938 1
939 2
940 2
941 1
942 1
943 0
944 0
945 1
946 1
947 1
948 1
949 0
950 1
951 2
952 0
953 1
954 1
955 1
956 2
957 2
958 1
959 1
960 1
961 2
962 1
963 1
964 2
965 2
966 2
967 1
968 2
969 1
970 2
971 1
972 1
973 1
974 1
975 2
976 1
977 1
978 1
979 1
980 1
981 2
982 1
983 1
984 2
985 2
986 2
987 1
988 2
989 1
990 2
991 1
992 2
993 3
994 3
995 3
996 3
997 3
998 1
999 2
1000 2
