0 80
1 72
2 66
3 59
4 57
5 54
6 53
7 52
8 49
9 48
10 48
11 50
12 47
13 43
14 43
15 45
16 47
17 51
18 50
19 49
20 47
21 48
22 50
23 51
24 46
25 46
26 47
27 46
28 49
29 47
30 48
31 42
32 38
33 38
34 40
35 39
36 41
37 37
38 38
39 40
40 39
41 42
42 43
43 43
44 44
45 43
46 41
47 42
48 43
49 44
50 44
51 44
52 45
53 47
54 48
55 49
56 48
57 49
58 49
59 49
60 49
61 47
62 44
63 45
64 46
65 46
66 42
67 42
68 43
69 43
70 45
71 45
72 46
73 47
74 47
75 48
76 46
77 44
78 43
79 45
80 44
81 45
82 43
83 45
84 46
85 46
86 45
87 46
88 48
89 46
90 45
91 42
92 41
93 45
94 46
95 46
96 47
97 49
98 47
99 45
100 46
101 50
102 50
103 51
104 50
105 47
106 44
107 46
108 48
109 44
110 46
111 45
112 42
113 42
114 43
115 44
116 44
117 43
118 43
119 43
120 43
121 46
122 41
123 42
124 41
125 42
126 41
127 40
128 42
129 44
130 46
131 44
132 45
133 44
134 44
135 46
136 46
137 49
138 46
139 46
140 45
141 45
142 46
143 45
144 47
145 46
146 46
147 49
148 49
149 49
150 47
151 48
152 48
153 47
154 49
155 48
156 45
157 46
158 46
159 44
160 42
161 45
162 45
163 46
164 43
165 45
166 45
167 45
168 46
169 45
170 47
171 49
172 46
173 47
174 48
175 47
176 48
177 49
178 46
179 45
180 43
181 42
182 47
183 47
184 48
185 48
186 48
187 47
188 44
189 44
190 44
191 46
192 47
193 46
194 46
195 44
196 46
197 44
198 45
199 45
200 42
201 42
202 42
203 40
204 42
205 46
206 47
207 51
208 47
209 47
210 47
211 45
212 44
213 40
214 45
215 45
216 46
217 47
218 48
219 50
220 50
221 49
222 48
223 46
224 48
225 47
226 45
227 44
228 46
229 44
230 42
231 44
232 49
233 50
234 48
235 48
236 45
237 43
238 44
239 45
240 46
241 46
242 45
243 47
244 49
245 49
246 48
247 46
248 45
249 47
250 48
251 45
252 45
253 44
254 41
255 40
256 39
257 41
258 38
259 40
260 33
261 38
262 38
263 42
264 45
265 47
266 47
267 46
268 47
269 48
270 49
271 46
272 44
273 46
274 47
275 45
276 44
277 44
278 45
279 48
280 47
281 47
282 45
283 47
284 47
285 48
286 49
287 49
288 49
289 50
290 52
291 52
292 51
293 52
294 52
295 51
296 51
297 48
298 46
299 47
300 48
301 49
302 48
303 45
304 44
305 41
306 40
307 42
308 42
309 44
310 47
311 49
312 48
313 43
314 41
315 37
316 42
317 45
318 44
319 43
320 45
321 43
322 44
323 47
324 46
325 48
326 47
327 49
328 48
329 47
330 42
331 39
332 40
333 40
334 41
335 39
336 38
337 37
338 38
339 41
340 44
341 44
342 47
343 48
344 46
345 45
346 47
347 43
348 45
349 46
350 47
351 46
352 45
353 45
354 45
355 46
356 45
357 42
358 42
359 43
360 44
361 46
362 46
363 43
364 43
365 43
366 43
367 42
368 45
369 48
370 47
371 45
372 44
373 45
374 45
375 46
376 45
377 46
378 47
379 48
380 50
381 48
382 48
383 46
384 46
385 43
386 42
387 44
388 44
389 42
390 40
391 42
392 44
393 43
394 43
395 43
396 41
397 43
398 45
399 46
400 47
401 49
402 49
403 51
404 48
405 45
406 44
407 46
408 46
409 45
410 43
411 46
412 46
413 43
414 46
415 46
416 44
417 45
418 44
419 46
420 45
421 44
422 46
423 47
424 47
425 47
426 45
427 42
428 42
429 45
430 46
431 48
432 47
433 48
434 49
435 51
436 49
437 48
438 48
439 48
440 45
441 46
442 43
443 45
444 44
445 45
446 43
447 41
448 45
449 45
450 48
451 46
452 41
453 40
454 41
455 41
456 41
457 43
458 41
459 43
460 41
461 43
462 43
463 42
464 42
465 43
466 44
467 43
468 43
469 46
470 45
471 48
472 47
473 45
474 46
475 43
476 46
477 46
478 48
479 47
480 47
481 48
482 48
483 44
484 47
485 49
486 50
487 49
488 45
489 47
490 47
491 46
492 48
493 49
494 47
495 47
496 48
497 46
498 48
499 48
500 45
501 46
502 46
503 45
504 45
505 45
506 44
507 44
508 47
509 49
510 48
511 50
512 51
513 50
514 48
515 49
516 50
517 46
518 46
519 48
520 47
521 46
522 46
523 46
524 46
525 45
526 48
527 49
528 45
529 46
530 44
531 43
532 45
533 43
534 43
535 45
536 46
537 47
538 44
539 44
540 43
541 45
542 45
543 47
544 45
545 45
546 48
547 47
548 45
549 47
550 44
551 47
552 47
553 47
554 45
555 46
556 46
557 46
558 47
559 43
560 43
561 44
562 42
563 44
564 44
565 42
566 44
567 46
568 47
569 47
570 46
571 46
572 42
573 42
574 42
575 45
576 47
577 47
578 46
579 46
580 45
581 45
582 43
583 43
584 43
585 42
586 41
587 45
588 46
589 46
590 44
591 46
592 45
593 45
594 45
595 47
596 43
597 43
598 40
599 41
600 43
601 42
602 45
603 43
604 44
605 44
606 46
607 45
608 45
609 44
610 46
611 47
612 45
613 47
614 46
615 47
616 46
617 42
618 44
619 46
620 47
621 45
622 46
623 47
624 47
625 47
626 47
627 46
628 46
629 44
630 44
631 47
632 44
633 45
634 47
635 49
636 48
637 49
638 49
639 50
640 47
641 47
642 48
643 49
644 49
645 50
646 47
647 45
648 42
649 40
650 41
651 41
652 41
653 40
654 38
655 41
656 44
657 43
658 42
659 46
660 48
661 48
662 47
663 49
664 47
665 49
666 48
667 49
668 45
669 47
670 47
671 46
672 47
673 45
674 45
675 46
676 48
677 46
678 47
679 46
680 47
681 46
682 47
683 48
684 45
685 47
686 48
687 48
688 49
689 48
690 49
691 47
692 43
693 44
694 45
695 45
696 44
697 46
698 46
699 44
700 45
701 44
702 46
703 44
704 46
705 46
706 45
707 44
708 44
709 43
710 42
711 40
712 40
713 38
714 42
715 47
716 47
717 47
718 46
719 44
720 47
721 48
722 49
723 50
724 51
725 46
726 48
727 45
728 48
729 45
730 48
731 47
732 45
733 42
734 41
735 42
736 42
737 46
738 45
739 48
740 47
741 48
742 48
743 46
744 46
745 45
746 44
747 43
748 45
749 45
750 45
751 42
752 43
753 43
754 46
755 44
756 45
757 43
758 41
759 42
760 40
761 40
762 42
763 41
764 41
765 42
766 45
767 44
768 47
769 48
770 49
771 47
772 47
773 47
774 47
775 49
776 48
777 49
778 48
779 46
780 45
781 43
782 42
783 42
784 42
785 46
786 42
787 42
788 46
789 46
790 42
791 46
792 46
793 48
794 50
795 47
796 43
797 45
798 48
799 49
800 47
801 47
802 46
803 48
804 50
805 52
806 50
807 47
808 46
809 48
810 48
811 50
812 49
813 47
814 48
815 47
816 49
817 46
818 47
819 49
820 49
821 50
822 51
823 52
824 49
825 50
826 46
827 46
828 45
829 44
830 45
831 45
832 44
833 46
834 44
835 44
836 44
837 43
838 44
839 44
840 47
841 45
842 48
843 48
844 46
845 45
846 44
847 46
848 47
849 47
850 45
851 44
852 44
853 44
854 46
855 43
856 44
857 43
858 40
859 44
860 47
861 46
862 44
863 44
864 45
865 46
866 45
867 46
868 46
869 43
870 45
871 48
872 49
873 47
874 46
875 45
876 42
877 42
878 43
879 45
880 48
881 46
882 47
883 44
884 45
885 46
886 45
887 45
888 40
889 42
890 43
891 44
892 45
893 41
894 43
895 42
896 45
897 43
898 43
899 42
900 44
901 43
902 45
903 48
904 47
905 47
906 44
907 46
908 47
909 45
910 43
911 44
912 41
913 40
914 41
915 42
916 42
917 46
918 47
919 46
920 45
921 45
922 43
923 47
924 46
925 47
926 48
927 48
928 44
929 40
930 43
931 44
932 48
933 48
934 48
935 46
936 44
937 45
938 43
939 43
940 43
941 45
942 45
943 45
944 46
945 45
946 46
947 48
948 48
949 44
950 46
951 45
952 44
953 45
954 43
955 42
956 45
957 46
958 46
959 49
960 47
961 49
962 49
963 49
964 46
965 47
966 43
967 43
968 41
969 43
970 45
971 50
972 47
973 46
974 44
975 44
976 45
977 46
978 44
979 43
980 44
981 46
982 47
983 49
984 42
985 43
986 44
987 46
988 48
989 47
990 45
991 41
992 43
993 42
994 44
995 45
996 43
997 46
998 46
999 44
1000 44
