0 80
1 60
2 56
3 55
4 56
5 57
6 56
7 51
8 55
9 48
10 48
11 53
12 57
13 54
14 50
15 51
16 54
17 53
18 53
19 55
20 51
21 52
22 51
23 55
24 55
25 52
26 50
27 55
28 56
29 55
30 52
31 50
32 56
33 51
34 55
35 53
36 52
37 52
38 55
39 52
40 54
41 56
42 54
43 55
44 56
45 56
46 52
47 55
48 56
49 57
50 51
51 57
52 55
53 53
54 51
55 56
56 55
57 52
58 51
59 54
60 57
61 53
62 50
63 49
64 48
65 53
66 55
67 54
68 51
69 56
70 45
71 56
72 56
73 48
74 52
75 56
76 50
77 52
78 56
79 58
80 59
81 50
82 58
83 57
84 56
85 52
86 50
87 50
88 51
89 54
90 55
91 49
92 54
93 54
94 52
95 53
96 55
97 55
98 54
99 51
100 53
101 55
102 54
103 52
104 51
105 53
106 52
107 51
108 56
109 52
110 54
111 53
112 52
113 54
114 56
115 56
116 48
117 54
118 56
119 51
120 54
121 51
122 55
123 58
124 53
125 53
126 51
127 56
128 54
129 55
130 52
131 54
132 55
133 56
134 53
135 53
136 54
137 57
138 48
139 50
140 53
141 54
142 51
143 54
144 54
145 58
146 54
147 53
148 53
149 52
150 53
151 52
152 49
153 49
154 54
155 53
156 55
157 54
158 55
159 49
160 54
161 51
162 51
163 52
164 53
165 54
166 56
167 56
168 56
169 57
170 52
171 57
172 57
173 51
174 52
175 58
176 54
177 56
178 55
179 55
180 53
181 49
182 54
183 53
184 53
185 53
186 53
187 51
188 53
189 57
190 56
191 52
192 52
193 59
194 53
195 54
196 55
197 55
198 54
199 56
200 52
201 56
202 52
203 55
204 58
205 49
206 54
207 56
208 55
209 53
210 50
211 54
212 55
213 52
214 58
215 60
216 49
217 52
218 53
219 54
220 53
221 51
222 56
223 52
224 55
225 55
226 58
227 54
228 57
229 57
230 53
231 51
232 56
233 52
234 52
235 53
236 57
237 53
238 52
239 53
240 56
241 57
242 59
243 57
244 52
245 53
246 56
247 51
248 57
249 54
250 54
251 55
252 55
253 58
254 57
255 52
256 51
257 55
258 50
259 52
260 53
261 50
262 50
263 56
264 51
265 55
266 50
267 54
268 56
269 53
270 58
271 56
272 51
273 56
274 56
275 54
276 53
277 53
278 55
279 54
280 54
281 52
282 48
283 57
284 52
285 53
286 54
287 54
288 57
289 54
290 55
291 54
292 55
293 54
294 55
295 53
296 55
297 55
298 56
299 55
300 55
301 55
302 53
303 50
304 52
305 47
306 49
307 54
308 44
309 54
310 55
311 56
312 60
313 54
314 54
315 52
316 50
317 55
318 51
319 48
320 53
321 56
322 54
323 52
324 52
325 50
326 52
327 51
328 52
329 56
330 53
331 54
332 53
333 52
334 55
335 56
336 52
337 54
338 50
339 53
340 58
341 53
342 57
343 58
344 50
345 53
346 54
347 50
348 48
349 50
350 57
351 51
352 56
353 52
354 58
355 54
356 57
357 60
358 55
359 55
360 54
361 54
362 56
363 57
364 59
365 53
366 52
367 57
368 53
369 54
370 59
371 58
372 54
373 58
374 55
375 49
376 55
377 52
378 51
379 53
380 56
381 52
382 53
383 50
384 54
385 55
386 54
387 56
388 53
389 53
390 56
391 48
392 48
393 54
394 54
395 50
396 56
397 56
398 54
399 57
400 57
401 51
402 58
403 58
404 51
405 51
406 53
407 54
408 49
409 54
410 53
411 53
412 53
413 52
414 52
415 52
416 54
417 53
418 57
419 56
420 50
421 52
422 53
423 54
424 55
425 54
426 54
427 55
428 56
429 52
430 54
431 54
432 55
433 54
434 57
435 52
436 56
437 55
438 53
439 51
440 54
441 55
442 56
443 54
444 53
445 56
446 54
447 54
448 54
449 49
450 52
451 52
452 54
453 51
454 54
455 57
456 54
457 58
458 57
459 54
460 51
461 53
462 45
463 51
464 56
465 53
466 57
467 53
468 53
469 49
470 54
471 54
472 55
473 54
474 52
475 53
476 50
477 56
478 54
479 57
480 54
481 54
482 51
483 51
484 58
485 53
486 53
487 58
488 52
489 51
490 52
491 52
492 50
493 48
494 55
495 54
496 52
497 54
498 55
499 50
500 44
501 53
502 56
503 52
504 55
505 54
506 56
507 50
508 53
509 52
510 53
511 52
512 48
513 55
514 50
515 52
516 50
517 57
518 55
519 56
520 57
521 59
522 51
523 57
524 56
525 53
526 51
527 53
528 53
529 55
530 54
531 51
532 52
533 48
534 56
535 58
536 55
537 50
538 57
539 56
540 52
541 50
542 53
543 51
544 50
545 56
546 56
547 53
548 54
549 53
550 54
551 45
552 48
553 54
554 55
555 51
556 51
557 53
558 51
559 55
560 52
561 55
562 53
563 56
564 53
565 53
566 52
567 54
568 53
569 53
570 52
571 52
572 53
573 55
574 53
575 51
576 53
577 53
578 52
579 55
580 58
581 53
582 53
583 49
584 53
585 54
586 56
587 55
588 52
589 48
590 51
591 53
592 53
593 59
594 54
595 50
596 54
597 48
598 55
599 54
600 53
601 53
602 52
603 50
604 56
605 51
606 54
607 54
608 53
609 55
610 53
611 55
612 53
613 49
614 55
615 55
616 55
617 57
618 50
619 51
620 56
621 55
622 54
623 52
624 50
625 55
626 55
627 52
628 58
629 52
630 53
631 55
632 50
633 53
634 50
635 53
636 56
637 52
638 50
639 54
640 52
641 51
642 55
643 52
644 54
645 53
646 50
647 55
648 53
649 54
650 54
651 53
652 53
653 52
654 55
655 46
656 55
657 54
658 50
659 57
660 56
661 58
662 54
663 56
664 55
665 54
666 51
667 55
668 49
669 51
670 54
671 49
672 53
673 50
674 55
675 53
676 52
677 58
678 53
679 52
680 54
681 52
682 50
683 54
684 52
685 53
686 54
687 55
688 54
689 53
690 56
691 57
692 54
693 54
694 55
695 51
696 54
697 53
698 57
699 53
700 54
701 57
702 56
703 56
704 51
705 52
706 56
707 55
708 51
709 56
710 56
711 54
712 54
713 56
714 54
715 59
716 50
717 52
718 56
719 56
720 51
721 53
722 53
723 53
724 53
725 55
726 54
727 54
728 49
729 55
730 55
731 52
732 56
733 59
734 57
735 55
736 52
737 50
738 54
739 57
740 55
741 53
742 54
743 57
744 56
745 52
746 54
747 52
748 52
749 54
750 55
751 52
752 46
753 51
754 53
755 56
756 53
757 55
758 58
759 47
760 50
761 54
762 52
763 55
764 50
765 52
766 53
767 53
768 52
769 50
770 52
771 50
772 53
773 53
774 55
775 54
776 50
777 56
778 55
779 56
780 57
781 56
782 53
783 56
784 54
785 54
786 54
787 52
788 52
789 50
790 46
791 51
792 58
793 60
794 56
795 54
796 51
797 55
798 59
799 54
800 57
801 55
802 48
803 53
804 50
805 53
806 54
807 53
808 56
809 54
810 53
811 55
812 49
813 44
814 48
815 56
816 53
817 55
818 58
819 55
820 56
821 51
822 52
823 52
824 53
825 53
826 53
827 56
828 58
829 54
830 52
831 52
832 54
833 51
834 53
835 53
836 52
837 51
838 53
839 53
840 51
841 54
842 54
843 53
844 53
845 55
846 54
847 51
848 56
849 50
850 51
851 55
852 55
853 55
854 49
855 48
856 50
857 54
858 51
859 56
860 52
861 54
862 53
863 57
864 51
865 52
866 53
867 55
868 51
869 53
870 54
871 54
872 56
873 52
874 57
875 55
876 55
877 56
878 56
879 54
880 53
881 55
882 54
883 49
884 53
885 52
886 53
887 50
888 54
889 49
890 57
891 56
892 56
893 53
894 49
895 54
896 50
897 50
898 55
899 54
900 52
901 54
902 53
903 50
904 54
905 55
906 56
907 56
908 56
909 56
910 52
911 53
912 52
913 54
914 55
915 54
916 53
917 56
918 59
919 56
920 45
921 56
922 57
923 52
924 52
925 53
926 54
927 54
928 56
929 57
930 58
931 53
932 56
933 52
934 44
935 55
936 54
937 49
938 54
939 57
940 56
941 53
942 51
943 53
944 52
945 53
946 55
947 47
948 52
949 53
950 57
951 51
952 56
953 55
954 52
955 52
956 52
957 53
958 52
959 55
960 58
961 56
962 56
963 52
964 54
965 52
966 56
967 51
968 51
969 56
970 55
971 53
972 53
973 55
974 54
975 54
976 53
977 55
978 56
979 55
980 57
981 56
982 55
983 54
984 51
985 53
986 56
987 56
988 56
989 55
990 57
991 53
992 54
993 52
994 55
995 52
996 55
997 56
998 55
999 53
1000 50
