0 15
1 13
2 10
3 9
4 7
5 7
6 6
7 6
8 6
9 5
10 6
11 5
12 5
13 5
14 5
15 6
16 5
17 5
18 6
19 4
20 6
21 7
22 7
23 7
24 7
25 6
26 6
27 6
28 6
29 6
30 5
31 5
32 5
33 5
34 6
35 6
36 6
37 7
38 8
39 5
40 6
41 7
42 5
43 6
44 6
45 5
46 6
47 5
48 8
49 7
50 7
51 7
52 6
53 8
54 6
55 6
56 5
57 5
58 6
59 5
60 7
61 8
62 7
63 7
64 8
65 8
66 8
67 6
68 6
69 6
70 7
71 7
72 7
73 9
74 7
75 7
76 5
77 6
78 5
79 3
80 4
81 4
82 4
83 4
84 6
85 6
86 6
87 7
88 7
89 7
90 7
91 6
92 7
93 5
94 5
95 6
96 4
97 5
98 6
99 6
100 5
101 5
102 5
103 6
104 7
105 6
106 5
107 5
108 6
109 7
110 5
111 6
112 6
113 6
114 7
115 7
116 6
117 6
118 8
119 7
120 6
121 7
122 6
123 8
124 6
125 5
126 5
127 4
128 6
129 5
130 6
131 6
132 5
133 4
134 5
135 4
136 6
137 8
138 9
139 8
140 5
141 6
142 6
143 6
144 6
145 8
146 7
147 7
148 7
149 6
150 6
151 7
152 8
153 9
154 8
155 8
156 6
157 5
158 7
159 7
160 7
161 7
162 7
163 6
164 7
165 6
166 6
167 6
168 7
169 7
170 6
171 8
172 7
173 6
174 6
175 7
176 6
177 5
178 5
179 4
180 6
181 7
182 9
183 9
184 8
185 7
186 7
187 7
188 7
189 7
190 8
191 6
192 6
193 6
194 6
195 6
196 6
197 6
198 7
199 6
200 6
201 4
202 4
203 5
204 5
205 5
206 6
207 8
208 7
209 6
210 7
211 8
212 7
213 5
214 4
215 5
216 3
217 5
218 4
219 4
220 4
221 5
222 6
223 7
224 6
225 5
226 7
227 7
228 8
229 7
230 5
231 7
232 7
233 7
234 8
235 8
236 9
237 8
238 9
239 7
240 6
241 6
242 4
243 5
244 6
245 7
246 7
247 7
248 7
249 7
250 7
251 7
252 7
253 7
254 5
255 6
256 6
257 7
258 8
259 6
260 6
261 7
262 8
263 6
264 5
265 5
266 7
267 6
268 6
269 5
270 6
271 6
272 5
273 6
274 6
275 5
276 6
277 6
278 6
279 6
280 5
281 5
282 6
283 4
284 5
285 5
286 4
287 5
288 5
289 7
290 6
291 7
292 4
293 5
294 6
295 6
296 8
297 6
298 7
299 8
300 8
301 8
302 8
303 7
304 8
305 9
306 10
307 10
308 10
309 9
310 9
311 7
312 4
313 5
314 6
315 7
316 8
317 6
318 5
319 7
320 7
321 6
322 5
323 7
324 7
325 5
326 5
327 6
328 7
329 7
330 8
331 7
332 6
333 6
334 6
335 8
336 7
337 8
338 7
339 8
340 7
341 6
342 7
343 8
344 8
345 7
346 5
347 5
348 6
349 6
350 7
351 6
352 7
353 8
354 6
355 6
356 5
357 5
358 6
359 7
360 9
361 9
362 7
363 6
364 7
365 6
366 4
367 6
368 6
369 6
370 5
371 6
372 7
373 5
374 6
375 6
376 6
377 7
378 6
379 7
380 8
381 6
382 8
383 8
384 8
385 8
386 8
387 7
388 7
389 7
390 7
391 9
392 7
393 8
394 8
395 4
396 6
397 6
398 7
399 7
400 6
401 6
402 5
403 5
404 8
405 8
406 7
407 6
408 6
409 7
410 7
411 8
412 9
413 9
414 10
415 9
416 10
417 7
418 7
419 7
420 6
421 5
422 6
423 4
424 6
425 5
426 6
427 6
428 6
429 6
430 7
431 6
432 6
433 6
434 7
435 9
436 6
437 6
438 4
439 4
440 6
441 6
442 5
443 6
444 5
445 4
446 4
447 6
448 6
449 8
450 9
451 6
452 3
453 5
454 6
455 6
456 5
457 5
458 5
459 5
460 7
461 8
462 6
463 6
464 5
465 6
466 7
467 6
468 5
469 5
470 6
471 8
472 8
473 7
474 7
475 6
476 6
477 6
478 7
479 6
480 6
481 8
482 8
483 8
484 8
485 7
486 7
487 8
488 8
489 9
490 8
491 8
492 8
493 7
494 6
495 6
496 5
497 6
498 7
499 7
500 6
501 7
502 8
503 7
504 6
505 5
506 5
507 5
508 4
509 4
510 6
511 7
512 5
513 5
514 4
515 4
516 7
517 7
518 6
519 7
520 6
521 5
522 6
523 5
524 6
525 6
526 3
527 4
528 6
529 8
530 8
531 7
532 7
533 7
534 6
535 6
536 4
537 5
538 6
539 6
540 5
541 8
542 7
543 7
544 7
545 7
546 6
547 7
548 6
549 6
550 4
551 3
552 5
553 5
554 7
555 8
556 7
557 8
558 7
559 6
560 6
561 6
562 4
563 5
564 5
565 6
566 6
567 7
568 7
569 7
570 6
571 7
572 7
573 5
574 5
575 6
576 8
577 9
578 7
579 7
580 7
581 8
582 7
583 6
584 5
585 6
586 6
587 4
588 4
589 4
590 5
591 6
592 7
593 8
594 8
595 7
596 6
597 6
598 8
599 8
600 7
601 7
602 7
603 7
604 8
605 7
606 6
607 8
608 8
609 7
610 5
611 4
612 5
613 3
614 4
615 5
616 6
617 5
618 3
619 4
620 4
621 5
622 5
623 7
624 5
625 6
626 7
627 7
628 8
629 9
630 7
631 7
632 7
633 8
634 8
635 9
636 6
637 5
638 5
639 4
640 3
641 4
642 5
643 7
644 8
645 8
646 7
647 7
648 7
649 8
650 7
651 6
652 5
653 6
654 5
655 5
656 6
657 7
658 6
659 7
660 6
661 7
662 7
663 8
664 7
665 7
666 7
667 8
668 6
669 6
670 6
671 7
672 8
673 8
674 8
675 8
676 8
677 8
678 6
679 8
680 9
681 7
682 8
683 8
684 7
685 5
686 8
687 8
688 7
689 7
690 7
691 7
692 7
693 6
694 7
695 8
696 7
697 7
698 6
699 5
700 5
701 7
702 7
703 6
704 7
705 7
706 7
707 6
708 6
709 5
710 5
711 6
712 7
713 7
714 6
715 7
716 6
717 5
718 4
719 4
720 7
721 7
722 7
723 8
724 7
725 8
726 7
727 8
728 6
729 6
730 6
731 7
732 7
733 7
734 6
735 6
736 7
737 6
738 5
739 5
740 5
741 6
742 7
743 6
744 6
745 6
746 5
747 5
748 4
749 5
750 5
751 5
752 6
753 6
754 6
755 7
756 6
757 5
758 6
759 6
760 4
761 5
762 7
763 4
764 4
765 5
766 6
767 6
768 6
769 5
770 4
771 5
772 4
773 4
774 5
775 3
776 6
777 8
778 5
779 6
780 5
781 7
782 8
783 8
784 9
785 8
786 8
787 8
788 9
789 10
790 10
791 9
792 9
793 9
794 9
795 8
796 8
797 7
798 7
799 7
800 6
801 7
802 7
803 8
804 8
805 7
806 7
807 8
808 8
809 5
810 4
811 5
812 4
813 6
814 7
815 7
816 6
817 7
818 7
819 8
820 8
821 8
822 8
823 7
824 7
825 6
826 6
827 9
828 7
829 7
830 8
831 8
832 7
833 7
834 7
835 7
836 7
837 7
838 6
839 6
840 5
841 4
842 5
843 6
844 6
845 5
846 8
847 8
848 6
849 6
850 7
851 5
852 6
853 6
854 5
855 4
856 5
857 6
858 6
859 6
860 8
861 7
862 7
863 6
864 6
865 7
866 8
867 8
868 6
869 6
870 6
871 6
872 7
873 7
874 7
875 6
876 7
877 5
878 6
879 4
880 4
881 4
882 4
883 4
884 4
885 4
886 5
887 7
888 7
889 7
890 8
891 7
892 6
893 4
894 4
895 6
896 4
897 4
898 5
899 7
900 5
901 6
902 6
903 7
904 8
905 5
906 4
907 5
908 5
909 6
910 5
911 7
912 8
913 9
914 10
915 9
916 9
917 7
918 7
919 7
920 7
921 8
922 6
923 7
924 9
925 10
926 9
927 9
928 9
929 8
930 7
931 7
932 8
933 7
934 8
935 6
936 7
937 7
938 9
939 8
940 7
941 7
942 7
943 7
944 7
945 6
946 6
947 5
948 5
949 4
950 5
951 5
952 6
953 4
954 5
955 4
956 5
957 5
958 5
959 7
960 8
961 7
962 6
963 7
964 8
965 6
966 5
967 7
968 8
969 8
970 7
971 7
972 7
973 7
974 7
975 7
976 7
977 8
978 7
979 7
980 6
981 7
982 5
983 5
984 4
985 6
986 6
987 5
988 7
989 7
990 8
991 9
992 8
993 6
994 8
995 9
996 8
997 7
998 8
999 8
1000 8
