0 85
1 76
2 67
3 62
4 58
5 59
6 57
7 59
8 59
9 55
10 56
11 59
12 58
13 60
14 57
15 62
16 54
17 52
18 53
19 58
20 56
21 56
22 55
23 55
24 58
25 58
26 59
27 53
28 53
29 53
30 53
31 52
32 55
33 54
34 54
35 55
36 54
37 56
38 56
39 50
40 57
41 57
42 54
43 56
44 53
45 51
46 54
47 56
48 59
49 58
50 59
51 60
52 57
53 58
54 56
55 57
56 57
57 54
58 53
59 56
60 57
61 56
62 50
63 53
64 55
65 59
66 58
67 56
68 52
69 53
70 55
71 58
72 58
73 53
74 53
75 52
76 51
77 55
78 54
79 55
80 53
81 54
82 55
83 49
84 49
85 54
86 55
87 56
88 59
89 57
90 59
91 57
92 57
93 56
94 55
95 56
96 61
97 61
98 58
99 59
100 60
101 60
102 57
103 50
104 53
105 53
106 51
107 55
108 52
109 53
110 55
111 55
112 55
113 57
114 56
115 56
116 57
117 53
118 55
119 58
120 60
121 58
122 57
123 56
124 56
125 52
126 54
127 53
128 57
129 53
130 55
131 54
132 57
133 57
134 58
135 55
136 52
137 54
138 51
139 50
140 53
141 54
142 52
143 52
144 49
145 53
146 56
147 57
148 59
149 51
150 49
151 53
152 59
153 58
154 53
155 52
156 52
157 52
158 52
159 53
160 53
161 52
162 51
163 53
164 54
165 54
166 54
167 56
168 54
169 58
170 59
171 56
172 57
173 58
174 58
175 57
176 55
177 51
178 56
179 56
180 56
181 56
182 54
183 53
184 54
185 52
186 53
187 50
188 53
189 55
190 55
191 56
192 56
193 59
194 61
195 54
196 51
197 53
198 56
199 57
200 60
201 60
202 60
203 60
204 59
205 59
206 56
207 54
208 55
209 55
210 57
211 57
212 57
213 52
214 57
215 56
216 58
217 58
218 53
219 57
220 60
221 55
222 57
223 55
224 55
225 59
226 59
227 57
228 57
229 58
230 60
231 60
232 61
233 56
234 58
235 58
236 58
237 57
238 59
239 59
240 58
241 60
242 52
243 51
244 55
245 57
246 55
247 55
248 55
249 57
250 58
251 57
252 52
253 51
254 56
255 55
256 53
257 48
258 49
259 55
260 56
261 50
262 51
263 50
264 51
265 49
266 50
267 54
268 54
269 51
270 52
271 52
272 54
273 53
274 53
275 53
276 54
277 57
278 55
279 58
280 57
281 57
282 58
283 57
284 56
285 56
286 55
287 48
288 49
289 50
290 50
291 53
292 54
293 55
294 58
295 59
296 57
297 57
298 58
299 59
300 57
301 53
302 55
303 54
304 53
305 52
306 54
307 53
308 51
309 56
310 55
311 49
312 54
313 57
314 57
315 52
316 49
317 56
318 55
319 60
320 53
321 55
322 56
323 55
324 54
325 54
326 57
327 55
328 51
329 53
330 56
331 57
332 56
333 61
334 62
335 61
336 63
337 62
338 59
339 58
340 59
341 59
342 57
343 57
344 53
345 56
346 55
347 52
348 55
349 54
350 51
351 54
352 56
353 55
354 50
355 53
356 55
357 54
358 55
359 54
360 58
361 59
362 58
363 56
364 53
365 54
366 51
367 54
368 55
369 53
370 55
371 56
372 58
373 56
374 54
375 52
376 56
377 58
378 55
379 58
380 56
381 53
382 50
383 51
384 53
385 48
386 50
387 51
388 52
389 55
390 55
391 53
392 57
393 57
394 59
395 57
396 60
397 59
398 52
399 49
400 48
401 50
402 56
403 55
404 58
405 55
406 56
407 59
408 61
409 55
410 59
411 60
412 60
413 60
414 58
415 56
416 56
417 59
418 61
419 54
420 56
421 54
422 57
423 56
424 57
425 57
426 57
427 57
428 59
429 58
430 55
431 54
432 48
433 51
434 51
435 49
436 49
437 50
438 53
439 51
440 49
441 52
442 56
443 54
444 49
445 52
446 50
447 50
448 52
449 54
450 56
451 59
452 55
453 55
454 56
455 60
456 58
457 57
458 53
459 50
460 51
461 54
462 58
463 55
464 56
465 57
466 58
467 51
468 53
469 52
470 56
471 58
472 58
473 57
474 56
475 54
476 59
477 56
478 54
479 58
480 58
481 55
482 55
483 54
484 56
485 52
486 53
487 54
488 55
489 51
490 53
491 51
492 51
493 55
494 50
495 46
496 53
497 51
498 49
499 49
500 50
501 53
502 53
503 54
504 55
505 55
506 56
507 56
508 56
509 57
510 56
511 59
512 57
513 54
514 55
515 54
516 56
517 55
518 56
519 58
520 59
521 60
522 56
523 52
524 54
525 56
526 56
527 58
528 58
529 56
530 55
531 58
532 55
533 52
534 51
535 54
536 57
537 58
538 55
539 56
540 53
541 55
542 55
543 54
544 52
545 50
546 51
547 48
548 54
549 55
550 58
551 56
552 55
553 58
554 54
555 55
556 58
557 55
558 56
559 53
560 55
561 57
562 57
563 56
564 54
565 53
566 57
567 59
568 61
569 61
570 61
571 61
572 61
573 64
574 64
575 62
576 64
577 63
578 56
579 59
580 58
581 54
582 52
583 53
584 52
585 56
586 53
587 53
588 54
589 59
590 60
591 59
592 58
593 52
594 53
595 56
596 55
597 58
598 58
599 55
600 54
601 55
602 56
603 56
604 57
605 59
606 56
607 53
608 54
609 51
610 53
611 55
612 53
613 53
614 52
615 51
616 54
617 54
618 56
619 58
620 56
621 56
622 60
623 60
624 59
625 55
626 56
627 57
628 62
629 59
630 58
631 59
632 59
633 56
634 55
635 55
636 54
637 50
638 53
639 56
640 59
641 53
642 54
643 57
644 52
645 54
646 54
647 52
648 51
649 49
650 53
651 51
652 51
653 55
654 50
655 53
656 51
657 57
658 58
659 56
660 55
661 57
662 60
663 55
664 58
665 55
666 56
667 52
668 53
669 54
670 56
671 59
672 60
673 59
674 59
675 59
676 59
677 56
678 54
679 47
680 48
681 54
682 56
683 59
684 55
685 57
686 57
687 59
688 53
689 52
690 54
691 51
692 46
693 49
694 50
695 48
696 45
697 51
698 57
699 56
700 57
701 54
702 56
703 55
704 53
705 57
706 55
707 59
708 57
709 57
710 55
711 59
712 60
713 58
714 56
715 53
716 58
717 59
718 58
719 55
720 53
721 53
722 50
723 51
724 54
725 57
726 54
727 59
728 57
729 58
730 55
731 54
732 50
733 48
734 55
735 56
736 55
737 57
738 57
739 55
740 50
741 47
742 50
743 53
744 54
745 51
746 54
747 51
748 54
749 52
750 56
751 56
752 55
753 54
754 54
755 55
756 56
757 55
758 57
759 55
760 57
761 56
762 57
763 59
764 55
765 50
766 51
767 58
768 56
769 55
770 58
771 58
772 57
773 58
774 57
775 56
776 56
777 54
778 53
779 56
780 56
781 57
782 54
783 55
784 55
785 57
786 55
787 55
788 61
789 59
790 56
791 52
792 54
793 53
794 53
795 46
796 50
797 49
798 54
799 52
800 49
801 51
802 54
803 54
804 53
805 53
806 53
807 53
808 57
809 52
810 54
811 54
812 53
813 50
814 58
815 55
816 54
817 47
818 50
819 52
820 50
821 55
822 56
823 47
824 50
825 56
826 50
827 56
828 53
829 56
830 56
831 60
832 58
833 56
834 59
835 56
836 56
837 52
838 54
839 56
840 56
841 55
842 54
843 56
844 58
845 56
846 53
847 54
848 54
849 49
850 58
851 57
852 54
853 56
854 58
855 54
856 55
857 55
858 55
859 52
860 54
861 53
862 54
863 54
864 55
865 56
866 55
867 54
868 51
869 53
870 54
871 59
872 60
873 59
874 57
875 59
876 58
877 56
878 57
879 55
880 57
881 58
882 55
883 53
884 56
885 59
886 58
887 56
888 58
889 56
890 56
891 59
892 60
893 62
894 57
895 55
896 52
897 53
898 53
899 57
900 61
901 55
902 56
903 56
904 57
905 56
906 54
907 54
908 54
909 55
910 54
911 55
912 54
913 53
914 52
915 55
916 55
917 58
918 55
919 55
920 55
921 57
922 54
923 57
924 58
925 62
926 59
927 56
928 57
929 57
930 54
931 56
932 58
933 53
934 54
935 52
936 48
937 49
938 50
939 49
940 51
941 54
942 48
943 51
944 52
945 53
946 55
947 55
948 55
949 51
950 53
951 56
952 53
953 51
954 57
955 54
956 56
957 54
958 56
959 58
960 57
961 55
962 54
963 55
964 51
965 53
966 56
967 55
968 57
969 57
970 53
971 55
972 53
973 50
974 55
975 55
976 50
977 50
978 51
979 53
980 54
981 54
982 53
983 52
984 54
985 52
986 57
987 54
988 51
989 53
990 57
991 57
992 55
993 51
994 49
995 51
996 55
997 52
998 56
999 56
1000 57
