0 80
1 65
2 58
3 56
4 58
5 54
6 52
7 48
8 57
9 53
10 55
11 54
12 56
13 53
14 47
15 49
16 53
17 54
18 52
19 54
20 54
21 56
22 51
23 49
24 51
25 52
26 51
27 50
28 56
29 51
30 54
31 55
32 55
33 53
34 54
35 50
36 50
37 52
38 42
39 53
40 53
41 54
42 53
43 52
44 52
45 50
46 41
47 45
48 52
49 56
50 53
51 49
52 48
53 55
54 54
55 58
56 53
57 50
58 58
59 53
60 52
61 53
62 54
63 57
64 51
65 54
66 54
67 54
68 53
69 53
70 50
71 53
72 54
73 55
74 57
75 54
76 54
77 56
78 56
79 55
80 54
81 52
82 50
83 54
84 52
85 50
86 55
87 54
88 49
89 47
90 51
91 56
92 54
93 53
94 51
95 52
96 49
97 54
98 53
99 52
100 52
101 54
102 48
103 53
104 51
105 51
106 53
107 53
108 51
109 50
110 49
111 52
112 57
113 57
114 54
115 54
116 54
117 53
118 55
119 54
120 56
121 53
122 50
123 52
124 52
125 54
126 54
127 55
128 49
129 54
130 56
131 52
132 49
133 46
134 54
135 51
136 54
137 55
138 46
139 51
140 53
141 50
142 48
143 47
144 51
145 51
146 52
147 53
148 53
149 52
150 55
151 55
152 55
153 55
154 52
155 52
156 45
157 50
158 46
159 48
160 50
161 50
162 56
163 57
164 56
165 55
166 53
167 48
168 55
169 53
170 54
171 53
172 52
173 55
174 54
175 52
176 51
177 52
178 53
179 54
180 54
181 60
182 57
183 55
184 51
185 54
186 53
187 55
188 56
189 58
190 54
191 53
192 50
193 46
194 53
195 54
196 53
197 57
198 51
199 53
200 53
201 55
202 57
203 49
204 49
205 54
206 55
207 56
208 57
209 54
210 56
211 56
212 51
213 55
214 49
215 50
216 52
217 53
218 51
219 51
220 54
221 55
222 58
223 54
224 50
225 53
226 54
227 46
228 50
229 54
230 55
231 50
232 56
233 51
234 50
235 48
236 54
237 53
238 54
239 54
240 52
241 51
242 48
243 49
244 48
245 54
246 52
247 51
248 49
249 51
250 53
251 54
252 54
253 52
254 55
255 50
256 48
257 47
258 50
259 50
260 52
261 49
262 51
263 46
264 49
265 49
266 53
267 54
268 53
269 49
270 51
271 55
272 53
273 49
274 53
275 53
276 57
277 56
278 50
279 53
280 49
281 49
282 52
283 52
284 53
285 51
286 52
287 47
288 51
289 51
290 50
291 51
292 48
293 54
294 50
295 53
296 51
297 50
298 54
299 53
300 58
301 53
302 52
303 52
304 58
305 55
306 57
307 60
308 55
309 52
310 56
311 50
312 51
313 57
314 51
315 52
316 53
317 51
318 47
319 50
320 52
321 53
322 55
323 55
324 48
325 53
326 57
327 51
328 57
329 58
330 51
331 52
332 54
333 52
334 56
335 51
336 46
337 47
338 50
339 51
340 53
341 55
342 50
343 53
344 52
345 54
346 50
347 51
348 52
349 50
350 53
351 52
352 55
353 53
354 54
355 53
356 52
357 53
358 57
359 49
360 47
361 50
362 53
363 47
364 52
365 46
366 46
367 52
368 53
369 51
370 50
371 53
372 50
373 53
374 54
375 53
376 56
377 57
378 52
379 52
380 55
381 50
382 53
383 50
384 48
385 52
386 52
387 54
388 56
389 52
390 51
391 55
392 49
393 51
394 52
395 55
396 56
397 59
398 53
399 50
400 55
401 54
402 54
403 52
404 52
405 49
406 51
407 52
408 52
409 53
410 55
411 56
412 49
413 54
414 55
415 54
416 52
417 54
418 54
419 54
420 52
421 50
422 54
423 54
424 56
425 52
426 46
427 45
428 51
429 51
430 52
431 50
432 51
433 57
434 54
435 51
436 54
437 51
438 53
439 53
440 53
441 54
442 50
443 50
444 51
445 53
446 51
447 50
448 53
449 53
450 51
451 51
452 52
453 50
454 54
455 47
456 50
457 49
458 52
459 51
460 51
461 53
462 52
463 55
464 52
465 52
466 46
467 47
468 51
469 51
470 45
471 52
472 52
473 53
474 54
475 56
476 58
477 53
478 56
479 59
480 53
481 54
482 54
483 51
484 56
485 57
486 53
487 54
488 53
489 53
490 52
491 55
492 51
493 49
494 52
495 56
496 54
497 51
498 53
499 56
500 57
501 53
502 50
503 53
504 53
505 51
506 57
507 50
508 53
509 52
510 52
511 53
512 51
513 52
514 52
515 54
516 52
517 54
518 53
519 54
520 55
521 55
522 53
523 53
524 54
525 52
526 54
527 52
528 55
529 55
530 53
531 52
532 50
533 52
534 54
535 58
536 55
537 51
538 48
539 48
540 50
541 51
542 54
543 48
544 52
545 53
546 55
547 55
548 57
549 57
550 56
551 46
552 50
553 52
554 49
555 53
556 54
557 54
558 56
559 57
560 55
561 56
562 52
563 51
564 55
565 52
566 54
567 55
568 56
569 55
570 50
571 51
572 53
573 52
574 52
575 48
576 50
577 55
578 52
579 53
580 52
581 50
582 51
583 55
584 56
585 56
586 53
587 52
588 53
589 53
590 48
591 51
592 51
593 50
594 52
595 46
596 51
597 47
598 50
599 49
600 55
601 48
602 49
603 49
604 54
605 54
606 54
607 58
608 54
609 50
610 51
611 52
612 52
613 50
614 53
615 54
616 49
617 49
618 49
619 49
620 51
621 51
622 56
623 51
624 49
625 52
626 50
627 53
628 57
629 51
630 48
631 48
632 51
633 50
634 51
635 48
636 50
637 49
638 48
639 50
640 54
641 57
642 54
643 51
644 53
645 55
646 51
647 54
648 52
649 50
650 51
651 51
652 47
653 53
654 54
655 54
656 55
657 54
658 54
659 55
660 55
661 54
662 52
663 50
664 54
665 53
666 52
667 50
668 51
669 54
670 51
671 52
672 46
673 52
674 48
675 48
676 44
677 52
678 52
679 52
680 51
681 58
682 53
683 55
684 54
685 48
686 53
687 51
688 54
689 52
690 46
691 52
692 55
693 56
694 51
695 55
696 46
697 50
698 43
699 50
700 53
701 56
702 54
703 50
704 55
705 55
706 56
707 55
708 53
709 53
710 53
711 50
712 48
713 55
714 53
715 54
716 57
717 52
718 51
719 49
720 52
721 55
722 50
723 51
724 48
725 50
726 52
727 49
728 52
729 52
730 51
731 52
732 50
733 54
734 53
735 52
736 50
737 56
738 54
739 51
740 46
741 49
742 47
743 56
744 57
745 53
746 53
747 53
748 54
749 53
750 48
751 53
752 52
753 51
754 52
755 53
756 54
757 55
758 55
759 55
760 54
761 55
762 50
763 48
764 51
765 55
766 54
767 49
768 47
769 49
770 55
771 48
772 49
773 49
774 50
775 51
776 54
777 55
778 55
779 58
780 57
781 52
782 50
783 53
784 51
785 55
786 55
787 52
788 50
789 53
790 53
791 51
792 52
793 54
794 53
795 51
796 51
797 55
798 56
799 53
800 52
801 55
802 45
803 45
804 50
805 51
806 47
807 48
808 56
809 56
810 59
811 53
812 53
813 54
814 52
815 47
816 47
817 46
818 52
819 50
820 50
821 55
822 52
823 53
824 54
825 53
826 48
827 51
828 47
829 50
830 51
831 52
832 56
833 55
834 52
835 54
836 53
837 52
838 48
839 55
840 54
841 51
842 48
843 55
844 53
845 54
846 55
847 50
848 53
849 56
850 58
851 53
852 50
853 46
854 51
855 49
856 49
857 53
858 48
859 54
860 57
861 53
862 53
863 51
864 54
865 53
866 52
867 58
868 58
869 54
870 55
871 51
872 54
873 55
874 55
875 55
876 54
877 53
878 52
879 55
880 52
881 51
882 54
883 53
884 54
885 46
886 55
887 58
888 56
889 53
890 50
891 48
892 51
893 52
894 51
895 55
896 57
897 53
898 50
899 51
900 50
901 51
902 54
903 47
904 50
905 53
906 52
907 49
908 53
909 54
910 57
911 52
912 48
913 48
914 48
915 50
916 50
917 52
918 54
919 55
920 58
921 54
922 51
923 49
924 54
925 56
926 56
927 55
928 54
929 46
930 53
931 52
932 55
933 58
934 53
935 52
936 49
937 50
938 51
939 52
940 54
941 57
942 53
943 53
944 55
945 57
946 55
947 51
948 47
949 48
950 51
951 55
952 52
953 52
954 51
955 51
956 54
957 58
958 51
959 54
960 45
961 49
962 50
963 51
964 50
965 51
966 54
967 58
968 51
969 53
970 56
971 57
972 51
973 56
974 53
975 53
976 54
977 52
978 53
979 51
980 49
981 53
982 57
983 50
984 59
985 54
986 53
987 50
988 51
989 50
990 47
991 54
992 49
993 55
994 56
995 54
996 54
997 54
998 52
999 51
1000 55
