0 65
1 47
2 43
3 41
4 42
5 40
6 44
7 45
8 45
9 41
10 42
11 43
12 42
13 42
14 41
15 40
16 43
17 42
18 40
19 40
20 44
21 43
22 39
23 40
24 39
25 43
26 40
27 41
28 44
29 43
30 41
31 42
32 41
33 41
34 43
35 43
36 44
37 43
38 37
39 40
40 40
41 43
42 44
43 41
44 39
45 40
46 40
47 45
48 43
49 44
50 43
51 42
52 43
53 44
54 41
55 43
56 42
57 44
58 43
59 43
60 42
61 43
62 44
63 41
64 44
65 43
66 44
67 46
68 43
69 45
70 46
71 46
72 39
73 40
74 43
75 44
76 45
77 46
78 44
79 46
80 36
81 39
82 38
83 41
84 39
85 34
86 41
87 37
88 32
89 37
90 40
91 43
92 38
93 36
94 43
95 46
96 43
97 43
98 41
99 43
100 37
101 44
102 42
103 43
104 42
105 46
106 38
107 41
108 44
109 41
110 42
111 45
112 45
113 42
114 44
115 43
116 44
117 46
118 43
119 41
120 44
121 39
122 43
123 44
124 45
125 44
126 41
127 43
128 45
129 42
130 40
131 43
132 40
133 41
134 38
135 43
136 43
137 45
138 43
139 43
140 40
141 43
142 36
143 41
144 41
145 41
146 42
147 44
148 42
149 42
150 44
151 43
152 41
153 43
154 41
155 39
156 41
157 38
158 41
159 44
160 41
161 41
162 42
163 46
164 43
165 43
166 36
167 40
168 39
169 45
170 38
171 39
172 42
173 42
174 46
175 45
176 42
177 43
178 43
179 41
180 42
181 45
182 42
183 38
184 41
185 42
186 42
187 42
188 43
189 38
190 41
191 44
192 43
193 42
194 45
195 42
196 39
197 44
198 46
199 45
200 44
201 45
202 43
203 42
204 40
205 41
206 43
207 43
208 42
209 38
210 41
211 43
212 45
213 43
214 41
215 46
216 44
217 41
218 42
219 41
220 42
221 40
222 42
223 40
224 37
225 41
226 44
227 40
228 41
229 40
230 44
231 44
232 40
233 46
234 42
235 41
236 44
237 43
238 46
239 42
240 45
241 38
242 40
243 44
244 43
245 42
246 44
247 43
248 44
249 44
250 44
251 46
252 43
253 40
254 43
255 42
256 43
257 43
258 40
259 40
260 43
261 42
262 43
263 45
264 38
265 39
266 35
267 39
268 40
269 43
270 47
271 40
272 44
273 40
274 43
275 38
276 44
277 36
278 41
279 38
280 43
281 40
282 42
283 46
284 46
285 44
286 43
287 42
288 45
289 47
290 45
291 46
292 46
293 42
294 43
295 42
296 42
297 41
298 42
299 42
300 44
301 41
302 41
303 42
304 43
305 44
306 42
307 43
308 45
309 46
310 45
311 44
312 42
313 39
314 38
315 37
316 42
317 39
318 43
319 44
320 43
321 42
322 45
323 42
324 42
325 44
326 44
327 45
328 43
329 43
330 40
331 41
332 45
333 40
334 42
335 44
336 41
337 40
338 40
339 39
340 42
341 45
342 40
343 44
344 45
345 43
346 44
347 42
348 42
349 44
350 41
351 41
352 40
353 46
354 45
355 44
356 44
357 41
358 39
359 42
360 44
361 43
362 43
363 43
364 39
365 43
366 42
367 40
368 45
369 42
370 42
371 45
372 42
373 43
374 44
375 44
376 41
377 43
378 39
379 39
380 42
381 38
382 42
383 45
384 40
385 46
386 44
387 44
388 44
389 42
390 42
391 42
392 42
393 42
394 43
395 42
396 41
397 40
398 44
399 44
400 42
401 43
402 43
403 42
404 44
405 45
406 43
407 44
408 42
409 41
410 43
411 39
412 40
413 43
414 41
415 39
416 45
417 44
418 42
419 42
420 42
421 41
422 44
423 43
424 44
425 40
426 42
427 39
428 42
429 42
430 42
431 42
432 41
433 43
434 44
435 45
436 45
437 40
438 43
439 42
440 41
441 38
442 40
443 43
444 40
445 42
446 41
447 39
448 40
449 39
450 42
451 43
452 38
453 40
454 40
455 43
456 42
457 43
458 45
459 45
460 45
461 48
462 45
463 46
464 42
465 43
466 41
467 43
468 45
469 42
470 40
471 41
472 37
473 35
474 38
475 40
476 44
477 46
478 45
479 43
480 45
481 46
482 43
483 39
484 42
485 42
486 45
487 40
488 43
489 42
490 43
491 42
492 41
493 38
494 41
495 39
496 40
497 43
498 42
499 40
500 42
501 43
502 39
503 40
504 42
505 43
506 47
507 44
508 44
509 39
510 39
511 44
512 43
513 41
514 43
515 41
516 38
517 41
518 44
519 43
520 44
521 40
522 44
523 40
524 43
525 43
526 42
527 43
528 45
529 44
530 42
531 44
532 39
533 42
534 45
535 43
536 43
537 44
538 44
539 44
540 41
541 44
542 47
543 45
544 43
545 45
546 44
547 43
548 45
549 45
550 45
551 41
552 42
553 43
554 42
555 40
556 41
557 42
558 44
559 45
560 39
561 42
562 35
563 42
564 43
565 41
566 43
567 43
568 44
569 40
570 43
571 44
572 46
573 43
574 39
575 42
576 45
577 43
578 44
579 45
580 46
581 41
582 41
583 45
584 43
585 40
586 43
587 41
588 43
589 43
590 47
591 46
592 42
593 46
594 44
595 41
596 45
597 42
598 43
599 41
600 43
601 45
602 43
603 40
604 44
605 44
606 44
607 43
608 42
609 41
610 40
611 44
612 44
613 39
614 42
615 49
616 46
617 39
618 43
619 40
620 42
621 38
622 43
623 45
624 37
625 42
626 45
627 39
628 44
629 44
630 41
631 42
632 44
633 42
634 43
635 40
636 43
637 43
638 43
639 45
640 44
641 46
642 42
643 45
644 45
645 44
646 45
647 44
648 40
649 44
650 44
651 45
652 40
653 41
654 43
655 42
656 44
657 42
658 42
659 41
660 39
661 37
662 41
663 45
664 45
665 45
666 43
667 44
668 44
669 37
670 40
671 43
672 43
673 41
674 47
675 45
676 45
677 46
678 47
679 39
680 43
681 43
682 45
683 41
684 40
685 36
686 39
687 43
688 44
689 42
690 45
691 43
692 42
693 40
694 42
695 43
696 42
697 41
698 39
699 43
700 41
701 44
702 46
703 41
704 44
705 37
706 40
707 43
708 48
709 41
710 41
711 42
712 43
713 41
714 42
715 43
716 40
717 43
718 45
719 45
720 46
721 39
722 43
723 45
724 41
725 43
726 44
727 40
728 42
729 41
730 39
731 41
732 39
733 43
734 43
735 41
736 44
737 42
738 42
739 42
740 44
741 39
742 40
743 40
744 43
745 41
746 39
747 41
748 43
749 39
750 43
751 41
752 38
753 42
754 44
755 45
756 44
757 45
758 39
759 40
760 44
761 45
762 45
763 43
764 41
765 40
766 44
767 40
768 42
769 41
770 40
771 41
772 39
773 40
774 40
775 44
776 44
777 44
778 44
779 38
780 41
781 41
782 41
783 41
784 42
785 43
786 42
787 43
788 44
789 43
790 39
791 43
792 44
793 42
794 36
795 40
796 46
797 44
798 43
799 42
800 44
801 44
802 41
803 44
804 42
805 45
806 42
807 41
808 40
809 43
810 40
811 38
812 40
813 42
814 39
815 44
816 39
817 42
818 43
819 44
820 43
821 42
822 44
823 42
824 42
825 42
826 42
827 42
828 42
829 42
830 41
831 43
832 40
833 41
834 41
835 39
836 44
837 37
838 37
839 43
840 42
841 41
842 39
843 39
844 42
845 43
846 42
847 42
848 43
849 42
850 42
851 42
852 41
853 40
854 38
855 41
856 40
857 44
858 42
859 44
860 43
861 41
862 40
863 39
864 41
865 42
866 45
867 40
868 41
869 39
870 41
871 40
872 42
873 40
874 44
875 42
876 46
877 40
878 41
879 43
880 46
881 45
882 46
883 45
884 42
885 40
886 43
887 43
888 38
889 39
890 46
891 45
892 45
893 43
894 42
895 45
896 43
897 44
898 43
899 40
900 46
901 44
902 43
903 38
904 43
905 43
906 45
907 42
908 44
909 44
910 43
911 39
912 41
913 44
914 42
915 40
916 44
917 41
918 41
919 41
920 45
921 42
922 37
923 42
924 44
925 40
926 45
927 44
928 42
929 44
930 45
931 45
932 45
933 40
934 42
935 46
936 47
937 42
938 41
939 42
940 43
941 47
942 43
943 41
944 42
945 43
946 44
947 42
948 41
949 40
950 44
951 42
952 42
953 42
954 40
955 41
956 45
957 45
958 40
959 43
960 45
961 44
962 47
963 43
964 43
965 42
966 43
967 40
968 45
969 45
970 45
971 44
972 43
973 42
974 39
975 41
976 39
977 43
978 44
979 39
980 44
981 43
982 41
983 42
984 41
985 43
986 44
987 38
988 43
989 43
990 45
991 43
992 44
993 41
994 42
995 39
996 39
997 40
998 40
999 42
1000 41
