0 35
1 28
2 23
3 25
4 22
5 23
6 26
7 24
8 23
9 23
10 21
11 18
12 20
13 26
14 24
15 22
16 23
17 24
18 27
19 26
20 24
21 23
22 25
23 22
24 23
25 27
26 25
27 24
28 26
29 23
30 21
31 27
32 21
33 19
34 20
35 23
36 23
37 24
38 25
39 22
40 23
41 25
42 23
43 23
44 20
45 24
46 23
47 24
48 22
49 24
50 25
51 23
52 25
53 23
54 24
55 20
56 23
57 24
58 21
59 21
60 24
61 22
62 20
63 20
64 21
65 23
66 24
67 21
68 18
69 20
70 24
71 23
72 21
73 22
74 24
75 26
76 24
77 27
78 23
79 25
80 22
81 24
82 21
83 26
84 24
85 26
86 22
87 23
88 23
89 24
90 25
91 19
92 22
93 21
94 24
95 24
96 21
97 23
98 23
99 21
100 25
101 23
102 22
103 22
104 23
105 21
106 24
107 24
108 19
109 23
110 21
111 21
112 25
113 25
114 22
115 27
116 20
117 24
118 27
119 24
120 24
121 24
122 19
123 24
124 25
125 25
126 25
127 24
128 19
129 22
130 23
131 23
132 23
133 26
134 23
135 21
136 20
137 18
138 24
139 26
140 26
141 22
142 23
143 23
144 22
145 23
146 24
147 24
148 25
149 26
150 23
151 25
152 23
153 22
154 25
155 23
156 22
157 23
158 26
159 25
160 24
161 24
162 24
163 26
164 23
165 26
166 24
167 23
168 20
169 23
170 17
171 22
172 22
173 23
174 27
175 25
176 22
177 24
178 25
179 24
180 20
181 24
182 23
183 22
184 23
185 22
186 22
187 22
188 24
189 26
190 22
191 20
192 20
193 19
194 22
195 26
196 24
197 22
198 22
199 26
200 23
201 23
202 22
203 20
204 22
205 23
206 24
207 23
208 22
209 26
210 21
211 20
212 24
213 23
214 22
215 23
216 24
217 24
218 23
219 25
220 24
221 21
222 22
223 21
224 19
225 23
226 21
227 17
228 20
229 25
230 23
231 24
232 26
233 24
234 22
235 24
236 26
237 23
238 25
239 21
240 25
241 22
242 23
243 24
244 22
245 22
246 21
247 24
248 23
249 21
250 22
251 27
252 27
253 26
254 25
255 22
256 20
257 22
258 22
259 27
260 24
261 25
262 24
263 24
264 20
265 23
266 21
267 25
268 24
269 24
270 26
271 21
272 24
273 25
274 25
275 26
276 21
277 18
278 24
279 21
280 25
281 20
282 21
283 25
284 22
285 24
286 24
287 25
288 23
289 24
290 26
291 26
292 25
293 24
294 25
295 26
296 17
297 25
298 22
299 24
300 22
301 24
302 24
303 23
304 23
305 25
306 26
307 20
308 22
309 25
310 20
311 24
312 26
313 25
314 24
315 23
316 26
317 27
318 24
319 24
320 24
321 23
322 23
323 25
324 24
325 22
326 24
327 23
328 22
329 21
330 23
331 23
332 23
333 24
334 22
335 20
336 23
337 22
338 23
339 24
340 26
341 25
342 22
343 21
344 23
345 21
346 25
347 23
348 25
349 23
350 24
351 21
352 23
353 24
354 25
355 21
356 23
357 24
358 18
359 18
360 22
361 24
362 20
363 24
364 22
365 20
366 26
367 24
368 23
369 24
370 22
371 24
372 24
373 22
374 22
375 21
376 24
377 18
378 24
379 23
380 23
381 29
382 25
383 21
384 24
385 22
386 24
387 23
388 23
389 24
390 22
391 24
392 26
393 26
394 25
395 24
396 22
397 20
398 24
399 23
400 22
401 24
402 18
403 21
404 23
405 24
406 25
407 19
408 20
409 22
410 24
411 24
412 19
413 23
414 22
415 23
416 24
417 21
418 23
419 23
420 19
421 25
422 25
423 24
424 22
425 21
426 24
427 21
428 23
429 25
430 23
431 23
432 23
433 26
434 21
435 24
436 23
437 24
438 21
439 21
440 22
441 23
442 23
443 23
444 24
445 21
446 22
447 22
448 23
449 23
450 24
451 24
452 21
453 25
454 27
455 24
456 23
457 22
458 26
459 24
460 22
461 23
462 22
463 25
464 25
465 22
466 23
467 24
468 22
469 22
470 22
471 24
472 25
473 27
474 25
475 27
476 25
477 22
478 24
479 25
480 24
481 23
482 25
483 24
484 24
485 25
486 22
487 20
488 25
489 25
490 21
491 22
492 23
493 23
494 24
495 23
496 22
497 25
498 23
499 25
500 28
501 24
502 25
503 26
504 25
505 19
506 22
507 22
508 25
509 23
510 23
511 24
512 22
513 22
514 22
515 25
516 26
517 23
518 23
519 20
520 24
521 24
522 21
523 22
524 24
525 20
526 22
527 26
528 25
529 21
530 23
531 22
532 22
533 25
534 23
535 26
536 25
537 24
538 23
539 24
540 21
541 24
542 24
543 22
544 25
545 25
546 19
547 20
548 24
549 18
550 24
551 25
552 24
553 18
554 23
555 24
556 26
557 22
558 25
559 19
560 21
561 22
562 24
563 22
564 21
565 23
566 23
567 24
568 24
569 28
570 24
571 23
572 24
573 22
574 27
575 23
576 20
577 24
578 27
579 22
580 23
581 21
582 21
583 24
584 23
585 26
586 24
587 26
588 27
589 25
590 27
591 22
592 21
593 22
594 25
595 24
596 21
597 23
598 22
599 23
600 25
601 23
602 21
603 20
604 24
605 20
606 24
607 20
608 19
609 22
610 25
611 25
612 26
613 24
614 24
615 23
616 24
617 22
618 21
619 25
620 23
621 25
622 21
623 23
624 22
625 21
626 24
627 23
628 23
629 22
630 22
631 24
632 19
633 24
634 25
635 24
636 25
637 21
638 23
639 24
640 23
641 23
642 28
643 21
644 26
645 25
646 22
647 22
648 25
649 24
650 26
651 21
652 27
653 21
654 22
655 24
656 26
657 22
658 24
659 27
660 22
661 22
662 25
663 25
664 21
665 23
666 23
667 23
668 21
669 23
670 21
671 20
672 24
673 23
674 25
675 23
676 24
677 24
678 28
679 22
680 21
681 25
682 24
683 21
684 24
685 23
686 23
687 24
688 24
689 25
690 22
691 23
692 23
693 20
694 21
695 19
696 23
697 24
698 26
699 23
700 22
701 24
702 25
703 20
704 22
705 24
706 26
707 24
708 23
709 23
710 23
711 21
712 21
713 21
714 22
715 21
716 27
717 26
718 24
719 24
720 26
721 25
722 21
723 22
724 24
725 22
726 24
727 22
728 22
729 24
730 22
731 23
732 20
733 27
734 24
735 25
736 25
737 18
738 24
739 20
740 22
741 28
742 23
743 26
744 23
745 24
746 24
747 25
748 23
749 24
750 22
751 24
752 22
753 23
754 24
755 22
756 24
757 23
758 25
759 22
760 22
761 23
762 20
763 24
764 25
765 26
766 20
767 24
768 22
769 23
770 25
771 19
772 26
773 22
774 23
775 19
776 22
777 21
778 23
779 23
780 19
781 24
782 23
783 23
784 26
785 21
786 23
787 24
788 22
789 24
790 24
791 24
792 24
793 23
794 22
795 23
796 22
797 25
798 26
799 24
800 25
801 24
802 25
803 22
804 23
805 23
806 25
807 24
808 21
809 24
810 24
811 25
812 21
813 27
814 23
815 24
816 21
817 21
818 25
819 23
820 24
821 21
822 23
823 25
824 20
825 23
826 24
827 26
828 24
829 23
830 23
831 22
832 25
833 24
834 21
835 24
836 25
837 24
838 26
839 25
840 21
841 27
842 25
843 24
844 24
845 23
846 25
847 22
848 21
849 22
850 23
851 23
852 24
853 24
854 23
855 26
856 22
857 23
858 22
859 20
860 21
861 23
862 23
863 24
864 24
865 25
866 22
867 25
868 24
869 23
870 22
871 27
872 24
873 23
874 21
875 22
876 20
877 22
878 23
879 25
880 22
881 20
882 23
883 25
884 22
885 25
886 22
887 20
888 24
889 24
890 23
891 26
892 25
893 24
894 22
895 19
896 23
897 27
898 22
899 17
900 22
901 22
902 26
903 24
904 21
905 22
906 22
907 23
908 25
909 23
910 26
911 22
912 23
913 19
914 17
915 23
916 20
917 23
918 22
919 19
920 23
921 24
922 21
923 24
924 21
925 23
926 23
927 23
928 22
929 20
930 24
931 24
932 23
933 21
934 24
935 26
936 23
937 22
938 21
939 25
940 22
941 24
942 25
943 24
944 22
945 22
946 21
947 25
948 25
949 21
950 21
951 25
952 24
953 24
954 23
955 22
956 21
957 26
958 24
959 22
960 20
961 24
962 25
963 25
964 23
965 18
966 23
967 23
968 26
969 22
970 18
971 17
972 18
973 25
974 24
975 23
976 20
977 24
978 26
979 26
980 21
981 24
982 23
983 23
984 24
985 23
986 23
987 21
988 23
989 26
990 24
991 23
992 25
993 26
994 24
995 22
996 24
997 23
998 23
999 21
1000 21
