0 80
1 71
2 65
3 60
4 54
5 54
6 55
7 52
8 48
9 48
10 46
11 50
12 51
13 51
14 48
15 47
16 49
17 46
18 48
19 48
20 52
21 49
22 49
23 49
24 49
25 47
26 46
27 49
28 53
29 49
30 47
31 47
32 48
33 48
34 49
35 51
36 54
37 52
38 48
39 52
40 50
41 47
42 47
43 46
44 48
45 45
46 48
47 51
48 51
49 51
50 53
51 55
52 52
53 48
54 49
55 48
56 51
57 52
58 51
59 52
60 49
61 54
62 53
63 51
64 49
65 48
66 48
67 46
68 51
69 55
70 52
71 51
72 50
73 48
74 45
75 43
76 47
77 47
78 48
79 52
80 53
81 48
82 43
83 48
84 49
85 47
86 45
87 47
88 51
89 49
90 49
91 50
92 49
93 50
94 50
95 48
96 46
97 47
98 49
99 51
100 51
101 51
102 45
103 46
104 46
105 47
106 45
107 45
108 49
109 46
110 48
111 45
112 45
113 46
114 47
115 46
116 48
117 44
118 48
119 50
120 51
121 52
122 53
123 51
124 51
125 50
126 45
127 51
128 47
129 46
130 50
131 50
132 55
133 52
134 48
135 50
136 46
137 46
138 48
139 48
140 52
141 53
142 54
143 55
144 54
145 52
146 49
147 49
148 51
149 49
150 49
151 50
152 49
153 47
154 48
155 51
156 53
157 52
158 54
159 55
160 52
161 51
162 54
163 52
164 53
165 54
166 50
167 50
168 49
169 49
170 49
171 48
172 48
173 48
174 48
175 50
176 53
177 52
178 52
179 49
180 51
181 55
182 52
183 47
184 48
185 51
186 45
187 45
188 44
189 48
190 46
191 47
192 49
193 51
194 52
195 50
196 50
197 50
198 53
199 50
200 50
201 50
202 49
203 49
204 51
205 54
206 55
207 43
208 47
209 49
210 50
211 49
212 51
213 51
214 50
215 46
216 49
217 49
218 49
219 47
220 49
221 49
222 50
223 50
224 52
225 52
226 48
227 51
228 48
229 46
230 45
231 47
232 49
233 50
234 52
235 53
236 50
237 47
238 45
239 46
240 46
241 50
242 51
243 50
244 51
245 53
246 52
247 52
248 53
249 51
250 52
251 50
252 49
253 48
254 50
255 50
256 51
257 52
258 48
259 49
260 54
261 51
262 51
263 48
264 45
265 47
266 47
267 50
268 49
269 52
270 49
271 44
272 47
273 48
274 48
275 51
276 50
277 49
278 48
279 50
280 50
281 50
282 50
283 49
284 54
285 51
286 52
287 54
288 48
289 44
290 44
291 45
292 46
293 48
294 50
295 53
296 52
297 47
298 47
299 48
300 50
301 47
302 50
303 49
304 51
305 47
306 50
307 52
308 52
309 55
310 52
311 49
312 47
313 44
314 47
315 49
316 50
317 49
318 47
319 45
320 46
321 45
322 46
323 48
324 47
325 45
326 48
327 51
328 50
329 50
330 49
331 47
332 51
333 47
334 50
335 49
336 44
337 50
338 47
339 48
340 47
341 50
342 51
343 49
344 42
345 47
346 48
347 49
348 49
349 50
350 48
351 48
352 48
353 46
354 48
355 48
356 46
357 47
358 44
359 48
360 48
361 48
362 52
363 51
364 51
365 52
366 50
367 52
368 53
369 51
370 53
371 48
372 49
373 48
374 49
375 50
376 51
377 51
378 52
379 51
380 53
381 53
382 50
383 49
384 49
385 51
386 49
387 50
388 47
389 51
390 49
391 50
392 51
393 52
394 47
395 47
396 46
397 45
398 47
399 48
400 49
401 52
402 49
403 50
404 51
405 50
406 51
407 51
408 53
409 52
410 52
411 50
412 51
413 49
414 50
415 50
416 52
417 51
418 50
419 51
420 52
421 49
422 49
423 49
424 50
425 50
426 50
427 50
428 51
429 50
430 51
431 50
432 51
433 50
434 46
435 48
436 50
437 49
438 50
439 49
440 50
441 52
442 52
443 50
444 45
445 53
446 53
447 52
448 53
449 50
450 51
451 50
452 53
453 49
454 50
455 49
456 51
457 50
458 50
459 53
460 55
461 55
462 53
463 55
464 53
465 54
466 55
467 56
468 56
469 55
470 54
471 53
472 51
473 51
474 55
475 55
476 55
477 54
478 53
479 52
480 50
481 46
482 44
483 48
484 49
485 47
486 49
487 48
488 50
489 48
490 52
491 52
492 54
493 53
494 48
495 48
496 44
497 48
498 47
499 49
500 51
501 50
502 51
503 48
504 47
505 49
506 52
507 50
508 51
509 49
510 53
511 52
512 51
513 47
514 53
515 53
516 51
517 50
518 51
519 53
520 50
521 50
522 54
523 53
524 54
525 52
526 46
527 49
528 48
529 46
530 50
531 52
532 46
533 50
534 54
535 56
536 53
537 51
538 53
539 55
540 56
541 57
542 52
543 52
544 50
545 48
546 50
547 53
548 52
549 53
550 48
551 49
552 47
553 47
554 47
555 47
556 45
557 47
558 46
559 48
560 46
561 51
562 54
563 53
564 48
565 49
566 47
567 48
568 47
569 45
570 46
571 47
572 50
573 51
574 52
575 54
576 53
577 53
578 54
579 53
580 55
581 52
582 52
583 50
584 51
585 50
586 51
587 52
588 50
589 52
590 52
591 51
592 52
593 49
594 51
595 52
596 53
597 50
598 49
599 48
600 51
601 51
602 50
603 50
604 47
605 48
606 47
607 45
608 46
609 47
610 45
611 48
612 50
613 51
614 48
615 47
616 45
617 44
618 48
619 53
620 54
621 54
622 55
623 49
624 47
625 48
626 46
627 50
628 47
629 48
630 50
631 52
632 52
633 47
634 50
635 50
636 49
637 49
638 49
639 48
640 51
641 47
642 46
643 50
644 47
645 52
646 53
647 51
648 50
649 46
650 52
651 49
652 44
653 44
654 47
655 47
656 50
657 48
658 47
659 51
660 50
661 45
662 45
663 48
664 51
665 50
666 50
667 53
668 55
669 54
670 52
671 53
672 51
673 48
674 47
675 47
676 46
677 46
678 45
679 44
680 43
681 45
682 46
683 50
684 50
685 50
686 52
687 52
688 51
689 51
690 55
691 52
692 50
693 50
694 51
695 50
696 50
697 49
698 51
699 51
700 47
701 49
702 52
703 52
704 54
705 55
706 53
707 53
708 52
709 51
710 51
711 54
712 53
713 48
714 50
715 50
716 47
717 51
718 48
719 51
720 51
721 50
722 50
723 51
724 49
725 52
726 53
727 52
728 54
729 50
730 48
731 49
732 48
733 50
734 48
735 49
736 52
737 54
738 49
739 48
740 47
741 47
742 49
743 48
744 48
745 45
746 48
747 47
748 46
749 47
750 46
751 44
752 47
753 52
754 53
755 52
756 53
757 52
758 50
759 51
760 54
761 49
762 50
763 49
764 52
765 50
766 48
767 46
768 47
769 49
770 51
771 55
772 49
773 49
774 45
775 48
776 49
777 49
778 52
779 49
780 50
781 50
782 49
783 44
784 45
785 48
786 49
787 47
788 49
789 46
790 49
791 49
792 52
793 50
794 47
795 45
796 47
797 51
798 50
799 52
800 51
801 53
802 52
803 53
804 55
805 52
806 50
807 51
808 46
809 48
810 46
811 48
812 50
813 50
814 49
815 47
816 50
817 50
818 55
819 55
820 54
821 50
822 52
823 54
824 52
825 50
826 49
827 49
828 51
829 47
830 50
831 49
832 46
833 48
834 49
835 48
836 50
837 48
838 50
839 49
840 51
841 52
842 49
843 51
844 51
845 49
846 49
847 50
848 52
849 52
850 50
851 50
852 50
853 51
854 51
855 50
856 50
857 51
858 51
859 48
860 48
861 45
862 45
863 50
864 49
865 52
866 50
867 50
868 49
869 45
870 49
871 49
872 46
873 47
874 47
875 50
876 48
877 51
878 50
879 53
880 52
881 51
882 55
883 53
884 53
885 52
886 46
887 48
888 51
889 47
890 49
891 53
892 49
893 47
894 48
895 49
896 50
897 49
898 52
899 51
900 50
901 50
902 48
903 48
904 51
905 51
906 51
907 54
908 52
909 52
910 51
911 51
912 54
913 51
914 45
915 49
916 52
917 50
918 49
919 49
920 46
921 48
922 48
923 49
924 49
925 49
926 48
927 53
928 57
929 58
930 54
931 53
932 55
933 55
934 54
935 50
936 51
937 55
938 53
939 54
940 50
941 51
942 51
943 54
944 52
945 50
946 50
947 52
948 50
949 55
950 55
951 48
952 51
953 50
954 47
955 45
956 50
957 52
958 50
959 47
960 50
961 49
962 51
963 51
964 50
965 49
966 46
967 39
968 43
969 45
970 44
971 48
972 51
973 50
974 48
975 48
976 51
977 52
978 54
979 54
980 51
981 48
982 52
983 53
984 54
985 48
986 54
987 54
988 51
989 51
990 52
991 52
992 50
993 51
994 50
995 48
996 44
997 45
998 50
999 52
1000 51
