0 65
1 50
2 48
3 46
4 46
5 45
6 48
7 50
8 41
9 45
10 44
11 47
12 42
13 47
14 46
15 43
16 39
17 45
18 45
19 45
20 44
21 47
22 48
23 48
24 45
25 41
26 48
27 46
28 43
29 47
30 43
31 46
32 50
33 44
34 41
35 45
36 45
37 44
38 41
39 47
40 43
41 42
42 45
43 45
44 45
45 44
46 45
47 46
48 44
49 48
50 44
51 47
52 47
53 49
54 47
55 44
56 43
57 48
58 49
59 45
60 47
61 45
62 47
63 47
64 42
65 48
66 49
67 44
68 46
69 48
70 45
71 45
72 47
73 48
74 45
75 44
76 44
77 44
78 43
79 48
80 42
81 46
82 49
83 42
84 47
85 46
86 45
87 45
88 48
89 44
90 39
91 43
92 46
93 42
94 45
95 43
96 46
97 43
98 45
99 46
100 46
101 46
102 47
103 48
104 47
105 43
106 42
107 44
108 45
109 44
110 43
111 46
112 47
113 46
114 42
115 43
116 44
117 43
118 39
119 43
120 43
121 44
122 44
123 47
124 48
125 47
126 45
127 45
128 43
129 48
130 49
131 44
132 47
133 43
134 44
135 45
136 45
137 44
138 44
139 42
140 44
141 49
142 44
143 47
144 45
145 43
146 47
147 47
148 47
149 45
150 46
151 48
152 49
153 44
154 44
155 45
156 47
157 48
158 44
159 47
160 52
161 42
162 45
163 43
164 52
165 43
166 47
167 44
168 39
169 44
170 49
171 45
172 48
173 45
174 45
175 47
176 46
177 48
178 42
179 46
180 45
181 45
182 46
183 45
184 48
185 47
186 45
187 44
188 44
189 40
190 49
191 43
192 44
193 44
194 44
195 46
196 45
197 45
198 41
199 46
200 42
201 42
202 41
203 42
204 47
205 41
206 49
207 45
208 45
209 45
210 43
211 42
212 47
213 42
214 48
215 44
216 46
217 47
218 47
219 42
220 43
221 47
222 48
223 50
224 42
225 46
226 46
227 44
228 45
229 43
230 50
231 48
232 46
233 45
234 44
235 46
236 40
237 44
238 43
239 47
240 47
241 42
242 45
243 53
244 44
245 45
246 46
247 48
248 48
249 49
250 47
251 47
252 41
253 42
254 45
255 48
256 43
257 43
258 46
259 43
260 45
261 47
262 42
263 52
264 48
265 43
266 45
267 42
268 44
269 47
270 48
271 42
272 47
273 47
274 44
275 46
276 46
277 49
278 43
279 43
280 39
281 47
282 43
283 47
284 45
285 46
286 48
287 48
288 45
289 43
290 49
291 49
292 45
293 51
294 44
295 47
296 44
297 46
298 44
299 48
300 43
301 46
302 47
303 43
304 41
305 46
306 48
307 46
308 44
309 38
310 48
311 45
312 45
313 49
314 44
315 50
316 41
317 42
318 46
319 46
320 47
321 47
322 43
323 45
324 45
325 44
326 44
327 48
328 47
329 46
330 46
331 48
332 42
333 45
334 44
335 44
336 47
337 45
338 45
339 44
340 44
341 44
342 41
343 46
344 46
345 45
346 42
347 47
348 45
349 47
350 46
351 41
352 43
353 45
354 48
355 44
356 43
357 47
358 44
359 47
360 50
361 45
362 42
363 42
364 43
365 45
366 39
367 48
368 45
369 40
370 50
371 45
372 45
373 45
374 49
375 45
376 44
377 45
378 41
379 42
380 44
381 44
382 45
383 48
384 48
385 38
386 47
387 44
388 45
389 46
390 43
391 45
392 46
393 46
394 44
395 47
396 42
397 46
398 46
399 46
400 45
401 46
402 48
403 48
404 47
405 45
406 45
407 41
408 49
409 44
410 47
411 46
412 47
413 45
414 44
415 46
416 46
417 44
418 48
419 42
420 44
421 48
422 46
423 44
424 42
425 44
426 44
427 42
428 45
429 45
430 47
431 46
432 46
433 47
434 48
435 42
436 47
437 45
438 46
439 47
440 43
441 50
442 44
443 44
444 45
445 48
446 42
447 45
448 48
449 47
450 44
451 47
452 50
453 46
454 42
455 50
456 46
457 41
458 46
459 46
460 45
461 46
462 48
463 48
464 48
465 49
466 44
467 50
468 39
469 50
470 40
471 46
472 47
473 42
474 42
475 45
476 43
477 47
478 42
479 46
480 44
481 52
482 46
483 49
484 45
485 45
486 45
487 41
488 44
489 47
490 51
491 47
492 42
493 43
494 40
495 47
496 46
497 44
498 47
499 44
500 40
501 45
502 40
503 47
504 45
505 43
506 44
507 41
508 39
509 46
510 47
511 43
512 41
513 47
514 41
515 45
516 44
517 44
518 44
519 48
520 39
521 47
522 44
523 49
524 43
525 46
526 42
527 49
528 47
529 46
530 44
531 49
532 48
533 53
534 47
535 41
536 44
537 48
538 47
539 49
540 45
541 49
542 49
543 50
544 50
545 46
546 46
547 44
548 47
549 41
550 45
551 44
552 43
553 45
554 46
555 43
556 45
557 42
558 45
559 40
560 49
561 46
562 41
563 44
564 48
565 48
566 42
567 50
568 46
569 43
570 46
571 49
572 49
573 44
574 46
575 44
576 49
577 44
578 47
579 47
580 47
581 42
582 45
583 41
584 48
585 43
586 43
587 48
588 39
589 48
590 49
591 39
592 42
593 45
594 48
595 47
596 48
597 45
598 44
599 43
600 43
601 46
602 44
603 47
604 51
605 48
606 44
607 46
608 43
609 48
610 48
611 45
612 43
613 46
614 47
615 45
616 44
617 49
618 46
619 43
620 43
621 47
622 45
623 44
624 48
625 46
626 39
627 38
628 42
629 43
630 46
631 45
632 41
633 45
634 47
635 47
636 44
637 50
638 40
639 46
640 45
641 43
642 44
643 48
644 43
645 43
646 45
647 43
648 42
649 46
650 46
651 46
652 48
653 43
654 47
655 48
656 49
657 46
658 49
659 47
660 43
661 46
662 43
663 47
664 45
665 46
666 45
667 47
668 44
669 44
670 48
671 46
672 42
673 43
674 45
675 47
676 45
677 45
678 47
679 46
680 48
681 48
682 44
683 47
684 44
685 46
686 46
687 47
688 45
689 45
690 48
691 40
692 46
693 45
694 44
695 47
696 46
697 43
698 47
699 40
700 46
701 43
702 48
703 47
704 45
705 44
706 46
707 47
708 45
709 46
710 42
711 42
712 46
713 43
714 44
715 45
716 46
717 45
718 38
719 44
720 46
721 46
722 38
723 43
724 43
725 43
726 46
727 47
728 42
729 43
730 44
731 43
732 43
733 44
734 46
735 44
736 45
737 50
738 49
739 49
740 43
741 46
742 44
743 47
744 44
745 45
746 44
747 47
748 47
749 46
750 50
751 48
752 46
753 44
754 47
755 47
756 45
757 45
758 43
759 41
760 47
761 45
762 46
763 48
764 46
765 46
766 48
767 45
768 47
769 38
770 47
771 49
772 48
773 47
774 45
775 44
776 43
777 45
778 45
779 49
780 47
781 42
782 44
783 42
784 48
785 49
786 45
787 47
788 47
789 49
790 44
791 46
792 45
793 44
794 45
795 44
796 47
797 41
798 42
799 44
800 45
801 46
802 48
803 40
804 48
805 44
806 45
807 46
808 43
809 42
810 51
811 45
812 48
813 45
814 44
815 41
816 44
817 48
818 45
819 42
820 42
821 46
822 43
823 42
824 50
825 46
826 48
827 43
828 50
829 47
830 47
831 47
832 50
833 43
834 47
835 46
836 42
837 44
838 46
839 45
840 47
841 48
842 43
843 45
844 45
845 46
846 48
847 47
848 42
849 47
850 47
851 47
852 50
853 50
854 47
855 42
856 42
857 44
858 44
859 41
860 45
861 42
862 46
863 44
864 45
865 46
866 46
867 46
868 43
869 46
870 46
871 43
872 47
873 46
874 42
875 48
876 41
877 47
878 46
879 48
880 45
881 46
882 45
883 45
884 47
885 43
886 46
887 46
888 45
889 45
890 47
891 38
892 45
893 44
894 47
895 48
896 40
897 43
898 45
899 44
900 43
901 44
902 49
903 40
904 43
905 42
906 48
907 44
908 48
909 43
910 42
911 46
912 50
913 46
914 45
915 45
916 43
917 42
918 45
919 48
920 42
921 45
922 45
923 46
924 46
925 45
926 46
927 45
928 47
929 43
930 45
931 46
932 43
933 45
934 42
935 47
936 49
937 46
938 44
939 44
940 46
941 45
942 48
943 48
944 49
945 46
946 44
947 47
948 48
949 47
950 42
951 44
952 45
953 47
954 44
955 46
956 47
957 45
958 48
959 47
960 45
961 44
962 42
963 43
964 44
965 47
966 46
967 41
968 44
969 42
970 39
971 46
972 45
973 46
974 44
975 46
976 42
977 46
978 47
979 47
980 49
981 40
982 46
983 45
984 48
985 47
986 43
987 45
988 42
989 47
990 46
991 42
992 44
993 42
994 47
995 47
996 42
997 46
998 41
999 48
1000 44
