0 65
1 58
2 52
3 47
4 41
5 41
6 41
7 40
8 42
9 41
10 39
11 41
12 40
13 41
14 42
15 42
16 44
17 43
18 40
19 42
20 39
21 37
22 37
23 43
24 41
25 37
26 37
27 40
28 41
29 40
30 36
31 33
32 36
33 38
34 36
35 37
36 35
37 35
38 36
39 36
40 39
41 40
42 42
43 42
44 44
45 41
46 38
47 37
48 40
49 40
50 40
51 43
52 39
53 37
54 33
55 32
56 34
57 38
58 40
59 37
60 39
61 40
62 40
63 38
64 38
65 36
66 37
67 37
68 35
69 33
70 32
71 32
72 34
73 39
74 40
75 41
76 41
77 39
78 34
79 38
80 36
81 36
82 39
83 38
84 40
85 40
86 41
87 41
88 42
89 44
90 42
91 41
92 43
93 42
94 42
95 37
96 37
97 41
98 41
99 40
100 39
101 38
102 39
103 41
104 40
105 39
106 39
107 39
108 41
109 42
110 36
111 34
112 35
113 36
114 35
115 37
116 35
117 39
118 40
119 40
120 38
121 38
122 40
123 40
124 39
125 38
126 35
127 36
128 36
129 34
130 36
131 38
132 37
133 33
134 33
135 36
136 40
137 37
138 38
139 36
140 35
141 39
142 37
143 37
144 41
145 40
146 38
147 38
148 40
149 40
150 40
151 39
152 38
153 37
154 36
155 35
156 37
157 38
158 37
159 37
160 39
161 35
162 37
163 34
164 36
165 36
166 38
167 36
168 37
169 37
170 36
171 35
172 35
173 34
174 34
175 37
176 31
177 31
178 32
179 36
180 34
181 34
182 36
183 37
184 37
185 36
186 39
187 41
188 44
189 44
190 43
191 43
192 39
193 41
194 41
195 41
196 42
197 40
198 40
199 39
200 39
201 40
202 42
203 40
204 37
205 36
206 37
207 37
208 38
209 35
210 38
211 37
212 39
213 38
214 38
215 37
216 32
217 32
218 35
219 36
220 35
221 35
222 37
223 39
224 39
225 40
226 39
227 41
228 41
229 42
230 42
231 40
232 38
233 41
234 42
235 36
236 36
237 38
238 35
239 35
240 39
241 39
242 40
243 42
244 42
245 45
246 40
247 41
248 39
249 37
250 41
251 40
252 42
253 39
254 37
255 35
256 36
257 39
258 38
259 41
260 40
261 43
262 43
263 45
264 47
265 42
266 42
267 43
268 43
269 43
270 43
271 41
272 41
273 42
274 40
275 39
276 38
277 37
278 36
279 35
280 33
281 35
282 35
283 37
284 36
285 37
286 36
287 38
288 39
289 39
290 40
291 41
292 41
293 42
294 42
295 41
296 43
297 43
298 43
299 45
300 47
301 46
302 43
303 42
304 41
305 40
306 40
307 35
308 38
309 37
310 38
311 38
312 37
313 35
314 32
315 31
316 33
317 33
318 34
319 37
320 36
321 36
322 40
323 39
324 41
325 38
326 43
327 41
328 37
329 37
330 39
331 38
332 37
333 39
334 37
335 36
336 39
337 39
338 40
339 41
340 43
341 40
342 29
343 33
344 35
345 34
346 35
347 35
348 36
349 31
350 32
351 37
352 38
353 37
354 35
355 36
356 34
357 37
358 38
359 38
360 34
361 35
362 37
363 33
364 35
365 34
366 38
367 38
368 37
369 36
370 39
371 40
372 38
373 37
374 39
375 38
376 42
377 41
378 40
379 40
380 40
381 41
382 40
383 38
384 37
385 39
386 39
387 38
388 39
389 38
390 38
391 39
392 38
393 36
394 40
395 39
396 35
397 35
398 36
399 38
400 39
401 37
402 40
403 40
404 40
405 43
406 42
407 42
408 43
409 41
410 39
411 38
412 37
413 31
414 35
415 36
416 39
417 36
418 36
419 37
420 39
421 40
422 40
423 40
424 41
425 37
426 39
427 41
428 39
429 41
430 41
431 41
432 36
433 36
434 39
435 37
436 42
437 43
438 43
439 40
440 40
441 40
442 39
443 37
444 39
445 37
446 36
447 39
448 39
449 41
450 41
451 42
452 39
453 36
454 36
455 40
456 42
457 40
458 39
459 38
460 38
461 40
462 40
463 40
464 42
465 40
466 42
467 40
468 44
469 42
470 41
471 39
472 39
473 39
474 39
475 39
476 38
477 40
478 38
479 40
480 34
481 36
482 39
483 39
484 40
485 40
486 43
487 41
488 41
489 39
490 41
491 44
492 42
493 43
494 42
495 45
496 44
497 46
498 43
499 44
500 42
501 43
502 44
503 47
504 48
505 46
506 42
507 41
508 42
509 43
510 41
511 42
512 41
513 36
514 36
515 32
516 32
517 37
518 33
519 36
520 36
521 31
522 30
523 32
524 36
525 37
526 36
527 35
528 34
529 35
530 34
531 35
532 35
533 33
534 35
535 35
536 35
537 38
538 39
539 39
540 39
541 37
542 39
543 40
544 39
545 40
546 39
547 36
548 36
549 39
550 35
551 37
552 39
553 41
554 38
555 39
556 40
557 41
558 40
559 42
560 40
561 40
562 42
563 40
564 36
565 33
566 38
567 37
568 37
569 37
570 37
571 38
572 39
573 39
574 41
575 40
576 44
577 42
578 42
579 43
580 42
581 39
582 40
583 41
584 38
585 37
586 40
587 37
588 37
589 41
590 40
591 37
592 41
593 38
594 38
595 39
596 44
597 46
598 43
599 44
600 40
601 40
602 38
603 40
604 37
605 39
606 39
607 39
608 39
609 43
610 43
611 42
612 42
613 40
614 40
615 43
616 42
617 42
618 42
619 41
620 42
621 42
622 37
623 39
624 40
625 43
626 41
627 41
628 40
629 40
630 38
631 40
632 41
633 39
634 41
635 43
636 42
637 41
638 39
639 37
640 38
641 35
642 37
643 37
644 32
645 36
646 39
647 38
648 38
649 41
650 43
651 39
652 41
653 39
654 41
655 40
656 40
657 39
658 38
659 40
660 38
661 39
662 41
663 40
664 39
665 40
666 40
667 39
668 39
669 39
670 39
671 40
672 41
673 40
674 39
675 38
676 40
677 41
678 44
679 44
680 45
681 43
682 42
683 45
684 45
685 43
686 43
687 41
688 40
689 40
690 37
691 38
692 41
693 41
694 37
695 38
696 39
697 36
698 37
699 34
700 36
701 38
702 36
703 40
704 39
705 40
706 42
707 40
708 40
709 39
710 38
711 41
712 37
713 40
714 39
715 39
716 38
717 33
718 35
719 38
720 38
721 40
722 40
723 41
724 40
725 34
726 33
727 37
728 39
729 40
730 39
731 38
732 37
733 37
734 40
735 41
736 43
737 43
738 43
739 44
740 38
741 35
742 35
743 36
744 38
745 37
746 39
747 41
748 41
749 39
750 40
751 40
752 43
753 41
754 41
755 42
756 42
757 43
758 40
759 35
760 34
761 35
762 32
763 35
764 36
765 38
766 37
767 37
768 41
769 37
770 41
771 41
772 38
773 36
774 36
775 40
776 42
777 42
778 40
779 41
780 41
781 40
782 38
783 37
784 39
785 41
786 41
787 39
788 38
789 34
790 35
791 34
792 36
793 39
794 39
795 38
796 38
797 37
798 33
799 31
800 35
801 34
802 38
803 37
804 36
805 38
806 37
807 33
808 32
809 30
810 33
811 36
812 39
813 37
814 35
815 37
816 36
817 38
818 38
819 39
820 41
821 39
822 38
823 41
824 41
825 41
826 40
827 40
828 38
829 39
830 40
831 41
832 37
833 37
834 38
835 39
836 39
837 38
838 42
839 41
840 42
841 41
842 44
843 41
844 41
845 41
846 40
847 40
848 41
849 38
850 40
851 41
852 41
853 41
854 39
855 37
856 38
857 39
858 41
859 41
860 38
861 39
862 38
863 36
864 36
865 36
866 37
867 37
868 39
869 40
870 41
871 42
872 40
873 41
874 43
875 39
876 39
877 35
878 35
879 38
880 38
881 39
882 40
883 42
884 39
885 39
886 40
887 42
888 41
889 40
890 40
891 39
892 39
893 41
894 41
895 41
896 41
897 42
898 43
899 45
900 43
901 43
902 46
903 42
904 44
905 45
906 47
907 45
908 44
909 44
910 45
911 43
912 39
913 40
914 40
915 42
916 40
917 40
918 42
919 41
920 42
921 40
922 44
923 41
924 42
925 43
926 46
927 41
928 41
929 44
930 39
931 40
932 41
933 38
934 39
935 39
936 40
937 40
938 37
939 35
940 37
941 37
942 40
943 38
944 40
945 39
946 39
947 39
948 38
949 36
950 38
951 39
952 41
953 43
954 40
955 41
956 40
957 41
958 43
959 42
960 41
961 40
962 43
963 42
964 39
965 38
966 36
967 35
968 37
969 40
970 38
971 38
972 41
973 37
974 37
975 40
976 40
977 38
978 38
979 39
980 39
981 40
982 40
983 39
984 40
985 41
986 42
987 42
988 44
989 39
990 39
991 40
992 37
993 37
994 34
995 38
996 39
997 41
998 41
999 40
1000 37
