0 75
1 70
2 65
3 59
4 56
5 52
6 50
7 49
8 47
9 48
10 45
11 47
12 49
13 48
14 46
15 44
16 42
17 43
18 42
19 42
20 40
21 39
22 39
23 37
24 40
25 38
26 39
27 36
28 36
29 34
30 35
31 34
32 34
33 35
34 36
35 37
36 37
37 37
38 39
39 40
40 41
41 42
42 41
43 38
44 39
45 39
46 34
47 33
48 34
49 36
50 38
51 38
52 38
53 39
54 36
55 35
56 37
57 39
58 40
59 39
60 34
61 35
62 36
63 38
64 38
65 36
66 37
67 37
68 38
69 39
70 38
71 39
72 39
73 37
74 38
75 37
76 40
77 42
78 41
79 42
80 40
81 41
82 40
83 38
84 38
85 41
86 39
87 39
88 41
89 39
90 40
91 41
92 42
93 41
94 37
95 39
96 40
97 39
98 40
99 42
100 43
101 42
102 42
103 40
104 41
105 40
106 40
107 37
108 38
109 37
110 38
111 38
112 39
113 37
114 37
115 38
116 35
117 34
118 31
119 34
120 33
121 34
122 35
123 36
124 33
125 35
126 36
127 39
128 38
129 38
130 39
131 37
132 38
133 35
134 35
135 34
136 38
137 36
138 38
139 39
140 41
141 38
142 40
143 39
144 35
145 36
146 34
147 33
148 32
149 33
150 32
151 31
152 34
153 35
154 37
155 34
156 34
157 34
158 36
159 34
160 36
161 38
162 37
163 36
164 37
165 39
166 38
167 39
168 38
169 37
170 39
171 41
172 41
173 42
174 42
175 42
176 37
177 37
178 38
179 37
180 33
181 32
182 31
183 33
184 33
185 34
186 37
187 37
188 38
189 37
190 37
191 36
192 37
193 37
194 34
195 37
196 39
197 38
198 41
199 41
200 44
201 44
202 45
203 44
204 46
205 42
206 39
207 39
208 37
209 34
210 37
211 35
212 35
213 36
214 36
215 35
216 35
217 33
218 34
219 35
220 35
221 38
222 38
223 39
224 42
225 37
226 37
227 34
228 35
229 35
230 36
231 35
232 37
233 38
234 35
235 35
236 34
237 35
238 35
239 36
240 37
241 38
242 37
243 38
244 40
245 40
246 42
247 41
248 41
249 42
250 42
251 41
252 40
253 39
254 40
255 40
256 41
257 40
258 40
259 40
260 39
261 38
262 37
263 38
264 39
265 37
266 38
267 37
268 38
269 38
270 38
271 37
272 41
273 42
274 43
275 43
276 44
277 40
278 40
279 37
280 38
281 39
282 39
283 41
284 41
285 41
286 42
287 45
288 43
289 44
290 40
291 42
292 41
293 43
294 43
295 42
296 41
297 40
298 38
299 37
300 37
301 38
302 37
303 38
304 38
305 40
306 38
307 41
308 41
309 39
310 39
311 41
312 39
313 37
314 38
315 37
316 39
317 39
318 41
319 42
320 41
321 42
322 43
323 40
324 40
325 40
326 42
327 43
328 43
329 43
330 42
331 40
332 37
333 38
334 39
335 38
336 40
337 39
338 37
339 36
340 38
341 40
342 42
343 42
344 40
345 39
346 40
347 41
348 39
349 38
350 39
351 40
352 42
353 42
354 42
355 42
356 43
357 44
358 43
359 43
360 43
361 44
362 42
363 41
364 39
365 40
366 41
367 41
368 41
369 40
370 42
371 42
372 42
373 41
374 37
375 40
376 40
377 39
378 37
379 36
380 38
381 38
382 39
383 40
384 38
385 37
386 38
387 39
388 38
389 40
390 41
391 40
392 38
393 40
394 41
395 40
396 39
397 39
398 40
399 39
400 36
401 35
402 35
403 37
404 35
405 36
406 38
407 37
408 39
409 40
410 38
411 39
412 38
413 35
414 34
415 36
416 37
417 37
418 35
419 33
420 33
421 33
422 33
423 34
424 35
425 35
426 36
427 39
428 41
429 42
430 41
431 40
432 41
433 39
434 40
435 40
436 38
437 38
438 39
439 39
440 39
441 38
442 39
443 41
444 40
445 40
446 38
447 37
448 39
449 40
450 40
451 38
452 37
453 36
454 36
455 38
456 41
457 39
458 38
459 37
460 36
461 36
462 38
463 39
464 39
465 34
466 35
467 35
468 38
469 38
470 40
471 39
472 39
473 39
474 40
475 40
476 40
477 40
478 40
479 40
480 39
481 38
482 38
483 36
484 38
485 39
486 39
487 38
488 38
489 37
490 37
491 37
492 37
493 38
494 37
495 35
496 37
497 38
498 36
499 36
500 38
501 39
502 35
503 37
504 36
505 36
506 37
507 38
508 37
509 37
510 37
511 37
512 37
513 37
514 40
515 40
516 40
517 40
518 40
519 40
520 39
521 37
522 39
523 39
524 40
525 41
526 42
527 39
528 39
529 39
530 39
531 40
532 39
533 39
534 40
535 42
536 42
537 42
538 42
539 42
540 43
541 42
542 44
543 42
544 44
545 41
546 43
547 41
548 41
549 40
550 40
551 41
552 38
553 38
554 38
555 36
556 38
557 37
558 34
559 33
560 33
561 32
562 33
563 32
564 33
565 36
566 37
567 33
568 34
569 36
570 38
571 39
572 38
573 37
574 37
575 35
576 37
577 38
578 38
579 40
580 39
581 36
582 35
583 36
584 38
585 38
586 40
587 41
588 41
589 41
590 40
591 41
592 41
593 41
594 41
595 40
596 40
597 41
598 41
599 41
600 40
601 40
602 39
603 38
604 39
605 38
606 37
607 36
608 36
609 36
610 37
611 39
612 40
613 40
614 38
615 35
616 34
617 34
618 35
619 37
620 35
621 36
622 38
623 39
624 42
625 42
626 41
627 40
628 39
629 41
630 39
631 39
632 40
633 38
634 40
635 41
636 41
637 39
638 38
639 38
640 37
641 37
642 37
643 39
644 38
645 39
646 38
647 37
648 38
649 37
650 39
651 38
652 39
653 35
654 36
655 40
656 41
657 39
658 40
659 41
660 39
661 42
662 42
663 43
664 43
665 41
666 42
667 43
668 41
669 41
670 39
671 37
672 36
673 36
674 33
675 33
676 32
677 34
678 36
679 36
680 38
681 38
682 40
683 40
684 41
685 41
686 41
687 42
688 42
689 40
690 39
691 40
692 40
693 41
694 41
695 38
696 37
697 37
698 36
699 36
700 36
701 34
702 35
703 36
704 34
705 35
706 37
707 39
708 39
709 39
710 38
711 37
712 37
713 38
714 39
715 39
716 39
717 39
718 40
719 40
720 40
721 41
722 40
723 38
724 39
725 40
726 40
727 41
728 41
729 39
730 40
731 38
732 39
733 41
734 42
735 40
736 40
737 41
738 39
739 39
740 38
741 38
742 40
743 39
744 39
745 37
746 36
747 36
748 37
749 39
750 42
751 41
752 41
753 40
754 40
755 42
756 42
757 42
758 41
759 40
760 37
761 37
762 38
763 39
764 41
765 44
766 42
767 37
768 36
769 36
770 37
771 38
772 41
773 40
774 38
775 36
776 38
777 39
778 40
779 40
780 40
781 41
782 40
783 39
784 37
785 39
786 37
787 37
788 38
789 38
790 39
791 39
792 41
793 37
794 39
795 40
796 40
797 40
798 39
799 39
800 40
801 37
802 35
803 35
804 36
805 37
806 32
807 33
808 34
809 36
810 34
811 35
812 33
813 34
814 33
815 34
816 36
817 38
818 37
819 38
820 37
821 38
822 38
823 39
824 35
825 38
826 41
827 40
828 38
829 39
830 39
831 41
832 43
833 42
834 41
835 42
836 42
837 42
838 41
839 42
840 42
841 42
842 39
843 38
844 37
845 34
846 34
847 36
848 36
849 38
850 38
851 38
852 38
853 38
854 38
855 38
856 41
857 41
858 41
859 41
860 41
861 41
862 42
863 43
864 40
865 37
866 38
867 39
868 42
869 41
870 41
871 40
872 39
873 39
874 39
875 37
876 40
877 39
878 41
879 42
880 40
881 40
882 39
883 38
884 40
885 37
886 37
887 38
888 36
889 38
890 39
891 36
892 36
893 37
894 38
895 36
896 38
897 40
898 40
899 41
900 39
901 39
902 38
903 39
904 35
905 36
906 35
907 35
908 35
909 36
910 35
911 34
912 36
913 37
914 36
915 39
916 39
917 39
918 39
919 38
920 39
921 39
922 39
923 40
924 37
925 39
926 39
927 37
928 38
929 39
930 40
931 42
932 39
933 40
934 40
935 39
936 40
937 39
938 36
939 38
940 37
941 36
942 37
943 38
944 37
945 36
946 36
947 37
948 41
949 41
950 41
951 40
952 39
953 39
954 41
955 38
956 37
957 37
958 36
959 36
960 36
961 38
962 37
963 37
964 38
965 38
966 39
967 41
968 41
969 40
970 42
971 42
972 41
973 40
974 39
975 40
976 38
977 40
978 40
979 39
980 39
981 38
982 39
983 38
984 36
985 38
986 40
987 41
988 40
989 40
990 39
991 40
992 39
993 38
994 37
995 36
996 37
997 39
998 39
999 39
1000 39
