0 95
1 93
2 91
3 90
4 88
5 85
6 83
7 82
8 80
9 78
10 76
11 74
12 72
13 71
14 70
15 69
16 68
17 68
18 66
19 65
20 62
21 60
22 59
23 58
24 58
25 58
26 59
27 59
28 58
29 56
30 56
31 56
32 54
33 53
34 50
35 48
36 48
37 47
38 45
39 45
40 45
41 45
42 44
43 43
44 43
45 43
46 43
47 44
48 44
49 43
50 43
51 43
52 43
53 43
54 42
55 42
56 40
57 39
58 39
59 39
60 39
61 38
62 38
63 39
64 39
65 38
66 37
67 37
68 37
69 36
70 37
71 37
72 37
73 38
74 38
75 38
76 38
77 39
78 40
79 40
80 39
81 40
82 39
83 39
84 39
85 38
86 39
87 39
88 39
89 37
90 36
91 36
92 35
93 33
94 33
95 32
96 33
97 34
98 32
99 31
100 30
101 30
102 29
103 30
104 30
105 28
106 29
107 29
108 29
109 30
110 30
111 31
112 31
113 32
114 31
115 31
116 31
117 31
118 31
119 31
120 31
121 29
122 29
123 28
124 28
125 28
126 28
127 28
128 29
129 30
130 31
131 31
132 30
133 30
134 30
135 29
136 30
137 31
138 32
139 32
140 32
141 31
142 30
143 30
144 29
145 29
146 30
147 31
148 31
149 29
150 29
151 28
152 29
153 29
154 29
155 28
156 28
157 28
158 27
159 27
160 26
161 25
162 24
163 24
164 24
165 25
166 25
167 25
168 25
169 25
170 26
171 26
172 26
173 26
174 27
175 29
176 30
177 30
178 31
179 32
180 32
181 32
182 32
183 32
184 34
185 34
186 34
187 33
188 32
189 33
190 34
191 33
192 33
193 33
194 33
195 33
196 33
197 33
198 32
199 33
200 33
201 32
202 31
203 29
204 29
205 29
206 28
207 29
208 29
209 29
210 29
211 30
212 31
213 32
214 32
215 32
216 31
217 31
218 31
219 32
220 31
221 31
222 32
223 32
224 32
225 32
226 31
227 31
228 31
229 31
230 30
231 30
232 30
233 30
234 30
235 30
236 30
237 29
238 29
239 29
240 28
241 29
242 28
243 27
244 27
245 27
246 25
247 25
248 25
249 26
250 25
251 25
252 27
253 26
254 26
255 26
256 25
257 24
258 24
259 24
260 25
261 26
262 25
263 25
264 26
265 26
266 26
267 27
268 27
269 28
270 30
271 30
272 29
273 29
274 29
275 30
276 30
277 29
278 29
279 29
280 28
281 28
282 28
283 28
284 28
285 28
286 28
287 29
288 29
289 29
290 30
291 31
292 33
293 32
294 32
295 31
296 31
297 30
298 30
299 29
300 29
301 29
302 28
303 29
304 29
305 29
306 29
307 29
308 27
309 27
310 28
311 28
312 28
313 29
314 29
315 30
316 30
317 30
318 29
319 29
320 29
321 29
322 29
323 29
324 30
325 30
326 29
327 30
328 30
329 30
330 31
331 32
332 32
333 33
334 33
335 33
336 33
337 32
338 32
339 32
340 32
341 32
342 32
343 32
344 32
345 31
346 31
347 31
348 31
349 31
350 29
351 29
352 28
353 29
354 28
355 28
356 28
357 29
358 30
359 28
360 29
361 29
362 29
363 30
364 30
365 30
366 30
367 30
368 31
369 31
370 31
371 31
372 31
373 31
374 30
375 30
376 31
377 31
378 31
379 31
380 31
381 31
382 30
383 29
384 29
385 29
386 28
387 28
388 28
389 28
390 29
391 28
392 28
393 28
394 28
395 27
396 26
397 28
398 28
399 29
400 30
401 30
402 30
403 30
404 31
405 33
406 34
407 34
408 35
409 35
410 35
411 34
412 34
413 33
414 33
415 33
416 33
417 33
418 33
419 34
420 35
421 35
422 34
423 34
424 34
425 34
426 34
427 34
428 35
429 34
430 34
431 34
432 33
433 33
434 32
435 31
436 32
437 32
438 32
439 33
440 33
441 33
442 33
443 33
444 32
445 32
446 32
447 31
448 31
449 32
450 31
451 31
452 32
453 32
454 31
455 31
456 32
457 33
458 33
459 33
460 32
461 31
462 31
463 31
464 32
465 32
466 34
467 34
468 33
469 32
470 32
471 32
472 32
473 33
474 32
475 33
476 33
477 32
478 32
479 32
480 32
481 32
482 32
483 32
484 32
485 34
486 35
487 35
488 35
489 35
490 35
491 35
492 35
493 35
494 34
495 34
496 33
497 32
498 31
499 31
500 31
501 30
502 29
503 30
504 30
505 30
506 29
507 29
508 29
509 27
510 26
511 26
512 27
513 27
514 28
515 29
516 28
517 28
518 27
519 28
520 28
521 28
522 29
523 30
524 29
525 29
526 29
527 30
528 30
529 29
530 27
531 27
532 27
533 27
534 27
535 28
536 28
537 28
538 29
539 29
540 29
541 29
542 28
543 28
544 28
545 28
546 29
547 29
548 30
549 31
550 32
551 31
552 32
553 33
554 32
555 32
556 33
557 33
558 33
559 33
560 32
561 32
562 32
563 32
564 31
565 31
566 30
567 30
568 30
569 31
570 30
571 31
572 30
573 30
574 30
575 31
576 31
577 30
578 30
579 31
580 30
581 31
582 32
583 33
584 32
585 31
586 32
587 32
588 32
589 32
590 32
591 33
592 34
593 32
594 32
595 32
596 32
597 32
598 34
599 33
600 33
601 33
602 33
603 34
604 34
605 35
606 35
607 36
608 35
609 35
610 36
611 36
612 36
613 36
614 36
615 36
616 36
617 37
618 36
619 36
620 36
621 35
622 34
623 35
624 35
625 34
626 34
627 35
628 35
629 34
630 34
631 34
632 34
633 34
634 33
635 33
636 32
637 32
638 32
639 31
640 32
641 33
642 33
643 32
644 31
645 29
646 29
647 29
648 30
649 30
650 29
651 29
652 29
653 28
654 28
655 28
656 28
657 27
658 27
659 28
660 28
661 29
662 28
663 29
664 29
665 28
666 27
667 27
668 29
669 29
670 30
671 27
672 26
673 27
674 28
675 27
676 27
677 27
678 27
679 27
680 26
681 27
682 28
683 29
684 29
685 29
686 29
687 28
688 28
689 28
690 28
691 28
692 29
693 28
694 28
695 29
696 29
697 30
698 30
699 31
700 30
701 32
702 31
703 32
704 32
705 31
706 30
707 30
708 30
709 31
710 31
711 32
712 32
713 32
714 33
715 33
716 33
717 33
718 34
719 33
720 34
721 34
722 33
723 33
724 34
725 35
726 32
727 32
728 31
729 32
730 31
731 29
732 29
733 29
734 29
735 28
736 28
737 28
738 28
739 28
740 27
741 27
742 27
743 27
744 27
745 27
746 27
747 27
748 27
749 27
750 27
751 27
752 27
753 26
754 26
755 26
756 26
757 25
758 25
759 26
760 26
761 27
762 28
763 28
764 27
765 27
766 28
767 28
768 28
769 27
770 28
771 28
772 29
773 28
774 30
775 30
776 29
777 29
778 30
779 31
780 32
781 32
782 31
783 31
784 31
785 31
786 30
787 30
788 30
789 31
790 33
791 33
792 33
793 34
794 35
795 34
796 33
797 32
798 31
799 31
800 31
801 30
802 31
803 31
804 30
805 30
806 31
807 31
808 30
809 30
810 30
811 31
812 31
813 30
814 29
815 28
816 27
817 27
818 28
819 28
820 30
821 29
822 30
823 31
824 31
825 31
826 31
827 31
828 31
829 32
830 32
831 32
832 31
833 31
834 30
835 30
836 30
837 30
838 30
839 30
840 29
841 29
842 28
843 29
844 28
845 29
846 30
847 31
848 31
849 31
850 31
851 31
852 32
853 32
854 30
855 30
856 30
857 29
858 30
859 30
860 30
861 31
862 31
863 30
864 31
865 31
866 31
867 31
868 31
869 31
870 31
871 31
872 33
873 33
874 32
875 31
876 31
877 32
878 32
879 32
880 32
881 32
882 32
883 33
884 33
885 34
886 33
887 33
888 33
889 33
890 33
891 34
892 34
893 35
894 36
895 37
896 36
897 36
898 35
899 34
900 34
901 34
902 35
903 35
904 33
905 33
906 33
907 32
908 32
909 33
910 33
911 30
912 31
913 31
914 31
915 31
916 32
917 31
918 30
919 30
920 30
921 30
922 29
923 30
924 30
925 30
926 28
927 28
928 29
929 30
930 30
931 30
932 31
933 31
934 30
935 31
936 31
937 29
938 30
939 30
940 31
941 31
942 29
943 29
944 30
945 30
946 31
947 30
948 31
949 31
950 31
951 32
952 33
953 33
954 34
955 34
956 34
957 33
958 32
959 32
960 31
961 30
962 30
963 31
964 31
965 31
966 31
967 29
968 29
969 29
970 29
971 31
972 31
973 33
974 33
975 32
976 30
977 29
978 28
979 28
980 28
981 29
982 28
983 28
984 27
985 27
986 28
987 28
988 27
989 28
990 28
991 28
992 28
993 28
994 28
995 29
996 31
997 31
998 31
999 29
1000 30
