0 20
1 19
2 17
3 16
4 14
5 15
6 15
7 13
8 13
9 12
10 11
11 11
12 10
13 9
14 9
15 10
16 11
17 11
18 11
19 12
20 13
21 11
22 11
23 11
24 11
25 10
26 10
27 10
28 10
29 9
30 9
31 9
32 9
33 10
34 10
35 10
36 8
37 7
38 8
39 7
40 6
41 6
42 7
43 8
44 8
45 9
46 9
47 9
48 9
49 8
50 8
51 8
52 8
53 9
54 10
55 10
56 11
57 10
58 10
59 10
60 9
61 9
62 9
63 10
64 9
65 10
66 10
67 10
68 9
69 9
70 8
71 9
72 9
73 9
74 10
75 9
76 8
77 6
78 5
79 4
80 5
81 6
82 6
83 7
84 6
85 6
86 4
87 6
88 5
89 6
90 6
91 7
92 7
93 6
94 7
95 7
96 8
97 10
98 9
99 9
100 9
101 7
102 5
103 5
104 6
105 6
106 6
107 6
108 5
109 4
110 5
111 6
112 6
113 6
114 6
115 5
116 4
117 6
118 6
119 6
120 5
121 6
122 5
123 4
124 5
125 6
126 5
127 5
128 6
129 6
130 6
131 6
132 5
133 5
134 6
135 6
136 7
137 7
138 8
139 10
140 11
141 11
142 11
143 11
144 12
145 11
146 10
147 8
148 9
149 8
150 9
151 9
152 8
153 6
154 5
155 3
156 4
157 4
158 4
159 3
160 3
161 3
162 3
163 4
164 5
165 5
166 5
167 5
168 5
169 5
170 6
171 5
172 5
173 6
174 5
175 5
176 4
177 5
178 5
179 5
180 5
181 5
182 5
183 6
184 4
185 4
186 5
187 6
188 6
189 6
190 7
191 6
192 7
193 7
194 6
195 5
196 6
197 4
198 5
199 5
200 6
201 5
202 5
203 6
204 6
205 7
206 6
207 8
208 8
209 8
210 8
211 7
212 9
213 8
214 8
215 8
216 8
217 8
218 9
219 9
220 8
221 8
222 9
223 8
224 9
225 9
226 10
227 9
228 8
229 8
230 7
231 7
232 8
233 8
234 8
235 7
236 9
237 9
238 8
239 8
240 7
241 6
242 6
243 6
244 4
245 6
246 5
247 6
248 6
249 7
250 6
251 6
252 6
253 6
254 5
255 5
256 5
257 6
258 6
259 6
260 6
261 6
262 7
263 7
264 8
265 7
266 7
267 7
268 7
269 7
270 7
271 7
272 8
273 6
274 6
275 4
276 5
277 6
278 6
279 6
280 6
281 6
282 7
283 7
284 6
285 6
286 6
287 7
288 7
289 8
290 8
291 9
292 9
293 9
294 9
295 8
296 8
297 9
298 9
299 9
300 8
301 8
302 7
303 7
304 7
305 9
306 7
307 7
308 7
309 7
310 6
311 6
312 5
313 6
314 7
315 7
316 7
317 6
318 6
319 5
320 5
321 6
322 6
323 6
324 7
325 8
326 8
327 9
328 9
329 9
330 9
331 7
332 8
333 9
334 10
335 9
336 7
337 5
338 5
339 5
340 4
341 5
342 6
343 6
344 7
345 7
346 7
347 7
348 7
349 7
350 6
351 6
352 7
353 6
354 6
355 7
356 7
357 8
358 8
359 8
360 8
361 9
362 9
363 9
364 10
365 10
366 10
367 8
368 8
369 8
370 7
371 7
372 6
373 7
374 7
375 7
376 8
377 8
378 8
379 7
380 7
381 5
382 5
383 5
384 6
385 6
386 6
387 7
388 7
389 8
390 8
391 8
392 8
393 7
394 7
395 7
396 7
397 6
398 7
399 8
400 8
401 7
402 8
403 8
404 9
405 9
406 9
407 9
408 9
409 10
410 9
411 9
412 10
413 10
414 9
415 9
416 9
417 8
418 6
419 6
420 7
421 8
422 7
423 7
424 7
425 8
426 9
427 8
428 8
429 7
430 6
431 9
432 8
433 9
434 8
435 7
436 7
437 8
438 8
439 8
440 9
441 9
442 8
443 8
444 8
445 8
446 8
447 8
448 8
449 8
450 8
451 7
452 7
453 6
454 6
455 7
456 8
457 7
458 8
459 7
460 8
461 10
462 9
463 10
464 9
465 9
466 9
467 9
468 9
469 8
470 8
471 8
472 9
473 9
474 9
475 9
476 9
477 9
478 8
479 8
480 10
481 9
482 8
483 8
484 8
485 8
486 9
487 10
488 8
489 6
490 6
491 7
492 7
493 7
494 7
495 7
496 7
497 8
498 9
499 8
500 8
501 7
502 7
503 7
504 8
505 7
506 8
507 8
508 8
509 8
510 8
511 9
512 8
513 7
514 7
515 7
516 7
517 6
518 5
519 6
520 6
521 6
522 7
523 8
524 8
525 8
526 8
527 7
528 8
529 7
530 7
531 7
532 8
533 6
534 7
535 6
536 5
537 5
538 5
539 7
540 7
541 7
542 7
543 6
544 6
545 6
546 6
547 5
548 6
549 7
550 7
551 7
552 7
553 7
554 7
555 7
556 7
557 8
558 9
559 6
560 8
561 7
562 8
563 8
564 8
565 8
566 8
567 7
568 7
569 7
570 6
571 6
572 6
573 6
574 6
575 6
576 6
577 7
578 7
579 6
580 7
581 7
582 8
583 8
584 8
585 10
586 10
587 10
588 10
589 8
590 8
591 5
592 6
593 6
594 6
595 5
596 6
597 6
598 7
599 7
600 7
601 7
602 7
603 7
604 7
605 6
606 5
607 5
608 6
609 7
610 6
611 6
612 6
613 7
614 8
615 8
616 8
617 9
618 9
619 8
620 8
621 8
622 7
623 7
624 7
625 8
626 8
627 8
628 9
629 9
630 8
631 8
632 8
633 8
634 7
635 6
636 6
637 6
638 6
639 6
640 5
641 6
642 6
643 7
644 7
645 7
646 7
647 7
648 7
649 7
650 7
651 8
652 8
653 9
654 10
655 10
656 11
657 10
658 10
659 9
660 9
661 8
662 8
663 8
664 8
665 8
666 7
667 6
668 6
669 5
670 5
671 6
672 6
673 6
674 6
675 6
676 6
677 5
678 5
679 6
680 7
681 7
682 8
683 7
684 6
685 5
686 6
687 5
688 5
689 4
690 5
691 5
692 3
693 3
694 4
695 3
696 3
697 5
698 5
699 5
700 5
701 4
702 4
703 5
704 5
705 5
706 5
707 6
708 6
709 5
710 5
711 5
712 5
713 4
714 5
715 5
716 5
717 6
718 5
719 5
720 7
721 7
722 8
723 8
724 9
725 10
726 10
727 10
728 10
729 11
730 11
731 12
732 11
733 9
734 6
735 6
736 6
737 6
738 6
739 7
740 7
741 6
742 6
743 6
744 7
745 7
746 6
747 7
748 6
749 7
750 7
751 7
752 5
753 5
754 6
755 6
756 7
757 7
758 8
759 8
760 9
761 9
762 9
763 8
764 8
765 6
766 5
767 5
768 6
769 6
770 7
771 8
772 8
773 8
774 8
775 6
776 6
777 6
778 6
779 4
780 4
781 5
782 6
783 6
784 7
785 7
786 8
787 9
788 9
789 7
790 6
791 7
792 7
793 6
794 7
795 6
796 8
797 7
798 7
799 8
800 8
801 7
802 7
803 7
804 7
805 7
806 7
807 7
808 7
809 7
810 8
811 9
812 8
813 8
814 8
815 8
816 7
817 6
818 6
819 7
820 6
821 8
822 9
823 8
824 9
825 10
826 10
827 10
828 10
829 10
830 10
831 9
832 9
833 8
834 6
835 6
836 6
837 6
838 7
839 7
840 7
841 8
842 9
843 10
844 10
845 9
846 9
847 9
848 9
849 10
850 10
851 9
852 8
853 7
854 8
855 8
856 8
857 8
858 8
859 9
860 8
861 8
862 7
863 7
864 7
865 7
866 8
867 8
868 8
869 8
870 8
871 7
872 8
873 7
874 7
875 8
876 8
877 8
878 10
879 9
880 9
881 9
882 9
883 9
884 9
885 9
886 7
887 6
888 7
889 8
890 7
891 7
892 6
893 6
894 7
895 7
896 6
897 6
898 5
899 6
900 6
901 7
902 6
903 8
904 8
905 8
906 8
907 7
908 7
909 7
910 8
911 8
912 6
913 7
914 6
915 7
916 7
917 7
918 7
919 5
920 5
921 5
922 5
923 4
924 6
925 6
926 5
927 4
928 5
929 6
930 6
931 6
932 8
933 8
934 7
935 6
936 6
937 7
938 9
939 9
940 11
941 12
942 11
943 12
944 11
945 11
946 9
947 9
948 8
949 7
950 6
951 6
952 6
953 6
954 6
955 5
956 6
957 8
958 7
959 6
960 6
961 8
962 8
963 7
964 5
965 6
966 6
967 8
968 8
969 9
970 9
971 10
972 10
973 10
974 10
975 10
976 11
977 10
978 10
979 9
980 10
981 10
982 10
983 9
984 9
985 8
986 8
987 9
988 8
989 7
990 7
991 8
992 8
993 8
994 8
995 7
996 7
997 7
998 8
999 10
1000 10
