0 90
1 71
2 69
3 62
4 62
5 63
6 64
7 65
8 58
9 56
10 61
11 60
12 58
13 63
14 72
15 68
16 61
17 67
18 66
19 70
20 66
21 65
22 57
23 62
24 64
25 62
26 61
27 61
28 64
29 66
30 69
31 65
32 64
33 68
34 66
35 69
36 66
37 61
38 62
39 63
40 63
41 67
42 68
43 64
44 67
45 66
46 67
47 68
48 63
49 61
50 65
51 70
52 64
53 66
54 65
55 67
56 67
57 66
58 66
59 66
60 64
61 62
62 59
63 55
64 64
65 67
66 69
67 72
68 67
69 65
70 66
71 61
72 66
73 61
74 67
75 68
76 63
77 62
78 62
79 67
80 62
81 66
82 67
83 65
84 63
85 61
86 61
87 60
88 64
89 63
90 64
91 63
92 64
93 66
94 67
95 64
96 62
97 60
98 56
99 64
100 64
101 59
102 68
103 66
104 64
105 67
106 63
107 70
108 66
109 68
110 67
111 64
112 66
113 67
114 69
115 66
116 66
117 67
118 72
119 67
120 67
121 67
122 68
123 67
124 65
125 67
126 70
127 60
128 66
129 66
130 71
131 70
132 63
133 65
134 67
135 68
136 65
137 58
138 63
139 65
140 66
141 66
142 71
143 68
144 68
145 63
146 66
147 75
148 69
149 69
150 72
151 68
152 62
153 65
154 58
155 63
156 60
157 62
158 69
159 66
160 63
161 61
162 60
163 67
164 67
165 62
166 63
167 63
168 62
169 68
170 66
171 63
172 65
173 66
174 67
175 56
176 65
177 67
178 69
179 55
180 59
181 65
182 61
183 67
184 65
185 65
186 67
187 65
188 68
189 62
190 65
191 65
192 64
193 69
194 68
195 67
196 68
197 64
198 65
199 64
200 62
201 65
202 67
203 66
204 58
205 63
206 64
207 61
208 60
209 70
210 66
211 66
212 68
213 66
214 65
215 64
216 62
217 64
218 61
219 64
220 67
221 67
222 66
223 69
224 68
225 65
226 62
227 63
228 62
229 66
230 65
231 66
232 63
233 64
234 66
235 62
236 61
237 66
238 71
239 61
240 58
241 65
242 59
243 66
244 65
245 60
246 64
247 60
248 56
249 67
250 69
251 65
252 60
253 60
254 62
255 64
256 67
257 65
258 61
259 67
260 58
261 64
262 69
263 66
264 61
265 63
266 66
267 65
268 63
269 65
270 60
271 66
272 66
273 66
274 62
275 63
276 66
277 68
278 69
279 67
280 63
281 60
282 65
283 68
284 68
285 61
286 66
287 70
288 68
289 64
290 63
291 65
292 62
293 61
294 58
295 60
296 62
297 68
298 66
299 69
300 66
301 66
302 66
303 61
304 65
305 61
306 66
307 65
308 64
309 64
310 60
311 57
312 60
313 61
314 70
315 69
316 71
317 65
318 63
319 66
320 61
321 61
322 58
323 68
324 65
325 65
326 59
327 65
328 62
329 62
330 66
331 63
332 61
333 60
334 66
335 70
336 71
337 65
338 70
339 58
340 64
341 67
342 75
343 63
344 65
345 66
346 64
347 64
348 59
349 63
350 55
351 66
352 61
353 60
354 64
355 65
356 64
357 66
358 66
359 58
360 64
361 65
362 66
363 68
364 67
365 64
366 66
367 67
368 61
369 63
370 58
371 67
372 67
373 66
374 67
375 63
376 65
377 67
378 71
379 65
380 64
381 65
382 63
383 61
384 64
385 71
386 66
387 63
388 65
389 61
390 64
391 65
392 64
393 65
394 70
395 69
396 71
397 67
398 70
399 63
400 61
401 56
402 64
403 60
404 66
405 68
406 68
407 61
408 72
409 64
410 68
411 68
412 65
413 65
414 68
415 68
416 60
417 65
418 65
419 62
420 64
421 62
422 67
423 67
424 68
425 69
426 65
427 60
428 66
429 60
430 63
431 59
432 65
433 67
434 62
435 64
436 64
437 65
438 63
439 58
440 63
441 62
442 65
443 68
444 68
445 68
446 67
447 65
448 70
449 68
450 68
451 63
452 59
453 63
454 67
455 62
456 64
457 67
458 65
459 62
460 67
461 63
462 65
463 59
464 67
465 58
466 65
467 66
468 59
469 66
470 67
471 63
472 64
473 55
474 64
475 64
476 70
477 68
478 67
479 64
480 64
481 61
482 61
483 62
484 63
485 66
486 64
487 59
488 65
489 67
490 65
491 66
492 67
493 66
494 62
495 62
496 64
497 64
498 63
499 68
500 63
501 60
502 64
503 63
504 60
505 58
506 61
507 65
508 54
509 62
510 61
511 63
512 65
513 66
514 63
515 62
516 60
517 64
518 67
519 69
520 67
521 74
522 70
523 68
524 64
525 64
526 64
527 64
528 64
529 63
530 63
531 62
532 63
533 64
534 65
535 66
536 65
537 63
538 68
539 64
540 59
541 62
542 60
543 67
544 61
545 68
546 60
547 66
548 62
549 63
550 62
551 65
552 65
553 72
554 60
555 67
556 67
557 69
558 64
559 67
560 61
561 64
562 70
563 70
564 66
565 65
566 60
567 63
568 64
569 65
570 72
571 71
572 64
573 68
574 65
575 59
576 67
577 65
578 61
579 63
580 68
581 65
582 69
583 71
584 69
585 65
586 64
587 68
588 64
589 62
590 65
591 60
592 62
593 64
594 70
595 68
596 65
597 65
598 69
599 66
600 66
601 63
602 62
603 57
604 64
605 66
606 69
607 67
608 64
609 59
610 63
611 63
612 62
613 64
614 66
615 63
616 64
617 68
618 62
619 71
620 71
621 59
622 61
623 66
624 59
625 63
626 63
627 67
628 66
629 67
630 61
631 67
632 63
633 64
634 71
635 64
636 62
637 63
638 63
639 64
640 67
641 66
642 59
643 67
644 63
645 68
646 67
647 66
648 65
649 65
650 65
651 60
652 59
653 62
654 61
655 67
656 64
657 67
658 63
659 66
660 72
661 63
662 67
663 64
664 62
665 61
666 69
667 62
668 65
669 58
670 60
671 65
672 64
673 66
674 63
675 63
676 68
677 70
678 66
679 68
680 68
681 70
682 66
683 70
684 69
685 64
686 61
687 64
688 64
689 70
690 67
691 67
692 66
693 62
694 62
695 64
696 60
697 63
698 64
699 67
700 69
701 60
702 64
703 63
704 59
705 62
706 61
707 59
708 64
709 57
710 60
711 63
712 61
713 53
714 56
715 59
716 67
717 63
718 66
719 61
720 63
721 65
722 63
723 63
724 63
725 64
726 63
727 64
728 65
729 63
730 62
731 57
732 64
733 58
734 61
735 62
736 63
737 67
738 72
739 65
740 62
741 63
742 64
743 57
744 58
745 62
746 68
747 64
748 60
749 64
750 68
751 70
752 65
753 61
754 55
755 61
756 68
757 65
758 63
759 69
760 69
761 65
762 62
763 61
764 58
765 60
766 58
767 65
768 59
769 64
770 62
771 70
772 63
773 68
774 62
775 68
776 63
777 69
778 64
779 65
780 69
781 65
782 61
783 68
784 66
785 71
786 62
787 61
788 63
789 61
790 61
791 61
792 59
793 66
794 65
795 65
796 66
797 68
798 63
799 55
800 66
801 63
802 63
803 63
804 67
805 62
806 64
807 65
808 67
809 64
810 63
811 60
812 60
813 64
814 64
815 68
816 61
817 62
818 61
819 58
820 62
821 62
822 68
823 62
824 62
825 70
826 58
827 61
828 60
829 61
830 63
831 66
832 64
833 65
834 55
835 59
836 68
837 68
838 73
839 67
840 68
841 61
842 63
843 66
844 65
845 62
846 52
847 67
848 65
849 70
850 59
851 64
852 60
853 60
854 61
855 63
856 65
857 63
858 65
859 73
860 69
861 66
862 62
863 66
864 69
865 68
866 63
867 66
868 63
869 67
870 65
871 65
872 60
873 65
874 67
875 65
876 64
877 65
878 65
879 63
880 65
881 60
882 63
883 62
884 64
885 63
886 68
887 66
888 64
889 62
890 65
891 61
892 64
893 63
894 60
895 61
896 62
897 66
898 62
899 59
900 63
901 68
902 61
903 69
904 63
905 64
906 64
907 67
908 62
909 67
910 69
911 63
912 65
913 67
914 68
915 59
916 62
917 64
918 65
919 67
920 67
921 61
922 64
923 67
924 65
925 71
926 67
927 66
928 65
929 65
930 62
931 62
932 63
933 68
934 61
935 60
936 58
937 62
938 66
939 68
940 62
941 64
942 68
943 67
944 63
945 68
946 56
947 59
948 64
949 65
950 70
951 66
952 64
953 66
954 68
955 66
956 63
957 64
958 64
959 59
960 61
961 64
962 67
963 66
964 66
965 66
966 68
967 64
968 69
969 71
970 65
971 61
972 63
973 63
974 60
975 63
976 68
977 66
978 64
979 67
980 66
981 64
982 63
983 58
984 64
985 72
986 67
987 64
988 60
989 64
990 62
991 67
992 62
993 55
994 59
995 71
996 70
997 64
998 65
999 64
1000 65
