0 50
1 49
2 47
3 47
4 46
5 45
6 44
7 44
8 42
9 41
10 41
11 40
12 40
13 38
14 38
15 37
16 36
17 35
18 34
19 34
20 33
21 33
22 31
23 31
24 31
25 31
26 31
27 31
28 31
29 31
30 31
31 31
32 31
33 31
34 31
35 31
36 30
37 27
38 27
39 26
40 26
41 27
42 26
43 26
44 26
45 25
46 24
47 23
48 22
49 22
50 21
51 21
52 21
53 20
54 20
55 19
56 19
57 18
58 18
59 18
60 18
61 18
62 18
63 18
64 18
65 17
66 17
67 18
68 18
69 19
70 19
71 20
72 20
73 19
74 19
75 19
76 19
77 20
78 19
79 20
80 20
81 20
82 20
83 20
84 19
85 18
86 16
87 17
88 16
89 16
90 16
91 16
92 16
93 16
94 15
95 15
96 15
97 16
98 16
99 15
100 16
101 17
102 18
103 17
104 17
105 17
106 17
107 17
108 17
109 16
110 17
111 16
112 15
113 14
114 14
115 13
116 13
117 13
118 13
119 14
120 13
121 13
122 13
123 12
124 12
125 11
126 11
127 11
128 11
129 11
130 11
131 11
132 11
133 10
134 10
135 10
136 10
137 10
138 11
139 11
140 11
141 11
142 12
143 12
144 13
145 13
146 12
147 12
148 14
149 15
150 16
151 16
152 16
153 16
154 16
155 16
156 16
157 16
158 16
159 15
160 16
161 16
162 16
163 15
164 15
165 15
166 15
167 14
168 13
169 12
170 12
171 12
172 13
173 13
174 13
175 12
176 13
177 13
178 14
179 15
180 15
181 15
182 15
183 16
184 16
185 16
186 17
187 17
188 17
189 17
190 17
191 17
192 17
193 17
194 16
195 16
196 16
197 16
198 17
199 17
200 16
201 16
202 17
203 18
204 18
205 18
206 17
207 18
208 17
209 17
210 17
211 17
212 17
213 18
214 17
215 17
216 17
217 17
218 16
219 15
220 14
221 14
222 14
223 14
224 14
225 14
226 14
227 14
228 14
229 14
230 14
231 15
232 15
233 13
234 14
235 13
236 13
237 14
238 14
239 15
240 15
241 15
242 14
243 14
244 14
245 14
246 13
247 13
248 13
249 14
250 15
251 15
252 15
253 15
254 14
255 14
256 12
257 12
258 12
259 11
260 11
261 11
262 11
263 11
264 12
265 12
266 11
267 12
268 12
269 12
270 13
271 12
272 12
273 13
274 13
275 14
276 14
277 14
278 13
279 13
280 13
281 12
282 12
283 11
284 11
285 11
286 11
287 11
288 11
289 11
290 11
291 12
292 12
293 12
294 12
295 13
296 13
297 14
298 14
299 14
300 14
301 14
302 15
303 15
304 14
305 15
306 14
307 14
308 15
309 16
310 16
311 15
312 15
313 14
314 14
315 14
316 14
317 13
318 13
319 13
320 14
321 14
322 14
323 13
324 14
325 14
326 13
327 13
328 13
329 14
330 14
331 15
332 15
333 15
334 15
335 15
336 15
337 15
338 15
339 15
340 15
341 16
342 15
343 15
344 16
345 16
346 15
347 15
348 15
349 15
350 15
351 15
352 15
353 14
354 15
355 16
356 16
357 16
358 16
359 16
360 16
361 17
362 17
363 17
364 17
365 17
366 17
367 17
368 17
369 18
370 18
371 17
372 18
373 18
374 18
375 17
376 17
377 17
378 16
379 16
380 16
381 16
382 14
383 14
384 13
385 13
386 13
387 13
388 13
389 13
390 13
391 13
392 13
393 13
394 13
395 13
396 14
397 14
398 14
399 14
400 14
401 15
402 14
403 13
404 13
405 13
406 14
407 14
408 14
409 14
410 14
411 14
412 14
413 13
414 13
415 13
416 13
417 14
418 14
419 14
420 14
421 14
422 14
423 14
424 14
425 14
426 14
427 14
428 14
429 14
430 13
431 13
432 13
433 13
434 13
435 13
436 13
437 13
438 13
439 14
440 15
441 15
442 15
443 15
444 14
445 13
446 12
447 12
448 13
449 13
450 14
451 14
452 14
453 14
454 13
455 13
456 13
457 12
458 13
459 13
460 13
461 13
462 14
463 14
464 13
465 13
466 13
467 14
468 14
469 13
470 12
471 13
472 13
473 13
474 14
475 13
476 13
477 13
478 14
479 14
480 13
481 14
482 13
483 14
484 14
485 15
486 15
487 15
488 15
489 15
490 15
491 15
492 15
493 14
494 14
495 13
496 13
497 12
498 12
499 12
500 12
501 12
502 12
503 12
504 13
505 13
506 13
507 13
508 13
509 13
510 14
511 13
512 13
513 12
514 12
515 13
516 13
517 13
518 13
519 12
520 12
521 13
522 13
523 14
524 14
525 15
526 15
527 15
528 16
529 16
530 16
531 16
532 16
533 17
534 17
535 16
536 17
537 17
538 17
539 17
540 17
541 17
542 17
543 17
544 16
545 16
546 15
547 15
548 15
549 15
550 14
551 14
552 14
553 15
554 15
555 15
556 15
557 15
558 15
559 14
560 14
561 14
562 14
563 14
564 14
565 14
566 14
567 14
568 14
569 14
570 14
571 14
572 14
573 15
574 14
575 14
576 14
577 15
578 15
579 15
580 16
581 16
582 16
583 15
584 15
585 16
586 16
587 17
588 18
589 18
590 17
591 17
592 17
593 17
594 17
595 17
596 17
597 17
598 17
599 17
600 16
601 16
602 16
603 16
604 16
605 16
606 16
607 17
608 17
609 17
610 17
611 17
612 17
613 17
614 16
615 17
616 17
617 17
618 17
619 17
620 16
621 16
622 16
623 15
624 14
625 13
626 14
627 14
628 14
629 14
630 14
631 14
632 14
633 14
634 13
635 13
636 13
637 13
638 14
639 15
640 14
641 12
642 12
643 11
644 11
645 11
646 11
647 12
648 13
649 12
650 11
651 11
652 12
653 12
654 12
655 12
656 12
657 12
658 12
659 13
660 13
661 14
662 14
663 14
664 14
665 14
666 14
667 14
668 13
669 13
670 13
671 13
672 13
673 13
674 13
675 14
676 14
677 14
678 13
679 12
680 12
681 12
682 12
683 12
684 13
685 14
686 15
687 16
688 16
689 16
690 16
691 17
692 18
693 16
694 16
695 15
696 15
697 14
698 14
699 14
700 14
701 14
702 13
703 12
704 12
705 11
706 11
707 11
708 11
709 11
710 11
711 11
712 11
713 11
714 11
715 11
716 11
717 11
718 12
719 13
720 13
721 12
722 13
723 12
724 11
725 12
726 12
727 11
728 11
729 11
730 12
731 13
732 13
733 13
734 12
735 11
736 10
737 9
738 9
739 9
740 9
741 10
742 9
743 9
744 9
745 9
746 10
747 9
748 9
749 9
750 8
751 8
752 8
753 8
754 8
755 8
756 8
757 8
758 8
759 8
760 8
761 9
762 10
763 10
764 10
765 9
766 9
767 9
768 8
769 9
770 9
771 9
772 10
773 11
774 10
775 10
776 10
777 10
778 10
779 10
780 10
781 11
782 11
783 11
784 11
785 11
786 11
787 11
788 11
789 11
790 11
791 11
792 11
793 11
794 11
795 10
796 10
797 10
798 10
799 10
800 10
801 10
802 10
803 11
804 11
805 11
806 11
807 11
808 12
809 12
810 12
811 13
812 12
813 12
814 12
815 13
816 14
817 15
818 14
819 14
820 14
821 15
822 15
823 16
824 16
825 17
826 17
827 17
828 16
829 15
830 15
831 14
832 14
833 14
834 15
835 15
836 16
837 16
838 17
839 17
840 16
841 15
842 14
843 15
844 15
845 15
846 15
847 15
848 14
849 14
850 14
851 15
852 15
853 15
854 15
855 15
856 16
857 15
858 14
859 14
860 14
861 14
862 14
863 15
864 14
865 14
866 15
867 14
868 15
869 15
870 15
871 15
872 16
873 16
874 16
875 16
876 16
877 16
878 16
879 16
880 15
881 15
882 15
883 15
884 14
885 15
886 15
887 15
888 15
889 15
890 15
891 15
892 16
893 16
894 17
895 17
896 17
897 17
898 17
899 16
900 16
901 16
902 16
903 16
904 16
905 16
906 16
907 16
908 16
909 16
910 16
911 16
912 15
913 15
914 16
915 16
916 16
917 16
918 15
919 15
920 15
921 14
922 14
923 14
924 14
925 13
926 13
927 13
928 13
929 12
930 12
931 11
932 11
933 11
934 11
935 12
936 12
937 13
938 13
939 13
940 12
941 11
942 11
943 11
944 11
945 12
946 12
947 11
948 11
949 11
950 11
951 11
952 12
953 11
954 12
955 12
956 12
957 12
958 12
959 13
960 12
961 12
962 11
963 11
964 12
965 12
966 12
967 11
968 11
969 10
970 10
971 9
972 10
973 10
974 11
975 10
976 10
977 10
978 10
979 10
980 10
981 10
982 9
983 9
984 8
985 9
986 9
987 8
988 7
989 8
990 8
991 9
992 10
993 10
994 10
995 8
996 7
997 7
998 8
999 9
1000 9
