0 70
1 52
2 51
3 48
4 46
5 47
6 46
7 51
8 48
9 40
10 55
11 52
12 49
13 49
14 52
15 48
16 50
17 47
18 47
19 51
20 48
21 51
22 50
23 49
24 47
25 52
26 48
27 51
28 47
29 49
30 52
31 49
32 43
33 49
34 47
35 47
36 47
37 48
38 47
39 46
40 49
41 49
42 44
43 46
44 45
45 49
46 44
47 47
48 50
49 43
50 47
51 45
52 45
53 42
54 48
55 49
56 53
57 49
58 50
59 50
60 47
61 51
62 54
63 52
64 51
65 48
66 50
67 50
68 48
69 50
70 50
71 52
72 50
73 50
74 49
75 47
76 52
77 52
78 47
79 46
80 40
81 39
82 49
83 51
84 48
85 46
86 44
87 47
88 46
89 42
90 49
91 50
92 53
93 50
94 47
95 54
96 53
97 47
98 49
99 52
100 36
101 41
102 48
103 51
104 51
105 47
106 48
107 49
108 51
109 50
110 44
111 48
112 52
113 51
114 46
115 49
116 47
117 50
118 45
119 51
120 48
121 48
122 48
123 47
124 49
125 51
126 44
127 47
128 49
129 48
130 47
131 45
132 49
133 48
134 45
135 48
136 49
137 50
138 51
139 48
140 44
141 49
142 50
143 45
144 49
145 47
146 49
147 44
148 48
149 51
150 53
151 43
152 43
153 43
154 48
155 46
156 46
157 49
158 44
159 48
160 47
161 45
162 49
163 47
164 50
165 49
166 46
167 51
168 46
169 49
170 46
171 45
172 43
173 45
174 52
175 41
176 46
177 51
178 47
179 47
180 51
181 49
182 50
183 48
184 46
185 44
186 52
187 45
188 44
189 46
190 49
191 48
192 49
193 46
194 50
195 47
196 47
197 47
198 50
199 43
200 48
201 52
202 51
203 50
204 50
205 52
206 48
207 47
208 50
209 50
210 49
211 51
212 50
213 46
214 45
215 51
216 50
217 46
218 51
219 49
220 51
221 47
222 49
223 43
224 44
225 49
226 44
227 43
228 49
229 47
230 47
231 48
232 49
233 48
234 47
235 50
236 51
237 49
238 48
239 53
240 52
241 49
242 54
243 52
244 45
245 51
246 50
247 47
248 48
249 51
250 44
251 44
252 44
253 50
254 47
255 49
256 50
257 48
258 41
259 42
260 49
261 49
262 50
263 46
264 46
265 50
266 47
267 51
268 47
269 41
270 48
271 47
272 43
273 49
274 46
275 43
276 48
277 48
278 46
279 46
280 50
281 49
282 50
283 48
284 50
285 50
286 47
287 50
288 50
289 47
290 50
291 54
292 52
293 49
294 52
295 53
296 42
297 42
298 53
299 48
300 49
301 48
302 51
303 48
304 47
305 44
306 47
307 51
308 49
309 46
310 50
311 46
312 50
313 42
314 45
315 48
316 52
317 46
318 48
319 49
320 49
321 48
322 47
323 46
324 49
325 46
326 47
327 46
328 44
329 49
330 49
331 45
332 48
333 47
334 49
335 48
336 49
337 52
338 48
339 47
340 47
341 49
342 44
343 51
344 47
345 44
346 48
347 46
348 48
349 46
350 49
351 47
352 47
353 49
354 48
355 46
356 45
357 34
358 41
359 46
360 47
361 47
362 50
363 50
364 47
365 47
366 53
367 50
368 44
369 47
370 51
371 52
372 48
373 49
374 47
375 51
376 50
377 47
378 49
379 51
380 50
381 50
382 46
383 46
384 52
385 44
386 45
387 53
388 50
389 48
390 44
391 44
392 45
393 44
394 50
395 47
396 52
397 47
398 48
399 49
400 48
401 49
402 43
403 47
404 52
405 48
406 51
407 52
408 47
409 49
410 52
411 49
412 46
413 48
414 51
415 48
416 50
417 45
418 47
419 44
420 46
421 48
422 44
423 43
424 47
425 51
426 46
427 44
428 46
429 54
430 46
431 50
432 49
433 49
434 52
435 53
436 48
437 48
438 49
439 49
440 50
441 46
442 50
443 52
444 50
445 48
446 47
447 52
448 50
449 50
450 48
451 46
452 48
453 49
454 48
455 46
456 46
457 39
458 49
459 50
460 51
461 54
462 49
463 46
464 43
465 47
466 51
467 50
468 46
469 45
470 51
471 46
472 49
473 44
474 51
475 50
476 50
477 51
478 46
479 47
480 46
481 47
482 46
483 50
484 49
485 48
486 50
487 50
488 49
489 49
490 48
491 47
492 48
493 50
494 51
495 48
496 47
497 48
498 46
499 49
500 50
501 44
502 49
503 45
504 47
505 48
506 50
507 46
508 49
509 49
510 47
511 50
512 45
513 43
514 42
515 48
516 48
517 45
518 51
519 52
520 48
521 49
522 51
523 46
524 42
525 49
526 49
527 46
528 47
529 51
530 53
531 49
532 43
533 47
534 49
535 47
536 52
537 46
538 46
539 46
540 49
541 52
542 48
543 44
544 51
545 44
546 50
547 48
548 49
549 50
550 50
551 47
552 47
553 48
554 49
555 48
556 50
557 52
558 49
559 50
560 48
561 49
562 49
563 49
564 47
565 45
566 46
567 49
568 46
569 48
570 45
571 47
572 49
573 45
574 48
575 43
576 52
577 51
578 51
579 46
580 51
581 52
582 50
583 44
584 43
585 46
586 45
587 46
588 50
589 52
590 52
591 51
592 49
593 44
594 49
595 50
596 47
597 47
598 45
599 51
600 52
601 49
602 48
603 51
604 47
605 46
606 51
607 49
608 45
609 47
610 50
611 46
612 47
613 48
614 43
615 46
616 41
617 48
618 45
619 52
620 45
621 50
622 47
623 49
624 46
625 43
626 47
627 46
628 47
629 48
630 47
631 49
632 51
633 50
634 45
635 49
636 49
637 49
638 47
639 47
640 47
641 46
642 51
643 48
644 49
645 49
646 46
647 49
648 49
649 48
650 44
651 49
652 47
653 46
654 52
655 47
656 46
657 50
658 48
659 49
660 48
661 46
662 49
663 52
664 52
665 50
666 52
667 48
668 44
669 45
670 49
671 49
672 47
673 50
674 49
675 49
676 53
677 53
678 52
679 47
680 39
681 48
682 47
683 49
684 49
685 50
686 51
687 47
688 48
689 51
690 45
691 47
692 48
693 51
694 47
695 45
696 52
697 46
698 48
699 48
700 42
701 45
702 50
703 51
704 47
705 49
706 51
707 49
708 52
709 47
710 41
711 49
712 44
713 46
714 47
715 49
716 44
717 49
718 46
719 43
720 49
721 49
722 47
723 52
724 48
725 44
726 48
727 47
728 49
729 49
730 48
731 44
732 47
733 50
734 46
735 47
736 53
737 53
738 46
739 44
740 47
741 48
742 51
743 47
744 44
745 47
746 49
747 44
748 44
749 47
750 50
751 50
752 46
753 48
754 49
755 50
756 44
757 48
758 46
759 49
760 44
761 51
762 45
763 42
764 44
765 50
766 46
767 46
768 48
769 54
770 48
771 50
772 47
773 50
774 49
775 49
776 51
777 51
778 46
779 46
780 51
781 47
782 44
783 44
784 47
785 50
786 49
787 46
788 41
789 52
790 51
791 49
792 51
793 49
794 48
795 51
796 49
797 54
798 47
799 47
800 49
801 48
802 49
803 48
804 45
805 39
806 48
807 46
808 52
809 50
810 50
811 46
812 52
813 49
814 50
815 46
816 45
817 46
818 43
819 48
820 50
821 50
822 50
823 52
824 50
825 42
826 51
827 45
828 42
829 43
830 48
831 46
832 51
833 45
834 51
835 44
836 48
837 47
838 52
839 50
840 49
841 49
842 52
843 47
844 52
845 44
846 48
847 43
848 46
849 47
850 47
851 46
852 50
853 48
854 46
855 43
856 51
857 46
858 50
859 45
860 50
861 53
862 50
863 51
864 48
865 44
866 45
867 51
868 50
869 50
870 50
871 46
872 49
873 53
874 53
875 50
876 48
877 45
878 50
879 48
880 52
881 47
882 50
883 53
884 50
885 51
886 48
887 40
888 46
889 52
890 50
891 49
892 51
893 47
894 48
895 42
896 52
897 51
898 45
899 50
900 51
901 47
902 52
903 44
904 44
905 46
906 38
907 41
908 49
909 50
910 47
911 53
912 51
913 48
914 49
915 47
916 46
917 52
918 49
919 49
920 51
921 48
922 51
923 49
924 51
925 51
926 50
927 48
928 44
929 47
930 50
931 47
932 47
933 46
934 46
935 53
936 53
937 50
938 45
939 45
940 49
941 52
942 57
943 50
944 50
945 47
946 49
947 49
948 44
949 40
950 52
951 48
952 51
953 52
954 48
955 47
956 47
957 48
958 51
959 46
960 49
961 46
962 48
963 49
964 47
965 48
966 49
967 51
968 53
969 45
970 54
971 51
972 45
973 48
974 48
975 50
976 53
977 47
978 50
979 46
980 51
981 51
982 42
983 48
984 44
985 45
986 38
987 40
988 46
989 49
990 48
991 45
992 47
993 49
994 53
995 47
996 49
997 47
998 49
999 51
1000 51
