0 60
1 43
2 41
3 41
4 40
5 37
6 42
7 40
8 44
9 39
10 40
11 41
12 43
13 41
14 41
15 40
16 40
17 41
18 40
19 43
20 40
21 41
22 43
23 43
24 40
25 42
26 43
27 42
28 45
29 40
30 39
31 40
32 41
33 39
34 38
35 38
36 42
37 41
38 42
39 42
40 41
41 38
42 37
43 40
44 38
45 43
46 45
47 47
48 39
49 37
50 40
51 37
52 40
53 43
54 40
55 40
56 42
57 41
58 40
59 43
60 40
61 39
62 45
63 42
64 41
65 41
66 42
67 42
68 45
69 41
70 44
71 42
72 42
73 40
74 44
75 44
76 36
77 37
78 41
79 44
80 39
81 42
82 39
83 42
84 42
85 36
86 41
87 39
88 41
89 39
90 41
91 42
92 42
93 42
94 41
95 42
96 40
97 39
98 40
99 43
100 41
101 41
102 39
103 39
104 41
105 41
106 39
107 42
108 44
109 42
110 42
111 43
112 40
113 37
114 42
115 43
116 36
117 35
118 39
119 42
120 38
121 43
122 44
123 42
124 41
125 42
126 40
127 43
128 40
129 40
130 36
131 42
132 44
133 41
134 43
135 40
136 40
137 42
138 39
139 42
140 43
141 39
142 37
143 36
144 40
145 40
146 43
147 35
148 41
149 40
150 41
151 36
152 39
153 40
154 42
155 42
156 42
157 40
158 44
159 41
160 42
161 45
162 41
163 43
164 42
165 38
166 40
167 40
168 39
169 42
170 41
171 41
172 43
173 42
174 42
175 41
176 41
177 39
178 44
179 41
180 37
181 42
182 42
183 42
184 40
185 39
186 42
187 46
188 41
189 38
190 41
191 38
192 40
193 43
194 42
195 39
196 43
197 43
198 42
199 37
200 38
201 37
202 42
203 40
204 42
205 41
206 39
207 39
208 41
209 39
210 39
211 41
212 42
213 38
214 40
215 41
216 40
217 42
218 39
219 40
220 41
221 42
222 40
223 42
224 47
225 40
226 41
227 38
228 43
229 44
230 43
231 40
232 43
233 41
234 44
235 44
236 40
237 38
238 35
239 40
240 40
241 42
242 38
243 40
244 42
245 43
246 43
247 35
248 42
249 39
250 39
251 41
252 40
253 40
254 42
255 42
256 43
257 41
258 39
259 44
260 46
261 40
262 38
263 42
264 43
265 38
266 41
267 47
268 43
269 40
270 34
271 41
272 42
273 45
274 39
275 45
276 42
277 39
278 41
279 41
280 42
281 40
282 42
283 42
284 36
285 36
286 42
287 43
288 40
289 39
290 38
291 36
292 38
293 34
294 36
295 38
296 37
297 38
298 40
299 34
300 41
301 39
302 39
303 42
304 37
305 34
306 37
307 42
308 40
309 42
310 40
311 41
312 46
313 41
314 41
315 38
316 40
317 38
318 39
319 38
320 41
321 41
322 42
323 43
324 36
325 41
326 41
327 43
328 40
329 34
330 39
331 38
332 37
333 41
334 42
335 42
336 41
337 41
338 36
339 40
340 41
341 43
342 43
343 40
344 40
345 38
346 44
347 39
348 35
349 41
350 42
351 40
352 39
353 39
354 37
355 36
356 40
357 39
358 42
359 39
360 44
361 41
362 40
363 42
364 41
365 37
366 35
367 42
368 44
369 41
370 45
371 38
372 42
373 40
374 43
375 37
376 37
377 42
378 39
379 41
380 43
381 40
382 41
383 41
384 41
385 43
386 41
387 38
388 40
389 44
390 43
391 43
392 44
393 44
394 43
395 39
396 38
397 38
398 42
399 40
400 40
401 39
402 38
403 40
404 40
405 40
406 41
407 40
408 39
409 41
410 41
411 40
412 41
413 42
414 43
415 45
416 44
417 43
418 43
419 40
420 41
421 40
422 41
423 43
424 42
425 42
426 40
427 38
428 40
429 39
430 40
431 39
432 39
433 37
434 41
435 42
436 42
437 46
438 44
439 45
440 41
441 37
442 40
443 40
444 39
445 37
446 42
447 42
448 37
449 42
450 40
451 40
452 41
453 41
454 38
455 42
456 42
457 40
458 36
459 41
460 44
461 40
462 38
463 38
464 39
465 41
466 41
467 38
468 36
469 40
470 36
471 44
472 41
473 47
474 43
475 40
476 42
477 40
478 40
479 40
480 42
481 42
482 39
483 38
484 43
485 39
486 42
487 40
488 37
489 41
490 36
491 39
492 40
493 41
494 36
495 39
496 39
497 40
498 39
499 37
500 41
501 38
502 37
503 40
504 39
505 41
506 39
507 39
508 36
509 39
510 44
511 41
512 43
513 38
514 38
515 35
516 34
517 39
518 38
519 38
520 42
521 37
522 36
523 43
524 42
525 39
526 43
527 41
528 42
529 41
530 42
531 45
532 42
533 42
534 39
535 37
536 41
537 40
538 37
539 42
540 41
541 43
542 42
543 36
544 40
545 43
546 38
547 43
548 41
549 41
550 41
551 37
552 39
553 40
554 39
555 41
556 42
557 40
558 42
559 43
560 45
561 36
562 40
563 39
564 44
565 34
566 37
567 47
568 41
569 38
570 41
571 43
572 41
573 41
574 41
575 40
576 42
577 41
578 44
579 41
580 42
581 46
582 43
583 40
584 43
585 40
586 42
587 41
588 43
589 39
590 39
591 43
592 41
593 43
594 45
595 38
596 40
597 41
598 42
599 40
600 38
601 41
602 38
603 41
604 42
605 42
606 41
607 41
608 42
609 44
610 43
611 41
612 38
613 39
614 41
615 43
616 43
617 41
618 36
619 40
620 44
621 44
622 44
623 44
624 45
625 43
626 45
627 45
628 37
629 39
630 41
631 41
632 43
633 41
634 42
635 44
636 37
637 40
638 43
639 40
640 42
641 42
642 41
643 39
644 37
645 41
646 41
647 40
648 39
649 44
650 45
651 40
652 43
653 37
654 37
655 40
656 44
657 43
658 41
659 44
660 42
661 39
662 41
663 41
664 39
665 42
666 41
667 36
668 39
669 43
670 44
671 39
672 39
673 40
674 43
675 42
676 39
677 42
678 43
679 39
680 41
681 41
682 42
683 36
684 40
685 43
686 40
687 41
688 40
689 38
690 40
691 42
692 38
693 41
694 42
695 44
696 44
697 40
698 41
699 41
700 42
701 40
702 37
703 41
704 40
705 43
706 41
707 41
708 38
709 37
710 38
711 44
712 43
713 42
714 39
715 40
716 38
717 42
718 42
719 42
720 42
721 42
722 42
723 43
724 37
725 39
726 44
727 44
728 43
729 38
730 43
731 37
732 31
733 40
734 40
735 38
736 41
737 40
738 41
739 38
740 38
741 38
742 39
743 45
744 46
745 42
746 45
747 36
748 38
749 42
750 41
751 36
752 36
753 40
754 42
755 42
756 40
757 40
758 40
759 39
760 41
761 43
762 40
763 41
764 38
765 39
766 41
767 37
768 43
769 43
770 37
771 40
772 39
773 37
774 40
775 42
776 37
777 40
778 38
779 45
780 40
781 44
782 40
783 39
784 41
785 39
786 38
787 35
788 38
789 39
790 46
791 37
792 41
793 39
794 37
795 42
796 36
797 42
798 41
799 43
800 43
801 45
802 46
803 41
804 40
805 41
806 43
807 38
808 43
809 39
810 44
811 40
812 41
813 40
814 40
815 42
816 40
817 40
818 39
819 40
820 41
821 41
822 41
823 40
824 41
825 37
826 40
827 45
828 40
829 40
830 43
831 40
832 38
833 33
834 41
835 40
836 42
837 38
838 41
839 42
840 47
841 47
842 44
843 43
844 41
845 38
846 38
847 39
848 39
849 40
850 38
851 37
852 39
853 41
854 40
855 42
856 42
857 37
858 33
859 43
860 43
861 42
862 41
863 39
864 43
865 40
866 39
867 39
868 42
869 42
870 43
871 42
872 41
873 40
874 38
875 39
876 39
877 37
878 40
879 42
880 43
881 40
882 39
883 40
884 38
885 42
886 38
887 42
888 38
889 40
890 38
891 39
892 39
893 40
894 39
895 38
896 40
897 39
898 42
899 43
900 39
901 41
902 37
903 39
904 41
905 40
906 41
907 42
908 40
909 34
910 37
911 39
912 35
913 39
914 41
915 40
916 41
917 40
918 38
919 44
920 45
921 37
922 36
923 43
924 41
925 36
926 42
927 38
928 31
929 40
930 42
931 40
932 38
933 34
934 38
935 43
936 40
937 43
938 40
939 39
940 43
941 42
942 41
943 41
944 44
945 43
946 43
947 42
948 43
949 42
950 37
951 43
952 43
953 40
954 40
955 42
956 37
957 40
958 38
959 42
960 45
961 44
962 41
963 44
964 42
965 44
966 42
967 41
968 41
969 42
970 37
971 42
972 43
973 41
974 40
975 40
976 43
977 41
978 43
979 44
980 39
981 39
982 40
983 43
984 44
985 42
986 39
987 41
988 44
989 44
990 45
991 42
992 40
993 43
994 34
995 43
996 41
997 43
998 41
999 45
1000 43
