0 95
1 74
2 69
3 65
4 59
5 66
6 63
7 65
8 67
9 59
10 63
11 65
12 66
13 64
14 66
15 67
16 69
17 65
18 65
19 66
20 65
21 68
22 65
23 65
24 59
25 66
26 66
27 59
28 65
29 61
30 65
31 64
32 63
33 60
34 61
35 60
36 63
37 66
38 61
39 62
40 64
41 61
42 62
43 67
44 70
45 62
46 60
47 66
48 66
49 69
50 70
51 67
52 65
53 63
54 66
55 64
56 66
57 65
58 65
59 67
60 66
61 63
62 63
63 63
64 67
65 63
66 65
67 65
68 65
69 67
70 57
71 62
72 68
73 68
74 69
75 67
76 65
77 62
78 67
79 69
80 61
81 64
82 59
83 65
84 64
85 66
86 58
87 60
88 70
89 65
90 63
91 67
92 70
93 64
94 66
95 67
96 65
97 66
98 68
99 67
100 63
101 62
102 61
103 64
104 68
105 67
106 67
107 68
108 67
109 67
110 59
111 69
112 66
113 63
114 59
115 64
116 67
117 65
118 65
119 58
120 66
121 60
122 63
123 65
124 64
125 65
126 68
127 59
128 66
129 68
130 70
131 59
132 66
133 61
134 67
135 63
136 65
137 69
138 68
139 68
140 65
141 65
142 63
143 64
144 68
145 66
146 64
147 64
148 64
149 65
150 66
151 70
152 65
153 61
154 65
155 64
156 63
157 65
158 64
159 67
160 64
161 63
162 59
163 61
164 63
165 61
166 64
167 68
168 61
169 62
170 67
171 66
172 62
173 58
174 63
175 62
176 69
177 68
178 63
179 70
180 66
181 68
182 69
183 71
184 63
185 64
186 70
187 67
188 65
189 63
190 63
191 67
192 68
193 62
194 68
195 68
196 67
197 63
198 63
199 66
200 64
201 68
202 68
203 65
204 67
205 64
206 69
207 69
208 68
209 63
210 63
211 65
212 67
213 66
214 63
215 67
216 65
217 65
218 67
219 73
220 65
221 63
222 67
223 64
224 66
225 66
226 65
227 64
228 68
229 62
230 68
231 69
232 66
233 60
234 66
235 63
236 65
237 66
238 66
239 64
240 62
241 64
242 66
243 66
244 70
245 66
246 67
247 65
248 64
249 67
250 59
251 65
252 68
253 68
254 68
255 69
256 66
257 68
258 66
259 59
260 67
261 66
262 62
263 66
264 60
265 64
266 60
267 64
268 66
269 70
270 67
271 65
272 66
273 67
274 67
275 68
276 70
277 62
278 64
279 60
280 66
281 66
282 64
283 62
284 67
285 67
286 66
287 66
288 64
289 64
290 67
291 62
292 65
293 70
294 68
295 64
296 63
297 69
298 65
299 62
300 63
301 65
302 60
303 63
304 63
305 67
306 65
307 66
308 68
309 65
310 66
311 66
312 66
313 68
314 66
315 62
316 68
317 66
318 71
319 68
320 68
321 68
322 57
323 62
324 65
325 66
326 67
327 64
328 65
329 65
330 63
331 62
332 70
333 70
334 69
335 67
336 68
337 65
338 66
339 67
340 70
341 66
342 65
343 63
344 64
345 64
346 69
347 68
348 63
349 69
350 67
351 68
352 67
353 61
354 66
355 71
356 66
357 64
358 67
359 64
360 63
361 67
362 64
363 66
364 64
365 64
366 66
367 68
368 65
369 63
370 65
371 64
372 60
373 67
374 67
375 70
376 69
377 68
378 70
379 65
380 65
381 65
382 67
383 65
384 69
385 69
386 69
387 69
388 65
389 68
390 60
391 62
392 63
393 59
394 63
395 69
396 69
397 69
398 64
399 65
400 69
401 67
402 60
403 65
404 63
405 69
406 67
407 63
408 63
409 66
410 61
411 65
412 66
413 69
414 65
415 67
416 63
417 64
418 67
419 62
420 67
421 62
422 64
423 69
424 67
425 64
426 65
427 64
428 66
429 69
430 66
431 65
432 62
433 65
434 64
435 60
436 66
437 67
438 67
439 66
440 70
441 67
442 60
443 60
444 61
445 66
446 63
447 64
448 64
449 64
450 65
451 61
452 64
453 67
454 64
455 67
456 69
457 64
458 69
459 67
460 62
461 66
462 68
463 63
464 64
465 59
466 61
467 64
468 64
469 64
470 68
471 67
472 60
473 70
474 67
475 67
476 66
477 63
478 65
479 57
480 66
481 68
482 63
483 64
484 68
485 68
486 59
487 65
488 68
489 62
490 59
491 66
492 66
493 62
494 61
495 65
496 69
497 65
498 62
499 65
500 64
501 62
502 62
503 64
504 67
505 64
506 65
507 64
508 66
509 70
510 63
511 63
512 68
513 68
514 64
515 64
516 69
517 59
518 64
519 68
520 66
521 69
522 65
523 72
524 67
525 56
526 68
527 71
528 67
529 63
530 63
531 67
532 65
533 64
534 68
535 68
536 67
537 68
538 65
539 60
540 65
541 67
542 70
543 67
544 66
545 66
546 61
547 67
548 67
549 68
550 67
551 62
552 66
553 64
554 67
555 66
556 64
557 60
558 66
559 66
560 69
561 65
562 67
563 64
564 69
565 65
566 62
567 64
568 67
569 59
570 69
571 70
572 66
573 70
574 65
575 67
576 64
577 66
578 58
579 64
580 66
581 70
582 68
583 67
584 65
585 71
586 70
587 65
588 64
589 64
590 68
591 68
592 70
593 63
594 67
595 64
596 63
597 66
598 67
599 67
600 68
601 63
602 65
603 63
604 67
605 64
606 67
607 65
608 67
609 65
610 69
611 65
612 66
613 68
614 65
615 64
616 62
617 65
618 64
619 67
620 61
621 60
622 68
623 64
624 65
625 63
626 63
627 59
628 60
629 67
630 66
631 65
632 67
633 64
634 65
635 63
636 63
637 57
638 67
639 61
640 70
641 61
642 66
643 64
644 64
645 66
646 70
647 64
648 62
649 68
650 63
651 69
652 64
653 65
654 69
655 71
656 64
657 65
658 65
659 62
660 66
661 64
662 64
663 66
664 60
665 68
666 66
667 63
668 67
669 68
670 64
671 67
672 65
673 64
674 64
675 65
676 61
677 66
678 68
679 69
680 66
681 67
682 63
683 65
684 67
685 66
686 65
687 62
688 65
689 67
690 70
691 67
692 67
693 67
694 68
695 60
696 64
697 64
698 60
699 59
700 63
701 59
702 66
703 62
704 59
705 70
706 67
707 70
708 68
709 66
710 66
711 66
712 66
713 63
714 67
715 64
716 66
717 62
718 64
719 68
720 63
721 71
722 60
723 66
724 69
725 63
726 65
727 64
728 65
729 62
730 63
731 63
732 66
733 65
734 64
735 65
736 62
737 64
738 64
739 61
740 67
741 66
742 69
743 65
744 64
745 68
746 68
747 68
748 61
749 61
750 68
751 66
752 63
753 57
754 60
755 65
756 65
757 62
758 70
759 65
760 69
761 65
762 70
763 64
764 66
765 62
766 61
767 67
768 66
769 63
770 65
771 69
772 70
773 65
774 65
775 62
776 63
777 73
778 63
779 65
780 69
781 68
782 61
783 63
784 66
785 64
786 66
787 63
788 68
789 66
790 67
791 69
792 68
793 67
794 66
795 67
796 64
797 63
798 63
799 61
800 67
801 66
802 64
803 67
804 66
805 66
806 66
807 67
808 68
809 60
810 59
811 65
812 67
813 70
814 69
815 68
816 69
817 67
818 62
819 66
820 64
821 63
822 64
823 65
824 63
825 63
826 62
827 64
828 60
829 64
830 61
831 65
832 62
833 69
834 70
835 60
836 59
837 62
838 66
839 66
840 68
841 64
842 69
843 67
844 69
845 64
846 64
847 62
848 68
849 69
850 60
851 68
852 66
853 66
854 63
855 68
856 66
857 65
858 61
859 67
860 70
861 71
862 59
863 65
864 63
865 70
866 63
867 67
868 64
869 65
870 67
871 65
872 68
873 65
874 62
875 65
876 66
877 67
878 68
879 68
880 61
881 68
882 65
883 66
884 65
885 60
886 63
887 67
888 65
889 64
890 61
891 68
892 64
893 67
894 67
895 67
896 62
897 68
898 65
899 63
900 70
901 68
902 67
903 62
904 61
905 62
906 61
907 68
908 61
909 64
910 66
911 64
912 62
913 62
914 69
915 70
916 67
917 68
918 65
919 66
920 67
921 69
922 73
923 64
924 61
925 72
926 67
927 68
928 63
929 60
930 62
931 66
932 61
933 69
934 67
935 58
936 66
937 70
938 67
939 61
940 61
941 68
942 68
943 72
944 71
945 66
946 61
947 64
948 67
949 62
950 67
951 66
952 69
953 67
954 60
955 69
956 66
957 67
958 69
959 68
960 67
961 67
962 68
963 67
964 66
965 65
966 68
967 64
968 65
969 69
970 67
971 66
972 60
973 67
974 69
975 67
976 64
977 65
978 59
979 64
980 66
981 66
982 57
983 62
984 64
985 66
986 65
987 63
988 65
989 66
990 66
991 65
992 65
993 63
994 62
995 65
996 67
997 66
998 69
999 71
1000 69
