0 55
1 48
2 42
3 40
4 40
5 38
6 38
7 36
8 35
9 33
10 34
11 33
12 34
13 33
14 32
15 33
16 29
17 30
18 29
19 31
20 36
21 34
22 32
23 31
24 32
25 31
26 31
27 34
28 32
29 34
30 29
31 32
32 35
33 33
34 30
35 29
36 30
37 31
38 32
39 33
40 34
41 36
42 35
43 36
44 38
45 34
46 31
47 29
48 33
49 31
50 34
51 31
52 34
53 35
54 36
55 37
56 37
57 36
58 37
59 34
60 31
61 30
62 31
63 31
64 33
65 37
66 34
67 35
68 36
69 36
70 38
71 38
72 41
73 38
74 40
75 36
76 32
77 31
78 33
79 33
80 35
81 32
82 31
83 32
84 30
85 33
86 33
87 35
88 34
89 35
90 34
91 33
92 31
93 32
94 29
95 35
96 36
97 33
98 30
99 30
100 32
101 33
102 36
103 34
104 36
105 37
106 37
107 35
108 35
109 34
110 36
111 37
112 38
113 36
114 37
115 32
116 33
117 34
118 34
119 33
120 33
121 35
122 36
123 35
124 33
125 35
126 35
127 34
128 36
129 31
130 36
131 33
132 34
133 32
134 32
135 34
136 36
137 35
138 35
139 36
140 37
141 38
142 36
143 36
144 33
145 33
146 31
147 34
148 35
149 32
150 32
151 31
152 29
153 31
154 32
155 31
156 31
157 32
158 34
159 35
160 34
161 35
162 32
163 36
164 33
165 33
166 34
167 36
168 35
169 33
170 32
171 34
172 34
173 32
174 33
175 34
176 34
177 36
178 39
179 37
180 35
181 36
182 34
183 36
184 36
185 38
186 35
187 35
188 35
189 32
190 33
191 34
192 32
193 29
194 32
195 36
196 35
197 35
198 33
199 33
200 33
201 35
202 34
203 37
204 38
205 36
206 37
207 37
208 36
209 34
210 36
211 35
212 32
213 32
214 32
215 31
216 30
217 31
218 35
219 35
220 36
221 35
222 33
223 32
224 32
225 32
226 34
227 35
228 32
229 34
230 34
231 35
232 34
233 36
234 35
235 38
236 35
237 35
238 35
239 34
240 32
241 34
242 30
243 32
244 33
245 34
246 33
247 33
248 34
249 37
250 36
251 38
252 37
253 37
254 35
255 34
256 34
257 33
258 36
259 38
260 39
261 41
262 40
263 38
264 39
265 37
266 35
267 32
268 35
269 31
270 34
271 35
272 35
273 35
274 35
275 35
276 34
277 35
278 35
279 32
280 31
281 29
282 31
283 32
284 34
285 34
286 32
287 38
288 40
289 38
290 32
291 32
292 34
293 34
294 35
295 37
296 39
297 40
298 37
299 39
300 39
301 37
302 37
303 37
304 39
305 39
306 39
307 38
308 33
309 33
310 32
311 32
312 36
313 35
314 37
315 34
316 34
317 36
318 35
319 37
320 36
321 37
322 37
323 34
324 36
325 37
326 35
327 34
328 34
329 34
330 31
331 31
332 34
333 33
334 37
335 30
336 33
337 32
338 32
339 36
340 35
341 36
342 34
343 35
344 34
345 37
346 38
347 35
348 35
349 34
350 32
351 31
352 28
353 33
354 33
355 34
356 36
357 38
358 39
359 38
360 40
361 39
362 35
363 33
364 32
365 33
366 34
367 31
368 31
369 31
370 34
371 34
372 36
373 35
374 33
375 32
376 33
377 32
378 34
379 32
380 29
381 25
382 31
383 31
384 35
385 35
386 32
387 35
388 38
389 35
390 35
391 35
392 36
393 32
394 33
395 35
396 35
397 34
398 32
399 36
400 35
401 40
402 36
403 34
404 33
405 32
406 32
407 34
408 34
409 33
410 34
411 32
412 35
413 36
414 38
415 38
416 37
417 35
418 31
419 34
420 33
421 35
422 37
423 39
424 38
425 36
426 39
427 35
428 33
429 32
430 30
431 32
432 32
433 33
434 31
435 30
436 33
437 36
438 34
439 35
440 31
441 33
442 36
443 35
444 37
445 35
446 31
447 29
448 30
449 33
450 35
451 37
452 35
453 33
454 36
455 35
456 30
457 30
458 33
459 33
460 31
461 36
462 36
463 34
464 35
465 35
466 35
467 38
468 37
469 36
470 36
471 36
472 36
473 37
474 33
475 33
476 35
477 34
478 33
479 31
480 29
481 30
482 31
483 34
484 34
485 36
486 33
487 34
488 33
489 33
490 33
491 32
492 33
493 33
494 34
495 34
496 36
497 34
498 32
499 33
500 35
501 35
502 35
503 35
504 35
505 34
506 33
507 32
508 36
509 35
510 37
511 35
512 34
513 33
514 34
515 36
516 36
517 34
518 34
519 35
520 35
521 32
522 33
523 36
524 37
525 36
526 38
527 39
528 37
529 40
530 38
531 35
532 32
533 33
534 35
535 37
536 40
537 38
538 36
539 36
540 29
541 31
542 36
543 34
544 35
545 33
546 36
547 33
548 33
549 32
550 32
551 35
552 32
553 32
554 30
555 34
556 34
557 30
558 31
559 32
560 33
561 32
562 34
563 34
564 33
565 32
566 31
567 30
568 31
569 34
570 35
571 39
572 39
573 40
574 39
575 36
576 37
577 37
578 35
579 32
580 35
581 33
582 34
583 33
584 33
585 32
586 35
587 34
588 33
589 33
590 34
591 31
592 35
593 37
594 39
595 39
596 38
597 35
598 32
599 33
600 33
601 31
602 33
603 33
604 33
605 32
606 30
607 33
608 34
609 36
610 37
611 38
612 39
613 34
614 33
615 32
616 31
617 31
618 31
619 29
620 27
621 28
622 31
623 32
624 34
625 33
626 34
627 36
628 34
629 33
630 31
631 33
632 32
633 34
634 34
635 32
636 34
637 34
638 33
639 36
640 36
641 33
642 31
643 32
644 34
645 32
646 32
647 35
648 34
649 33
650 35
651 36
652 39
653 40
654 38
655 37
656 36
657 35
658 38
659 36
660 37
661 39
662 37
663 36
664 36
665 36
666 38
667 36
668 37
669 34
670 38
671 37
672 36
673 37
674 40
675 38
676 37
677 35
678 36
679 35
680 37
681 38
682 35
683 32
684 30
685 34
686 32
687 34
688 33
689 29
690 33
691 30
692 31
693 34
694 34
695 30
696 36
697 37
698 36
699 36
700 36
701 35
702 34
703 35
704 33
705 29
706 31
707 33
708 34
709 37
710 36
711 37
712 36
713 36
714 37
715 36
716 35
717 38
718 36
719 34
720 34
721 33
722 34
723 35
724 33
725 34
726 33
727 36
728 38
729 37
730 36
731 36
732 34
733 35
734 36
735 37
736 37
737 37
738 37
739 32
740 33
741 36
742 39
743 35
744 36
745 31
746 31
747 35
748 37
749 36
750 37
751 35
752 33
753 36
754 35
755 37
756 35
757 31
758 32
759 34
760 36
761 38
762 40
763 38
764 38
765 39
766 35
767 34
768 39
769 33
770 35
771 37
772 38
773 35
774 36
775 34
776 37
777 37
778 37
779 41
780 42
781 40
782 40
783 35
784 34
785 37
786 35
787 36
788 33
789 33
790 33
791 36
792 35
793 36
794 36
795 38
796 34
797 33
798 33
799 32
800 32
801 35
802 35
803 36
804 35
805 36
806 36
807 36
808 36
809 36
810 33
811 37
812 37
813 34
814 37
815 38
816 38
817 37
818 38
819 38
820 36
821 32
822 34
823 38
824 38
825 38
826 36
827 36
828 38
829 36
830 39
831 39
832 39
833 39
834 36
835 35
836 34
837 34
838 34
839 32
840 34
841 34
842 30
843 34
844 32
845 34
846 31
847 34
848 33
849 34
850 37
851 39
852 34
853 36
854 36
855 38
856 38
857 38
858 34
859 36
860 34
861 32
862 32
863 33
864 34
865 33
866 34
867 33
868 31
869 32
870 31
871 30
872 32
873 32
874 34
875 32
876 36
877 33
878 34
879 32
880 32
881 32
882 36
883 35
884 36
885 34
886 34
887 37
888 37
889 36
890 36
891 35
892 31
893 32
894 33
895 36
896 38
897 41
898 40
899 40
900 40
901 42
902 39
903 38
904 34
905 30
906 32
907 32
908 32
909 34
910 33
911 36
912 36
913 34
914 34
915 34
916 34
917 31
918 33
919 35
920 37
921 36
922 34
923 32
924 33
925 32
926 36
927 38
928 37
929 34
930 31
931 36
932 37
933 37
934 39
935 36
936 36
937 36
938 35
939 35
940 36
941 32
942 31
943 36
944 34
945 34
946 35
947 36
948 32
949 33
950 32
951 33
952 34
953 35
954 36
955 36
956 35
957 36
958 34
959 35
960 32
961 35
962 32
963 30
964 31
965 31
966 33
967 33
968 34
969 34
970 38
971 35
972 36
973 37
974 36
975 36
976 33
977 31
978 33
979 36
980 36
981 31
982 30
983 29
984 32
985 29
986 29
987 30
988 28
989 30
990 31
991 33
992 34
993 34
994 31
995 30
996 37
997 38
998 33
999 32
1000 34
