0 35
1 32
2 28
3 27
4 25
5 23
6 20
7 19
8 19
9 19
10 18
11 19
12 20
13 18
14 20
15 20
16 21
17 22
18 22
19 22
20 21
21 20
22 21
23 21
24 21
25 20
26 19
27 19
28 20
29 22
30 22
31 21
32 21
33 21
34 19
35 18
36 17
37 19
38 17
39 16
40 18
41 18
42 17
43 19
44 19
45 21
46 22
47 21
48 20
49 17
50 18
51 17
52 19
53 19
54 20
55 18
56 22
57 21
58 21
59 20
60 19
61 21
62 21
63 24
64 21
65 22
66 21
67 19
68 18
69 16
70 17
71 18
72 20
73 20
74 21
75 17
76 17
77 19
78 17
79 19
80 20
81 19
82 20
83 16
84 18
85 19
86 19
87 19
88 20
89 22
90 23
91 23
92 23
93 22
94 23
95 21
96 20
97 20
98 20
99 18
100 17
101 18
102 19
103 19
104 18
105 22
106 20
107 21
108 21
109 21
110 21
111 21
112 20
113 18
114 16
115 17
116 20
117 19
118 16
119 17
120 16
121 17
122 16
123 15
124 15
125 18
126 17
127 15
128 14
129 14
130 12
131 14
132 14
133 17
134 18
135 20
136 19
137 19
138 20
139 19
140 19
141 20
142 21
143 18
144 16
145 16
146 17
147 17
148 17
149 16
150 18
151 18
152 19
153 19
154 19
155 19
156 19
157 19
158 16
159 18
160 17
161 19
162 17
163 16
164 17
165 19
166 21
167 18
168 15
169 17
170 17
171 18
172 18
173 18
174 15
175 19
176 19
177 20
178 18
179 19
180 19
181 19
182 19
183 19
184 19
185 20
186 19
187 21
188 20
189 20
190 21
191 21
192 21
193 21
194 21
195 21
196 23
197 23
198 22
199 19
200 21
201 19
202 21
203 23
204 22
205 22
206 19
207 19
208 18
209 16
210 18
211 20
212 20
213 19
214 19
215 21
216 19
217 20
218 21
219 22
220 21
221 22
222 22
223 18
224 20
225 21
226 22
227 21
228 24
229 23
230 23
231 22
232 20
233 18
234 17
235 18
236 21
237 22
238 20
239 19
240 18
241 19
242 18
243 18
244 19
245 20
246 21
247 17
248 18
249 21
250 21
251 21
252 19
253 21
254 22
255 22
256 18
257 17
258 18
259 20
260 23
261 20
262 20
263 20
264 18
265 17
266 19
267 20
268 21
269 19
270 22
271 22
272 21
273 21
274 21
275 21
276 22
277 20
278 20
279 20
280 21
281 19
282 18
283 17
284 17
285 18
286 20
287 21
288 20
289 17
290 18
291 17
292 17
293 19
294 19
295 19
296 19
297 20
298 17
299 17
300 18
301 20
302 20
303 19
304 19
305 21
306 22
307 22
308 23
309 24
310 23
311 22
312 21
313 21
314 20
315 20
316 22
317 24
318 22
319 21
320 21
321 21
322 21
323 20
324 18
325 19
326 17
327 18
328 19
329 16
330 16
331 15
332 17
333 17
334 16
335 16
336 17
337 18
338 19
339 20
340 20
341 19
342 19
343 17
344 16
345 16
346 16
347 16
348 17
349 14
350 14
351 16
352 19
353 18
354 20
355 18
356 18
357 21
358 19
359 20
360 19
361 20
362 20
363 21
364 21
365 20
366 21
367 20
368 21
369 20
370 20
371 18
372 19
373 20
374 20
375 20
376 21
377 19
378 20
379 16
380 18
381 19
382 22
383 21
384 18
385 19
386 19
387 20
388 18
389 18
390 18
391 17
392 17
393 19
394 19
395 19
396 19
397 21
398 17
399 17
400 18
401 18
402 16
403 18
404 17
405 18
406 18
407 20
408 17
409 18
410 18
411 18
412 18
413 16
414 18
415 21
416 22
417 23
418 20
419 18
420 17
421 18
422 18
423 18
424 17
425 19
426 18
427 18
428 18
429 17
430 16
431 18
432 19
433 19
434 18
435 18
436 17
437 16
438 15
439 17
440 17
441 18
442 20
443 20
444 18
445 18
446 19
447 17
448 16
449 17
450 18
451 19
452 21
453 20
454 20
455 21
456 18
457 21
458 19
459 19
460 21
461 20
462 19
463 18
464 19
465 19
466 19
467 20
468 21
469 21
470 20
471 17
472 19
473 19
474 21
475 20
476 19
477 18
478 17
479 15
480 15
481 17
482 17
483 16
484 14
485 15
486 16
487 15
488 16
489 18
490 19
491 19
492 17
493 16
494 14
495 15
496 16
497 17
498 16
499 16
500 16
501 18
502 16
503 14
504 13
505 16
506 18
507 18
508 17
509 16
510 18
511 19
512 19
513 20
514 20
515 19
516 20
517 22
518 23
519 24
520 24
521 24
522 22
523 20
524 22
525 21
526 23
527 22
528 20
529 21
530 20
531 20
532 19
533 21
534 22
535 20
536 18
537 17
538 19
539 20
540 18
541 16
542 16
543 18
544 20
545 17
546 16
547 17
548 16
549 16
550 18
551 16
552 16
553 17
554 16
555 15
556 15
557 16
558 14
559 11
560 13
561 16
562 17
563 19
564 19
565 19
566 18
567 19
568 20
569 21
570 22
571 22
572 20
573 21
574 21
575 19
576 20
577 23
578 20
579 20
580 20
581 21
582 21
583 21
584 21
585 21
586 20
587 21
588 22
589 18
590 18
591 19
592 17
593 18
594 21
595 18
596 19
597 21
598 20
599 22
600 24
601 22
602 22
603 23
604 23
605 23
606 21
607 20
608 18
609 19
610 19
611 18
612 17
613 18
614 20
615 21
616 19
617 17
618 16
619 19
620 18
621 17
622 21
623 21
624 21
625 20
626 21
627 21
628 18
629 17
630 18
631 18
632 19
633 19
634 19
635 20
636 21
637 21
638 19
639 19
640 20
641 18
642 18
643 18
644 18
645 19
646 17
647 18
648 17
649 16
650 17
651 19
652 21
653 20
654 21
655 20
656 20
657 21
658 21
659 19
660 19
661 21
662 21
663 20
664 20
665 20
666 21
667 21
668 15
669 18
670 18
671 19
672 18
673 17
674 17
675 16
676 15
677 16
678 17
679 16
680 17
681 18
682 18
683 18
684 18
685 18
686 16
687 16
688 17
689 18
690 20
691 21
692 21
693 20
694 19
695 17
696 16
697 17
698 18
699 17
700 18
701 18
702 17
703 19
704 20
705 20
706 20
707 17
708 18
709 19
710 20
711 19
712 18
713 18
714 16
715 17
716 15
717 15
718 16
719 18
720 20
721 19
722 19
723 17
724 19
725 18
726 20
727 20
728 21
729 20
730 17
731 20
732 20
733 21
734 20
735 20
736 19
737 18
738 19
739 17
740 15
741 16
742 17
743 17
744 18
745 18
746 19
747 17
748 17
749 18
750 17
751 18
752 17
753 16
754 18
755 19
756 22
757 21
758 20
759 21
760 19
761 20
762 21
763 20
764 20
765 17
766 17
767 18
768 17
769 18
770 17
771 18
772 18
773 19
774 19
775 19
776 19
777 19
778 21
779 20
780 18
781 19
782 20
783 18
784 19
785 18
786 19
787 15
788 19
789 19
790 18
791 20
792 20
793 20
794 20
795 18
796 17
797 16
798 15
799 15
800 15
801 17
802 19
803 18
804 17
805 18
806 17
807 16
808 16
809 16
810 18
811 20
812 19
813 19
814 20
815 14
816 15
817 17
818 19
819 16
820 18
821 16
822 16
823 17
824 19
825 20
826 21
827 22
828 23
829 22
830 22
831 21
832 21
833 23
834 24
835 24
836 21
837 22
838 22
839 23
840 22
841 23
842 23
843 23
844 24
845 22
846 23
847 19
848 16
849 18
850 17
851 18
852 21
853 22
854 22
855 22
856 21
857 21
858 22
859 22
860 23
861 24
862 24
863 23
864 25
865 25
866 25
867 21
868 18
869 18
870 20
871 18
872 16
873 17
874 19
875 19
876 20
877 20
878 19
879 22
880 21
881 19
882 17
883 19
884 21
885 21
886 20
887 19
888 21
889 20
890 20
891 21
892 21
893 21
894 19
895 18
896 19
897 20
898 23
899 22
900 20
901 20
902 20
903 19
904 19
905 19
906 17
907 18
908 18
909 17
910 17
911 16
912 18
913 18
914 18
915 20
916 19
917 18
918 18
919 17
920 20
921 19
922 20
923 20
924 20
925 20
926 20
927 17
928 17
929 17
930 17
931 17
932 18
933 18
934 20
935 20
936 20
937 21
938 19
939 18
940 18
941 17
942 17
943 17
944 19
945 20
946 21
947 18
948 21
949 18
950 20
951 19
952 19
953 17
954 19
955 19
956 19
957 18
958 17
959 18
960 18
961 21
962 20
963 21
964 20
965 21
966 17
967 19
968 18
969 19
970 19
971 19
972 18
973 20
974 20
975 20
976 19
977 20
978 22
979 20
980 21
981 21
982 20
983 20
984 16
985 17
986 17
987 19
988 19
989 17
990 15
991 15
992 16
993 18
994 17
995 20
996 15
997 17
998 18
999 18
1000 21
