0 25
1 17
2 15
3 13
4 15
5 16
6 15
7 17
8 14
9 14
10 15
11 13
12 15
13 15
14 16
15 13
16 14
17 15
18 16
19 16
20 15
21 14
22 15
23 17
24 18
25 15
26 15
27 13
28 14
29 16
30 17
31 15
32 15
33 16
34 15
35 12
36 14
37 14
38 15
39 17
40 14
41 14
42 16
43 15
44 16
45 16
46 16
47 13
48 17
49 13
50 15
51 16
52 16
53 13
54 16
55 9
56 13
57 16
58 15
59 15
60 16
61 14
62 14
63 15
64 13
65 16
66 13
67 16
68 16
69 14
70 17
71 15
72 16
73 17
74 15
75 18
76 16
77 14
78 13
79 14
80 16
81 12
82 15
83 16
84 14
85 16
86 17
87 17
88 16
89 16
90 16
91 13
92 16
93 12
94 14
95 15
96 15
97 15
98 15
99 15
100 15
101 16
102 18
103 16
104 14
105 18
106 17
107 18
108 15
109 16
110 16
111 15
112 17
113 17
114 15
115 15
116 14
117 14
118 14
119 14
120 14
121 17
122 15
123 16
124 14
125 14
126 15
127 15
128 15
129 14
130 15
131 13
132 15
133 13
134 17
135 13
136 12
137 17
138 16
139 14
140 15
141 15
142 17
143 16
144 15
145 13
146 16
147 15
148 13
149 16
150 16
151 16
152 14
153 12
154 14
155 17
156 15
157 14
158 14
159 16
160 18
161 14
162 15
163 14
164 15
165 16
166 15
167 14
168 12
169 14
170 16
171 15
172 16
173 16
174 13
175 17
176 15
177 16
178 16
179 14
180 17
181 16
182 16
183 14
184 15
185 16
186 14
187 16
188 15
189 17
190 16
191 15
192 13
193 18
194 16
195 15
196 16
197 15
198 16
199 16
200 17
201 13
202 16
203 14
204 14
205 17
206 16
207 15
208 15
209 18
210 15
211 17
212 12
213 16
214 11
215 15
216 17
217 17
218 13
219 15
220 16
221 17
222 15
223 16
224 13
225 17
226 16
227 14
228 12
229 14
230 16
231 15
232 15
233 13
234 15
235 15
236 16
237 16
238 13
239 17
240 17
241 17
242 17
243 14
244 16
245 16
246 15
247 15
248 14
249 14
250 17
251 15
252 11
253 12
254 16
255 14
256 15
257 15
258 16
259 14
260 15
261 16
262 15
263 15
264 16
265 15
266 18
267 14
268 15
269 15
270 15
271 16
272 13
273 14
274 15
275 14
276 16
277 14
278 12
279 16
280 16
281 13
282 15
283 16
284 15
285 16
286 14
287 16
288 17
289 13
290 16
291 15
292 16
293 17
294 13
295 15
296 12
297 14
298 13
299 12
300 14
301 17
302 15
303 15
304 16
305 16
306 16
307 13
308 15
309 16
310 17
311 17
312 15
313 15
314 15
315 14
316 16
317 16
318 12
319 14
320 15
321 16
322 11
323 17
324 15
325 15
326 15
327 17
328 15
329 14
330 14
331 14
332 18
333 16
334 14
335 15
336 15
337 18
338 16
339 16
340 16
341 18
342 14
343 16
344 17
345 18
346 14
347 16
348 12
349 17
350 15
351 14
352 15
353 16
354 13
355 13
356 15
357 16
358 15
359 15
360 16
361 15
362 13
363 16
364 17
365 17
366 16
367 17
368 16
369 15
370 13
371 16
372 13
373 13
374 15
375 16
376 14
377 13
378 15
379 15
380 18
381 14
382 14
383 15
384 13
385 17
386 16
387 16
388 15
389 16
390 14
391 18
392 17
393 17
394 18
395 12
396 11
397 13
398 13
399 15
400 11
401 16
402 16
403 17
404 16
405 16
406 15
407 16
408 18
409 18
410 14
411 17
412 14
413 17
414 16
415 13
416 15
417 15
418 16
419 15
420 16
421 15
422 15
423 15
424 10
425 15
426 14
427 16
428 18
429 17
430 15
431 13
432 15
433 16
434 13
435 13
436 14
437 16
438 15
439 15
440 17
441 14
442 16
443 15
444 13
445 17
446 16
447 16
448 16
449 15
450 17
451 18
452 15
453 15
454 17
455 17
456 15
457 14
458 17
459 15
460 13
461 13
462 15
463 16
464 17
465 16
466 15
467 16
468 16
469 16
470 16
471 15
472 14
473 13
474 14
475 16
476 15
477 15
478 17
479 16
480 16
481 17
482 16
483 15
484 17
485 17
486 15
487 14
488 15
489 14
490 18
491 16
492 14
493 16
494 15
495 15
496 17
497 16
498 16
499 10
500 17
501 13
502 15
503 15
504 15
505 16
506 16
507 16
508 17
509 14
510 13
511 13
512 17
513 16
514 14
515 16
516 13
517 14
518 15
519 15
520 11
521 14
522 14
523 14
524 17
525 15
526 16
527 17
528 13
529 15
530 18
531 15
532 17
533 14
534 14
535 16
536 17
537 16
538 16
539 17
540 17
541 17
542 16
543 14
544 15
545 18
546 14
547 14
548 16
549 16
550 16
551 18
552 17
553 14
554 16
555 16
556 14
557 17
558 14
559 16
560 14
561 14
562 17
563 13
564 15
565 15
566 16
567 12
568 13
569 13
570 16
571 16
572 17
573 16
574 14
575 14
576 16
577 15
578 16
579 15
580 14
581 15
582 16
583 15
584 16
585 15
586 15
587 17
588 15
589 15
590 17
591 17
592 15
593 14
594 14
595 15
596 17
597 17
598 15
599 14
600 14
601 16
602 13
603 14
604 12
605 14
606 17
607 16
608 16
609 16
610 16
611 17
612 15
613 16
614 15
615 13
616 16
617 15
618 15
619 15
620 18
621 16
622 14
623 16
624 16
625 16
626 17
627 14
628 17
629 18
630 16
631 17
632 17
633 16
634 14
635 13
636 17
637 17
638 17
639 16
640 17
641 17
642 15
643 15
644 16
645 17
646 18
647 16
648 16
649 14
650 15
651 14
652 14
653 16
654 14
655 17
656 16
657 15
658 17
659 17
660 16
661 17
662 14
663 15
664 17
665 16
666 13
667 14
668 15
669 16
670 16
671 17
672 17
673 16
674 14
675 14
676 14
677 16
678 13
679 16
680 15
681 15
682 14
683 13
684 15
685 17
686 14
687 13
688 14
689 16
690 17
691 13
692 14
693 15
694 13
695 14
696 16
697 14
698 13
699 13
700 16
701 17
702 16
703 16
704 14
705 13
706 13
707 15
708 17
709 14
710 12
711 16
712 13
713 15
714 15
715 15
716 17
717 15
718 13
719 14
720 14
721 14
722 15
723 14
724 16
725 15
726 13
727 17
728 17
729 15
730 16
731 16
732 14
733 14
734 13
735 17
736 12
737 15
738 15
739 17
740 13
741 13
742 14
743 14
744 15
745 16
746 14
747 16
748 17
749 13
750 15
751 15
752 16
753 13
754 13
755 15
756 18
757 16
758 14
759 16
760 17
761 16
762 18
763 15
764 17
765 16
766 16
767 16
768 17
769 15
770 15
771 14
772 16
773 14
774 16
775 15
776 15
777 16
778 16
779 17
780 16
781 13
782 16
783 13
784 13
785 16
786 14
787 15
788 14
789 16
790 16
791 14
792 14
793 15
794 13
795 15
796 15
797 13
798 16
799 17
800 15
801 13
802 18
803 15
804 13
805 15
806 16
807 15
808 16
809 11
810 12
811 16
812 17
813 12
814 14
815 12
816 14
817 16
818 16
819 15
820 12
821 17
822 16
823 13
824 16
825 11
826 12
827 14
828 17
829 15
830 16
831 15
832 15
833 14
834 13
835 16
836 16
837 15
838 16
839 11
840 12
841 14
842 15
843 14
844 15
845 15
846 17
847 17
848 15
849 15
850 16
851 13
852 14
853 14
854 13
855 16
856 12
857 14
858 16
859 16
860 15
861 15
862 16
863 14
864 17
865 17
866 16
867 17
868 12
869 16
870 18
871 15
872 13
873 13
874 17
875 14
876 15
877 14
878 17
879 16
880 14
881 17
882 13
883 14
884 14
885 15
886 16
887 15
888 13
889 15
890 14
891 16
892 13
893 15
894 16
895 18
896 16
897 15
898 17
899 17
900 16
901 15
902 16
903 16
904 14
905 14
906 12
907 15
908 16
909 15
910 15
911 14
912 13
913 15
914 15
915 17
916 12
917 15
918 13
919 14
920 15
921 15
922 16
923 13
924 16
925 19
926 15
927 15
928 15
929 14
930 13
931 15
932 16
933 16
934 16
935 15
936 15
937 16
938 13
939 15
940 16
941 18
942 17
943 15
944 16
945 14
946 15
947 13
948 14
949 16
950 15
951 16
952 17
953 16
954 12
955 16
956 15
957 16
958 16
959 16
960 15
961 15
962 16
963 16
964 15
965 15
966 16
967 16
968 15
969 16
970 16
971 16
972 15
973 17
974 13
975 17
976 15
977 18
978 13
979 17
980 18
981 14
982 16
983 15
984 15
985 17
986 16
987 13
988 11
989 15
990 14
991 17
992 15
993 14
994 16
995 16
996 15
997 16
998 16
999 17
1000 15
